
---START: 2013-08-09-11-19-44-655---
/joint neck 2 0.482078 0.379214 1.89713 274920
/joint l_shoulder 2 0.541932 0.381081 1.92786 274920
/joint l_elbow 2 0.62431 0.37509 1.82861 274936
/joint l_hand 2 0.563333 0.29795 1.6284 274953
/joint r_shoulder 2 0.422224 0.377348 1.86639 274969
/joint r_elbow 2 0.388569 0.489439 1.89322 274986
/joint r_hand 2 0.433612 0.540149 1.68045 275002
/joint torso 2 0.483448 0.496746 1.8704 275019
/joint l_hip 2 0.517758 0.615304 1.86058 275036
/joint l_knee 2 0.528237 0.780196 1.8235 275052
/joint l_foot 2 0.525301 0.883797 1.90303 275069
/joint r_hip 2 0.451877 0.61325 1.82675 275086
/joint r_knee 2 0.430806 0.760158 1.85527 275102
/joint r_foot 2 0.53595 0.819876 1.86521 275120
/user/1 0.820927 0 1.67812 0 0 275137
/joint head 2 0.47498 0.249823 1.86977 275154
/joint neck 2 0.48244 0.378518 1.89777 275170
/joint l_shoulder 2 0.542283 0.380303 1.92913 275186
/joint l_elbow 2 0.626439 0.360183 1.83256 275186
/joint l_hand 2 0.567158 0.284974 1.62833 275203
/joint r_shoulder 2 0.422597 0.376734 1.86642 275220
/joint r_elbow 2 0.389238 0.489903 1.8886 275237
/joint r_hand 2 0.433598 0.539903 1.6802 275254
/joint torso 2 0.483848 0.497131 1.87184 275271
/joint l_hip 2 0.518515 0.616735 1.86333 275288
/joint l_knee 2 0.523309 0.762796 1.79289 275303
/joint l_foot 2 0.526114 0.885083 1.90654 275320
/joint r_hip 2 0.451996 0.614752 1.82848 275336
/joint r_knee 2 0.429205 0.762744 1.84675 275354
/joint r_foot 2 0.537472 0.826055 1.8629 275371
/user/1 0.820987 0 1.67733 0 0 275388
/joint head 2 0.475165 0.249617 1.86861 275404
/joint neck 2 0.482677 0.3781 1.89779 275421
/joint l_shoulder 2 0.542639 0.379764 1.92958 275421
/joint l_elbow 2 0.627267 0.352758 1.83411 275438
/joint l_hand 2 0.569326 0.268432 1.62197 275455
/joint r_shoulder 2 0.422716 0.376437 1.86599 275472
/joint r_elbow 2 0.387352 0.491717 1.88485 275489
/joint r_hand 2 0.434318 0.540351 1.67975 275506
/joint torso 2 0.484171 0.496995 1.87252 275522
/joint l_hip 2 0.519308 0.616824 1.86509 275538
/joint l_knee 2 0.525902 0.768701 1.80483 275554
/joint l_foot 2 0.525388 0.889321 1.91225 275572
/joint r_hip 2 0.452022 0.614957 1.82941 275588
/joint r_knee 2 0.431609 0.758536 1.85206 275605
/joint r_foot 2 0.492957 0.818106 2.11547 275622
/user/1 0.821240 0 1.67779 0 0 275639
/joint head 2 0.475388 0.249262 1.86814 275639
/joint neck 2 0.483025 0.377891 1.8977 275656
/joint l_shoulder 2 0.542966 0.379209 1.93202 275673
/joint l_elbow 2 0.625992 0.349815 1.83472 275689
/joint l_hand 2 0.574201 0.25168 1.63007 275706
/joint r_shoulder 2 0.423085 0.376573 1.86337 275723
/joint r_elbow 2 0.388092 0.491941 1.88496 275740
/joint r_hand 2 0.431634 0.536536 1.68051 275756
/joint torso 2 0.484906 0.49516 1.87443 275774
/joint l_hip 2 0.522123 0.613207 1.87141 275792
/joint l_knee 2 0.52792 0.767595 1.81457 275809
/joint l_foot 2 0.521964 0.896792 1.91522 275826
/joint r_hip 2 0.451449 0.611653 1.83093 275842
/joint r_knee 2 0.432603 0.7513 1.85921 275842
/joint r_foot 2 0.494089 0.814101 2.1094 275859
/user/1 0.821046 0 1.67896 0 0 275876
/joint head 2 0.475641 0.249087 1.86835 275893
/joint neck 2 0.483177 0.378452 1.89724 275909
/joint l_shoulder 2 0.543463 0.380073 1.93141 275925
/joint l_elbow 2 0.62011 0.340157 1.82267 275942
/joint l_hand 2 0.576485 0.238548 1.62154 275959
/joint r_shoulder 2 0.422891 0.376832 1.86307 275976
/joint r_elbow 2 0.387076 0.491909 1.88415 275993
/joint r_hand 2 0.432323 0.538444 1.67465 276010
/joint torso 2 0.48482 0.495585 1.87314 276026
/joint l_hip 2 0.521211 0.613653 1.86874 276042
/joint l_knee 2 0.530717 0.763373 1.8221 276057
/joint l_foot 2 0.51796 0.899713 1.91912 276074
/joint r_hip 2 0.451715 0.611784 1.82935 276091
/joint r_knee 2 0.436766 0.763521 1.85616 276109
/joint r_foot 2 0.497965 0.829463 2.07855 276109
/user/1 0.820642 0 1.6774 0 0 276124
/joint head 2 0.475656 0.249035 1.86826 276140
/joint neck 2 0.482923 0.3784 1.89804 276158
/joint l_shoulder 2 0.54344 0.379844 1.932 276174
/joint l_elbow 2 0.618395 0.339588 1.82205 276191
/joint l_hand 2 0.582021 0.226704 1.62897 276209
/joint r_shoulder 2 0.422405 0.376955 1.86407 276226
/joint r_elbow 2 0.386272 0.493246 1.88396 276242
/joint r_hand 2 0.432491 0.53799 1.67535 276259
/joint torso 2 0.484808 0.495706 1.87337 276275
/joint l_hip 2 0.521355 0.61384 1.86817 276293
/joint l_knee 2 0.52928 0.762271 1.81531 276309
/joint l_foot 2 0.519227 0.902734 1.91993 276325
/joint r_hip 2 0.452032 0.612185 1.82926 276341
/joint r_knee 2 0.439105 0.76908 1.86352 276359
/joint r_foot 2 0.505261 0.834679 2.05461 276359
/user/1 0.821640 0 1.68269 0 0 276375
/joint head 2 0.475864 0.248789 1.86844 276392
/joint neck 2 0.482691 0.378073 1.89847 276410
/joint l_shoulder 2 0.543153 0.378821 1.93332 276426
/joint l_elbow 2 0.616371 0.333262 1.82297 276442
/joint l_hand 2 0.585769 0.218598 1.64095 276459
/joint r_shoulder 2 0.422229 0.377325 1.86363 276476
/joint r_elbow 2 0.393888 0.503667 1.88206 276493
/joint r_hand 2 0.435884 0.541251 1.67735 276509
/joint torso 2 0.485216 0.494437 1.87533 276527
/joint l_hip 2 0.522911 0.611236 1.87245 276543
/joint l_knee 2 0.520363 0.768193 1.81477 276560
/joint l_foot 2 0.520747 0.908669 1.91965 276576
/joint r_hip 2 0.452572 0.610366 1.83191 276576
/joint r_knee 2 0.438915 0.766637 1.86505 276609
/joint r_foot 2 0.555776 0.866204 1.88909 276609
/user/1 0.821240 0 1.68165 0 0 276626
/joint head 2 0.475943 0.248365 1.86943 276642
/joint neck 2 0.482533 0.377737 1.89989 276659
/joint l_shoulder 2 0.542785 0.378426 1.93395 276676
/joint l_elbow 2 0.61517 0.328487 1.82294 276693
/joint l_hand 2 0.590467 0.208439 1.65052 276710
/joint r_shoulder 2 0.422281 0.377048 1.86582 276727
/joint r_elbow 2 0.392053 0.502907 1.88447 276742
/joint r_hand 2 0.432133 0.539825 1.67122 276757
/joint torso 2 0.485082 0.493251 1.8766 276774
/joint l_hip 2 0.522902 0.609168 1.87325 276791
/joint l_knee 2 0.523563 0.755379 1.81892 276808
/joint l_foot 2 0.522804 0.907362 1.91839 276826
/joint r_hip 2 0.45236 0.608361 1.83337 276843
/joint r_knee 2 0.434835 0.757905 1.86439 276843
/joint r_foot 2 0.524689 0.76637 1.88027 276859
/user/1 0.817984 0 1.68856 0 0 276875
/joint head 2 0.475954 0.248097 1.86984 276892
/joint neck 2 0.482325 0.377042 1.89976 276909
/joint l_shoulder 2 0.542294 0.377745 1.93289 276926
/joint l_elbow 2 0.6134 0.315658 1.83917 276943
/joint l_hand 2 0.593166 0.195561 1.64952 276960
/joint r_shoulder 2 0.422356 0.376339 1.86664 276977
/joint r_elbow 2 0.391668 0.500871 1.88777 276994
/joint r_hand 2 0.431432 0.538406 1.67562 277011
/joint torso 2 0.484852 0.493409 1.87591 277028
/joint l_hip 2 0.521848 0.61018 1.8711 277045
/joint l_knee 2 0.518767 0.754935 1.82996 277045
/joint l_foot 2 0.52316 0.907239 1.91977 277062
/joint r_hip 2 0.452909 0.609372 1.83302 277078
/joint r_knee 2 0.437529 0.757127 1.86251 277096
/joint r_foot 2 0.530974 0.781758 1.87953 277113
/user/1 0.817956 0 1.68836 0 0 277130
/joint head 2 0.475982 0.247811 1.87034 277147
/joint neck 2 0.482139 0.375917 1.90071 277164
/joint l_shoulder 2 0.541495 0.376615 1.93357 277181
/joint l_elbow 2 0.614222 0.307308 1.84626 277197
/joint l_hand 2 0.596049 0.180272 1.63937 277214
/joint r_shoulder 2 0.422782 0.375218 1.86786 277231
/joint r_elbow 2 0.393045 0.491418 1.88673 277248
/joint r_hand 2 0.436351 0.537629 1.6742 277248
/joint torso 2 0.484569 0.491921 1.8776 277265
/joint l_hip 2 0.521587 0.608332 1.87364 277282
/joint l_knee 2 0.52341 0.748808 1.84185 277299
/joint l_foot 2 0.523688 0.908809 1.91784 277316
/joint r_hip 2 0.45241 0.607518 1.83535 277333
/joint r_knee 2 0.444878 0.758408 1.8645 277349
/joint r_foot 2 0.5278 0.789174 1.9103 277366
/user/1 0.818764 0 1.69247 0 0 277383
/joint head 2 0.476082 0.247734 1.87055 277399
/joint neck 2 0.481652 0.374859 1.89895 277415
/joint l_shoulder 2 0.540442 0.375333 1.92957 277432
/joint l_elbow 2 0.614156 0.303604 1.85058 277449
/joint l_hand 2 0.600032 0.169004 1.64115 277466
/joint r_shoulder 2 0.422862 0.374385 1.86834 277482
/joint r_elbow 2 0.396055 0.492312 1.87252 277498
/joint r_hand 2 0.434146 0.541696 1.67757 277498
/joint torso 2 0.483896 0.490756 1.87768 277514
/joint l_hip 2 0.520546 0.60693 1.87432 277531
/joint l_knee 2 0.528383 0.754921 1.83651 277547
/joint l_foot 2 0.521914 0.909843 1.91973 277564
/joint r_hip 2 0.451733 0.606375 1.83849 277581
/joint r_knee 2 0.444838 0.763483 1.8652 277597
/joint r_foot 2 0.53075 0.796482 1.90833 277613
/user/1 0.819575 0 1.69455 0 0 277629
/joint head 2 0.476263 0.247837 1.87094 277646
/joint neck 2 0.481302 0.37451 1.89732 277663
/joint l_shoulder 2 0.539564 0.374609 1.92712 277680
/joint l_elbow 2 0.61361 0.300176 1.85089 277697
/joint l_hand 2 0.602893 0.164498 1.64513 277714
/joint r_shoulder 2 0.423039 0.374412 1.86753 277729
/joint r_elbow 2 0.393973 0.496131 1.88272 277745
/joint r_hand 2 0.431195 0.538989 1.67893 277762
/joint torso 2 0.483864 0.490453 1.87643 277778
/joint l_hip 2 0.520642 0.606454 1.87303 277795
/joint l_knee 2 0.52911 0.756736 1.83 277795
/joint l_foot 2 0.523495 0.913612 1.92092 277812
/joint r_hip 2 0.452209 0.606338 1.83803 277828
/joint r_knee 2 0.443533 0.76681 1.86584 277845
/joint r_foot 2 0.533634 0.805596 1.90503 277861
/user/1 0.816967 0 1.67265 0 0 277879
/joint head 2 0.476626 0.247758 1.87083 277895
/joint neck 2 0.481275 0.374294 1.89654 277912
/joint l_shoulder 2 0.539534 0.37438 1.92547 277928
/joint l_elbow 2 0.613546 0.2984 1.84934 277945
/joint l_hand 2 0.603845 0.157955 1.63883 277962
/joint r_shoulder 2 0.423016 0.374208 1.86761 277978
/joint r_elbow 2 0.394286 0.492788 1.88463 277995
/joint r_hand 2 0.430956 0.5387 1.68085 278013
/joint torso 2 0.483808 0.490796 1.87536 278029
/joint l_hip 2 0.520462 0.607348 1.87112 278046
/joint l_knee 2 0.524467 0.758754 1.8216 278046
/joint l_foot 2 0.524796 0.918766 1.92233 278063
/joint r_hip 2 0.452218 0.607247 1.83724 278080
/joint r_knee 2 0.437204 0.773334 1.86503 278097
/joint r_foot 2 0.535801 0.812197 1.90813 278113
/user/1 0.818770 0 1.67227 0 0 278129
/joint head 2 0.476882 0.247729 1.87062 278146
/joint neck 2 0.481333 0.374165 1.89746 278163
/joint l_shoulder 2 0.53988 0.37408 1.92499 278179
/joint l_elbow 2 0.60947 0.30034 1.83167 278196
/joint l_hand 2 0.607371 0.155167 1.6402 278212
/joint r_shoulder 2 0.422786 0.374251 1.86993 278230
/joint r_elbow 2 0.393777 0.490465 1.88594 278246
/joint r_hand 2 0.431669 0.539439 1.68404 278264
/joint torso 2 0.483826 0.490745 1.87707 278264
/joint l_hip 2 0.520035 0.607275 1.87254 278280
/joint l_knee 2 0.526928 0.747115 1.81035 278296
/joint l_foot 2 0.522407 0.913225 1.91967 278313
/joint r_hip 2 0.452601 0.607373 1.84083 278330
/joint r_knee 2 0.434003 0.776719 1.85901 278347
/joint r_foot 2 0.529961 0.807232 1.90444 278363
/user/1 0.819475 0 1.67223 0 0 278379
/joint head 2 0.477191 0.24788 1.87061 278396
/joint neck 2 0.481182 0.373677 1.89816 278412
/joint l_shoulder 2 0.539585 0.373452 1.92562 278429
/joint l_elbow 2 0.610542 0.300421 1.83512 278446
/joint l_hand 2 0.609187 0.155174 1.64534 278463
/joint r_shoulder 2 0.422779 0.373902 1.8707 278480
/joint r_elbow 2 0.393983 0.489743 1.88134 278497
/joint r_hand 2 0.431418 0.541848 1.68259 278514
/joint torso 2 0.483893 0.490732 1.87726 278514
/joint l_hip 2 0.520463 0.607657 1.87228 278531
/joint l_knee 2 0.527083 0.75345 1.81396 278548
/joint l_foot 2 0.522455 0.866659 1.88183 278565
/joint r_hip 2 0.452744 0.607918 1.84044 278582
/joint r_knee 2 0.431598 0.781439 1.85491 278598
/joint r_foot 2 0.531366 0.811772 1.90324 278616
/user/1 0.819344 0 1.67178 0 0 278633
/joint head 2 0.477414 0.247767 1.87094 278649
/joint neck 2 0.481067 0.373749 1.89727 278665
/joint l_shoulder 2 0.53943 0.373396 1.92538 278682
/joint l_elbow 2 0.611008 0.299655 1.83662 278698
/joint l_hand 2 0.612243 0.157596 1.63861 278715
/joint r_shoulder 2 0.422705 0.374102 1.86916 278732
/joint r_elbow 2 0.393333 0.490192 1.8779 278748
/joint r_hand 2 0.43066 0.544376 1.68522 278748
/joint torso 2 0.483901 0.490639 1.87704 278764
/joint l_hip 2 0.520815 0.607322 1.87322 278780
/joint l_knee 2 0.524087 0.739677 1.81799 278798
/joint l_foot 2 0.52256 0.857056 1.86306 278816
/joint r_hip 2 0.452653 0.607734 1.84039 278831
/joint r_knee 2 0.430084 0.779902 1.85428 278849
/joint r_foot 2 0.530911 0.810838 1.90497 278866
/user/1 0.819256 0 1.6731 0 0 278883
/joint head 2 0.477659 0.247518 1.87081 278899
/joint neck 2 0.481028 0.373788 1.89706 278916
/joint l_shoulder 2 0.53934 0.373498 1.92525 278934
/joint l_elbow 2 0.611642 0.300802 1.83629 278950
/joint l_hand 2 0.614886 0.16353 1.64024 278967
/joint r_shoulder 2 0.422715 0.374078 1.86887 278968
/joint r_elbow 2 0.392145 0.49229 1.8794 278983
/joint r_hand 2 0.431294 0.543925 1.68742 279001
/joint torso 2 0.483831 0.490343 1.87657 279018
/joint l_hip 2 0.520987 0.606727 1.87268 279035
/joint l_knee 2 0.521276 0.7481 1.82896 279050
/joint l_foot 2 0.529505 0.854295 1.8739 279066
/joint r_hip 2 0.452281 0.607069 1.83946 279082
/joint r_knee 2 0.426294 0.77003 1.85641 279098
/joint r_foot 2 0.534944 0.808393 1.89072 279114
/user/1 0.819428 0 1.67326 0 0 279130
/joint head 2 0.477846 0.247458 1.87055 279147
/joint neck 2 0.480988 0.373162 1.89682 279164
/joint l_shoulder 2 0.539233 0.372733 1.92378 279180
/joint l_elbow 2 0.612152 0.302597 1.83013 279198
/joint l_hand 2 0.616601 0.173587 1.63043 279214
/joint r_shoulder 2 0.422743 0.373591 1.86987 279232
/joint r_elbow 2 0.391102 0.490417 1.88051 279249
/joint r_hand 2 0.432098 0.544941 1.68426 279249
/joint torso 2 0.48377 0.489509 1.87694 279266
/joint l_hip 2 0.521059 0.605601 1.87303 279283
/joint l_knee 2 0.521976 0.752901 1.82548 279300
/joint l_foot 2 0.527545 0.850913 1.86368 279316
/joint r_hip 2 0.452046 0.606109 1.84109 279332
/joint r_knee 2 0.427384 0.772424 1.85603 279348
/joint r_foot 2 0.534395 0.808625 1.89315 279365
/user/1 0.820670 0 1.67569 0 0 279382
/joint head 2 0.478211 0.247636 1.87002 279398
/joint neck 2 0.481221 0.372963 1.89649 279414
/joint l_shoulder 2 0.539715 0.372413 1.92221 279432
/joint l_elbow 2 0.617213 0.309153 1.82174 279448
/joint l_hand 2 0.620388 0.185944 1.62299 279466
/joint r_shoulder 2 0.422726 0.373512 1.87076 279482
/joint r_elbow 2 0.390808 0.488349 1.88375 279482
/joint r_hand 2 0.429115 0.542306 1.68797 279498
/joint torso 2 0.483977 0.488913 1.87699 279515
/joint l_hip 2 0.521968 0.604533 1.87299 279531
/joint l_knee 2 0.528365 0.741835 1.84121 279548
/joint l_foot 2 0.524787 0.850944 1.86166 279564
/joint r_hip 2 0.451497 0.605195 1.842 279582
/joint r_knee 2 0.437591 0.772238 1.88017 279598
/joint r_foot 2 0.539009 0.818793 1.88262 279614
/user/1 0.820284 0 1.67724 0 0 279631
/joint head 2 0.478338 0.248131 1.86913 279647
/joint neck 2 0.481509 0.372947 1.89586 279664
/joint l_shoulder 2 0.540224 0.372398 1.92119 279680
/joint l_elbow 2 0.620393 0.318695 1.81299 279697
/joint l_hand 2 0.620258 0.204595 1.61687 279713
/joint r_shoulder 2 0.422794 0.373497 1.87053 279731
/joint r_elbow 2 0.391306 0.488865 1.8844 279746
/joint r_hand 2 0.431049 0.545085 1.6848 279763
/joint torso 2 0.48412 0.488651 1.8773 279763
/joint l_hip 2 0.522045 0.604024 1.87398 279780
/joint l_knee 2 0.529859 0.743406 1.84207 279797
/joint l_foot 2 0.523833 0.853475 1.86326 279815
/joint r_hip 2 0.451417 0.604685 1.84351 279832
/joint r_knee 2 0.434253 0.768308 1.87735 279849
/joint r_foot 2 0.529629 0.817275 1.89672 279866
/user/1 0.818992 0 1.68822 0 0 279882
/joint head 2 0.478429 0.248036 1.86894 279898
/joint neck 2 0.481776 0.372839 1.89515 279915
/joint l_shoulder 2 0.540652 0.37241 1.92112 279932
/joint l_elbow 2 0.621806 0.330889 1.80554 279948
/joint l_hand 2 0.625264 0.225151 1.60893 279964
/joint r_shoulder 2 0.4229 0.373268 1.86919 279981
/joint r_elbow 2 0.391607 0.489636 1.88339 279997
/joint r_hand 2 0.433301 0.549217 1.67701 279997
/joint torso 2 0.484233 0.488412 1.87716 280015
/joint l_hip 2 0.522285 0.603726 1.87487 280031
/joint l_knee 2 0.534478 0.727614 1.84202 280048
/joint l_foot 2 0.525588 0.853948 1.86235 280065
/joint r_hip 2 0.451095 0.604244 1.84348 280082
/joint r_knee 2 0.431902 0.766479 1.87409 280098
/joint r_foot 2 0.532773 0.815993 1.89482 280115
/user/1 0.818730 0 1.69638 0 0 280132
/joint head 2 0.478361 0.248454 1.86827 280148
/joint neck 2 0.48185 0.373185 1.89497 280166
/joint l_shoulder 2 0.540813 0.372909 1.92151 280182
/joint l_elbow 2 0.623881 0.354075 1.81765 280198
/joint l_hand 2 0.62834 0.262319 1.6082 280216
/joint r_shoulder 2 0.422887 0.373462 1.86842 280233
/joint r_elbow 2 0.392759 0.494561 1.87377 280233
/joint r_hand 2 0.43388 0.549555 1.67158 280250
/joint torso 2 0.484195 0.488711 1.87684 280266
/joint l_hip 2 0.522378 0.604068 1.87484 280284
/joint l_knee 2 0.527644 0.734529 1.83571 280301
/joint l_foot 2 0.521155 0.866725 1.87336 280318
/joint r_hip 2 0.450703 0.604404 1.84257 280334
/joint r_knee 2 0.432288 0.767939 1.87225 280352
/joint r_foot 2 0.535465 0.818724 1.89222 280369
/user/1 0.818691 0 1.70088 0 0 280386
/joint head 2 0.478403 0.248555 1.86767 280404
/joint neck 2 0.482349 0.373785 1.89546 280420
/joint l_shoulder 2 0.541864 0.3739 1.92138 280420
/joint l_elbow 2 0.627229 0.375729 1.82997 280436
/joint l_hand 2 0.631283 0.302381 1.60621 280453
/joint r_shoulder 2 0.422835 0.37367 1.86955 280470
/joint r_elbow 2 0.392298 0.492822 1.87933 280487
/joint r_hand 2 0.432436 0.549877 1.67792 280504
/joint torso 2 0.48422 0.489187 1.87712 280520
/joint l_hip 2 0.522009 0.604659 1.87443 280537
/joint l_knee 2 0.515332 0.737386 1.83286 280554
/joint l_foot 2 0.518917 0.875042 1.88484 280570
/joint r_hip 2 0.450172 0.60452 1.84315 280586
/joint r_knee 2 0.434117 0.769008 1.87317 280603
/joint r_foot 2 0.537656 0.820477 1.88922 280620
/user/1 0.818410 0 1.70538 0 0 280638
/joint head 2 0.478331 0.248666 1.86745 280654
/joint neck 2 0.482815 0.374532 1.896 280670
/joint l_shoulder 2 0.542578 0.375085 1.92235 280670
/joint l_elbow 2 0.631295 0.397202 1.82958 280686
/joint l_hand 2 0.631619 0.337905 1.59118 280703
/joint r_shoulder 2 0.423051 0.37398 1.86965 280720
/joint r_elbow 2 0.391528 0.491818 1.88198 280736
/joint r_hand 2 0.433255 0.550656 1.68543 280752
/joint torso 2 0.484288 0.489794 1.87719 280769
/joint l_hip 2 0.521618 0.605387 1.87419 280786
/joint l_knee 2 0.526632 0.846048 1.87745 280804
/joint l_foot 2 0.5217 0.868363 1.8832 280820
/joint r_hip 2 0.449906 0.604724 1.84257 280837
/joint r_knee 2 0.423942 0.767552 1.85644 280854
/joint r_foot 2 0.5385 0.819087 1.88787 280870
/user/1 0.819284 0 1.71201 0 0 280886
/joint head 2 0.478318 0.248622 1.86769 280902
/joint neck 2 0.483417 0.377295 1.89904 280918
/joint l_shoulder 2 0.543319 0.378877 1.92742 280935
/joint l_elbow 2 0.631323 0.408829 1.83368 280952
/joint l_hand 2 0.629749 0.38275 1.59324 280952
/joint r_shoulder 2 0.423514 0.375713 1.87066 280969
/joint r_elbow 2 0.39131 0.493172 1.88402 280986
/joint r_hand 2 0.432651 0.552067 1.68562 281003
/joint torso 2 0.484179 0.491052 1.87834 281020
/joint l_hip 2 0.521588 0.605776 1.87499 281037
/joint l_knee 2 0.526462 0.797234 1.85834 281054
/joint l_foot 2 0.522551 0.871835 1.88757 281072
/joint r_hip 2 0.448293 0.60384 1.84027 281089
/joint r_knee 2 0.427403 0.766798 1.85972 281106
/joint r_foot 2 0.540111 0.821756 1.88691 281124
/user/1 0.819124 0 1.71046 0 0 281124
/joint head 2 0.478408 0.248572 1.86802 281141
/joint neck 2 0.483059 0.380677 1.90041 281158
/joint l_shoulder 2 0.54224 0.382138 1.92939 281176
/joint l_elbow 2 0.626538 0.4275 1.85027 281193
/joint l_hand 2 0.610445 0.437584 1.6522 281210
/joint r_shoulder 2 0.423877 0.379217 1.87143 281226
/joint r_elbow 2 0.391905 0.496406 1.88466 281243
/joint r_hand 2 0.432735 0.554289 1.68206 281258
/joint torso 2 0.484108 0.492495 1.87916 281276
/joint l_hip 2 0.521326 0.605205 1.87562 281293
/joint l_knee 2 0.519217 0.722197 1.87448 281310
/joint l_foot 2 0.522121 0.873817 1.89623 281326
/joint r_hip 2 0.448989 0.60342 1.84019 281326
/joint r_knee 2 0.429809 0.767502 1.85714 281343
/joint r_foot 2 0.541956 0.821928 1.8803 281359
/user/1 0.818382 0 1.7099 0 0 281376
/joint head 2 0.478313 0.248914 1.86866 281393
/joint neck 2 0.483107 0.382047 1.90057 281411
/joint l_shoulder 2 0.542156 0.383576 1.9301 281427
/joint l_elbow 2 0.618224 0.448708 1.86834 281444
/joint l_hand 2 0.621302 0.460511 1.59458 281461
/joint r_shoulder 2 0.424058 0.380518 1.87103 281478
/joint r_elbow 2 0.391598 0.496768 1.88389 281494
/joint r_hand 2 0.43225 0.555222 1.68116 281510
/joint torso 2 0.484149 0.49302 1.87931 281526
/joint l_hip 2 0.521107 0.604923 1.87601 281543
/joint l_knee 2 0.519703 0.742903 1.85965 281559
/joint l_foot 2 0.52136 0.878548 1.89992 281577
/joint r_hip 2 0.449274 0.603063 1.84008 281577
/joint r_knee 2 0.432428 0.760465 1.85438 281594
/joint r_foot 2 0.541829 0.823452 1.88058 281611
/user/1 0.817852 0 1.70978 0 0 281628
/joint head 2 0.478286 0.249194 1.86906 281645
/joint neck 2 0.483 0.383884 1.90071 281661
/joint l_shoulder 2 0.541818 0.385463 1.93047 281677
/joint l_elbow 2 0.608284 0.469929 1.8797 281694
/joint l_hand 2 0.615969 0.491318 1.58858 281712
/joint r_shoulder 2 0.424182 0.382306 1.87095 281728
/joint r_elbow 2 0.391567 0.498245 1.88388 281744
/joint r_hand 2 0.436157 0.556532 1.67982 281760
/joint torso 2 0.484063 0.493803 1.87918 281778
/joint l_hip 2 0.520768 0.604678 1.87569 281794
/joint l_knee 2 0.52055 0.744765 1.85347 281795
/joint l_foot 2 0.522809 0.886105 1.90425 281812
/joint r_hip 2 0.449485 0.602765 1.83963 281828
/joint r_knee 2 0.430631 0.760546 1.84956 281844
/joint r_foot 2 0.542358 0.823833 1.87956 281861
/user/1 0.817282 0 1.71151 0 0 281877
/joint head 2 0.478426 0.249595 1.86917 281894
/joint neck 2 0.483107 0.383691 1.90103 281910
/joint l_shoulder 2 0.54217 0.38534 1.93049 281928
/joint l_elbow 2 0.602077 0.487396 1.89789 281944
/joint l_hand 2 0.611153 0.524089 1.61564 281960
/joint r_shoulder 2 0.424044 0.382043 1.87156 281978
/joint r_elbow 2 0.390893 0.497913 1.88445 281995
/joint r_hand 2 0.436375 0.55544 1.68563 282011
/joint torso 2 0.484078 0.493492 1.87943 282029
/joint l_hip 2 0.520566 0.604283 1.87554 282046
/joint l_knee 2 0.521959 0.747184 1.85216 282046
/joint l_foot 2 0.522556 0.889157 1.9081 282063
/joint r_hip 2 0.449531 0.602301 1.8401 282080
/joint r_knee 2 0.431676 0.759937 1.84537 282096
/joint r_foot 2 0.489908 0.815802 1.86157 282113
/user/1 0.817216 0 1.71158 0 0 282130
/joint head 2 0.47843 0.249766 1.86972 282147
/joint neck 2 0.482873 0.384874 1.90107 282164
/joint l_shoulder 2 0.541917 0.386423 1.93027 282181
/joint l_elbow 2 0.597715 0.495498 1.90523 282198
/joint l_hand 2 0.612277 0.56397 1.62643 282214
/joint r_shoulder 2 0.423829 0.383326 1.87186 282232
/joint r_elbow 2 0.390448 0.499233 1.88475 282249
/joint r_hand 2 0.43316 0.553003 1.68525 282249
/joint torso 2 0.483903 0.493806 1.87974 282266
/joint l_hip 2 0.520448 0.60367 1.87598 282283
/joint l_knee 2 0.532216 0.747802 1.83831 282300
/joint l_foot 2 0.522416 0.89078 1.91198 282317
/joint r_hip 2 0.449419 0.601807 1.84084 282335
/joint r_knee 2 0.430322 0.76151 1.84349 282352
/joint r_foot 2 0.494008 0.816063 1.87134 282369
/user/1 0.817394 0 1.71336 0 0 282386
/joint head 2 0.478461 0.250069 1.87011 282402
/joint neck 2 0.482699 0.386005 1.90012 282419
/joint l_shoulder 2 0.541154 0.387318 1.92974 282419
/joint l_elbow 2 0.591689 0.50105 1.90699 282437
/joint l_hand 2 0.610288 0.594841 1.63747 282453
/joint r_shoulder 2 0.424244 0.384692 1.87051 282470
/joint r_elbow 2 0.389785 0.500214 1.88724 282488
/joint r_hand 2 0.433317 0.555838 1.68805 282504
/joint torso 2 0.483955 0.493208 1.87951 282521
/joint l_hip 2 0.520677 0.601209 1.87686 282538
/joint l_knee 2 0.530314 0.773223 1.84682 282554
/joint l_foot 2 0.523775 0.886867 1.91045 282571
/joint r_hip 2 0.449747 0.599615 1.84093 282588
/joint r_knee 2 0.430076 0.776273 1.84617 282605
/joint r_foot 2 0.498042 0.819493 1.87365 282622
/user/1 0.817668 0 1.71579 0 0 282639
/joint head 2 0.478675 0.250146 1.87004 282639
/joint neck 2 0.48272 0.386926 1.89982 282656
/joint l_shoulder 2 0.540972 0.388173 1.92993 282673
/joint l_elbow 2 0.588144 0.50359 1.90742 282690
/joint l_hand 2 0.610061 0.620389 1.65102 282707
/joint r_shoulder 2 0.424467 0.385679 1.86971 282724
/joint r_elbow 2 0.389673 0.500736 1.89038 282741
/joint r_hand 2 0.431835 0.55005 1.68906 282758
/joint torso 2 0.484035 0.494115 1.87965 282776
/joint l_hip 2 0.520931 0.602066 1.87787 282793
/joint l_knee 2 0.526991 0.783547 1.8554 282810
/joint l_foot 2 0.525223 0.886301 1.91506 282826
/joint r_hip 2 0.449769 0.600543 1.84109 282826
/joint r_knee 2 0.429899 0.772785 1.84792 282843
/joint r_foot 2 0.50162 0.817174 1.87172 282860
/user/1 0.817587 0 1.71665 0 0 282877
/joint head 2 0.479039 0.250496 1.87017 282894
/joint neck 2 0.482584 0.388033 1.89987 282910
/joint l_shoulder 2 0.540507 0.389185 1.92975 282926
/joint l_elbow 2 0.584105 0.504735 1.90689 282943
/joint l_hand 2 0.604491 0.630719 1.67923 282960
/joint r_shoulder 2 0.424661 0.38688 1.86999 282976
/joint r_elbow 2 0.389734 0.501396 1.89313 282993
/joint r_hand 2 0.434538 0.552532 1.68993 283009
/joint torso 2 0.483975 0.494842 1.87981 283026
/joint l_hip 2 0.520961 0.602359 1.87811 283043
/joint l_knee 2 0.525293 0.781308 1.88006 283059
/joint l_foot 2 0.526108 0.889693 1.91827 283077
/joint r_hip 2 0.449773 0.600942 1.84139 283077
/joint r_knee 2 0.429748 0.772094 1.84742 283094
/joint r_foot 2 0.504891 0.812784 1.872 283111
---STOP: 2013-08-09-11-19-52-862---
