
---START: 2013-08-09-11-21-37-735---
/joint r_hand 2 0.434318 0.540351 1.67975 16088
/joint torso 2 0.484171 0.496995 1.87252 16103
/joint l_hip 2 0.519308 0.616824 1.86509 16121
/joint l_knee 2 0.525902 0.768701 1.80483 16138
/joint l_foot 2 0.525388 0.889321 1.91225 16155
/joint r_hip 2 0.452022 0.614957 1.82941 16171
/joint r_knee 2 0.431609 0.758536 1.85206 16188
/joint r_foot 2 0.492957 0.818106 2.11547 16206
/user/1 0.821240 0 1.67779 0 0 16206
/joint head 2 0.475388 0.249262 1.86814 16221
/joint neck 2 0.483025 0.377891 1.8977 16239
/joint l_shoulder 2 0.542966 0.379209 1.93202 16257
/joint l_elbow 2 0.625992 0.349815 1.83472 16273
/joint l_hand 2 0.574201 0.25168 1.63007 16289
/joint r_shoulder 2 0.423085 0.376573 1.86337 16305
/joint r_elbow 2 0.388092 0.491941 1.88496 16322
/joint r_hand 2 0.431634 0.536536 1.68051 16339
/joint torso 2 0.484906 0.49516 1.87443 16355
/joint l_hip 2 0.522123 0.613207 1.87141 16372
/joint l_knee 2 0.52792 0.767595 1.81457 16388
/joint l_foot 2 0.521964 0.896792 1.91522 16405
/joint r_hip 2 0.451449 0.611653 1.83093 16421
/joint r_knee 2 0.432603 0.7513 1.85921 16437
/joint r_foot 2 0.494089 0.814101 2.1094 16453
/user/1 0.821046 0 1.67896 0 0 16469
/joint head 2 0.475641 0.249087 1.86835 16469
/joint neck 2 0.483177 0.378452 1.89724 16487
/joint l_shoulder 2 0.543463 0.380073 1.93141 16504
/joint l_elbow 2 0.62011 0.340157 1.82267 16521
/joint l_hand 2 0.576485 0.238548 1.62154 16538
/joint r_shoulder 2 0.422891 0.376832 1.86307 16555
/joint r_elbow 2 0.387076 0.491909 1.88415 16572
/joint r_hand 2 0.432323 0.538444 1.67465 16589
/joint torso 2 0.48482 0.495585 1.87314 16606
/joint l_hip 2 0.521211 0.613653 1.86874 16622
/joint l_knee 2 0.530717 0.763373 1.8221 16638
/joint l_foot 2 0.51796 0.899713 1.91912 16655
/joint r_hip 2 0.451715 0.611784 1.82935 16672
/joint r_knee 2 0.436766 0.763521 1.85616 16688
/joint r_foot 2 0.497965 0.829463 2.07855 16705
/user/1 0.820642 0 1.6774 0 0 16705
/joint head 2 0.475656 0.249035 1.86826 16721
/joint neck 2 0.482923 0.3784 1.89804 16738
/joint l_shoulder 2 0.54344 0.379844 1.932 16755
/joint l_elbow 2 0.618395 0.339588 1.82205 16772
/joint l_hand 2 0.582021 0.226704 1.62897 16788
/joint r_shoulder 2 0.422405 0.376955 1.86407 16805
/joint r_elbow 2 0.386272 0.493246 1.88396 16821
/joint r_hand 2 0.432491 0.53799 1.67535 16837
/joint torso 2 0.484808 0.495706 1.87337 16855
/joint l_hip 2 0.521355 0.61384 1.86817 16871
/joint l_knee 2 0.52928 0.762271 1.81531 16888
/joint l_foot 2 0.519227 0.902734 1.91993 16904
/joint r_hip 2 0.452032 0.612185 1.82926 16921
/joint r_knee 2 0.439105 0.76908 1.86352 16938
/joint r_foot 2 0.505261 0.834679 2.05461 16954
/user/1 0.821640 0 1.68269 0 0 16954
/joint head 2 0.475864 0.248789 1.86844 16972
/joint neck 2 0.482691 0.378073 1.89847 16989
/joint l_shoulder 2 0.543153 0.378821 1.93332 17006
/joint l_elbow 2 0.616371 0.333262 1.82297 17023
/joint l_hand 2 0.585769 0.218598 1.64095 17039
/joint r_shoulder 2 0.422229 0.377325 1.86363 17057
/joint r_elbow 2 0.393888 0.503667 1.88206 17073
/joint r_hand 2 0.435884 0.541251 1.67735 17090
/joint torso 2 0.485216 0.494437 1.87533 17107
/joint l_hip 2 0.522911 0.611236 1.87245 17123
/joint l_knee 2 0.520363 0.768193 1.81477 17141
/joint l_foot 2 0.520747 0.908669 1.91965 17158
/joint r_hip 2 0.452572 0.610366 1.83191 17158
/joint r_knee 2 0.438915 0.766637 1.86505 17175
/joint r_foot 2 0.555776 0.866204 1.88909 17192
/user/1 0.821240 0 1.68165 0 0 17210
/joint head 2 0.475943 0.248365 1.86943 17227
/joint neck 2 0.482533 0.377737 1.89989 17244
/joint l_shoulder 2 0.542785 0.378426 1.93395 17261
/joint l_elbow 2 0.61517 0.328487 1.82294 17278
/joint l_hand 2 0.590467 0.208439 1.65052 17295
/joint r_shoulder 2 0.422281 0.377048 1.86582 17312
/joint r_elbow 2 0.392053 0.502907 1.88447 17329
/joint r_hand 2 0.432133 0.539825 1.67122 17329
/joint torso 2 0.485082 0.493251 1.8766 17346
/joint l_hip 2 0.522902 0.609168 1.87325 17363
/joint l_knee 2 0.523563 0.755379 1.81892 17380
/joint l_foot 2 0.522804 0.907362 1.91839 17397
/joint r_hip 2 0.45236 0.608361 1.83337 17414
/joint r_knee 2 0.434835 0.757905 1.86439 17431
/joint r_foot 2 0.524689 0.76637 1.88027 17448
/user/1 0.817984 0 1.68856 0 0 17465
/joint head 2 0.475954 0.248097 1.86984 17483
/joint neck 2 0.482325 0.377042 1.89976 17500
/joint l_shoulder 2 0.542294 0.377745 1.93289 17517
/joint l_elbow 2 0.6134 0.315658 1.83917 17517
/joint l_hand 2 0.593166 0.195561 1.64952 17534
/joint r_shoulder 2 0.422356 0.376339 1.86664 17551
/joint r_elbow 2 0.391668 0.500871 1.88777 17567
/joint r_hand 2 0.431432 0.538406 1.67562 17584
/joint torso 2 0.484852 0.493409 1.87591 17601
/joint l_hip 2 0.521848 0.61018 1.8711 17617
/joint l_knee 2 0.518767 0.754935 1.82996 17633
/joint l_foot 2 0.52316 0.907239 1.91977 17651
/joint r_hip 2 0.452909 0.609372 1.83302 17670
/joint r_knee 2 0.437529 0.757127 1.86251 17685
/joint r_foot 2 0.530974 0.781758 1.87953 17702
/user/1 0.817956 0 1.68836 0 0 17719
/joint head 2 0.475982 0.247811 1.87034 17719
/joint neck 2 0.482139 0.375917 1.90071 17737
/joint l_shoulder 2 0.541495 0.376615 1.93357 17753
/joint l_elbow 2 0.614222 0.307308 1.84626 17770
/joint l_hand 2 0.596049 0.180272 1.63937 17786
/joint r_shoulder 2 0.422782 0.375218 1.86786 17803
/joint r_elbow 2 0.393045 0.491418 1.88673 17820
/joint r_hand 2 0.436351 0.537629 1.6742 17836
/joint torso 2 0.484569 0.491921 1.8776 17854
/joint l_hip 2 0.521587 0.608332 1.87364 17871
/joint l_knee 2 0.52341 0.748808 1.84185 17888
/joint l_foot 2 0.523688 0.908809 1.91784 17904
/joint r_hip 2 0.45241 0.607518 1.83535 17922
/joint r_knee 2 0.444878 0.758408 1.8645 17938
/joint r_foot 2 0.5278 0.789174 1.9103 17938
/user/1 0.818764 0 1.69247 0 0 17956
/joint head 2 0.476082 0.247734 1.87055 17972
/joint neck 2 0.481652 0.374859 1.89895 17990
/joint l_shoulder 2 0.540442 0.375333 1.92957 18006
/joint l_elbow 2 0.614156 0.303604 1.85058 18023
/joint l_hand 2 0.600032 0.169004 1.64115 18040
/joint r_shoulder 2 0.422862 0.374385 1.86834 18057
/joint r_elbow 2 0.396055 0.492312 1.87252 18074
/joint r_hand 2 0.434146 0.541696 1.67757 18091
/joint torso 2 0.483896 0.490756 1.87768 18107
/joint l_hip 2 0.520546 0.60693 1.87432 18124
/joint l_knee 2 0.528383 0.754921 1.83651 18141
/joint l_foot 2 0.521914 0.909843 1.91973 18141
/joint r_hip 2 0.451733 0.606375 1.83849 18158
/joint r_knee 2 0.444838 0.763483 1.8652 18175
/joint r_foot 2 0.53075 0.796482 1.90833 18192
/user/1 0.819575 0 1.69455 0 0 18209
/joint head 2 0.476263 0.247837 1.87094 18226
/joint neck 2 0.481302 0.37451 1.89732 18243
/joint l_shoulder 2 0.539564 0.374609 1.92712 18260
/joint l_elbow 2 0.61361 0.300176 1.85089 18277
/joint l_hand 2 0.602893 0.164498 1.64513 18294
/joint r_shoulder 2 0.423039 0.374412 1.86753 18311
/joint r_elbow 2 0.393973 0.496131 1.88272 18328
/joint r_hand 2 0.431195 0.538989 1.67893 18328
/joint torso 2 0.483864 0.490453 1.87643 18345
/joint l_hip 2 0.520642 0.606454 1.87303 18362
/joint l_knee 2 0.52911 0.756736 1.83 18379
/joint l_foot 2 0.523495 0.913612 1.92092 18395
/joint r_hip 2 0.452209 0.606338 1.83803 18412
/joint r_knee 2 0.443533 0.76681 1.86584 18429
/joint r_foot 2 0.533634 0.805596 1.90503 18446
/user/1 0.816967 0 1.67265 0 0 18463
/joint head 2 0.476626 0.247758 1.87083 18479
/joint neck 2 0.481275 0.374294 1.89654 18495
/joint l_shoulder 2 0.539534 0.37438 1.92547 18512
/joint l_elbow 2 0.613546 0.2984 1.84934 18528
/joint l_hand 2 0.603845 0.157955 1.63883 18545
/joint r_shoulder 2 0.423016 0.374208 1.86761 18562
/joint r_elbow 2 0.394286 0.492788 1.88463 18579
/joint r_hand 2 0.430956 0.5387 1.68085 18579
/joint torso 2 0.483808 0.490796 1.87536 18596
/joint l_hip 2 0.520462 0.607348 1.87112 18613
/joint l_knee 2 0.524467 0.758754 1.8216 18629
/joint l_foot 2 0.524796 0.918766 1.92233 18647
/joint r_hip 2 0.452218 0.607247 1.83724 18664
/joint r_knee 2 0.437204 0.773334 1.86503 18681
/joint r_foot 2 0.535801 0.812197 1.90813 18698
/user/1 0.818770 0 1.67227 0 0 18715
/joint head 2 0.476882 0.247729 1.87062 18731
/joint neck 2 0.481333 0.374165 1.89746 18747
/joint l_shoulder 2 0.53988 0.37408 1.92499 18763
/joint l_elbow 2 0.60947 0.30034 1.83167 18781
/joint l_hand 2 0.607371 0.155167 1.6402 18798
/joint r_shoulder 2 0.422786 0.374251 1.86993 18799
/joint r_elbow 2 0.393777 0.490465 1.88594 18815
/joint r_hand 2 0.431669 0.539439 1.68404 18832
/joint torso 2 0.483826 0.490745 1.87707 18849
/joint l_hip 2 0.520035 0.607275 1.87254 18865
/joint l_knee 2 0.526928 0.747115 1.81035 18883
/joint l_foot 2 0.522407 0.913225 1.91967 18900
/joint r_hip 2 0.452601 0.607373 1.84083 18916
/joint r_knee 2 0.434003 0.776719 1.85901 18934
/joint r_foot 2 0.529961 0.807232 1.90444 18951
/user/1 0.819475 0 1.67223 0 0 18968
/joint head 2 0.477191 0.24788 1.87061 18984
/joint neck 2 0.481182 0.373677 1.89816 19000
/joint l_shoulder 2 0.539585 0.373452 1.92562 19000
/joint l_elbow 2 0.610542 0.300421 1.83512 19018
/joint l_hand 2 0.609187 0.155174 1.64534 19036
/joint r_shoulder 2 0.422779 0.373902 1.8707 19053
/joint r_elbow 2 0.393983 0.489743 1.88134 19069
/joint r_hand 2 0.431418 0.541848 1.68259 19086
/joint torso 2 0.483893 0.490732 1.87726 19103
/joint l_hip 2 0.520463 0.607657 1.87228 19119
/joint l_knee 2 0.527083 0.75345 1.81396 19137
/joint l_foot 2 0.522455 0.866659 1.88183 19153
/joint r_hip 2 0.452744 0.607918 1.84044 19170
/joint r_knee 2 0.431598 0.781439 1.85491 19187
/joint r_foot 2 0.531366 0.811772 1.90324 19204
/user/1 0.819344 0 1.67178 0 0 19204
/joint head 2 0.477414 0.247767 1.87094 19221
/joint neck 2 0.481067 0.373749 1.89727 19237
/joint l_shoulder 2 0.53943 0.373396 1.92538 19254
/joint l_elbow 2 0.611008 0.299655 1.83662 19270
/joint l_hand 2 0.612243 0.157596 1.63861 19288
/joint r_shoulder 2 0.422705 0.374102 1.86916 19305
/joint r_elbow 2 0.393333 0.490192 1.8779 19322
/joint r_hand 2 0.43066 0.544376 1.68522 19339
/joint torso 2 0.483901 0.490639 1.87704 19357
/joint l_hip 2 0.520815 0.607322 1.87322 19372
/joint l_knee 2 0.524087 0.739677 1.81799 19389
/joint l_foot 2 0.52256 0.857056 1.86306 19405
/joint r_hip 2 0.452653 0.607734 1.84039 19422
/joint r_knee 2 0.430084 0.779902 1.85428 19439
/joint r_foot 2 0.530911 0.810838 1.90497 19439
/user/1 0.819256 0 1.6731 0 0 19456
/joint head 2 0.477659 0.247518 1.87081 19472
/joint neck 2 0.481028 0.373788 1.89706 19489
/joint l_shoulder 2 0.53934 0.373498 1.92525 19506
/joint l_elbow 2 0.611642 0.300802 1.83629 19522
/joint l_hand 2 0.614886 0.16353 1.64024 19540
/joint r_shoulder 2 0.422715 0.374078 1.86887 19557
/joint r_elbow 2 0.392145 0.49229 1.8794 19574
/joint r_hand 2 0.431294 0.543925 1.68742 19591
/joint torso 2 0.483831 0.490343 1.87657 19607
/joint l_hip 2 0.520987 0.606727 1.87268 19624
/joint l_knee 2 0.521276 0.7481 1.82896 19641
/joint l_foot 2 0.529505 0.854295 1.8739 19657
/joint r_hip 2 0.452281 0.607069 1.83946 19657
/joint r_knee 2 0.426294 0.77003 1.85641 19675
/joint r_foot 2 0.534944 0.808393 1.89072 19692
/user/1 0.819428 0 1.67326 0 0 19709
/joint head 2 0.477846 0.247458 1.87055 19726
/joint neck 2 0.480988 0.373162 1.89682 19742
/joint l_shoulder 2 0.539233 0.372733 1.92378 19759
/joint l_elbow 2 0.612152 0.302597 1.83013 19775
/joint l_hand 2 0.616601 0.173587 1.63043 19792
/joint r_shoulder 2 0.422743 0.373591 1.86987 19809
/joint r_elbow 2 0.391102 0.490417 1.88051 19826
/joint r_hand 2 0.432098 0.544941 1.68426 19843
/joint torso 2 0.48377 0.489509 1.87694 19860
/joint l_hip 2 0.521059 0.605601 1.87303 19860
/joint l_knee 2 0.521976 0.752901 1.82548 19877
/joint l_foot 2 0.527545 0.850913 1.86368 19894
/joint r_hip 2 0.452046 0.606109 1.84109 19911
/joint r_knee 2 0.427384 0.772424 1.85603 19928
/joint r_foot 2 0.534395 0.808625 1.89315 19945
/user/1 0.820670 0 1.67569 0 0 19961
/joint head 2 0.478211 0.247636 1.87002 19978
/joint neck 2 0.481221 0.372963 1.89649 19995
/joint l_shoulder 2 0.539715 0.372413 1.92221 20011
/joint l_elbow 2 0.617213 0.309153 1.82174 20028
/joint l_hand 2 0.620388 0.185944 1.62299 20044
/joint r_shoulder 2 0.422726 0.373512 1.87076 20061
/joint r_elbow 2 0.390808 0.488349 1.88375 20078
/joint r_hand 2 0.429115 0.542306 1.68797 20078
/joint torso 2 0.483977 0.488913 1.87699 20095
/joint l_hip 2 0.521968 0.604533 1.87299 20111
/joint l_knee 2 0.528365 0.741835 1.84121 20128
/joint l_foot 2 0.524787 0.850944 1.86166 20145
/joint r_hip 2 0.451497 0.605195 1.842 20161
/joint r_knee 2 0.437591 0.772238 1.88017 20179
/joint r_foot 2 0.539009 0.818793 1.88262 20196
/user/1 0.820284 0 1.67724 0 0 20212
/joint head 2 0.478338 0.248131 1.86913 20229
/joint neck 2 0.481509 0.372947 1.89586 20245
/joint l_shoulder 2 0.540224 0.372398 1.92119 20262
/joint l_elbow 2 0.620393 0.318695 1.81299 20279
/joint l_hand 2 0.620258 0.204595 1.61687 20296
/joint r_shoulder 2 0.422794 0.373497 1.87053 20313
/joint r_elbow 2 0.391306 0.488865 1.8844 20330
/joint r_hand 2 0.431049 0.545085 1.6848 20330
/joint torso 2 0.48412 0.488651 1.8773 20347
/joint l_hip 2 0.522045 0.604024 1.87398 20364
/joint l_knee 2 0.529859 0.743406 1.84207 20381
/joint l_foot 2 0.523833 0.853475 1.86326 20397
/joint r_hip 2 0.451417 0.604685 1.84351 20413
/joint r_knee 2 0.434253 0.768308 1.87735 20429
/joint r_foot 2 0.529629 0.817275 1.89672 20446
/user/1 0.818992 0 1.68822 0 0 20463
/joint head 2 0.478429 0.248036 1.86894 20479
/joint neck 2 0.481776 0.372839 1.89515 20496
/joint l_shoulder 2 0.540652 0.37241 1.92112 20513
/joint l_elbow 2 0.621806 0.330889 1.80554 20530
/joint l_hand 2 0.625264 0.225151 1.60893 20547
/joint r_shoulder 2 0.4229 0.373268 1.86919 20547
/joint r_elbow 2 0.391607 0.489636 1.88339 20564
/joint r_hand 2 0.433301 0.549217 1.67701 20580
/joint torso 2 0.484233 0.488412 1.87716 20597
/joint l_hip 2 0.522285 0.603726 1.87487 20614
/joint l_knee 2 0.534478 0.727614 1.84202 20630
/joint l_foot 2 0.525588 0.853948 1.86235 20647
/joint r_hip 2 0.451095 0.604244 1.84348 20663
/joint r_knee 2 0.431902 0.766479 1.87409 20680
/joint r_foot 2 0.532773 0.815993 1.89482 20697
/user/1 0.818730 0 1.69638 0 0 20714
/joint head 2 0.478361 0.248454 1.86827 20731
/joint neck 2 0.48185 0.373185 1.89497 20747
/joint l_shoulder 2 0.540813 0.372909 1.92151 20763
/joint l_elbow 2 0.623881 0.354075 1.81765 20780
/joint l_hand 2 0.62834 0.262319 1.6082 20796
/joint r_shoulder 2 0.422887 0.373462 1.86842 20813
/joint r_elbow 2 0.392759 0.494561 1.87377 20813
/joint r_hand 2 0.43388 0.549555 1.67158 20830
/joint torso 2 0.484195 0.488711 1.87684 20847
/joint l_hip 2 0.522378 0.604068 1.87484 20864
/joint l_knee 2 0.527644 0.734529 1.83571 20880
/joint l_foot 2 0.521155 0.866725 1.87336 20898
/joint r_hip 2 0.450703 0.604404 1.84257 20915
/joint r_knee 2 0.432288 0.767939 1.87225 20931
/joint r_foot 2 0.535465 0.818724 1.89222 20949
/user/1 0.818691 0 1.70088 0 0 20964
/joint head 2 0.478403 0.248555 1.86767 20982
/joint neck 2 0.482349 0.373785 1.89546 20998
/joint l_shoulder 2 0.541864 0.3739 1.92138 21014
/joint l_elbow 2 0.627229 0.375729 1.82997 21032
/joint l_hand 2 0.631283 0.302381 1.60621 21032
/joint r_shoulder 2 0.422835 0.37367 1.86955 21049
/joint r_elbow 2 0.392298 0.492822 1.87933 21066
/joint r_hand 2 0.432436 0.549877 1.67792 21083
/joint torso 2 0.48422 0.489187 1.87712 21100
/joint l_hip 2 0.522009 0.604659 1.87443 21117
/joint l_knee 2 0.515332 0.737386 1.83286 21134
/joint l_foot 2 0.518917 0.875042 1.88484 21151
/joint r_hip 2 0.450172 0.60452 1.84315 21168
/joint r_knee 2 0.434117 0.769008 1.87317 21184
/joint r_foot 2 0.537656 0.820477 1.88922 21202
/user/1 0.818410 0 1.70538 0 0 21219
/joint head 2 0.478331 0.248666 1.86745 21219
/joint neck 2 0.482815 0.374532 1.896 21236
/joint l_shoulder 2 0.542578 0.375085 1.92235 21252
/joint l_elbow 2 0.631295 0.397202 1.82958 21270
/joint l_hand 2 0.631619 0.337905 1.59118 21287
/joint r_shoulder 2 0.423051 0.37398 1.86965 21303
/joint r_elbow 2 0.391528 0.491818 1.88198 21320
/joint r_hand 2 0.433255 0.550656 1.68543 21336
/joint torso 2 0.484288 0.489794 1.87719 21354
/joint l_hip 2 0.521618 0.605387 1.87419 21370
/joint l_knee 2 0.526632 0.846048 1.87745 21388
/joint l_foot 2 0.5217 0.868363 1.8832 21405
/joint r_hip 2 0.449906 0.604724 1.84257 21422
/joint r_knee 2 0.423942 0.767552 1.85644 21422
/joint r_foot 2 0.5385 0.819087 1.88787 21438
/user/1 0.819284 0 1.71201 0 0 21454
/joint head 2 0.478318 0.248622 1.86769 21471
/joint neck 2 0.483417 0.377295 1.89904 21488
/joint l_shoulder 2 0.543319 0.378877 1.92742 21505
/joint l_elbow 2 0.631323 0.408829 1.83368 21522
/joint l_hand 2 0.629749 0.38275 1.59324 21539
/joint r_shoulder 2 0.423514 0.375713 1.87066 21556
/joint r_elbow 2 0.39131 0.493172 1.88402 21572
/joint r_hand 2 0.432651 0.552067 1.68562 21590
/joint torso 2 0.484179 0.491052 1.87834 21607
/joint l_hip 2 0.521588 0.605776 1.87499 21622
/joint l_knee 2 0.526462 0.797234 1.85834 21638
/joint l_foot 2 0.522551 0.871835 1.88757 21654
/joint r_hip 2 0.448293 0.60384 1.84027 21672
/joint r_knee 2 0.427403 0.766798 1.85972 21672
/joint r_foot 2 0.540111 0.821756 1.88691 21689
/user/1 0.819124 0 1.71046 0 0 21706
/joint head 2 0.478408 0.248572 1.86802 21722
/joint neck 2 0.483059 0.380677 1.90041 21740
/joint l_shoulder 2 0.54224 0.382138 1.92939 21756
/joint l_elbow 2 0.626538 0.4275 1.85027 21772
/joint l_hand 2 0.610445 0.437584 1.6522 21790
/joint r_shoulder 2 0.423877 0.379217 1.87143 21807
/joint r_elbow 2 0.391905 0.496406 1.88466 21824
/joint r_hand 2 0.432735 0.554289 1.68206 21841
/joint torso 2 0.484108 0.492495 1.87916 21858
/joint l_hip 2 0.521326 0.605205 1.87562 21875
/joint l_knee 2 0.519217 0.722197 1.87448 21875
/joint l_foot 2 0.522121 0.873817 1.89623 21892
/joint r_hip 2 0.448989 0.60342 1.84019 21909
/joint r_knee 2 0.429809 0.767502 1.85714 21925
/joint r_foot 2 0.541956 0.821928 1.8803 21941
/user/1 0.818382 0 1.7099 0 0 21960
/joint head 2 0.478313 0.248914 1.86866 21976
/joint neck 2 0.483107 0.382047 1.90057 21993
/joint l_shoulder 2 0.542156 0.383576 1.9301 22009
/joint l_elbow 2 0.618224 0.448708 1.86834 22025
/joint l_hand 2 0.621302 0.460511 1.59458 22043
/joint r_shoulder 2 0.424058 0.380518 1.87103 22060
/joint r_elbow 2 0.391598 0.496768 1.88389 22077
/joint r_hand 2 0.43225 0.555222 1.68116 22094
/joint torso 2 0.484149 0.49302 1.87931 22094
/joint l_hip 2 0.521107 0.604923 1.87601 22111
/joint l_knee 2 0.519703 0.742903 1.85965 22128
/joint l_foot 2 0.52136 0.878548 1.89992 22145
/joint r_hip 2 0.449274 0.603063 1.84008 22162
/joint r_knee 2 0.432428 0.760465 1.85438 22179
/joint r_foot 2 0.541829 0.823452 1.88058 22196
/user/1 0.817852 0 1.70978 0 0 22212
/joint head 2 0.478286 0.249194 1.86906 22229
/joint neck 2 0.483 0.383884 1.90071 22246
/joint l_shoulder 2 0.541818 0.385463 1.93047 22263
/joint l_elbow 2 0.608284 0.469929 1.8797 22279
/joint l_hand 2 0.615969 0.491318 1.58858 22296
/joint r_shoulder 2 0.424182 0.382306 1.87095 22312
/joint r_elbow 2 0.391567 0.498245 1.88388 22328
/joint r_hand 2 0.436157 0.556532 1.67982 22328
/joint torso 2 0.484063 0.493803 1.87918 22345
/joint l_hip 2 0.520768 0.604678 1.87569 22362
/joint l_knee 2 0.52055 0.744765 1.85347 22378
/joint l_foot 2 0.522809 0.886105 1.90425 22395
/joint r_hip 2 0.449485 0.602765 1.83963 22412
/joint r_knee 2 0.430631 0.760546 1.84956 22429
/joint r_foot 2 0.542358 0.823833 1.87956 22446
/user/1 0.817282 0 1.71151 0 0 22463
/joint head 2 0.478426 0.249595 1.86917 22480
/joint neck 2 0.483107 0.383691 1.90103 22497
/joint l_shoulder 2 0.54217 0.38534 1.93049 22514
/joint l_elbow 2 0.602077 0.487396 1.89789 22530
/joint l_hand 2 0.611153 0.524089 1.61564 22547
/joint r_shoulder 2 0.424044 0.382043 1.87156 22547
/joint r_elbow 2 0.390893 0.497913 1.88445 22564
/joint r_hand 2 0.436375 0.55544 1.68563 22580
/joint torso 2 0.484078 0.493492 1.87943 22597
/joint l_hip 2 0.520566 0.604283 1.87554 22614
/joint l_knee 2 0.521959 0.747184 1.85216 22630
/joint l_foot 2 0.522556 0.889157 1.9081 22646
/joint r_hip 2 0.449531 0.602301 1.8401 22663
/joint r_knee 2 0.431676 0.759937 1.84537 22679
/joint r_foot 2 0.489908 0.815802 1.86157 22696
/user/1 0.817216 0 1.71158 0 0 22713
/joint head 2 0.47843 0.249766 1.86972 22730
/joint neck 2 0.482873 0.384874 1.90107 22747
/joint l_shoulder 2 0.541917 0.386423 1.93027 22762
/joint l_elbow 2 0.597715 0.495498 1.90523 22780
/joint l_hand 2 0.612277 0.56397 1.62643 22797
/joint r_shoulder 2 0.423829 0.383326 1.87186 22797
/joint r_elbow 2 0.390448 0.499233 1.88475 22813
/joint r_hand 2 0.43316 0.553003 1.68525 22830
/joint torso 2 0.483903 0.493806 1.87974 22847
/joint l_hip 2 0.520448 0.60367 1.87598 22864
/joint l_knee 2 0.532216 0.747802 1.83831 22882
/joint l_foot 2 0.522416 0.89078 1.91198 22898
/joint r_hip 2 0.449419 0.601807 1.84084 22914
/joint r_knee 2 0.430322 0.76151 1.84349 22930
/joint r_foot 2 0.494008 0.816063 1.87134 22946
/user/1 0.817394 0 1.71336 0 0 22963
/joint head 2 0.478461 0.250069 1.87011 22980
/joint neck 2 0.482699 0.386005 1.90012 22997
/joint l_shoulder 2 0.541154 0.387318 1.92974 23014
/joint l_elbow 2 0.591689 0.50105 1.90699 23032
/joint l_hand 2 0.610288 0.594841 1.63747 23032
/joint r_shoulder 2 0.424244 0.384692 1.87051 23048
/joint r_elbow 2 0.389785 0.500214 1.88724 23065
/joint r_hand 2 0.433317 0.555838 1.68805 23081
/joint torso 2 0.483955 0.493208 1.87951 23098
/joint l_hip 2 0.520677 0.601209 1.87686 23115
/joint l_knee 2 0.530314 0.773223 1.84682 23131
/joint l_foot 2 0.523775 0.886867 1.91045 23148
/joint r_hip 2 0.449747 0.599615 1.84093 23164
/joint r_knee 2 0.430076 0.776273 1.84617 23180
/joint r_foot 2 0.498042 0.819493 1.87365 23197
---STOP: 2013-08-09-11-21-44-862---
