
---Gesto:2014-01-11-22-25-36-757---
0 0.583155 0.198325 1.5352 1644
0 0.585365 0.217429 1.53144 1712
0 0.591178 0.24416 1.51816 1796
0 0.594512 0.272369 1.50764 1863
0 0.596917 0.307477 1.50025 1948
0 0.597765 0.344083 1.49671 2014
0 0.599025 0.388618 1.49031 2097
0 0.599856 0.434859 1.49121 2164
0 0.599663 0.478558 1.49993 2249
0 0.597458 0.527851 1.52479 2316
0 0.592297 0.575401 1.56231 2384
0 0.584736 0.615812 1.60529 2468
0 0.577912 0.653223 1.64832 2536
0 0.56984 0.685032 1.69707 2619
0 0.562464 0.709319 1.74385 2687
0 0.55384 0.726545 1.78886 2772
0 0.545021 0.738219 1.83317 2840
0 0.539267 0.746256 1.8691 2924
0 0.530578 0.75208 1.90214 2991
0 0.524286 0.755077 1.93185 3060
0 0.521114 0.7573 1.95288 3142
0 0.517742 0.753981 1.97008 3209
0 0.517693 0.749814 1.97878 3290
0 0.517907 0.747143 1.98478 3374
0 0.518085 0.746076 1.98919 3442
1 0.503994 0.676837 1.68273 5242
1 0.498427 0.67736 1.67238 5309
1 0.494749 0.672848 1.66245 5394
1 0.49064 0.670263 1.65612 5462
1 0.486041 0.668686 1.65127 5545
1 0.484787 0.664021 1.64946 5612
1 0.483438 0.661119 1.65153 5694
1 0.480152 0.662277 1.65211 5762
1 0.477764 0.663681 1.65002 5833
1 0.476716 0.667283 1.6525 5915
1 0.478549 0.669123 1.65348 5983
1 0.479366 0.668392 1.6554 6065
1 0.480746 0.670157 1.65819 6148
1 0.485023 0.668722 1.66128 6213
1 0.48785 0.664378 1.66315 6298
1 0.49007 0.666226 1.66484 6366
1 0.493055 0.668667 1.66326 6433
1 0.49747 0.667551 1.66089 6516
1 0.49996 0.666906 1.65647 6599
1 0.501809 0.66815 1.65283 6665
1 0.504276 0.668079 1.64658 6748
1 0.505403 0.667866 1.63901 6808
1 0.509521 0.663412 1.64444 6891
1 0.513921 0.660224 1.64596 6958
1 0.517382 0.655316 1.64359 7043
2 0.684273 0.336893 1.64121 9289
2 0.688462 0.331084 1.63814 9373
2 0.69021 0.323948 1.64309 9439
2 0.691047 0.31813 1.65092 9521
2 0.68991 0.308259 1.65822 9588
2 0.690743 0.302701 1.66182 9669
2 0.691185 0.298133 1.66482 9735
2 0.691751 0.290803 1.66381 9821
2 0.691904 0.286264 1.66234 9886
2 0.691956 0.282226 1.66487 9969
2 0.692314 0.27472 1.66511 10037
2 0.694514 0.269054 1.66573 10119
2 0.691199 0.264551 1.66911 10186
2 0.689606 0.258983 1.66898 10270
2 0.688807 0.253926 1.67193 10337
2 0.68785 0.250442 1.6715 10421
2 0.686431 0.248485 1.67115 10487
2 0.68593 0.242538 1.66702 10570
2 0.685682 0.237918 1.66486 10637
2 0.684814 0.235343 1.66314 10722
2 0.682713 0.23318 1.66067 10789
2 0.681037 0.229754 1.65984 10872
2 0.678181 0.226684 1.65638 10939
