
---START: 2014-01-14-16-48-48-120---
/joint l_hip 2 0.523767 0.573055 1.72274 15855
/joint l_knee 2 0.526235 0.80899 1.61873 15855
/joint r_hip 2 0.443795 0.560011 1.6679 15855
/joint r_knee 2 0.471259 0.799839 1.60744 15855
/joint head 2 0.51023 0.20767 1.74431 15872
/joint neck 2 0.500223 0.322968 1.73129 15872
/joint l_shoulder 2 0.563696 0.333524 1.77548 15872
/joint l_elbow 2 0.65465 0.352756 1.78166 15872
/joint l_hand 2 0.648127 0.328583 1.55467 15889
/joint r_shoulder 2 0.436751 0.312412 1.6871 15889
/joint r_elbow 2 0.379457 0.207312 1.58279 15889
/joint r_hand 2 0.375204 0.0740092 1.44934 15889
/joint torso 2 0.491957 0.444834 1.71328 15889
/joint l_hip 2 0.523603 0.573337 1.72307 15906
/joint l_knee 2 0.527017 0.809082 1.61821 15906
/joint r_hip 2 0.443779 0.560062 1.66749 15906
/joint r_knee 2 0.471973 0.799705 1.60671 15906
/joint head 2 0.511001 0.207846 1.74432 15922
/joint neck 2 0.500611 0.323075 1.73136 15922
/joint l_shoulder 2 0.563951 0.333906 1.77616 15922
/joint l_elbow 2 0.65536 0.356686 1.78298 15922
/joint l_hand 2 0.64895 0.337093 1.55452 15940
/joint r_shoulder 2 0.437272 0.312244 1.68656 15940
/joint r_elbow 2 0.379958 0.2063 1.58257 15940
/joint r_hand 2 0.375395 0.0725133 1.45004 15940
/joint torso 2 0.492055 0.444913 1.71347 15956
/joint l_hip 2 0.523327 0.573563 1.72376 15956
/joint l_knee 2 0.527029 0.809346 1.61913 15956
/joint r_hip 2 0.44367 0.559942 1.66742 15956
/joint r_knee 2 0.471823 0.799646 1.60712 15973
/joint head 2 0.5118 0.208374 1.74198 15973
/joint neck 2 0.500923 0.323519 1.73023 15973
/joint l_shoulder 2 0.564234 0.334549 1.7751 15973
/joint l_elbow 2 0.655851 0.36285 1.78481 15973
/joint l_hand 2 0.649795 0.346684 1.55504 15991
/joint r_shoulder 2 0.437612 0.312489 1.68536 15991
/joint r_elbow 2 0.38034 0.205439 1.58258 15991
/joint r_hand 2 0.376833 0.071343 1.4505 15991
/joint torso 2 0.492032 0.445355 1.71302 16008
/joint l_hip 2 0.52295 0.574126 1.72402 16008
/joint l_knee 2 0.527 0.809628 1.61802 16008
/joint r_hip 2 0.443333 0.560255 1.66759 16008
/joint r_knee 2 0.471872 0.799807 1.60666 16024
/joint head 2 0.512385 0.208525 1.74215 16024
/joint neck 2 0.501314 0.323607 1.73036 16024
/joint l_shoulder 2 0.564577 0.334794 1.77543 16024
/joint l_elbow 2 0.656166 0.368615 1.78598 16040
/joint l_hand 2 0.650799 0.356733 1.55514 16040
/joint r_shoulder 2 0.438051 0.312419 1.6853 16040
/joint r_elbow 2 0.380729 0.204694 1.58256 16040
/joint r_hand 2 0.378065 0.070406 1.45071 16056
/joint torso 2 0.492263 0.445424 1.71314 16056
/joint l_hip 2 0.522991 0.574276 1.72425 16056
/joint l_knee 2 0.527483 0.80953 1.6171 16056
/joint r_hip 2 0.443434 0.560207 1.66758 16073
/joint r_knee 2 0.472603 0.799506 1.60561 16073
/joint head 2 0.513073 0.208233 1.74244 16073
/joint neck 2 0.501716 0.323536 1.73061 16073
/joint l_shoulder 2 0.564867 0.334907 1.7762 16073
/joint l_elbow 2 0.656652 0.374893 1.78706 16089
/joint l_hand 2 0.652122 0.366733 1.55532 16089
/joint r_shoulder 2 0.438565 0.312164 1.68503 16089
/joint r_elbow 2 0.381127 0.204429 1.58271 16089
/joint r_hand 2 0.379115 0.0701985 1.45056 16105
/joint torso 2 0.492489 0.445331 1.71338 16105
/joint l_hip 2 0.522972 0.574277 1.72482 16105
/joint l_knee 2 0.527381 0.809404 1.61702 16105
/joint r_hip 2 0.443553 0.559977 1.66749 16123
/joint r_knee 2 0.47269 0.799261 1.60533 16123
/joint head 2 0.513663 0.208642 1.74267 16123
/joint neck 2 0.502082 0.323772 1.73065 16123
/joint l_shoulder 2 0.565111 0.335298 1.77682 16139
/joint l_elbow 2 0.655869 0.382206 1.78731 16139
/joint l_hand 2 0.653937 0.377203 1.55551 16139
/joint r_shoulder 2 0.439052 0.312246 1.68448 16139
/joint r_elbow 2 0.381461 0.203884 1.58275 16155
/joint r_hand 2 0.380084 0.0695055 1.45082 16155
/joint torso 2 0.492742 0.445544 1.71325 16155
/joint l_hip 2 0.523035 0.574563 1.72489 16155
/joint l_knee 2 0.527443 0.809479 1.61606 16172
/joint r_hip 2 0.443769 0.560068 1.66682 16172
/joint r_knee 2 0.472844 0.799323 1.6043 16172
/joint head 2 0.514317 0.208929 1.74285 16172
/joint neck 2 0.502419 0.323974 1.73077 16189
/joint l_shoulder 2 0.565304 0.335715 1.77759 16189
/joint l_elbow 2 0.655164 0.389515 1.78781 16189
/joint l_hand 2 0.655511 0.387904 1.55564 16189
/joint r_shoulder 2 0.439534 0.312233 1.68395 16189
/joint r_elbow 2 0.381877 0.203357 1.58331 16206
/joint r_hand 2 0.381052 0.0695083 1.45011 16206
/joint torso 2 0.492883 0.445716 1.71331 16206
/joint l_hip 2 0.522889 0.574841 1.7253 16206
/joint l_knee 2 0.527192 0.809697 1.61617 16222
/joint r_hip 2 0.443803 0.560075 1.66642 16222
/joint r_knee 2 0.472589 0.799476 1.60461 16222
/joint head 2 0.515075 0.208973 1.74299 16222
/joint neck 2 0.502856 0.324021 1.73092 16240
/joint l_shoulder 2 0.565573 0.33601 1.77848 16240
/joint l_elbow 2 0.654132 0.396405 1.78774 16240
/joint l_hand 2 0.656999 0.399445 1.55593 16240
/joint r_shoulder 2 0.440138 0.312033 1.68336 16256
/joint r_elbow 2 0.382285 0.202642 1.58313 16256
/joint r_hand 2 0.382004 0.0688376 1.44974 16256
/joint torso 2 0.493085 0.445729 1.71343 16256
/joint l_hip 2 0.522753 0.574975 1.72584 16274
/joint l_knee 2 0.527288 0.809809 1.61664 16274
/joint r_hip 2 0.443876 0.559897 1.66603 16274
/joint r_knee 2 0.472683 0.79933 1.60455 16274
/joint head 2 0.51567 0.209117 1.74295 16274
/joint neck 2 0.5032 0.324095 1.73094 16291
/joint l_shoulder 2 0.565788 0.336251 1.77908 16291
/joint l_elbow 2 0.651821 0.404208 1.78832 16291
/joint l_hand 2 0.658538 0.410908 1.55733 16291
/joint r_shoulder 2 0.440613 0.311939 1.68279 16308
/joint r_elbow 2 0.382624 0.202111 1.58346 16308
/joint r_hand 2 0.383209 0.0684638 1.44969 16308
/joint torso 2 0.493264 0.445782 1.71348 16308
/joint l_hip 2 0.522683 0.575112 1.72629 16325
/joint l_knee 2 0.527238 0.809614 1.6155 16325
/joint r_hip 2 0.443973 0.559825 1.66574 16325
/joint r_knee 2 0.472695 0.799312 1.60458 16325
/joint head 2 0.516482 0.209474 1.74354 16342
/joint neck 2 0.503584 0.324274 1.7313 16342
/joint l_shoulder 2 0.566001 0.33676 1.78012 16342
/joint l_elbow 2 0.649895 0.411076 1.7883 16342
/joint l_hand 2 0.659715 0.421204 1.55837 16342
/joint r_shoulder 2 0.441167 0.311787 1.68248 16358
/joint r_elbow 2 0.383077 0.201681 1.58371 16358
/joint r_hand 2 0.384046 0.0682111 1.4495 16358
/joint torso 2 0.493318 0.445908 1.7138 16358
/joint l_hip 2 0.522302 0.575394 1.72701 16375
/joint l_knee 2 0.526976 0.809785 1.61571 16375
/joint r_hip 2 0.443802 0.55969 1.66561 16375
/joint r_knee 2 0.472317 0.799204 1.60429 16375
/joint head 2 0.517023 0.209701 1.74183 16392
/joint neck 2 0.503803 0.324453 1.73052 16392
/joint l_shoulder 2 0.566142 0.337132 1.77964 16392
/joint l_elbow 2 0.647806 0.417196 1.78907 16392
/joint l_hand 2 0.660915 0.431945 1.56139 16408
/joint r_shoulder 2 0.441464 0.311773 1.6814 16408
/joint r_elbow 2 0.383312 0.20138 1.58385 16408
/joint r_hand 2 0.384828 0.0680854 1.44922 16408
/joint torso 2 0.493241 0.44607 1.71351 16424
/joint l_hip 2 0.521877 0.57566 1.72738 16424
/joint l_knee 2 0.526706 0.809694 1.61443 16424
/joint r_hip 2 0.443482 0.559714 1.6656 16424
/joint r_knee 2 0.472181 0.799177 1.60418 16441
/joint head 2 0.517669 0.209848 1.74202 16441
/joint neck 2 0.504124 0.324523 1.73062 16441
/joint l_shoulder 2 0.566354 0.337465 1.78015 16441
/joint l_elbow 2 0.64512 0.423238 1.78797 16457
/joint l_hand 2 0.661703 0.443382 1.56397 16457
/joint r_shoulder 2 0.441895 0.31158 1.6811 16457
/joint r_elbow 2 0.383953 0.201428 1.58409 16457
/joint r_hand 2 0.385368 0.0679032 1.44993 16457
/joint torso 2 0.493249 0.446102 1.7138 16475
/joint l_hip 2 0.521502 0.575819 1.72812 16475
/joint l_knee 2 0.526887 0.809445 1.61338 16475
/joint r_hip 2 0.443243 0.559543 1.66583 16475
/joint r_knee 2 0.47236 0.79889 1.60418 16491
/joint head 2 0.518335 0.209759 1.74452 16491
/joint neck 2 0.504511 0.324364 1.73141 16492
/joint l_shoulder 2 0.566521 0.337815 1.78169 16492
/joint l_elbow 2 0.641884 0.428794 1.78679 16508
/joint l_hand 2 0.662733 0.454967 1.56613 16508
/joint r_shoulder 2 0.442501 0.310913 1.68113 16508
/joint r_elbow 2 0.384963 0.200969 1.58507 16508
/joint r_hand 2 0.385614 0.0679164 1.44985 16524
/joint torso 2 0.493356 0.445807 1.71334 16524
/joint l_hip 2 0.521197 0.57571 1.72689 16524
/joint l_knee 2 0.527264 0.808963 1.61059 16524
/joint r_hip 2 0.443205 0.558792 1.66365 16541
/joint r_knee 2 0.472201 0.798127 1.60167 16541
/joint head 2 0.519074 0.209902 1.74433 16541
/joint neck 2 0.504721 0.324427 1.73111 16541
/joint l_shoulder 2 0.566625 0.33834 1.78164 16558
/joint l_elbow 2 0.63929 0.433453 1.78677 16558
/joint l_hand 2 0.663311 0.465326 1.56954 16558
/joint r_shoulder 2 0.442818 0.310515 1.68059 16558
/joint r_elbow 2 0.385909 0.200329 1.58558 16558
/joint r_hand 2 0.38581 0.0676379 1.44956 16575
/joint torso 2 0.493111 0.445779 1.71283 16575
/joint l_hip 2 0.520426 0.575879 1.72631 16575
/joint l_knee 2 0.526899 0.809177 1.61031 16575
/joint r_hip 2 0.442576 0.558382 1.66277 16592
/joint r_knee 2 0.471312 0.798098 1.60369 16592
/joint head 2 0.519728 0.210497 1.74434 16592
/joint neck 2 0.505004 0.324799 1.73094 16592
/joint l_shoulder 2 0.566812 0.339029 1.78174 16609
/joint l_elbow 2 0.637058 0.436972 1.78504 16609
/joint l_hand 2 0.663553 0.476232 1.5723 16609
/joint r_shoulder 2 0.443196 0.310568 1.68013 16609
/joint r_elbow 2 0.386835 0.199781 1.58586 16609
/joint r_hand 2 0.385802 0.0674505 1.44908 16625
/joint torso 2 0.493096 0.446087 1.71244 16625
/joint l_hip 2 0.520051 0.576324 1.7259 16626
/joint l_knee 2 0.527784 0.809435 1.60936 16626
/joint r_hip 2 0.442324 0.558427 1.66201 16642
/joint r_knee 2 0.471344 0.798218 1.60417 16642
/joint head 2 0.520722 0.211053 1.74481 16642
/joint neck 2 0.505479 0.325211 1.73114 16643
/joint l_shoulder 2 0.567153 0.339843 1.78234 16660
/joint l_elbow 2 0.633945 0.441349 1.78349 16660
/joint l_hand 2 0.664151 0.486654 1.57521 16660
/joint r_shoulder 2 0.443806 0.31058 1.67994 16660
/joint r_elbow 2 0.387842 0.199547 1.58667 16676
/joint r_hand 2 0.385849 0.0674032 1.44954 16676
/joint torso 2 0.493183 0.446418 1.71245 16676
/joint l_hip 2 0.519667 0.576824 1.72596 16676
/joint l_knee 2 0.527877 0.809917 1.60947 16692
/joint r_hip 2 0.442106 0.558424 1.66157 16692
/joint r_knee 2 0.471416 0.798303 1.60516 16692
/joint head 2 0.52156 0.211614 1.7444 16692
/joint neck 2 0.505907 0.32573 1.73098 16709
/joint l_shoulder 2 0.567467 0.340744 1.78248 16709
/joint l_elbow 2 0.631531 0.44506 1.78179 16709
/joint l_hand 2 0.664622 0.496621 1.57874 16709
/joint r_shoulder 2 0.444348 0.310716 1.67948 16726
/joint r_elbow 2 0.388744 0.19952 1.58738 16726
/joint r_hand 2 0.386516 0.06738 1.4502 16726
/joint torso 2 0.493181 0.446862 1.71237 16726
/joint l_hip 2 0.519164 0.577435 1.72614 16726
/joint l_knee 2 0.52768 0.810763 1.61081 16743
/joint r_hip 2 0.441747 0.558553 1.66138 16743
/joint r_knee 2 0.471006 0.798469 1.60522 16743
/joint head 2 0.522501 0.212116 1.74424 16743
/joint neck 2 0.506489 0.326134 1.73095 16760
/joint l_shoulder 2 0.567946 0.341425 1.78277 16760
/joint l_elbow 2 0.629523 0.448862 1.77949 16760
/joint l_hand 2 0.664698 0.507209 1.58177 16760
/joint r_shoulder 2 0.445031 0.310844 1.67914 16776
/joint r_elbow 2 0.389552 0.199033 1.58759 16776
/joint r_hand 2 0.387542 0.0669106 1.45033 16776
/joint torso 2 0.493446 0.447215 1.71244 16776
/joint l_hip 2 0.519046 0.57791 1.72651 16792
/joint l_knee 2 0.528224 0.811265 1.6115 16792
/joint r_hip 2 0.441759 0.558681 1.66135 16792
/joint r_knee 2 0.471174 0.798603 1.60557 16792
/joint head 2 0.523434 0.212566 1.74239 16809
/joint neck 2 0.506872 0.326597 1.73023 16809
/joint l_shoulder 2 0.568369 0.342146 1.7817 16809
/joint l_elbow 2 0.627449 0.452109 1.77843 16809
/joint l_hand 2 0.665032 0.516403 1.58595 16825
/joint r_shoulder 2 0.445375 0.311048 1.67877 16825
/joint r_elbow 2 0.390208 0.198738 1.58796 16825
/joint r_hand 2 0.388333 0.066627 1.45063 16826
/joint torso 2 0.493402 0.447632 1.71234 16826
/joint l_hip 2 0.518601 0.578444 1.7268 16842
/joint l_knee 2 0.527895 0.811814 1.61189 16842
/joint r_hip 2 0.441264 0.55889 1.66208 16842
/joint r_knee 2 0.470185 0.798851 1.60565 16842
/joint head 2 0.524606 0.21297 1.74076 16858
/joint neck 2 0.507455 0.326908 1.72971 16858
/joint l_shoulder 2 0.568975 0.342734 1.78088 16858
/joint l_elbow 2 0.625634 0.455749 1.77696 16858
/joint l_hand 2 0.664541 0.5256 1.58925 16875
/joint r_shoulder 2 0.445936 0.311082 1.67855 16875
/joint r_elbow 2 0.390726 0.198325 1.58817 16875
/joint r_hand 2 0.38926 0.0660383 1.45119 16875
/joint torso 2 0.493545 0.44789 1.71242 16892
/joint l_hip 2 0.518317 0.578823 1.72731 16892
/joint l_knee 2 0.528232 0.812205 1.61266 16892
/joint r_hip 2 0.440951 0.558921 1.66296 16892
/joint r_knee 2 0.47022 0.79869 1.60542 16908
/joint head 2 0.525619 0.213373 1.73914 16908
/joint neck 2 0.507984 0.327328 1.72907 16908
/joint l_shoulder 2 0.569543 0.343409 1.77988 16908
/joint l_elbow 2 0.623948 0.458452 1.77626 16925
/joint l_hand 2 0.663504 0.533509 1.59355 16925
/joint r_shoulder 2 0.446425 0.311248 1.67826 16925
/joint r_elbow 2 0.391108 0.198296 1.58898 16925
/joint r_hand 2 0.389882 0.0662869 1.45137 16925
/joint torso 2 0.493652 0.44826 1.71241 16941
/joint l_hip 2 0.518028 0.579303 1.7277 16941
/joint l_knee 2 0.528504 0.812685 1.61325 16941
/joint r_hip 2 0.440612 0.559081 1.66381 16958
/joint r_knee 2 0.469937 0.798704 1.60503 16958
/joint head 2 0.526666 0.214042 1.73847 16958
/joint neck 2 0.508483 0.327904 1.72889 16958
/joint l_shoulder 2 0.569978 0.344272 1.7798 16958
/joint l_elbow 2 0.622753 0.461659 1.776 16975
/joint l_hand 2 0.662808 0.541843 1.59864 16975
/joint r_shoulder 2 0.446988 0.311535 1.67797 16975
/joint r_elbow 2 0.391686 0.197919 1.58888 16975
/joint r_hand 2 0.39088 0.0662552 1.45053 16991
/joint torso 2 0.493714 0.448775 1.71281 16991
/joint l_hip 2 0.517613 0.579939 1.72874 16991
/joint l_knee 2 0.528423 0.813309 1.61437 16991
/joint r_hip 2 0.440278 0.559355 1.66471 17007
/joint r_knee 2 0.469579 0.798842 1.60465 17007
/joint head 2 0.527678 0.214721 1.73777 17007
/joint neck 2 0.509048 0.328521 1.72862 17007
/joint l_shoulder 2 0.570469 0.345133 1.77972 17023
/joint l_elbow 2 0.620703 0.464746 1.77548 17023
/joint l_hand 2 0.66156 0.549724 1.603 17023
/joint r_shoulder 2 0.447627 0.311909 1.67752 17023
/joint r_elbow 2 0.392002 0.197878 1.58913 17039
/joint r_hand 2 0.391618 0.0661436 1.4509 17039
/joint torso 2 0.493903 0.449341 1.71306 17039
/joint l_hip 2 0.517379 0.580606 1.72964 17039
/joint l_knee 2 0.528401 0.813452 1.61296 17056
/joint r_hip 2 0.440137 0.559715 1.66537 17056
/joint r_knee 2 0.469824 0.798897 1.60337 17056
/joint head 2 0.528647 0.215286 1.73488 17056
/joint neck 2 0.509459 0.329099 1.72761 17072
/joint l_shoulder 2 0.570902 0.345918 1.77846 17072
/joint l_elbow 2 0.619144 0.467941 1.77445 17072
/joint l_hand 2 0.660629 0.557173 1.60627 17072
/joint r_shoulder 2 0.448017 0.312281 1.67675 17088
/joint r_elbow 2 0.392468 0.197979 1.5893 17088
/joint r_hand 2 0.391999 0.0662618 1.45102 17088
/joint torso 2 0.493839 0.449866 1.71323 17088
/joint l_hip 2 0.516854 0.581209 1.73083 17104
/joint l_knee 2 0.528324 0.813687 1.61268 17104
/joint r_hip 2 0.439585 0.560058 1.66688 17104
/joint r_knee 2 0.469398 0.799035 1.60336 17104
/joint head 2 0.529481 0.215419 1.73474 17120
/joint neck 2 0.509897 0.329349 1.7278 17120
/joint l_shoulder 2 0.571286 0.346355 1.77878 17120
/joint l_elbow 2 0.618206 0.470917 1.77299 17120
/joint l_hand 2 0.659056 0.56438 1.60917 17137
/joint r_shoulder 2 0.448509 0.312344 1.67682 17137
/joint r_elbow 2 0.392823 0.19751 1.5893 17137
/joint r_hand 2 0.392804 0.0661258 1.45032 17137
/joint torso 2 0.493981 0.450075 1.71385 17138
/joint l_hip 2 0.516666 0.581493 1.73196 17154
/joint l_knee 2 0.528609 0.813538 1.6121 17154
/joint r_hip 2 0.439464 0.560107 1.66785 17154
/joint r_knee 2 0.470047 0.7986 1.60175 17154
/joint head 2 0.530418 0.216066 1.73277 17171
/joint neck 2 0.510396 0.329858 1.72682 17171
/joint l_shoulder 2 0.571818 0.347042 1.77751 17171
/joint l_elbow 2 0.616989 0.473191 1.77198 17171
/joint l_hand 2 0.657215 0.570811 1.61152 17187
/joint r_shoulder 2 0.448974 0.312673 1.67613 17187
/joint r_elbow 2 0.393111 0.197217 1.5889 17187
/joint r_hand 2 0.393455 0.06574 1.4501 17187
/joint torso 2 0.494167 0.450539 1.71343 17203
/joint l_hip 2 0.516561 0.582027 1.73191 17203
/joint l_knee 2 0.528714 0.813632 1.61023 17203
/joint r_hip 2 0.439317 0.560416 1.66816 17203
/joint r_knee 2 0.469921 0.798648 1.60002 17219
/joint head 2 0.531441 0.216917 1.73087 17219
/joint neck 2 0.510931 0.330465 1.72598 17219
/joint l_shoulder 2 0.572397 0.347876 1.77628 17219
/joint l_elbow 2 0.616017 0.476364 1.77071 17237
/joint l_hand 2 0.655651 0.578024 1.61488 17237
/joint r_shoulder 2 0.449464 0.313055 1.67568 17237
/joint r_elbow 2 0.393373 0.197109 1.5888 17237
/joint r_hand 2 0.394112 0.0656506 1.44997 17253
/joint torso 2 0.494315 0.451085 1.71325 17253
/joint l_hip 2 0.51635 0.582653 1.73216 17253
/joint l_knee 2 0.528679 0.813965 1.6093 17253
/joint r_hip 2 0.43905 0.560757 1.6689 17253
/joint r_knee 2 0.469539 0.798882 1.59972 17269
/joint head 2 0.532422 0.217576 1.72951 17269
/joint neck 2 0.511493 0.330996 1.72543 17269
/joint l_shoulder 2 0.572958 0.348617 1.77558 17269
/joint l_elbow 2 0.614769 0.479529 1.76875 17285
/joint l_hand 2 0.653741 0.584624 1.61701 17285
/joint r_shoulder 2 0.450029 0.313376 1.67528 17285
/joint r_elbow 2 0.393774 0.197185 1.58932 17285
/joint r_hand 2 0.394435 0.0658251 1.45026 17301
/joint torso 2 0.494531 0.451558 1.71328 17301
/joint l_hip 2 0.516218 0.583199 1.73265 17301
/joint l_knee 2 0.528365 0.814188 1.60837 17301
/joint r_hip 2 0.438921 0.56104 1.66959 17317
/joint r_knee 2 0.469822 0.798849 1.59871 17317
/joint head 2 0.533276 0.218325 1.72842 17317
/joint neck 2 0.512023 0.331591 1.72488 17317
/joint l_shoulder 2 0.573529 0.349367 1.7747 17333
/joint l_elbow 2 0.613302 0.482164 1.76828 17333
/joint l_hand 2 0.651786 0.589938 1.62052 17333
/joint r_shoulder 2 0.450517 0.313815 1.67506 17333
/joint r_elbow 2 0.394475 0.197165 1.59023 17350
/joint r_hand 2 0.394581 0.0661825 1.45038 17350
/joint torso 2 0.494791 0.45211 1.71323 17350
/joint l_hip 2 0.516234 0.583806 1.73289 17350
/joint l_knee 2 0.528433 0.814282 1.60651 17366
/joint r_hip 2 0.438883 0.561451 1.67024 17366
/joint r_knee 2 0.469931 0.799016 1.59781 17366
/joint head 2 0.534309 0.219044 1.72786 17366
/joint neck 2 0.512553 0.33214 1.72468 17382
/joint l_shoulder 2 0.573979 0.350221 1.77464 17382
/joint l_elbow 2 0.612283 0.485316 1.76681 17382
/joint l_hand 2 0.649596 0.596526 1.62276 17382
/joint r_shoulder 2 0.451126 0.314059 1.67472 17398
/joint r_elbow 2 0.395083 0.197749 1.5913 17398
/joint r_hand 2 0.394595 0.0669335 1.45112 17398
/joint torso 2 0.494937 0.452571 1.71325 17398
/joint l_hip 2 0.515948 0.584372 1.73323 17414
/joint l_knee 2 0.527975 0.814656 1.60599 17414
/joint r_hip 2 0.438696 0.561632 1.6704 17414
/joint r_knee 2 0.469677 0.798961 1.59612 17414
/joint head 2 0.535309 0.220146 1.72741 17430
/joint neck 2 0.51329 0.332869 1.72455 17430
/joint l_shoulder 2 0.574637 0.35122 1.77468 17430
/joint l_elbow 2 0.611468 0.48763 1.76641 17430
/joint l_hand 2 0.647685 0.602225 1.62641 17448
/joint r_shoulder 2 0.451943 0.314518 1.67442 17448
/joint r_elbow 2 0.396026 0.19744 1.59175 17448
/joint r_hand 2 0.394811 0.0669799 1.45086 17448
/joint torso 2 0.495336 0.453221 1.7133 17465
/joint l_hip 2 0.515958 0.585113 1.73358 17465
/joint l_knee 2 0.52804 0.814996 1.60474 17465
/joint r_hip 2 0.438808 0.562035 1.67053 17465
/joint r_knee 2 0.470006 0.799179 1.5953 17482
/joint head 2 0.536168 0.220973 1.72659 17482
/joint neck 2 0.513832 0.333523 1.72417 17482
/joint l_shoulder 2 0.57519 0.352125 1.77404 17482
/joint l_elbow 2 0.610895 0.490521 1.76516 17482
/joint l_hand 2 0.645518 0.608472 1.62831 17498
/joint r_shoulder 2 0.452475 0.31492 1.6743 17498
/joint r_elbow 2 0.396981 0.197747 1.59221 17498
/joint r_hand 2 0.394821 0.0674169 1.45113 17498
/joint torso 2 0.495554 0.453801 1.71317 17516
/joint l_hip 2 0.515857 0.585776 1.73354 17516
/joint l_knee 2 0.527798 0.815171 1.60271 17516
/joint r_hip 2 0.438694 0.562381 1.67082 17516
/joint r_knee 2 0.469799 0.799466 1.59501 17533
/joint head 2 0.53721 0.221904 1.72593 17533
/joint neck 2 0.514429 0.33421 1.72393 17533
/joint l_shoulder 2 0.575749 0.353188 1.77366 17533
/joint l_elbow 2 0.609656 0.492938 1.76509 17549
/joint l_hand 2 0.642918 0.613857 1.63147 17549
/joint r_shoulder 2 0.453109 0.315233 1.6742 17549
/joint r_elbow 2 0.397868 0.198312 1.59367 17549
/joint r_hand 2 0.395489 0.0681843 1.45217 17549
/joint torso 2 0.495642 0.454364 1.71343 17566
/joint l_hip 2 0.515412 0.58645 1.7342 17566
/joint l_knee 2 0.527426 0.815574 1.60233 17566
/joint r_hip 2 0.438295 0.562584 1.67166 17566
/joint r_knee 2 0.469215 0.7996 1.59507 17583
/joint head 2 0.538322 0.222754 1.72602 17583
/joint neck 2 0.515161 0.334933 1.72414 17583
/joint l_shoulder 2 0.576404 0.354242 1.77396 17583
/joint l_elbow 2 0.608273 0.495498 1.76441 17600
/joint l_hand 2 0.640416 0.618952 1.63403 17600
/joint r_shoulder 2 0.453917 0.315624 1.67432 17600
/joint r_elbow 2 0.398672 0.198901 1.5947 17600
/joint r_hand 2 0.39581 0.06911 1.45254 17616
/joint torso 2 0.495981 0.454982 1.71377 17616
/joint l_hip 2 0.515311 0.587173 1.73472 17616
/joint l_knee 2 0.527808 0.816095 1.60224 17616
/joint r_hip 2 0.43829 0.56289 1.67206 17632
/joint r_knee 2 0.469677 0.799453 1.59311 17632
/joint head 2 0.53939 0.223741 1.72563 17632
/joint neck 2 0.515668 0.335761 1.72419 17632
/joint l_shoulder 2 0.576828 0.355583 1.77395 17649
/joint l_elbow 2 0.606698 0.498066 1.76418 17649
/joint l_hand 2 0.63777 0.623731 1.63725 17649
/joint r_shoulder 2 0.454508 0.315939 1.67443 17649
/joint r_elbow 2 0.399404 0.199285 1.59537 17649
/joint r_hand 2 0.396125 0.0697209 1.45277 17667
/joint torso 2 0.495838 0.45563 1.71425 17667
/joint l_hip 2 0.514467 0.587964 1.7356 17667
/joint l_knee 2 0.527186 0.816687 1.60243 17667
/joint r_hip 2 0.437548 0.563034 1.67301 17684
/joint r_knee 2 0.468937 0.799414 1.59285 17684
/joint head 2 0.54059 0.224733 1.72578 17684
/joint neck 2 0.516391 0.336636 1.72439 17684
/joint l_shoulder 2 0.577428 0.356849 1.77439 17700
/joint l_elbow 2 0.605672 0.500643 1.76337 17700
/joint l_hand 2 0.635088 0.62872 1.63992 17700
/joint r_shoulder 2 0.455353 0.316422 1.67438 17700
/joint r_elbow 2 0.400141 0.199265 1.59574 17716
/joint r_hand 2 0.396036 0.0702739 1.4521 17716
/joint torso 2 0.496075 0.456369 1.71468 17716
/joint l_hip 2 0.51414 0.588812 1.73642 17716
/joint l_knee 2 0.528051 0.816949 1.60148 17733
/joint r_hip 2 0.437378 0.563391 1.67353 17733
/joint r_knee 2 0.469442 0.799304 1.59136 17733
/joint head 2 0.541924 0.225869 1.72637 17733
/joint neck 2 0.517105 0.337415 1.72474 17733
/joint l_shoulder 2 0.577956 0.358211 1.77509 17749
/joint l_elbow 2 0.604538 0.503121 1.7624 17749
/joint l_hand 2 0.632659 0.633586 1.64178 17749
/joint r_shoulder 2 0.456255 0.316619 1.67438 17749
/joint r_elbow 2 0.400883 0.200051 1.59656 17767
/joint r_hand 2 0.396038 0.0716844 1.45179 17767
/joint torso 2 0.496083 0.456931 1.71529 17767
/joint l_hip 2 0.513326 0.589526 1.73751 17767
/joint l_knee 2 0.527591 0.817223 1.60106 17783
/joint r_hip 2 0.436795 0.563371 1.67419 17783
/joint r_knee 2 0.468875 0.799083 1.59076 17783
/joint head 2 0.543281 0.226659 1.72591 17783
/joint neck 2 0.517772 0.338108 1.72462 17800
/joint l_shoulder 2 0.578529 0.359437 1.77491 17800
/joint l_elbow 2 0.60332 0.505935 1.7621 17800
/joint l_hand 2 0.629956 0.637861 1.6427 17800
/joint r_shoulder 2 0.457014 0.316778 1.67432 17816
/joint r_elbow 2 0.40154 0.200402 1.59644 17816
/joint r_hand 2 0.396356 0.0722996 1.45117 17816
/joint torso 2 0.496096 0.457424 1.7155 17816
/joint l_hip 2 0.512625 0.590152 1.73802 17834
/joint l_knee 2 0.528032 0.81697 1.59879 17834
/joint r_hip 2 0.436215 0.563327 1.67477 17834
/joint r_knee 2 0.468849 0.798957 1.59168 17834
/joint head 2 0.544448 0.22774 1.72554 17834
/joint neck 2 0.518365 0.338875 1.72457 17851
/joint l_shoulder 2 0.579064 0.360711 1.77464 17851
/joint l_elbow 2 0.602112 0.508186 1.76202 17851
/joint l_hand 2 0.627894 0.641594 1.64459 17851
/joint r_shoulder 2 0.457666 0.31704 1.67449 17867
/joint r_elbow 2 0.402115 0.200343 1.59618 17867
/joint r_hand 2 0.397249 0.072802 1.44976 17867
/joint torso 2 0.496049 0.457992 1.7159 17867
/joint l_hip 2 0.511901 0.590839 1.73872 17884
/joint l_knee 2 0.528211 0.817193 1.59821 17884
/joint r_hip 2 0.435565 0.563378 1.67574 17884
/joint r_knee 2 0.468657 0.798841 1.59231 17884
/joint head 2 0.545938 0.228448 1.72572 17884
/joint neck 2 0.519044 0.339377 1.72478 17901
/joint l_shoulder 2 0.579621 0.361955 1.77468 17901
/joint l_elbow 2 0.601145 0.509883 1.76195 17901
/joint l_hand 2 0.625926 0.644696 1.64646 17901
/joint r_shoulder 2 0.458467 0.316799 1.67488 17917
/joint r_elbow 2 0.402596 0.200273 1.59573 17917
/joint r_hand 2 0.398964 0.073085 1.44855 17917
/joint torso 2 0.495848 0.45819 1.71646 17917
/joint l_hip 2 0.510746 0.591203 1.73952 17933
/joint l_knee 2 0.527941 0.816747 1.59653 17933
/joint r_hip 2 0.434557 0.562806 1.67676 17933
/joint r_knee 2 0.468423 0.797753 1.59133 17933
/joint head 2 0.547437 0.229244 1.72555 17950
/joint neck 2 0.519755 0.339921 1.72484 17950
/joint l_shoulder 2 0.580231 0.363186 1.7745 17950
/joint l_elbow 2 0.600216 0.511344 1.76174 17950
/joint l_hand 2 0.62337 0.647113 1.6481 17967
/joint r_shoulder 2 0.45928 0.316656 1.67518 17967
/joint r_elbow 2 0.403144 0.200219 1.59534 17967
/joint r_hand 2 0.400108 0.0731906 1.44777 17967
---STOP: 2014-01-14-16-48-50-248---
