Gesto: 1
0 0.698383 0.30276 1.61205 763
0 0.697342 0.317453 1.60704 828
0 0.697106 0.331834 1.59983 896
0 0.696441 0.346579 1.59816 964
0 0.695128 0.361049 1.58859 1046
0 0.691982 0.375093 1.58396 1113
0 0.689641 0.389922 1.58197 1181
0 0.686972 0.405655 1.57822 1248
0 0.685463 0.420863 1.57983 1314
0 0.682493 0.439021 1.57498 1396
0 0.679079 0.454897 1.57032 1464
0 0.677152 0.470255 1.56899 1532
0 0.671976 0.485852 1.5681 1599
0 0.668041 0.50001 1.56495 1667
0 0.663112 0.513404 1.56699 1733
0 0.659528 0.52672 1.57201 1801
0 0.65225 0.536183 1.57148 1886
0 0.648886 0.547138 1.57349 1953
0 0.643003 0.558272 1.57452 2020
0 0.633813 0.565283 1.57665 2087
0 0.628084 0.573817 1.57635 2153
0 0.6209 0.584325 1.57535 2221
1 0.419085 0.390091 1.39098 4182
1 0.418445 0.374493 1.39077 4264
1 0.417073 0.357632 1.39159 4330
1 0.416742 0.341701 1.39312 4398
1 0.416857 0.32729 1.39568 4465
1 0.416087 0.313214 1.39824 4532
1 0.416039 0.298746 1.40302 4601
1 0.416824 0.28577 1.40852 4686
1 0.416703 0.272815 1.41416 4753
1 0.41641 0.261767 1.42006 4821
1 0.416856 0.251355 1.42163 4889
1 0.416926 0.242636 1.4226 4957
1 0.416083 0.233696 1.42688 5025
1 0.417036 0.227562 1.43416 5075
1 0.417465 0.223354 1.44377 5143
1 0.418436 0.220224 1.44781 5211
1 0.419276 0.215238 1.45018 5279
1 0.417587 0.210417 1.45182 5347
1 0.416854 0.208481 1.45431 5414
1 0.416529 0.207189 1.45812 5465
1 0.416632 0.207121 1.45901 5531
1 0.417296 0.20723 1.45241 5599
1 0.419741 0.211766 1.44951 5666
1 0.4179 0.215759 1.44357 5733
1 0.416946 0.220525 1.43611 5799
1 0.415973 0.228378 1.43015 5865
1 0.415384 0.237996 1.42707 5933
1 0.415818 0.249276 1.42043 5985
1 0.416099 0.261701 1.41511 6054
1 0.414029 0.275349 1.40988 6119
1 0.414717 0.292748 1.4087 6183
1 0.414897 0.309069 1.40637 6265
2 0.442582 0.495109 1.41625 6940
2 0.449033 0.510861 1.42496 7007
2 0.45656 0.52911 1.4334 7075
2 0.464582 0.545247 1.44279 7141
2 0.473341 0.56122 1.45494 7210
2 0.482733 0.575518 1.46731 7293
2 0.491244 0.587483 1.47754 7360
2 0.500073 0.598433 1.48312 7425
2 0.512115 0.607385 1.49474 7491
2 0.524565 0.61274 1.50321 7574
2 0.537246 0.616649 1.5129 7641
2 0.550384 0.615882 1.52306 7708
2 0.563018 0.613781 1.52996 7777
2 0.575531 0.607794 1.53314 7843
2 0.58809 0.601205 1.53542 7910
2 0.599596 0.592282 1.53516 7994
2 0.611487 0.583649 1.54102 8060
2 0.621397 0.570958 1.5438 8126
2 0.63171 0.560415 1.54312 8193
2 0.640144 0.547106 1.54145 8260
2 0.646587 0.53183 1.54405 8343
2 0.654688 0.516164 1.5468 8410
2 0.664052 0.501993 1.54888 8477
2 0.670383 0.487494 1.55227 8544
2 0.677535 0.473191 1.55403 8612
2 0.683018 0.458625 1.56197 8679
2 0.689819 0.444518 1.56259 8763
2 0.695472 0.431353 1.56518 8830
2 0.700256 0.417049 1.56898 8897
2 0.699593 0.399475 1.57453 8965
2 0.703515 0.384889 1.57539 9033
2 0.705754 0.369801 1.57678 9117
2 0.708835 0.357009 1.58282 9184
2 0.710482 0.342832 1.58894 9251
2 0.710522 0.328769 1.58887 9318
2 0.710839 0.314518 1.58958 9387
2 0.709612 0.301228 1.59083 9453
2 0.71013 0.290751 1.59874 9520
3 0.666142 0.177732 1.6689 10719
3 0.657113 0.1882 1.67207 10789
3 0.650866 0.203626 1.67249 10858
3 0.644045 0.226162 1.66994 10924
3 0.639231 0.256934 1.66657 10991
3 0.635887 0.291002 1.65223 11058
3 0.636067 0.332693 1.63773 11124
3 0.63948 0.386686 1.6113 11208
3 0.642662 0.45439 1.58433 11276
3 0.647003 0.52764 1.57031 11342
3 0.652358 0.59644 1.59616 11408
3 0.650549 0.660321 1.66848 11476
3 0.638651 0.6973 1.73464 11560
3 0.627119 0.692795 1.78099 11625
3 0.621462 0.684609 1.81694 11690
3 0.617878 0.65984 1.76143 11758
3 0.61834 0.660621 1.72234 11825
3 0.619202 0.662831 1.68066 11906
3 0.620096 0.664033 1.64391 11973
3 0.622251 0.662969 1.6191 12038
