Gesto: 1
0 0.59614 0.639507 1.67058 2916
0 0.596219 0.639585 1.67102 2967
0 0.596045 0.639871 1.67089 3016
0 0.595434 0.639543 1.67079 3066
0 0.595395 0.639825 1.6711 3117
0 0.594466 0.640132 1.67105 3166
0 0.59414 0.63976 1.67062 3216
0 0.593883 0.639289 1.6699 3266
0 0.593205 0.63954 1.66959 3332
0 0.593391 0.639142 1.66972 3380
0 0.593134 0.639251 1.67002 3428
0 0.593083 0.638909 1.6697 3478
0 0.593036 0.638567 1.66946 3529
0 0.593314 0.638015 1.6689 3580
0 0.593496 0.63754 1.66836 3630
0 0.593701 0.6372 1.66842 3682
0 0.593856 0.636938 1.66871 3748
0 0.594152 0.636887 1.66886 3798
0 0.594229 0.636675 1.66846 3848
0 0.594253 0.636461 1.66807 3900
0 0.594456 0.636444 1.66754 3950
0 0.594421 0.636265 1.66683 4000
0 0.594235 0.636459 1.66582 4052
0 0.594375 0.636568 1.66564 4102
0 0.594243 0.636358 1.66434 4150
0 0.593873 0.636384 1.66367 4202
0 0.593544 0.636451 1.66269 4269
0 0.593614 0.636359 1.66244 4320
0 0.593411 0.636413 1.66269 4371
0 0.59327 0.636523 1.66341 4421
0 0.593166 0.636558 1.66408 4472
0 0.593091 0.636671 1.66522 4520
0 0.593017 0.636696 1.66576 4568
0 0.592947 0.636762 1.66661 4634
0 0.59291 0.636854 1.66759 4685
0 0.592856 0.636872 1.66783 4735
0 0.592908 0.635834 1.66997 4784
0 0.592998 0.634762 1.67185 4832
0 0.593103 0.633807 1.67305 4882
0 0.593108 0.632927 1.67378 4933
0 0.593081 0.633368 1.67329 4982
0 0.593168 0.632947 1.67436 5049
0 0.593216 0.632404 1.67508 5101
0 0.593272 0.631943 1.67557 5151
0 0.593307 0.631548 1.67582 5200
0 0.59365 0.631337 1.67726 5250
0 0.593869 0.631144 1.67708 5300
0 0.594064 0.631078 1.67742 5349
0 0.594414 0.630399 1.67684 5399
0 0.595152 0.629917 1.67709 5449

