Gesto: 1
0 0.682693 0.172098 1.57931 2439
0 0.691997 0.171292 1.58903 2489
0 0.702213 0.169734 1.60104 2538
0 0.708212 0.168154 1.60946 2604
0 0.712091 0.166795 1.61519 2654
0 0.713621 0.166789 1.61505 2704
0 0.713662 0.167921 1.60994 2769
0 0.711475 0.173956 1.60446 2819
0 0.707934 0.184745 1.60247 2886
0 0.702092 0.198646 1.5921 2935
0 0.695192 0.216435 1.57752 2984
0 0.690384 0.239444 1.56452 3052
0 0.680426 0.26755 1.55172 3100
0 0.670583 0.30132 1.53891 3167
0 0.656 0.335644 1.53295 3218
0 0.640903 0.371963 1.52917 3269
0 0.627045 0.409154 1.51667 3336
0 0.615593 0.442008 1.50881 3386
0 0.603627 0.473535 1.51039 3437
0 0.590978 0.504582 1.51939 3502
0 0.577487 0.532171 1.52978 3550
0 0.565324 0.554583 1.54325 3601
0 0.554838 0.574623 1.5558 3669
0 0.544702 0.5884 1.56897 3719
0 0.539284 0.597269 1.57936 3771
0 0.535309 0.605343 1.58803 3838
0 0.532194 0.612035 1.58917 3889
0 0.531678 0.614323 1.59169 3939
0 0.531522 0.614838 1.59314 4006

1 0.547742 0.597943 1.61837 4732
1 0.547247 0.602193 1.62878 4782
1 0.547629 0.60647 1.63859 4833
1 0.547089 0.615194 1.64891 4900
1 0.544313 0.627276 1.65564 4950
1 0.542656 0.636451 1.66975 5001
1 0.54124 0.645972 1.68879 5069
1 0.541468 0.655291 1.70941 5118
1 0.541286 0.665621 1.72882 5168
1 0.543651 0.663899 1.75115 5233
1 0.546177 0.661993 1.76517 5285
1 0.546982 0.662269 1.77406 5351
1 0.547003 0.66054 1.78232 5401
1 0.547302 0.660082 1.78621 5451
1 0.545413 0.669551 1.78255 5518
1 0.543595 0.680196 1.78046 5570
1 0.546009 0.674652 1.78396 5621
1 0.549278 0.670447 1.78688 5671
1 0.551713 0.667748 1.78866 5740
1 0.555377 0.667375 1.78871 5791
1 0.558813 0.671604 1.79266 5859
1 0.560178 0.672355 1.79288 5909
1 0.563573 0.674737 1.79741 5978
1 0.563807 0.685411 1.79442 6028
1 0.564644 0.68248 1.80045 6095
1 0.565585 0.68116 1.80169 6147
1 0.566199 0.679399 1.80347 6214
1 0.566529 0.678574 1.80524 6265
1 0.566714 0.678992 1.80654 6316
1 0.565737 0.677695 1.8071 6381
1 0.565288 0.678909 1.80676 6431
1 0.564334 0.678727 1.80616 6497
1 0.564362 0.675018 1.80549 6546
1 0.564021 0.673707 1.80526 6614

