Gesto: 1
0 0.4179 0.215759 1.44357 121023
0 0.416946 0.220525 1.43611 121091
0 0.415973 0.228378 1.43015 121159
0 0.415384 0.237996 1.42707 121210
0 0.415818 0.249276 1.42043 121275
0 0.416099 0.261701 1.41511 121343
0 0.414029 0.275349 1.40988 121409
0 0.414717 0.292748 1.4087 121478
0 0.414897 0.309069 1.40637 121544
0 0.415574 0.327634 1.40133 121612
0 0.416067 0.346241 1.39929 121661
0 0.417825 0.364362 1.39981 121743
0 0.418906 0.383614 1.39952 121794
0 0.42126 0.402884 1.39899 121861
0 0.423836 0.421564 1.40094 121926
0 0.427153 0.440191 1.40373 121992
0 0.432269 0.458457 1.40697 122075
0 0.437966 0.477324 1.41156 122141
0 0.442582 0.495109 1.41625 122206
0 0.449033 0.510861 1.42496 122271
0 0.45656 0.52911 1.4334 122340
0 0.464582 0.545247 1.44279 122425
0 0.473341 0.56122 1.45494 122493
0 0.482733 0.575518 1.46731 122559
0 0.491244 0.587483 1.47754 122624
0 0.500073 0.598433 1.48312 122691
0 0.512115 0.607385 1.49474 122758
0 0.524565 0.61274 1.50321 122825
0 0.537246 0.616649 1.5129 122891
0 0.550384 0.615882 1.52306 122975
0 0.563018 0.613781 1.52996 123041
0 0.575531 0.607794 1.53314 123109
0 0.58809 0.601205 1.53542 123176
0 0.599596 0.592282 1.53516 123243
0 0.611487 0.583649 1.54102 123308
0 0.621397 0.570958 1.5438 123375
0 0.63171 0.560415 1.54312 123459
0 0.640144 0.547106 1.54145 123526
0 0.646587 0.53183 1.54405 123593
0 0.654688 0.516164 1.5468 123659
0 0.664052 0.501993 1.54888 123726
0 0.670383 0.487494 1.55227 123792
0 0.677535 0.473191 1.55403 123860
0 0.683018 0.458625 1.56197 123928
0 0.689819 0.444518 1.56259 123996
0 0.695472 0.431353 1.56518 124064
0 0.700256 0.417049 1.56898 124148
0 0.699593 0.399475 1.57453 124216
0 0.703515 0.384889 1.57539 124283
0 0.705754 0.369801 1.57678 124350
0 0.708835 0.357009 1.58282 124417
0 0.710482 0.342832 1.58894 124484
0 0.710522 0.328769 1.58887 124552
0 0.710839 0.314518 1.58958 124620
0 0.709612 0.301228 1.59083 124688
0 0.71013 0.290751 1.59874 124754
0 0.710816 0.279818 1.60371 124822
0 0.710338 0.267341 1.60391 124906
0 0.709284 0.255711 1.60551 124972
0 0.710235 0.247165 1.60662 125039
0 0.70856 0.236405 1.60967 125122
0 0.70825 0.225206 1.61206 125189
0 0.706138 0.216183 1.61792 125257
0 0.704288 0.208186 1.62436 125341

1 0.605923 0.34752 1.81109 143419
1 0.601786 0.350867 1.80317 143484
1 0.604987 0.354403 1.79386 143551
1 0.609898 0.350369 1.78135 143617
1 0.612419 0.349391 1.76673 143699
1 0.619174 0.347644 1.76283 143766
1 0.619108 0.348396 1.75805 143833
1 0.61943 0.348307 1.75466 143898
1 0.621329 0.347225 1.7567 143966
1 0.620341 0.347386 1.75822 144050
1 0.619745 0.347391 1.76027 144118
1 0.621625 0.347559 1.76119 144202
1 0.621358 0.345985 1.75978 144269
1 0.619195 0.345512 1.75832 144335
1 0.622239 0.349147 1.76002 144402
1 0.6214 0.347031 1.75523 144469
1 0.623376 0.344717 1.75429 144536
1 0.622014 0.343791 1.75195 144604
1 0.62144 0.344211 1.75095 144669
1 0.620907 0.343908 1.75249 144737
1 0.621895 0.345102 1.75185 144805
1 0.62004 0.344197 1.74301 144889
1 0.618532 0.346684 1.74382 144956
1 0.622052 0.348231 1.73765 145024
1 0.62184 0.350219 1.73716 145092
1 0.624194 0.353683 1.73501 145160
1 0.622 0.354283 1.72705 145227
1 0.623475 0.355483 1.72303 145294
1 0.623737 0.356683 1.72137 145361
1 0.626293 0.357322 1.72281 145444
1 0.624095 0.354951 1.71346 145511
1 0.625923 0.355053 1.71963 145579
1 0.626641 0.355589 1.72212 145645
1 0.622661 0.35217 1.71561 145714
1 0.622427 0.354828 1.71195 145781
1 0.62149 0.352239 1.71075 145864
1 0.620857 0.349157 1.70231 145933
1 0.622692 0.352386 1.70941 146000
1 0.623528 0.355813 1.7039 146083
1 0.618135 0.37288 1.73143 146150
1 0.625213 0.354925 1.71171 146218
1 0.623673 0.356892 1.71227 146284
1 0.625239 0.353137 1.71248 146350
1 0.623633 0.351862 1.70965 146433
1 0.616624 0.373547 1.71814 146501
1 0.626374 0.356076 1.71251 146585
1 0.623878 0.358604 1.70497 146652
1 0.627874 0.358954 1.70898 146718
1 0.626196 0.353499 1.70075 146784
1 0.626477 0.353104 1.70061 146854
1 0.629017 0.355119 1.70712 146920
1 0.629289 0.353859 1.70158 146988
1 0.628745 0.352505 1.70248 147054
1 0.622218 0.368506 1.72