Gesto: 1
0 0.658152 0.497299 1.66075 1142
0 0.657893 0.499906 1.66269 1208
0 0.657831 0.50249 1.66481 1258
0 0.657575 0.50501 1.66658 1325
0 0.656504 0.507515 1.66925 1376
0 0.655507 0.509674 1.67191 1442
0 0.654742 0.511878 1.6736 1492
0 0.654091 0.514245 1.67543 1558
0 0.653537 0.516412 1.67737 1624
0 0.65306 0.5186 1.67882 1673
0 0.652686 0.520359 1.67996 1741
0 0.651927 0.522208 1.68107 1808
0 0.651483 0.52408 1.68267 1857
0 0.649959 0.525386 1.68448 1925
0 0.648484 0.526384 1.68696 1975
0 0.647301 0.526898 1.68865 2044
0 0.64651 0.527663 1.69049 2094
0 0.645537 0.528733 1.6926 2160
0 0.644436 0.529856 1.69471 2226
0 0.643434 0.531311 1.69557 2277
0 0.642807 0.532603 1.69603 2343
0 0.642546 0.53387 1.69585 2393
0 0.642346 0.534992 1.69584 2460
0 0.642266 0.535733 1.69618 2527
0 0.64224 0.536483 1.69635 2577
0 0.642303 0.537239 1.69711 2643
0 0.642354 0.537837 1.69773 2692
0 0.642233 0.538313 1.69836 2759
0 0.642329 0.538653 1.69916 2825
0 0.642341 0.538661 1.69926 2874
0 0.64231 0.538737 1.69931 2942
0 0.642336 0.538685 1.69941 2992
0 0.642233 0.538792 1.69949 3058
0 0.642116 0.538927 1.69918 3124
0 0.642188 0.538885 1.69944 3175
0 0.642147 0.538728 1.69973 3242
0 0.642171 0.538742 1.69995 3308

1 0.653509 0.61431 1.67021 4728
1 0.653831 0.616702 1.67009 4777
1 0.655498 0.619096 1.67043 4828
1 0.656894 0.621066 1.66908 4894
1 0.658516 0.621962 1.66742 4946
1 0.660022 0.622668 1.66586 4996
1 0.661157 0.623133 1.66409 5047
1 0.661818 0.621491 1.66356 5097
1 0.663965 0.619595 1.66157 5146
1 0.665966 0.618241 1.66041 5196
1 0.667187 0.616153 1.65852 5246
1 0.66871 0.612698 1.65744 5313
1 0.669751 0.609631 1.65581 5364
1 0.670894 0.606392 1.65331 5415
1 0.671515 0.602788 1.65263 5482
1 0.671806 0.598584 1.64975 5533
1 0.672384 0.594388 1.64662 5583
1 0.673816 0.591045 1.6424 5649
1 0.673956 0.585756 1.63874 5699
1 0.674683 0.580911 1.63494 5748
1 0.674502 0.574404 1.63146 5817
1 0.675045 0.568774 1.62813 5867
1 0.676158 0.562195 1.62442 5916
1 0.677217 0.556136 1.6198 5983
1 0.678094 0.548476 1.61559 6034
1 0.678373 0.541167 1.60991 6085
1 0.678834 0.533343 1.60539 6150
1 0.679899 0.524137 1.60099 6202
1 0.679631 0.514531 1.59504 6253
1 0.679362 0.50399 1.58956 6321
1 0.678631 0.49342 1.58395 6371
1 0.677746 0.48222 1.57805 6422
1 0.67685 0.470967 1.57201 6489
1 0.675762 0.458683 1.56584 6539
1 0.673353 0.446622 1.55873 6591
1 0.670964 0.43404 1.5527 6657
1 0.668337 0.421117 1.54791 6709
1 0.665185 0.409178 1.54235 6759
1 0.662055 0.396306 1.53809 6827
1 0.659342 0.382928 1.53455 6875
1 0.656356 0.369926 1.53151 6927
1 0.653072 0.356686 1.52912 6993
1 0.649587 0.343665 1.52744 7044
1 0.64658 0.331074 1.52578 7095
1 0.642838 0.319257 1.524 7159
1 0.639774 0.307136 1.52413 7208
1 0.636843 0.295164 1.52539 7260
1 0.634557 0.284321 1.52636 7328
1 0.63166 0.273179 1.52815 7379
1 0.629451 0.262678 1.53035 7430
1 0.627354 0.252551 1.53318 7495
1 0.626078 0.242176 1.53689 7545
1 0.624796 0.232654 1.54103 7596

2 0.674571 0.193155 1.66217 9004
2 0.675904 0.201886 1.664 9055
2 0.676917 0.210473 1.66413 9105
2 0.677857 0.219156 1.66335 9156
2 0.679161 0.228873 1.66263 9204
2 0.680058 0.239863 1.66084 9271
2 0.681795 0.251987 1.65885 9322
2 0.683641 0.265382 1.65507 9372
2 0.685217 0.28184 1.6496 9424
2 0.68656 0.298813 1.64415 9474
2 0.687789 0.31671 1.63846 9524
2 0.688862 0.335255 1.63301 9576
2 0.689113 0.354372 1.62739 9627
2 0.689103 0.374507 1.62135 9676
2 0.688703 0.394634 1.61465 9726
2 0.688403 0.414436 1.60908 9776
2 0.686591 0.434328 1.60356 9828
2 0.685029 0.453819 1.59897 9878
2 0.683506 0.472523 1.59456 9945
2 0.6823 0.49067 1.58963 9995
2 0.680517 0.508093 1.58519 10047
2 0.677937 0.525186 1.5811 10098
2 0.67557 0.54169 1.57719 10148
2 0.673228 0.557349 1.57353 10200
2 0.671023 0.573087 1.56992 10250
2 0.668021 0.587351 1.56745 10300
2 0.66551 0.601016 1.56532 10351
2 0.662932 0.614112 1.56438 10400
2 0.660619 0.627384 1.56353 10450
2 0.658107 0.640655 1.56325 10518
2 0.655748 0.652715 1.56316 10569
2 0.653399 0.664749 1.56296 10620
2 0.651082 0.676474 1.56338 10688
2 0.649152 0.687836 1.56312 10738
2 0.647165 0.698861 1.5636 10788
2 0.644997 0.708519 1.56293 10855
2 0.642544 0.718857 1.56364 10906

3 0.590696 0.775407 1.37645 13101
3 0.587765 0.733732 1.36338 13150
3 0.584272 0.691031 1.35424 13200
3 0.5809 0.648794 1.34824 13250
3 0.577522 0.605337 1.34637 13318
3 0.57354 0.559636 1.34853 13369
3 0.568408 0.515 1.35485 13419
3 0.561858 0.472067 1.36506 13472
3 0.555949 0.432085 1.37775 13523
3 0.549874 0.392923 1.39409 13573
3 0.544478 0.356135 1.41215 13625
3 0.539791 0.321925 1.43148 13676
3 0.535986 0.290724 1.4522 13727
3 0.532997 0.26209 1.47441 13777
3 0.530912 0.236364 1.49838 13826
3 0.529443 0.214625 1.52231 13877
3 0.530281 0.1952 1.54726 13927
3 0.53257 0.180697 1.57128 13978
3 0.537526 0.171108 1.59509 14044
3 0.546309 0.165967 1.61649 14094
3 0.559577 0.165202 1.63417 14145
3 0.576153 0.170734 1.64664 14195
3 0.59376 0.182247 1.64558 14246
3 0.605695 0.19416 1.63192 14296
3 0.606942 0.204224 1.60519 14348
3 0.600958 0.208311 1.58457 14397
3 0.593285 0.206511 1.57712 14447
3 0.587592 0.200841 1.57579 14499
3 0.585069 0.193773 1.57781 14550
3 0.585474 0.184874 1.57942 14601
3 0.589371 0.175608 1.58309 14667
3 0.596219 0.166441 1.59033 14717
3 0.603501 0.158556 1.60011 14769
3 0.61117 0.153722 1.61263 14819
3 0.618807 0.151533 1.62562 14870
3 0.625984 0.155279 1.64119 14920
3 0.633984 0.165208 1.65381 14970
3 0.642101 0.190767 1.65403 15020
3 0.653157 0.226185 1.64448 15070
3 0.662077 0.266389 1.64041 15121
3 0.667866 0.303832 1.64 15188
3 0.672183 0.3405 1.64802 15240
3 0.675433 0.373137 1.65848 15289
3 0.678481 0.402916 1.66933 15338
3 0.681156 0.429997 1.68033 15388
3 0.683823 0.454869 1.6922 15438
3 0.687284 0.475207 1.70223 15488
3 0.691133 0.489741 1.71023 15539
3 0.695951 0.497367 1.71569 15590
3 0.700432 0.497273 1.71601 15658
3 0.704949 0.488171 1.71221 15709
3 0.707735 0.47282 1.70381 15758
3 0.708439 0.452559 1.69418 15810
3 0.707858 0.432168 1.68386 15861
3 0.707069 0.412821 1.67395 15910
3 0.707302 0.394105 1.66319 15961
3 0.706947 0.377025 1.65152 16011
3 0.704327 0.360355 1.63736 16061
3 0.698377 0.345802 1.61774 16111
3 0.687358 0.33177 1.59005 16161
3 0.668191 0.321703 1.55612 16226
3 0.641897 0.315439 1.52347 16276
3 0.615612 0.31192 1.50197 16324
3 0.592813 0.307816 1.48384 16376
3 0.57514 0.305715 1.4706 16425
3 0.562945 0.304201 1.46097 16475
3 0.556472 0.303451 1.45202 16541
3 0.555529 0.305115 1.44516 16591
3 0.560795 0.310587 1.44365 16641
3 0.570362 0.317204 1.44643 16690
3 0.583552 0.326679 1.45526 16741
3 0.597743 0.336471 1.46817 16790
3 0.610221 0.348271 1.4849 16841
3 0.622385 0.364489 1.50162 16892
3 0.631398 0.383769 1.51412 16944
3 0.638866 0.401937 1.52481 16994
3 0.647491 0.418406 1.53718 17046
3 0.656468 0.432708 1.5537 17111
3 0.666395 0.445426 1.57397 17161
3 0.676252 0.458383 1.59614 17211
3 0.684868 0.469747 1.6176 17262
3 0.691877 0.479341 1.63275 17314
3 0.697169 0.484968 1.63782 17364
3 0.700792 0.486146 1.63408 17415
3 0.702379 0.482765 1.62392 17465
3 0.702094 0.472496 1.61013 17513
3 0.69975 0.456583 1.59519 17579
3 0.695059 0.435547 1.57969 17630
3 0.688546 0.411645 1.56425 17679
3 0.679698 0.385382 1.54725 17728
3 0.667625 0.35806 1.52861 17779
3 0.65112 0.330346 1.50798 17829
3 0.629491 0.302956 1.48795 17878
3 0.604103 0.278866 1.46768 17929
3 0.57212 0.256362 1.44901 17980
3 0.540971 0.240584 1.43669 18031
3 0.509163 0.23006 1.42903 18081
3 0.477513 0.222733 1.42665 18132
3 0.446875 0.219457 1.42913 18182
3 0.417679 0.219194 1.43585 18231
3 0.390445 0.221591 1.4461 18282

4 0.490657 0.304503 1.45992 21000
4 0.510895 0.326247 1.45412 21048
4 0.526777 0.34528 1.45469 21098
4 0.542248 0.35874 1.45585 21149
4 0.556832 0.367678 1.46304 21200
4 0.569476 0.375136 1.47509 21248
4 0.583665 0.381546 1.48798 21313
4 0.599273 0.390651 1.50119 21363
4 0.613208 0.404603 1.51527 21413
4 0.625425 0.423718 1.53063 21464
4 0.635545 0.440566 1.54653 21514
4 0.644514 0.454397 1.55968 21563
4 0.652073 0.46304 1.56957 21613
4 0.658029 0.467087 1.5754 21681
4 0.663235 0.466248 1.57973 21731
4 0.667472 0.462252 1.58185 21782
4 0.670865 0.453683 1.58376 21833
4 0.673615 0.442967 1.58356 21883
4 0.675824 0.42917 1.5828 21934
4 0.676925 0.412392 1.5824 21985
4 0.677462 0.39608 1.57906 22034
4 0.678061 0.377864 1.57508 22082
4 0.678755 0.360929 1.57024 22134
4 0.678933 0.343878 1.5673 22199
4 0.67901 0.328772 1.56443 22249
4 0.678969 0.316295 1.56229 22300
4 0.677826 0.305301 1.56163 22349
4 0.67705 0.296276 1.55953 22399
4 0.67682 0.287446 1.55863 22451
4 0.676705 0.280271 1.55758 22502
4 0.675755 0.273919 1.55652 22551
4 0.674923 0.268828 1.55608 22602
4 0.674507 0.264908 1.557 22653
4 0.674087 0.262819 1.55981 22705
4 0.674494 0.261243 1.56157 22771
4 0.675042 0.262072 1.56429 22821
4 0.67548 0.268494 1.56667 22872
4 0.675855 0.284045 1.56151 22922
4 0.675174 0.312216 1.54606 22972
4 0.671708 0.345517 1.53223 23022
4 0.666907 0.376822 1.52323 23072
4 0.661412 0.403549 1.51717 23121
4 0.656601 0.425247 1.51344 23172
4 0.652662 0.442096 1.51244 23239
4 0.649967 0.455092 1.5129 23289
4 0.648181 0.465278 1.51794 23340
4 0.648148 0.474792 1.52314 23391
4 0.648601 0.481979 1.53027 23441
4 0.651187 0.489096 1.53621 23489
4 0.654539 0.495189 1.54523 23541
4 0.657355 0.500046 1.55484 23591
4 0.659982 0.502397 1.56311 23641
4 0.66165 0.503079 1.57044 23691
4 0.662908 0.501846 1.57434 23760
4 0.66244 0.499318 1.57292 23811
4 0.659824 0.494676 1.56695 23861
4 0.652745 0.488109 1.55573 23909
4 0.640069 0.481232 1.53724 23958
4 0.621917 0.472999 1.51825 24008
4 0.599186 0.464068 1.50703 24059
4 0.577496 0.455538 1.49445 24109
4 0.55896 0.44897 1.48292 24175
4 0.545675 0.443253 1.47503 24227
4 0.538442 0.44117 1.46998 24278
4 0.536603 0.443288 1.46538 24327
4 0.538216 0.448211 1.46297 24378
4 0.54256 0.45191 1.46182 24428
4 0.54956 0.451761 1.45771 24478
4 0.557074 0.444942 1.4513 24527
4 0.564243 0.430605 1.44261 24579
4 0.570453 0.411029 1.43566 24628
4 0.575936 0.386777 1.43228 24680
4 0.580117 0.360761 1.43217 24747
4 0.58396 0.334659 1.43651 24798
4 0.587 0.312291 1.44404 24848
4 0.589869 0.295155 1.45089 24898
4 0.592255 0.286235 1.45565 24948
4 0.593984 0.287284 1.45439 24999
4 0.59576 0.29648 1.44603 25051
4 0.597538 0.311679 1.43539 25101
4 0.598942 0.330576 1.42922 25150
4 0.599335 0.349701 1.4267 25199
4 0.599446 0.367772 1.42712 25265
4 0.599488 0.384054 1.42745 25315
4 0.599466 0.398351 1.42834 25365
4 0.598973 0.411134 1.42982 25414
4 0.599073 0.421795 1.43151 25464
4 0.599769 0.429412 1.43346 25514
4 0.601705 0.434924 1.43553 25563
4 0.602769 0.437799 1.43749 25630
4 0.603617 0.437441 1.43899 25680
4 0.605981 0.432228 1.44134 25729
4 0.609202 0.421088 1.44669 25780
4 0.612076 0.405835 1.45586 25831
4 0.615549 0.391411 1.46599 25881
4 0.618012 0.379799 1.48067 25930
4 0.620594 0.372187 1.49438 25980
4 0.624566 0.370135 1.50626 26047
4 0.631087 0.373428 1.5167 26098
4 0.641223 0.382287 1.52905 26147
4 0.65155 0.394806 1.54328 26196

