Gesto: 1
0 0.274927 0.440707 1.55179 1002
0 0.274635 0.440594 1.55145 1069
0 0.274896 0.440654 1.54969 1136
0 0.275245 0.44021 1.55039 1221
0 0.275816 0.440481 1.5452 1289
0 0.276071 0.440306 1.54456 1374
0 0.276251 0.440225 1.54423 1441
0 0.276386 0.440091 1.54507 1523
0 0.277008 0.440225 1.54115 1590
0 0.277771 0.440342 1.53683 1673
0 0.278581 0.440762 1.53009 1741
0 0.278651 0.440942 1.52735 1826
0 0.281668 0.439992 1.53216 1892
0 0.283899 0.440564 1.53541 1961
0 0.285549 0.441488 1.53344 2046
0 0.286429 0.441998 1.53234 2114
0 0.287496 0.442388 1.52724 2198
0 0.291963 0.442035 1.52752 2265
0 0.29665 0.442741 1.51644 2349
0 0.303022 0.443365 1.51127 2418
0 0.312009 0.443309 1.50302 2486
0 0.321937 0.44425 1.4923 2570
0 0.332572 0.447927 1.4727 2637
0 0.346403 0.450363 1.4655 2722
0 0.36125 0.452505 1.46179 2789
0 0.378793 0.449938 1.4536 2856
0 0.39509 0.452549 1.4419 2939
0 0.412656 0.452546 1.432 3004
0 0.429085 0.453947 1.42848 3069
/n1 0.728867 0.384043 1.83203 5054
1 0.725681 0.384371 1.83786 5120
1 0.722135 0.385244 1.8353 5202
1 0.72085 0.387662 1.82938 5266
1 0.724454 0.389261 1.82045 5348
1 0.728409 0.38963 1.82333 5417
1 0.728468 0.391709 1.81875 5500
1 0.728065 0.392759 1.81612 5568
1 0.7268 0.392241 1.8116 5653
1 0.725228 0.392112 1.80447 5720
1 0.720944 0.390495 1.79739 5804
1 0.71737 0.389251 1.79081 5871
1 0.715017 0.388672 1.78591 5956
1 0.712031 0.386804 1.78048 6022
1 0.706477 0.387201 1.77689 6105
1 0.700526 0.385884 1.76762 6172
1 0.692186 0.384935 1.76184 6256
1 0.68565 0.385643 1.75093 6322
1 0.67886 0.391735 1.73935 6406
1 0.669788 0.398022 1.72923 6472
1 0.661196 0.410361 1.71524 6555
1 0.648354 0.432907 1.69975 6622
1 0.637555 0.458402 1.68593 6690
1 0.624193 0.48762 1.67306 6774
1 0.610728 0.524139 1.66062 6842
/n