Gesto: 1
0 0.582367 0.584164 1.51609 29459
0 0.604032 0.564519 1.52905 29527
0 0.625092 0.540558 1.54104 29595
0 0.640593 0.510412 1.55206 29662
0 0.657409 0.479032 1.56812 29729
0 0.669511 0.4498 1.58497 29794
0 0.685549 0.419107 1.60126 29862
0 0.695699 0.386291 1.6229 29928
0 0.705842 0.35554 1.6441 30012
0 0.708211 0.327669 1.66374 30080
0 0.711052 0.300099 1.68365 30146
0 0.712999 0.276696 1.69971 30213
0 0.713651 0.254441 1.71736 30282
0 0.711359 0.235723 1.73177 30350
0 0.709076 0.217999 1.74197 30417
0 0.706772 0.202533 1.74825 30485
0 0.702887 0.191962 1.75458 30552
0 0.700052 0.186484 1.75871 30618
0 0.697728 0.180236 1.75991 30686
0 0.696949 0.181518 1.75582 30755
0 0.696238 0.183724 1.74693 30842

1 0.650205 0.521668 1.55919 31669
1 0.629514 0.558544 1.55047 31736
1 0.606258 0.587027 1.54687 31804
1 0.579328 0.607832 1.54163 31871
1 0.55089 0.622007 1.53537 31938
1 0.525861 0.628256 1.527 32005
1 0.500715 0.625217 1.51484 32073
1 0.477709 0.614624 1.50099 32141
1 0.456629 0.597273 1.48374 32207
1 0.437649 0.573714 1.46779 32275
1 0.420361 0.549072 1.45479 32343
1 0.406122 0.521648 1.44229 32411
1 0.397489 0.486787 1.43444 32491
1 0.389205 0.45094 1.42647 32559
1 0.381848 0.417489 1.42176 32627
1 0.378135 0.382467 1.42153 32695
1 0.374905 0.352242 1.42313 32762
1 0.374557 0.32207 1.42939 32829
1 0.374122 0.294311 1.43869 32897
1 0.374075 0.269711 1.4445 32965
1 0.376461 0.249124 1.45005 33033
1 0.378393 0.231464 1.4551 33099
1 0.382072 0.216738 1.46158 33165
1 0.383576 0.207752 1.46719 33233
1 0.384922 0.198489 1.4675 33301

