Gesto: 1
0 0.342124 0.472531 2.24497 235359
0 0.342906 0.473979 2.23939 235392
0 0.342875 0.472858 2.24429 235427
0 0.342362 0.472962 2.24226 235461
0 0.342313 0.474265 2.2397 235495
0 0.338825 0.474385 2.24552 235918
0 0.339556 0.474217 2.25006 235951
0 0.339896 0.47371 2.24585 235985
0 0.343954 0.474891 2.2421 236019
0 0.345371 0.473775 2.24909 236053
0 0.347628 0.476612 2.2511 236087
0 0.350072 0.476584 2.24862 236120
0 0.372386 0.456463 2.26812 236592
0 0.372099 0.457731 2.26688 236625
0 0.372504 0.457131 2.26513 236659
0 0.373117 0.457753 2.26263 236693
0 0.372047 0.460861 2.26108 236727
0 0.371376 0.462088 2.26521 236760
0 0.219273 0.514238 2.23496 243035
0 0.220825 0.515339 2.23629 243068
0 0.217657 0.514418 2.2339 243102
0 0.217933 0.512239 2.2311 243136
0 0.222446 0.510621 2.22818 243153
0 0.226449 0.50722 2.22867 243204
0 0.229929 0.504572 2.22421 243237
0 0.238683 0.501787 2.20163 243271
0 0.244466 0.49684 2.18588 243288
0 0.248265 0.492587 2.17241 243321
0 0.249975 0.482532 2.16572 243372
0 0.256346 0.474709 2.16308 243389
0 0.260442 0.461081 2.1612 243422
0 0.263933 0.453592 2.14985 243472
0 0.266043 0.440182 2.13883 243488
0 0.267884 0.426581 2.12821 243521
0 0.270985 0.412887 2.11818 243571
0 0.272481 0.402418 2.10696 243605
0 0.27315 0.389491 2.09814 243621
0 0.275431 0.374283 2.09273 243672
0 0.276226 0.360966 2.09585 243689
0 0.276573 0.349597 2.09069 243722
0 0.277202 0.340061 2.09129 243772
0 0.279507 0.330115 2.09327 243790
0 0.283018 0.322936 2.09288 243823
0 0.284541 0.315037 2.09512 243857
0 0.285769 0.30665 2.09741 243891
0 0.286754 0.303233 2.09676 243925
0 0.28703 0.295884 2.09497 243958
0 0.290015 0.29367 2.08993 243991
0 0.295819 0.292998 2.09337 244025
0 0.299922 0.293374 2.09723 244059
0 0.307009 0.296362 2.09658 244093
0 0.311805 0.30361 2.09776 244126
0 0.316331 0.312584 2.10383 244160
0 0.322766 0.324996 2.11069 244193
0 0.328496 0.340805 2.12008 244227
0 0.333249 0.358035 2.12356 244261
0 0.336969 0.379253 2.13171 244294
0 0.341251 0.401178 2.14411 244328
0 0.344205 0.428998 2.15561 244361
0 0.349401 0.45651 2.16585 244394
0 0.353937 0.478453 2.18269 244428
0 0.356824 0.498061 2.20333 244462
0 0.359737 0.509908 2.21488 244497
0 0.363451 0.520374 2.22955 244530
0 0.367788 0.524337 2.2383 244564

1 0.312607 0.451198 2.18333 245134
1 0.312249 0.454477 2.17863 245167
1 0.310758 0.453157 2.17318 245202
1 0.309638 0.458974 2.1587 245235
1 0.308891 0.456231 2.16118 245269
1 0.308036 0.453308 2.16033 245302
1 0.303305 0.456036 2.16303 245336
1 0.301348 0.456855 2.16028 245370
1 0.292866 0.45486 2.159 245403
1 0.285166 0.455409 2.16376 245437
1 0.276976 0.454952 2.1686 245471
1 0.269645 0.454212 2.17439 245489
1 0.261789 0.454633 2.17145 245538
1 0.254642 0.454376 2.17184 245571
1 0.247518 0.454876 2.17098 245588
1 0.241091 0.45322 2.16987 245638

2 0.418457 0.528733 2.24491 247374
2 0.418699 0.527481 2.24516 247406
2 0.417392 0.52775 2.24253 247438
2 0.418239 0.526159 2.24042 247470
2 0.418166 0.521627 2.23531 247503
2 0.419469 0.512697 2.21987 247536
2 0.420727 0.496687 2.20813 247569
2 0.425336 0.467849 2.19202 247604
2 0.428057 0.430367 2.17974 247637
2 0.429835 0.398484 2.17035 247669
2 0.430375 0.370894 2.16661 247703
2 0.43139 0.350559 2.16986 247735
2 0.431494 0.334522 2.16928 247768
2 0.432941 0.32218 2.16486 247801
2 0.437542 0.318342 2.17221 247834
2 0.443585 0.322953 2.17751 247868
2 0.453942 0.338378 2.18612 247902
2 0.468122 0.35778 2.19435 247934
2 0.482942 0.385427 2.20836 247967
2 0.496821 0.413012 2.24791 248001
2 0.502455 0.448915 2.29336 248035
2 0.505232 0.478868 2.34188 248069
2 0.506777 0.504814 2.37124 248103
2 0.505752 0.521295 2.39432 248137
2 0.506697 0.53763 2.4087 248170
2 0.507998 0.547154 2.42551 248204
2 0.510618 0.548576 2.43654 248238
2 0.517429 0.541478 2.44809 248272
2 0.523631 0.525113 2.44335 248306
2 0.532675 0.502544 2.43187 248339
2 0.543752 0.470429 2.42536 248372
2 0.551989 0.429839 2.41878 248405
2 0.555357 0.388012 2.40587 248438
2 0.556401 0.343274 2.39354 248472
2 0.556506 0.299222 2.38001 248506
2 0.555997 0.256331 2.36738 248539
2 0.551808 0.222445 2.36262 248572
2 0.542775 0.189179 2.363 248606
2 0.529694 0.167113 2.35104 248640

3 0.601477 0.334383 2.15264 250535
3 0.600811 0.335834 2.15148 250568
3 0.603281 0.336691 2.15746 250600
3 0.607016 0.346017 2.163 250631
3 0.60962 0.354268 2.16115 250663
3 0.611265 0.367732 2.16968 250696
3 0.612362 0.383156 2.17973 250729
3 0.614296 0.399258 2.18682 250763
3 0.6147 0.421835 2.20309 250797
3 0.612625 0.445482 2.21792 250829
3 0.608445 0.464903 2.23267 250879
3 0.606409 0.484392 2.24462 250896
3 0.604731 0.50651 2.25772 250929
3 0.60397 0.519092 2.26094 250963
3 0.603069 0.536848 2.26652 250995
3 0.602303 0.548048 2.28251 251027
3 0.59716 0.552231 2.29302 251077
3 0.594445 0.560338 2.28124 251110
3 0.598122 0.56114 2.27389 251127

4 0.505671 0.36999 2.16685 252031
4 0.506289 0.369603 2.16812 252065
4 0.508164 0.368128 2.16739 252099
4 0.514262 0.369091 2.16264 252133
4 0.523626 0.367254 2.1581 252166
4 0.536067 0.360481 2.14739 252200
4 0.554523 0.354912 2.14268 252234
4 0.574379 0.342707 2.13916 252268
4 0.599019 0.334028 2.14307 252303
4 0.623777 0.324055 2.14019 252336
4 0.651328 0.319655 2.15311 252370
4 0.675436 0.318111 2.17203 252404
4 0.698892 0.325689 2.20023 252437
4 0.718878 0.340511 2.23091 252470
4 0.737618 0.35811 2.26078 252504
4 0.752013 0.385812 2.28965 252538
4 0.757704 0.416389 2.30301 252572
4 0.755203 0.455156 2.3109 252606
4 0.744757 0.494056 2.31459 252639
4 0.730626 0.53547 2.31952 252673
4 0.710111 0.573095 2.31319 252706
4 0.680416 0.60434 2.28478 252740
4 0.641954 0.630501 2.26487 252773
4 0.596752 0.649756 2.23559 252807
4 0.556354 0.652998 2.21589 252841
4 0.508825 0.642189 2.20979 252874
4 0.462189 0.626274 2.20699 252907
4 0.420131 0.604528 2.21135 252941
4 0.38091 0.574715 2.20488 252974
4 0.352847 0.544809 2.21419 253006

5 0.6488 0.256744 2.09204 254972
5 0.648646 0.259764 2.09238 255005
5 0.649282 0.263632 2.08938 255036
5 0.655238 0.273927 2.08898 255068
5 0.659724 0.290618 2.09436 255101
5 0.668608 0.316386 2.10238 255135
5 0.673378 0.340962 2.10994 255168
5 0.679348 0.371791 2.12318 255203
5 0.685125 0.405697 2.14816 255236
5 0.688866 0.441146 2.16688 255268
5 0.691704 0.470669 2.19563 255300
5 0.69258 0.503478 2.22671 255349
5 0.686913 0.532592 2.25473 255366
5 0.678318 0.561597 2.28233 255399
5 0.670389 0.58554 2.29743 255449
5 0.660053 0.607514 2.30784 255482
5 0.651334 0.622083 2.31544 255500

6 0.502747 0.390819 2.11939 256436
6 0.511813 0.391817 2.11461 256468
6 0.522243 0.382851 2.10994 256517
6 0.534814 0.379805 2.09793 256534
6 0.553713 0.369678 2.09438 256568
6 0.57207 0.356276 2.09192 256602
6 0.59384 0.337934 2.07901 256635
6 0.618452 0.317846 2.06765 256669
6 0.64195 0.294224 2.06111 256702
6 0.667931 0.268219 2.06226 256735
6 0.692703 0.245334 2.07249 256769
6 0.719848 0.22255 2.09479 256803
6 0.745406 0.20759 2.12479 256838
6 0.771488 0.205948 2.14974 256871
6 0.793421 0.215122 2.17133 256905
6 0.810462 0.234701 2.19558 256939
6 0.820973 0.265494 2.20967 256972
6 0.824286 0.29954 2.21326 257007
6 0.81948 0.337333 2.21451 257040
6 0.803423 0.371655 2.20479 257074
6 0.776706 0.408104 2.17703 257108
6 0.745717 0.442785 2.15578 257142
6 0.712367 0.471509 2.14193 257176
6 0.689588 0.489876 2.14455 257210
6 0.679148 0.501348 2.15996 257244
6 0.676802 0.515279 2.17452 257278
6 0.68555 0.532107 2.18651 257312
6 0.703813 0.544335 2.2171 257346
6 0.725871 0.555715 2.25502 257380
6 0.748635 0.564557 2.30458 257415
6 0.767977 0.574547 2.36442 257449
6 0.787703 0.585359 2.43801 257466
6 0.801179 0.59416 2.49538 257518
6 0.80151 0.592169 2.54024 257534
6 0.803043 0.597373 2.57984 257583

7 0.865597 0.209069 2.06851 260380
7 0.865436 0.215338 2.06615 260413
7 0.864626 0.221695 2.06977 260445
7 0.865664 0.232435 2.0694 260477
7 0.861718 0.240913 2.05884 260511
7 0.863701 0.251962 2.058 260545
7 0.862986 0.2613 2.06423 260579
7 0.861984 0.273123 2.06559 260612
7 0.857256 0.28644 2.06389 260646
7 0.854768 0.303725 2.06443 260678
7 0.848932 0.326678 2.07038 260712
7 0.846452 0.356498 2.0783 260745
7 0.844463 0.38572 2.0865 260778
7 0.839524 0.422848 2.10372 260811
7 0.830744 0.462008 2.11908 260845
7 0.819965 0.499738 2.14091 260879
7 0.810139 0.53177 2.16247 260912
7 0.803271 0.552928 2.18764 260946
7 0.797609 0.570901 2.21136 260979
7 0.793737 0.582193 2.23629 261012
7 0.79181 0.587329 2.24962 261046
7 0.79091 0.590264 2.25825 261080
7 0.790736 0.592913 2.26546 261115
7 0.792163 0.59415 2.26818 261149
7 0.795972 0.595414 2.27263 261183
7 0.802889 0.59378 2.27934 261216
7 0.813857 0.584504 2.28377 261251
7 0.831398 0.57127 2.29197 261283
7 0.853698 0.552804 2.30763 261315
7 0.876528 0.538127 2.33064 261350
7 0.898299 0.524679 2.36109 261383
7 0.914871 0.507183 2.39515 261417
7 0.932256 0.494757 2.43638 261450
7 0.938531 0.49231 2.46411 261483
7 0.941408 0.4866 2.48268 261517
7 0.94371 0.480199 2.49362 261551

8 0.765748 0.438147 2.16629 262388
8 0.765335 0.439777 2.17334 262404
8 0.766192 0.439085 2.17848 262456
8 0.771875 0.433587 2.17988 262489
8 0.787629 0.423423 2.18804 262506
8 0.808113 0.40866 2.20255 262556
8 0.834234 0.390102 2.22118 262573
8 0.864112 0.369004 2.25043 262607
8 0.889628 0.348415 2.28382 262641
8 0.909771 0.33335 2.31877 262675
8 0.754561 0.264842 2.20875 263887
8 0.757232 0.261009 2.21238 263920
8 0.764876 0.253379 2.21192 263953
8 0.780242 0.235588 2.22078 263986
8 0.803294 0.208005 2.24008 264019
8 0.83366 0.178458 2.26988 264053
8 0.863454 0.152227 2.30903 264085
8 0.885243 0.130312 2.35939 264119
8 0.900074 0.112349 2.40966 264152
8 0.90396 0.095684 2.44148 264184
8 0.907001 0.0844287 2.46964 264217
8 0.908788 0.0796668 2.49726 264252
8 0.909962 0.0817288 2.50462 264285
8 0.912553 0.0836953 2.51639 264318

