Gesto: 1
0 0.620434 0.712906 1.62366 1559
0 0.675045 0.568774 1.62813 20783
0 0.676158 0.562195 1.62442 20849
0 0.439521 0.227504 1.47067 4107
0 0.432389 0.228898 1.46902 4175
0 0.42588 0.229323 1.46827 4259
0 0.42016 0.229631 1.46827 4325
0 0.415768 0.232383 1.47788 4409
0 0.4105 0.23464 1.48077 4476
0 0.405186 0.236623 1.48601 4543
0 0.399693 0.237173 1.48681 4611
0 0.393669 0.237554 1.48468 4679
0 0.389825 0.237314 1.48452 4747
0 0.386817 0.237971 1.49037 4831
0 0.382213 0.239143 1.49944 4897
0 0.378483 0.238533 1.498 4966
0 0.376194 0.237401 1.49743 5031
0 0.370228 0.236745 1.49729 5098
0 0.364594 0.235168 1.49532 5181
0 0.359243 0.234715 1.49914 5249
0 0.355548 0.236419 1.50197 5316
0 0.354845 0.238855 1.5044 5383
0 0.353466 0.240825 1.5123 5451
0 0.349528 0.242622 1.52 5533
0 0.346452 0.247361 1.53156 5599
0 0.343717 0.250123 1.53495 5665

1 0.353477 0.293771 1.56891 8430
1 0.355442 0.293788 1.55732 8498
1 0.358863 0.294379 1.56047 8581
1 0.364657 0.294483 1.55111 8650
1 0.367874 0.295164 1.54306 8717
1 0.372045 0.295637 1.52911 8785
1 0.377411 0.295879 1.52063 8870
1 0.385325 0.296513 1.51158 8938
1 0.396799 0.297396 1.51049 9004
1 0.407327 0.298537 1.49603 9071
1 0.416496 0.299578 1.48275 9157
1 0.428671 0.299574 1.48049 9226
1 0.444298 0.301303 1.477 9310
1 0.455714 0.302124 1.46967 9378
1 0.47034 0.304401 1.46768 9445
1 0.486627 0.30486 1.46204 9528
1 0.501309 0.30786 1.47172 9612
1 0.516282 0.310655 1.4751 9680
1 0.532628 0.31186 1.4781 9749
1 0.545638 0.31158 1.48432 9834
1 0.561835 0.31049 1.49303 9901
1 0.577106 0.309945 1.5002 9986
1 0.591531 0.308282 1.50982 10052
1 0.60368 0.306832 1.52413 10120
1 0.6163 0.305063 1.54099 10204
1 0.629331 0.303439 1.55862 10271
1 0.641496 0.300692 1.57669 10353
1 0.654164 0.298313 1.59428 10420
1 0.666238 0.295217 1.61622 10502
1 0.675474 0.293882 1.63521 10584
1 0.682674 0.292372 1.65614 10651
1 0.692491 0.290883 1.67394 10720
1 0.698806 0.289487 1.6903 10804
1 0.705258 0.289021 1.70185 10872

2 0.723528 0.287981 1.7767 41049
2 0.722419 0.288799 1.7709 41132
2 0.577906 0.327602 1.63762 43008
2 0.572253 0.33556 1.63862 43076
2 0.570883 0.344747 1.63695 43159
2 0.569506 0.354445 1.63659 43227
2 0.56604 0.363471 1.6362 43308
2 0.562175 0.374333 1.63626 43376
2 0.560302 0.383634 1.63052 43444
2 0.558965 0.397297 1.63519 43526
2 0.555612 0.414563 1.6367 43593
2 0.552405 0.434054 1.63695 43677
2 0.547319 0.45483 1.63725 43759
2 0.542567 0.477467 1.63726 43825
2 0.539335 0.500388 1.64016 43895
2 0.537902 0.525473 1.64558 43979
2 0.53719 0.549885 1.65159 44047
2 0.536688 0.569492 1.65815 44131
2 0.536443 0.587606 1.66946 44198
2 0.53577 0.603509 1.6776 44281
2 0.535259 0.618558 1.68015 44348
2 0.536624 0.630493 1.69347 44431
2 0.536556 0.633692 1.7031 44499
2 0.539877 0.638885 1.71578 44583
2 0.541834 0.644143 1.72887 44652
2 0.543735 0.652334 1.73605 44719
2 0.544493 0.658511 1.74563 44799
2 0.544937 0.662126 1.75361 44884
2 0.543908 0.672499 1.76035 44949
2 0.545157 0.681891 1.77222 45032
2 0.543617 0.688621 1.77834 45099
2 0.54276 0.694619 1.79028 45183
2 0.543468 0.699621 1.79603 45249
2 0.544086 0.703633 1.8072 45333
2 0.544356 0.705245 1.81154 45399
2 0.544616 0.707201 1.82012 45485
2 0.544852 0.70857 1.82739 45553
2 0.544903 0.709166 1.83014 45622
2 0.544024 0.713593 1.83306 45705
2 0.544577 0.712613 1.83497 45771
2 0.544773 0.710761 1.83229 45853
2 0.543595 0.707813 1.82936 45919
2 0.54404 0.70772 1.82579 46003

3 0.530678 0.664919 1.79797 47882
3 0.530001 0.670406 1.78424 47950
3 0.529726 0.673308 1.77264 48033
3 0.529398 0.674319 1.76179 48101
3 0.528921 0.676608 1.7517 48183
3 0.526261 0.675198 1.74103 48250
3 0.525082 0.673673 1.731 48333
3 0.52367 0.674088 1.72601 48399
3 0.522813 0.673451 1.72513 48468
3 0.523094 0.672633 1.72429 48552
3 0.52393 0.672778 1.72365 48618
3 0.523933 0.672464 1.72338 48703
3 0.52695 0.672517 1.73068 48771
3 0.530073 0.67281 1.73706 48854
3 0.535921 0.676029 1.74176 48920
3 0.5409 0.682982 1.75154 49006
3 0.547043 0.686891 1.7608 49072
3 0.557059 0.685915 1.7728 49154
3 0.567304 0.681749 1.77922 49221
3 0.578521 0.67602 1.78331 49306
3 0.589875 0.669634 1.78459 49373
3 0.601232 0.661801 1.77882 49456
3 0.613694 0.648596 1.77228 49525
3 0.626256 0.633258 1.7751 49607
3 0.633783 0.614654 1.77647 49675
3 0.640893 0.593817 1.77212 49758
3 0.651769 0.574985 1.76818 49827
3 0.661114 0.558158 1.7619 49894
3 0.667172 0.541133 1.75772 49976
3 0.673387 0.523455 1.74949 50056
3 0.678264 0.506052 1.74516 50123
3 0.680288 0.489462 1.74186 50207
3 0.683841 0.475358 1.73449 50275
3 0.685636 0.46087 1.73075 50342
3 0.685765 0.447076 1.72601 50428
3 0.688088 0.437514 1.7219 50495
3 0.691146 0.428143 1.71551 50580
3 0.694541 0.419104 1.71257 50647
3 0.696337 0.411968 1.71119 50731

4 0.644012 0.363038 1.56592 51924
4 0.633795 0.364182 1.54572 52008
4 0.620977 0.365939 1.52883 52076
4 0.607675 0.368226 1.51564 52145
4 0.592285 0.368744 1.50352 52230
4 0.575335 0.368796 1.48892 52298
4 0.555357 0.369609 1.4738 52382
4 0.537847 0.369987 1.46161 52450
4 0.518261 0.368581 1.45072 52518
4 0.501697 0.367541 1.4395 52604
4 0.483261 0.365601 1.43375 52672
4 0.460607 0.363803 1.43507 52757
4 0.440609 0.361987 1.43723 52823
4 0.422931 0.360907 1.44577 52907
4 0.405261 0.360229 1.45304 52976
4 0.388473 0.358627 1.45935 53044
4 0.369927 0.358146 1.46538 53128
4 0.354128 0.358065 1.46813 53195
4 0.341016 0.358647 1.48008 53280
4 0.327978 0.357507 1.49335 53346
4 0.317369 0.358016 1.50171 53432
4 0.306159 0.358245 1.50911 53500
4 0.296963 0.356244 1.5205 53568
4 0.292224 0.354238 1.53769 53653
4 0.287633 0.352909 1.55167 53720
4 0.282733 0.350359 1.55688 53804
4 0.274985 0.348461 1.56171 53869
4 0.268971 0.346844 1.56692 53954
4 0.266122 0.343128 1.57013 54021
4 0.266244 0.34084 1.57386 54103
4 0.264876 0.338056 1.57688 54170
4 0.263696 0.336414 1.57939 54253

