Gesto: 1
0 0.830803 0.787519 1.16619 66406
0 0.830915 0.787562 1.16617 66440
0 0.830803 0.787519 1.16619 66473
0 0.830914 0.787562 1.16617 66522
0 0.661636 0.191461 1.52871 138308
0 0.657154 0.189571 1.5189 138357
0 0.650829 0.188136 1.51452 138408
0 0.642409 0.187779 1.5103 138476
0 0.63216 0.18901 1.50271 138528
0 0.621506 0.189955 1.49716 138578
0 0.610884 0.191064 1.49352 138646
0 0.602332 0.191726 1.49007 138698
0 0.595703 0.19185 1.49048 138747
0 0.589353 0.193163 1.49071 138814
0 0.585805 0.194655 1.48957 138865
0 0.583646 0.196308 1.48641 138915
0 0.582021 0.20119 1.48437 138981
0 0.579895 0.210373 1.48507 139032
0 0.579826 0.221523 1.48389 139081
0 0.578842 0.237083 1.48371 139149
0 0.581488 0.254604 1.48472 139198
0 0.585449 0.272765 1.48393 139249
0 0.586852 0.292355 1.4828 139316
0 0.587395 0.309339 1.48125 139367
0 0.589276 0.319979 1.47618 139418
0 0.586014 0.331118 1.48006 139484
0 0.588297 0.331346 1.47881 139534
0 0.591102 0.329451 1.47441 139585
0 0.591875 0.326272 1.48363 139651
0 0.593387 0.321939 1.48483 139702
0 0.598144 0.315979 1.48946 139766
0 0.608101 0.30995 1.49568 139816
0 0.620782 0.30461 1.49971 139866
0 0.63633 0.303641 1.50693 139934
0 0.651655 0.306317 1.51629 139984
0 0.667928 0.314243 1.52049 140034
0 0.682842 0.326696 1.52758 140101
0 0.697466 0.344833 1.53286 140151
0 0.711491 0.368042 1.53827 140202
0 0.719379 0.3937 1.54167 140268
0 0.723657 0.426636 1.55087 140319
0 0.724715 0.458278 1.55295 140369
0 0.719176 0.490537 1.55216 140437
0 0.705943 0.524386 1.54437 140488
0 0.687556 0.553113 1.53686 140537
0 0.664718 0.574088 1.52618 140603
0 0.638574 0.586095 1.52348 140654
0 0.613689 0.597491 1.5212 140704
0 0.589815 0.60805 1.51636 140771
0 0.567593 0.610748 1.51871 140822
0 0.551057 0.607291 1.52679 140872
0 0.536432 0.600853 1.53612 140939
0 0.523675 0.590898 1.54251 140988
0 0.513129 0.580861 1.54358 141054

