Gesto: 1
0 0.572084 0.673487 1.79433 7496
0 0.572778 0.679001 1.80021 7565
0 0.574446 0.690106 1.79509 7633
0 0.568559 0.683313 1.80675 7699
0 0.568446 0.675593 1.8074 7766
0 0.566995 0.680177 1.80029 7825
0 0.567715 0.667297 1.80628 7892
0 0.56455 0.667899 1.80342 7942
0 0.564913 0.682183 1.79493 8010
0 0.565254 0.671266 1.79731 8077
0 0.563978 0.67668 1.79116 8143
0 0.562555 0.667671 1.79531 8209
0 0.564079 0.673169 1.79624 8276
0 0.561841 0.667965 1.79812 8328
0 0.56255 0.671785 1.7976 8395
0 0.562714 0.678288 1.79433 8460
0 0.565243 0.669516 1.79694 8525
0 0.565979 0.674159 1.80608 8575
0 0.566002 0.669273 1.80041 8640
0 0.569737 0.680872 1.81246 8707
0 0.571972 0.68144 1.80473 8755
0 0.576954 0.688712 1.81366 8822
0 0.578789 0.683489 1.81296 8874
0 0.588863 0.684935 1.82018 8942
0 0.59795 0.679947 1.81932 9009
0 0.609917 0.678108 1.82208 9075
0 0.624783 0.667238 1.82115 9142
0 0.635086 0.650689 1.82421 9208
0 0.650373 0.627928 1.83196 9257
0 0.669623 0.615707 1.83795 9322
0 0.689064 0.602582 1.82805 9389
0 0.695979 0.576296 1.84298 9454
0 0.709738 0.554452 1.84422 9506
0 0.723926 0.535446 1.84318 9573
0 0.728649 0.5093 1.84935 9638
0 0.735633 0.488303 1.8496 9686
0 0.747543 0.470265 1.85003 9752
0 0.748993 0.451464 1.85848 9819
0 0.75669 0.438364 1.85131 9885
0 0.76451 0.426951 1.85114 9936
0 0.747897 0.416511 1.87296 10002
0 0.743345 0.41258 1.87878 10070
0 0.74152 0.406902 1.87486 10121
0 0.744522 0.402857 1.87508 10187
0 0.74416 0.402983 1.88161 10238
0 0.762188 0.408757 1.83889 10306
0 0.747229 0.402365 1.87015 10357
0 0.714829 0.405098 1.90404 10425
0 0.752891 0.407328 1.86411 10475
0 0.756167 0.405929 1.86133 10543
0 0.765682 0.413001 1.86535 10594

1 0.765117 0.386015 1.92755 12907
1 0.733372 0.386828 1.93945 12957
1 0.721335 0.389359 1.9371 13023
1 0.762562 0.383533 1.9293 13074
1 0.725517 0.393053 1.94112 13141
1 0.732922 0.393973 1.93509 13193
1 0.739608 0.397607 1.93215 13258
1 0.72631 0.401287 1.94072 13326
1 0.75058 0.399553 1.92148 13377
1 0.745566 0.418676 1.90672 13443
1 0.749004 0.432959 1.89796 13493
1 0.741859 0.446414 1.88504 13561
1 0.732728 0.452587 1.87136 13629
1 0.728703 0.461955 1.85064 13680
1 0.721008 0.465963 1.8305 13747
1 0.705093 0.463673 1.81249 13796
1 0.695204 0.462842 1.79488 13864
1 0.688605 0.461493 1.76376 13914
1 0.670323 0.452762 1.76486 13981
1 0.667675 0.446602 1.74385 14032
1 0.670766 0.454674 1.81789 14101
1 0.667026 0.447661 1.81198 14168
1 0.645993 0.439988 1.70184 14220
1 0.646311 0.437771 1.6861 14288
1 0.640502 0.431898 1.68737 14339
1 0.635512 0.435309 1.67398 14407
1 0.633182 0.439468 1.66756 14459
1 0.621549 0.444689 1.67491 14526
1 0.616565 0.446402 1.66581 14597
1 0.609118 0.448893 1.66397 14647
1 0.605135 0.452433 1.68676 14714
1 0.599923 0.455309 1.76227 14763
1 0.587813 0.4701 1.66924 14831
1 0.584677 0.464911 1.77982 14898
1 0.581464 0.469246 1.66077 14964
1 0.576208 0.489866 1.71248 15014
1 0.57397 0.471249 1.6475 15078
1 0.570683 0.470529 1.64107 15143
1 0.567223 0.468701 1.64154 15212
1 0.565463 0.465927 1.63877 15277
1 0.565069 0.464982 1.6307 15345

2 0.592895 0.379774 1.71111 25804
2 0.592371 0.378246 1.70575 25853
2 0.5929 0.379133 1.70926 25918
2 0.592503 0.380695 1.71203 25984
2 0.59288 0.378388 1.71151 26034
2 0.593324 0.376913 1.7069 26099
2 0.593494 0.375331 1.70559 26149
2 0.593778 0.377838 1.70799 26217
2 0.59353 0.377107 1.70445 26283
2 0.593448 0.376702 1.70215 26333
2 0.592819 0.376486 1.70115 26398
2 0.592558 0.376133 1.70266 26464
2 0.592888 0.375651 1.69988 26515
2 0.59221 0.375478 1.69848 26583
2 0.590152 0.375455 1.69572 26632
2 0.587945 0.378818 1.69957 26699
2 0.58729 0.381822 1.70231 26749
2 0.586097 0.38395 1.70338 26815
2 0.58571 0.384735 1.70443 26881
2 0.585708 0.382063 1.69988 26931
2 0.586302 0.380062 1.69389 26998
2 0.584916 0.376902 1.68495 27048
2 0.58159 0.375495 1.67719 27114
2 0.580232 0.369228 1.6671 27180
2 0.577057 0.365212 1.65806 27229
2 0.575318 0.363378 1.65409 27296
2 0.573914 0.357859 1.64005 27363
2 0.572001 0.353888 1.62758 27413
2 0.570181 0.352433 1.6158 27478
2 0.569261 0.347869 1.59274 27544
2 0.568825 0.344696 1.57499 27593
2 0.568814 0.343317 1.55758 27661
2 0.566979 0.34392 1.54403 27709
2 0.569171 0.342675 1.52976 27775
2 0.569863 0.342948 1.52022 27841
2 0.569112 0.344574 1.50561 27891
2 0.567991 0.345772 1.48634 27959
2 0.568518 0.345591 1.46869 28009
2 0.567203 0.346053 1.45893 28059
2 0.56715 0.350228 1.46562 28127
2 0.566048 0.351655 1.4644 28178
2 0.565374 0.355788 1.46708 28229
2 0.562151 0.358111 1.4707 28297
2 0.561687 0.35888 1.47347 28347
2 0.560542 0.359513 1.47316 28399
2 0.559685 0.360424 1.47387 28448

3 0.611877 0.233342 1.51024 29794
3 0.625044 0.232752 1.51334 29861
3 0.638866 0.237598 1.51667 29910
3 0.651454 0.246991 1.52038 29960
3 0.660279 0.263135 1.52475 30025
3 0.667504 0.280612 1.52293 30076
3 0.674115 0.301371 1.52631 30142
3 0.677344 0.325789 1.52617 30193
3 0.67743 0.352056 1.52183 30243
3 0.675238 0.377222 1.516 30310
3 0.66946 0.40144 1.51307 30360
3 0.660444 0.422213 1.50573 30411
3 0.651517 0.440605 1.49827 30478
3 0.641476 0.454055 1.49113 30528
3 0.627477 0.462744 1.49097 30578
3 0.616107 0.467084 1.48813 30642
3 0.602685 0.468301 1.48841 30693
3 0.588627 0.467146 1.4866 30759
3 0.574745 0.463367 1.49035 30810
3 0.561947 0.45932 1.49356 30860
3 0.550332 0.453053 1.50133 30924
3 0.542912 0.449726 1.49773 30974
3 0.530291 0.447206 1.52 31025
3 0.526694 0.444688 1.52988 31090
3 0.531971 0.4428 1.52674 31140
3 0.536146 0.444268 1.51864 31207
3 0.540454 0.446533 1.52117 31257
3 0.549313 0.453562 1.51606 31306
3 0.56333 0.460803 1.5132 31373
3 0.576527 0.46634 1.50915 31422
3 0.594153 0.470129 1.50389 31487
3 0.613769 0.471908 1.50183 31536

4 0.600028 0.445177 1.58177 32765
4 0.590244 0.446124 1.59332 32816
4 0.583203 0.448303 1.60508 32883
4 0.5749 0.452104 1.61549 32934
4 0.568666 0.452987 1.623 32985
4 0.562308 0.456139 1.62802 33052
4 0.559413 0.456692 1.63414 33100
4 0.556871 0.457217 1.63627 33168
4 0.555646 0.457096 1.63742 33217
4 0.55532 0.457035 1.63947 33267
4 0.555585 0.455657 1.64127 33334
4 0.555909 0.454765 1.64339 33384
4 0.55484 0.452288 1.64387 33436
4 0.553902 0.450439 1.64159 33502
4 0.554058 0.446961 1.64417 33552
4 0.554357 0.444697 1.64646 33601
4 0.554277 0.443591 1.64968 33669
4 0.554736 0.443135 1.6519 33719
4 0.554883 0.444846 1.65526 33768
4 0.552019 0.445757 1.65536 33833
4 0.552908 0.447725 1.65732 33884
4 0.55335 0.44938 1.65824 33951
4 0.553695 0.450889 1.65999 34002
4 0.554471 0.450203 1.65853 34052
4 0.555999 0.451178 1.65707 34118
4 0.556252 0.449409 1.65687 34167
4 0.558001 0.449702 1.65786 34215
4 0.558785 0.449912 1.65902 34282
4 0.557645 0.448643 1.66005 34333
4 0.556932 0.447851 1.66069 34383
4 0.556743 0.447723 1.65946 34449
4 0.55659 0.447996 1.65919 34499
4 0.556145 0.44774 1.65623 34566
4 0.556246 0.44757 1.65682 34616
4 0.556199 0.447048 1.65754 34665
4 0.556592 0.44697 1.66059 34731
4 0.557793 0.447738 1.6597 34781
4 0.558613 0.447805 1.66133 34831
4 0.559097 0.448182 1.66153 34900
4 0.559115 0.448529 1.66288 34950
4 0.558088 0.44729 1.66079 35000
4 0.559128 0.447716 1.66156 35066
4 0.557945 0.447377 1.66279 35115
4 0.557477 0.447206 1.65999 35181
4 0.558783 0.4476 1.66095 35231
4 0.55931 0.448031 1.65868 35282
4 0.55811 0.447272 1.6574 35349
4 0.558896 0.44779 1.66003 35392
4 0.5575 0.447231 1.65886 35449
4 0.557265 0.446277 1.6574 35516
4 0.558422 0.446556 1.65583 35565

5 0.55898 0.447289 1.65883 36629
5 0.559491 0.44746 1.65801 36681
5 0.559918 0.447343 1.65913 36748
5 0.559731 0.447202 1.65933 36797
5 0.559582 0.447424 1.65656 36848
5 0.559702 0.447577 1.65524 36916
5 0.560124 0.44735 1.6559 36966
5 0.560329 0.447626 1.65662 37015
5 0.560101 0.447459 1.65526 37081
5 0.560278 0.447165 1.65431 37130
5 0.560243 0.446986 1.65296 37197
5 0.560347 0.447241 1.65176 37246
5 0.558796 0.445663 1.65213 37296
5 0.558177 0.444561 1.64915 37361
5 0.5579 0.441897 1.64499 37412
5 0.557283 0.442539 1.64333 37477
5 0.558406 0.438174 1.64478 37528
5 0.559023 0.434872 1.63941 37578
5 0.55959 0.431212 1.64406 37644
5 0.561726 0.428209 1.64949 37695
5 0.562226 0.422776 1.64679 37745
5 0.560738 0.416648 1.64833 37812
5 0.560881 0.409481 1.64086 37863
5 0.562105 0.398333 1.63903 37912
5 0.562109 0.394014 1.64119 37979
5 0.561159 0.390335 1.6462 38029
5 0.564588 0.386191 1.65036 38079
5 0.563476 0.383141 1.6593 38147
5 0.56262 0.381815 1.65893 38198
5 0.559906 0.380781 1.6672 38247
5 0.561717 0.377901 1.66333 38314
5 0.561929 0.376159 1.6637 38364
5 0.561057 0.373654 1.65521 38429
5 0.560247 0.374176 1.64989 38478
5 0.560183 0.378266 1.66476 38529
5 0.559564 0.379288 1.67043 38596
5 0.559085 0.37962 1.67287 38646
5 0.560251 0.377132 1.66945 38696
5 0.559546 0.3751 1.66205 38762
5 0.558935 0.376471 1.67452 38813
5 0.559442 0.375297 1.67425 38864
5 0.558719 0.370529 1.66617 38931
5 0.560349 0.370405 1.67417 38981
5 0.559765 0.366548 1.67024 39030
5 0.560274 0.361318 1.66172 39098
5 0.560085 0.358609 1.66283 39149
5 0.558518 0.356023 1.6716 39200
5 0.558336 0.352533 1.67158 39266
5 0.559792 0.346598 1.66867 39316

