Gesto: 1
0 0.681934 0.250631 1.64153 17246
0 0.680123 0.272246 1.62944 17313
0 0.676136 0.297156 1.61896 17397
0 0.672459 0.323826 1.60574 17464
0 0.668703 0.352572 1.59134 17531
0 0.663104 0.385043 1.57654 17597
0 0.657981 0.417175 1.56391 17663
0 0.649211 0.449044 1.5502 17732
0 0.636061 0.480783 1.53758 17800
0 0.618924 0.511343 1.52413 17867
0 0.598321 0.537165 1.51588 17935
0 0.572214 0.554731 1.50473 18016
0 0.547266 0.566596 1.4912 18081
0 0.522933 0.57263 1.476 18149
0 0.499453 0.570161 1.46191 18215
0 0.474894 0.558737 1.44706 18282
0 0.452609 0.543404 1.43145 18351
0 0.431334 0.523391 1.4237 18418
0 0.413053 0.500827 1.4182 18486
0 0.398488 0.474147 1.41457 18553
0 0.385419 0.444622 1.4153 18637
0 0.374244 0.416547 1.41547 18705
0 0.367344 0.388914 1.42005 18773
0 0.360449 0.363156 1.4264 18840
0 0.357044 0.338702 1.43402 18907
0 0.357335 0.316669 1.45241 18975
0 0.356614 0.292236 1.45403 19043
0 0.356735 0.269304 1.45976 19110
0 0.35737 0.249639 1.46553 19177
0 0.357641 0.233688 1.47369 19241
0 0.361388 0.222078 1.47695 19291
0 0.363713 0.212235 1.48133 19358
0 0.366464 0.205488 1.47899 19423
0 0.370939 0.20592 1.48917 19489
0 0.374224 0.207975 1.48693 19557
0 0.375636 0.213108 1.48799 19626
0 0.376578 0.220384 1.47912 19691
0 0.376298 0.234114 1.47228 19759
0 0.375909 0.25102 1.46338 19809
0 0.376341 0.272589 1.45078 19877
0 0.377897 0.300935 1.44484 19943
0 0.381577 0.335115 1.43121 20024
0 0.388615 0.37508 1.42567 20089
0 0.398485 0.413948 1.42251 20155
0 0.408553 0.452387 1.42504 20220
0 0.420634 0.48861 1.42859 20285
0 0.434606 0.520185 1.43739 20351
0 0.451238 0.547945 1.44832 20419
0 0.470761 0.567616 1.46271 20503
0 0.491076 0.581139 1.47309 20569
0 0.509853 0.587506 1.4822 20638

