Gesto: 1
0 0.463879 0.443938 1.47425 137228
0 0.464435 0.443847 1.472 137245
0 0.464779 0.443653 1.46922 137280
0 0.465271 0.442735 1.46685 137314
0 0.468459 0.439741 1.46501 137347
0 0.470761 0.436427 1.46312 137380
0 0.473214 0.430943 1.46109 137414
0 0.475198 0.42409 1.46057 137446
0 0.478929 0.419031 1.45786 137480
0 0.481323 0.41101 1.45666 137513
0 0.483633 0.405683 1.45494 137548
0 0.487971 0.397628 1.45552 137581
0 0.49055 0.388983 1.45757 137616
0 0.492202 0.381754 1.46041 137650
0 0.495616 0.373573 1.46202 137683
0 0.498465 0.367047 1.46459 137716
0 0.500788 0.363037 1.46692 137750
0 0.502092 0.355251 1.47189 137784
0 0.507143 0.349377 1.47611 137818
0 0.508807 0.343974 1.48144 137852
0 0.510422 0.337237 1.48802 137885
0 0.51118 0.333241 1.49404 137919
0 0.513159 0.329834 1.49943 137952
0 0.514786 0.327878 1.50543 137986
0 0.516999 0.32294 1.51041 138019
0 0.517741 0.321275 1.51402 138054
0 0.519394 0.323477 1.51412 138087
0 0.520573 0.325407 1.51206 138119
0 0.520773 0.328371 1.5046 138151
0 0.521522 0.335231 1.49571 138185
0 0.521729 0.340465 1.48593 138218
0 0.522334 0.349397 1.4741 138252
0 0.525137 0.358112 1.46379 138286
0 0.526423 0.369842 1.45117 138318
0 0.527071 0.382037 1.43701 138352
0 0.529174 0.397958 1.42303 138384
0 0.530746 0.413495 1.41044 138418
0 0.532484 0.429739 1.40104 138450
0 0.535159 0.448851 1.38965 138483
0 0.538325 0.466834 1.38198 138516
0 0.541914 0.487162 1.37458 138550
0 0.54449 0.504238 1.36812 138586
0 0.545044 0.520988 1.36051 138620
0 0.545721 0.538703 1.35511 138652
0 0.547359 0.55591 1.35276 138686
0 0.548292 0.571811 1.35033 138720
0 0.54893 0.58797 1.34926 138753
0 0.549564 0.602386 1.3482 138787
0 0.549064 0.617448 1.34717 138819
0 0.548925 0.630118 1.34801 138852
0 0.548389 0.641086 1.34863 138885

1 0.485512 0.476892 1.39783 140519
1 0.486223 0.4756 1.39735 140552
1 0.486567 0.474767 1.39536 140585
1 0.486845 0.474233 1.3937 140618
1 0.488919 0.473237 1.39187 140652
1 0.49091 0.471485 1.39102 140685
1 0.492569 0.465353 1.3893 140719
1 0.494313 0.458571 1.3883 140752
1 0.496419 0.451258 1.38957 140786
1 0.498985 0.443346 1.39089 140819
1 0.500651 0.43347 1.39329 140854
1 0.503223 0.423951 1.39735 140887
1 0.506329 0.413548 1.40048 140921
1 0.509134 0.403972 1.40528 140955
1 0.511908 0.39543 1.41287 140988
1 0.514229 0.388518 1.41918 141022
1 0.517756 0.380543 1.42483 141056
1 0.519499 0.373813 1.42893 141088
1 0.520812 0.36921 1.43475 141121
1 0.522934 0.365728 1.44141 141155
1 0.524419 0.359968 1.44819 141189
1 0.525233 0.356032 1.45149 141221
1 0.525363 0.353635 1.45409 141255
1 0.525145 0.353771 1.45554 141288
1 0.527941 0.356888 1.45644 141321
1 0.529726 0.359496 1.45541 141354
1 0.529737 0.362508 1.45426 141388
1 0.530017 0.36919 1.44486 141421
1 0.529846 0.378954 1.43697 141454
1 0.530103 0.388696 1.42786 141488
1 0.529679 0.398143 1.41684 141520
1 0.530193 0.410946 1.40733 141553
1 0.530225 0.424693 1.39766 141587
1 0.533521 0.440366 1.38876 141619
1 0.535968 0.456167 1.38097 141652
1 0.538117 0.474357 1.37381 141686
1 0.541963 0.491071 1.36752 141718
1 0.542583 0.507255 1.36168 141752
1 0.543241 0.523086 1.35376 141784
1 0.544742 0.539538 1.34931 141818
1 0.547491 0.555333 1.34852 141851
1 0.548226 0.568815 1.34682 141885
1 0.548596 0.581555 1.34483 141918
1 0.550043 0.592876 1.34466 141952
1 0.553264 0.60234 1.34587 141986
1 0.5542 0.611189 1.34428 142020
1 0.55498 0.618051 1.34377 142054
1 0.556201 0.624633 1.34237 142087
1 0.556111 0.630417 1.34383 142122
1 0.556419 0.63418 1.34407 142156
1 0.556845 0.636155 1.34413 142189

2 0.493033 0.508501 1.38848 143259
2 0.493015 0.508439 1.3857 143293
2 0.493283 0.503786 1.38283 143327
2 0.493502 0.500349 1.37992 143361
2 0.494694 0.495468 1.37854 143395
2 0.496427 0.489394 1.37635 143428
2 0.498968 0.481858 1.37652 143461
2 0.501196 0.471653 1.37583 143494
2 0.502347 0.46018 1.37664 143528
2 0.504116 0.450228 1.37831 143562
2 0.505267 0.439769 1.38144 143597
2 0.507182 0.428437 1.3865 143630
2 0.508721 0.414242 1.39289 143664
2 0.511272 0.403259 1.40054 143698
2 0.513801 0.39274 1.40949 143732
2 0.516371 0.38268 1.4192 143765
2 0.518719 0.375578 1.42822 143799
2 0.52038 0.369875 1.43596 143816
2 0.52111 0.366438 1.44247 143866
2 0.522248 0.364534 1.44681 143901
2 0.523667 0.364029 1.44866 143919
2 0.524048 0.363674 1.44719 143952
2 0.526435 0.369696 1.4424 143986
2 0.528388 0.37423 1.43942 144019
2 0.528895 0.382883 1.43246 144053
2 0.529897 0.391532 1.42272 144087
2 0.531209 0.401733 1.41265 144122
2 0.534302 0.416313 1.40349 144155
2 0.536023 0.431477 1.392 144189
2 0.535204 0.448017 1.37959 144222
2 0.535999 0.465973 1.36777 144256
2 0.536957 0.485938 1.35928 144289
2 0.539165 0.50551 1.35221 144321
2 0.540243 0.523047 1.34432 144354
2 0.542579 0.540492 1.33846 144387
2 0.544958 0.559544 1.33639 144420
2 0.546427 0.574843 1.33293 144454
2 0.547067 0.588176 1.32966 144488
2 0.547375 0.599079 1.32863 144521
2 0.548065 0.609373 1.32705 144555
2 0.548384 0.61681 1.32406 144589
2 0.549652 0.622792 1.32236 144623
2 0.550759 0.625503 1.32254 144657
2 0.552064 0.625034 1.3216 144689

3 0.578695 0.463322 1.3675 145922
3 0.581097 0.46697 1.3662 145955
3 0.583003 0.469103 1.36399 145988
3 0.584274 0.470281 1.36227 146022
3 0.585257 0.468896 1.3608 146055
3 0.586146 0.466302 1.35891 146089
3 0.587629 0.463093 1.3579 146122
3 0.587219 0.458654 1.35762 146156
3 0.589223 0.453372 1.35901 146189
3 0.590266 0.445554 1.36156 146223
3 0.590793 0.436622 1.36561 146257
3 0.592352 0.428676 1.37121 146289
3 0.593642 0.419167 1.37891 146323
3 0.593617 0.410423 1.38503 146357
3 0.595283 0.402352 1.39321 146391
3 0.596152 0.393581 1.40127 146424
3 0.597493 0.386933 1.41012 146458
3 0.599315 0.382142 1.41919 146491
3 0.600777 0.375601 1.42788 146524
3 0.602808 0.372461 1.43545 146558
3 0.604617 0.369091 1.44198 146591
3 0.606583 0.367088 1.44853 146626
3 0.607712 0.365614 1.45561 146659
3 0.608338 0.365266 1.45948 146692
3 0.608907 0.365655 1.45909 146727
3 0.610778 0.36955 1.45796 146759
3 0.613106 0.373931 1.45351 146792
3 0.615897 0.381246 1.45119 146825
3 0.616377 0.387641 1.44312 146859
3 0.617962 0.398502 1.43557 146891
3 0.61969 0.410443 1.42695 146924
3 0.62253 0.42388 1.41847 146958
3 0.623218 0.44024 1.40638 146991
3 0.624342 0.456593 1.39602 147025
3 0.624141 0.475702 1.38703 147058
3 0.625951 0.492788 1.37841 147090
3 0.626586 0.510821 1.37154 147123
3 0.627756 0.528394 1.36342 147157
3 0.629019 0.546333 1.35889 147190
3 0.629479 0.563182 1.35481 147224
3 0.629246 0.580124 1.35088 147258
3 0.6292 0.593944 1.34763 147292
3 0.630278 0.604694 1.34546 147325
3 0.630397 0.615163 1.34467 147357
3 0.630002 0.622882 1.33781 147391
3 0.62984 0.629555 1.33865 147425
3 0.630086 0.633598 1.33953 147457
3 0.631097 0.634247 1.33956 147491
3 0.632322 0.630304 1.33937 147524
3 0.635073 0.627046 1.34113 147557

4 0.655702 0.51291 1.38494 148665
4 0.656436 0.514356 1.38396 148699
4 0.657921 0.514714 1.38342 148733
4 0.659731 0.513865 1.38114 148767
4 0.661311 0.512026 1.37813 148802
4 0.661632 0.509984 1.37722 148836
4 0.663604 0.506952 1.38079 148869
4 0.664855 0.503321 1.38244 148903
4 0.665903 0.496573 1.38311 148937
4 0.665893 0.489585 1.38664 148971
4 0.667482 0.48255 1.39082 149003
4 0.668659 0.473579 1.39509 149036
4 0.669127 0.465276 1.40151 149070
4 0.670076 0.455598 1.40743 149104
4 0.672371 0.446849 1.41545 149137
4 0.674335 0.436679 1.42622 149154
4 0.67647 0.427035 1.43689 149204
4 0.677526 0.419015 1.4461 149237
4 0.678689 0.410836 1.4507 149269
4 0.679338 0.403349 1.4583 149302
4 0.680445 0.398939 1.46695 149336
4 0.680903 0.396573 1.47229 149368
4 0.681269 0.39543 1.4748 149402
4 0.682045 0.395201 1.47365 149435
4 0.684763 0.398392 1.47578 149469
4 0.685784 0.401164 1.47377 149502
4 0.687804 0.407155 1.47127 149534
4 0.690363 0.417017 1.46889 149568
4 0.692171 0.428409 1.46427 149602
4 0.693827 0.438632 1.45744 149634
4 0.696805 0.450569 1.44897 149668
4 0.699335 0.466182 1.44166 149702
4 0.700431 0.480997 1.4335 149735
4 0.701333 0.496636 1.42538 149768
4 0.703063 0.509821 1.41914 149801
4 0.70529 0.523648 1.4156 149835
4 0.706575 0.538339 1.41274 149868
4 0.705871 0.554347 1.40826 149902
4 0.705692 0.569131 1.40538 149935
4 0.705729 0.583205 1.40312 149970
4 0.705417 0.597529 1.39852 150002
4 0.705469 0.609485 1.39124 150036
4 0.706633 0.622249 1.38912 150069
4 0.70674 0.6334 1.38908 150102
4 0.707414 0.643301 1.38603 150135
4 0.708557 0.649222 1.3836 150168
4 0.709459 0.65208 1.38351 150201

5 0.727548 0.526725 1.40377 151601
5 0.727506 0.524556 1.40126 151634
5 0.727011 0.522979 1.39941 151668
5 0.728482 0.517312 1.39648 151701
5 0.729463 0.512109 1.3987 151734
5 0.730323 0.503826 1.39983 151767
5 0.731596 0.49377 1.40412 151800
5 0.733532 0.483245 1.40805 151833
5 0.73341 0.470572 1.41289 151866
5 0.733454 0.459949 1.42249 151900
5 0.732737 0.447195 1.43048 151932
5 0.732868 0.433487 1.43878 151966
5 0.733345 0.420289 1.44861 151999
5 0.731713 0.408612 1.45687 152032
5 0.729994 0.399591 1.46524 152066
5 0.72969 0.394294 1.47464 152099
5 0.72891 0.390818 1.48076 152132
5 0.728638 0.388972 1.48486 152166
5 0.72931 0.389116 1.4865 152199
5 0.73005 0.391121 1.48653 152232
5 0.730558 0.396776 1.48645 152265
5 0.732071 0.402523 1.48164 152299
5 0.735072 0.409641 1.47576 152332
5 0.738238 0.415667 1.46627 152366
5 0.74113 0.426306 1.46699 152400
5 0.743621 0.439687 1.46528 152434
5 0.745737 0.450484 1.46233 152469
5 0.750057 0.46046 1.45828 152503
5 0.752241 0.471372 1.45191 152537
5 0.755661 0.482787 1.44949 152570
5 0.759302 0.495893 1.44882 152602
5 0.760308 0.50854 1.44497 152636
5 0.760815 0.521505 1.44213 152670
5 0.761432 0.535444 1.43926 152703
5 0.762163 0.548576 1.43767 152737
5 0.76199 0.561601 1.43631 152770
5 0.762313 0.573686 1.43514 152804
5 0.764043 0.585176 1.4326 152837
5 0.76533 0.597239 1.43045 152871
5 0.764612 0.608504 1.43088 152904
5 0.764306 0.61839 1.42707 152938
5 0.763701 0.626246 1.42834 152973
5 0.764723 0.631657 1.42804 153007
5 0.765286 0.635704 1.42882 153041
5 0.765628 0.637815 1.43009 153058
5 0.766265 0.637406 1.42862 153108

6 0.783618 0.514626 1.49112 154764
6 0.783827 0.515039 1.49156 154797
6 0.785411 0.514521 1.48875 154830
6 0.785015 0.519075 1.4871 154863
6 0.786274 0.518139 1.48339 154897
6 0.787178 0.517015 1.4811 154945
6 0.789746 0.516428 1.48129 154962
6 0.790918 0.514206 1.48294 154996
6 0.793146 0.506661 1.48143 155045
6 0.796246 0.497647 1.47946 155063
6 0.79769 0.489557 1.48295 155096
6 0.800259 0.477248 1.4876 155130
6 0.802186 0.467058 1.49383 155164
6 0.803426 0.456608 1.50306 155198
6 0.802959 0.445456 1.5061 155231
6 0.802538 0.43393 1.51434 155264
6 0.802395 0.426299 1.52317 155298
6 0.802984 0.417003 1.52866 155330
6 0.80394 0.410935 1.53335 155363
6 0.804972 0.40762 1.538 155396
6 0.806365 0.405686 1.54403 155429
6 0.807135 0.404577 1.54766 155463
6 0.807907 0.40928 1.55282 155495
6 0.809981 0.410975 1.55219 155545
6 0.813931 0.414941 1.55048 155562
6 0.816334 0.422499 1.5481 155595
6 0.818033 0.432794 1.54807 155629
6 0.82211 0.43994 1.54402 155679
6 0.824999 0.449927 1.54152 155696
6 0.828323 0.461464 1.54052 155729
6 0.831695 0.474685 1.53712 155762
6 0.834165 0.488705 1.53736 155796
6 0.838114 0.500494 1.53531 155829
6 0.840899 0.512805 1.53336 155863
6 0.841588 0.526621 1.53282 155897
6 0.84243 0.539992 1.53436 155930
6 0.842701 0.552674 1.53668 155963
6 0.843298 0.566994 1.53701 156013
6 0.844124 0.581343 1.5393 156030
6 0.846669 0.590667 1.54064 156063
6 0.847319 0.600437 1.53569 156113
6 0.848839 0.613084 1.53818 156130
6 0.849536 0.623418 1.53965 156164
6 0.848395 0.632655 1.54573 156197
6 0.848443 0.64055 1.54998 156230
6 0.847423 0.646813 1.55184 156264
6 0.847172 0.65162 1.55552 156297
6 0.847244 0.653815 1.55826 156331
6 0.847533 0.649413 1.5613 156364

7 0.432314 0.485453 1.37343 158239
7 0.432786 0.485863 1.37078 158272
7 0.434107 0.485499 1.36809 158306
7 0.435781 0.482498 1.3656 158338
7 0.439402 0.479148 1.36275 158372
7 0.441342 0.476479 1.36051 158405
7 0.442728 0.469812 1.35874 158439
7 0.445178 0.46084 1.35877 158472
7 0.448008 0.451794 1.36239 158506
7 0.451147 0.442875 1.36748 158539
7 0.453274 0.430093 1.37343 158572
7 0.455841 0.416739 1.38184 158606
7 0.459016 0.405867 1.3915 158640
7 0.460642 0.393906 1.40154 158674
7 0.461159 0.381749 1.41168 158706
7 0.463863 0.371788 1.42299 158740
7 0.466003 0.363655 1.43411 158774
7 0.46785 0.357063 1.44351 158807
7 0.467834 0.350534 1.45218 158841
7 0.470211 0.344893 1.45973 158875
7 0.471273 0.342723 1.46504 158907
7 0.47344 0.342304 1.46723 158941
7 0.476546 0.344669 1.46891 158974
7 0.47882 0.349716 1.46588 159008
7 0.48153 0.358427 1.4581 159043
7 0.484682 0.368593 1.45149 159075
7 0.486843 0.379307 1.44467 159109
7 0.489159 0.393524 1.43439 159142
7 0.492719 0.412015 1.42466 159176
7 0.494677 0.43116 1.41327 159210
7 0.498115 0.451289 1.40289 159242
7 0.501142 0.472287 1.39441 159275
7 0.503596 0.491606 1.39028 159308
7 0.505642 0.510442 1.38681 159341
7 0.507776 0.530131 1.38523 159374
7 0.507326 0.548824 1.38268 159407
7 0.508987 0.56628 1.38261 159440
7 0.51052 0.581958 1.38241 159474
7 0.512686 0.596183 1.38348 159508
7 0.515235 0.610503 1.38462 159542
7 0.516627 0.624236 1.38634 159576
7 0.516831 0.63639 1.38593 159610
7 0.517939 0.645009 1.38671 159644
7 0.519038 0.650634 1.38788 159677

8 0.376261 0.497459 1.39005 160838
8 0.376117 0.498099 1.38701 160871
8 0.376544 0.498516 1.38292 160905
8 0.377186 0.498231 1.37999 160939
8 0.377839 0.497599 1.37857 160973
8 0.379139 0.494266 1.37528 161006
8 0.37959 0.488564 1.373 161039
8 0.381108 0.480351 1.37369 161073
8 0.383249 0.471646 1.37448 161106
8 0.384584 0.46065 1.37639 161139
8 0.385758 0.448267 1.38117 161173
8 0.387024 0.435153 1.38461 161208
8 0.389727 0.423127 1.39342 161241
8 0.391755 0.410433 1.40121 161273
8 0.39271 0.399901 1.40718 161306
8 0.395697 0.391518 1.41578 161340
8 0.397253 0.382237 1.42213 161374
8 0.398934 0.374687 1.4287 161407
8 0.401741 0.370873 1.43478 161441
8 0.404915 0.368683 1.43964 161474
8 0.406704 0.367899 1.44132 161508
8 0.409728 0.369195 1.44112 161541
8 0.412638 0.37067 1.44139 161575
8 0.416733 0.374167 1.44017 161609
8 0.420426 0.382849 1.43641 161642
8 0.423721 0.394142 1.43148 161676
8 0.426895 0.4069 1.42502 161710
8 0.430703 0.422565 1.41757 161742
8 0.433881 0.44073 1.40851 161775
8 0.436718 0.461491 1.39962 161808
8 0.440285 0.480274 1.39486 161840
8 0.442814 0.501279 1.3883 161873
8 0.44528 0.520954 1.38499 161907
8 0.447847 0.537285 1.37855 161940
8 0.449779 0.553922 1.37855 161973
8 0.452896 0.567507 1.37682 162007
8 0.454586 0.580124 1.37529 162041
8 0.457734 0.589018 1.37428 162075
8 0.45921 0.599048 1.37569 162108
8 0.460381 0.606443 1.37629 162141
8 0.462007 0.610512 1.37626 162174
8 0.46292 0.612925 1.37436 162208

9 0.325879 0.484053 1.41828 163315
9 0.324329 0.485259 1.4155 163350
9 0.321165 0.485365 1.4076 163383
9 0.318421 0.485853 1.40117 163417
9 0.31718 0.486248 1.39564 163449
9 0.316642 0.486468 1.39289 163481
9 0.315023 0.481868 1.38636 163515
9 0.313973 0.475092 1.38342 163548
9 0.313974 0.469466 1.38084 163582
9 0.312924 0.462165 1.38069 163616
9 0.312223 0.451759 1.37916 163649
9 0.312315 0.442982 1.37845 163682
9 0.312378 0.432669 1.37903 163716
9 0.311954 0.424354 1.3814 163750
9 0.314103 0.416573 1.38652 163784
9 0.315258 0.406813 1.391 163817
9 0.315265 0.396566 1.39329 163850
9 0.317166 0.388079 1.39939 163883
9 0.318067 0.381332 1.40432 163916
9 0.320391 0.374696 1.41007 163949
9 0.321786 0.370296 1.41543 163982
9 0.32365 0.365024 1.42353 164016
9 0.326127 0.361949 1.43123 164049
9 0.328893 0.357086 1.43538 164081
9 0.332514 0.354836 1.44178 164115
9 0.335062 0.35356 1.44683 164147
9 0.33852 0.349019 1.45471 164180
9 0.341806 0.349793 1.45783 164214
9 0.345127 0.352072 1.46314 164248
9 0.348967 0.353994 1.46201 164282
9 0.351936 0.358391 1.46267 164316
9 0.355757 0.363877 1.46296 164351
9 0.361157 0.372096 1.46331 164384
9 0.364556 0.383346 1.46025 164416
9 0.369536 0.398802 1.45672 164450
9 0.372936 0.414791 1.45193 164484
9 0.37685 0.434037 1.44677 164517
9 0.382024 0.452464 1.44138 164550
9 0.38717 0.474053 1.43807 164584
9 0.390137 0.495232 1.43406 164617
9 0.39396 0.518386 1.43137 164650
9 0.396572 0.54276 1.42652 164684
9 0.398707 0.565987 1.4239 164717
9 0.399982 0.590865 1.42522 164751
9 0.400239 0.614345 1.42477 164786
9 0.400757 0.636357 1.42186 164819
9 0.402418 0.6553 1.42027 164836

