Gesto: 1
0 0.672403 0.294877 1.44685 63794
0 0.671348 0.280184 1.45192 63860
0 0.669972 0.265763 1.45487 63926
0 0.669123 0.251093 1.45973 63994
0 0.667134 0.234686 1.46141 64078
0 0.661893 0.218565 1.45948 64146
0 0.656933 0.204657 1.46243 64214
0 0.648135 0.189883 1.45979 64282
0 0.639384 0.179364 1.4646 64348
0 0.629532 0.169624 1.46457 64416
0 0.619582 0.163271 1.4667 64482
0 0.607865 0.16479 1.47509 64546
0 0.597946 0.162463 1.47269 64616
0 0.58652 0.16289 1.4658 64683
0 0.576887 0.16785 1.46013 64764
0 0.566625 0.177067 1.45557 64831
0 0.557547 0.188244 1.45324 64897
0 0.548622 0.202234 1.44489 64964
0 0.545131 0.218272 1.43893 65030
0 0.539306 0.237323 1.43531 65099
0 0.539044 0.257807 1.43252 65166
0 0.539832 0.280903 1.43353 65249
0 0.542328 0.301245 1.42461 65316
0 0.548931 0.322862 1.4257 65383
0 0.556159 0.343021 1.41655 65449
0 0.563892 0.360531 1.41331 65517
0 0.573886 0.376315 1.41148 65585
0 0.584712 0.389822 1.41057 65653
0 0.594914 0.398355 1.41505 65721
0 0.60608 0.400941 1.41955 65788
0 0.617312 0.401742 1.42362 65870
0 0.626947 0.400367 1.42441 65936
0 0.638801 0.394725 1.42466 66001
0 0.648139 0.385965 1.43221 66070
0 0.656986 0.375091 1.43762 66138
0 0.662052 0.361168 1.44504 66204
0 0.665864 0.347674 1.45255 66272
0 0.668959 0.3317 1.45974 66340
0 0.670564 0.316338 1.46555 66423
0 0.6712 0.301132 1.47332 66491
0 0.670073 0.286838 1.47636 66558
0 0.669398 0.272781 1.47882 66626
0 0.668437 0.259025 1.47952 66693
0 0.6664 0.248973 1.48451 66762
0 0.664923 0.240404 1.4869 66830
0 0.662913 0.23267 1.48761 66897
0 0.66085 0.22713 1.48796 66965
0 0.660106 0.224492 1.48728 67033

