Gesto: 1
0 0.66449 0.457647 1.53324 42524
0 0.66203 0.463758 1.52817 42591
0 0.659549 0.471084 1.52885 42660
0 0.4179 0.215759 1.44357 121023
0 0.416946 0.220525 1.43611 121091
0 0.415973 0.228378 1.43015 121159
0 0.415384 0.237996 1.42707 121210
0 0.415818 0.249276 1.42043 121275
0 0.416099 0.261701 1.41511 121343
0 0.414029 0.275349 1.40988 121409
0 0.414717 0.292748 1.4087 121478
0 0.414897 0.309069 1.40637 121544
0 0.415574 0.327634 1.40133 121612
0 0.416067 0.346241 1.39929 121661
0 0.417825 0.364362 1.39981 121743
0 0.418906 0.383614 1.39952 121794
0 0.42126 0.402884 1.39899 121861
0 0.423836 0.421564 1.40094 121926
0 0.427153 0.440191 1.40373 121992
0 0.432269 0.458457 1.40697 122075
0 0.437966 0.477324 1.41156 122141
0 0.442582 0.495109 1.41625 122206
0 0.449033 0.510861 1.42496 122271
0 0.45656 0.52911 1.4334 122340
0 0.464582 0.545247 1.44279 122425
0 0.473341 0.56122 1.45494 122493
0 0.482733 0.575518 1.46731 122559
0 0.491244 0.587483 1.47754 122624
0 0.500073 0.598433 1.48312 122691
0 0.512115 0.607385 1.49474 122758
0 0.524565 0.61274 1.50321 122825
0 0.537246 0.616649 1.5129 122891
0 0.550384 0.615882 1.52306 122975
0 0.563018 0.613781 1.52996 123041
0 0.575531 0.607794 1.53314 123109
0 0.58809 0.601205 1.53542 123176
0 0.599596 0.592282 1.53516 123243
0 0.611487 0.583649 1.54102 123308
0 0.621397 0.570958 1.5438 123375
0 0.63171 0.560415 1.54312 123459
0 0.640144 0.547106 1.54145 123526
0 0.646587 0.53183 1.54405 123593
0 0.654688 0.516164 1.5468 123659
0 0.664052 0.501993 1.54888 123726
0 0.670383 0.487494 1.55227 123792
0 0.677535 0.473191 1.55403 123860
0 0.683018 0.458625 1.56197 123928
0 0.689819 0.444518 1.56259 123996
0 0.695472 0.431353 1.56518 124064
0 0.700256 0.417049 1.56898 124148
0 0.699593 0.399475 1.57453 124216
0 0.703515 0.384889 1.57539 124283
0 0.705754 0.369801 1.57678 124350
0 0.708835 0.357009 1.58282 124417
0 0.710482 0.342832 1.58894 124484
0 0.710522 0.328769 1.58887 124552
0 0.710839 0.314518 1.58958 124620
0 0.709612 0.301228 1.59083 124688
0 0.71013 0.290751 1.59874 124754
0 0.710816 0.279818 1.60371 124822
0 0.710338 0.267341 1.60391 124906
0 0.709284 0.255711 1.60551 124972
0 0.710235 0.247165 1.60662 125039
0 0.70856 0.236405 1.60967 125122
0 0.70825 0.225206 1.61206 125189
0 0.706138 0.216183 1.61792 125257
0 0.704288 0.208186 1.62436 125341

