Gesto: 1
0 0.710954 0.328777 1.80115 58075
0 0.70724 0.334729 1.7798 58143
0 0.705922 0.342027 1.75454 58227
0 0.698802 0.352602 1.72887 58296
0 0.695112 0.361835 1.70921 58364
0 0.684967 0.370554 1.6831 58448
0 0.674243 0.382 1.65087 58516
0 0.667189 0.393079 1.62016 58585
0 0.65612 0.403025 1.59103 58670
0 0.645844 0.411627 1.56208 58738
0 0.632625 0.418432 1.53358 58822
0 0.614789 0.426493 1.49939 58886
0 0.596663 0.432123 1.47454 58968
0 0.576333 0.435467 1.45135 59036
0 0.553394 0.437523 1.42903 59119
0 0.531804 0.43903 1.40793 59186
0 0.510182 0.439064 1.39025 59253
0 0.486835 0.435357 1.37413 59339
0 0.462501 0.434345 1.35781 59403
0 0.435547 0.428367 1.36019 59486
0 0.40957 0.424101 1.36466 59551
0 0.385994 0.418095 1.36763 59635
0 0.364785 0.413491 1.3759 59701
0 0.343985 0.410652 1.38233 59767
0 0.324977 0.405441 1.39378 59853
0 0.308166 0.400363 1.40419 59919
0 0.29168 0.394467 1.41458 60004
0 0.278716 0.38748 1.42935 60069
0 0.268085 0.382454 1.44311 60152
0 0.25822 0.375577 1.46058 60220
0 0.248755 0.369844 1.47315 60287
0 0.241957 0.362073 1.4887 60371
0 0.233207 0.356109 1.50066 60437
0 0.22655 0.352914 1.51306 60521
0 0.222942 0.347516 1.52079 60588
0 0.224752 0.342265 1.52541 60655
0 0.226347 0.338556 1.52839 60738

1 0.727496 0.329696 1.73234 64055
1 0.716119 0.34289 1.70658 64138
1 0.707374 0.359968 1.67696 64205
1 0.693437 0.373411 1.64742 64288
1 0.681452 0.389844 1.61169 64354
1 0.668077 0.406762 1.57467 64421
1 0.650634 0.422679 1.53794 64506
1 0.630395 0.436929 1.50374 64572
1 0.61063 0.447942 1.47707 64656
1 0.587133 0.456613 1.45496 64722
1 0.56202 0.462204 1.43615 64805
1 0.535413 0.467704 1.41438 64872
1 0.510204 0.469081 1.40002 64938
1 0.485121 0.467734 1.38593 65021
1 0.459099 0.462471 1.37753 65089
1 0.433974 0.454794 1.37425 65170
1 0.412621 0.446984 1.37396 65236
1 0.389983 0.43805 1.37551 65319
1 0.369573 0.425423 1.38165 65386
1 0.35018 0.413358 1.38672 65471
1 0.333962 0.398507 1.39898 65538
1 0.319935 0.385017 1.41446 65606
1 0.307887 0.370664 1.42744 65690
1 0.296611 0.356475 1.4386 65756
1 0.289342 0.342143 1.45035 65839
1 0.28398 0.328385 1.46308 65907
1 0.281639 0.31853 1.47009 65973
1 0.279821 0.308977 1.47738 66057
1 0.278501 0.302728 1.48393 66124
1 0.280469 0.297651 1.48978 66207
1 0.282904 0.295301 1.48729 66276

2 0.739904 0.347335 1.7713 69067
2 0.732379 0.365684 1.73724 69132
2 0.72006 0.384507 1.70027 69217
2 0.708839 0.404155 1.66362 69285
2 0.692858 0.423089 1.62744 69352
2 0.676177 0.444081 1.58844 69434
2 0.655472 0.462272 1.55119 69500
2 0.631726 0.477193 1.51638 69582
2 0.608717 0.490451 1.48764 69664
2 0.582077 0.500591 1.46079 69732
2 0.551012 0.502144 1.43536 69799
2 0.520265 0.502328 1.41568 69882
2 0.489054 0.497709 1.40093 69946
2 0.457658 0.489408 1.39551 70028
2 0.426865 0.479124 1.39644 70093
2 0.400086 0.468944 1.40198 70160
2 0.373782 0.455917 1.41134 70228
2 0.350113 0.441852 1.42279 70312
2 0.329322 0.427113 1.43917 70380
2 0.3133 0.410829 1.46074 70446
2 0.299717 0.395371 1.47935 70512
2 0.287942 0.379496 1.49333 70578
2 0.279893 0.363879 1.50746 70645
2 0.27495 0.349794 1.5202 70728
2 0.271689 0.335863 1.5341 70795
2 0.2708 0.324547 1.53787 70862
2 0.270175 0.314322 1.53772 70929

3 0.676136 0.297156 1.61896 73758
3 0.672459 0.323826 1.60574 73826
3 0.668703 0.352572 1.59134 73893
3 0.663104 0.385043 1.57654 73962
3 0.657981 0.417175 1.56391 74029
3 0.649211 0.449044 1.5502 74095
3 0.636061 0.480783 1.53758 74161
3 0.618924 0.511343 1.52413 74228
3 0.598321 0.537165 1.51588 74313
3 0.572214 0.554731 1.50473 74379
3 0.547266 0.566596 1.4912 74445
3 0.522933 0.57263 1.476 74509
3 0.499453 0.570161 1.46191 74578
3 0.474894 0.558737 1.44706 74647
3 0.452609 0.543404 1.43145 74713
3 0.431334 0.523391 1.4237 74780
3 0.413053 0.500827 1.4182 74865
3 0.398488 0.474147 1.41457 74933
3 0.385419 0.444622 1.4153 74996
3 0.374244 0.416547 1.41547 75065
3 0.367344 0.388914 1.42005 75131
3 0.360449 0.363156 1.4264 75197
3 0.357044 0.338702 1.43402 75264
3 0.357335 0.316669 1.45241 75332
3 0.356614 0.292236 1.45403 75416
3 0.356735 0.269304 1.45976 75466

4 0.656666 0.275758 1.57847 78798
4 0.655466 0.309808 1.55716 78864
4 0.649612 0.342579 1.54458 78932
4 0.644739 0.377267 1.52969 79000
4 0.638513 0.411444 1.52039 79066
4 0.629534 0.44436 1.51227 79134
4 0.618227 0.476467 1.50381 79201
4 0.60535 0.505033 1.49762 79267
4 0.588177 0.529187 1.49489 79350
4 0.568662 0.547745 1.48925 79418
4 0.547923 0.560188 1.48227 79486
4 0.528527 0.566238 1.47261 79553
4 0.509361 0.569051 1.46124 79619
4 0.490438 0.56463 1.44956 79685
4 0.469617 0.553565 1.43628 79752
4 0.452808 0.540285 1.42232 79817
4 0.43761 0.522145 1.41354 79901
4 0.42234 0.499825 1.4061 79968
4 0.411632 0.475762 1.40433 80034
4 0.401915 0.451092 1.40111 80102
4 0.38919 0.424177 1.40618 80170
4 0.384789 0.39706 1.40779 80236
4 0.379225 0.372382 1.41454 80303
4 0.377648 0.347563 1.42033 80369
4 0.377439 0.322772 1.42609 80452
4 0.377854 0.297481 1.43214 80519
4 0.38136 0.27352 1.43678 80584

5 0.660178 0.314694 1.56729 83977
5 0.657894 0.342717 1.55056 84045
5 0.65203 0.371421 1.53937 84110
5 0.644275 0.402991 1.5267 84191
5 0.63699 0.434989 1.51719 84258
5 0.626778 0.464179 1.51096 84325
5 0.61436 0.494444 1.50246 84393
5 0.598741 0.522616 1.49791 84458
5 0.579975 0.545737 1.49532 84525
5 0.559726 0.563373 1.48879 84592
5 0.538652 0.572435 1.4815 84673
5 0.51731 0.576496 1.47107 84739
5 0.495218 0.572132 1.46206 84807
5 0.473458 0.563893 1.45169 84873
5 0.455418 0.551482 1.44108 84939
5 0.437756 0.53329 1.43329 85007
5 0.421286 0.512006 1.42716 85072
5 0.410619 0.488045 1.42071 85156
5 0.400659 0.461445 1.41698 85223
5 0.391629 0.432255 1.41457 85291
5 0.385443 0.404914 1.41916 85357
5 0.382877 0.377148 1.42156 85424
5 0.381802 0.34789 1.42302 85492
5 0.381492 0.32142 1.42727 85560
5 0.381859 0.296643 1.43927 85626
5 0.384048 0.272172 1.44378 85710
5 0.386098 0.250348 1.45264 85777
5 0.388083 0.231222 1.45972 85827
5 0.389092 0.215974 1.47061 85893

6 0.675795 0.269067 1.61398 88948
6 0.673429 0.300485 1.59079 89014
6 0.667088 0.335844 1.57005 89078
6 0.660244 0.371563 1.55068 89146
6 0.649793 0.407762 1.53415 89230
6 0.640197 0.44242 1.52073 89296
6 0.625932 0.475905 1.50772 89360
6 0.609259 0.508091 1.49592 89426
6 0.587948 0.534013 1.49182 89493
6 0.562432 0.556154 1.48685 89560
6 0.538217 0.571077 1.48262 89642
6 0.515088 0.581544 1.47817 89710
6 0.491867 0.585664 1.47422 89777
6 0.467832 0.582919 1.46706 89843
6 0.446116 0.574713 1.45895 89911
6 0.422133 0.559398 1.45477 89978
6 0.405098 0.538068 1.44962 90042
6 0.392613 0.516224 1.44207 90125
6 0.381195 0.485201 1.43449 90192
6 0.374567 0.454713 1.43022 90260
6 0.368733 0.423147 1.42287 90328
6 0.366538 0.391405 1.42123 90394
6 0.365345 0.361671 1.42453 90460
6 0.368269 0.330333 1.42528 90528
6 0.371697 0.302593 1.42972 90594
6 0.375211 0.277478 1.43416 90677
6 0.37799 0.255443 1.43963 90742
6 0.381054 0.237673 1.44717 90810

7 0.672767 0.272006 1.60468 93993
7 0.667028 0.306562 1.58282 94058
7 0.663064 0.343875 1.56286 94125
7 0.651387 0.380515 1.54589 94209
7 0.644181 0.416799 1.53239 94274
7 0.633904 0.451917 1.52008 94341
7 0.619182 0.4873 1.50992 94407
7 0.603737 0.520538 1.505 94475
7 0.584417 0.548645 1.50434 94539
7 0.560408 0.570195 1.50037 94622
7 0.536587 0.584389 1.49531 94689
7 0.514982 0.594779 1.49355 94754
7 0.491246 0.599456 1.4908 94822
7 0.469352 0.59895 1.48757 94888
7 0.449045 0.594841 1.48303 94955
7 0.429851 0.587132 1.48199 95021
7 0.412742 0.571026 1.47999 95105
7 0.399325 0.550349 1.47575 95172
7 0.389047 0.529112 1.46735 95238
7 0.380338 0.506252 1.45709 95304
7 0.374537 0.475589 1.45028 95369
7 0.369144 0.441962 1.44264 95438
7 0.365395 0.410269 1.43569 95504
7 0.363035 0.379107 1.43365 95586
7 0.362345 0.346579 1.43604 95652
7 0.363021 0.315997 1.4393 95719
7 0.36557 0.286897 1.44703 95788
7 0.369285 0.262762 1.4582 95855
7 0.371729 0.239819 1.4669 95922
7 0.375183 0.219144 1.47239 95992
7 0.377494 0.204205 1.4815 96058

8 0.680816 0.253299 1.62746 99338
8 0.678205 0.280338 1.60938 99402
8 0.670622 0.309764 1.58717 99472
8 0.664354 0.342041 1.57006 99538
8 0.656927 0.376684 1.55137 99605
8 0.644464 0.410217 1.53382 99673
8 0.632842 0.445272 1.52038 99741
8 0.618626 0.479164 1.50754 99809
8 0.601457 0.509948 1.50238 99874
8 0.579765 0.538707 1.49821 99941
8 0.556373 0.560619 1.49237 100026
8 0.532664 0.576979 1.48506 100093
8 0.508037 0.585138 1.48068 100161
8 0.483219 0.587582 1.47687 100228
8 0.460082 0.584558 1.47295 100294
8 0.438022 0.574972 1.46854 100359
8 0.415612 0.55821 1.46703 100426
8 0.400697 0.541198 1.46085 100507
8 0.386261 0.519288 1.4537 100574
8 0.374595 0.492478 1.44711 100640
8 0.366599 0.463595 1.44049 100707
8 0.359115 0.432169 1.43448 100772
8 0.356093 0.402732 1.43285 100838
8 0.353684 0.371581 1.43075 100921
8 0.354163 0.341613 1.43199 100988
8 0.354663 0.31478 1.43787 101054
8 0.35733 0.290255 1.44536 101122
8 0.358819 0.267735 1.45501 101191
8 0.358585 0.24698 1.46366 101257
8 0.360435 0.232902 1.47259 101324
8 0.360593 0.221524 1.48112 101390

9 0.662848 0.228306 1.61175 104493
9 0.661805 0.257609 1.59296 104576
9 0.658212 0.290394 1.57817 104643
9 0.657208 0.321714 1.55903 104709
9 0.650286 0.35807 1.54194 104775
9 0.643942 0.394978 1.5275 104839
9 0.636814 0.43091 1.51616 104922
9 0.623598 0.467316 1.50313 104989
9 0.608352 0.503121 1.49518 105054
9 0.587595 0.533964 1.49267 105121
9 0.562555 0.558383 1.48771 105185
9 0.53825 0.577345 1.48132 105251
9 0.515138 0.589175 1.47735 105334
9 0.489517 0.594651 1.47583 105401
9 0.466801 0.594684 1.47176 105467
9 0.445466 0.588276 1.46604 105535
9 0.424943 0.578039 1.45966 105601
9 0.40706 0.560141 1.45479 105668
9 0.39466 0.540283 1.44713 105733
9 0.384072 0.514267 1.44109 105819
9 0.376819 0.484044 1.43308 105886
9 0.372798 0.455715 1.4273 105954
9 0.369548 0.425839 1.42194 106021
9 0.370991 0.395698 1.42127 106089
9 0.373176 0.367307 1.42129 106158
9 0.37572 0.340882 1.42279 106225
9 0.379566 0.315835 1.42335 106291
9 0.382622 0.293565 1.43037 106359
9 0.387744 0.270536 1.42806 106425
9 0.389806 0.250711 1.43298 106494
9 0.390542 0.235098 1.43866 106562
9 0.390681 0.225863 1.44984 106645

10 0.705509 0.265461 1.67525 109816
10 0.701849 0.29567 1.65379 109883
10 0.701327 0.329778 1.63737 109950
10 0.692937 0.366892 1.61936 110016
10 0.683874 0.405599 1.60254 110084
10 0.677428 0.446993 1.582 110150
10 0.665556 0.484323 1.56876 110218
10 0.650205 0.521668 1.55919 110286
10 0.629514 0.558544 1.55047 110369
10 0.606258 0.587027 1.54687 110437
10 0.579328 0.607832 1.54163 110504
10 0.55089 0.622007 1.53537 110571
10 0.525861 0.628256 1.527 110637
10 0.500715 0.625217 1.51484 110705
10 0.477709 0.614624 1.50099 110768
10 0.456629 0.597273 1.48374 110852
10 0.437649 0.573714 1.46779 110918
10 0.420361 0.549072 1.45479 110986
10 0.406122 0.521648 1.44229 111052
10 0.397489 0.486787 1.43444 111120
10 0.389205 0.45094 1.42647 111187
10 0.381848 0.417489 1.42176 111255
10 0.378135 0.382467 1.42153 111322
10 0.374905 0.352242 1.42313 111389
10 0.374557 0.32207 1.42939 111456
10 0.374122 0.294311 1.43869 111540
10 0.374075 0.269711 1.4445 111607
10 0.376461 0.249124 1.45005 111675
10 0.378393 0.231464 1.4551 111741
10 0.382072 0.216738 1.46158 111807

11 0.694532 0.259102 1.61376 119363
11 0.696531 0.268847 1.61225 119428
11 0.697933 0.27695 1.60167 119494
11 0.69628 0.28686 1.6046 119561
11 0.695914 0.294671 1.60137 119629
11 0.698094 0.304416 1.59834 119712
11 0.697395 0.310929 1.59497 119781
11 0.698639 0.320146 1.59274 119848
11 0.697454 0.326227 1.59111 119914
11 0.697969 0.335628 1.58873 119982
11 0.695736 0.343524 1.58418 120049
11 0.69623 0.352417 1.58086 120116
11 0.695293 0.35798 1.57846 120183
11 0.690264 0.365031 1.57435 120250
11 0.689885 0.373161 1.56813 120334
11 0.687708 0.380709 1.56611 120400
11 0.686404 0.385901 1.56322 120468
11 0.686008 0.39458 1.56198 120535
11 0.683224 0.401653 1.55668 120601
11 0.681082 0.411406 1.55244 120669
11 0.678003 0.415842 1.55504 120736
11 0.67659 0.422456 1.55061 120802
11 0.675212 0.428958 1.5451 120868
11 0.67179 0.434697 1.54156 120952
11 0.669423 0.442418 1.53769 121018
11 0.664298 0.448013 1.5374 121084
11 0.66449 0.457647 1.53324 121151
11 0.66203 0.463758 1.52817 121218
11 0.659549 0.471084 1.52885 121286
11 0.65419 0.476969 1.52456 121352
11 0.653939 0.484694 1.51944 121421
11 0.655128 0.491568 1.52284 121504
11 0.654613 0.49799 1.52484 121570
11 0.650552 0.502307 1.52659 121636
11 0.648069 0.509286 1.52758 121701
11 0.645786 0.514139 1.53021 121768
11 0.642094 0.520408 1.52832 121851
11 0.639127 0.525154 1.52908 121918
11 0.637623 0.532466 1.52926 121985
11 0.635924 0.539719 1.52869 122052
11 0.631138 0.547214 1.52599 122119
11 0.627916 0.552602 1.52513 122186
11 0.6224 0.556544 1.52141 122254
11 0.61839 0.561902 1.51669 122319
11 0.613741 0.565478 1.51632 122388
11 0.608275 0.569067 1.51287 122454
11 0.602777 0.574409 1.50984 122537
11 0.596705 0.579065 1.50607 122604
11 0.590267 0.58188 1.50372 122671
11 0.582444 0.585851 1.49927 122738
11 0.571561 0.585181 1.49443 122805
11 0.560218 0.585845 1.48839 122872
11 0.551365 0.584656 1.48255 122939
11 0.538216 0.582425 1.47274 123007
11 0.528359 0.58007 1.46347 123090
11 0.519387 0.576707 1.45518 123158
11 0.510998 0.571466 1.44868 123225
11 0.500523 0.566768 1.44113 123293
11 0.491203 0.559097 1.43297 123360
11 0.481293 0.550554 1.42808 123428
11 0.471214 0.542865 1.42106 123496
11 0.462521 0.533809 1.4136 123564
11 0.454807 0.524955 1.40776 123630
11 0.447101 0.515787 1.40197 123697
11 0.440667 0.507539 1.39551 123765
11 0.434742 0.498767 1.39071 123850
11 0.427859 0.487975 1.38903 123916
11 0.422922 0.476292 1.38746 123984
11 0.418783 0.465642 1.38481 124051
11 0.414027 0.458046 1.3823 124118
11 0.410819 0.448322 1.37963 124185
11 0.407788 0.436423 1.38247 124252
11 0.403567 0.42552 1.38298 124319
11 0.39891 0.414777 1.38453 124387
11 0.395528 0.403561 1.38538 124470
11 0.39347 0.391744 1.38411 124536
11 0.391874 0.379669 1.38404 124604
11 0.390901 0.366927 1.38639 124670
11 0.391852 0.356277 1.38807 124738
11 0.389425 0.344385 1.39405 124805
11 0.389195 0.332555 1.39545 124872
11 0.389168 0.322158 1.39876 124938
11 0.389302 0.31047 1.40292 125021
11 0.387341 0.297757 1.40738 125088
11 0.388127 0.285255 1.41248 125157
11 0.3903 0.272932 1.41491 125208
11 0.389897 0.265404 1.42758 125275
11 0.389617 0.255489 1.43087 125341
11 0.390976 0.244781 1.43502 125409

12 0.691982 0.375093 1.58396 133725
12 0.689641 0.389922 1.58197 133793
12 0.686972 0.405655 1.57822 133859
12 0.685463 0.420863 1.57983 133927
12 0.682493 0.439021 1.57498 133994
12 0.679079 0.454897 1.57032 134060
12 0.677152 0.470255 1.56899 134145
12 0.671976 0.485852 1.5681 134196
12 0.668041 0.50001 1.56495 134279
12 0.663112 0.513404 1.56699 134346
12 0.659528 0.52672 1.57201 134414
12 0.65225 0.536183 1.57148 134482
12 0.648886 0.547138 1.57349 134550
12 0.643003 0.558272 1.57452 134618
12 0.633813 0.565283 1.57665 134685
12 0.628084 0.573817 1.57635 134752
12 0.6209 0.584325 1.57535 134820
12 0.612204 0.592078 1.57175 134888
12 0.604418 0.599995 1.57416 134955
12 0.594055 0.604722 1.57154 135038
12 0.584484 0.609715 1.56566 135105
12 0.573753 0.611918 1.56039 135170
12 0.563011 0.61263 1.55185 135235
12 0.550266 0.613314 1.53951 135304
12 0.537741 0.610201 1.53194 135370
12 0.525563 0.608871 1.51929 135452
12 0.515443 0.606791 1.50908 135519
12 0.506064 0.601696 1.50282 135585
12 0.494872 0.596182 1.49475 135654
12 0.48425 0.588009 1.48604 135721
12 0.475016 0.578183 1.47826 135785
12 0.466715 0.567012 1.46617 135867
12 0.45977 0.557906 1.45625 135934
12 0.453255 0.546111 1.44751 136003
12 0.447673 0.535485 1.43652 136070
12 0.443322 0.522609 1.43122 136137
12 0.437626 0.509787 1.42324 136204
12 0.43411 0.496158 1.41674 136271
12 0.430783 0.481848 1.41237 136338
12 0.428356 0.46657 1.40681 136405
12 0.425839 0.45145 1.40164 136487
12 0.422936 0.437824 1.39614 136554
12 0.421588 0.423019 1.39351 136617
12 0.420231 0.406831 1.39258 136681
12 0.419085 0.390091 1.39098 136750
12 0.418445 0.374493 1.39077 136816
12 0.417073 0.357632 1.39159 136899
12 0.416742 0.341701 1.39312 136967
12 0.416857 0.32729 1.39568 137034
12 0.416087 0.313214 1.39824 137102
12 0.416039 0.298746 1.40302 137170
12 0.416824 0.28577 1.40852 137238
12 0.416703 0.272815 1.41416 137304
12 0.41641 0.261767 1.42006 137370
12 0.416856 0.251355 1.42163 137440
12 0.416926 0.242636 1.4226 137508
12 0.416083 0.233696 1.42688 137575
12 0.417036 0.227562 1.43416 137641
12 0.417465 0.223354 1.44377 137707

