Gesto: 1
0 0.574737 0.248246 1.95297 456355
0 0.574451 0.249044 1.95236 456389
0 0.573276 0.246101 1.95501 456422
0 0.573944 0.242463 1.9625 456456
0 0.574274 0.240831 1.96044 456489
0 0.575016 0.23922 1.95944 456521
0 0.575054 0.236581 1.95689 456553
0 0.576303 0.228848 1.96024 456586
0 0.576681 0.222323 1.96653 456619
0 0.577499 0.213428 1.9692 456653
0 0.578073 0.206563 1.96788 456685
0 0.581606 0.196592 1.96401 456718
0 0.584753 0.188289 1.96472 456750
0 0.588901 0.178782 1.96967 456784
0 0.590928 0.170137 1.97579 456818
0 0.593772 0.163035 1.98739 456851
0 0.600947 0.156178 1.9863 456885
0 0.606441 0.149949 1.98573 456919
0 0.610539 0.143919 1.99429 456951
0 0.619429 0.136033 1.99967 456985
0 0.624767 0.129476 2.00073 457017
0 0.633976 0.123736 2.00757 457050
0 0.63967 0.121492 2.00942 457083
0 0.648379 0.119759 2.01877 457117
0 0.655569 0.1191 2.02372 457150
0 0.664398 0.121685 2.01572 457183
0 0.674116 0.124069 2.02499 457217
0 0.682202 0.126527 2.03585 457250
0 0.691119 0.127995 2.04657 457283
0 0.697734 0.130011 2.04864 457316
0 0.707064 0.137489 2.05114 457349
0 0.713104 0.141799 2.05764 457384
0 0.719942 0.149118 2.06237 457418
0 0.726454 0.157433 2.06369 457451
0 0.734684 0.16237 2.0709 457485
0 0.741327 0.17229 2.06958 457520
0 0.745261 0.181803 2.07495 457553
0 0.750834 0.19325 2.07816 457586
0 0.757727 0.206786 2.07913 457620
0 0.761793 0.22303 2.07676 457655
0 0.764082 0.238907 2.0807 457689
0 0.767757 0.256643 2.08206 457723
0 0.769613 0.275948 2.07836 457756
0 0.767108 0.293853 2.0741 457790
0 0.765271 0.312612 2.07411 457824
0 0.763691 0.331421 2.0692 457857
0 0.763064 0.349835 2.07084 457890
0 0.761418 0.368424 2.06856 457924
0 0.756382 0.385622 2.06629 457958
0 0.751563 0.398319 2.06614 457991
0 0.742975 0.414075 2.05821 458025

1 0.628706 0.394824 1.95675 466428
1 0.626395 0.394376 1.96054 466462
1 0.622182 0.395563 1.9561 466495
1 0.618369 0.3968 1.94867 466528
1 0.614736 0.396215 1.94375 466562
1 0.608686 0.389033 1.94425 466595
1 0.601367 0.385834 1.94014 466628
1 0.594151 0.379667 1.93623 466662
1 0.590299 0.369181 1.93725 466693
1 0.583588 0.356377 1.93511 466726
1 0.579527 0.340102 1.93597 466760
1 0.577168 0.320952 1.93962 466794
1 0.5762 0.300969 1.94075 466829
1 0.574432 0.281479 1.93929 466861
1 0.574316 0.261983 1.94176 466893
1 0.574847 0.242774 1.94645 466925
1 0.576961 0.22617 1.94391 466958
1 0.581964 0.206953 1.94187 466991
1 0.58808 0.1937 1.94592 467040
1 0.593651 0.181027 1.95196 467057
1 0.602847 0.172861 1.95375 467091
1 0.613092 0.165881 1.96389 467125
1 0.623543 0.158716 1.97245 467160
1 0.634972 0.154592 1.97901 467193
1 0.644847 0.155193 1.98516 467227
1 0.657815 0.15565 1.99523 467261
1 0.669943 0.156766 2.00044 467294
1 0.682099 0.16388 2.00326 467328
1 0.695737 0.172356 2.00714 467361
1 0.705642 0.181354 2.01383 467394
1 0.716456 0.195155 2.0202 467427
1 0.726093 0.212784 2.01892 467460
1 0.734431 0.229639 2.02473 467494
1 0.738279 0.251272 2.0247 467527
1 0.740129 0.272669 2.02454 467560
1 0.739946 0.291444 2.0242 467595
1 0.736032 0.30879 2.02644 467628
1 0.73278 0.330356 2.02478 467662
1 0.727686 0.34973 2.01596 467696
1 0.720571 0.369867 2.01153 467728
1 0.711136 0.381027 2.00711 467762
1 0.702236 0.392896 2.00181 467796
1 0.693186 0.404498 1.99971 467830
1 0.682442 0.411574 1.99263 467863
1 0.670197 0.415918 1.98645 467897
1 0.659703 0.417045 1.9778 467931
1 0.648789 0.417675 1.96279 467964
1 0.638569 0.416329 1.95668 467998
1 0.628497 0.410243 1.95185 468032

2 0.611658 0.544302 2.0579 469030
2 0.604888 0.540979 2.05892 469063
2 0.600683 0.538619 2.05745 469097
2 0.591575 0.532991 2.05656 469131
2 0.584278 0.525826 2.04938 469164
2 0.57644 0.513423 2.04144 469198
2 0.569944 0.50014 2.03414 469232
2 0.565862 0.484809 2.02411 469265
2 0.560469 0.465675 2.01552 469299
2 0.557544 0.440575 2.00514 469332
2 0.55915 0.419567 1.99883 469366
2 0.560479 0.401935 1.99054 469400
2 0.562907 0.38482 1.98429 469434
2 0.568759 0.364852 1.98324 469468
2 0.577935 0.348134 1.98587 469501
2 0.586629 0.336693 1.98462 469535
2 0.596193 0.325653 1.98409 469569
2 0.603749 0.319079 1.98545 469603
2 0.614039 0.314394 1.99087 469637
2 0.626516 0.313231 1.99522 469671
2 0.639982 0.315413 1.99272 469704
2 0.652625 0.322024 1.99973 469737
2 0.662108 0.3271 2.00719 469771
2 0.672164 0.336691 2.00289 469806
2 0.681704 0.34802 2.01069 469840
2 0.687446 0.364748 2.02091 469872
2 0.689764 0.379784 2.03409 469905
2 0.69128 0.396817 2.04475 469939
2 0.692408 0.416549 2.0496 469972
2 0.691907 0.433773 2.05496 470005
2 0.68987 0.450215 2.0592 470036
2 0.68431 0.46388 2.05831 470069
2 0.678736 0.481176 2.05597 470104
2 0.671541 0.494381 2.06044 470136
2 0.66112 0.509175 2.05945 470169
2 0.651044 0.51803 2.06008 470201
2 0.639439 0.526747 2.05885 470233
2 0.630112 0.532276 2.0638 470266
2 0.62161 0.534777 2.06249 470298
2 0.611024 0.53571 2.06315 470331
2 0.601929 0.531837 2.06262 470364
2 0.59339 0.524488 2.06137 470399
2 0.587114 0.515411 2.05905 470433

3 0.396014 0.39494 1.96086 471934
3 0.391768 0.3908 1.96236 471966
3 0.389571 0.387927 1.96408 472000
3 0.38821 0.383579 1.96936 472034
3 0.386715 0.375668 1.97346 472067
3 0.38514 0.363202 1.97908 472101
3 0.381677 0.347705 1.9815 472135
3 0.378366 0.328109 1.9823 472167
3 0.376553 0.303702 1.98311 472200
3 0.379169 0.280861 1.98283 472233
3 0.384383 0.258361 1.98982 472267
3 0.393269 0.237571 1.99413 472300
3 0.404758 0.216655 2.00201 472333
3 0.418791 0.198925 2.00473 472367
3 0.429529 0.188715 2.01633 472400
3 0.441763 0.184714 2.02165 472434
3 0.455046 0.185576 2.0201 472468
3 0.472001 0.189195 2.01384 472502
3 0.485642 0.197236 2.01379 472535
3 0.502223 0.212061 2.00367 472568
3 0.517851 0.231042 2.00719 472602
3 0.530785 0.250987 2.01568 472636
3 0.540034 0.276219 2.01307 472670
3 0.54273 0.30247 2.02507 472703
3 0.543856 0.333674 2.02711 472737
3 0.541469 0.361496 2.03053 472771
3 0.537058 0.388997 2.02802 472804
3 0.526767 0.41423 2.02795 472838
3 0.512162 0.433498 2.01672 472873
3 0.500087 0.447237 2.01289 472907
3 0.487037 0.45542 2.01221 472941
3 0.472899 0.459042 2.0115 472974
3 0.460211 0.457496 2.01067 473007
3 0.448502 0.453423 2.0093 473041
3 0.436864 0.447919 2.00853 473075
3 0.424233 0.440184 1.99977 473108
3 0.411155 0.427216 1.99557 473141
3 0.40001 0.413263 1.9908 473175
3 0.391239 0.397001 1.99056 473209
3 0.383968 0.379751 1.9881 473243

4 0.594731 0.50805 2.11023 474568
4 0.593263 0.506054 2.10815 474601
4 0.589215 0.502672 2.10389 474635
4 0.582577 0.495128 2.09083 474669
4 0.576448 0.487259 2.07773 474703
4 0.572424 0.480221 2.06809 474735
4 0.567454 0.463539 2.05745 474767
4 0.564668 0.435875 2.04646 474800
4 0.563809 0.403945 2.04008 474833
4 0.567514 0.373999 2.0358 474866
4 0.57287 0.347649 2.03365 474901
4 0.578927 0.32308 2.03329 474934
4 0.585626 0.295935 2.03356 474965
4 0.592743 0.275166 2.04108 475014
4 0.604371 0.258096 2.04628 475046
4 0.613044 0.243315 2.05107 475062
4 0.623136 0.232516 2.06141 475112
4 0.634817 0.230211 2.06631 475146
4 0.648026 0.233272 2.07141 475163
4 0.658074 0.23612 2.0858 475213
4 0.669344 0.246111 2.09642 475247
4 0.678882 0.263525 2.10449 475264
4 0.687075 0.285251 2.10665 475299
4 0.692187 0.309068 2.10665 475331
4 0.696006 0.335092 2.1164 475364
4 0.694509 0.363073 2.11821 475413
4 0.690408 0.391468 2.12693 475446
4 0.682129 0.41594 2.12865 475479
4 0.674106 0.444866 2.12731 475513
4 0.664441 0.474824 2.12681 475531
4 0.651975 0.50047 2.12714 475564
4 0.636307 0.518799 2.12609 475613
4 0.622747 0.532018 2.12148 475630
4 0.606168 0.540784 2.11675 475663
4 0.589108 0.544684 2.10837 475712
4 0.5752 0.544852 2.10042 475744
4 0.562101 0.535913 2.09183 475776

5 0.583203 0.572533 2.16803 477247
5 0.580875 0.570886 2.16349 477281
5 0.579888 0.570714 2.16522 477316
5 0.572145 0.570032 2.16082 477349
5 0.565663 0.570554 2.16059 477366
5 0.558961 0.569044 2.15249 477399
5 0.550186 0.564333 2.14864 477449
5 0.539273 0.552001 2.13635 477483
5 0.528532 0.535484 2.12044 477499
5 0.519208 0.517876 2.10098 477550
5 0.512625 0.494055 2.07969 477566
5 0.508952 0.47105 2.05784 477600
5 0.506687 0.443044 2.03879 477634
5 0.50642 0.411991 2.02532 477667
5 0.513061 0.385352 2.02677 477699
5 0.518628 0.360188 2.02122 477750
5 0.528632 0.337717 2.01419 477767
5 0.539591 0.320734 2.00705 477801
5 0.550949 0.305901 2.01139 477835
5 0.563075 0.297408 2.01575 477869
5 0.57652 0.293311 2.02137 477903
5 0.590191 0.297 2.02128 477937
5 0.60567 0.305195 2.03116 477972
5 0.619447 0.315605 2.04151 478005
5 0.634267 0.328935 2.04541 478039
5 0.646505 0.350857 2.05486 478072
5 0.65531 0.370434 2.06144 478106
5 0.659515 0.389382 2.07339 478140
5 0.662269 0.414683 2.08901 478175
5 0.659399 0.439339 2.10086 478208
5 0.65458 0.461458 2.11439 478242
5 0.645139 0.484886 2.11928 478275
5 0.634808 0.506334 2.12528 478309
5 0.622325 0.525701 2.12988 478343
5 0.607468 0.542805 2.13131 478377
5 0.591459 0.553834 2.1205 478411
5 0.578292 0.559136 2.12028 478445
5 0.568287 0.559539 2.11845 478479
5 0.55947 0.554273 2.1154 478512

6 0.544117 0.519211 2.12259 479377
6 0.541993 0.518345 2.12109 479410
6 0.539149 0.512123 2.12015 479443
6 0.533035 0.505422 2.11197 479476
6 0.52834 0.49559 2.10575 479509
6 0.525719 0.481669 2.09686 479543
6 0.52285 0.463984 2.0822 479575
6 0.522448 0.443221 2.07172 479609
6 0.522967 0.421697 2.06082 479641
6 0.529206 0.39829 2.05898 479674
6 0.533889 0.3738 2.05428 479706
6 0.541849 0.353087 2.05797 479738
6 0.552309 0.336149 2.05519 479772
6 0.56174 0.320937 2.05582 479805
6 0.57339 0.309017 2.05652 479838
6 0.585873 0.302462 2.05964 479870
6 0.599213 0.301967 2.05655 479903
6 0.61609 0.306655 2.06202 479936
6 0.626675 0.318032 2.06984 479985
6 0.637788 0.334193 2.07661 480001
6 0.645037 0.352187 2.08871 480034
6 0.650125 0.37426 2.09542 480083
6 0.653677 0.404858 2.10568 480117
6 0.652113 0.431714 2.1169 480134
6 0.646382 0.458852 2.12628 480182
6 0.639886 0.483936 2.13673 480215
6 0.628228 0.506396 2.14118 480247
6 0.609892 0.523859 2.14517 480280
6 0.594497 0.535016 2.14664 480313
6 0.576388 0.545413 2.14037 480344
6 0.563395 0.54817 2.13599 480377
6 0.550387 0.546351 2.1281 480411
6 0.53837 0.538387 2.11988 480444
6 0.527258 0.527959 2.11647 480478
6 0.518257 0.516001 2.10299 480509
6 0.511894 0.501189 2.08422 480542

7 0.560643 0.463566 2.07622 481107
7 0.555197 0.465864 2.07172 481141
7 0.546677 0.463586 2.0629 481173
7 0.540601 0.452297 2.0555 481208
7 0.537022 0.419588 2.05008 481242
7 0.537816 0.366816 2.04877 481275
7 0.546891 0.312227 2.04327 481308
7 0.566597 0.262428 2.04123 481342
7 0.595262 0.230909 2.05006 481376
7 0.626302 0.217842 2.06457 481408
7 0.655142 0.221912 2.08843 481442
7 0.67759 0.243909 2.11 481476
7 0.691607 0.284281 2.13214 481510
7 0.69242 0.333727 2.14585 481544
7 0.683018 0.393155 2.15119 481577
7 0.658117 0.451253 2.15219 481611
7 0.626394 0.488695 2.14041 481644
7 0.5953 0.502828 2.12196 481677
7 0.571466 0.496384 2.09418 481711
7 0.554324 0.47626 2.06869 481746
7 0.546946 0.444768 2.05162 481778
7 0.544413 0.406925 2.033 481812

8 0.792021 0.42418 2.1721 484307
8 0.790254 0.426664 2.16422 484356
8 0.788178 0.426717 2.15532 484373
8 0.781101 0.416773 2.14026 484406
8 0.779081 0.392893 2.14122 484455
8 0.782091 0.357389 2.13367 484489
8 0.792201 0.312891 2.13917 484505
8 0.809749 0.280485 2.15175 484555
8 0.833055 0.26348 2.16939 484588
8 0.8593 0.262658 2.18703 484606
8 0.883171 0.273531 2.22468 484656
8 0.897903 0.298746 2.24474 484688
8 0.903001 0.33386 2.2608 484705
8 0.900654 0.379228 2.28588 484755
8 0.889249 0.426569 2.30062 484788
8 0.87023 0.466832 2.29948 484805
8 0.84446 0.494401 2.2747 484855
8 0.819241 0.502681 2.23299 484889
8 0.796598 0.496215 2.19077 484905

9 0.808878 0.402791 2.16515 485880
9 0.808134 0.40251 2.16478 485914
9 0.808007 0.402502 2.16685 485947
9 0.806499 0.402376 2.15965 485980
9 0.805514 0.401497 2.15652 486013
9 0.804906 0.397244 2.15434 486047
9 0.805608 0.389154 2.15476 486082
9 0.805464 0.38173 2.1531 486115
9 0.808591 0.369561 2.14882 486148
9 0.813482 0.363151 2.15485 486182
9 0.817639 0.357073 2.15618 486215
9 0.823923 0.354796 2.16739 486248
9 0.833317 0.356529 2.17355 486281
9 0.838128 0.359899 2.18391 486315
9 0.844147 0.3674 2.18565 486349
9 0.848749 0.378044 2.19037 486382
9 0.845676 0.39011 2.19138 486415
9 0.841357 0.400439 2.18793 486448
9 0.835864 0.412218 2.18725 486483
9 0.827324 0.421749 2.18598 486516
9 0.815741 0.429799 2.1721 486550
9 0.804409 0.430689 2.15646 486584
9 0.798258 0.428754 2.15181 486617
9 0.795082 0.423805 2.14523 486650

10 0.827758 0.504214 2.28229 488259
10 0.829791 0.518073 2.27976 488292
10 0.827129 0.53248 2.28125 488309
10 0.825251 0.549175 2.27963 488360
10 0.820727 0.566551 2.27669 488377
10 0.817571 0.581192 2.27794 488409
10 0.810597 0.598354 2.2727 488458
10 0.799134 0.617457 2.26902 488490
10 0.789243 0.634493 2.25931 488523
10 0.7751 0.651569 2.25556 488557
10 0.759627 0.664822 2.25862 488590
10 0.740936 0.67704 2.25638 488624
10 0.722566 0.68766 2.2512 488657
10 0.698299 0.698899 2.24738 488690
10 0.673664 0.706159 2.24374 488723
10 0.648552 0.711721 2.23672 488757
10 0.624915 0.713421 2.24007 488790
10 0.600819 0.710991 2.23513 488825
10 0.574568 0.7019 2.21929 488856
10 0.5491 0.687797 2.20556 488890
10 0.522743 0.672544 2.18207 488908
10 0.500431 0.651574 2.16754 488956
10 0.481269 0.627783 2.15197 488989
10 0.465299 0.60517 2.12754 489022
10 0.4502 0.577771 2.10659 489056
10 0.44071 0.543914 2.09154 489091
10 0.436172 0.504898 2.08437 489122
10 0.435647 0.469483 2.07047 489155
10 0.435844 0.429818 2.06012 489188
10 0.441964 0.392338 2.06422 489221
10 0.449256 0.354257 2.06139 489255
10 0.459799 0.320033 2.06653 489286
10 0.471957 0.287724 2.06727 489318
10 0.483901 0.255188 2.07506 489351
10 0.499139 0.230118 2.08243 489384
10 0.518948 0.205011 2.08901 489417
10 0.541303 0.184416 2.09754 489451
10 0.565199 0.168883 2.11 489485
10 0.588353 0.154597 2.12668 489517
10 0.612789 0.142714 2.15166 489551
10 0.638874 0.13423 2.16559 489583
10 0.662609 0.125922 2.1909 489617
10 0.687802 0.124521 2.21843 489651
10 0.711192 0.129821 2.24505 489682
10 0.733309 0.141255 2.27108 489715
10 0.756402 0.15517 2.29465 489749
10 0.776892 0.173271 2.32421 489782
10 0.794039 0.197771 2.34861 489815
10 0.811161 0.230015 2.3689 489848
10 0.824099 0.262582 2.38673 489882
10 0.833328 0.300704 2.40679 489916

