Gesto: 1
0 0.572084 0.673487 1.79433 7496
0 0.572778 0.679001 1.80021 7565
0 0.574446 0.690106 1.79509 7633
0 0.568559 0.683313 1.80675 7699
0 0.568446 0.675593 1.8074 7766
0 0.566995 0.680177 1.80029 7825
0 0.567715 0.667297 1.80628 7892
0 0.56455 0.667899 1.80342 7942
0 0.564913 0.682183 1.79493 8010
0 0.565254 0.671266 1.79731 8077
0 0.563978 0.67668 1.79116 8143
0 0.562555 0.667671 1.79531 8209
0 0.564079 0.673169 1.79624 8276
0 0.561841 0.667965 1.79812 8328
0 0.56255 0.671785 1.7976 8395
0 0.562714 0.678288 1.79433 8460
0 0.565243 0.669516 1.79694 8525
0 0.565979 0.674159 1.80608 8575
0 0.566002 0.669273 1.80041 8640
0 0.569737 0.680872 1.81246 8707
0 0.571972 0.68144 1.80473 8755
0 0.576954 0.688712 1.81366 8822
0 0.578789 0.683489 1.81296 8874
0 0.588863 0.684935 1.82018 8942
0 0.59795 0.679947 1.81932 9009
0 0.609917 0.678108 1.82208 9075
0 0.624783 0.667238 1.82115 9142
0 0.635086 0.650689 1.82421 9208
0 0.650373 0.627928 1.83196 9257
0 0.669623 0.615707 1.83795 9322
0 0.689064 0.602582 1.82805 9389
0 0.695979 0.576296 1.84298 9454
0 0.709738 0.554452 1.84422 9506
0 0.723926 0.535446 1.84318 9573
0 0.728649 0.5093 1.84935 9638
0 0.735633 0.488303 1.8496 9686
0 0.747543 0.470265 1.85003 9752
0 0.748993 0.451464 1.85848 9819
0 0.75669 0.438364 1.85131 9885
0 0.76451 0.426951 1.85114 9936
0 0.747897 0.416511 1.87296 10002
0 0.743345 0.41258 1.87878 10070
0 0.74152 0.406902 1.87486 10121
0 0.744522 0.402857 1.87508 10187
0 0.74416 0.402983 1.88161 10238
0 0.762188 0.408757 1.83889 10306
0 0.747229 0.402365 1.87015 10357
0 0.714829 0.405098 1.90404 10425
0 0.752891 0.407328 1.86411 10475
0 0.756167 0.405929 1.86133 10543
0 0.765682 0.413001 1.86535 10594

1 0.765117 0.386015 1.92755 12907
1 0.733372 0.386828 1.93945 12957
1 0.721335 0.389359 1.9371 13023
1 0.762562 0.383533 1.9293 13074
1 0.725517 0.393053 1.94112 13141
1 0.732922 0.393973 1.93509 13193
1 0.739608 0.397607 1.93215 13258
1 0.72631 0.401287 1.94072 13326
1 0.75058 0.399553 1.92148 13377
1 0.745566 0.418676 1.90672 13443
1 0.749004 0.432959 1.89796 13493
1 0.741859 0.446414 1.88504 13561
1 0.732728 0.452587 1.87136 13629
1 0.728703 0.461955 1.85064 13680
1 0.721008 0.465963 1.8305 13747
1 0.705093 0.463673 1.81249 13796
1 0.695204 0.462842 1.79488 13864
1 0.688605 0.461493 1.76376 13914
1 0.670323 0.452762 1.76486 13981
1 0.667675 0.446602 1.74385 14032
1 0.670766 0.454674 1.81789 14101
1 0.667026 0.447661 1.81198 14168
1 0.645993 0.439988 1.70184 14220
1 0.646311 0.437771 1.6861 14288
1 0.640502 0.431898 1.68737 14339
1 0.635512 0.435309 1.67398 14407
1 0.633182 0.439468 1.66756 14459
1 0.621549 0.444689 1.67491 14526
1 0.616565 0.446402 1.66581 14597
1 0.609118 0.448893 1.66397 14647
1 0.605135 0.452433 1.68676 14714
1 0.599923 0.455309 1.76227 14763
1 0.587813 0.4701 1.66924 14831
1 0.584677 0.464911 1.77982 14898
1 0.581464 0.469246 1.66077 14964
1 0.576208 0.489866 1.71248 15014
1 0.57397 0.471249 1.6475 15078
1 0.570683 0.470529 1.64107 15143
1 0.567223 0.468701 1.64154 15212
1 0.565463 0.465927 1.63877 15277
1 0.565069 0.464982 1.6307 15345

