
---TEST: 2014-01-11-20-12-27-196---
0 0.416067 0.346241 1.39929 1197
0 0.417825 0.364362 1.39981 1264
0 0.418906 0.383614 1.39952 1330
0 0.42126 0.402884 1.39899 1395
0 0.423836 0.421564 1.40094 1463
0 0.427153 0.440191 1.40373 1529
0 0.432269 0.458457 1.40697 1611
0 0.437966 0.477324 1.41156 1678
0 0.442582 0.495109 1.41625 1746
0 0.449033 0.510861 1.42496 1812
0 0.45656 0.52911 1.4334 1880
0 0.464582 0.545247 1.44279 1964
0 0.473341 0.56122 1.45494 2033
0 0.482733 0.575518 1.46731 2100
0 0.491244 0.587483 1.47754 2168
0 0.500073 0.598433 1.48312 2235
0 0.512115 0.607385 1.49474 2302
0 0.524565 0.61274 1.50321 2387
0 0.537246 0.616649 1.5129 2455
0 0.550384 0.615882 1.52306 2521
0 0.563018 0.613781 1.52996 2590
0 0.575531 0.607794 1.53314 2658
0 0.58809 0.601205 1.53542 2724
0 0.599596 0.592282 1.53516 2808
0 0.611487 0.583649 1.54102 2876
0 0.621397 0.570958 1.5438 2943
0 0.63171 0.560415 1.54312 3010
0 0.640144 0.547106 1.54145 3077
0 0.646587 0.53183 1.54405 3142
0 0.654688 0.516164 1.5468 3227
0 0.664052 0.501993 1.54888 3295
0 0.670383 0.487494 1.55227 3363
0 0.677535 0.473191 1.55403 3427
0 0.683018 0.458625 1.56197 3495
0 0.689819 0.444518 1.56259 3562
0 0.695472 0.431353 1.56518 3647
0 0.700256 0.417049 1.56898 3714
0 0.699593 0.399475 1.57453 3782
0 0.703515 0.384889 1.57539 3849
0 0.705754 0.369801 1.57678 3915
