 
---TEST: 2014-01-11-20-15-29-281---
0 0.589875 0.669634 1.78459 2171
0 0.601232 0.661801 1.77882 2237
0 0.613694 0.648596 1.77228 2320
0 0.626256 0.633258 1.7751 2388
0 0.633783 0.614654 1.77647 2473
0 0.640893 0.593817 1.77212 2540
0 0.651769 0.574985 1.76818 2623
0 0.661114 0.558158 1.7619 2691
0 0.667172 0.541133 1.75772 2774
0 0.673387 0.523455 1.74949 2839
0 0.678264 0.506052 1.74516 2924
0 0.680288 0.489462 1.74186 2992
0 0.683841 0.475358 1.73449 3060
0 0.685636 0.46087 1.73075 3144
0 0.685765 0.447076 1.72601 3213
0 0.688088 0.437514 1.7219 3297
0 0.691146 0.428143 1.71551 3363
0 0.694541 0.419104 1.71257 3448
0 0.696337 0.411968 1.71119 3515
0 0.697156 0.40339 1.70902 3597
0 0.697464 0.397874 1.70878 3665
0 0.697255 0.389039 1.70471 3750
0 0.69777 0.383902 1.70364 3818
0 0.697127 0.377326 1.70176 3886
0 0.696477 0.371304 1.69347 3970
0 0.695984 0.368147 1.68667 4037
0 0.694785 0.365952 1.67867 4120
0 0.689609 0.362955 1.67263 4189
0 0.684247 0.361774 1.66182 4275
0 0.679573 0.359832 1.64982 4342
0 0.674376 0.358886 1.63736 4411
0 0.667851 0.359949 1.62094 4495
0 0.662617 0.362425 1.60203 4562
0 0.65484 0.361319 1.58461 4647
0 0.644012 0.363038 1.56592 4717
0 0.633795 0.364182 1.54572 4785
0 0.620977 0.365939 1.52883 4870
0 0.607675 0.368226 1.51564 4938
0 0.592285 0.368744 1.50352 5022
0 0.575335 0.368796 1.48892 5090
0 0.555357 0.369609 1.4738 5159
0 0.537847 0.369987 1.46161 5244
0 0.518261 0.368581 1.45072 5312
0 0.501697 0.367541 1.4395 5396
0 0.483261 0.365601 1.43375 5463
0 0.460607 0.363803 1.43507 5547
0 0.440609 0.361987 1.43723 5615
0 0.422931 0.360907 1.44577 5683
0 0.405261 0.360229 1.45304 5768
0 0.388473 0.358627 1.45935 5833
0 0.369927 0.358146 1.46538 5917
0 0.354128 0.358065 1.46813 5985
0 0.341016 0.358647 1.48008 6068
0 0.327978 0.357507 1.49335 6136
0 0.317369 0.358016 1.50171 6219
0 0.306159 0.358245 1.50911 6287
0 0.296963 0.356244 1.5205 6371
0 0.292224 0.354238 1.53769 6437
0 0.287633 0.352909 1.55167 6520
0 0.282733 0.350359 1.55688 6585
0 0.274985 0.348461 1.56171 6670
0 0.268971 0.346844 1.56692 6737
0 0.266122 0.343128 1.57013 6821
0 0.266244 0.34084 1.57386 6888
0 0.264876 0.338056 1.57688 6973
0 0.263696 0.336414 1.57939 7039
0 0.264929 0.338118 1.59194 7121
0 0.264539 0.338769 1.59395 7187
0 0.262744 0.341565 1.59004 7271
0 0.261821 0.343107 1.58606 7338
0 0.265088 0.343445 1.58475 7423
0 0.267727 0.349164 1.57322 7487
0 0.271687 0.353359 1.56258 7570
0 0.277367 0.358835 1.55001 7637
0 0.282243 0.367558 1.54064 7721
0 0.2928 0.373358 1.53179 7786

1 0.710954 0.328777 1.80115 10647
1 0.70724 0.334729 1.7798 10713
1 0.705922 0.342027 1.75454 10797
1 0.698802 0.352602 1.72887 10864
1 0.695112 0.361835 1.70921 10948
1 0.684967 0.370554 1.6831 11016
1 0.674243 0.382 1.65087 11082
1 0.667189 0.393079 1.62016 11169
1 0.65612 0.403025 1.59103 11236
1 0.645844 0.411627 1.56208 11319
1 0.632625 0.418432 1.53358 11386
1 0.614789 0.426493 1.49939 11472
1 0.596663 0.432123 1.47454 11540
1 0.576333 0.435467 1.45135 11608
1 0.553394 0.437523 1.42903 11692
1 0.531804 0.43903 1.40793 11760
1 0.510182 0.439064 1.39025 11844
1 0.486835 0.435357 1.37413 11910
1 0.462501 0.434345 1.35781 11990
1 0.435547 0.428367 1.36019 12057
1 0.40957 0.424101 1.36466 12138
1 0.385994 0.418095 1.36763 12220
1 0.364785 0.413491 1.3759 12288
1 0.343985 0.410652 1.38233 12372
1 0.324977 0.405441 1.39378 12439
1 0.308166 0.400363 1.40419 12524
1 0.29168 0.394467 1.41458 12590
1 0.278716 0.38748 1.42935 12672
1 0.268085 0.382454 1.44311 12740
1 0.25822 0.375577 1.46058 12824
1 0.248755 0.369844 1.47315 12891
1 0.241957 0.362073 1.4887 12959
1 0.233207 0.356109 1.50066 13042
1 0.22655 0.352914 1.51306 13108
1 0.222942 0.347516 1.52079 13192
1 0.224752 0.342265 1.52541 13272
1 0.226347 0.338556 1.52839 13339
1 0.226137 0.337963 1.53569 13421
1 0.226582 0.335768 1.53474 13488
1 0.227275 0.334831 1.53126 13572

2 0.727496 0.329696 1.73234 16714
2 0.716119 0.34289 1.70658 16796
2 0.707374 0.359968 1.67696 16864
2 0.693437 0.373411 1.64742 16931
2 0.681452 0.389844 1.61169 17013
2 0.668077 0.406762 1.57467 17096
2 0.650634 0.422679 1.53794 17161
2 0.630395 0.436929 1.50374 17246
2 0.61063 0.447942 1.47707 17311
2 0.587133 0.456613 1.45496 17396
2 0.56202 0.462204 1.43615 17463
2 0.535413 0.467704 1.41438 17547
2 0.510204 0.469081 1.40002 17614
2 0.485121 0.467734 1.38593 17697
2 0.459099 0.462471 1.37753 17764
2 0.433974 0.454794 1.37425 17831
2 0.412621 0.446984 1.37396 17914
2 0.389983 0.43805 1.37551 17981
2 0.369573 0.425423 1.38165 18063
2 0.35018 0.413358 1.38672 18147
2 0.333962 0.398507 1.39898 18213
2 0.319935 0.385017 1.41446 18281
2 0.307887 0.370664 1.42744 18363
2 0.296611 0.356475 1.4386 18431
2 0.289342 0.342143 1.45035 18511
2 0.28398 0.328385 1.46308 18593
2 0.281639 0.31853 1.47009 18662
2 0.279821 0.308977 1.47738 18745
2 0.278501 0.302728 1.48393 18810
2 0.280469 0.297651 1.48978 18894
2 0.282904 0.295301 1.48729 18962

3 0.739904 0.347335 1.7713 21798
3 0.732379 0.365684 1.73724 21863
3 0.72006 0.384507 1.70027 21946
3 0.708839 0.404155 1.66362 22012
3 0.692858 0.423089 1.62744 22097
3 0.676177 0.444081 1.58844 22165
3 0.655472 0.462272 1.55119 22250
3 0.631726 0.477193 1.51638 22319
3 0.608717 0.490451 1.48764 22400
3 0.582077 0.500591 1.46079 22467
3 0.551012 0.502144 1.43536 22552
3 0.520265 0.502328 1.41568 22616
3 0.489054 0.497709 1.40093 22701
3 0.457658 0.489408 1.39551 22768
3 0.426865 0.479124 1.39644 22851
3 0.400086 0.468944 1.40198 22919
3 0.373782 0.455917 1.41134 22984
3 0.350113 0.441852 1.42279 23050
3 0.329322 0.427113 1.43917 23118
3 0.3133 0.410829 1.46074 23201
3 0.299717 0.395371 1.47935 23271
3 0.287942 0.379496 1.49333 23338
3 0.279893 0.363879 1.50746 23404
3 0.27495 0.349794 1.5202 23471
3 0.271689 0.335863 1.5341 23538
3 0.2708 0.324547 1.53787 23606
3 0.270175 0.314322 1.53772 23688
3 0.269766 0.303074 1.54227 23754
3 0.272637 0.297404 1.54498 23821
3 0.276416 0.295348 1.53416 23887
4 0.681934 0.250631 1.64153 26419
4 0.680123 0.272246 1.62944 26486
4 0.676136 0.297156 1.61896 26554
4 0.672459 0.323826 1.60574 26621
4 0.668703 0.352572 1.59134 26689
4 0.663104 0.385043 1.57654 26756
4 0.657981 0.417175 1.56391 26841
4 0.649211 0.449044 1.5502 26909
4 0.636061 0.480783 1.53758 26975
4 0.618924 0.511343 1.52413 27041
4 0.598321 0.537165 1.51588 27109
4 0.572214 0.554731 1.50473 27175
4 0.547266 0.566596 1.4912 27259
4 0.522933 0.57263 1.476 27326
4 0.499453 0.570161 1.46191 27393
4 0.474894 0.558737 1.44706 27457
4 0.452609 0.543404 1.43145 27540
4 0.431334 0.523391 1.4237 27607
4 0.413053 0.500827 1.4182 27673
4 0.398488 0.474147 1.41457 27739
4 0.385419 0.444622 1.4153 27805
4 0.374244 0.416547 1.41547 27888
4 0.367344 0.388914 1.42005 27956
4 0.360449 0.363156 1.4264 28022
4 0.357044 0.338702 1.43402 28089
4 0.357335 0.316669 1.45241 28156
4 0.356614 0.292236 1.45403 28240
4 0.356735 0.269304 1.45976 28289
4 0.35737 0.249639 1.46553 28357
4 0.357641 0.233688 1.47369 28423
4 0.361388 0.222078 1.47695 28489
4 0.363713 0.212235 1.48133 28554

---TEST: 2014-01-11-20-15-58-245---
0 0.356409 0.292018 1.45895 1174
0 0.360713 0.325952 1.45003 1242
0 0.364829 0.364862 1.44066 1308
0 0.370503 0.408991 1.43685 1377
0 0.378777 0.453229 1.43738 1449
0 0.389563 0.492171 1.44323 1527
0 0.405483 0.530106 1.44898 1596
0 0.423452 0.562102 1.46043 1665
0 0.441504 0.586553 1.476 1733
0 0.463764 0.604384 1.49001 1799
0 0.487695 0.616427 1.50167 1867
0 0.51243 0.620986 1.51113 1933
0 0.539868 0.617604 1.52299 2017
0 0.566776 0.603859 1.52847 2085
0 0.591099 0.583015 1.53227 2152
0 0.614938 0.556343 1.54106 2218
0 0.633095 0.524139 1.54584 2285
0 0.646455 0.489491 1.55283 2370
0 0.656397 0.453476 1.56262 2438
0 0.663216 0.417042 1.57588 2506
0 0.669756 0.380037 1.58869 2573
0 0.673448 0.340148 1.60632 2642
0 0.675625 0.304057 1.62 2710
0 0.676425 0.269232 1.63423 2778
0 0.674693 0.237312 1.6461 2846
0 0.66994 0.211391 1.65998 2914
0 0.666213 0.189925 1.67125 2984
0 0.663512 0.17344 1.67897 3068
0 0.658384 0.161654 1.68355 3134
0 0.653805 0.155577 1.68179 3202
0 0.652279 0.153356 1.67988 3270
0 0.651393 0.154125 1.67242 3338
0 0.654215 0.160643 1.6676 3406
0 0.655442 0.168987 1.65724 3473
1 0.650286 0.35807 1.54194 3968
1 0.643942 0.394978 1.5275 4035
1 0.636814 0.43091 1.51616 4118
1 0.623598 0.467316 1.50313 4184
1 0.608352 0.503121 1.49518 4252
1 0.587595 0.533964 1.49267 4320
1 0.562555 0.558383 1.48771 4386
1 0.53825 0.577345 1.48132 4453
1 0.515138 0.589175 1.47735 4539
1 0.489517 0.594651 1.47583 4606
1 0.466801 0.594684 1.47176 4673
1 0.445466 0.588276 1.46604 4739
1 0.424943 0.578039 1.45966 4807
1 0.40706 0.560141 1.45479 4874
1 0.39466 0.540283 1.44713 4956
1 0.384072 0.514267 1.44109 5021
1 0.376819 0.484044 1.43308 5087
1 0.372798 0.455715 1.4273 5168
1 0.369548 0.425839 1.42194 5234
1 0.370991 0.395698 1.42127 5299
1 0.373176 0.367307 1.42129 5365
1 0.37572 0.340882 1.42279 5432
1 0.379566 0.315835 1.42335 5516
1 0.382622 0.293565 1.43037 5584
1 0.387744 0.270536 1.42806 5650
1 0.389806 0.250711 1.43298 5716
1 0.390542 0.235098 1.43866 5797
1 0.390681 0.225863 1.44984 5863
