
---TEST: 2014-01-11-20-16-03-687---
0 0.356409 0.292018 1.45895 1174
0 0.360713 0.325952 1.45003 1242
0 0.364829 0.364862 1.44066 1308
0 0.370503 0.408991 1.43685 1377
0 0.378777 0.453229 1.43738 1449
0 0.389563 0.492171 1.44323 1527
0 0.405483 0.530106 1.44898 1596
0 0.423452 0.562102 1.46043 1665
0 0.441504 0.586553 1.476 1733
0 0.463764 0.604384 1.49001 1799
0 0.487695 0.616427 1.50167 1867
0 0.51243 0.620986 1.51113 1933
0 0.539868 0.617604 1.52299 2017
0 0.566776 0.603859 1.52847 2085
0 0.591099 0.583015 1.53227 2152
0 0.614938 0.556343 1.54106 2218
0 0.633095 0.524139 1.54584 2285
0 0.646455 0.489491 1.55283 2370
0 0.656397 0.453476 1.56262 2438
0 0.663216 0.417042 1.57588 2506
0 0.669756 0.380037 1.58869 2573
0 0.673448 0.340148 1.60632 2642
0 0.675625 0.304057 1.62 2710
0 0.676425 0.269232 1.63423 2778
0 0.674693 0.237312 1.6461 2846
0 0.66994 0.211391 1.65998 2914
0 0.666213 0.189925 1.67125 2984
0 0.663512 0.17344 1.67897 3068
0 0.658384 0.161654 1.68355 3134
0 0.653805 0.155577 1.68179 3202
0 0.652279 0.153356 1.67988 3270
0 0.651393 0.154125 1.67242 3338
0 0.654215 0.160643 1.6676 3406
0 0.655442 0.168987 1.65724 3473
1 0.650286 0.35807 1.54194 3968
1 0.643942 0.394978 1.5275 4035
1 0.636814 0.43091 1.51616 4118
1 0.623598 0.467316 1.50313 4184
1 0.608352 0.503121 1.49518 4252
1 0.587595 0.533964 1.49267 4320
1 0.562555 0.558383 1.48771 4386
1 0.53825 0.577345 1.48132 4453
1 0.515138 0.589175 1.47735 4539
1 0.489517 0.594651 1.47583 4606
1 0.466801 0.594684 1.47176 4673
1 0.445466 0.588276 1.46604 4739
1 0.424943 0.578039 1.45966 4807
1 0.40706 0.560141 1.45479 4874
1 0.39466 0.540283 1.44713 4956
1 0.384072 0.514267 1.44109 5021
1 0.376819 0.484044 1.43308 5087
1 0.372798 0.455715 1.4273 5168
1 0.369548 0.425839 1.42194 5234
1 0.370991 0.395698 1.42127 5299
1 0.373176 0.367307 1.42129 5365
1 0.37572 0.340882 1.42279 5432
1 0.379566 0.315835 1.42335 5516
1 0.382622 0.293565 1.43037 5584
1 0.387744 0.270536 1.42806 5650
1 0.389806 0.250711 1.43298 5716
1 0.390542 0.235098 1.43866 5797
1 0.390681 0.225863 1.44984 5863
2 0.604032 0.564519 1.52905 7402
2 0.625092 0.540558 1.54104 7468
2 0.640593 0.510412 1.55206 7534
2 0.657409 0.479032 1.56812 7601
2 0.669511 0.4498 1.58497 7684
2 0.685549 0.419107 1.60126 7753
2 0.695699 0.386291 1.6229 7821
2 0.705842 0.35554 1.6441 7888
2 0.708211 0.327669 1.66374 7955
2 0.711052 0.300099 1.68365 8022
2 0.712999 0.276696 1.69971 8106
2 0.713651 0.254441 1.71736 8173
2 0.711359 0.235723 1.73177 8241
2 0.709076 0.217999 1.74197 8308
2 0.706772 0.202533 1.74825 8375
2 0.702887 0.191962 1.75458 8457
2 0.700052 0.186484 1.75871 8524
2 0.697728 0.180236 1.75991 8591
2 0.696949 0.181518 1.75582 8658
2 0.696238 0.183724 1.74693 8724
2 0.698288 0.190393 1.73789 8807
2 0.699902 0.202359 1.72267 8873
2 0.701468 0.220653 1.71154 8940
2 0.704196 0.24142 1.69268 9008
2 0.705509 0.265461 1.67525 9076
2 0.701849 0.29567 1.65379 9158
2 0.701327 0.329778 1.63737 9225
2 0.692937 0.366892 1.61936 9291
2 0.683874 0.405599 1.60254 9358
2 0.677428 0.446993 1.582 9423
2 0.665556 0.484323 1.56876 9505
2 0.650205 0.521668 1.55919 9573
2 0.629514 0.558544 1.55047 9637
2 0.606258 0.587027 1.54687 9704
2 0.579328 0.607832 1.54163 9773
2 0.55089 0.622007 1.53537 9855
2 0.525861 0.628256 1.527 9922
2 0.500715 0.625217 1.51484 9988
2 0.477709 0.614624 1.50099 10053
2 0.456629 0.597273 1.48374 10135
2 0.437649 0.573714 1.46779 10204
2 0.420361 0.549072 1.45479 10271
2 0.406122 0.521648 1.44229 10338
2 0.397489 0.486787 1.43444 10406
2 0.389205 0.45094 1.42647 10472
2 0.381848 0.417489 1.42176 10557
2 0.378135 0.382467 1.42153 10623
2 0.374905 0.352242 1.42313 10689
2 0.374557 0.32207 1.42939 10754
2 0.374122 0.294311 1.43869 10822
2 0.374075 0.269711 1.4445 10905
2 0.376461 0.249124 1.45005 10971
2 0.378393 0.231464 1.4551 11037
