
---TEST: 2014-01-11-20-17-09-820---
0 0.651101 0.285488 1.73214 1250
0 0.650948 0.286047 1.73129 1318
0 0.651148 0.286278 1.72778 1402
0 0.651686 0.285941 1.72561 1470
0 0.650793 0.286307 1.7238 1539
0 0.650745 0.286369 1.72243 1623
0 0.650352 0.286448 1.72366 1690
0 0.649985 0.28946 1.72921 1755
0 0.650645 0.289096 1.72457 1839
0 0.649508 0.289015 1.72294 1906
0 0.650548 0.290933 1.72989 1973
0 0.649658 0.290599 1.72618 2042
0 0.649879 0.290192 1.72467 2109
0 0.649846 0.290864 1.72374 2190
0 0.650547 0.293607 1.72518 2256
0 0.649679 0.292112 1.71917 2322
0 0.649578 0.291645 1.71942 2390
0 0.649165 0.288368 1.71537 2471
0 0.648982 0.28707 1.71321 2538
0 0.648687 0.28673 1.71301 2604
0 0.649571 0.289136 1.71133 2685
0 0.648442 0.287625 1.70913 2768
0 0.64917 0.288311 1.70789 2836
0 0.649238 0.295001 1.72092 2902
0 0.645702 0.298743 1.73199 2966
0 0.637369 0.30482 1.7453 3048
0 0.630359 0.31543 1.76274 3112
0 0.619875 0.326899 1.77259 3177
0 0.608166 0.340106 1.79247 3244
0 0.605923 0.34752 1.81109 3325
0 0.601786 0.350867 1.80317 3391
0 0.604987 0.354403 1.79386 3456
0 0.609898 0.350369 1.78135 3538
0 0.612419 0.349391 1.76673 3605
0 0.619174 0.347644 1.76283 3673
0 0.619108 0.348396 1.75805 3738
0 0.61943 0.348307 1.75466 3805
0 0.621329 0.347225 1.7567 3888
0 0.620341 0.347386 1.75822 3953
0 0.619745 0.347391 1.76027 4036
0 0.621625 0.347559 1.76119 4104
0 0.621358 0.345985 1.75978 4186
0 0.619195 0.345512 1.75832 4251
0 0.622239 0.349147 1.76002 4318
0 0.6214 0.347031 1.75523 4398
0 0.623376 0.344717 1.75429 4466
0 0.622014 0.343791 1.75195 4533
0 0.62144 0.344211 1.75095 4600
0 0.620907 0.343908 1.75249 4667
0 0.621895 0.345102 1.75185 4734
0 0.62004 0.344197 1.74301 4803
1 0.6377 0.342629 1.69024 7572
1 0.64007 0.341821 1.69527 7655
1 0.638928 0.342071 1.70191 7719
1 0.639002 0.340017 1.6855 7785
1 0.63946 0.339462 1.68987 7867
1 0.639346 0.337708 1.68992 7932
1 0.638832 0.337586 1.68594 8013
1 0.639829 0.334052 1.68863 8080
1 0.636737 0.334873 1.67843 8147
1 0.633925 0.332294 1.67076 8215
1 0.631076 0.326907 1.66354 8282
1 0.632379 0.32907 1.66395 8366
1 0.629226 0.3238 1.65097 8433
1 0.628049 0.321597 1.64499 8498
1 0.628624 0.321557 1.64186 8563
1 0.628471 0.321599 1.63547 8645
1 0.625687 0.319324 1.6225 8711
1 0.625391 0.317219 1.61792 8778
1 0.622914 0.31228 1.60951 8843
1 0.620816 0.310337 1.59544 8926
1 0.619288 0.307927 1.58708 8993
1 0.618829 0.308119 1.59003 9058
1 0.618189 0.307553 1.5852 9123
1 0.615901 0.306504 1.57304 9207
1 0.612581 0.305853 1.55944 9275
1 0.61272 0.307676 1.55657 9357
1 0.607591 0.306386 1.53999 9426
1 0.607206 0.308582 1.53144 9494
1 0.606508 0.308019 1.53025 9561
1 0.604158 0.309469 1.50858 9628
1 0.601695 0.312208 1.50043 9696
1 0.601294 0.313044 1.49305 9777
1 0.597893 0.308971 1.47765 9843
1 0.595732 0.313401 1.46906 9910
1 0.592069 0.314925 1.46942 9977
1 0.590672 0.317935 1.47104 10061
1 0.586628 0.320653 1.45939 10128
1 0.583036 0.322546 1.45829 10194
1 0.576906 0.313939 1.45715 10262
1 0.602732 0.386069 1.45047 10329
1 0.622473 0.449125 1.45837 10396
2 0.575577 0.412976 1.47995 12661
2 0.576116 0.401732 1.49011 12744
2 0.588747 0.386499 1.52057 12810
2 0.598455 0.395366 1.51906 12874
2 0.602438 0.408752 1.52981 12957
2 0.608106 0.418887 1.53126 13023
2 0.619367 0.426354 1.52594 13091
2 0.624425 0.432461 1.51593 13159
2 0.63042 0.439972 1.50761 13227
2 0.631775 0.449781 1.5193 13293
2 0.63186 0.456904 1.52393 13376
2 0.633385 0.461168 1.52783 13443
2 0.636359 0.462533 1.53098 13510
2 0.633276 0.467145 1.53425 13577
2 0.631889 0.469844 1.53357 13643
2 0.638304 0.470404 1.55055 13726
2 0.642308 0.471182 1.56229 13794
2 0.642211 0.469408 1.56745 13860
2 0.645629 0.465591 1.57236 13926
2 0.641097 0.461556 1.56609 13992
2 0.641424 0.454874 1.56037 14075
2 0.639334 0.450455 1.56579 14142
2 0.636655 0.445466 1.56584 14209
2 0.63417 0.442856 1.56329 14274
2 0.625715 0.441398 1.55668 14341
2 0.623366 0.439841 1.55531 14424
2 0.616866 0.439152 1.55712 14491
2 0.610479 0.436986 1.55516 14576
2 0.604213 0.434858 1.5511 14643
2 0.595994 0.434228 1.55193 14710
2 0.587513 0.431868 1.5441 14
---TEST: 2014-01-11-20-17-12-688---
0 0.651101 0.285488 1.73214 1250
0 0.650948 0.286047 1.73129 1318
0 0.651148 0.286278 1.72778 1402
0 0.651686 0.285941 1.72561 1470
0 0.650793 0.286307 1.7238 1539
0 0.650745 0.286369 1.72243 1623
0 0.650352 0.286448 1.72366 1690
0 0.649985 0.28946 1.72921 1755
0 0.650645 0.289096 1.72457 1839
0 0.649508 0.289015 1.72294 1906
0 0.650548 0.290933 1.72989 1973
0 0.649658 0.290599 1.72618 2042
0 0.649879 0.290192 1.72467 2109
0 0.649846 0.290864 1.72374 2190
0 0.650547 0.293607 1.72518 2256
0 0.649679 0.292112 1.71917 2322
0 0.649578 0.291645 1.71942 2390
0 0.649165 0.288368 1.71537 2471
0 0.648982 0.28707 1.71321 2538
0 0.648687 0.28673 1.71301 2604
0 0.649571 0.289136 1.71133 2685
0 0.648442 0.287625 1.70913 2768
0 0.64917 0.288311 1.70789 2836
0 0.649238 0.295001 1.72092 2902
0 0.645702 0.298743 1.73199 2966
0 0.637369 0.30482 1.7453 3048
0 0.630359 0.31543 1.76274 3112
0 0.619875 0.326899 1.77259 3177
0 0.608166 0.340106 1.79247 3244
0 0.605923 0.34752 1.81109 3325
0 0.601786 0.350867 1.80317 3391
0 0.604987 0.354403 1.79386 3456
0 0.609898 0.350369 1.78135 3538
0 0.612419 0.349391 1.76673 3605
0 0.619174 0.347644 1.76283 3673
0 0.619108 0.348396 1.75805 3738
0 0.61943 0.348307 1.75466 3805
0 0.621329 0.347225 1.7567 3888
0 0.620341 0.347386 1.75822 3953
0 0.619745 0.347391 1.76027 4036
0 0.621625 0.347559 1.76119 4104
0 0.621358 0.345985 1.75978 4186
0 0.619195 0.345512 1.75832 4251
0 0.622239 0.349147 1.76002 4318
0 0.6214 0.347031 1.75523 4398
0 0.623376 0.344717 1.75429 4466
0 0.622014 0.343791 1.75195 4533
0 0.62144 0.344211 1.75095 4600
0 0.620907 0.343908 1.75249 4667
0 0.621895 0.345102 1.75185 4734
0 0.62004 0.344197 1.74301 4803
1 0.6377 0.342629 1.69024 7572
1 0.64007 0.341821 1.69527 7655
1 0.638928 0.342071 1.70191 7719
1 0.639002 0.340017 1.6855 7785
1 0.63946 0.339462 1.68987 7867
1 0.639346 0.337708 1.68992 7932
1 0.638832 0.337586 1.68594 8013
1 0.639829 0.334052 1.68863 8080
1 0.636737 0.334873 1.67843 8147
1 0.633925 0.332294 1.67076 8215
1 0.631076 0.326907 1.66354 8282
1 0.632379 0.32907 1.66395 8366
1 0.629226 0.3238 1.65097 8433
1 0.628049 0.321597 1.64499 8498
1 0.628624 0.321557 1.64186 8563
1 0.628471 0.321599 1.63547 8645
1 0.625687 0.319324 1.6225 8711
1 0.625391 0.317219 1.61792 8778
1 0.622914 0.31228 1.60951 8843
1 0.620816 0.310337 1.59544 8926
1 0.619288 0.307927 1.58708 8993
1 0.618829 0.308119 1.59003 9058
1 0.618189 0.307553 1.5852 9123
1 0.615901 0.306504 1.57304 9207
1 0.612581 0.305853 1.55944 9275
1 0.61272 0.307676 1.55657 9357
1 0.607591 0.306386 1.53999 9426
1 0.607206 0.308582 1.53144 9494
1 0.606508 0.308019 1.53025 9561
1 0.604158 0.309469 1.50858 9628
1 0.601695 0.312208 1.50043 9696
1 0.601294 0.313044 1.49305 9777
1 0.597893 0.308971 1.47765 9843
1 0.595732 0.313401 1.46906 9910
1 0.592069 0.314925 1.46942 9977
1 0.590672 0.317935 1.47104 10061
1 0.586628 0.320653 1.45939 10128
1 0.583036 0.322546 1.45829 10194
1 0.576906 0.313939 1.45715 10262
1 0.602732 0.386069 1.45047 10329
1 0.622473 0.449125 1.45837 10396
2 0.575577 0.412976 1.47995 12661
2 0.576116 0.401732 1.49011 12744
2 0.588747 0.386499 1.52057 12810
2 0.598455 0.395366 1.51906 12874
2 0.602438 0.408752 1.52981 12957
2 0.608106 0.418887 1.53126 13023
2 0.619367 0.426354 1.52594 13091
2 0.624425 0.432461 1.51593 13159
2 0.63042 0.439972 1.50761 13227
2 0.631775 0.449781 1.5193 13293
2 0.63186 0.456904 1.52393 13376
2 0.633385 0.461168 1.52783 13443
2 0.636359 0.462533 1.53098 13510
2 0.633276 0.467145 1.53425 13577
2 0.631889 0.469844 1.53357 13643
2 0.638304 0.470404 1.55055 13726
2 0.642308 0.471182 1.56229 13794
2 0.642211 0.469408 1.56745 13860
2 0.645629 0.465591 1.57236 13926
2 0.641097 0.461556 1.56609 13992
2 0.641424 0.454874 1.56037 14075
2 0.639334 0.450455 1.56579 14142
2 0.636655 0.445466 1.56584 14209
2 0.63417 0.442856 1.56329 14274
2 0.625715 0.441398 1.55668 14341
2 0.623366 0.439841 1.55531 14424
2 0.616866 0.439152 1.55712 14491
2 0.610479 0.436986 1.55516 14576
2 0.604213 0.434858 1.5511 14643
2 0.595994 0.434228 1.55193 14710
2 0.587513 0.431868 1.5441 14
---TEST: 2014-01-11-20-17-00-188---
0 0.651101 0.285488 1.73214 1250
0 0.650948 0.286047 1.73129 1318
0 0.651148 0.286278 1.72778 1402
0 0.651686 0.285941 1.72561 1470
0 0.650793 0.286307 1.7238 1539
0 0.650745 0.286369 1.72243 1623
0 0.650352 0.286448 1.72366 1690
0 0.649985 0.28946 1.72921 1755
0 0.650645 0.289096 1.72457 1839
0 0.649508 0.289015 1.72294 1906
0 0.650548 0.290933 1.72989 1973
0 0.649658 0.290599 1.72618 2042
0 0.649879 0.290192 1.72467 2109
0 0.649846 0.290864 1.72374 2190
0 0.650547 0.293607 1.72518 2256
0 0.649679 0.292112 1.71917 2322
0 0.649578 0.291645 1.71942 2390
0 0.649165 0.288368 1.71537 2471
0 0.648982 0.28707 1.71321 2538
0 0.648687 0.28673 1.71301 2604
0 0.649571 0.289136 1.71133 2685
0 0.648442 0.287625 1.70913 2768
0 0.64917 0.288311 1.70789 2836
0 0.649238 0.295001 1.72092 2902
0 0.645702 0.298743 1.73199 2966
0 0.637369 0.30482 1.7453 3048
0 0.630359 0.31543 1.76274 3112
0 0.619875 0.326899 1.77259 3177
0 0.608166 0.340106 1.79247 3244
0 0.605923 0.34752 1.81109 3325
0 0.601786 0.350867 1.80317 3391
0 0.604987 0.354403 1.79386 3456
0 0.609898 0.350369 1.78135 3538
0 0.612419 0.349391 1.76673 3605
0 0.619174 0.347644 1.76283 3673
0 0.619108 0.348396 1.75805 3738
0 0.61943 0.348307 1.75466 3805
0 0.621329 0.347225 1.7567 3888
0 0.620341 0.347386 1.75822 3953
0 0.619745 0.347391 1.76027 4036
0 0.621625 0.347559 1.76119 4104
0 0.621358 0.345985 1.75978 4186
0 0.619195 0.345512 1.75832 4251
0 0.622239 0.349147 1.76002 4318
0 0.6214 0.347031 1.75523 4398
0 0.623376 0.344717 1.75429 4466
0 0.622014 0.343791 1.75195 4533
0 0.62144 0.344211 1.75095 4600
0 0.620907 0.343908 1.75249 4667
0 0.621895 0.345102 1.75185 4734
0 0.62004 0.344197 1.74301 4803
1 0.6377 0.342629 1.69024 7572
1 0.64007 0.341821 1.69527 7655
1 0.638928 0.342071 1.70191 7719
1 0.639002 0.340017 1.6855 7785
1 0.63946 0.339462 1.68987 7867
1 0.639346 0.337708 1.68992 7932
1 0.638832 0.337586 1.68594 8013
1 0.639829 0.334052 1.68863 8080
1 0.636737 0.334873 1.67843 8147
1 0.633925 0.332294 1.67076 8215
1 0.631076 0.326907 1.66354 8282
1 0.632379 0.32907 1.66395 8366
1 0.629226 0.3238 1.65097 8433
1 0.628049 0.321597 1.64499 8498
1 0.628624 0.321557 1.64186 8563
1 0.628471 0.321599 1.63547 8645
1 0.625687 0.319324 1.6225 8711
1 0.625391 0.317219 1.61792 8778
1 0.622914 0.31228 1.60951 8843
1 0.620816 0.310337 1.59544 8926
1 0.619288 0.307927 1.58708 8993
1 0.618829 0.308119 1.59003 9058
1 0.618189 0.307553 1.5852 9123
1 0.615901 0.306504 1.57304 9207
1 0.612581 0.305853 1.55944 9275
1 0.61272 0.307676 1.55657 9357
1 0.607591 0.306386 1.53999 9426
1 0.607206 0.308582 1.53144 9494
1 0.606508 0.308019 1.53025 9561
1 0.604158 0.309469 1.50858 9628
1 0.601695 0.312208 1.50043 9696
1 0.601294 0.313044 1.49305 9777
1 0.597893 0.308971 1.47765 9843
1 0.595732 0.313401 1.46906 9910
1 0.592069 0.314925 1.46942 9977
1 0.590672 0.317935 1.47104 10061
1 0.586628 0.320653 1.45939 10128
1 0.583036 0.322546 1.45829 10194
1 0.576906 0.313939 1.45715 10262
1 0.602732 0.386069 1.45047 10329
1 0.622473 0.449125 1.45837 10396
794
2 0.581548 0.432072 1.53526 14859
2 0.573949 0.432055 1.53601 14927
2 0.567298 0.432379 1.52959 15010
2 0.556825 0.430067 1.52163 15078
2 0.550013 0.42749 1.51022 15146
2 0.535458 0.429363 1.51287 15228
2 0.528515 0.427836 1.51808 15295
2 0.522509 0.425474 1.51258 15361
3 0.467526 0.363823 1.42881 17259
3 0.468755 0.363637 1.42525 17326
3 0.470074 0.363305 1.42189 17392
3 0.467792 0.361003 1.41835 17458
3 0.466575 0.359503 1.41555 17541
3 0.466003 0.361114 1.42275 17607
3 0.466438 0.36216 1.42785 17673
3 0.466869 0.362535 1.42913 17741
3 0.465233 0.363176 1.42685 17821
3 0.465602 0.362682 1.42555 17887
3 0.462522 0.363302 1.42986 17956
3 0.461995 0.361562 1.42248 18020
3 0.460443 0.361975 1.42658 18087
3 0.459087 0.361454 1.42987 18169
3 0.4577 0.361188 1.43236 18236
3 0.45316 0.360766 1.43518 18300
3 0.449587 0.356813 1.42852 18367
3 0.443698 0.353039 1.42552 18449
3 0.43686 0.34998 1.42513 18515
3 0.428092 0.347369 1.43058 18583
3 0.421131 0.345389 1.44784 18650
3 0.414688 0.343908 1.46356 18715
3 0.408568 0.341155 1.47488 18798
3 0.403551 0.33773 1.47951 18864
3 0.397655 0.335642 1.48887 18930
3 0.392468 0.332903 1.49686 18996
3 0.386499 0.329755 1.49879 19079
3 0.381735 0.326953 1.50464 19146
3 0.375291 0.326482 1.5082 19212
3 0.3704 0.323753 1.51131 19277
3 0.3673 0.32165 1.51595 19361
3 0.365335 0.320011 1.52284 19426
3 0.361951 0.318608 1.52776 19493
3 0.358958 0.316239 1.53194 19559
3 0.356665 0.315289 1.53667 19626
3 0.354965 0.313842 1.54303 19710
3 0.35266 0.31186 1.54473 19778
3 0.348931 0.309878 1.54289 19846
3 0.345968 0.308376 1.54354 19912
3 0.343772 0.306916 1.54824 19978
3 0.342079 0.307137 1.55433 20045
794
2 0.581548 0.432072 1.53526 14859
2 0.573949 0.432055 1.53601 14927
2 0.567298 0.432379 1.52959 15010
2 0.556825 0.430067 1.52163 15078
2 0.550013 0.42749 1.51022 15146
2 0.535458 0.429363 1.51287 15228
2 0.528515 0.427836 1.51808 15295
2 0.522509 0.425474 1.51258 15361
3 0.467526 0.363823 1.42881 17259
3 0.468755 0.363637 1.42525 17326
3 0.470074 0.363305 1.42189 17392
3 0.467792 0.361003 1.41835 17458
3 0.466575 0.359503 1.41555 17541
3 0.466003 0.361114 1.42275 17607
3 0.466438 0.36216 1.42785 17673
3 0.466869 0.362535 1.42913 17741
3 0.465233 0.363176 1.42685 17821
3 0.465602 0.362682 1.42555 17887
3 0.462522 0.363302 1.42986 17956
3 0.461995 0.361562 1.42248 18020
3 0.460443 0.361975 1.42658 18087
3 0.459087 0.361454 1.42987 18169
3 0.4577 0.361188 1.43236 18236
3 0.45316 0.360766 1.43518 18300
3 0.449587 0.356813 1.42852 18367
3 0.443698 0.353039 1.42552 18449
3 0.43686 0.34998 1.42513 18515
3 0.428092 0.347369 1.43058 18583
3 0.421131 0.345389 1.44784 18650
3 0.414688 0.343908 1.46356 18715
3 0.408568 0.341155 1.47488 18798
3 0.403551 0.33773 1.47951 18864
3 0.397655 0.335642 1.48887 18930
3 0.392468 0.332903 1.49686 18996
3 0.386499 0.329755 1.49879 19079
3 0.381735 0.326953 1.50464 19146
3 0.375291 0.326482 1.5082 19212
3 0.3704 0.323753 1.51131 19277
3 0.3673 0.32165 1.51595 19361
3 0.365335 0.320011 1.52284 19426
3 0.361951 0.318608 1.52776 19493
3 0.358958 0.316239 1.53194 19559
3 0.356665 0.315289 1.53667 19626
3 0.354965 0.313842 1.54303 19710
3 0.35266 0.31186 1.54473 19778
3 0.348931 0.309878 1.54289 19846
3 0.345968 0.308376 1.54354 19912
3 0.343772 0.306916 1.54824 19978
3 0.342079 0.307137 1.55433 20045
