
---START: 2014-01-12-20-43-22-599---
/joint l_elbow 2 0.610056 0.506704 1.69412 144115
/joint l_hand 2 0.632414 0.597698 1.49073 144115
/joint r_shoulder 2 0.421887 0.361157 1.9147 144115
/joint r_elbow 2 0.38063 0.518452 1.92786 144115
/joint r_hand 2 0.459618 0.487571 1.7813 144131
/joint torso 2 0.479498 0.483521 1.8983 144131
/joint l_hip 2 0.508053 0.601236 1.89149 144131
/joint l_knee 2 0.526241 0.822142 1.84028 144147
/joint r_hip 2 0.431803 0.589038 1.91663 144147
/joint r_knee 2 0.447007 0.787374 1.76071 144147
/user/1 0.800193 0 1.66109 0 0 144164
/joint head 2 0.496363 0.260316 1.87045 144164
/joint neck 2 0.488596 0.373443 1.89032 144164
/joint l_shoulder 2 0.555747 0.384295 1.8679 144181
/joint l_elbow 2 0.610693 0.503612 1.69314 144182
/joint l_hand 2 0.632508 0.592573 1.48863 144182
/joint r_shoulder 2 0.421444 0.362591 1.91275 144182
/joint r_elbow 2 0.38145 0.520849 1.92636 144199
/joint r_hand 2 0.459916 0.487477 1.77988 144199
/joint torso 2 0.479162 0.484994 1.89878 144199
/joint l_hip 2 0.507836 0.602704 1.89451 144214
/joint l_knee 2 0.52716 0.823743 1.84636 144214
/joint r_hip 2 0.431619 0.590387 1.91996 144214
/joint r_knee 2 0.446338 0.790986 1.77051 144230
/user/1 0.799642 0 1.66009 0 0 144231
/joint head 2 0.495488 0.258288 1.86732 144231
/joint neck 2 0.487928 0.372169 1.88936 144247
/joint l_shoulder 2 0.555081 0.382992 1.86692 144247
/joint l_elbow 2 0.611204 0.502848 1.69148 144247
/joint l_hand 2 0.632037 0.589752 1.48557 144265
/joint r_shoulder 2 0.420774 0.361346 1.91181 144265
/joint r_elbow 2 0.381811 0.522344 1.92647 144265
/joint r_hand 2 0.459915 0.48815 1.77959 144265
/joint torso 2 0.478639 0.483697 1.8992 144281
/joint l_hip 2 0.50746 0.601368 1.8963 144281
/joint l_knee 2 0.526915 0.822053 1.84483 144281
/joint r_hip 2 0.431239 0.589083 1.92178 144297
/joint r_knee 2 0.446932 0.78558 1.7609 144297
/user/1 0.799661 0 1.6694 0 0 144298
/joint head 2 0.494863 0.256826 1.86576 144315
/joint neck 2 0.487256 0.370285 1.88925 144315
/joint l_shoulder 2 0.554451 0.381187 1.8674 144315
/joint l_elbow 2 0.611267 0.501949 1.69261 144330
/joint l_hand 2 0.630351 0.586333 1.48323 144330
/joint r_shoulder 2 0.420061 0.359383 1.91111 144330
/joint r_elbow 2 0.382188 0.523482 1.92582 144347
/joint r_hand 2 0.460295 0.488888 1.77912 144347
/joint torso 2 0.477931 0.481788 1.89973 144347
/joint l_hip 2 0.506741 0.599479 1.89779 144364
/joint l_knee 2 0.525979 0.819264 1.83799 144364
/joint r_hip 2 0.430471 0.587105 1.9226 144364
/joint r_knee 2 0.446365 0.783184 1.76065 144364
/user/1 0.799333 0 1.6717 0 0 144381
/joint head 2 0.494831 0.256733 1.87087 144381
/joint neck 2 0.487356 0.370084 1.89145 144382
/joint l_shoulder 2 0.554706 0.380616 1.87121 144399
/joint l_elbow 2 0.611109 0.500447 1.69514 144399
/joint l_hand 2 0.628996 0.583706 1.48451 144399
/joint r_shoulder 2 0.420007 0.359553 1.9117 144415
/joint r_elbow 2 0.382039 0.525162 1.92617 144415
/joint r_hand 2 0.45976 0.488612 1.77973 144415
/joint torso 2 0.47817 0.481682 1.89983 144415
/joint l_hip 2 0.507208 0.599257 1.89672 144432
/joint l_knee 2 0.527233 0.818559 1.83404 144432
/joint r_hip 2 0.430758 0.587302 1.9197 144432
/joint r_knee 2 0.448854 0.783259 1.75835 144448
/user/1 0.799096 0 1.67066 0 0 144448
/joint head 2 0.494208 0.25701 1.87302 144448
/joint neck 2 0.486738 0.369984 1.8925 144466
/joint l_shoulder 2 0.554217 0.380347 1.87388 144466
/joint l_elbow 2 0.610832 0.499178 1.69876 144466
/joint l_hand 2 0.628037 0.581651 1.48747 144482
/joint r_shoulder 2 0.419258 0.359621 1.91111 144482
/joint r_elbow 2 0.381692 0.528292 1.9321 144482
/joint r_hand 2 0.458006 0.490226 1.78362 144499
/joint torso 2 0.477591 0.481627 1.89971 144499
/joint l_hip 2 0.506742 0.599152 1.89635 144499
/joint l_knee 2 0.52544 0.818797 1.83474 144499
/joint r_hip 2 0.430147 0.587389 1.91748 144516
/joint r_knee 2 0.448068 0.785141 1.76105 144516
/user/1 0.801523 0 1.67342 0 0 144516
/joint head 2 0.493605 0.258725 1.86863 144533
/joint neck 2 0.48622 0.372341 1.88999 144533
/joint l_shoulder 2 0.55392 0.382455 1.87487 144533
/joint l_elbow 2 0.610289 0.498816 1.70369 144550
/joint l_hand 2 0.625685 0.577376 1.4888 144551
/joint r_shoulder 2 0.418521 0.362228 1.90511 144551
/joint r_elbow 2 0.381873 0.528106 1.92946 144551
/joint r_hand 2 0.458612 0.48973 1.782 144567
/joint torso 2 0.477321 0.483976 1.89861 144567
/joint l_hip 2 0.506854 0.601351 1.89866 144567
/joint l_knee 2 0.526785 0.820099 1.83165 144584
/joint r_hip 2 0.429991 0.589869 1.91582 144584
/joint r_knee 2 0.449893 0.788093 1.76171 144584
/user/1 0.799620 0 1.67307 0 0 144600
/joint head 2 0.4928 0.258608 1.8723 144600
/joint neck 2 0.485586 0.372544 1.89105 144600
/joint l_shoulder 2 0.553355 0.382387 1.87656 144618
/joint l_elbow 2 0.609834 0.499665 1.70849 144618
/joint l_hand 2 0.621388 0.572264 1.48992 144618
/joint r_shoulder 2 0.417817 0.3627 1.90554 144618
/joint r_elbow 2 0.382427 0.528627 1.92821 144634
/joint r_hand 2 0.458984 0.489814 1.78061 144634
/joint torso 2 0.476809 0.484253 1.89759 144634
/joint l_hip 2 0.506485 0.601548 1.89591 144650
/joint l_knee 2 0.526271 0.820108 1.82736 144650
/joint r_hip 2 0.429578 0.590378 1.91236 144650
/joint r_knee 2 0.450045 0.788127 1.75717 144667
/user/1 0.798848 0 1.67349 0 0 144667
/joint head 2 0.492593 0.258523 1.87414 144667
/joint neck 2 0.485218 0.371653 1.89185 144684
/joint l_shoulder 2 0.552945 0.38139 1.87634 144684
/joint l_elbow 2 0.610773 0.500355 1.71362 144684
/joint l_hand 2 0.617822 0.567744 1.49444 144701
/joint r_shoulder 2 0.417491 0.361917 1.90735 144701
/joint r_elbow 2 0.381975 0.530786 1.93306 144701
/joint r_hand 2 0.45637 0.490213 1.78225 144701
/joint torso 2 0.476482 0.483402 1.89711 144718
/joint l_hip 2 0.506181 0.600677 1.89358 144718
/joint l_knee 2 0.526562 0.819239 1.82575 144718
/joint r_hip 2 0.429313 0.589626 1.91118 144735
/joint r_knee 2 0.45057 0.789014 1.76123 144735
/user/1 0.798298 0 1.67329 0 0 144735
/joint head 2 0.49116 0.25732 1.87621 144752
/joint neck 2 0.484117 0.370505 1.89386 144752
/joint l_shoulder 2 0.551785 0.379807 1.87681 144752
/joint l_elbow 2 0.612417 0.501736 1.71891 144752
/joint l_hand 2 0.612559 0.55663 1.49556 144769
/joint r_shoulder 2 0.416449 0.361203 1.91092 144769
/joint r_elbow 2 0.381644 0.530877 1.9353 144769
/joint r_hand 2 0.454948 0.49036 1.7823 144785
/joint torso 2 0.475836 0.482307 1.89963 144785
/joint l_hip 2 0.505957 0.599388 1.89573 144785
/joint l_knee 2 0.527058 0.818162 1.83036 144802
/joint r_hip 2 0.42915 0.58883 1.91508 144802
/joint r_knee 2 0.451267 0.788591 1.76675 144802
/user/1 0.797912 0 1.67536 0 0 144818
/joint head 2 0.490218 0.256725 1.87608 144818
/joint neck 2 0.483454 0.369813 1.8943 144818
/joint l_shoulder 2 0.551064 0.378961 1.87614 144834
/joint l_elbow 2 0.614018 0.499043 1.72584 144834
/joint l_hand 2 0.607915 0.54343 1.49992 144834
/joint r_shoulder 2 0.415844 0.360665 1.91246 144850
/joint r_elbow 2 0.381033 0.530606 1.93647 144851
/joint r_hand 2 0.45458 0.489843 1.78404 144851
/joint torso 2 0.47535 0.481635 1.90037 144851
/joint l_hip 2 0.505616 0.598648 1.89613 144867
/joint l_knee 2 0.527315 0.817401 1.8314 144867
/joint r_hip 2 0.428878 0.588264 1.91674 144868
/joint r_knee 2 0.450653 0.785624 1.76116 144884
/user/1 0.797541 0 1.67615 0 0 144885
/joint head 2 0.489574 0.256409 1.88149 144885
/joint neck 2 0.483136 0.369274 1.89597 144902
/joint l_shoulder 2 0.550808 0.377917 1.87814 144902
/joint l_elbow 2 0.613846 0.503424 1.73168 144902
/joint l_hand 2 0.602405 0.533818 1.5047 144902
/joint r_shoulder 2 0.415464 0.360632 1.9138 144919
/joint r_elbow 2 0.380748 0.530496 1.93728 144919
/joint r_hand 2 0.453929 0.48984 1.78406 144919
/joint torso 2 0.475319 0.48117 1.89933 144935
/joint l_hip 2 0.505907 0.59797 1.89258 144935
/joint l_knee 2 0.528022 0.816424 1.82616 144935
/joint r_hip 2 0.429098 0.588161 1.91282 144952
/joint r_knee 2 0.451302 0.784757 1.75531 144952
/user/1 0.797745 0 1.67668 0 0 144952
/joint head 2 0.489118 0.256271 1.8842 144969
/joint neck 2 0.482555 0.369153 1.89636 144969
/joint l_shoulder 2 0.550238 0.377708 1.87856 144969
/joint l_elbow 2 0.612587 0.503274 1.7389 144969
/joint l_hand 2 0.5993 0.523125 1.51153 144986
/joint r_shoulder 2 0.414873 0.360598 1.91416 144986
/joint r_elbow 2 0.38131 0.530501 1.93025 144986
/joint r_hand 2 0.455739 0.489209 1.77987 145003
/joint torso 2 0.474688 0.481061 1.89772 145003
/joint l_hip 2 0.505231 0.597825 1.88898 145003
/joint l_knee 2 0.527317 0.816803 1.82652 145019
/joint r_hip 2 0.42841 0.588115 1.90919 145019
/joint r_knee 2 0.450428 0.786898 1.75788 145019
/user/1 0.797937 0 1.67842 0 0 145036
/joint head 2 0.488604 0.256591 1.87968 145036
/joint neck 2 0.48212 0.368972 1.89467 145036
/joint l_shoulder 2 0.5496 0.377416 1.87409 145053
/joint l_elbow 2 0.607864 0.501109 1.746 145053
/joint l_hand 2 0.593761 0.513915 1.51863 145053
/joint r_shoulder 2 0.41464 0.360527 1.91525 145053
/joint r_elbow 2 0.381861 0.530999 1.92824 145070
/joint r_hand 2 0.455619 0.488139 1.77752 145070
/joint torso 2 0.47446 0.480896 1.89754 145070
/joint l_hip 2 0.505105 0.597614 1.88874 145087
/joint l_knee 2 0.528697 0.817031 1.83222 145087
/joint r_hip 2 0.428497 0.588028 1.9121 145087
/joint r_knee 2 0.452248 0.787584 1.76416 145104
/user/1 0.797408 0 1.67777 0 0 145104
/joint head 2 0.487882 0.256697 1.88369 145104
/joint neck 2 0.481552 0.369595 1.89577 145104
/joint l_shoulder 2 0.549119 0.3774 1.87569 145121
/joint l_elbow 2 0.602761 0.498206 1.75269 145121
/joint l_hand 2 0.588546 0.505333 1.52569 145121
/joint r_shoulder 2 0.413985 0.361789 1.91584 145137
/joint r_elbow 2 0.38195 0.531366 1.92782 145137
/joint r_hand 2 0.455552 0.488422 1.77683 145137
/joint torso 2 0.474302 0.481577 1.89613 145154
/joint l_hip 2 0.505394 0.597988 1.88509 145154
/joint l_knee 2 0.529662 0.816799 1.82457 145154
/joint r_hip 2 0.428709 0.589129 1.90788 145171
/joint r_knee 2 0.452205 0.786301 1.75276 145171
/user/1 0.797131 0 1.67768 0 0 145171
/joint head 2 0.487075 0.256823 1.8853 145188
/joint neck 2 0.48138 0.369751 1.89589 145188
/joint l_shoulder 2 0.549049 0.377159 1.87687 145188
/joint l_elbow 2 0.598059 0.496234 1.75996 145188
/joint l_hand 2 0.583426 0.500761 1.53481 145204
/joint r_shoulder 2 0.41371 0.362343 1.91492 145204
/joint r_elbow 2 0.381885 0.531188 1.92707 145204
/joint r_hand 2 0.455005 0.487978 1.7753 145221
/joint torso 2 0.474463 0.481779 1.89564 145221
/joint l_hip 2 0.505949 0.598012 1.88458 145221
/joint l_knee 2 0.530358 0.8172 1.82747 145236
/joint r_hip 2 0.429143 0.589603 1.90618 145237
/joint r_knee 2 0.452726 0.789454 1.75903 145237
/user/1 0.798045 0 1.6803 0 0 145253
/joint head 2 0.486247 0.257307 1.88691 145253
/joint neck 2 0.480812 0.370399 1.89588 145253
/joint l_shoulder 2 0.548481 0.377638 1.87664 145269
/joint l_elbow 2 0.591991 0.498107 1.76672 145269
/joint l_hand 2 0.578488 0.499981 1.54336 145269
/joint r_shoulder 2 0.413144 0.36316 1.91513 145286
/joint r_elbow 2 0.382408 0.530629 1.92101 145286
/joint r_hand 2 0.456191 0.487175 1.77069 145286
/joint torso 2 0.47401 0.482444 1.89504 145286
/joint l_hip 2 0.50561 0.598596 1.88327 145303
/joint l_knee 2 0.528422 0.818148 1.82666 145303
/joint r_hip 2 0.428806 0.59038 1.90511 145303
/joint r_knee 2 0.452064 0.789736 1.75625 145320
/user/1 0.798248 0 1.68029 0 0 145320
/joint head 2 0.484813 0.257217 1.88809 145320
/joint neck 2 0.479744 0.370302 1.8962 145336
/joint l_shoulder 2 0.54745 0.377164 1.87717 145336
/joint l_elbow 2 0.587 0.501382 1.77635 145337
/joint l_hand 2 0.574571 0.502591 1.55538 145354
/joint r_shoulder 2 0.412037 0.363439 1.91523 145354
/joint r_elbow 2 0.382331 0.529311 1.91769 145354
/joint r_hand 2 0.457553 0.48742 1.76929 145354
/joint torso 2 0.473264 0.48238 1.89491 145371
/joint l_hip 2 0.505208 0.598353 1.88283 145371
/joint l_knee 2 0.529314 0.817957 1.82887 145371
/joint r_hip 2 0.428359 0.590565 1.90443 145387
/joint r_knee 2 0.453919 0.787943 1.75122 145388
/user/1 0.798795 0 1.68442 0 0 145388
/joint head 2 0.483659 0.257566 1.88827 145404
/joint neck 2 0.478699 0.370425 1.896 145404
/joint l_shoulder 2 0.546416 0.377008 1.87687 145404
/joint l_elbow 2 0.583713 0.507956 1.78505 145421
/joint l_hand 2 0.572169 0.508339 1.56556 145421
/joint r_shoulder 2 0.410982 0.363843 1.91512 145421
/joint r_elbow 2 0.382776 0.530254 1.91488 145421
/joint r_hand 2 0.459149 0.487763 1.76925 145437
/joint torso 2 0.472476 0.482531 1.89468 145438
/joint l_hip 2 0.504683 0.598373 1.88251 145438
/joint l_knee 2 0.529842 0.817407 1.82536 145455
/joint r_hip 2 0.427822 0.590902 1.90422 145455
/joint r_knee 2 0.454964 0.786553 1.74716 145455
/user/1 0.798395 0 1.69367 0 0 145471
/joint head 2 0.482661 0.25505 1.89384 145471
/joint neck 2 0.478847 0.36928 1.8978 145471
/joint l_shoulder 2 0.546655 0.374609 1.87917 145488
/joint l_elbow 2 0.583848 0.515172 1.789 145488
/joint l_hand 2 0.567449 0.521397 1.57294 145488
/joint r_shoulder 2 0.41104 0.36395 1.91642 145488
/joint r_elbow 2 0.382812 0.530315 1.91488 145504
/joint r_hand 2 0.459449 0.488324 1.76944 145505
/joint torso 2 0.4736 0.481419 1.89357 145505
/joint l_hip 2 0.506838 0.596584 1.87878 145522
/joint l_knee 2 0.532507 0.815184 1.81887 145522
/joint r_hip 2 0.429866 0.590534 1.89992 145522
/joint r_knee 2 0.458481 0.784601 1.73952 145538
/user/1 0.798953 0 1.70865 0 0 145538
/joint head 2 0.481589 0.254935 1.89113 145538
/joint neck 2 0.478447 0.368633 1.89643 145555
/joint l_shoulder 2 0.546135 0.373039 1.87575 145555
/joint l_elbow 2 0.584307 0.523727 1.79136 145555
/joint l_hand 2 0.564349 0.538491 1.5792 145555
/joint r_shoulder 2 0.410759 0.364227 1.91712 145572
/joint r_elbow 2 0.381779 0.533773 1.92 145572
/joint r_hand 2 0.456807 0.489535 1.77278 145572
/joint torso 2 0.474056 0.480853 1.89274 145589
/joint l_hip 2 0.508083 0.595574 1.8773 145589
/joint l_knee 2 0.530101 0.815331 1.82122 145589
/joint r_hip 2 0.431246 0.590572 1.90078 145605
/joint r_knee 2 0.455187 0.789016 1.74963 145605
/user/1 0.799061 0 1.70896 0 0 145605
/joint head 2 0.481493 0.255305 1.889 145622
/joint neck 2 0.478736 0.368886 1.89528 145622
/joint l_shoulder 2 0.546444 0.372785 1.87455 145622
/joint l_elbow 2 0.583939 0.528778 1.80192 145622
/joint l_hand 2 0.562683 0.55235 1.59102 145640
/joint r_shoulder 2 0.411027 0.364987 1.91601 145640
/joint r_elbow 2 0.382158 0.532075 1.91678 145640
/joint r_hand 2 0.457721 0.488914 1.76989 145656
/joint torso 2 0.47484 0.48115 1.89189 145656
/joint l_hip 2 0.509367 0.595628 1.87674 145656
/joint l_knee 2 0.530069 0.815994 1.82415 145672
/joint r_hip 2 0.432521 0.591202 1.90027 145672
/joint r_knee 2 0.453929 0.789348 1.74674 145672
/user/1 0.798159 0 1.70597 0 0 145690
/joint head 2 0.480922 0.254064 1.88832 145690
/joint neck 2 0.478613 0.367902 1.89527 145690
/joint l_shoulder 2 0.546351 0.371542 1.87477 145690
/joint l_elbow 2 0.582389 0.534431 1.80837 145706
/joint l_hand 2 0.560794 0.566801 1.6013 145706
/joint r_shoulder 2 0.410874 0.364263 1.91576 145706
/joint r_elbow 2 0.382826 0.532005 1.91485 145724
/joint r_hand 2 0.458641 0.48828 1.76883 145724
/joint torso 2 0.475004 0.480195 1.89243 145724
/joint l_hip 2 0.509837 0.594554 1.87796 145739
/joint l_knee 2 0.528414 0.815074 1.82367 145740
/joint r_hip 2 0.432955 0.590423 1.90123 145740
/joint r_knee 2 0.452115 0.788196 1.74544 145757
/user/1 0.798234 0 1.71257 0 0 145757
/joint head 2 0.48074 0.252248 1.89386 145757
/joint neck 2 0.478729 0.366813 1.89734 145757
/joint l_shoulder 2 0.546625 0.369607 1.87884 145773
/joint l_elbow 2 0.580069 0.538821 1.81982 145773
/joint l_hand 2 0.559196 0.578384 1.61273 145773
/joint r_shoulder 2 0.410832 0.36402 1.91585 145790
/joint r_elbow 2 0.383244 0.53206 1.91407 145790
/joint r_hand 2 0.459229 0.488429 1.76832 145790
/joint torso 2 0.475775 0.479092 1.89214 145806
/joint l_hip 2 0.51136 0.592956 1.87643 145806
/joint l_knee 2 0.529233 0.813632 1.82263 145806
/joint r_hip 2 0.434285 0.589785 1.89744 145824
/joint r_knee 2 0.452053 0.78742 1.74061 145824
/user/1 0.802472 0 1.67688 0 0 145824
/joint head 2 0.481089 0.252992 1.89036 145824
/joint neck 2 0.479057 0.367446 1.89605 145840
/joint l_shoulder 2 0.546915 0.369957 1.87684 145840
/joint l_elbow 2 0.579683 0.539979 1.82474 145840
/joint l_hand 2 0.5569 0.592544 1.62045 145857
/joint r_shoulder 2 0.411198 0.364935 1.91526 145857
/joint r_elbow 2 0.383296 0.531733 1.91464 145857
/joint r_hand 2 0.458965 0.488972 1.76766 145875
/joint torso 2 0.476476 0.479773 1.89263 145875
/joint l_hip 2 0.512405 0.593524 1.87831 145875
/joint l_knee 2 0.527904 0.814592 1.82518 145892
/joint r_hip 2 0.435387 0.590674 1.90011 145892
/joint r_knee 2 0.451152 0.790566 1.74896 145892
/user/1 0.802936 0 1.67166 0 0 145892
/joint head 2 0.480761 0.252555 1.89489 145907
/joint neck 2 0.479054 0.367315 1.89796 145907
/joint l_shoulder 2 0.547055 0.369117 1.88078 145908
/joint l_elbow 2 0.580863 0.540555 1.83074 145925
/joint l_hand 2 0.555696 0.602471 1.62947 145925
/joint r_shoulder 2 0.411052 0.365513 1.91514 145925
/joint r_elbow 2 0.3832 0.531344 1.91228 145941
/joint r_hand 2 0.459357 0.489923 1.76545 145941
/joint torso 2 0.47704 0.479626 1.89259 145941
/joint l_hip 2 0.513622 0.592961 1.87746 145958
/joint l_knee 2 0.526569 0.813722 1.819 145958
/joint r_hip 2 0.436431 0.590915 1.89696 145958
/joint r_knee 2 0.45 0.789362 1.74076 145974
/user/1 0.804987 0 1.64512 0 0 145974
/joint head 2 0.480852 0.252981 1.89089 145974
/joint neck 2 0.479161 0.367855 1.8961 145990
/joint l_shoulder 2 0.547295 0.369386 1.88117 145991
/joint l_elbow 2 0.579682 0.54268 1.83491 145991
/joint l_hand 2 0.554177 0.612726 1.63697 145991
/joint r_shoulder 2 0.411026 0.366324 1.91104 146008
/joint r_elbow 2 0.382758 0.530077 1.91251 146008
/joint r_hand 2 0.459614 0.489458 1.76664 146008
/joint torso 2 0.477536 0.48021 1.89236 146024
/joint l_hip 2 0.51458 0.593434 1.88015 146024
/joint l_knee 2 0.526495 0.814597 1.82427 146024
/joint r_hip 2 0.437241 0.591696 1.8971 146040
/joint r_knee 2 0.448356 0.791837 1.74504 146040
/user/1 0.790458 0 1.67743 0 0 146040
/joint head 2 0.481107 0.253369 1.88927 146057
/joint neck 2 0.479511 0.367977 1.89496 146057
/joint l_shoulder 2 0.547698 0.369407 1.88085 146057
/joint l_elbow 2 0.578315 0.543997 1.84128 146073
/joint l_hand 2 0.55415 0.618926 1.64528 146074
/joint r_shoulder 2 0.411325 0.366546 1.90907 146074
/joint r_elbow 2 0.380759 0.528691 1.9118 146074
/joint r_hand 2 0.458511 0.489765 1.76681 146091
/joint torso 2 0.47804 0.480353 1.89214 146091
/joint l_hip 2 0.515262 0.593541 1.88132 146091
/joint l_knee 2 0.525519 0.814412 1.82166 146107
/joint r_hip 2 0.437874 0.591918 1.89733 146107
/joint r_knee 2 0.447135 0.790971 1.74161 146107
/user/1 0.803857 0 1.66655 0 0 146124
/joint head 2 0.481606 0.253569 1.88847 146124
/joint neck 2 0.479917 0.368128 1.8944 146124
/joint l_shoulder 2 0.548171 0.369517 1.88162 146140
/joint l_elbow 2 0.577829 0.545696 1.8437 146140
/joint l_hand 2 0.553788 0.622673 1.64812 146140
/joint r_shoulder 2 0.411662 0.36674 1.90718 146140
/joint r_elbow 2 0.381745 0.528213 1.91109 146157
/joint r_hand 2 0.458981 0.488954 1.76518 146157
/joint torso 2 0.478499 0.480511 1.89157 146157
/joint l_hip 2 0.515816 0.593681 1.8815 146172
/joint l_knee 2 0.525004 0.814735 1.82268 146172
/joint r_hip 2 0.438345 0.592106 1.896 146172
/joint r_knee 2 0.44454 0.794619 1.75001 146189
/user/1 0.800982 0 1.68199 0 0 146190
/joint head 2 0.48204 0.25381 1.88806 146190
/joint neck 2 0.480233 0.368233 1.89426 146206
/joint l_shoulder 2 0.54852 0.369752 1.88215 146206
/joint l_elbow 2 0.580129 0.544988 1.84491 146206
/joint l_hand 2 0.553954 0.62558 1.65092 146223
/joint r_shoulder 2 0.411947 0.366714 1.90636 146223
/joint r_elbow 2 0.381029 0.528196 1.90981 146223
/joint r_hand 2 0.458783 0.489519 1.76465 146223
/joint torso 2 0.478715 0.480618 1.89173 146240
/joint l_hip 2 0.515949 0.593866 1.88234 146240
/joint l_knee 2 0.524753 0.814913 1.82323 146240
/joint r_hip 2 0.438444 0.592142 1.89608 146257
/joint r_knee 2 0.443655 0.794536 1.74957 146257
/user/1 0.803708 0 1.69014 0 0 146258
/joint head 2 0.481625 0.255349 1.88826 146275
/joint neck 2 0.479718 0.369743 1.89431 146275
/joint l_shoulder 2 0.548044 0.371298 1.88312 146275
/joint l_elbow 2 0.579715 0.545151 1.84826 146275
/joint l_hand 2 0.554595 0.627911 1.65507 146291
/joint r_shoulder 2 0.411392 0.368187 1.9055 146291
/joint r_elbow 2 0.38197 0.529149 1.91045 146291
/joint r_hand 2 0.458623 0.489503 1.76357 146308
/joint torso 2 0.478154 0.482122 1.89127 146308
/joint l_hip 2 0.515367 0.595385 1.88188 146308
/joint l_knee 2 0.523536 0.816722 1.82489 146325
/joint r_hip 2 0.437815 0.593619 1.89459 146325
/joint r_knee 2 0.442646 0.796911 1.75084 146325
/user/1 0.806482 0 1.67827 0 0 146342
/joint head 2 0.482495 0.254927 1.88835 146342
/joint neck 2 0.480439 0.369594 1.89454 146342
/joint l_shoulder 2 0.548817 0.371308 1.88484 146359
/joint l_elbow 2 0.579507 0.543671 1.855 146359
/joint l_hand 2 0.557168 0.627752 1.6611 146359
/joint r_shoulder 2 0.41206 0.36788 1.90425 146359
/joint r_elbow 2 0.372557 0.532748 1.94349 146375
/joint r_hand 2 0.446297 0.495869 1.78951 146375
/joint torso 2 0.478751 0.481973 1.89163 146375
/joint l_hip 2 0.51587 0.595324 1.8832 146392
/joint l_knee 2 0.52508 0.816739 1.82753 146392
/joint r_hip 2 0.438255 0.593378 1.89422 146392
/joint r_knee 2 0.4444 0.796989 1.75169 146410
/user/1 0.804473 0 1.67253 0 0 146410
/joint head 2 0.482631 0.254747 1.88801 146410
/joint neck 2 0.480809 0.36957 1.89418 146410
/joint l_shoulder 2 0.549273 0.371279 1.88827 146426
/joint l_elbow 2 0.579018 0.545005 1.85758 146426
/joint l_hand 2 0.556371 0.630154 1.6624 146426
/joint r_shoulder 2 0.412346 0.36786 1.90009 146443
/joint r_elbow 2 0.369754 0.534258 1.94449 146443
/joint r_hand 2 0.443267 0.496713 1.79027 146443
/joint torso 2 0.479146 0.481933 1.89023 146460
/joint l_hip 2 0.516351 0.595268 1.88293 146460
/joint l_knee 2 0.524663 0.816838 1.8281 146460
/joint r_hip 2 0.438615 0.593326 1.88964 146478
/joint r_knee 2 0.443755 0.797512 1.74882 146478
/user/1 0.812680 0 1.6683 0 0 146478
/joint head 2 0.483558 0.255343 1.88823 146478
/joint neck 2 0.481404 0.369942 1.8942 146494
/joint l_shoulder 2 0.54991 0.37183 1.89078 146494
/joint l_elbow 2 0.577987 0.546982 1.85536 146494
/joint l_hand 2 0.555222 0.634643 1.66258 146511
/joint r_shoulder 2 0.412897 0.368053 1.89763 146511
/joint r_elbow 2 0.374104 0.530635 1.92776 146511
/joint r_hand 2 0.449986 0.493253 1.77817 146528
/joint torso 2 0.47961 0.482301 1.89012 146528
/joint l_hip 2 0.516694 0.595732 1.88409 146528
/joint l_knee 2 0.525156 0.817572 1.83186 146529
/joint r_hip 2 0.438939 0.593588 1.88798 146545
/joint r_knee 2 0.442673 0.80093 1.75775 146545
/user/1 0.811075 0 1.66237 0 0 146545
/joint head 2 0.483329 0.256039 1.88756 146562
/joint neck 2 0.481494 0.370311 1.89391 146562
/joint l_shoulder 2 0.549941 0.372304 1.89691 146562
/joint l_elbow 2 0.577471 0.54849 1.85424 146579
/joint l_hand 2 0.55446 0.63755 1.66109 146579
/joint r_shoulder 2 0.413047 0.368318 1.8909 146579
/joint r_elbow 2 0.368272 0.53366 1.95252 146596
/joint r_hand 2 0.441691 0.496627 1.79794 146596
/joint torso 2 0.479699 0.482669 1.88973 146596
/joint l_hip 2 0.516786 0.59616 1.88725 146596
/joint l_knee 2 0.524725 0.818118 1.83584 146612
/joint r_hip 2 0.439024 0.593895 1.88384 146612
/joint r_knee 2 0.441783 0.801902 1.75592 146612
/user/1 0.817279 0 1.69428 0 0 146629
/joint head 2 0.483104 0.256747 1.88176 146629
/joint neck 2 0.481657 0.370946 1.89107 146629
/joint l_shoulder 2 0.550098 0.372814 1.89665 146646
/joint l_elbow 2 0.576815 0.54899 1.85525 146646
/joint l_hand 2 0.553953 0.639136 1.66014 146646
/joint r_shoulder 2 0.413217 0.369079 1.88549 146663
/joint r_elbow 2 0.366624 0.534994 1.9565 146663
/joint r_hand 2 0.437914 0.495965 1.79904 146663
/joint torso 2 0.479994 0.483322 1.88806 146680
/joint l_hip 2 0.517154 0.596758 1.88821 146680
/joint l_knee 2 0.524981 0.818083 1.83092 146680
/joint r_hip 2 0.439506 0.594639 1.88188 146680
/joint r_knee 2 0.441256 0.805543 1.76505 146697
/user/1 0.816316 0 1.70206 0 0 146697
/joint head 2 0.483079 0.256612 1.87924 146697
/joint neck 2 0.481923 0.370715 1.89033 146714
/joint l_shoulder 2 0.550364 0.372459 1.89712 146714
/joint l_elbow 2 0.578053 0.547413 1.85575 146714
/joint l_hand 2 0.553824 0.63947 1.66419 146732
/joint r_shoulder 2 0.413482 0.368971 1.88355 146732
/joint r_elbow 2 0.368127 0.533662 1.9414 146732
/joint r_hand 2 0.441416 0.492957 1.78866 146732
/joint torso 2 0.480367 0.483102 1.88815 146748
/joint l_hip 2 0.517637 0.596479 1.88982 146748
/joint l_knee 2 0.524539 0.817282 1.82772 146748
/joint r_hip 2 0.439982 0.5945 1.88212 146765
/joint r_knee 2 0.441359 0.806056 1.76795 146765
/user/1 0.815907 0 1.70075 0 0 146765
/joint head 2 0.483296 0.257983 1.87799 146782
/joint neck 2 0.482287 0.371983 1.89006 146782
/joint l_shoulder 2 0.550628 0.37361 1.90005 146782
/joint l_elbow 2 0.578085 0.547408 1.85601 146799
/joint l_hand 2 0.554596 0.640418 1.66417 146799
/joint r_shoulder 2 0.413947 0.370355 1.88006 146799
/joint r_elbow 2 0.367073 0.533513 1.94565 146799
/joint r_hand 2 0.441397 0.494145 1.79402 146816
/joint torso 2 0.480838 0.484378 1.88853 146816
/joint l_hip 2 0.518175 0.597697 1.89268 146816
/joint l_knee 2 0.524221 0.818626 1.83123 146834
/joint r_hip 2 0.440601 0.59585 1.88133 146834
/joint r_knee 2 0.441416 0.806608 1.76387 146834
/user/1 0.815842 0 1.70427 0 0 146851
/joint head 2 0.483366 0.256869 1.88245 146851
/joint neck 2 0.482658 0.370828 1.89244 146851
/joint l_shoulder 2 0.550902 0.372025 1.905 146851
/joint l_elbow 2 0.577325 0.547659 1.85966 146867
/joint l_hand 2 0.555069 0.641428 1.66473 146867
/joint r_shoulder 2 0.414413 0.369632 1.87988 146867
/joint r_elbow 2 0.365937 0.53495 1.9533 146884
/joint r_hand 2 0.439236 0.496748 1.79899 146884
/joint torso 2 0.481644 0.483228 1.89037 146884
/joint l_hip 2 0.519358 0.596306 1.89544 146900
/joint l_knee 2 0.524335 0.816606 1.82875 146900
/joint r_hip 2 0.441902 0.594948 1.88118 146900
/joint r_knee 2 0.441682 0.804187 1.75775 146917
/user/1 0.815795 0 1.70156 0 0 146918
/joint head 2 0.483513 0.25631 1.87959 146918
/joint neck 2 0.48285 0.370431 1.89096 146918
/joint l_shoulder 2 0.55099 0.371373 1.90577 146934
/joint l_elbow 2 0.577524 0.54649 1.86226 146934
/joint l_hand 2 0.554282 0.640559 1.6661 146934
/joint r_shoulder 2 0.414711 0.36949 1.87615 146951
/joint r_elbow 2 0.374568 0.533032 1.93279 146951
/joint r_hand 2 0.447627 0.491777 1.77981 146951
/joint torso 2 0.482028 0.482839 1.89002 146968
/joint l_hip 2 0.519873 0.59578 1.89749 146968
/joint l_knee 2 0.522405 0.815402 1.82544 146968
/joint r_hip 2 0.442537 0.594712 1.88068 146968
/joint r_knee 2 0.439654 0.804244 1.75851 146986
/user/1 0.815838 0 1.69942 0 0 146986
/joint head 2 0.483743 0.257195 1.87777 146986
/joint neck 2 0.483073 0.371117 1.89016 147002
/joint l_shoulder 2 0.551068 0.371893 1.90745 147002
/joint l_elbow 2 0.577819 0.546687 1.86317 147002
/joint l_hand 2 0.553837 0.640017 1.66522 147018
/joint r_shoulder 2 0.415078 0.370341 1.87288 147018
/joint r_elbow 2 0.378999 0.532376 1.92284 147018
/joint r_hand 2 0.452925 0.49085 1.77165 147035
/joint torso 2 0.482343 0.483527 1.8903 147035
/joint l_hip 2 0.520202 0.596378 1.90024 147035
/joint l_knee 2 0.522069 0.814735 1.81993 147052
/joint r_hip 2 0.443025 0.595497 1.88062 147052
/joint r_knee 2 0.438202 0.805952 1.76232 147052
/user/1 0.816334 0 1.6971 0 0 147052
/joint head 2 0.483476 0.256907 1.87725 147069
/joint neck 2 0.483071 0.371175 1.89034 147069
/joint l_shoulder 2 0.550958 0.371815 1.90934 147069
/joint l_elbow 2 0.57836 0.546001 1.86167 147086
/joint l_hand 2 0.553074 0.640321 1.66598 147086
/joint r_shoulder 2 0.415183 0.370535 1.87134 147086
/joint r_elbow 2 0.380928 0.53147 1.91886 147103
/joint r_hand 2 0.455576 0.491134 1.76833 147103
/joint torso 2 0.482442 0.483588 1.8908 147103
/joint l_hip 2 0.520338 0.596363 1.90205 147119
/joint l_knee 2 0.522284 0.813987 1.81739 147119
/joint r_hip 2 0.443289 0.595637 1.88048 147119
/joint r_knee 2 0.437471 0.806662 1.76467 147136
/user/1 0.818575 0 1.68207 0 0 147136
/joint head 2 0.483477 0.257732 1.88209 147136
/joint neck 2 0.482638 0.371835 1.89193 147136
/joint l_shoulder 2 0.550721 0.373162 1.90756 147151
/joint l_elbow 2 0.577833 0.545937 1.86015 147152
/joint l_hand 2 0.552615 0.641019 1.66467 147152
/joint r_shoulder 2 0.414555 0.370508 1.8763 147169
/joint r_elbow 2 0.380836 0.530304 1.91666 147169
/joint r_hand 2 0.457039 0.492634 1.76777 147169
/joint torso 2 0.481552 0.484211 1.88938 147184
/joint l_hip 2 0.519113 0.597341 1.8957 147184
/joint l_knee 2 0.521305 0.814686 1.80946 147184
/joint r_hip 2 0.44182 0.595834 1.87795 147201
/joint r_knee 2 0.435511 0.807108 1.76327 147201
/user/1 0.821109 0 1.67249 0 0 147201
/joint head 2 0.483603 0.257252 1.87863 147218
/joint neck 2 0.48262 0.371399 1.89111 147218
/joint l_shoulder 2 0.550837 0.372764 1.90428 147218
/joint l_elbow 2 0.57838 0.546396 1.85859 147218
/joint l_hand 2 0.552461 0.641219 1.66503 147235
/joint r_shoulder 2 0.414403 0.370035 1.87794 147235
/joint r_elbow 2 0.381852 0.530351 1.91575 147235
/joint r_hand 2 0.457689 0.492006 1.76644 147252
/joint torso 2 0.481373 0.483786 1.89075 147252
/joint l_hip 2 0.518838 0.596946 1.89786 147252
/joint l_knee 2 0.523155 0.816068 1.82278 147269
/joint r_hip 2 0.441413 0.595398 1.88292 147269
/joint r_knee 2 0.438163 0.808514 1.77564 147269
/user/1 0.822455 0 1.66502 0 0 147269
/joint head 2 0.483871 0.257047 1.87689 147286
/joint neck 2 0.482833 0.370971 1.89042 147286
/joint l_shoulder 2 0.550982 0.372177 1.90513 147286
/joint l_elbow 2 0.578638 0.545337 1.86054 147303
/joint l_hand 2 0.553155 0.641832 1.66904 147303
/joint r_shoulder 2 0.414683 0.369765 1.87572 147303
/joint r_elbow 2 0.380363 0.528952 1.91352 147320
/joint r_hand 2 0.458333 0.49304 1.76739 147320
/joint torso 2 0.48165 0.483362 1.89161 147320
/joint l_hip 2 0.519138 0.596436 1.90115 147337
/joint l_knee 2 0.52419 0.81547 1.82567 147337
/joint r_hip 2 0.441796 0.595068 1.88446 147337
/joint r_knee 2 0.439238 0.805277 1.7649 147337
/user/1 0.824501 0 1.66227 0 0 147354
/joint head 2 0.483973 0.256528 1.87643 147355
/joint neck 2 0.483251 0.370773 1.89084 147355
/joint l_shoulder 2 0.551257 0.371548 1.90801 147371
/joint l_elbow 2 0.578571 0.544807 1.85997 147372
/joint l_hand 2 0.55447 0.642839 1.67061 147372
/joint r_shoulder 2 0.415246 0.369998 1.87367 147389
/joint r_elbow 2 0.379051 0.527384 1.91334 147389
/joint r_hand 2 0.459013 0.494367 1.77006 147389
/joint torso 2 0.482398 0.483168 1.89294 147389
/joint l_hip 2 0.520142 0.596002 1.90478 147405
/joint l_knee 2 0.523986 0.814156 1.82351 147405
/joint r_hip 2 0.442949 0.595122 1.88529 147405
/joint r_knee 2 0.439839 0.804774 1.7636 147422
/user/1 0.824947 0 1.66297 0 0 147422
/joint head 2 0.484266 0.256459 1.87619 147422
/joint neck 2 0.483583 0.370794 1.89101 147439
/joint l_shoulder 2 0.551623 0.371431 1.9078 147439
/joint l_elbow 2 0.577753 0.54687 1.85924 147439
/joint l_hand 2 0.5537 0.646643 1.669 147455
/joint r_shoulder 2 0.415543 0.370157 1.87421 147455
/joint r_elbow 2 0.380749 0.528182 1.91368 147455
/joint r_hand 2 0.460147 0.494329 1.76948 147471
/joint torso 2 0.48286 0.483195 1.89314 147471
/joint l_hip 2 0.520745 0.595957 1.90481 147471
/joint l_knee 2 0.523153 0.812789 1.81573 147471
/joint r_hip 2 0.443527 0.595235 1.88575 147488
/joint r_knee 2 0.438058 0.804622 1.76337 147488
/user/1 0.824601 0 1.66054 0 0 147488
/joint head 2 0.484473 0.257749 1.87646 147505
/joint neck 2 0.483856 0.371641 1.89055 147505
/joint l_shoulder 2 0.551823 0.372249 1.90853 147505
/joint l_elbow 2 0.577352 0.548435 1.85854 147522
/joint l_hand 2 0.553507 0.649375 1.67077 147522
/joint r_shoulder 2 0.415889 0.371032 1.87257 147522
/joint r_elbow 2 0.381768 0.528999 1.91416 147539
/joint r_hand 2 0.460791 0.494229 1.76957 147539
/joint torso 2 0.483164 0.484046 1.89246 147539
/joint l_hip 2 0.521043 0.596796 1.90458 147539
/joint l_knee 2 0.523147 0.814237 1.81887 147555
/joint r_hip 2 0.4439 0.596106 1.88417 147555
/joint r_knee 2 0.437217 0.805545 1.76223 147556
/user/1 0.824855 0 1.66078 0 0 147573
/joint head 2 0.484339 0.257861 1.87617 147573
/joint neck 2 0.483719 0.371723 1.89046 147573
/joint l_shoulder 2 0.551671 0.372296 1.90873 147589
/joint l_elbow 2 0.577734 0.54713 1.86053 147589
/joint l_hand 2 0.55517 0.647918 1.67244 147589
/joint r_shoulder 2 0.415767 0.371149 1.87219 147605
/joint r_elbow 2 0.382522 0.530021 1.91311 147605
/joint r_hand 2 0.460829 0.493461 1.76796 147605
/joint torso 2 0.48304 0.484127 1.89263 147622
/joint l_hip 2 0.520923 0.596857 1.90516 147622
/joint l_knee 2 0.522102 0.815142 1.82436 147622
/joint r_hip 2 0.443798 0.596206 1.88443 147622
/joint r_knee 2 0.436179 0.806337 1.76542 147639
/user/1 0.824822 0 1.65642 0 0 147639
/joint head 2 0.48453 0.257789 1.87606 147639
/joint neck 2 0.483774 0.371755 1.89062 147657
/joint l_shoulder 2 0.551682 0.372332 1.90954 147657
/joint l_elbow 2 0.577342 0.546482 1.86349 147657
---STOP: 2014-01-12-20-43-26-158---
