
---START: 2014-01-14-22-27-23-687---
/joint l_hip 2 0.49318 0.601194 1.92797 111965
/joint l_knee 2 0.526188 0.816409 1.85605 111965
/joint r_hip 2 0.419866 0.570716 1.95324 111965
/joint r_knee 2 0.438827 0.779758 1.83499 111965
/user/1 0.809977 0 1.62803 0 0 111982
/joint head 2 0.517301 0.268806 1.82012 111982
/joint neck 2 0.498265 0.375923 1.86552 111982
/joint l_shoulder 2 0.562811 0.401937 1.84084 111982
/joint l_elbow 2 0.57177 0.552686 1.69838 111982
/joint l_hand 2 0.560307 0.64355 1.49677 111999
/joint r_shoulder 2 0.433719 0.349908 1.8902 111999
/joint r_elbow 2 0.399082 0.480562 1.91954 111999
/joint r_hand 2 0.42884 0.472098 1.71239 111999
/joint torso 2 0.477511 0.482283 1.90066 112016
/joint l_hip 2 0.493393 0.603409 1.9218 112016
/joint l_knee 2 0.525285 0.8193 1.85248 112016
/joint r_hip 2 0.420121 0.573877 1.94982 112016
/joint r_knee 2 0.438755 0.782488 1.82966 112033
/user/1 0.811056 0 1.64031 0 0 112033
/joint head 2 0.515951 0.265483 1.82966 112033
/joint neck 2 0.497638 0.37434 1.8688 112033
/joint l_shoulder 2 0.562228 0.398824 1.84137 112050
/joint l_elbow 2 0.569841 0.550058 1.70031 112050
/joint l_hand 2 0.549924 0.634781 1.49666 112051
/joint r_shoulder 2 0.433048 0.349856 1.89623 112051
/joint r_elbow 2 0.398551 0.481922 1.91798 112051
/joint r_hand 2 0.429048 0.472333 1.71091 112068
/joint torso 2 0.477966 0.481686 1.89909 112068
/joint l_hip 2 0.494958 0.60293 1.91382 112068
/joint l_knee 2 0.526479 0.819916 1.85191 112068
/joint r_hip 2 0.42163 0.575134 1.94496 112084
/joint r_knee 2 0.441395 0.783595 1.82494 112085
/user/1 0.812254 0 1.6481 0 0 112085
/joint head 2 0.514613 0.262123 1.83444 112085
/joint neck 2 0.497026 0.371404 1.87052 112100
/joint l_shoulder 2 0.561686 0.394786 1.84156 112100
/joint l_elbow 2 0.56616 0.548472 1.70248 112101
/joint l_hand 2 0.542086 0.625878 1.49662 112101
/joint r_shoulder 2 0.432365 0.348022 1.89948 112117
/joint r_elbow 2 0.397709 0.481838 1.91642 112117
/joint r_hand 2 0.429097 0.472246 1.7108 112117
/joint torso 2 0.478119 0.47937 1.8978 112117
/joint l_hip 2 0.495905 0.600606 1.90865 112134
/joint l_knee 2 0.526132 0.818633 1.85268 112134
/joint r_hip 2 0.42252 0.574068 1.94152 112134
/joint r_knee 2 0.439892 0.784171 1.82656 112134
/user/1 0.813421 0 1.65005 0 0 112152
/joint head 2 0.513471 0.261831 1.83684 112152
/joint neck 2 0.496494 0.370834 1.87194 112152
/joint l_shoulder 2 0.561198 0.393685 1.84233 112152
/joint l_elbow 2 0.564132 0.545329 1.70397 112152
/joint l_hand 2 0.536577 0.619358 1.49836 112168
/joint r_shoulder 2 0.431789 0.347982 1.90156 112168
/joint r_elbow 2 0.398071 0.481543 1.91642 112168
/joint r_hand 2 0.428938 0.472031 1.71246 112168
/joint torso 2 0.477947 0.479094 1.89782 112184
/joint l_hip 2 0.496117 0.600322 1.90689 112185
/joint l_knee 2 0.52565 0.818962 1.85496 112185
/joint r_hip 2 0.422686 0.574388 1.9405 112185
/joint r_knee 2 0.439319 0.784971 1.8271 112201
/user/1 0.814834 0 1.64378 0 0 112202
/joint head 2 0.512448 0.260422 1.83804 112202
/joint neck 2 0.495696 0.369948 1.87322 112202
/joint l_shoulder 2 0.560497 0.392216 1.8434 112218
/joint l_elbow 2 0.562726 0.544533 1.70199 112218
/joint l_hand 2 0.534971 0.616089 1.49564 112218
/joint r_shoulder 2 0.430895 0.347681 1.90304 112218
/joint r_elbow 2 0.398249 0.481921 1.91329 112218
/joint r_hand 2 0.429884 0.469812 1.70961 112234
/joint torso 2 0.477667 0.478418 1.89875 112234
/joint l_hip 2 0.496411 0.599523 1.90736 112234
/joint l_knee 2 0.526741 0.818446 1.86016 112235
/joint r_hip 2 0.422865 0.574251 1.9412 112251
/joint r_knee 2 0.440975 0.783 1.82127 112251
/user/1 0.815550 0 1.6358 0 0 112251
/joint head 2 0.511168 0.262197 1.83904 112251
/joint neck 2 0.494766 0.371521 1.87372 112268
/joint l_shoulder 2 0.559618 0.393604 1.844 112268
/joint l_elbow 2 0.562222 0.542054 1.7014 112268
/joint l_hand 2 0.535431 0.613142 1.49874 112268
/joint r_shoulder 2 0.429913 0.349438 1.90344 112285
/joint r_elbow 2 0.398342 0.482108 1.91252 112285
/joint r_hand 2 0.430682 0.469452 1.70966 112285
/joint torso 2 0.47681 0.480098 1.89852 112285
/joint l_hip 2 0.495658 0.601206 1.90645 112302
/joint l_knee 2 0.526052 0.819668 1.85482 112302
/joint r_hip 2 0.422052 0.576142 1.94019 112302
/joint r_knee 2 0.441022 0.782704 1.81251 112302
/user/1 0.816197 0 1.62573 0 0 112302
/joint head 2 0.51044 0.26196 1.84462 112320
/joint neck 2 0.494511 0.372238 1.87562 112320
/joint l_shoulder 2 0.55965 0.393121 1.84649 112320
/joint l_elbow 2 0.562365 0.543159 1.70108 112320
/joint l_hand 2 0.536404 0.612017 1.50246 112337
/joint r_shoulder 2 0.429373 0.351355 1.90474 112337
/joint r_elbow 2 0.39527 0.484809 1.90979 112337
/joint r_hand 2 0.431065 0.46844 1.70966 112337
/joint torso 2 0.477287 0.481289 1.89746 112353
/joint l_hip 2 0.497033 0.602193 1.90277 112353
/joint l_knee 2 0.529453 0.820174 1.85151 112353
/joint r_hip 2 0.423092 0.578488 1.93583 112353
/joint r_knee 2 0.445007 0.783491 1.80444 112369
/user/1 0.816349 0 1.61887 0 0 112370
/joint head 2 0.508749 0.260315 1.84741 112370
/joint neck 2 0.493287 0.371363 1.87628 112370
/joint l_shoulder 2 0.558704 0.391132 1.84794 112386
/joint l_elbow 2 0.563802 0.544492 1.69898 112386
/joint l_hand 2 0.538109 0.612422 1.50256 112386
/joint r_shoulder 2 0.427869 0.351595 1.90462 112386
/joint r_elbow 2 0.394903 0.488242 1.90804 112402
/joint r_hand 2 0.430866 0.469194 1.7071 112402
/joint torso 2 0.476855 0.480789 1.89631 112402
/joint l_hip 2 0.497551 0.601433 1.90025 112402
/joint l_knee 2 0.528262 0.819911 1.84953 112420
/joint r_hip 2 0.423296 0.578994 1.93242 112420
/joint r_knee 2 0.44469 0.784696 1.80316 112420
/user/1 0.816563 0 1.60536 0 0 112420
/joint head 2 0.507404 0.260977 1.84997 112420
/joint neck 2 0.492786 0.37185 1.87723 112435
/joint l_shoulder 2 0.558478 0.39062 1.84993 112436
/joint l_elbow 2 0.564129 0.543597 1.69989 112436
/joint l_hand 2 0.542587 0.614706 1.50556 112436
/joint r_shoulder 2 0.427093 0.35308 1.90453 112452
/joint r_elbow 2 0.393742 0.488395 1.90364 112452
/joint r_hand 2 0.43051 0.469858 1.70409 112452
/joint torso 2 0.477112 0.48157 1.8961 112452
/joint l_hip 2 0.498721 0.601942 1.89948 112469
/joint l_knee 2 0.529297 0.820544 1.84964 112469
/joint r_hip 2 0.424156 0.580637 1.93046 112469
/joint r_knee 2 0.44569 0.787714 1.80634 112469
/user/1 0.816417 0 1.60349 0 0 112486
/joint head 2 0.505954 0.262238 1.84461 112486
/joint neck 2 0.492126 0.372933 1.87558 112486
/joint l_shoulder 2 0.558 0.391163 1.84919 112486
/joint l_elbow 2 0.567412 0.544457 1.70113 112502
/joint l_hand 2 0.54857 0.617848 1.50677 112502
/joint r_shoulder 2 0.426252 0.354702 1.90196 112502
/joint r_elbow 2 0.392374 0.491067 1.90103 112502
/joint r_hand 2 0.431895 0.468079 1.70503 112502
/joint torso 2 0.477149 0.482651 1.89657 112519
/joint l_hip 2 0.499555 0.602716 1.9026 112519
/joint l_knee 2 0.529046 0.821571 1.85265 112519
/joint r_hip 2 0.424788 0.582024 1.93255 112519
/joint r_knee 2 0.446461 0.788274 1.80546 112536
/user/1 0.814387 0 1.60902 0 0 112536
/joint head 2 0.504911 0.262698 1.84192 112536
/joint neck 2 0.491453 0.373234 1.87524 112536
/joint l_shoulder 2 0.557381 0.391252 1.84902 112553
/joint l_elbow 2 0.569641 0.545145 1.70486 112553
/joint l_hand 2 0.552276 0.620026 1.51073 112553
/joint r_shoulder 2 0.425525 0.355217 1.90146 112553
/joint r_elbow 2 0.390911 0.489545 1.89934 112569
/joint r_hand 2 0.432599 0.466997 1.70567 112570
/joint torso 2 0.476821 0.482917 1.89766 112570
/joint l_hip 2 0.499602 0.602825 1.9052 112570
/joint l_knee 2 0.5288 0.82119 1.85001 112586
/joint r_hip 2 0.424776 0.582376 1.93496 112586
/joint r_knee 2 0.446839 0.78686 1.80186 112586
/user/1 0.813978 0 1.61397 0 0 112587
/joint head 2 0.5036 0.261647 1.84097 112587
/joint neck 2 0.490929 0.372868 1.87519 112603
/joint l_shoulder 2 0.557016 0.39031 1.84971 112603
/joint l_elbow 2 0.574272 0.542882 1.71923 112603
/joint l_hand 2 0.55803 0.617596 1.52377 112604
/joint r_shoulder 2 0.424841 0.355426 1.90067 112619
/joint r_elbow 2 0.39096 0.490607 1.89576 112619
/joint r_hand 2 0.433251 0.46702 1.70418 112620
/joint torso 2 0.476806 0.482661 1.89778 112620
/joint l_hip 2 0.50019 0.602352 1.90591 112636
/joint l_knee 2 0.530245 0.819757 1.84439 112636
/joint r_hip 2 0.425177 0.582555 1.93483 112636
/joint r_knee 2 0.448385 0.784447 1.79384 112636
/user/1 0.814722 0 1.61244 0 0 112652
/joint head 2 0.50292 0.26047 1.84597 112652
/joint neck 2 0.490853 0.372159 1.8766 112652
/joint l_shoulder 2 0.557125 0.388512 1.85144 112652
/joint l_elbow 2 0.57952 0.542011 1.73109 112670
/joint l_hand 2 0.562121 0.617077 1.53429 112670
/joint r_shoulder 2 0.424581 0.355805 1.90175 112670
/joint r_elbow 2 0.3906 0.493224 1.89516 112670
/joint r_hand 2 0.433625 0.467048 1.70341 112687
/joint torso 2 0.477417 0.482343 1.89618 112687
/joint l_hip 2 0.501593 0.601809 1.90148 112687
/joint l_knee 2 0.530356 0.819456 1.83942 112687
/joint r_hip 2 0.426368 0.583246 1.93003 112687
/joint r_knee 2 0.448762 0.785374 1.78927 112703
/user/1 0.813605 0 1.61153 0 0 112703
/joint head 2 0.50169 0.25907 1.84925 112703
/joint neck 2 0.490119 0.371247 1.87798 112704
/joint l_shoulder 2 0.556516 0.386865 1.85308 112720
/joint l_elbow 2 0.584096 0.541054 1.74172 112720
/joint l_hand 2 0.566223 0.617897 1.54859 112720
/joint r_shoulder 2 0.423721 0.35563 1.90288 112720
/joint r_elbow 2 0.390417 0.495833 1.89251 112736
/joint r_hand 2 0.433883 0.466726 1.70243 112736
/joint torso 2 0.477197 0.481667 1.89597 112736
/joint l_hip 2 0.501956 0.60095 1.89984 112736
/joint l_knee 2 0.529193 0.819465 1.84203 112752
/joint r_hip 2 0.426593 0.583224 1.9281 112752
/joint r_knee 2 0.446904 0.786814 1.79087 112753
/user/1 0.808942 0 1.62226 0 0 112753
/joint head 2 0.500698 0.259207 1.85128 112768
/joint neck 2 0.48923 0.371201 1.87923 112768
/joint l_shoulder 2 0.555515 0.386636 1.85293 112768
/joint l_elbow 2 0.588333 0.539019 1.75601 112768
/joint l_hand 2 0.57155 0.620969 1.5689 112785
/joint r_shoulder 2 0.422944 0.355766 1.90554 112785
/joint r_elbow 2 0.391105 0.496351 1.8947 112785
/joint r_hand 2 0.434075 0.466804 1.70198 112785
/joint torso 2 0.476419 0.481735 1.89605 112802
/joint l_hip 2 0.501228 0.601029 1.89793 112802
/joint l_knee 2 0.528493 0.819017 1.83586 112802
/joint r_hip 2 0.42599 0.583509 1.92778 112802
/joint r_knee 2 0.446557 0.786632 1.78915 112802
/user/1 0.811461 0 1.61569 0 0 112819
/joint head 2 0.499096 0.258487 1.85737 112819
/joint neck 2 0.487957 0.37049 1.88181 112819
/joint l_shoulder 2 0.554194 0.385577 1.85457 112819
/joint l_elbow 2 0.590449 0.539305 1.77058 112836
/joint l_hand 2 0.575702 0.628358 1.5932 112836
/joint r_shoulder 2 0.42172 0.355402 1.90905 112836
/joint r_elbow 2 0.389494 0.496346 1.89658 112836
/joint r_hand 2 0.433918 0.466436 1.70333 112853
/joint torso 2 0.47517 0.48121 1.89542 112853
/joint l_hip 2 0.499973 0.600493 1.89357 112853
/joint l_knee 2 0.528462 0.81849 1.83382 112853
/joint r_hip 2 0.424792 0.583368 1.92449 112870
/joint r_knee 2 0.446667 0.78537 1.78301 112870
/user/1 0.813621 0 1.61541 0 0 112870
/joint head 2 0.497553 0.25695 1.86042 112870
/joint neck 2 0.486538 0.369062 1.8833 112870
/joint l_shoulder 2 0.552829 0.38382 1.85616 112887
/joint l_elbow 2 0.593662 0.542047 1.78217 112887
/joint l_hand 2 0.580378 0.639906 1.61674 112887
/joint r_shoulder 2 0.420248 0.354304 1.91045 112887
/joint r_elbow 2 0.39045 0.497133 1.89283 112904
/joint r_hand 2 0.434975 0.468118 1.69952 112904
/joint torso 2 0.473888 0.479901 1.89531 112904
/joint l_hip 2 0.498857 0.599115 1.89192 112904
/joint l_knee 2 0.529504 0.817379 1.83902 112921
/joint r_hip 2 0.423617 0.582365 1.92273 112921
/joint r_knee 2 0.448134 0.785158 1.78559 112921
/user/1 0.816911 0 1.61329 0 0 112921
/joint head 2 0.496668 0.257247 1.85607 112938
/joint neck 2 0.485501 0.369223 1.88191 112938
/joint l_shoulder 2 0.551799 0.383826 1.85463 112938
/joint l_elbow 2 0.594486 0.543679 1.80006 112938
/joint l_hand 2 0.584437 0.650213 1.64296 112938
/joint r_shoulder 2 0.419202 0.354621 1.90918 112954
/joint r_elbow 2 0.388973 0.498047 1.89016 112954
/joint r_hand 2 0.437021 0.466313 1.7041 112954
/joint torso 2 0.473147 0.480056 1.8953 112954
/joint l_hip 2 0.498419 0.599176 1.89322 112971
/joint l_knee 2 0.531515 0.816562 1.83813 112971
/joint r_hip 2 0.423169 0.582602 1.92418 112971
/joint r_knee 2 0.449782 0.785777 1.7899 112971
/user/1 0.817579 0 1.61159 0 0 112987
/joint head 2 0.494642 0.257841 1.85429 112987
/joint neck 2 0.48381 0.370017 1.88129 112987
/joint l_shoulder 2 0.550084 0.384475 1.85361 112987
/joint l_elbow 2 0.595678 0.544233 1.81799 113003
/joint l_hand 2 0.589168 0.660519 1.67259 113003
/joint r_shoulder 2 0.417535 0.355559 1.90898 113003
/joint r_elbow 2 0.391164 0.496943 1.8857 113003
/joint r_hand 2 0.440113 0.466475 1.70355 113020
/joint torso 2 0.471684 0.480859 1.89543 113020
/joint l_hip 2 0.497171 0.599906 1.89386 113020
/joint l_knee 2 0.530559 0.816309 1.83128 113020
/joint r_hip 2 0.421947 0.583496 1.92528 113037
/joint r_knee 2 0.449711 0.785455 1.78785 113037
/user/1 0.816903 0 1.61559 0 0 113037
/joint head 2 0.492984 0.257386 1.85888 113037
/joint neck 2 0.482637 0.370241 1.88263 113053
/joint l_shoulder 2 0.549076 0.383719 1.85545 113053
/joint l_elbow 2 0.595888 0.544509 1.83594 113053
/joint l_hand 2 0.590621 0.669614 1.70217 113053
/joint r_shoulder 2 0.416199 0.356763 1.9098 113070
/joint r_elbow 2 0.390898 0.496392 1.88036 113070
/joint r_hand 2 0.444066 0.46705 1.70273 113070
/joint torso 2 0.471133 0.481325 1.89408 113070
/joint l_hip 2 0.497337 0.600058 1.89012 113070
/joint l_knee 2 0.53185 0.81593 1.82587 113087
/joint r_hip 2 0.421921 0.584759 1.92096 113087
/joint r_knee 2 0.453873 0.782679 1.77426 113087
/user/1 0.816374 0 1.61587 0 0 113087
/joint head 2 0.490733 0.256493 1.86469 113104
/joint neck 2 0.481428 0.369686 1.88494 113104
/joint l_shoulder 2 0.548061 0.381992 1.85847 113104
/joint l_elbow 2 0.595797 0.543865 1.85586 113104
/joint l_hand 2 0.59168 0.676471 1.72912 113121
/joint r_shoulder 2 0.414795 0.35738 1.91141 113121
/joint r_elbow 2 0.390959 0.496377 1.88239 113121
/joint r_hand 2 0.446407 0.468423 1.70596 113121
/joint torso 2 0.470796 0.481006 1.89433 113138
/joint l_hip 2 0.497982 0.599311 1.88868 113138
/joint l_knee 2 0.533258 0.815435 1.82811 113138
/joint r_hip 2 0.422346 0.585343 1.91874 113138
/joint r_knee 2 0.456007 0.783013 1.77281 113138
/user/1 0.817147 0 1.62388 0 0 113155
/joint head 2 0.490098 0.255942 1.8645 113155
/joint neck 2 0.48137 0.368373 1.88464 113155
/joint l_shoulder 2 0.548531 0.379712 1.8637 113155
/joint l_elbow 2 0.593804 0.545105 1.87327 113171
/joint l_hand 2 0.590679 0.684653 1.75153 113171
/joint r_shoulder 2 0.414208 0.357034 1.90558 113171
/joint r_elbow 2 0.390603 0.496891 1.88185 113171
/joint r_hand 2 0.449119 0.469099 1.70786 113187
/joint torso 2 0.471462 0.479844 1.89335 113187
/joint l_hip 2 0.499702 0.597756 1.89017 113187
/joint l_knee 2 0.533987 0.814748 1.8345 113187
/joint r_hip 2 0.423407 0.584875 1.91395 113204
/joint r_knee 2 0.457553 0.780923 1.76361 113204
/user/1 0.817197 0 1.61837 0 0 113204
/joint head 2 0.488611 0.255906 1.86441 113204
/joint neck 2 0.480923 0.368289 1.88412 113221
/joint l_shoulder 2 0.54852 0.378249 1.868 113221
/joint l_elbow 2 0.592029 0.547545 1.88511 113221
/joint l_hand 2 0.589824 0.690287 1.76789 113221
/joint r_shoulder 2 0.413327 0.358328 1.90023 113238
/joint r_elbow 2 0.391405 0.498193 1.87886 113238
/joint r_hand 2 0.452918 0.468743 1.70846 113238
/joint torso 2 0.472117 0.479958 1.89167 113238
/joint l_hip 2 0.501684 0.597282 1.89007 113238
/joint l_knee 2 0.53383 0.814352 1.83014 113255
/joint r_hip 2 0.424938 0.585973 1.90836 113255
/joint r_knee 2 0.457192 0.784888 1.76499 113255
/user/1 0.817369 0 1.61899 0 0 113255
/joint head 2 0.487381 0.255269 1.8702 113271
/joint neck 2 0.480795 0.368306 1.88529 113271
/joint l_shoulder 2 0.548634 0.376652 1.87083 113271
/joint l_elbow 2 0.589384 0.548503 1.89489 113271
/joint l_hand 2 0.589536 0.693869 1.78335 113288
/joint r_shoulder 2 0.412956 0.359961 1.89976 113288
/joint r_elbow 2 0.391612 0.50067 1.8758 113288
/joint r_hand 2 0.456177 0.469404 1.71122 113288
/joint torso 2 0.473278 0.480196 1.88952 113305
/joint l_hip 2 0.504247 0.596821 1.88555 113305
/joint l_knee 2 0.53556 0.813822 1.82335 113305
/joint r_hip 2 0.427275 0.587352 1.90196 113305
/joint r_knee 2 0.458223 0.785369 1.75469 113322
/user/1 0.817208 0 1.62909 0 0 113322
/joint head 2 0.486251 0.254624 1.87311 113322
/joint neck 2 0.480395 0.368126 1.88597 113322
/joint l_shoulder 2 0.548491 0.375269 1.87563 113322
/joint l_elbow 2 0.584742 0.550024 1.90099 113339
/joint l_hand 2 0.58745 0.698559 1.79513 113339
/joint r_shoulder 2 0.412299 0.360984 1.89632 113339
/joint r_elbow 2 0.3923 0.50269 1.87466 113339
/joint r_hand 2 0.45831 0.469691 1.71295 113355
/joint torso 2 0.473892 0.48016 1.88878 113355
/joint l_hip 2 0.506039 0.596247 1.88572 113355
/joint l_knee 2 0.534309 0.815267 1.83459 113355
/joint r_hip 2 0.428738 0.588139 1.89746 113372
/joint r_knee 2 0.456969 0.789104 1.75716 113372
/user/1 0.817261 0 1.62537 0 0 113372
/joint head 2 0.485416 0.254933 1.88003 113372
/joint neck 2 0.480336 0.368634 1.88761 113388
/joint l_shoulder 2 0.548602 0.37446 1.87984 113389
/joint l_elbow 2 0.582428 0.552078 1.90987 113389
/joint l_hand 2 0.584938 0.703146 1.80734 113389
/joint r_shoulder 2 0.41207 0.362809 1.89538 113405
/joint r_elbow 2 0.393238 0.503189 1.87175 113405
/joint r_hand 2 0.461293 0.46901 1.71521 113405
/joint torso 2 0.474925 0.480763 1.88659 113405
/joint l_hip 2 0.508248 0.596198 1.88116 113422
/joint l_knee 2 0.535026 0.815395 1.82855 113422
/joint r_hip 2 0.430778 0.589587 1.88998 113422
/joint r_knee 2 0.456152 0.792613 1.75424 113422
/user/1 0.815801 0 1.6256 0 0 113422
/joint head 2 0.484425 0.254127 1.88386 113438
/joint neck 2 0.479989 0.368104 1.88923 113438
/joint l_shoulder 2 0.548355 0.373178 1.88347 113438
/joint l_elbow 2 0.579325 0.538547 1.91873 113438
/joint l_hand 2 0.580369 0.689594 1.82411 113455
/joint r_shoulder 2 0.411623 0.36303 1.895 113455
/joint r_elbow 2 0.3935 0.503946 1.87105 113455
/joint r_hand 2 0.464662 0.468257 1.71831 113455
/joint torso 2 0.475247 0.480293 1.88648 113472
/joint l_hip 2 0.509295 0.59536 1.88045 113472
/joint l_knee 2 0.531739 0.816375 1.83777 113472
/joint r_hip 2 0.431715 0.589602 1.88699 113472
/joint r_knee 2 0.453597 0.795223 1.75777 113488
/user/1 0.817162 0 1.61977 0 0 113488
/joint head 2 0.483274 0.253688 1.88656 113488
/joint neck 2 0.479633 0.36784 1.89004 113488
/joint l_shoulder 2 0.548066 0.372094 1.88545 113505
/joint l_elbow 2 0.577631 0.530466 1.92507 113505
/joint l_hand 2 0.575781 0.680734 1.83174 113505
/joint r_shoulder 2 0.411201 0.363587 1.89463 113505
/joint r_elbow 2 0.393626 0.504061 1.86874 113520
/joint r_hand 2 0.468071 0.469219 1.72195 113520
/joint torso 2 0.475642 0.480076 1.88606 113520
/joint l_hip 2 0.510481 0.594725 1.87947 113520
/joint l_knee 2 0.533249 0.816028 1.84105 113536
/joint r_hip 2 0.432821 0.589898 1.88468 113536
/joint r_knee 2 0.454733 0.795062 1.75386 113536
/user/1 0.817494 0 1.61048 0 0 113536
/joint head 2 0.483169 0.255519 1.88752 113553
/joint neck 2 0.479929 0.369503 1.88979 113553
/joint l_shoulder 2 0.548409 0.373223 1.88715 113553
/joint l_elbow 2 0.575499 0.526265 1.92925 113553
/joint l_hand 2 0.572528 0.675434 1.83401 113570
/joint r_shoulder 2 0.41145 0.365782 1.89243 113570
/joint r_elbow 2 0.38231 0.515231 1.88058 113570
/joint r_hand 2 0.459274 0.474381 1.73933 113570
/joint torso 2 0.476449 0.481756 1.88465 113570
/joint l_hip 2 0.512251 0.596143 1.87799 113587
/joint l_knee 2 0.531022 0.81871 1.84836 113587
/joint l_foot 2 0.531022 1.0349 1.84836 113587
/joint r_hip 2 0.433688 0.591875 1.88102 113587
/joint r_knee 2 0.453217 0.796337 1.74627 113605
/user/1 0.816923 0 1.60745 0 0 113605
/joint head 2 0.482822 0.256591 1.88766 113605
/joint neck 2 0.480528 0.370574 1.88962 113605
/joint l_shoulder 2 0.548857 0.373352 1.89546 113621
/joint l_elbow 2 0.571665 0.524827 1.93418 113621
/joint l_hand 2 0.570408 0.672274 1.83398 113621
/joint r_shoulder 2 0.412198 0.367796 1.88377 113621
/joint r_elbow 2 0.376718 0.522425 1.88699 113638
/joint r_hand 2 0.455025 0.478023 1.74914 113638
/joint torso 2 0.478083 0.482862 1.88382 113638
/joint l_hip 2 0.514694 0.596737 1.88137 113638
/joint l_knee 2 0.535293 0.818206 1.8403 113654
/joint r_hip 2 0.436585 0.593561 1.87469 113654
/joint r_knee 2 0.455018 0.7987 1.74165 113654
/user/1 0.817760 0 1.60723 0 0 113654
/joint head 2 0.482195 0.256637 1.8873 113654
/joint neck 2 0.48059 0.370608 1.88903 113670
/joint l_shoulder 2 0.548847 0.372868 1.89909 113670
/joint l_elbow 2 0.570779 0.524792 1.93457 113670
/joint l_hand 2 0.568364 0.671521 1.83247 113670
/joint r_shoulder 2 0.412334 0.368349 1.87896 113687
/joint r_elbow 2 0.373831 0.526729 1.89195 113687
/joint r_hand 2 0.452804 0.481192 1.75528 113687
/joint torso 2 0.478723 0.482915 1.88296 113687
/joint l_hip 2 0.515667 0.596507 1.88262 113703
/joint l_knee 2 0.533337 0.817876 1.83534 113703
/joint r_hip 2 0.438043 0.593938 1.87118 113703
/joint r_knee 2 0.451524 0.802119 1.74667 113703
/user/1 0.817889 0 1.60962 0 0 113720
/joint head 2 0.482036 0.255716 1.88749 113720
/joint neck 2 0.481064 0.369932 1.88951 113720
/joint l_shoulder 2 0.549295 0.37186 1.90149 113720
/joint l_elbow 2 0.570258 0.524809 1.93415 113737
/joint l_hand 2 0.56743 0.670365 1.82857 113737
/joint r_shoulder 2 0.412834 0.368003 1.87753 113737
/joint r_elbow 2 0.372444 0.528986 1.89458 113737
/joint r_hand 2 0.452603 0.483552 1.76003 113753
/joint torso 2 0.479561 0.482244 1.88309 113753
/joint l_hip 2 0.5168 0.595652 1.88347 113753
/joint l_knee 2 0.533537 0.8169 1.83363 113753
/joint r_hip 2 0.439314 0.593462 1.86986 113770
/joint r_knee 2 0.450637 0.804125 1.7542 113770
/user/1 0.817933 0 1.61086 0 0 113770
/joint head 2 0.482017 0.254346 1.88759 113770
/joint neck 2 0.481131 0.368571 1.88987 113770
/joint l_shoulder 2 0.549327 0.370111 1.90328 113787
/joint l_elbow 2 0.571138 0.523511 1.9335 113787
/joint l_hand 2 0.566381 0.669043 1.82822 113787
/joint r_shoulder 2 0.412936 0.367031 1.87646 113787
/joint r_elbow 2 0.371833 0.530024 1.89556 113804
/joint r_hand 2 0.452568 0.484698 1.762 113804
/joint torso 2 0.479998 0.480904 1.88389 113804
/joint l_hip 2 0.517576 0.594112 1.88552 113804
/joint l_knee 2 0.532414 0.815475 1.83444 113821
/joint r_hip 2 0.440154 0.592363 1.8703 113821
/joint r_knee 2 0.449445 0.80328 1.75495 113821
/user/1 0.816872 0 1.61606 0 0 113821
/joint head 2 0.482368 0.253984 1.88803 113838
/joint neck 2 0.48184 0.3683 1.89001 113838
/joint l_shoulder 2 0.549944 0.369559 1.9054 113838
/joint l_elbow 2 0.573034 0.523532 1.92856 113838
/joint l_hand 2 0.565777 0.669433 1.82513 113838
/joint r_shoulder 2 0.413736 0.367042 1.87462 113854
/joint r_elbow 2 0.371445 0.530453 1.8961 113854
/joint r_hand 2 0.452909 0.485813 1.76363 113854
/joint torso 2 0.48102 0.480636 1.88385 113854
/joint l_hip 2 0.518857 0.593686 1.88643 113871
/joint l_knee 2 0.532683 0.814592 1.83005 113871
/joint r_hip 2 0.441544 0.592257 1.86896 113871
/joint r_knee 2 0.449092 0.80307 1.75268 113871
/user/1 0.813399 0 1.62362 0 0 113887
/joint head 2 0.482319 0.253448 1.88746 113887
/joint neck 2 0.481917 0.367593 1.88976 113887
/joint l_shoulder 2 0.549955 0.368544 1.90646 113887
/joint l_elbow 2 0.574771 0.524242 1.92682 113904
/joint l_hand 2 0.567142 0.669497 1.82141 113904
/joint r_shoulder 2 0.413878 0.366642 1.87307 113904
/joint r_elbow 2 0.371259 0.530574 1.89621 113904
/joint r_hand 2 0.453134 0.485672 1.76487 113920
/joint torso 2 0.481396 0.479939 1.88386 113920
/joint l_hip 2 0.519489 0.592824 1.88743 113920
/joint l_knee 2 0.532012 0.813809 1.83052 113920
/joint r_hip 2 0.44226 0.591744 1.86847 113937
/joint r_knee 2 0.444762 0.803408 1.75483 113937
/user/1 0.812960 0 1.62492 0 0 113937
/joint head 2 0.481918 0.254634 1.88171 113937
/joint neck 2 0.481711 0.368604 1.88663 113953
/joint l_shoulder 2 0.549477 0.369321 1.90706 113953
/joint l_elbow 2 0.575642 0.524029 1.9248 113953
/joint l_hand 2 0.569097 0.668515 1.81676 113953
/joint r_shoulder 2 0.413944 0.367888 1.86619 113970
/joint r_elbow 2 0.371014 0.530378 1.89624 113970
/joint r_hand 2 0.453147 0.485863 1.76521 113970
/joint torso 2 0.481363 0.48098 1.88237 113970
/joint l_hip 2 0.519487 0.593762 1.88972 113970
/joint l_knee 2 0.529552 0.81502 1.83324 113987
/joint r_hip 2 0.442543 0.592949 1.86652 113987
/joint r_knee 2 0.444179 0.805319 1.75581 113987
/user/1 0.814952 0 1.62529 0 0 113987
/joint head 2 0.482191 0.254403 1.88431 114003
/joint neck 2 0.481868 0.368494 1.88757 114003
/joint l_shoulder 2 0.549683 0.369578 1.90753 114003
/joint l_elbow 2 0.576885 0.534154 1.91866 114003
/joint l_hand 2 0.570858 0.678313 1.80593 114019
/joint r_shoulder 2 0.414053 0.367409 1.86761 114019
/joint r_elbow 2 0.37139 0.530178 1.89559 114019
/joint r_hand 2 0.45368 0.484895 1.76552 114019
/joint torso 2 0.481245 0.480849 1.8823 114036
/joint l_hip 2 0.519101 0.59382 1.88836 114036
/joint l_knee 2 0.53 0.814299 1.82596 114036
/joint r_hip 2 0.442143 0.592589 1.86571 114036
/joint r_knee 2 0.441127 0.805532 1.75748 114053
/user/1 0.813577 0 1.63018 0 0 114053
/joint head 2 0.482268 0.254819 1.87974 114053
/joint neck 2 0.481839 0.368953 1.88575 114053
/joint l_shoulder 2 0.549672 0.369976 1.90559 114070
/joint l_elbow 2 0.57731 0.54416 1.91049 114070
/joint l_hand 2 0.570197 0.69079 1.79735 114070
/joint r_shoulder 2 0.414005 0.367931 1.86591 114070
/joint r_elbow 2 0.371621 0.530067 1.89527 114070
/joint r_hand 2 0.454114 0.484898 1.76561 114088
/joint torso 2 0.481146 0.481335 1.88218 114088
/joint l_hip 2 0.518947 0.594297 1.88988 114088
/joint l_knee 2 0.529941 0.815385 1.83261 114088
/joint r_hip 2 0.441961 0.593136 1.86736 114104
/joint r_knee 2 0.441298 0.806379 1.76046 114104
/user/1 0.808435 0 1.61895 0 0 114104
/joint head 2 0.482176 0.254602 1.88332 114104
/joint neck 2 0.481711 0.368715 1.88735 114121
/joint l_shoulder 2 0.549704 0.370035 1.9047 114121
/joint l_elbow 2 0.577907 0.547868 1.90486 114121
/joint l_hand 2 0.573134 0.695965 1.793 114121
/joint r_shoulder 2 0.413717 0.367396 1.86999 114138
/joint r_elbow 2 0.371606 0.530676 1.89705 114138
/joint r_hand 2 0.453561 0.485251 1.76624 114138
/joint torso 2 0.480801 0.481071 1.88239 114138
/joint l_hip 2 0.518483 0.594175 1.88728 114138
/joint l_knee 2 0.529191 0.814872 1.82651 114155
/joint r_hip 2 0.441298 0.592678 1.86758 114155
/joint r_knee 2 0.439807 0.805432 1.75854 114155
/user/1 0.810459 0 1.61591 0 0 114155
/joint head 2 0.482667 0.253923 1.8855 114172
/joint neck 2 0.482063 0.368262 1.88833 114172
/joint l_shoulder 2 0.55017 0.369737 1.9038 114172
/joint l_elbow 2 0.578403 0.54972 1.9036 114172
/joint l_hand 2 0.573696 0.696594 1.78715 114189
/joint r_shoulder 2 0.413956 0.366787 1.87285 114189
/joint r_elbow 2 0.371563 0.53043 1.89874 114189
/joint r_hand 2 0.453663 0.486736 1.76698 114189
/joint torso 2 0.481044 0.480591 1.88217 114205
/joint l_hip 2 0.518677 0.593757 1.88479 114205
/joint l_knee 2 0.52876 0.814278 1.82218 114205
/joint r_hip 2 0.441374 0.592083 1.86723 114205
/joint r_knee 2 0.442504 0.804947 1.75866 114221
/user/1 0.811588 0 1.61551 0 0 114221
/joint head 2 0.482889 0.254692 1.88698 114221
/joint neck 2 0.482179 0.368893 1.88836 114221
/joint l_shoulder 2 0.550415 0.370423 1.90125 114238
/joint l_elbow 2 0.579821 0.549345 1.90219 114238
/joint l_hand 2 0.574876 0.696062 1.78051 114238
/joint r_shoulder 2 0.413943 0.367363 1.87547 114238
/joint r_elbow 2 0.371449 0.529994 1.89953 114238
/joint r_hand 2 0.453325 0.486837 1.76681 114255
/joint torso 2 0.48111 0.48119 1.88102 114255
/joint l_hip 2 0.518769 0.594356 1.88099 114255
/joint l_knee 2 0.526387 0.815411 1.82129 114255
/joint r_hip 2 0.441312 0.592619 1.86636 114272
/joint r_knee 2 0.442058 0.80544 1.75758 114272
/user/1 0.811963 0 1.61365 0 0 114272
/joint head 2 0.482344 0.253982 1.88733 114272
/joint neck 2 0.481554 0.368103 1.88837 114289
/joint l_shoulder 2 0.549876 0.369496 1.8994 114289
/joint l_elbow 2 0.579167 0.550715 1.89797 114289
/joint l_hand 2 0.575511 0.697626 1.77893 114289
/joint r_shoulder 2 0.413232 0.36671 1.87734 114306
/joint r_elbow 2 0.371266 0.529669 1.89901 114306
/joint r_hand 2 0.453469 0.486697 1.76695 114306
/joint torso 2 0.480571 0.480399 1.88083 114306
/joint l_hip 2 0.51836 0.593485 1.87956 114306
/joint l_knee 2 0.524743 0.814851 1.8219 114323
/joint r_hip 2 0.440814 0.591905 1.86704 114323
/joint r_knee 2 0.439391 0.805628 1.76235 114323
/user/1 0.812551 0 1.61579 0 0 114323
/joint head 2 0.482141 0.253527 1.88712 114340
/joint neck 2 0.481331 0.367821 1.88862 114340
/joint l_shoulder 2 0.549669 0.369121 1.89948 114340
/joint l_elbow 2 0.580001 0.551123 1.89701 114340
/joint l_hand 2 0.57625 0.699461 1.77928 114357
/joint r_shoulder 2 0.412993 0.36652 1.87776 114357
/joint r_elbow 2 0.371306 0.529653 1.89974 114357
/joint r_hand 2 0.45342 0.486741 1.76741 114357
/joint torso 2 0.480431 0.480118 1.88103 114373
/joint l_hip 2 0.51831 0.593152 1.87959 114373
/joint l_knee 2 0.524796 0.814905 1.82543 114373
/joint r_hip 2 0.440752 0.591677 1.86727 114373
/joint r_knee 2 0.439162 0.805422 1.76269 114390
/user/1 0.810635 0 1.62566 0 0 114390
/joint head 2 0.482467 0.253679 1.88739 114390
/joint neck 2 0.481823 0.368025 1.88927 114390
/joint l_shoulder 2 0.550159 0.369294 1.90027 114390
/joint l_elbow 2 0.580221 0.55055 1.89777 114407
/joint l_hand 2 0.57773 0.700732 1.78382 114407
/joint r_shoulder 2 0.413486 0.366757 1.87826 114407
/joint r_elbow 2 0.37146 0.529684 1.89971 114407
/joint r_hand 2 0.453522 0.486677 1.76732 114423
/joint torso 2 0.480954 0.480325 1.8817 114423
/joint l_hip 2 0.518867 0.593344 1.88038 114423
/joint l_knee 2 0.523664 0.814614 1.8213 114423
/joint r_hip 2 0.441306 0.591904 1.86789 114441
/joint r_knee 2 0.439664 0.805704 1.76356 114441
/user/1 0.822649 0 1.6336 0 0 114441
/joint head 2 0.482444 0.25387 1.88751 114441
/joint neck 2 0.481707 0.368151 1.88973 114458
/joint l_shoulder 2 0.550038 0.369315 1.90094 114458
/joint l_elbow 2 0.579365 0.550531 1.8977 114458
/joint l_hand 2 0.577568 0.70114 1.78722 114458
/joint r_shoulder 2 0.413376 0.366988 1.87851 114458
/joint r_elbow 2 0.370584 0.530076 1.90479 114476
/joint r_hand 2 0.452493 0.487912 1.77142 114476
/joint torso 2 0.48092 0.480467 1.88268 114476
/joint l_hip 2 0.518912 0.593442 1.882 114476
/joint l_knee 2 0.523547 0.814777 1.82342 114492
/joint r_hip 2 0.441355 0.592121 1.86927 114492
/joint r_knee 2 0.437833 0.806613 1.76838 114492
/user/1 0.825146 0 1.62884 0 0 114492
/joint head 2 0.482731 0.254148 1.88134 114510
/joint neck 2 0.481943 0.368495 1.88715 114510
/joint l_shoulder 2 0.550174 0.36966 1.90045 114510
/joint l_elbow 2 0.579515 0.553402 1.89572 114510
/joint l_hand 2 0.576996 0.704765 1.78822 114510
/joint r_shoulder 2 0.413713 0.36733 1.87385 114526
/joint r_elbow 2 0.369878 0.530001 1.90902 114526
/joint r_hand 2 0.451026 0.48861 1.77329 114526
/joint torso 2 0.481074 0.480856 1.88285 114526
/joint l_hip 2 0.518931 0.593879 1.8861 114543
/joint l_knee 2 0.523568 0.814799 1.8241 114543
/joint r_hip 2 0.441478 0.592556 1.871 114543
/joint r_knee 2 0.437998 0.806548 1.76774 114543
/user/1 0.828351 0 1.62815 0 0 114560
/joint head 2 0.48253 0.253771 1.88412 114560
/joint neck 2 0.482094 0.368229 1.88772 114560
/joint l_shoulder 2 0.55018 0.369196 1.90361 114560
/joint l_elbow 2 0.579411 0.552997 1.89787 114577
/joint l_hand 2 0.576895 0.704059 1.79021 114577
/joint r_shoulder 2 0.414009 0.367263 1.87183 114577
/joint r_elbow 2 0.369791 0.530229 1.91198 114577
/joint r_hand 2 0.449878 0.488564 1.77396 114593
/joint torso 2 0.481513 0.480577 1.8823 114593
/joint l_hip 2 0.519576 0.593473 1.88591 114593
/joint l_knee 2 0.524338 0.813819 1.8195 114593
/joint r_hip 2 0.442287 0.592376 1.86787 114609
/joint r_knee 2 0.438329 0.804914 1.75813 114609
/user/1 0.828018 0 1.62981 0 0 114610
/joint head 2 0.482561 0.253316 1.88551 114610
/joint neck 2 0.482246 0.367516 1.88824 114610
/joint l_shoulder 2 0.550269 0.368311 1.90528 114626
/joint l_elbow 2 0.578963 0.55332 1.89973 114626
/joint l_hand 2 0.575902 0.70665 1.79728 114626
/joint r_shoulder 2 0.414223 0.36672 1.87119 114626
/joint r_elbow 2 0.37003 0.530816 1.91214 114643
/joint r_hand 2 0.44971 0.487376 1.7744 114643
/joint torso 2 0.48187 0.479862 1.88245 114643
/joint l_hip 2 0.520094 0.592659 1.88635 114643
/joint l_knee 2 0.523621 0.813136 1.82061 114659
/joint r_hip 2 0.442892 0.591756 1.867 114660
/joint r_knee 2 0.437032 0.807308 1.77178 114660
/user/1 0.829661 0 1.63066 0 0 114660
/joint head 2 0.48247 0.254131 1.88034 114676
/joint neck 2 0.48227 0.368293 1.88616 114676
/joint l_shoulder 2 0.55027 0.368837 1.90367 114676
/joint l_elbow 2 0.578737 0.552182 1.90025 114676
/joint l_hand 2 0.574966 0.702955 1.79256 114693
/joint r_shoulder 2 0.41427 0.367748 1.86866 114693
/joint r_elbow 2 0.370148 0.531106 1.91221 114693
/joint r_hand 2 0.449528 0.486856 1.77434 114693
/joint torso 2 0.481988 0.480674 1.88269 114710
/joint l_hip 2 0.520294 0.593364 1.88914 114710
/joint l_knee 2 0.524117 0.81396 1.82438 114710
/joint r_hip 2 0.443116 0.592746 1.86927 114710
/joint r_knee 2 0.436671 0.80834 1.77443 114710
/user/1 0.831325 0 1.62814 0 0 114727
/joint head 2 0.482569 0.254603 1.87775 114727
/joint neck 2 0.482341 0.368776 1.88573 114727
/joint l_shoulder 2 0.550378 0.369169 1.9027 114727
/joint l_elbow 2 0.57844 0.538374 1.91079 114743
/joint l_hand 2 0.575498 0.687487 1.80719 114743
/joint r_shoulder 2 0.414304 0.368384 1.86876 114743
/joint r_elbow 2 0.369742 0.53054 1.91274 114743
/joint r_hand 2 0.44909 0.486928 1.77433 114760
/joint torso 2 0.482103 0.481176 1.8837 114760
/joint l_hip 2 0.520476 0.593799 1.8913 114760
/joint l_knee 2 0.524326 0.813335 1.81889 114760
/joint r_hip 2 0.443253 0.593353 1.87204 114777
/joint r_knee 2 0.435709 0.807772 1.77168 114777
/user/1 0.831639 0 1.62804 0 0 114777
/joint head 2 0.483192 0.25525 1.87686 114777
/joint neck 2 0.483274 0.369452 1.88496 114795
/joint l_shoulder 2 0.551152 0.369637 1.90421 114795
/joint l_elbow 2 0.57752 0.531871 1.91514 114795
/joint l_hand 2 0.575058 0.680394 1.81439 114795
/joint r_shoulder 2 0.415397 0.369267 1.8657 114795
/joint r_elbow 2 0.370004 0.530951 1.91258 114811
/joint r_hand 2 0.449577 0.486952 1.77495 114811
/joint torso 2 0.483259 0.481856 1.88274 114811
/joint l_hip 2 0.52177 0.594364 1.89146 114811
/joint l_knee 2 0.524835 0.814261 1.8214 114827
/joint r_hip 2 0.444717 0.594154 1.8696 114827
/joint r_knee 2 0.439231 0.804612 1.75143 114827
/user/1 0.831388 0 1.62826 0 0 114827
/joint head 2 0.483053 0.255724 1.8768 114843
/joint neck 2 0.483378 0.3701 1.8852 114843
/joint l_shoulder 2 0.551167 0.370006 1.9057 114843
/joint l_elbow 2 0.577149 0.529262 1.91744 114843
/joint l_hand 2 0.573859 0.677735 1.8191 114860
/joint r_shoulder 2 0.415589 0.370193 1.8647 114860
/joint r_elbow 2 0.36991 0.530885 1.91124 114860
/joint r_hand 2 0.449939 0.487164 1.77448 114860
/joint torso 2 0.483629 0.482506 1.88303 114876
/joint l_hip 2 0.52235 0.594859 1.8925 114876
/joint l_knee 2 0.52547 0.814154 1.81834 114876
/joint r_hip 2 0.445409 0.594965 1.86924 114876
/joint r_knee 2 0.435664 0.807011 1.7588 114893
/user/1 0.831703 0 1.62961 0 0 114893
/joint head 2 0.483502 0.255845 1.87716 114893
/joint neck 2 0.483841 0.370075 1.88527 114893
/joint l_shoulder 2 0.551591 0.36987 1.90634 114910
/joint l_elbow 2 0.576852 0.538848 1.91537 114910
/joint l_hand 2 0.572367 0.686619 1.81348 114910
/joint r_shoulder 2 0.416092 0.37028 1.86421 114910
/joint r_elbow 2 0.370069 0.530292 1.91238 114910
/joint r_hand 2 0.450051 0.486602 1.77548 114927
/joint torso 2 0.484202 0.482482 1.88309 114927
/joint l_hip 2 0.523011 0.594772 1.89286 114927
/joint l_knee 2 0.527544 0.814407 1.82129 114927
/joint r_hip 2 0.446117 0.595005 1.86895 114945
/joint r_knee 2 0.434367 0.807119 1.75959 114945
/user/1 0.831837 0 1.62601 0 0 114945
/joint head 2 0.483362 0.256051 1.87695 114945
/joint neck 2 0.483783 0.370198 1.8852 114961
/joint l_shoulder 2 0.551395 0.369982 1.90793 114961
/joint l_elbow 2 0.577684 0.545205 1.91238 114961
/joint l_hand 2 0.57077 0.695604 1.81258 114961
/joint r_shoulder 2 0.416171 0.370414 1.86247 114961
/joint r_elbow 2 0.370297 0.530896 1.91236 114977
/joint r_hand 2 0.449925 0.486316 1.77528 114977
/joint torso 2 0.484183 0.482604 1.88284 114978
/joint l_hip 2 0.522956 0.594888 1.89339 114978
/joint l_knee 2 0.524882 0.814761 1.823 114994
/joint r_hip 2 0.44621 0.595133 1.86758 114994
/joint r_knee 2 0.433204 0.807654 1.7606 114994
/user/1 0.831393 0 1.62618 0 0 114994
/joint head 2 0.483623 0.256503 1.87685 115010
/joint neck 2 0.483989 0.370673 1.88504 115010
/joint l_shoulder 2 0.551672 0.370366 1.90694 115010
/joint l_elbow 2 0.577423 0.535049 1.91924 115010
/joint l_hand 2 0.571098 0.68411 1.82033 115027
/joint r_shoulder 2 0.416306 0.37098 1.86315 115027
/joint r_elbow 2 0.370226 0.53102 1.91231 115027
/joint r_hand 2 0.449881 0.486337 1.77537 115027
/joint torso 2 0.48451 0.483072 1.88214 115043
/joint l_hip 2 0.523442 0.595297 1.89167 115043
/joint l_knee 2 0.524957 0.815286 1.82206 115043
/joint r_hip 2 0.446621 0.595646 1.86681 115043
/joint r_knee 2 0.433259 0.808376 1.76095 115059
/user/1 0.830991 0 1.6264 0 0 115059
/joint head 2 0.483809 0.256322 1.87638 115059
/joint neck 2 0.484084 0.370672 1.88513 115059
/joint l_shoulder 2 0.551783 0.370283 1.90686 115077
/joint l_elbow 2 0.576503 0.530633 1.92186 115077
/joint l_hand 2 0.571985 0.678913 1.82276 115077
/joint r_shoulder 2 0.416384 0.371061 1.86341 115077
/joint r_elbow 2 0.369906 0.530621 1.9136 115093
/joint r_hand 2 0.449196 0.485401 1.77621 115093
/joint torso 2 0.484662 0.483074 1.88246 115093
/joint l_hip 2 0.52366 0.595255 1.89211 115093
/joint l_knee 2 0.523409 0.815253 1.82251 115110
/joint r_hip 2 0.446821 0.595697 1.86745 115110
/joint r_knee 2 0.432996 0.810049 1.76948 115110
/user/1 0.829906 0 1.62105 0 0 115110
/joint head 2 0.48511 0.255468 1.87577 115110
/joint neck 2 0.484851 0.3695 1.88554 115126
/joint l_shoulder 2 0.552581 0.369453 1.9069 115126
/joint l_elbow 2 0.576662 0.528442 1.92257 115126
/joint l_hand 2 0.573234 0.676569 1.82416 115127
/joint r_shoulder 2 0.417121 0.369547 1.86418 115143
/joint r_elbow 2 0.369733 0.530425 1.91435 115143
/joint r_hand 2 0.449403 0.486432 1.77695 115143
/joint torso 2 0.48501 0.48191 1.88407 115143
/joint l_hip 2 0.523607 0.594294 1.89473 115159
/joint l_knee 2 0.522854 0.813674 1.82088 115159
/joint r_hip 2 0.446732 0.594347 1.87049 115159
/joint r_knee 2 0.431021 0.809515 1.77782 115159
/user/1 0.829764 0 1.62317 0 0 115177
/joint head 2 0.484684 0.254673 1.88134 115177
/joint neck 2 0.484473 0.368739 1.88824 115177
/joint l_shoulder 2 0.552181 0.368706 1.90988 115177
/joint l_elbow 2 0.576023 0.52662 1.92307 115195
/joint l_hand 2 0.572743 0.674522 1.82454 115195
/joint r_shoulder 2 0.416765 0.368772 1.8666 115195
/joint r_elbow 2 0.369992 0.530155 1.91401 115195
/joint r_hand 2 0.450685 0.488181 1.77763 115195
/joint torso 2 0.48475 0.481131 1.88516 115211
/joint l_hip 2 0.523452 0.593505 1.89437 115211
/joint l_knee 2 0.523098 0.812713 1.81936 115211
/joint r_hip 2 0.4466 0.593542 1.8698 115211
/joint r_knee 2 0.432836 0.807983 1.77224 115229
/user/1 0.829883 0 1.62501 0 0 115229
/joint head 2 0.484735 0.253354 1.87864 115229
/joint neck 2 0.484359 0.367307 1.88794 115229
/joint l_shoulder 2 0.552043 0.367266 1.90988 115245
/joint l_elbow 2 0.576336 0.525339 1.92357 115245
/joint l_hand 2 0.572149 0.672706 1.82374 115245
/joint r_shoulder 2 0.416675 0.367348 1.866 115245
/joint r_elbow 2 0.3701 0.529894 1.91385 115262
/joint r_hand 2 0.451131 0.488614 1.77777 115262
/joint torso 2 0.484513 0.479713 1.88652 115262
/joint l_hip 2 0.523079 0.592095 1.89754 115262
/joint l_knee 2 0.522546 0.810972 1.8204 115262
/joint r_hip 2 0.446254 0.592142 1.87264 115279
/joint r_knee 2 0.431512 0.806024 1.77291 115279
/user/1 0.825968 0 1.62626 0 0 115279
/joint head 2 0.485532 0.254215 1.8773 115279
/joint neck 2 0.485219 0.368196 1.88733 115296
/joint l_shoulder 2 0.552633 0.368093 1.91221 115296
/joint l_elbow 2 0.577812 0.535591 1.91843 115296
/joint l_hand 2 0.571534 0.683835 1.81575 115296
/joint r_shoulder 2 0.417806 0.368298 1.86244 115313
/joint r_elbow 2 0.370065 0.530513 1.91302 115313
/joint r_hand 2 0.451298 0.488103 1.7782 115313
/joint torso 2 0.485373 0.480608 1.88671 115313
/joint l_hip 2 0.523793 0.592962 1.90022 115329
/joint l_knee 2 0.522413 0.810974 1.81779 115329
/joint r_hip 2 0.447258 0.593079 1.87197 115329
/joint r_knee 2 0.434413 0.806635 1.76965 115329
/user/1 0.827307 0 1.62621 0 0 115329
/joint head 2 0.485632 0.254498 1.88249 115346
/joint neck 2 0.485122 0.368371 1.88968 115346
/joint l_shoulder 2 0.55248 0.368451 1.91523 115346
/joint l_elbow 2 0.578362 0.541751 1.91547 115346
/joint l_hand 2 0.571976 0.691253 1.81374 115363
/joint r_shoulder 2 0.417764 0.368291 1.86412 115363
/joint r_elbow 2 0.370003 0.530431 1.91395 115363
/joint r_hand 2 0.451448 0.489092 1.77889 115363
/joint torso 2 0.485335 0.480757 1.88663 115379
/joint l_hip 2 0.523772 0.593189 1.89809 115379
/joint l_knee 2 0.521851 0.810961 1.81429 115379
/joint r_hip 2 0.447325 0.593097 1.86909 115379
/joint r_knee 2 0.431666 0.806431 1.7673 115395
/user/1 0.827792 0 1.62646 0 0 115395
/joint head 2 0.485179 0.254843 1.87962 115395
/joint neck 2 0.484874 0.368976 1.8885 115395
/joint l_shoulder 2 0.552534 0.369038 1.91039 115411
/joint l_elbow 2 0.578447 0.549772 1.91164 115411
/joint l_hand 2 0.570563 0.699905 1.8053 115411
/joint r_shoulder 2 0.417215 0.368914 1.86662 115411
/joint r_elbow 2 0.370185 0.530194 1.91384 115428
/joint r_hand 2 0.451875 0.489406 1.77899 115428
/joint torso 2 0.484959 0.481378 1.88673 115428
/joint l_hip 2 0.523454 0.593816 1.89739 115428
/joint l_knee 2 0.521307 0.81215 1.81697 115445
/joint r_hip 2 0.446635 0.593745 1.87254 115445
/joint r_knee 2 0.430391 0.808713 1.7792 115445
/user/1 0.827327 0 1.62434 0 0 115445
/joint head 2 0.48523 0.254378 1.88365 115445
/joint neck 2 0.484688 0.368328 1.88994 115462
/joint l_shoulder 2 0.552536 0.368648 1.90939 115462
/joint l_elbow 2 0.578503 0.537841 1.92015 115462
/joint l_hand 2 0.572538 0.68609 1.81557 115462
/joint r_shoulder 2 0.416839 0.368008 1.87049 115478
/joint r_elbow 2 0.370603 0.530464 1.91258 115478
/joint r_hand 2 0.452169 0.488211 1.77845 115478
/joint torso 2 0.4846 0.480722 1.887 115478
/joint l_hip 2 0.523016 0.593297 1.8951 115495
/joint l_knee 2 0.522501 0.811915 1.81633 115495
/joint r_hip 2 0.446009 0.592934 1.87303 115495
/joint r_knee 2 0.432219 0.805638 1.76727 115495
/user/1 0.826928 0 1.62197 0 0 115513
/joint head 2 0.485447 0.254628 1.87941 115513
/joint neck 2 0.484704 0.368443 1.88798 115513
/joint l_shoulder 2 0.552408 0.368804 1.90943 115513
/joint l_elbow 2 0.578698 0.542625 1.91554 115529
/joint l_hand 2 0.573505 0.689554 1.80636 115529
/joint r_shoulder 2 0.417001 0.368082 1.86653 115529
/joint r_elbow 2 0.370537 0.530137 1.91307 115529
/joint r_hand 2 0.451843 0.487865 1.77831 115547
/joint torso 2 0.484465 0.480849 1.88674 115547
/joint l_hip 2 0.522646 0.593459 1.89768 115547
/joint l_knee 2 0.523566 0.812155 1.8194 115547
/joint r_hip 2 0.445806 0.593049 1.87333 115547
/joint r_knee 2 0.43445 0.805652 1.76597 115563
/user/1 0.827367 0 1.62213 0 0 115563
/joint head 2 0.485517 0.253742 1.88316 115563
/joint neck 2 0.484778 0.367524 1.8898 115563
/joint l_shoulder 2 0.552595 0.368126 1.90985 115580
/joint l_elbow 2 0.579189 0.547099 1.91363 115580
/joint l_hand 2 0.573806 0.693537 1.79829 115580
/joint r_shoulder 2 0.416962 0.366922 1.86976 115580
/joint r_elbow 2 0.370184 0.529622 1.91268 115597
/joint r_hand 2 0.451459 0.487377 1.77783 115597
/joint torso 2 0.484434 0.479915 1.88687 115597
/joint l_hip 2 0.522574 0.592647 1.89531 115597
/joint l_knee 2 0.525697 0.811145 1.81602 115597
/joint r_hip 2 0.445606 0.591964 1.87256 115614
/joint r_knee 2 0.434857 0.803807 1.76162 115614
/user/1 0.826719 0 1.6175 0 0 115614
/joint head 2 0.485539 0.255101 1.87955 115614
/joint neck 2 0.484743 0.368735 1.88804 115632
/joint l_shoulder 2 0.552523 0.369399 1.90866 115632
/joint l_elbow 2 0.579242 0.550895 1.90955 115632
/joint l_hand 2 0.574325 0.700894 1.80238 115632
/joint r_shoulder 2 0.416963 0.368071 1.86742 115648
/joint r_elbow 2 0.370346 0.529765 1.91318 115648
/joint r_hand 2 0.451015 0.486516 1.7776 115648
/joint torso 2 0.484268 0.481138 1.88613 115648
/joint l_hip 2 0.522257 0.593917 1.89593 115665
/joint l_knee 2 0.523925 0.812518 1.8171 115665
/joint r_hip 2 0.445331 0.593163 1.87253 115665
/joint r_knee 2 0.433593 0.806469 1.76851 115665
/user/1 0.829875 0 1.63 0 0 115665
/joint head 2 0.485508 0.255615 1.87815 115682
/joint neck 2 0.484669 0.369348 1.88756 115682
/joint l_shoulder 2 0.552666 0.370055 1.9048 115682
/joint l_elbow 2 0.578491 0.556435 1.90712 115682
/joint l_hand 2 0.57318 0.708766 1.80502 115699
/joint r_shoulder 2 0.416672 0.368641 1.87031 115699
/joint r_elbow 2 0.370378 0.529758 1.9135 115699
/joint r_hand 2 0.450703 0.486177 1.77733 115699
/joint torso 2 0.48411 0.481756 1.886 115716
/joint l_hip 2 0.522151 0.594565 1.89423 115716
/joint l_knee 2 0.522689 0.81322 1.81569 115716
/joint r_hip 2 0.444952 0.593762 1.87465 115716
/joint r_knee 2 0.433327 0.806283 1.76704 115732
/user/1 0.830004 0 1.63209 0 0 115732
/joint head 2 0.484879 0.255615 1.87744 115732
/joint neck 2 0.484167 0.36957 1.8871 115732
/joint l_shoulder 2 0.552122 0.370293 1.90518 115750
/joint l_elbow 2 0.578307 0.56051 1.90708 115750
/joint l_hand 2 0.572432 0.71387 1.80387 115750
/joint r_shoulder 2 0.416212 0.368846 1.86903 115750
/joint r_elbow 2 0.370014 0.53003 1.91424 115750
/joint r_hand 2 0.449807 0.48585 1.77726 115767
/joint torso 2 0.483575 0.481981 1.88588 115767
/joint l_hip 2 0.521543 0.594803 1.8949 115767
/joint l_knee 2 0.522087 0.813783 1.81842 115767
/joint r_hip 2 0.444424 0.593982 1.8744 115783
/joint r_knee 2 0.434823 0.806109 1.76426 115783
/user/1 0.829723 0 1.63201 0 0 115783
/joint head 2 0.484946 0.255072 1.8763 115783
/joint neck 2 0.484198 0.368847 1.8867 115801
/joint l_shoulder 2 0.552228 0.369604 1.90366 115801
/joint l_elbow 2 0.578218 0.562285 1.90587 115801
/joint l_hand 2 0.572061 0.716956 1.80506 115801
/joint r_shoulder 2 0.416167 0.36809 1.86974 115817
/joint r_elbow 2 0.369482 0.53052 1.91891 115817
/joint r_hand 2 0.448637 0.486594 1.78029 115818
/joint torso 2 0.483525 0.48126 1.88621 115818
/joint l_hip 2 0.521458 0.594102 1.89534 115818
/joint l_knee 2 0.522552 0.812943 1.81799 115833
/joint r_hip 2 0.444245 0.593243 1.87609 115833
/joint r_knee 2 0.434769 0.806264 1.76987 115833
/user/1 0.829879 0 1.6326 0 0 115834
/joint head 2 0.485489 0.25588 1.87652 115850
/joint neck 2 0.484476 0.36959 1.88662 115850
/joint l_shoulder 2 0.552378 0.370372 1.90549 115850
/joint l_elbow 2 0.577547 0.543894 1.91346 115850
/joint l_hand 2 0.574234 0.695378 1.81469 115867
/joint r_shoulder 2 0.416574 0.368809 1.86775 115867
/joint r_elbow 2 0.369909 0.530221 1.91637 115867
/joint r_hand 2 0.449359 0.486383 1.77835 115867
/joint torso 2 0.483822 0.482002 1.88556 115884
/joint l_hip 2 0.521705 0.594858 1.89521 115884
/joint l_knee 2 0.523533 0.813341 1.81567 115884
/joint r_hip 2 0.44463 0.593971 1.87379 115884
/joint r_knee 2 0.435809 0.806312 1.76432 115901
/user/1 0.830270 0 1.63468 0 0 115901
/joint head 2 0.485357 0.255147 1.88172 115901
/joint neck 2 0.484342 0.368694 1.88872 115901
/joint l_shoulder 2 0.55222 0.369589 1.90799 115901
/joint l_elbow 2 0.578423 0.544863 1.91221 115918
/joint l_hand 2 0.574746 0.694506 1.809 115918
/joint r_shoulder 2 0.416463 0.3678 1.86944 115918
/joint r_elbow 2 0.369743 0.530251 1.917 115918
/joint r_hand 2 0.449206 0.486112 1.77922 115935
/joint torso 2 0.483715 0.481086 1.8858 115935
/joint l_hip 2 0.521609 0.593985 1.89382 115935
/joint l_knee 2 0.52465 0.812134 1.81239 115935
/joint r_hip 2 0.444569 0.59297 1.87195 115952
/joint r_knee 2 0.436449 0.804148 1.75733 115952
/user/1 0.830835 0 1.63903 0 0 115953
/joint head 2 0.485282 0.254425 1.87844 115953
/joint neck 2 0.484418 0.367787 1.88728 115968
/joint l_shoulder 2 0.552228 0.368505 1.90753 115968
/joint l_elbow 2 0.578466 0.547434 1.91235 115968
/joint l_hand 2 0.574376 0.696026 1.80333 115968
/joint r_shoulder 2 0.416608 0.367068 1.86703 115985
/joint r_elbow 2 0.370132 0.530121 1.91539 115985
/joint r_hand 2 0.449576 0.485418 1.77797 115985
/joint torso 2 0.483835 0.480191 1.8861 115985
/joint l_hip 2 0.521736 0.593003 1.89642 116000
/joint l_knee 2 0.524634 0.812039 1.82051 116001
/joint r_hip 2 0.444769 0.592187 1.87344 116001
/joint r_knee 2 0.43563 0.804919 1.7658 116001
/user/1 0.831214 0 1.64042 0 0 116017
/joint head 2 0.485408 0.253742 1.8768 116017
/joint neck 2 0.484676 0.367353 1.88733 116017
/joint l_shoulder 2 0.552447 0.367867 1.90813 116017
/joint l_elbow 2 0.578682 0.548715 1.91243 116033
/joint l_hand 2 0.574185 0.697127 1.7996 116033
/joint r_shoulder 2 0.416905 0.366839 1.86653 116033
/joint r_elbow 2 0.370373 0.530083 1.91458 116033
/joint r_hand 2 0.450057 0.485624 1.77754 116033
/joint torso 2 0.484243 0.479764 1.88673 116050
/joint l_hip 2 0.52227 0.592467 1.89793 116050
/joint l_knee 2 0.526429 0.811018 1.81917 116050
/joint r_hip 2 0.445349 0.591884 1.87432 116050
/joint r_knee 2 0.435332 0.805404 1.77058 116067
/user/1 0.831970 0 1.64371 0 0 116067
/joint head 2 0.485312 0.253719 1.87637 116067
/joint neck 2 0.484667 0.36717 1.88721 116067
/joint l_shoulder 2 0.55246 0.367494 1.90775 116083
/joint l_elbow 2 0.579184 0.550396 1.91401 116083
/joint l_hand 2 0.573959 0.698221 1.79708 116083
/joint r_shoulder 2 0.416874 0.366846 1.86667 116083
/joint r_elbow 2 0.370783 0.530556 1.91293 116098
/joint r_hand 2 0.450856 0.486058 1.77683 116098
/joint torso 2 0.484352 0.479584 1.88738 116098
/joint l_hip 2 0.522511 0.592182 1.89921 116098
/joint l_knee 2 0.526545 0.810392 1.81832 116115
/joint r_hip 2 0.445564 0.591815 1.87589 116115
/joint r_knee 2 0.434017 0.804848 1.77054 116115
/user/1 0.833393 0 1.65043 0 0 116115
/joint head 2 0.485341 0.255039 1.87616 116132
/joint neck 2 0.484883 0.368473 1.88737 116132
/joint l_shoulder 2 0.552786 0.368595 1.90635 116132
/joint l_elbow 2 0.578457 0.554887 1.91286 116132
/joint l_hand 2 0.572137 0.703967 1.79659 116149
/joint r_shoulder 2 0.41698 0.368351 1.86839 116149
/joint r_elbow 2 0.369832 0.531006 1.91868 116149
/joint r_hand 2 0.449179 0.48678 1.78072 116149
/joint torso 2 0.484806 0.480889 1.88685 116149
/joint l_hip 2 0.523267 0.593373 1.89711 116166
/joint l_knee 2 0.524707 0.811361 1.81454 116166
/joint r_hip 2 0.44619 0.593235 1.87556 116166
/joint r_knee 2 0.433946 0.8061 1.76977 116166
/user/1 0.832613 0 1.648 0 0 116183
/joint head 2 0.485155 0.255991 1.87607 116183
/joint neck 2 0.484874 0.369292 1.88697 116183
/joint l_shoulder 2 0.55274 0.369357 1.9065 116183
/joint l_elbow 2 0.57829 0.558432 1.91035 116199
/joint l_hand 2 0.57041 0.708305 1.79528 116199
/joint r_shoulder 2 0.417008 0.369226 1.86743 116199
/joint r_elbow 2 0.369354 0.531377 1.92172 116199
/joint r_hand 2 0.4473 0.48682 1.78087 116215
/joint torso 2 0.484906 0.481705 1.88567 116215
/joint l_hip 2 0.523452 0.594155 1.89547 116215
/joint l_knee 2 0.523694 0.813116 1.81886 116215
/joint r_hip 2 0.446423 0.59408 1.8733 116232
/joint r_knee 2 0.432362 0.806582 1.76676 116232
/user/1 0.831277 0 1.63942 0 0 116232
/joint head 2 0.485425 0.256283 1.87641 116232
/joint neck 2 0.484908 0.369932 1.88613 116249
/joint l_shoulder 2 0.552636 0.370042 1.90744 116249
/joint l_elbow 2 0.577541 0.542852 1.91488 116249
/joint l_hand 2 0.57271 0.691509 1.80756 116249
/joint r_shoulder 2 0.417181 0.369822 1.86481 116249
/joint r_elbow 2 0.370055 0.530745 1.91765 116266
/joint r_hand 2 0.448157 0.485927 1.7773 116266
/joint torso 2 0.484971 0.482339 1.88402 116266
/joint l_hip 2 0.523474 0.594809 1.89401 116266
/joint l_knee 2 0.522844 0.813584 1.81622 116282
/joint r_hip 2 0.446594 0.594684 1.86982 116282
/joint r_knee 2 0.430599 0.808797 1.77199 116282
/user/1 0.828517 0 1.62574 0 0 116283
/joint head 2 0.48562 0.256067 1.87579 116299
/joint neck 2 0.485125 0.369587 1.88629 116299
/joint l_shoulder 2 0.552653 0.369553 1.90993 116299
/joint l_elbow 2 0.578024 0.544867 1.91486 116299
/joint l_hand 2 0.57386 0.692876 1.80655 116316
/joint r_shoulder 2 0.417597 0.369622 1.86266 116316
/joint r_elbow 2 0.370294 0.53047 1.91709 116316
/joint r_hand 2 0.449156 0.486072 1.77815 116316
/joint torso 2 0.485273 0.482 1.88499 116334
/joint l_hip 2 0.523747 0.594394 1.89709 116334
/joint l_knee 2 0.523896 0.813193 1.81945 116334
/joint r_hip 2 0.447092 0.594433 1.87026 116334
/joint r_knee 2 0.43132 0.808922 1.77416 116334
/user/1 0.827500 0 1.6391 0 0 116350
/joint head 2 0.485711 0.256885 1.87628 116350
/joint neck 2 0.485363 0.370574 1.88587 116351
/joint l_shoulder 2 0.552913 0.370401 1.90933 116351
/joint l_elbow 2 0.577573 0.534928 1.91933 116368
/joint l_hand 2 0.573562 0.682001 1.81339 116368
/joint r_shoulder 2 0.417813 0.370747 1.8624 116368
/joint r_elbow 2 0.3697 0.530974 1.92064 116368
/joint r_hand 2 0.448754 0.488522 1.78078 116384
/joint torso 2 0.485706 0.482981 1.88378 116385
/joint l_hip 2 0.524382 0.595289 1.895 116385
/joint l_knee 2 0.523877 0.813328 1.81269 116385
/joint r_hip 2 0.447717 0.595486 1.86837 116401
/joint r_knee 2 0.431452 0.808573 1.7658 116401
/user/1 0.826733 0 1.63676 0 0 116401
/joint head 2 0.485452 0.255785 1.8761 116401
/joint neck 2 0.485188 0.369508 1.88686 116401
/joint l_shoulder 2 0.552738 0.369211 1.91036 116418
/joint l_elbow 2 0.578239 0.542202 1.91786 116418
/joint l_hand 2 0.573189 0.688474 1.80468 116418
/joint r_shoulder 2 0.417637 0.369805 1.86336 116418
/joint r_elbow 2 0.369079 0.531556 1.92321 116434
/joint r_hand 2 0.447848 0.490196 1.78197 116434
/joint torso 2 0.485554 0.481921 1.88585 116434
/joint l_hip 2 0.524255 0.594165 1.89817 116435
/joint l_knee 2 0.52283 0.812111 1.81535 116451
/joint r_hip 2 0.447586 0.594502 1.8715 116451
/joint r_knee 2 0.429632 0.809753 1.78092 116451
/user/1 0.827081 0 1.63324 0 0 116451
/joint head 2 0.484808 0.256187 1.8776 116468
/joint neck 2 0.484728 0.369981 1.88723 116468
/joint l_shoulder 2 0.552446 0.369845 1.90863 116468
/joint l_elbow 2 0.578376 0.546364 1.91362 116468
/joint l_hand 2 0.573848 0.693695 1.80206 116484
/joint r_shoulder 2 0.41701 0.370117 1.86583 116484
/joint r_elbow 2 0.368847 0.531812 1.92436 116485
/joint r_hand 2 0.447198 0.491103 1.78177 116485
/joint torso 2 0.48497 0.482393 1.88576 116502
/joint l_hip 2 0.523648 0.594728 1.89645 116502
/joint l_knee 2 0.523055 0.811709 1.80807 116502
/joint r_hip 2 0.446778 0.594883 1.87215 116502
/joint r_knee 2 0.431058 0.808243 1.77052 116502
/user/1 0.821909 0 1.6512 0 0 116518
/joint head 2 0.485177 0.255273 1.88265 116519
/joint neck 2 0.484733 0.369016 1.88926 116519
/joint l_shoulder 2 0.552578 0.369844 1.90888 116519
/joint l_elbow 2 0.577854 0.550273 1.91229 116535
/joint l_hand 2 0.573553 0.696727 1.79882 116535
/joint r_shoulder 2 0.416888 0.368188 1.86963 116535
/joint r_elbow 2 0.368873 0.531659 1.92424 116535
/joint r_hand 2 0.446806 0.491409 1.78043 116552
/joint torso 2 0.48421 0.481397 1.88583 116552
/joint l_hip 2 0.522192 0.594247 1.89354 116552
/joint l_knee 2 0.521408 0.81184 1.80863 116553
/joint r_hip 2 0.44518 0.593307 1.87126 116568
/joint r_knee 2 0.431232 0.804274 1.75802 116568
/user/1 0.823390 0 1.64989 0 0 116569
/joint head 2 0.4856 0.255535 1.87891 116569
/joint neck 2 0.484744 0.369186 1.88782 116585
/joint l_shoulder 2 0.552615 0.370452 1.90711 116585
/joint l_elbow 2 0.578383 0.554825 1.91004 116585
/joint l_hand 2 0.571399 0.703718 1.8 116585
/joint r_shoulder 2 0.416872 0.36792 1.86852 116585
/joint r_elbow 2 0.369043 0.531523 1.92519 116603
/joint r_hand 2 0.446553 0.491333 1.78043 116603
/joint torso 2 0.483706 0.481576 1.88583 116603
/joint l_hip 2 0.521183 0.594685 1.89479 116603
/joint l_knee 2 0.521973 0.813122 1.8149 116621
/joint r_hip 2 0.444152 0.593248 1.87289 116621
/joint r_knee 2 0.432212 0.806937 1.77076 116621
/user/1 0.824781 0 1.65283 0 0 116621
/joint head 2 0.485119 0.256818 1.87744 116637
/joint neck 2 0.483883 0.37097 1.8868 116637
/joint l_shoulder 2 0.551854 0.372603 1.90455 116637
/joint l_elbow 2 0.578255 0.559966 1.9058 116637
/joint l_hand 2 0.56964 0.708097 1.79249 116637
/joint r_shoulder 2 0.415911 0.369337 1.86905 116654
/joint r_elbow 2 0.368523 0.530764 1.92639 116654
/joint r_hand 2 0.445597 0.49115 1.78034 116654
/joint torso 2 0.482515 0.483356 1.88448 116654
/joint l_hip 2 0.519724 0.596669 1.89224 116670
/joint l_knee 2 0.521573 0.814474 1.80862 116670
/joint r_hip 2 0.442571 0.594816 1.87209 116670
/joint r_knee 2 0.432718 0.807988 1.76669 116670
/user/1 0.825303 0 1.64866 0 0 116687
/joint head 2 0.485447 0.25769 1.87709 116687
/joint neck 2 0.483969 0.371457 1.88665 116687
/joint l_shoulder 2 0.551782 0.373296 1.90658 116687
/joint l_elbow 2 0.578387 0.558107 1.90642 116704
/joint l_hand 2 0.57045 0.705807 1.79337 116704
/joint r_shoulder 2 0.416156 0.369619 1.86672 116704
/joint r_elbow 2 0.36747 0.531704 1.93272 116704
/joint r_hand 2 0.443173 0.492038 1.78391 116720
/joint torso 2 0.482455 0.48384 1.88392 116720
/joint l_hip 2 0.519429 0.597266 1.89251 116720
/joint l_knee 2 0.52504 0.815686 1.8133 116720
/joint r_hip 2 0.442453 0.595178 1.86989 116737
/joint r_knee 2 0.435763 0.809549 1.76906 116737
/user/1 0.825855 0 1.64398 0 0 116737
/joint head 2 0.485568 0.258073 1.8761 116737
/joint neck 2 0.484033 0.371497 1.88618 116737
/joint l_shoulder 2 0.551853 0.373236 1.90613 116754
/joint l_elbow 2 0.578837 0.556129 1.90865 116754
/joint l_hand 2 0.570933 0.703317 1.79564 116754
/joint r_shoulder 2 0.416213 0.369758 1.86624 116754
/joint r_elbow 2 0.367786 0.531065 1.93012 116771
/joint r_hand 2 0.443194 0.491103 1.78087 116771
/joint torso 2 0.482583 0.483886 1.88387 116771
/joint l_hip 2 0.519618 0.597263 1.89287 116771
/joint l_knee 2 0.525217 0.816294 1.81754 116787
/joint r_hip 2 0.442646 0.595289 1.87024 116787
/joint r_knee 2 0.437213 0.810256 1.772 116787
/user/1 0.826866 0 1.63892 0 0 116787
/joint head 2 0.484956 0.257623 1.87641 116804
/joint neck 2 0.483662 0.371113 1.88708 116804
/joint l_shoulder 2 0.551517 0.372791 1.9066 116804
/joint l_elbow 2 0.578673 0.542208 1.91596 116804
/joint l_hand 2 0.571499 0.688073 1.80545 116820
/joint r_shoulder 2 0.415808 0.369436 1.86755 116820
/joint r_elbow 2 0.368245 0.531308 1.92748 116821
/joint r_hand 2 0.444157 0.490076 1.78004 116821
/joint torso 2 0.482247 0.483507 1.88503 116837
/joint l_hip 2 0.519338 0.596853 1.89406 116837
/joint l_knee 2 0.526479 0.815573 1.81724 116837
/joint r_hip 2 0.442324 0.594949 1.8719 116837
/joint r_knee 2 0.437308 0.80986 1.7733 116837
/user/1 0.827450 0 1.63619 0 0 116853
/joint head 2 0.484905 0.256974 1.87577 116853
/joint neck 2 0.483702 0.370726 1.8866 116853
/joint l_shoulder 2 0.551552 0.372346 1.90623 116853
/joint l_elbow 2 0.578984 0.546102 1.91499 116871
/joint l_hand 2 0.570538 0.689449 1.7956 116871
/joint r_shoulder 2 0.415852 0.369105 1.86698 116871
/joint r_elbow 2 0.368438 0.531252 1.92595 116871
/joint r_hand 2 0.445134 0.489746 1.78031 116887
/joint torso 2 0.482294 0.483124 1.8852 116887
/joint l_hip 2 0.51939 0.596442 1.89494 116887
/joint l_knee 2 0.526533 0.815305 1.81903 116887
/joint r_hip 2 0.442379 0.594602 1.87266 116904
/joint r_knee 2 0.438117 0.807661 1.76526 116904
/user/1 0.828179 0 1.63764 0 0 116904
/joint head 2 0.484409 0.257357 1.87626 116904
/joint neck 2 0.483361 0.371213 1.88701 116920
/joint l_shoulder 2 0.55125 0.372711 1.90611 116920
/joint l_elbow 2 0.579138 0.552215 1.91023 116920
/joint l_hand 2 0.567747 0.691535 1.77818 116920
/joint r_shoulder 2 0.415472 0.369714 1.8679 116936
/joint r_elbow 2 0.369409 0.530656 1.91979 116936
/joint r_hand 2 0.447126 0.488864 1.77653 116936
/joint torso 2 0.482089 0.483612 1.88525 116936
/joint l_hip 2 0.519346 0.596861 1.89433 116953
/joint l_knee 2 0.525386 0.815393 1.81594 116953
/joint r_hip 2 0.442289 0.595161 1.87265 116953
/joint r_knee 2 0.437008 0.809073 1.76933 116953
/user/1 0.827649 0 1.63873 0 0 116953
/joint head 2 0.484138 0.257053 1.87572 116970
/joint neck 2 0.483225 0.371049 1.88695 116970
/joint l_shoulder 2 0.551185 0.372481 1.90502 116970
/joint l_elbow 2 0.579593 0.538721 1.92249 116970
/joint l_hand 2 0.566988 0.672873 1.78463 116986
/joint r_shoulder 2 0.415265 0.369618 1.86888 116986
/joint r_elbow 2 0.370043 0.53034 1.91669 116986
/joint r_hand 2 0.448197 0.488473 1.77442 116986
/joint torso 2 0.482002 0.483451 1.88532 117002
/joint l_hip 2 0.519348 0.596665 1.89394 117002
/joint l_knee 2 0.524446 0.815001 1.81407 117002
/joint r_hip 2 0.442209 0.59504 1.87344 117002
/joint r_knee 2 0.43699 0.809735 1.77382 117019
/user/1 0.827764 0 1.63974 0 0 117019
/joint head 2 0.483781 0.25735 1.87623 117019
/joint neck 2 0.482829 0.371283 1.88668 117019
/joint l_shoulder 2 0.550895 0.372581 1.90303 117037
/joint l_elbow 2 0.58042 0.541237 1.91983 117037
/joint l_hand 2 0.56498 0.667645 1.77024 117037
/joint r_shoulder 2 0.414763 0.369985 1.87034 117037
/joint r_elbow 2 0.370048 0.530469 1.91575 117037
/joint r_hand 2 0.447714 0.488028 1.77279 117054
/joint torso 2 0.481743 0.483685 1.8847 117054
/joint l_hip 2 0.519288 0.596823 1.89199 117054
/joint l_knee 2 0.525249 0.815469 1.81428 117054
/joint r_hip 2 0.442025 0.595349 1.87343 117070
/joint r_knee 2 0.437465 0.810093 1.77392 117070
/user/1 0.827911 0 1.64124 0 0 117070
/joint head 2 0.484189 0.257283 1.87687 117070
/joint neck 2 0.483262 0.371198 1.8874 117087
/joint l_shoulder 2 0.551302 0.372462 1.90422 117087
/joint l_elbow 2 0.579856 0.54744 1.90954 117087
/joint l_hand 2 0.563562 0.671046 1.74888 117087
/joint r_shoulder 2 0.415221 0.369935 1.87058 117104
/joint r_elbow 2 0.370294 0.531506 1.91489 117104
/joint r_hand 2 0.44635 0.486845 1.77007 117104
/joint torso 2 0.482204 0.483601 1.8855 117104
/joint l_hip 2 0.51976 0.596721 1.89316 117121
/joint l_knee 2 0.525836 0.815861 1.81869 117121
/joint r_hip 2 0.442534 0.595287 1.87406 117121
/joint r_knee 2 0.438599 0.809933 1.77398 117121
/user/1 0.827922 0 1.64281 0 0 117121
/joint head 2 0.484292 0.257378 1.8764 117138
/joint neck 2 0.483352 0.371071 1.88744 117138
/joint l_shoulder 2 0.55137 0.372305 1.90465 117138
/joint l_elbow 2 0.581723 0.547937 1.904 117138
/joint l_hand 2 0.562418 0.658323 1.72219 117155
/joint r_shoulder 2 0.415333 0.369837 1.87024 117155
/joint r_elbow 2 0.378702 0.5194 1.90116 117155
/joint r_hand 2 0.449187 0.478418 1.7498 117155
---STOP: 2014-01-14-22-27-28-894---
