
---START: 2014-01-11-22-32-22-124---
/joint l_hip 1 0.568681 0.607886 1.87011 27073
/joint l_knee 1 0.56685 0.813318 1.87034 27073
/joint r_hip 1 0.494907 0.607316 1.83342 27073
/joint r_knee 1 0.492434 0.797509 1.86597 27089
/joint r_foot 1 0.537154 0.805692 1.8402 27090
/joint head 1 0.527986 0.244511 1.89255 27090
/joint neck 1 0.524588 0.380857 1.8972 27090
/joint l_shoulder 1 0.586649 0.379724 1.92572 27106
/joint l_elbow 1 0.685184 0.406143 1.90346 27106
/joint l_hand 1 0.650548 0.290933 1.72989 27106
/joint r_shoulder 1 0.462526 0.381989 1.86868 27122
/joint r_elbow 1 0.38838 0.444297 1.77896 27122
/joint r_hand 1 0.425408 0.314345 1.64922 27122
/joint torso 1 0.528204 0.49395 1.87583 27139
/joint l_hip 1 0.569222 0.60636 1.87164 27139
/joint l_knee 1 0.567756 0.81162 1.87207 27139
/joint r_hip 1 0.494418 0.607725 1.83727 27139
/joint r_knee 1 0.489447 0.757608 1.81238 27155
/joint r_foot 1 0.534445 0.810572 1.83801 27155
/joint head 1 0.528436 0.244678 1.8922 27155
/joint neck 1 0.525927 0.381957 1.89791 27171
/joint l_shoulder 1 0.588016 0.381607 1.92835 27171
/joint l_elbow 1 0.684987 0.407168 1.9016 27171
/joint l_hand 1 0.649658 0.290599 1.72618 27188
/joint r_shoulder 1 0.463837 0.382306 1.86747 27188
/joint r_elbow 1 0.388173 0.443454 1.77995 27188
/joint r_hand 1 0.426919 0.313439 1.65333 27204
/joint torso 1 0.52892 0.494366 1.87639 27204
/joint l_hip 1 0.569306 0.606565 1.8732 27204
/joint l_knee 1 0.578272 0.81147 1.87704 27204
/joint r_hip 1 0.494519 0.606986 1.83653 27221
/joint r_knee 1 0.495555 0.750934 1.80165 27221
/joint r_foot 1 0.533946 0.811623 1.83622 27221
/joint head 1 0.528625 0.244542 1.89173 27237
/joint neck 1 0.526541 0.38283 1.89657 27237
/joint l_shoulder 1 0.58869 0.38286 1.92731 27237
/joint l_elbow 1 0.684802 0.407367 1.90189 27254
/joint l_hand 1 0.649879 0.290192 1.72467 27254
/joint r_shoulder 1 0.464392 0.3828 1.86582 27254
/joint r_elbow 1 0.388032 0.44341 1.77984 27254
/joint r_hand 1 0.425569 0.313147 1.65651 27271
/joint torso 1 0.529026 0.494446 1.87623 27271
/joint l_hip 1 0.568723 0.60608 1.8743 27271
/joint l_knee 1 0.575504 0.81109 1.88646 27288
/joint r_hip 1 0.494298 0.606044 1.83748 27288
/joint r_knee 1 0.494156 0.762975 1.81762 27288
/joint r_foot 1 0.534661 0.811595 1.83252 27305
/joint head 1 0.528827 0.244501 1.89102 27305
/joint neck 1 0.526802 0.382827 1.89681 27305
/joint l_shoulder 1 0.58909 0.383027 1.92843 27305
/joint l_elbow 1 0.684686 0.407861 1.90168 27323
/joint l_hand 1 0.649846 0.290864 1.72374 27323
/joint r_shoulder 1 0.464515 0.382628 1.86519 27323
/joint r_elbow 1 0.387942 0.443263 1.78012 27338
/joint r_hand 1 0.425665 0.312961 1.6575 27338
/joint torso 1 0.529213 0.494219 1.87623 27339
/joint l_hip 1 0.568671 0.60573 1.87446 27355
/joint l_knee 1 0.574857 0.810667 1.86336 27355
/joint r_hip 1 0.494578 0.605493 1.83685 27355
/joint r_knee 1 0.492376 0.773963 1.83174 27355
/joint r_foot 1 0.534058 0.811714 1.83136 27371
/joint head 1 0.528895 0.244633 1.8905 27371
/joint neck 1 0.527331 0.382955 1.89535 27371
/joint l_shoulder 1 0.589474 0.383268 1.92715 27388
/joint l_elbow 1 0.684869 0.408147 1.90053 27388
/joint l_hand 1 0.650547 0.293607 1.72518 27388
/joint r_shoulder 1 0.465187 0.382642 1.86355 27404
/joint r_elbow 1 0.38809 0.443183 1.78074 27404
/joint r_hand 1 0.422809 0.311619 1.65531 27404
/joint torso 1 0.529619 0.494478 1.87499 27405
/joint l_hip 1 0.568972 0.606187 1.8736 27421
/joint l_knee 1 0.578854 0.810921 1.86843 27421
/joint r_hip 1 0.494841 0.605814 1.83567 27421
/joint r_knee 1 0.486088 0.782501 1.84523 27437
/joint r_foot 1 0.533033 0.812815 1.82949 27437
/joint head 1 0.528974 0.24464 1.89022 27437
/joint neck 1 0.527598 0.38353 1.89276 27454
/joint l_shoulder 1 0.589737 0.383734 1.92349 27454
/joint l_elbow 1 0.685186 0.407479 1.89812 27454
/joint l_hand 1 0.649679 0.292112 1.71917 27454
/joint r_shoulder 1 0.46546 0.383327 1.86203 27470
/joint r_elbow 1 0.388064 0.443746 1.78126 27470
/joint r_hand 1 0.4233 0.315519 1.65858 27470
/joint torso 1 0.529913 0.495 1.87237 27487
/joint l_hip 1 0.569064 0.60659 1.8702 27487
/joint l_knee 1 0.578184 0.811432 1.87077 27487
/joint r_hip 1 0.495393 0.606349 1.83377 27503
/joint r_knee 1 0.483049 0.786207 1.84991 27503
/joint r_foot 1 0.550616 0.813732 1.91475 27503
/joint head 1 0.529 0.244649 1.88929 27519
/joint neck 1 0.527172 0.383472 1.89228 27519
/joint l_shoulder 1 0.589191 0.383345 1.92281 27519
/joint l_elbow 1 0.685207 0.406307 1.89842 27519
/joint l_hand 1 0.649578 0.291645 1.71942 27535
/joint r_shoulder 1 0.465154 0.383598 1.86175 27535
/joint r_elbow 1 0.388275 0.444935 1.78078 27535
/joint r_hand 1 0.422736 0.31727 1.65409 27552
/joint torso 1 0.529781 0.494639 1.87211 27553
/joint l_hip 1 0.569403 0.60573 1.87017 27553
/joint l_knee 1 0.577767 0.81072 1.87219 27569
/joint r_hip 1 0.495378 0.605881 1.83373 27569
/joint r_knee 1 0.483288 0.785556 1.85323 27569
/joint r_foot 1 0.550774 0.811683 1.9055 27569
/joint head 1 0.52898 0.244468 1.8882 27586
/joint neck 1 0.527017 0.383534 1.89156 27586
/joint l_shoulder 1 0.588968 0.383337 1.92208 27586
/joint l_elbow 1 0.685052 0.405988 1.89545 27602
/joint l_hand 1 0.649165 0.288368 1.71537 27602
/joint r_shoulder 1 0.465066 0.383732 1.86104 27602
/joint r_elbow 1 0.388294 0.445585 1.77998 27619
/joint r_hand 1 0.423632 0.31652 1.64901 27619
/joint torso 1 0.529681 0.4945 1.87155 27619
/joint l_hip 1 0.569465 0.605348 1.86982 27619
/joint l_knee 1 0.579461 0.810268 1.87164 27635
/joint r_hip 1 0.495225 0.605585 1.83325 27635
/joint r_knee 1 0.482965 0.782315 1.85177 27635
/joint r_foot 1 0.553982 0.805885 1.8691 27651
/joint head 1 0.529352 0.244308 1.88638 27651
/joint neck 1 0.527065 0.383384 1.89148 27651
/joint l_shoulder 1 0.589056 0.383191 1.9225 27667
/joint l_elbow 1 0.684814 0.403717 1.88631 27667
/joint l_hand 1 0.648982 0.28707 1.71321 27667
/joint r_shoulder 1 0.465073 0.383577 1.86047 27683
/joint r_elbow 1 0.388303 0.445708 1.77941 27683
/joint r_hand 1 0.422887 0.318089 1.64925 27683
/joint torso 1 0.529737 0.494522 1.87167 27700
/joint l_hip 1 0.569364 0.605545 1.87036 27700
/joint l_knee 1 0.578913 0.799827 1.8721 27700
/joint l_foot 1 0.530732 0.813384 1.9091 27700
/joint r_hip 1 0.495455 0.605775 1.83338 27717
/joint r_knee 1 0.483872 0.781145 1.85333 27717
/joint r_foot 1 0.554638 0.804243 1.85669 27717
/joint head 1 0.529469 0.244275 1.88569 27733
/joint neck 1 0.527146 0.383429 1.89074 27733
/joint l_shoulder 1 0.589112 0.383194 1.92163 27733
/joint l_elbow 1 0.68475 0.404302 1.88873 27749
/joint l_hand 1 0.648687 0.28673 1.71301 27749
/joint r_shoulder 1 0.46518 0.383664 1.85986 27749
/joint r_elbow 1 0.388224 0.446169 1.77911 27749
/joint r_hand 1 0.421751 0.318167 1.64975 27766
/joint torso 1 0.529798 0.494628 1.87136 27766
/joint l_hip 1 0.569371 0.605687 1.87037 27766
/joint l_knee 1 0.57887 0.799359 1.87329 27783
/joint l_foot 1 0.534223 0.825276 1.91348 27783
/joint r_hip 1 0.495531 0.605967 1.83357 27783
/joint r_knee 1 0.485078 0.786091 1.85345 27799
/joint r_foot 1 0.554556 0.804372 1.8542 27799
/joint head 1 0.529432 0.244605 1.88492 27799
/joint neck 1 0.527151 0.383352 1.88978 27799
/joint l_shoulder 1 0.589074 0.382987 1.92072 27816
/joint l_elbow 1 0.684555 0.404834 1.88942 27816
/joint l_hand 1 0.649571 0.289136 1.71133 27816
/joint r_shoulder 1 0.465228 0.383716 1.85884 27833
/joint r_elbow 1 0.3884 0.446223 1.7785 27833
/joint r_hand 1 0.422091 0.319874 1.65361 27833
/joint torso 1 0.529897 0.494734 1.87075 27849
/joint l_hip 1 0.569555 0.605899 1.87017 27849
/joint l_knee 1 0.57861 0.7991 1.87589 27849
/joint l_foot 1 0.539476 0.831243 1.92059 27849
/joint r_hip 1 0.49573 0.606333 1.83328 27865
/joint r_knee 1 0.487679 0.801297 1.85235 27865
/joint r_foot 1 0.549954 0.808519 1.85378 27865
/joint head 1 0.529219 0.244647 1.88386 27882
/joint neck 1 0.527346 0.383411 1.88926 27882
/joint l_shoulder 1 0.589254 0.383174 1.91991 27882
/joint l_elbow 1 0.684608 0.405472 1.88839 27899
/joint l_hand 1 0.648442 0.287625 1.70913 27899
/joint r_shoulder 1 0.465437 0.383647 1.85862 27899
/joint r_elbow 1 0.388303 0.446015 1.77828 27899
/joint r_hand 1 0.420506 0.323715 1.65214 27915
/joint torso 1 0.529984 0.494973 1.86989 27915
/joint l_hip 1 0.569567 0.606395 1.8688 27915
/joint l_knee 1 0.578397 0.811283 1.87871 27932
/joint r_hip 1 0.495676 0.606677 1.83222 27932
/joint r_knee 1 0.477655 0.8041 1.85308 27932
/joint r_foot 1 0.551202 0.809544 1.84424 27949
/joint head 1 0.529133 0.244808 1.8829 27949
/joint neck 1 0.527492 0.383474 1.88951 27949
/joint l_shoulder 1 0.589207 0.383287 1.92039 27949
/joint l_elbow 1 0.684477 0.405532 1.8881 27965
/joint l_hand 1 0.64917 0.288311 1.70789 27965
/joint r_shoulder 1 0.465776 0.383661 1.85864 27965
/joint r_elbow 1 0.388342 0.445586 1.77781 27982
/joint r_hand 1 0.422579 0.320936 1.65345 27982
/joint torso 1 0.530134 0.494702 1.8699 27982
/joint l_hip 1 0.569752 0.605818 1.86879 27999
/joint l_knee 1 0.577569 0.810767 1.8793 27999
/joint r_hip 1 0.4958 0.606042 1.83179 27999
/joint r_knee 1 0.478284 0.806088 1.84979 27999
/joint r_foot 1 0.549668 0.806645 1.8399 28015
/joint head 1 0.529001 0.24474 1.88327 28015
/joint neck 1 0.527466 0.383836 1.88886 28015
/joint l_shoulder 1 0.588991 0.383626 1.92052 28032
/joint l_elbow 1 0.684486 0.405624 1.88873 28032
/joint l_hand 1 0.649238 0.295001 1.72092 28032
/joint r_shoulder 1 0.465941 0.384046 1.85721 28048
/joint r_elbow 1 0.38821 0.445428 1.77689 28049
/joint r_hand 1 0.426239 0.319637 1.64724 28049
/joint torso 1 0.530249 0.494624 1.86888 28065
/joint l_hip 1 0.570126 0.605286 1.86798 28065
/joint l_knee 1 0.577787 0.809965 1.88427 28065
/joint r_hip 1 0.495939 0.605539 1.82981 28065
/joint r_knee 1 0.475772 0.807904 1.84789 28082
/joint r_foot 1 0.551375 0.809346 1.85321 28082
/joint head 1 0.528809 0.244724 1.8836 28082
/joint neck 1 0.527532 0.383821 1.88802 28098
/joint l_shoulder 1 0.589063 0.383648 1.91961 28098
/joint l_elbow 1 0.68481 0.405792 1.88865 28098
/joint l_hand 1 0.645702 0.298743 1.73199 28115
/joint r_shoulder 1 0.466 0.383993 1.85643 28115
/joint r_elbow 1 0.388029 0.445315 1.77639 28115
/joint r_hand 1 0.429382 0.323901 1.658 28115
/joint torso 1 0.5303 0.494818 1.86781 28132
/joint l_hip 1 0.5701 0.605711 1.86662 28132
/joint l_knee 1 0.578846 0.810817 1.88266 28132
/joint r_hip 1 0.496037 0.605919 1.8286 28149
/joint r_knee 1 0.475792 0.805789 1.84844 28149
/joint r_foot 1 0.550568 0.813095 1.85389 28149
/joint head 1 0.528607 0.244692 1.88272 28149
/joint neck 1 0.527618 0.383626 1.88674 28165
/joint l_shoulder 1 0.589513 0.383443 1.91692 28165
/joint l_elbow 1 0.685536 0.40591 1.886 28165
/joint l_hand 1 0.637369 0.30482 1.7453 28181
/joint r_shoulder 1 0.465723 0.38381 1.85657 28181
/joint r_elbow 1 0.387545 0.445671 1.77927 28181
/joint r_hand 1 0.436021 0.325602 1.69571 28197
/joint torso 1 0.530415 0.494094 1.8653 28197
/joint l_hip 1 0.570022 0.604452 1.86181 28197
/joint l_knee 1 0.578326 0.809321 1.88439 28213
/joint r_hip 1 0.496402 0.60467 1.82592 28213
/joint r_knee 1 0.47593 0.801843 1.84777 28213
/joint r_foot 1 0.55131 0.811968 1.8488 28229
/joint head 1 0.528537 0.244695 1.88076 28229
/joint neck 1 0.527912 0.383323 1.88613 28229
/joint l_shoulder 1 0.590037 0.383322 1.91578 28229
/joint l_elbow 1 0.686245 0.406375 1.88497 28245
/joint l_hand 1 0.630359 0.31543 1.76274 28245
/joint r_shoulder 1 0.465786 0.383324 1.85647 28245
/joint r_elbow 1 0.387412 0.446394 1.78047 28261
/joint r_hand 1 0.446063 0.326126 1.72502 28261
/joint torso 1 0.530577 0.494484 1.8638 28261
/joint l_hip 1 0.569811 0.605643 1.85894 28278
/joint l_knee 1 0.576709 0.810466 1.88648 28278
/joint r_hip 1 0.496673 0.605645 1.82402 28278
/joint r_knee 1 0.474462 0.785293 1.8244 28295
/joint r_foot 1 0.551415 0.812519 1.85146 28295
/joint head 1 0.528388 0.244506 1.87877 28295
/joint neck 1 0.528209 0.38294 1.88492 28295
/joint l_shoulder 1 0.590854 0.382979 1.91148 28312
/joint l_elbow 1 0.686992 0.407667 1.88305 28312
/joint l_hand 1 0.619875 0.326899 1.77259 28312
/joint r_shoulder 1 0.465565 0.3829 1.85836 28329
/joint r_elbow 1 0.387643 0.448371 1.78194 28329
/joint r_hand 1 0.453562 0.333529 1.75144 28329
/joint torso 1 0.530837 0.495803 1.85975 28329
/joint l_hip 1 0.569634 0.608689 1.84991 28346
/joint l_knee 1 0.576231 0.812407 1.89223 28346
/joint r_hip 1 0.497296 0.608644 1.81924 28346
/joint r_knee 1 0.472051 0.779407 1.81464 28363
/joint r_foot 1 0.557509 0.817366 1.82012 28363
/joint head 1 0.528171 0.244458 1.87736 28363
/joint neck 1 0.5283 0.38269 1.88283 28379
/joint l_shoulder 1 0.590749 0.38293 1.91128 28379
/joint l_elbow 1 0.686448 0.409112 1.88489 28379
/joint l_hand 1 0.608166 0.340106 1.79247 28379
/joint r_shoulder 1 0.465852 0.382449 1.85437 28396
/joint r_elbow 1 0.390845 0.453787 1.7764 28396
/joint r_hand 1 0.465891 0.338274 1.78204 28396
/joint torso 1 0.530735 0.49526 1.85932 28412
/joint l_hip 1 0.569166 0.60797 1.85221 28412
/joint l_knee 1 0.576824 0.812916 1.89136 28412
/joint r_hip 1 0.497172 0.607693 1.8194 28429
/joint r_knee 1 0.483448 0.837381 1.8632 28429
/joint r_foot 1 0.54637 0.813908 1.80494 28429
/joint head 1 0.528024 0.244305 1.87436 28429
/joint neck 1 0.527952 0.38367 1.86987 28446
/joint l_shoulder 1 0.589676 0.382886 1.89173 28446
/joint l_elbow 1 0.685609 0.412926 1.88941 28446
/joint l_hand 1 0.605923 0.34752 1.81109 28463
/joint r_shoulder 1 0.466229 0.384454 1.848 28463
/joint r_elbow 1 0.392037 0.469519 1.77267 28463
/joint r_hand 1 0.467345 0.34869 1.77919 28480
/joint torso 1 0.53036 0.495516 1.8517 28480
/joint l_hip 1 0.568652 0.606907 1.84624 28480
/joint l_knee 1 0.577782 0.811619 1.88685 28480
/joint r_hip 1 0.496885 0.607819 1.82082 28496
/joint r_knee 1 0.482551 0.838112 1.86539 28496
/joint r_foot 1 0.544087 0.808573 1.80993 28496
/joint head 1 0.528013 0.244295 1.87193 28513
/joint neck 1 0.527976 0.384005 1.86153 28513
/joint l_shoulder 1 0.588863 0.382792 1.88408 28513
/joint l_elbow 1 0.685807 0.412166 1.89033 28529
/joint l_hand 1 0.601786 0.350867 1.80317 28529
/joint r_shoulder 1 0.46709 0.385219 1.83898 28529
/joint r_elbow 1 0.393318 0.469923 1.76938 28529
/joint r_hand 1 0.463948 0.352686 1.76087 28546
/joint torso 1 0.530423 0.495401 1.8486 28546
/joint l_hip 1 0.569116 0.606074 1.8491 28546
/joint l_knee 1 0.58886 0.810123 1.88104 28563
/joint r_hip 1 0.496621 0.60752 1.82225 28563
/joint r_knee 1 0.480848 0.838858 1.86838 28563
/joint r_foot 1 0.544021 0.808073 1.8161 28580
/joint head 1 0.527982 0.244782 1.87087 28580
/joint neck 1 0.528418 0.384302 1.8686 28580
/joint l_shoulder 1 0.589621 0.383904 1.89487 28580
/joint l_elbow 1 0.684638 0.417096 1.88411 28596
/joint l_hand 1 0.604987 0.354403 1.79386 28596
/joint r_shoulder 1 0.467215 0.384699 1.84233 28596
/joint r_elbow 1 0.394441 0.468916 1.77038 28613
/joint r_hand 1 0.467486 0.350517 1.75161 28613
/joint torso 1 0.530613 0.495582 1.85194 28613
/joint l_hip 1 0.569011 0.606627 1.85081 28630
/joint l_knee 1 0.582665 0.813105 1.84924 28630
/joint r_hip 1 0.496605 0.607098 1.81973 28630
/joint r_knee 1 0.479877 0.839407 1.86804 28630
/joint r_foot 1 0.548691 0.80722 1.7886 28647
/joint head 1 0.527912 0.244746 1.87002 28647
/joint neck 1 0.528361 0.384267 1.87159 28647
/joint l_shoulder 1 0.589416 0.384082 1.8997 28663
/joint l_elbow 1 0.685 0.416956 1.88607 28663
/joint l_hand 1 0.609898 0.350369 1.78135 28663
/joint r_shoulder 1 0.467305 0.384452 1.84349 28679
/joint r_elbow 1 0.394903 0.471715 1.77214 28679
/joint r_hand 1 0.464995 0.3497 1.73961 28679
/joint torso 1 0.530589 0.495522 1.85388 28679
/joint l_hip 1 0.569233 0.606667 1.85293 28696
/joint l_knee 1 0.581549 0.813688 1.85869 28696
/joint r_hip 1 0.496401 0.606888 1.8194 28696
/joint r_knee 1 0.479467 0.835319 1.86742 28713
/joint r_foot 1 0.548263 0.807795 1.77893 28713
/joint head 1 0.528011 0.24469 1.86808 28713
/joint neck 1 0.5277 0.384313 1.86767 28729
/joint l_shoulder 1 0.588246 0.383383 1.892 28729
/joint l_elbow 1 0.683922 0.418507 1.88893 28729
/joint l_hand 1 0.612419 0.349391 1.76673 28729
/joint r_shoulder 1 0.467154 0.385244 1.84333 28745
/joint r_elbow 1 0.39545 0.473622 1.77375 28745
/joint r_hand 1 0.4641 0.34875 1.73179 28745
/joint torso 1 0.530398 0.495616 1.85038 28761
/joint l_hip 1 0.569919 0.606352 1.8479 28761
/joint l_knee 1 0.580323 0.813346 1.86303 28761
/joint r_hip 1 0.496276 0.607484 1.8183 28777
/joint r_knee 1 0.48772 0.801153 1.84601 28777
/joint r_foot 1 0.622228 0.85873 1.87835 28777
/joint head 1 0.528197 0.244831 1.86653 28793
/joint neck 1 0.527521 0.38385 1.86572 28793
/joint l_shoulder 1 0.587778 0.382662 1.88984 28793
/joint l_elbow 1 0.684062 0.420988 1.89112 28809
/joint l_hand 1 0.619174 0.347644 1.76283 28809
/joint r_shoulder 1 0.467264 0.385039 1.8416 28809
/joint r_elbow 1 0.397042 0.474113 1.77611 28809
/joint r_hand 1 0.463102 0.352013 1.72705 28827
/joint torso 1 0.530349 0.495097 1.84979 28827
/joint l_hip 1 0.570301 0.605611 1.84872 28827
/joint l_knee 1 0.580843 0.812542 1.86533 28843
/joint r_hip 1 0.496054 0.607076 1.819 28843
/joint r_knee 1 0.482523 0.803436 1.85422 28843
/joint r_foot 1 0.567638 0.817664 1.84763 28860
/joint head 1 0.528079 0.245205 1.86401 28860
/joint neck 1 0.527356 0.383859 1.8643 28860
/joint l_shoulder 1 0.587468 0.382526 1.88825 28860
/joint l_elbow 1 0.683872 0.42148 1.89465 28876
/joint l_hand 1 0.619108 0.348396 1.75805 28876
/joint r_shoulder 1 0.467244 0.385192 1.84035 28876
/joint r_elbow 1 0.397059 0.474926 1.77699 28893
/joint r_hand 1 0.463455 0.352675 1.72679 28893
/joint torso 1 0.530222 0.494914 1.84943 28893
/joint l_hip 1 0.570407 0.605141 1.84943 28910
/joint l_knee 1 0.580883 0.812545 1.86599 28910
/joint r_hip 1 0.49577 0.606796 1.81969 28910
/joint r_knee 1 0.479609 0.805824 1.85983 28910
/joint r_foot 1 0.563258 0.821616 1.84757 28927
/joint head 1 0.528135 0.245502 1.86322 28927
/joint neck 1 0.527327 0.383673 1.86268 28927
/joint l_shoulder 1 0.587195 0.382263 1.88658 28943
/joint l_elbow 1 0.684277 0.419382 1.8931 28943
/joint l_hand 1 0.61943 0.348307 1.75466 28943
/joint r_shoulder 1 0.46746 0.385083 1.83879 28960
/joint r_elbow 1 0.396779 0.475112 1.7786 28960
/joint r_hand 1 0.463344 0.353501 1.73039 28960
/joint torso 1 0.530214 0.494262 1.84844 28960
/joint l_hip 1 0.570422 0.603973 1.84908 28975
/joint l_knee 1 0.579333 0.809193 1.86452 28975
/joint l_foot 1 0.542818 0.831888 1.8689 28975
/joint r_hip 1 0.49578 0.605731 1.81929 28991
/joint r_knee 1 0.4782 0.805461 1.86211 28991
/joint r_foot 1 0.559123 0.820826 1.84526 28991
/joint head 1 0.527986 0.245825 1.86136 29010
/joint neck 1 0.527761 0.38365 1.86534 29010
/joint l_shoulder 1 0.587833 0.382698 1.89111 29010
/joint l_elbow 1 0.683755 0.421253 1.89384 29010
/joint l_hand 1 0.621329 0.347225 1.7567 29026
/joint r_shoulder 1 0.46769 0.384602 1.83957 29026
/joint r_elbow 1 0.396392 0.473792 1.77836 29026
/joint r_hand 1 0.463917 0.353581 1.73044 29043
/joint torso 1 0.5304 0.493913 1.8499 29043
/joint l_hip 1 0.570358 0.603585 1.85047 29043
/joint l_knee 1 0.577785 0.811002 1.86886 29059
/joint l_foot 1 0.541904 0.827101 1.86405 29059
/joint r_hip 1 0.495718 0.604768 1.81844 29059
/joint r_knee 1 0.475599 0.810138 1.86518 29059
/joint r_foot 1 0.556437 0.818717 1.83671 29075
/joint head 1 0.528162 0.246045 1.86092 29075
/joint neck 1 0.527534 0.383914 1.864 29075
/joint l_shoulder 1 0.587467 0.382677 1.88829 29091
/joint l_elbow 1 0.683071 0.422168 1.89874 29091
/joint l_hand 1 0.620341 0.347386 1.75822 29091
/joint r_shoulder 1 0.4676 0.38515 1.83971 29107
/joint r_elbow 1 0.395681 0.475238 1.77699 29107
/joint r_hand 1 0.465665 0.354586 1.73053 29107
/joint torso 1 0.530318 0.493841 1.84911 29124
/joint l_hip 1 0.570408 0.602998 1.84935 29124
/joint l_knee 1 0.576902 0.812473 1.87042 29124
/joint l_foot 1 0.541579 0.82577 1.85979 29124
/joint r_hip 1 0.495795 0.604537 1.81911 29141
/joint r_knee 1 0.475851 0.810471 1.86533 29141
/joint r_foot 1 0.553624 0.81817 1.83462 29141
/joint head 1 0.52821 0.245953 1.85962 29158
/joint neck 1 0.527472 0.383812 1.86504 29158
/joint l_shoulder 1 0.587674 0.382629 1.88933 29158
/joint l_elbow 1 0.682459 0.42299 1.89762 29175
/joint l_hand 1 0.619745 0.347391 1.76027 29175
/joint r_shoulder 1 0.467271 0.384996 1.84074 29175
/joint r_elbow 1 0.395681 0.475812 1.77631 29175
/joint r_hand 1 0.463155 0.353885 1.72453 29192
/joint torso 1 0.530234 0.493764 1.84971 29192
/joint l_hip 1 0.570082 0.602987 1.84935 29192
/joint l_knee 1 0.575723 0.816779 1.87184 29208
/joint l_foot 1 0.540865 0.824919 1.85724 29208
/joint r_hip 1 0.495912 0.604445 1.81941 29208
/joint r_knee 1 0.48307 0.808401 1.85884 29208
/joint r_foot 1 0.5512 0.817073 1.83226 29225
/joint head 1 0.52812 0.245908 1.85915 29225
/joint neck 1 0.52725 0.383803 1.86379 29225
/joint l_shoulder 1 0.587365 0.38237 1.88668 29242
/joint l_elbow 1 0.677411 0.425305 1.90411 29242
/joint l_hand 1 0.621625 0.347559 1.76119 29242
/joint r_shoulder 1 0.467135 0.385235 1.8409 29259
/joint r_elbow 1 0.395842 0.476848 1.77662 29259
/joint r_hand 1 0.462713 0.355731 1.72647 29259
/joint torso 1 0.530136 0.49382 1.84896 29259
/joint l_hip 1 0.570143 0.602952 1.84826 29276
/joint l_knee 1 0.57482 0.811367 1.87023 29276
/joint r_hip 1 0.495902 0.604721 1.81999 29276
/joint r_knee 1 0.482057 0.808172 1.86107 29293
/joint r_foot 1 0.552852 0.823178 1.86274 29293
/joint head 1 0.527902 0.245835 1.85861 29293
/joint neck 1 0.527321 0.383655 1.86433 29310
/joint l_shoulder 1 0.587485 0.38235 1.88752 29310
/joint l_elbow 1 0.679201 0.425144 1.90048 29310
/joint l_hand 1 0.621358 0.345985 1.75978 29310
/joint r_shoulder 1 0.467157 0.38496 1.84115 29327
/joint r_elbow 1 0.396948 0.47809 1.77916 29327
/joint r_hand 1 0.4624 0.355603 1.72263 29327
/joint torso 1 0.530117 0.494002 1.84929 29344
/joint l_hip 1 0.569928 0.603546 1.84851 29344
/joint l_knee 1 0.588959 0.809102 1.80613 29344
/joint r_hip 1 0.495897 0.605152 1.81998 29344
/joint r_knee 1 0.484893 0.785587 1.83844 29361
/joint r_foot 1 0.553916 0.826941 1.88339 29361
/joint head 1 0.52781 0.245867 1.85819 29361
/joint neck 1 0.527211 0.383918 1.86528 29378
/joint l_shoulder 1 0.587155 0.382701 1.88891 29378
/joint l_elbow 1 0.679913 0.424917 1.89874 29378
/joint l_hand 1 0.619195 0.345512 1.75832 29378
/joint r_shoulder 1 0.467267 0.385135 1.84166 29395
/joint r_elbow 1 0.396971 0.478204 1.77974 29395
/joint r_hand 1 0.465597 0.356687 1.74268 29395
/joint torso 1 0.530002 0.494086 1.84973 29412
/joint l_hip 1 0.569758 0.603503 1.84874 29412
/joint l_knee 1 0.581578 0.811906 1.84405 29412
/joint r_hip 1 0.495827 0.605004 1.8196 29429
/joint r_knee 1 0.487174 0.777944 1.82197 29429
/joint r_foot 1 0.554653 0.823501 1.87224 29429
/joint head 1 0.527879 0.246092 1.85695 29429
/joint neck 1 0.527372 0.383861 1.86583 29445
/joint l_shoulder 1 0.587257 0.382869 1.88939 29445
/joint l_elbow 1 0.680091 0.426341 1.89973 29445
/joint l_hand 1 0.622239 0.349147 1.76002 29462
/joint r_shoulder 1 0.467487 0.384853 1.84226 29462
/joint r_elbow 1 0.396629 0.477425 1.78211 29463
/joint r_hand 1 0.460405 0.357528 1.72352 29479
/joint torso 1 0.529986 0.494016 1.84969 29479
/joint l_hip 1 0.569415 0.60356 1.84805 29479
/joint l_knee 1 0.580078 0.812446 1.8478 29479
/joint r_hip 1 0.495784 0.60478 1.81907 29495
/joint r_knee 1 0.493684 0.785417 1.81451 29495
/joint r_foot 1 0.554234 0.810193 1.85178 29495
/joint head 1 0.527898 0.246468 1.85607 29512
/joint neck 1 0.5275 0.38452 1.86815 29512
/joint l_shoulder 1 0.587627 0.38386 1.89215 29512
/joint l_elbow 1 0.677769 0.426784 1.90062 29529
/joint l_hand 1 0.6214 0.347031 1.75523 29529
/joint r_shoulder 1 0.467372 0.38518 1.84414 29529
/joint r_elbow 1 0.395498 0.476094 1.78305 29529
/joint r_hand 1 0.461884 0.355173 1.72761 29545
/joint torso 1 0.529933 0.494506 1.85057 29545
/joint l_hip 1 0.569018 0.604089 1.84763 29545
/joint l_knee 1 0.575407 0.813219 1.85365 29562
/joint r_hip 1 0.495714 0.604894 1.81837 29562
/joint r_knee 1 0.49143 0.800668 1.82296 29562
/joint r_foot 1 0.545624 0.801338 1.85081 29579
/joint head 1 0.527762 0.246708 1.85553 29579
/joint neck 1 0.527474 0.38459 1.86817 29579
/joint l_shoulder 1 0.58783 0.38399 1.89182 29579
/joint l_elbow 1 0.678637 0.426502 1.89865 29596
/joint l_hand 1 0.623376 0.344717 1.75429 29596
/joint r_shoulder 1 0.467117 0.38519 1.84453 29596
/joint r_elbow 1 0.395714 0.475394 1.78145 29612
/joint r_hand 1 0.46227 0.354219 1.72631 29612
/joint torso 1 0.52983 0.494769 1.85041 29612
/joint l_hip 1 0.568888 0.604584 1.84702 29628
/joint l_knee 1 0.57904 0.810858 1.89658 29628
/joint r_hip 1 0.495485 0.605313 1.81826 29628
/joint r_knee 1 0.487689 0.806268 1.82706 29645
/joint r_foot 1 0.544677 0.811308 1.82731 29645
/joint head 1 0.527699 0.246743 1.85522 29645
/joint neck 1 0.52722 0.384326 1.8674 29645
/joint l_shoulder 1 0.587516 0.383666 1.89083 29662
/joint l_elbow 1 0.679458 0.426577 1.89569 29662
/joint l_hand 1 0.622014 0.343791 1.75195 29662
/joint r_shoulder 1 0.466924 0.384987 1.84398 29678
/joint r_elbow 1 0.396136 0.474544 1.78447 29678
/joint r_hand 1 0.460185 0.355637 1.72574 29678
/joint torso 1 0.529579 0.494661 1.85011 29694
/joint l_hip 1 0.568579 0.604595 1.84706 29694
/joint l_knee 1 0.577318 0.812328 1.8827 29694
/joint r_hip 1 0.495297 0.605397 1.81859 29695
/joint r_knee 1 0.487107 0.797443 1.82368 29712
/joint r_foot 1 0.54493 0.812302 1.8247 29712
/joint head 1 0.52743 0.246922 1.85508 29712
/joint neck 1 0.52704 0.384572 1.86691 29729
/joint l_shoulder 1 0.58733 0.38389 1.8899 29729
/joint l_elbow 1 0.679713 0.426847 1.89412 29729
/joint l_hand 1 0.62144 0.344211 1.75095 29729
/joint r_shoulder 1 0.46675 0.385254 1.84391 29745
/joint r_elbow 1 0.395885 0.47458 1.78455 29745
/joint r_hand 1 0.459766 0.356484 1.72601 29745
/joint torso 1 0.529348 0.494871 1.85006 29762
/joint l_hip 1 0.568488 0.604754 1.84727 29762
/joint l_knee 1 0.576324 0.812939 1.87729 29762
/joint r_hip 1 0.494825 0.605588 1.81917 29780
/joint r_knee 1 0.473979 0.745148 1.84756 29780
/joint r_foot 1 0.545125 0.816202 1.82291 29780
/joint head 1 0.527514 0.246766 1.85493 29780
/joint neck 1 0.52716 0.384554 1.86616 29797
/joint l_shoulder 1 0.587266 0.384009 1.88899 29797
/joint l_elbow 1 0.680669 0.427133 1.89361 29797
/joint l_hand 1 0.620907 0.343908 1.75249 29814
/joint r_shoulder 1 0.467054 0.385098 1.84333 29814
/joint r_elbow 1 0.397361 0.474509 1.78303 29814
/joint r_hand 1 0.4612 0.354376 1.72783 29814
/joint torso 1 0.529267 0.495067 1.84989 29831
/joint l_hip 1 0.568112 0.605247 1.84759 29831
/joint l_knee 1 0.575739 0.813318 1.87951 29831
/joint r_hip 1 0.494637 0.605912 1.81968 29848
/joint r_knee 1 0.475271 0.735009 1.85422 29848
/joint r_foot 1 0.545079 0.816739 1.8158 29849
/joint head 1 0.527606 0.246563 1.85483 29849
/joint neck 1 0.527231 0.384537 1.86607 29865
/joint l_shoulder 1 0.587322 0.384038 1.88834 29865
/joint l_elbow 1 0.681195 0.428085 1.8918 29865
/joint l_hand 1 0.621895 0.345102 1.75185 29881
/joint r_shoulder 1 0.467139 0.385036 1.8438 29881
/joint r_elbow 1 0.396603 0.474503 1.7834 29881
/joint r_hand 1 0.461504 0.354842 1.72345 29896
/joint torso 1 0.529196 0.49534 1.85044 29896
/joint l_hip 1 0.567975 0.605838 1.84846 29896
/joint l_knee 1 0.57523 0.813924 1.88243 29913
/joint r_hip 1 0.49435 0.606449 1.82117 29913
/joint r_knee 1 0.476599 0.727772 1.85105 29913
/joint r_foot 1 0.536588 0.823589 1.80876 29930
/joint head 1 0.527613 0.246658 1.85478 29930
/joint neck 1 0.527441 0.383966 1.86666 29930
/joint l_shoulder 1 0.587546 0.383575 1.89001 29930
/joint l_elbow 1 0.681888 0.43021 1.88816 29947
/joint l_hand 1 0.62004 0.344197 1.74301 29947
/joint r_shoulder 1 0.467335 0.384357 1.84332 29947
/joint r_elbow 1 0.397769 0.473565 1.78741 29964
/joint r_hand 1 0.45903 0.3569 1.72024 29964
/joint torso 1 0.529356 0.495027 1.85112 29964
/joint l_hip 1 0.568069 0.605848 1.84986 29964
/joint l_knee 1 0.575077 0.814098 1.88246 29981
/joint r_hip 1 0.494476 0.606327 1.82128 29981
/joint r_knee 1 0.490846 0.815523 1.84332 29981
/joint r_foot 1 0.538433 0.822982 1.79526 29997
/joint head 1 0.527565 0.246783 1.85499 29997
/joint neck 1 0.527637 0.383261 1.86706 29997
/joint l_shoulder 1 0.587615 0.383028 1.89063 30014
/joint l_elbow 1 0.678216 0.431665 1.89681 30014
/joint l_hand 1 0.618532 0.346684 1.74382 30014
/joint r_shoulder 1 0.467659 0.383494 1.84349 30014
/joint r_elbow 1 0.39796 0.47425 1.78774 30030
/joint r_hand 1 0.459897 0.357605 1.71438 30030
/joint torso 1 0.529416 0.494634 1.85143 30030
/joint l_hip 1 0.567952 0.605865 1.85025 30048
/joint l_knee 1 0.573867 0.81447 1.87872 30048
/joint r_hip 1 0.494437 0.606151 1.82137 30048
/joint r_knee 1 0.488776 0.812111 1.84597 30065
/joint r_foot 1 0.550128 0.811237 1.78907 30065
/joint head 1 0.527604 0.246577 1.85555 30065
/joint neck 1 0.52789 0.382937 1.86678 30065
/joint l_shoulder 1 0.587871 0.382955 1.88992 30081
/joint l_elbow 1 0.679425 0.430603 1.89249 30081
/joint l_hand 1 0.622052 0.348231 1.73765 30081
/joint r_shoulder 1 0.467908 0.382918 1.84364 30098
/joint r_elbow 1 0.397935 0.474177 1.79003 30098
/joint r_hand 1 0.461224 0.361395 1.71477 30098
/joint torso 1 0.52929 0.49467 1.85207 30115
/joint l_hip 1 0.567564 0.606416 1.85158 30115
/joint l_knee 1 0.573324 0.81522 1.8761 30115
/joint r_hip 1 0.493814 0.606393 1.82312 30115
/joint r_knee 1 0.487413 0.797394 1.85553 30132
/joint r_foot 1 0.558071 0.802275 1.78987 30132
/joint head 1 0.527627 0.246557 1.85549 30132
/joint neck 1 0.528055 0.382946 1.86672 30148
/joint l_shoulder 1 0.58817 0.383089 1.88975 30149
/joint l_elbow 1 0.680135 0.430484 1.89187 30149
/joint l_hand 1 0.62184 0.350219 1.73716 30149
/joint r_shoulder 1 0.467939 0.382803 1.84369 30166
/joint r_elbow 1 0.398008 0.474291 1.79003 30166
/joint r_hand 1 0.46062 0.36564 1.70705 30166
/joint torso 1 0.529333 0.494375 1.85181 30183
/joint l_hip 1 0.56724 0.605892 1.85094 30183
/joint l_knee 1 0.572833 0.814874 1.87195 30183
/joint r_hip 1 0.493985 0.605718 1.82287 30200
/joint r_knee 1 0.485969 0.797659 1.85152 30200
/joint r_foot 1 0.562789 0.800418 1.78535 30200
/joint head 1 0.527847 0.246545 1.8554 30200
/joint neck 1 0.528212 0.383276 1.86663 30218
/joint l_shoulder 1 0.587707 0.384393 1.89312 30218
/joint l_elbow 1 0.679857 0.431392 1.89574 30218
/joint l_hand 1 0.624194 0.353683 1.73501 30218
/joint r_shoulder 1 0.468716 0.382159 1.84014 30235
/joint r_elbow 1 0.398174 0.473502 1.78576 30235
/joint r_hand 1 0.463024 0.366476 1.69566 30235
/joint torso 1 0.529059 0.495587 1.84836 30252
/joint l_hip 1 0.56714 0.608598 1.84667 30252
/joint l_knee 1 0.572816 0.81813 1.84783 30252
/joint r_hip 1 0.492672 0.6072 1.81352 30269
/joint r_knee 1 0.480053 0.76257 1.85736 30269
/joint r_foot 1 0.516371 0.845812 1.83652 30269
/joint head 1 0.527795 0.246344 1.85498 30269
/joint neck 1 0.528541 0.383789 1.86634 30286
/joint l_shoulder 1 0.587886 0.384725 1.89072 30286
/joint l_elbow 1 0.680295 0.430827 1.89351 30286
/joint l_hand 1 0.622 0.354283 1.72705 30303
/joint r_shoulder 1 0.469196 0.382852 1.84196 30303
/joint r_elbow 1 0.398621 0.475002 1.79061 30303
/joint r_hand 1 0.461264 0.373817 1.69756 30320
/joint torso 1 0.529287 0.495181 1.84945 30320
/joint l_hip 1 0.56668 0.607152 1.84761 30321
/joint l_knee 1 0.571814 0.816892 1.85436 30321
/joint r_hip 1 0.493388 0.605996 1.8175 30337
/joint r_knee 1 0.48067 0.742522 1.84196 30337
/joint r_foot 1 0.512723 0.843838 1.81303 30337
/joint head 1 0.527782 0.246161 1.85487 30353
/joint neck 1 0.529032 0.384374 1.86609 30353
/joint l_shoulder 1 0.588288 0.385439 1.88968 30353
/joint l_elbow 1 0.68147 0.431795 1.89267 30353
/joint l_hand 1 0.623475 0.355483 1.72303 30370
/joint r_shoulder 1 0.469777 0.383308 1.8425 30370
/joint r_elbow 1 0.399889 0.476582 1.7972 30370
/joint r_hand 1 0.460778 0.377615 1.69965 30387
/joint torso 1 0.529538 0.495819 1.84969 30387
/joint l_hip 1 0.566591 0.607922 1.84783 30387
/joint l_knee 1 0.575018 0.817367 1.85986 30404
/joint r_hip 1 0.493496 0.606608 1.81874 30404
/joint r_knee 1 0.485125 0.741764 1.82662 30404
/joint r_foot 1 0.522002 0.844015 1.82503 30404
/joint head 1 0.527769 0.245582 1.85461 30421
/joint neck 1 0.530181 0.384904 1.86455 30421
/joint l_shoulder 1 0.588719 0.386347 1.8887 30421
/joint l_elbow 1 0.681815 0.432101 1.89199 30438
/joint l_hand 1 0.623737 0.356683 1.72137 30438
/joint r_shoulder 1 0.471643 0.383462 1.84039 30438
/joint r_elbow 1 0.401755 0.47938 1.80954 30455
/joint r_hand 1 0.458288 0.37884 1.70104 30455
/joint torso 1 0.530315 0.496186 1.8483 30455
/joint l_hip 1 0.566544 0.608356 1.84695 30455
/joint l_knee 1 0.574155 0.814922 1.86402 30471
/joint l_foot 1 0.550503 0.833237 1.87137 30471
/joint r_hip 1 0.494352 0.606577 1.81716 30471
/joint r_knee 1 0.486331 0.743556 1.8177 30487
/joint r_foot 1 0.527011 0.839848 1.82999 30487
/joint head 1 0.527796 0.245396 1.85418 30487
/joint neck 1 0.530393 0.38519 1.86398 30504
/joint l_shoulder 1 0.588956 0.386618 1.88775 30504
/joint l_elbow 1 0.681199 0.433386 1.89378 30504
/joint l_hand 1 0.626293 0.357322 1.72281 30504
/joint r_shoulder 1 0.47183 0.383762 1.84021 30521
/joint r_elbow 1 0.401108 0.479231 1.80573 30521
/joint r_hand 1 0.457005 0.37607 1.70526 30521
/joint torso 1 0.530465 0.496392 1.84825 30537
/joint l_hip 1 0.566395 0.608469 1.84707 30537
/joint l_knee 1 0.574053 0.816433 1.86726 30537
/joint r_hip 1 0.494678 0.60672 1.81796 30555
/joint r_knee 1 0.489452 0.768696 1.80266 30555
/joint r_foot 1 0.577421 0.804471 1.8226 30555
/joint head 1 0.527831 0.245359 1.85378 30555
/joint neck 1 0.530737 0.38559 1.86376 30570
/joint l_shoulder 1 0.589354 0.387188 1.88755 30570
/joint l_elbow 1 0.681818 0.43326 1.89245 30570
/joint l_hand 1 0.624095 0.354951 1.71346 30587
/joint r_shoulder 1 0.472121 0.383992 1.83997 30588
/joint r_elbow 1 0.40176 0.472377 1.82964 30588
/joint r_hand 1 0.454521 0.378729 1.70221 30605
/joint torso 1 0.530627 0.496326 1.8481 30605
/joint l_hip 1 0.566159 0.608034 1.84691 30605
/joint l_knee 1 0.571971 0.815225 1.88437 30605
/joint r_hip 1 0.494877 0.606091 1.81798 30621
/joint r_knee 1 0.494833 0.766779 1.79844 30621
/joint r_foot 1 0.570612 0.809763 1.82693 30621
/joint head 1 0.527846 0.245529 1.85338 30637
/joint neck 1 0.53102 0.385854 1.86334 30637
/joint l_shoulder 1 0.589551 0.387512 1.88708 30637
/joint l_elbow 1 0.682004 0.433012 1.8917 30653
/joint l_hand 1 0.625923 0.355053 1.71963 30653
/joint r_shoulder 1 0.472489 0.384196 1.83961 30653
/joint r_elbow 1 0.401424 0.47639 1.82689 30653
/joint r_hand 1 0.453905 0.376336 1.70609 30670
/joint torso 1 0.530831 0.49652 1.84781 30671
/joint l_hip 1 0.566371 0.608198 1.84677 30671
/joint l_knee 1 0.57367 0.815445 1.88245 30688
/joint r_hip 1 0.494912 0.606174 1.8178 30688
/joint r_knee 1 0.486948 0.756298 1.78089 30688
/joint r_foot 1 0.572801 0.806643 1.82738 30688
/joint head 1 0.528054 0.245122 1.85286 30705
/joint neck 1 0.53114 0.385784 1.86289 30705
/joint l_shoulder 1 0.589549 0.387323 1.88581 30705
/joint l_elbow 1 0.682252 0.432934 1.89116 30722
/joint l_hand 1 0.626641 0.355589 1.72212 30722
/joint r_shoulder 1 0.472732 0.384245 1.83996 30722
/joint r_elbow 1 0.399368 0.477489 1.82369 30739
/joint r_hand 1 0.453285 0.376298 1.70531 30739
/joint torso 1 0.530977 0.49648 1.84783 30739
/joint l_hip 1 0.566705 0.608122 1.84685 30739
/joint l_knee 1 0.575216 0.815708 1.87651 30755
/joint r_hip 1 0.494924 0.606231 1.81868 30755
/joint r_knee 1 0.486377 0.7535 1.79755 30755
/joint r_foot 1 0.574276 0.803233 1.82652 30772
/joint head 1 0.528261 0.244813 1.85285 30772
/joint neck 1 0.531561 0.386763 1.863 30772
/joint l_shoulder 1 0.589577 0.388461 1.88502 30789
/joint l_elbow 1 0.682407 0.433613 1.89096 30789
/joint l_hand 1 0.622661 0.35217 1.71561 30789
/joint r_shoulder 1 0.473546 0.385065 1.84098 30789
/joint r_elbow 1 0.397868 0.477513 1.81891 30805
/joint r_hand 1 0.455913 0.374229 1.70223 30805
/joint torso 1 0.531166 0.497175 1.84801 30805
/joint l_hip 1 0.566579 0.608636 1.84662 30823
/joint l_knee 1 0.576824 0.818258 1.86348 30823
/joint r_hip 1 0.494961 0.60654 1.81944 30823
/joint r_knee 1 0.481921 0.744442 1.81475 30823
/joint r_foot 1 0.568051 0.798731 1.8055 30875
/joint head 1 0.528259 0.244651 1.85281 30875
/joint neck 1 0.531633 0.387161 1.86322 30875
/joint l_shoulder 1 0.589629 0.388846 1.8841 30875
/joint l_elbow 1 0.68255 0.433661 1.89056 30875
/joint l_hand 1 0.622427 0.354828 1.71195 30875
/joint r_shoulder 1 0.473636 0.385476 1.84235 30875
/joint r_elbow 1 0.398076 0.477932 1.81365 30875
/joint r_hand 1 0.454068 0.373831 1.70697 30875
/joint torso 1 0.531194 0.497711 1.84802 30875
/joint l_hip 1 0.566597 0.609303 1.84571 30883
/joint l_knee 1 0.567693 0.795211 1.85731 30899
/joint l_foot 1 0.565828 0.841711 1.85964 30899
/joint r_hip 1 0.494915 0.607221 1.81991 30900
/joint r_knee 1 0.477495 0.73784 1.84231 30900
/joint r_foot 1 0.565859 0.802608 1.81573 30917
/joint head 1 0.528181 0.244586 1.85219 30917
/joint neck 1 0.531478 0.38726 1.86355 30917
/joint l_shoulder 1 0.589504 0.388725 1.8838 30933
/joint l_elbow 1 0.682645 0.433561 1.89093 30933
/joint l_hand 1 0.62149 0.352239 1.71075 30933
/joint r_shoulder 1 0.473452 0.385796 1.84329 30933
/joint r_elbow 1 0.396921 0.47875 1.81131 30951
/joint r_hand 1 0.455965 0.374546 1.70011 30951
/joint torso 1 0.531232 0.497795 1.84838 30951
/joint l_hip 1 0.5668 0.609234 1.84572 30967
/joint l_knee 1 0.568557 0.800725 1.85519 30967
/joint l_foot 1 0.572404 0.8422 1.86301 30967
/joint r_hip 1 0.495173 0.607426 1.82071 30984
/joint r_knee 1 0.482097 0.743507 1.82098 30984
/joint r_foot 1 0.560851 0.809643 1.82021 30985
/joint head 1 0.528254 0.24474 1.85181 30985
/joint neck 1 0.531521 0.387139 1.86375 31002
/joint l_shoulder 1 0.589557 0.388579 1.88389 31002
/joint l_elbow 1 0.683376 0.434303 1.89094 31002
/joint l_hand 1 0.620857 0.349157 1.70231 31018
/joint r_shoulder 1 0.473485 0.385699 1.84362 31018
/joint r_elbow 1 0.396492 0.479488 1.80924 31018
/joint r_hand 1 0.456614 0.375565 1.70047 31018
/joint torso 1 0.531304 0.497859 1.84843 31035
/joint l_hip 1 0.56703 0.609471 1.84558 31035
/joint l_knee 1 0.568287 0.80764 1.85736 31035
/joint l_foot 1 0.580201 0.843026 1.86297 31052
/joint r_hip 1 0.495146 0.607687 1.82064 31052
/joint r_knee 1 0.482445 0.751777 1.82482 31052
/joint r_foot 1 0.564751 0.810031 1.82319 31070
/joint head 1 0.52838 0.244687 1.85161 31070
/joint neck 1 0.531424 0.386673 1.86312 31070
/joint l_shoulder 1 0.589582 0.388002 1.88335 31070
/joint l_elbow 1 0.683345 0.43362 1.89158 31086
/joint l_hand 1 0.622692 0.352386 1.70941 31086
/joint r_shoulder 1 0.473265 0.385345 1.84288 31086
/joint r_elbow 1 0.423768 0.466079 1.89031 31104
/joint r_hand 1 0.456202 0.380513 1.69958 31104
/joint torso 1 0.531328 0.497553 1.84784 31104
/joint l_hip 1 0.567277 0.609256 1.8451 31104
/joint l_knee 1 0.580273 0.818157 1.86795 31121
/joint r_hip 1 0.495187 0.607609 1.82002 31121
/joint r_knee 1 0.482653 0.759579 1.8285 31121
/joint r_foot 1 0.566245 0.814133 1.84076 31138
/joint head 1 0.528433 0.24466 1.85136 31138
/joint neck 1 0.531547 0.386435 1.86333 31138
/joint l_shoulder 1 0.589814 0.387889 1.8834 31138
/joint l_elbow 1 0.684192 0.433944 1.89054 31154
/joint l_hand 1 0.623528 0.355813 1.7039 31154
/joint r_shoulder 1 0.47328 0.384981 1.84326 31154
/joint r_elbow 1 0.413902 0.471414 1.89281 31172
/joint r_hand 1 0.456029 0.380426 1.69886 31172
/joint torso 1 0.531352 0.4974 1.84751 31172
/joint l_hip 1 0.567252 0.609266 1.84412 31188
/joint l_knee 1 0.584905 0.81741 1.86998 31188
/joint r_hip 1 0.495063 0.607464 1.81925 31188
/joint r_knee 1 0.482463 0.766498 1.83208 31188
/joint r_foot 1 0.564207 0.809838 1.82746 31206
/joint head 1 0.528517 0.244818 1.85097 31206
/joint neck 1 0.531606 0.387349 1.8639 31206
/joint l_shoulder 1 0.589956 0.388903 1.88455 31223
/joint l_elbow 1 0.68392 0.435438 1.89092 31223
/joint l_hand 1 0.618135 0.37288 1.73143 31223
/joint r_shoulder 1 0.473256 0.385794 1.84326 31223
/joint r_elbow 1 0.404093 0.468517 1.85618 31239
/joint r_hand 1 0.456778 0.378731 1.69662 31239
/joint torso 1 0.531418 0.498136 1.84726 31239
/joint l_hip 1 0.567197 0.609881 1.84334 31257
/joint l_knee 1 0.587164 0.817743 1.86991 31257
/joint r_hip 1 0.495262 0.607965 1.81789 31257
/joint r_knee 1 0.486255 0.771433 1.83834 31274
/joint r_foot 1 0.561305 0.813099 1.85837 31274
/joint head 1 0.528627 0.245171 1.84988 31274
/joint neck 1 0.531864 0.387628 1.8633 31274
/joint l_shoulder 1 0.5901 0.389261 1.8848 31291
/joint l_elbow 1 0.68364 0.435609 1.89066 31291
/joint l_hand 1 0.625213 0.354925 1.71171 31291
/joint r_shoulder 1 0.473629 0.385994 1.8418 31308
/joint r_elbow 1 0.407708 0.46661 1.86738 31308
/joint r_hand 1 0.455499 0.381263 1.69758 31308
/joint torso 1 0.531633 0.498533 1.84685 31308
/joint l_hip 1 0.567381 0.610447 1.84368 31325
/joint l_knee 1 0.583503 0.818979 1.86948 31325
/joint r_hip 1 0.495422 0.608428 1.81712 31325
/joint r_knee 1 0.477625 0.747867 1.86008 31343
/joint r_foot 1 0.556986 0.821851 1.87674 31343
/joint head 1 0.528735 0.245132 1.84893 31343
/joint neck 1 0.532362 0.38833 1.86264 31359
/joint l_shoulder 1 0.590336 0.390201 1.88446 31359
/joint l_elbow 1 0.683875 0.435571 1.88979 31359
/joint l_hand 1 0.623673 0.356892 1.71227 31359
/joint r_shoulder 1 0.474388 0.38646 1.84081 31376
/joint r_elbow 1 0.406571 0.465361 1.87022 31376
/joint r_hand 1 0.455625 0.380332 1.69686 31376
/joint torso 1 0.531856 0.499065 1.84665 31393
/joint l_hip 1 0.567439 0.610964 1.84426 31393
/joint l_knee 1 0.578684 0.809026 1.86186 31393
/joint l_foot 1 0.572158 0.857962 1.88516 31393
/joint r_hip 1 0.495262 0.608635 1.81709 31409
/joint r_knee 1 0.477098 0.736662 1.85083 31409
/joint r_foot 1 0.553806 0.824407 1.86693 31409
/joint head 1 0.528901 0.245006 1.84849 31428
/joint neck 1 0.532621 0.38832 1.86187 31428
/joint l_shoulder 1 0.590373 0.390294 1.88369 31428
/joint l_elbow 1 0.683886 0.435053 1.88904 31444
/joint l_hand 1 0.625239 0.353137 1.71248 31444
/joint r_shoulder 1 0.474869 0.386347 1.84006 31444
/joint r_elbow 1 0.404411 0.46659 1.8626 31444
/joint r_hand 1 0.456681 0.378548 1.69652 31460
/joint torso 1 0.531957 0.499254 1.84633 31460
/joint l_hip 1 0.567517 0.611426 1.84447 31460
/joint l_knee 1 0.576609 0.79701 1.84722 31476
/joint l_foot 1 0.571967 0.856682 1.88624 31476
/joint r_hip 1 0.495069 0.608951 1.8171 31476
/joint r_knee 1 0.476473 0.732472 1.84203 31493
/joint r_foot 1 0.528748 0.839264 1.80323 31493
/joint head 1 0.528976 0.245447 1.84831 31493
/joint neck 1 0.532847 0.388111 1.86167 31493
/joint l_shoulder 1 0.590602 0.390144 1.88304 31508
/joint l_elbow 1 0.683696 0.428753 1.88188 31508
/joint l_hand 1 0.623633 0.351862 1.70965 31508
/joint r_shoulder 1 0.475092 0.386077 1.84031 31525
/joint r_elbow 1 0.40165 0.476879 1.84207 31525
/joint r_hand 1 0.456401 0.378646 1.69442 31525
/joint torso 1 0.532082 0.49927 1.84614 31543
/joint l_hip 1 0.567749 0.611712 1.84408 31543
/joint l_knee 1 0.575165 0.792939 1.83878 31543
/joint l_foot 1 0.571108 0.86105 1.88768 31543
/joint r_hip 1 0.494885 0.609146 1.81713 31560
/joint r_knee 1 0.476715 0.730502 1.83515 31560
/joint r_foot 1 0.549194 0.817853 1.83265 31560
/joint head 1 0.529214 0.246014 1.84809 31577
/joint neck 1 0.533168 0.388002 1.86139 31577
/joint l_shoulder 1 0.590761 0.390158 1.88248 31578
/joint l_elbow 1 0.68369 0.431225 1.88348 31594
/joint l_hand 1 0.616624 0.373547 1.71814 31594
/joint r_shoulder 1 0.475575 0.385847 1.8403 31594
/joint r_elbow 1 0.401205 0.474393 1.84181 31594
/joint r_hand 1 0.457005 0.376834 1.69375 31611
/joint torso 1 0.532283 0.499296 1.84546 31611
/joint l_hip 1 0.56785 0.611953 1.84289 31611
/joint l_knee 1 0.572959 0.80848 1.84316 31627
/joint l_foot 1 0.568834 0.862277 1.88779 31627
/joint r_hip 1 0.494945 0.609225 1.81619 31627
/joint r_knee 1 0.48073 0.748084 1.83488 31643
/joint r_foot 1 0.547065 0.816505 1.83616 31643
/joint head 1 0.5293 0.246133 1.84833 31644
/joint neck 1 0.533237 0.388053 1.86075 31644
/joint l_shoulder 1 0.590579 0.390189 1.88161 31661
/joint l_elbow 1 0.685094 0.432365 1.87335 31661
/joint l_hand 1 0.626374 0.356076 1.71251 31661
/joint r_shoulder 1 0.475895 0.385917 1.83989 31678
/joint r_elbow 1 0.400343 0.473088 1.83817 31678
/joint r_hand 1 0.455523 0.377932 1.69343 31678
/joint torso 1 0.532348 0.49955 1.84483 31678
/joint l_hip 1 0.567859 0.612402 1.84216 31694
/joint l_knee 1 0.573085 0.822197 1.84807 31694
/joint r_hip 1 0.49506 0.60969 1.81568 31694
/joint r_knee 1 0.479177 0.742912 1.8396 31711
/joint r_foot 1 0.548941 0.813706 1.82988 31711
/joint head 1 0.529512 0.246046 1.84897 31711
/joint neck 1 0.533224 0.388137 1.8599 31728
/joint l_shoulder 1 0.590487 0.390423 1.88112 31728
/joint l_elbow 1 0.684812 0.432584 1.87567 31728
/joint l_hand 1 0.623878 0.358604 1.70497 31744
/joint r_shoulder 1 0.475962 0.38585 1.83868 31744
/joint r_elbow 1 0.400127 0.475828 1.82173 31744
/joint r_hand 1 0.453615 0.376618 1.69204 31744
/joint torso 1 0.532197 0.500167 1.84383 31761
/joint l_hip 1 0.567682 0.613654 1.84129 31761
/joint l_knee 1 0.573642 0.823448 1.84298 31761
/joint r_hip 1 0.494658 0.610738 1.81422 31778
/joint r_knee 1 0.485198 0.75072 1.8627 31778
/joint r_foot 1 0.54844 0.8157 1.84724 31778
/joint head 1 0.529593 0.245951 1.85021 31778
/joint neck 1 0.532602 0.388219 1.86079 31794
/joint l_shoulder 1 0.590379 0.390303 1.88175 31794
/joint l_elbow 1 0.684117 0.432797 1.87651 31794
/joint l_hand 1 0.627874 0.358954 1.70898 31810
/joint r_shoulder 1 0.474824 0.386135 1.83982 31810
/joint r_elbow 1 0.400624 0.475413 1.82266 31810
/joint r_hand 1 0.45595 0.38048 1.68999 31826
/joint torso 1 0.531817 0.500264 1.84438 31826
/joint l_hip 1 0.567426 0.613622 1.84118 31826
/joint l_knee 1 0.573765 0.823519 1.84311 31844
/joint r_hip 1 0.494638 0.610996 1.81477 31844
/joint r_knee 1 0.486983 0.757641 1.86291 31844
/joint r_foot 1 0.549472 0.818007 1.841 31844
/joint head 1 0.529677 0.245938 1.85093 31860
/joint neck 1 0.531372 0.390857 1.86198 31860
/joint l_shoulder 1 0.589416 0.39235 1.88339 31860
/joint l_elbow 1 0.683496 0.430514 1.87834 31885
/joint l_hand 1 0.626196 0.353499 1.70075 31885
/joint r_shoulder 1 0.473328 0.389364 1.84057 31885
/joint r_elbow 1 0.400925 0.477968 1.82218 31885
/joint r_hand 1 0.454568 0.381061 1.69071 31885
/joint torso 1 0.53134 0.501523 1.84497 31902
/joint l_hip 1 0.567669 0.613124 1.84137 31902
/joint l_knee 1 0.583583 0.822098 1.84284 31902
/joint r_hip 1 0.494946 0.611254 1.81455 31919
/joint r_knee 1 0.485104 0.745984 1.83682 31919
/joint r_foot 1 0.550261 0.818371 1.84057 31920
/joint head 1 0.529728 0.245898 1.8514 31920
/joint neck 1 0.529047 0.388916 1.86823 31936
/joint l_shoulder 1 0.585058 0.389951 1.89351 31936
/joint l_elbow 1 0.682991 0.433074 1.87453 31936
---STOP: 2014-01-11-22-32-27-004---
