Gesto: 2
0 0.661805 0.257609 1.59296 63456
0 0.658212 0.290394 1.57817 63523
0 0.657208 0.321714 1.55903 63590
0 0.650286 0.35807 1.54194 63656
0 0.643942 0.394978 1.5275 63723
0 0.636814 0.43091 1.51616 63790
0 0.623598 0.467316 1.50313 63874
0 0.608352 0.503121 1.49518 63942
0 0.587595 0.533964 1.49267 64010
0 0.562555 0.558383 1.48771 64076
0 0.53825 0.577345 1.48132 64143
0 0.515138 0.589175 1.47735 64210
0 0.489517 0.594651 1.47583 64277
0 0.466801 0.594684 1.47176 64344
0 0.445466 0.588276 1.46604 64413
0 0.424943 0.578039 1.45966 64495
0 0.40706 0.560141 1.45479 64564
0 0.39466 0.540283 1.44713 64631
0 0.384072 0.514267 1.44109 64697
0 0.376819 0.484044 1.43308 64764
0 0.372798 0.455715 1.4273 64829
0 0.369548 0.425839 1.42194 64896
0 0.370991 0.395698 1.42127 64976
0 0.373176 0.367307 1.42129 65043
0 0.37572 0.340882 1.42279 65108
0 0.379566 0.315835 1.42335 65174
0 0.382622 0.293565 1.43037 65240
0 0.387744 0.270536 1.42806 65308
0 0.389806 0.250711 1.43298 65389
0 0.390542 0.235098 1.43866 65455
0 0.390681 0.225863 1.44984 65522
0 0.391394 0.220722 1.45812 65589
0 0.391499 0.218971 1.46104 65656

