Gesto: 2
0 0.546322 0.18735 1.92236 621934
0 0.546295 0.188815 1.9247 621967
0 0.543375 0.188307 1.92268 622002
0 0.544744 0.18949 1.9227 622035
0 0.545468 0.189941 1.92193 622067
0 0.547826 0.187598 1.91825 622100
0 0.555425 0.184244 1.9137 622133
0 0.563394 0.181017 1.91141 622166
0 0.576424 0.176434 1.91078 622199
0 0.591256 0.169135 1.91457 622232
0 0.608905 0.159173 1.91832 622266
0 0.627514 0.150714 1.92382 622300
0 0.647204 0.144389 1.92661 622334
0 0.668265 0.139469 1.9336 622366
0 0.688076 0.136254 1.94451 622400
0 0.701613 0.135049 1.95492 622434
0 0.714766 0.135552 1.95729 622466
0 0.724974 0.137863 1.96834 622499
0 0.73008 0.140074 1.97446 622532
0 0.732304 0.1418 1.97671 622565
0 0.733349 0.144108 1.97597 622599
0 0.732706 0.152277 1.96883 622632
0 0.726525 0.15753 1.96192 622664
0 0.716172 0.163405 1.95481 622697
0 0.706905 0.175243 1.94099 622746
0 0.691579 0.190005 1.93225 622763
0 0.674708 0.207351 1.9233 622814
0 0.65496 0.22593 1.91398 622831
0 0.636417 0.24356 1.91159 622864
0 0.620299 0.26059 1.91497 622914
0 0.603982 0.278174 1.90999 622948
0 0.589329 0.295458 1.90449 622965
0 0.581714 0.304168 1.91145 623015
0 0.576612 0.313041 1.91367 623031
0 0.574343 0.31845 1.91305 623065
0 0.573584 0.323438 1.90457 623099
0 0.579015 0.319078 1.91105 623132
0 0.588783 0.317184 1.91155 623165
0 0.596369 0.317973 1.90666 623215
0 0.61094 0.317242 1.90832 623232
0 0.624715 0.311262 1.91369 623266
0 0.639997 0.308975 1.9171 623301
0 0.659379 0.307907 1.92169 623334
0 0.679495 0.304054 1.92722 623368
0 0.698771 0.30377 1.93216 623403
0 0.717946 0.303948 1.94252 623436
0 0.733369 0.301933 1.94645 623469

1 0.490916 0.330252 1.97015 624899
1 0.494186 0.330908 1.96986 624932
1 0.499385 0.330371 1.97398 624984
1 0.508458 0.331161 1.97753 624999
1 0.522963 0.330927 1.98402 625033
1 0.541815 0.329298 1.98597 625067
1 0.56063 0.32909 1.98853 625101
1 0.577705 0.33202 1.9891 625134
1 0.590581 0.33631 1.98907 625168
1 0.596294 0.339512 1.98634 625202
1 0.596937 0.344905 1.98005 625235
1 0.586705 0.351038 1.97999 625269
1 0.569681 0.36123 1.97641 625303
1 0.550904 0.37019 1.97824 625337
1 0.534354 0.380897 1.98498 625371
1 0.51618 0.391498 1.98537 625405
1 0.503355 0.400539 1.98645 625439
1 0.497261 0.408522 1.98586 625473
1 0.501444 0.416673 1.99289 625507
1 0.510461 0.421959 1.99447 625541
1 0.524278 0.426256 1.99784 625575
1 0.548724 0.438354 1.99694 625608
1 0.576351 0.44428 2.00111 625641
1 0.603234 0.444294 2.01458 625674
1 0.627678 0.441578 2.02 625708

2 0.316041 0.284153 1.97807 627173
2 0.317177 0.284049 1.97969 627205
2 0.317894 0.284022 1.98313 627239
2 0.318631 0.284114 1.98474 627273
2 0.323187 0.286177 1.97876 627308
2 0.327585 0.285195 1.98196 627343
2 0.340433 0.287245 1.97218 627375
2 0.360753 0.288954 1.95429 627408
2 0.383184 0.287268 1.94997 627440
2 0.40299 0.288327 1.94049 627474
2 0.420998 0.293416 1.9317 627506
2 0.431872 0.299301 1.92729 627539
2 0.435565 0.306984 1.92553 627572
2 0.431808 0.314271 1.9244 627605
2 0.422068 0.319938 1.92931 627639
2 0.405904 0.332704 1.92639 627673
2 0.388418 0.345631 1.93544 627705
2 0.369931 0.361226 1.94939 627739
2 0.35341 0.377342 1.96375 627773
2 0.341512 0.395332 1.97519 627807
2 0.336816 0.408251 1.97688 627840
2 0.344643 0.420247 1.97629 627873
2 0.363552 0.429101 1.96615 627907
2 0.392735 0.430329 1.9563 627940
2 0.423529 0.434748 1.94051 627974
2 0.453672 0.44452 1.93802 628005
2 0.483011 0.449272 1.94415 628037

3 0.676938 0.383101 2.04086 629716
3 0.6759 0.378526 2.03852 629749
3 0.677396 0.376454 2.03946 629783
3 0.677732 0.375926 2.04236 629817
3 0.680465 0.376952 2.04371 629851
3 0.685836 0.37569 2.04415 629885
3 0.697506 0.373653 2.04844 629918
3 0.715224 0.371358 2.0531 629952
3 0.734896 0.366322 2.05954 629986
3 0.75739 0.365653 2.0697 630020
3 0.776027 0.368123 2.0759 630037
3 0.790131 0.369539 2.08348 630070
3 0.79822 0.375282 2.09283 630121
3 0.797472 0.382467 2.09737 630138
3 0.791438 0.394044 2.08528 630172
3 0.776737 0.408078 2.0712 630206
3 0.75923 0.424902 2.06036 630240
3 0.736935 0.44404 2.05569 630274
3 0.716468 0.457777 2.05778 630308
3 0.699241 0.469041 2.05719 630341
3 0.688246 0.477677 2.06001 630374
3 0.68836 0.483401 2.05764 630407
3 0.701573 0.488442 2.05943 630441
3 0.723556 0.489383 2.06859 630475
3 0.749807 0.484545 2.08989 630508
3 0.77402 0.481265 2.10804 630542
3 0.792374 0.476253 2.12251 630575
3 0.813118 0.471046 2.14298 630608
3 0.82983 0.465361 2.15702 630641

4 0.723838 0.167033 2.05706 631721
4 0.727657 0.165844 2.05857 631737
4 0.735321 0.165784 2.06257 631788
4 0.743252 0.16516 2.06922 631805
4 0.757297 0.164743 2.07494 631839
4 0.772241 0.166224 2.08156 631889
4 0.788786 0.170678 2.09237 631906
4 0.804853 0.17367 2.09948 631938
4 0.818199 0.177232 2.10639 631989
4 0.827726 0.183267 2.11086 632006
4 0.83329 0.189122 2.10904 632039
4 0.829966 0.194701 2.10181 632073
4 0.82326 0.201498 2.08632 632106
4 0.815323 0.206215 2.06809 632141
4 0.799501 0.211133 2.04795 632188
4 0.779672 0.213457 2.02917 632205
4 0.760158 0.222061 2.01174 632239
4 0.739958 0.228192 1.99732 632273
4 0.724275 0.232576 1.98729 632306
4 0.71053 0.234844 1.98638 632356
4 0.706224 0.239123 1.99084 632388
4 0.710192 0.241598 1.99486 632421
4 0.722091 0.244845 1.99622 632454
4 0.738379 0.245403 2.00747 632488
4 0.762538 0.246062 2.02373 632521
4 0.78726 0.248901 2.04164 632553
4 0.814616 0.252996 2.05784 632587
4 0.838503 0.257392 2.08058 632621

5 0.374324 0.0824012 2.10653 634445
5 0.374843 0.0839715 2.10252 634480
5 0.376049 0.0848027 2.092 634513
5 0.37934 0.0861987 2.08967 634546
5 0.389128 0.0816373 2.07894 634580
5 0.400103 0.0766333 2.07812 634613
5 0.413868 0.0743828 2.07287 634647
5 0.42759 0.071462 2.06979 634681
5 0.441819 0.0689708 2.06897 634714
5 0.455919 0.0681775 2.06764 634748
5 0.465429 0.0672221 2.06787 634782
5 0.4718 0.0680353 2.06763 634816
5 0.474196 0.0708879 2.06242 634849
5 0.470729 0.0741065 2.05013 634883
5 0.461943 0.0793144 2.04116 634917
5 0.451471 0.0865794 2.03837 634950
5 0.437773 0.0927782 2.03592 634985
5 0.424172 0.103103 2.03225 635018
5 0.409362 0.111538 2.03091 635051
5 0.397108 0.117877 2.03258 635085
5 0.389826 0.12187 2.03155 635119
5 0.38511 0.126564 2.03238 635153
5 0.387884 0.129435 2.03417 635186
5 0.396618 0.129347 2.03383 635219
5 0.405922 0.130957 2.03685 635253
5 0.419943 0.126482 2.03582 635285
5 0.438502 0.130027 2.03305 635320
5 0.459904 0.130938 2.03486 635353
5 0.485292 0.130963 2.04155 635387
5 0.513234 0.133581 2.04701 635420

6 0.197441 0.254566 2.11864 636511
6 0.198183 0.254396 2.11754 636544
6 0.201021 0.256673 2.11409 636577
6 0.20866 0.261969 2.10888 636611
6 0.218038 0.26302 2.10399 636645
6 0.232965 0.264558 2.09703 636678
6 0.253381 0.262718 2.08351 636711
6 0.278419 0.259777 2.0671 636761
6 0.32824 0.263061 2.07242 636777
6 0.369064 0.256324 2.0716 636811
6 0.409984 0.247295 2.07488 636846
6 0.45627 0.239346 2.09032 636880
6 0.505987 0.231678 2.10713 636911
6 0.545392 0.228944 2.13887 636944
6 0.575896 0.227614 2.16303 636978
6 0.593561 0.226393 2.17827 637011
6 0.60322 0.226847 2.18386 637060
6 0.605995 0.231051 2.19037 637077
6 0.605432 0.239457 2.18643 637127
6 0.598989 0.254158 2.17036 637144
6 0.588227 0.274754 2.14531 637178
6 0.567741 0.299702 2.12249 637227
6 0.537441 0.329469 2.09659 637244
6 0.491205 0.373926 2.07498 637277
6 0.442879 0.418091 2.07255 637328
6 0.395294 0.46287 2.08739 637345
6 0.349394 0.501524 2.11585 637379
6 0.302969 0.530248 2.14909 637413
6 0.269053 0.547995 2.18143 637447
6 0.243795 0.558774 2.2068 637479
6 0.229963 0.568544 2.2217 637529
6 0.222501 0.570849 2.22601 637546
6 0.219561 0.574986 2.22703 637580
6 0.223676 0.582091 2.22499 637613
6 0.234461 0.583022 2.22224 637647
6 0.25188 0.58307 2.23218 637681
6 0.283357 0.582647 2.22738 637714
6 0.331925 0.581141 2.18937 637747
6 0.379039 0.576237 2.1547 637780
6 0.428223 0.568057 2.15302 637813
6 0.484186 0.554566 2.18777 637846
6 0.541904 0.533865 2.25142 637879
6 0.584852 0.50875 2.30731 637928
6 0.613858 0.493435 2.34328 637945
6 0.634656 0.48276 2.38225 637978

7 0.286203 0.156873 2.11182 641158
7 0.287497 0.157946 2.10744 641191
7 0.288227 0.15869 2.1051 641225
7 0.288605 0.159899 2.10239 641259
7 0.291738 0.162951 2.0929 641293
7 0.295263 0.162362 2.09381 641327
7 0.304529 0.162221 2.09302 641360
7 0.313601 0.161197 2.08722 641392
7 0.323573 0.160623 2.0902 641425
7 0.336567 0.160471 2.09592 641457
7 0.350974 0.16073 2.09938 641491
7 0.36517 0.166055 2.1053 641525
7 0.37445 0.168561 2.10933 641559
7 0.378324 0.170881 2.10913 641591
7 0.3815 0.171474 2.10846 641622
7 0.382607 0.169174 2.1043 641656
7 0.376961 0.171095 2.10781 641690
7 0.368801 0.17548 2.10769 641721
7 0.354464 0.185045 2.10839 641755
7 0.339637 0.196804 2.10403 641788
7 0.323896 0.213116 2.10068 641822
7 0.309207 0.228896 2.09585 641855
7 0.299142 0.239368 2.099 641889
7 0.287339 0.248648 2.09913 641924
7 0.280057 0.256183 2.09888 641958
7 0.276996 0.258162 2.10044 641992
7 0.275451 0.258676 2.09813 642025
7 0.277573 0.262328 2.08342 642058
7 0.283975 0.262541 2.08835 642090
7 0.293787 0.260597 2.08828 642123
7 0.31216 0.258016 2.0949 642156
7 0.339483 0.251732 2.10107 642189
7 0.36692 0.244271 2.11575 642224
7 0.393748 0.240157 2.12879 642256
7 0.417843 0.238266 2.14551 642290

8 0.415671 0.617951 2.32262 644821
8 0.417107 0.615786 2.33276 644855
8 0.420766 0.616871 2.33197 644888
8 0.421542 0.616233 2.32907 644921
8 0.42115 0.615369 2.32808 644955
8 0.423112 0.616605 2.33646 644989
8 0.426854 0.615314 2.3389 645023
8 0.432473 0.608192 2.33803 645057
8 0.442073 0.611875 2.33731 645090
8 0.45555 0.614929 2.33758 645124
8 0.474043 0.609601 2.35125 645158
8 0.487969 0.606983 2.36632 645192
8 0.497845 0.605782 2.38218 645226
8 0.503865 0.6049 2.38849 645259
8 0.506442 0.603954 2.39144 645292
8 0.508184 0.609651 2.39311 645327
8 0.507518 0.613697 2.39284 645360
8 0.500464 0.617347 2.38353 645394
8 0.488304 0.625832 2.37937 645428
8 0.470101 0.636686 2.36815 645462
8 0.451966 0.650047 2.37091 645495
8 0.434979 0.660058 2.38151 645529
8 0.419998 0.670264 2.3881 645563
8 0.406673 0.679116 2.39259 645597
8 0.399037 0.685631 2.39855 645630
8 0.394537 0.689032 2.40733 645663
8 0.392275 0.690759 2.41318 645696
8 0.394114 0.698487 2.42281 645729
8 0.401522 0.705554 2.41645 645761
8 0.414628 0.708625 2.42452 645795
8 0.432364 0.708014 2.43563 645827
8 0.450889 0.702881 2.44642 645861
8 0.474154 0.700252 2.45878 645895
8 0.492471 0.696099 2.47621 645929
8 0.509882 0.686923 2.49104 645962

9 0.63654 0.57721 2.30382 648660
9 0.636458 0.576808 2.30622 648693
9 0.637079 0.577081 2.31252 648727
9 0.637236 0.577152 2.31574 648762
9 0.637386 0.576486 2.31943 648795
9 0.637741 0.576209 2.31209 648828
9 0.638397 0.577383 2.29865 648862
9 0.639201 0.578615 2.28814 648895
9 0.645728 0.578066 2.29433 648929
9 0.651346 0.576563 2.30136 648963
9 0.659818 0.575815 2.31124 648997
9 0.671297 0.574744 2.31901 649032
9 0.68379 0.574084 2.32025 649065
9 0.694554 0.570304 2.32925 649099
9 0.706248 0.571381 2.3379 649133
9 0.719948 0.567877 2.35053 649167
9 0.72753 0.563877 2.35547 649200
9 0.731909 0.562483 2.3605 649233
9 0.734164 0.568361 2.35767 649268
9 0.735616 0.573772 2.35813 649302
9 0.735086 0.578173 2.35477 649336
9 0.72911 0.587628 2.36018 649353
9 0.716487 0.593539 2.34962 649403
9 0.702569 0.603281 2.339 649437
9 0.686042 0.611214 2.33173 649454
9 0.667328 0.616575 2.32658 649505
9 0.64911 0.62062 2.33113 649522
9 0.631295 0.626776 2.33032 649555
9 0.615675 0.632013 2.33136 649604
9 0.604366 0.632562 2.33319 649638
9 0.598439 0.635041 2.33887 649655
9 0.596147 0.637506 2.3306 649705
9 0.591476 0.640617 2.33336 649737
9 0.593774 0.640409 2.33377 649753
9 0.599472 0.642626 2.33365 649802
9 0.609755 0.643502 2.33805 649836
9 0.626709 0.640773 2.34856 649854
9 0.647597 0.641502 2.35879 649903
9 0.66729 0.64151 2.37305 649936
9 0.687831 0.637829 2.39119 649970
9 0.708041 0.629124 2.41422 650004
9 0.725499 0.616926 2.43088 650037
9 0.741161 0.61181 2.44225 650054

10 0.287567 0.340106 2.10924 653607
10 0.286245 0.34023 2.1128 653639
10 0.286583 0.339618 2.11798 653673
10 0.287701 0.338599 2.11649 653707
10 0.2925 0.336035 2.12655 653740
10 0.295805 0.335999 2.13738 653775
10 0.300355 0.336704 2.14159 653808
10 0.307296 0.335487 2.13858 653825
10 0.31421 0.33713 2.14586 653876
10 0.325206 0.338812 2.15631 653909
10 0.333766 0.340452 2.15723 653925
10 0.343358 0.341087 2.15978 653976
10 0.349211 0.341629 2.15926 653993
10 0.352001 0.344861 2.16003 654026
10 0.350811 0.349238 2.1586 654060
10 0.347621 0.35076 2.16094 654094
10 0.342423 0.354053 2.16185 654128
10 0.333931 0.357127 2.15801 654162
10 0.325042 0.363138 2.15244 654196
10 0.311841 0.369443 2.14063 654230
10 0.299005 0.379784 2.14064 654263
10 0.290448 0.386416 2.14447 654296
10 0.285421 0.391794 2.14952 654328
10 0.283218 0.397046 2.15314 654362
10 0.282865 0.399238 2.15408 654396
10 0.284506 0.402243 2.1442 654429
10 0.289839 0.406691 2.14712 654463
10 0.30058 0.408042 2.15566 654497
10 0.315387 0.409445 2.16182 654531
10 0.331985 0.406962 2.17031 654564
10 0.351079 0.40668 2.17013 654598
10 0.366948 0.405432 2.17332 654632
10 0.379412 0.40206 2.17746 654666

11 0.403596 0.278809 2.04261 656635
11 0.399832 0.278171 2.04416 656670
11 0.398843 0.278281 2.04272 656703
11 0.398603 0.279641 2.03778 656737
11 0.403408 0.28143 2.02917 656770
11 0.413691 0.280591 2.02222 656803
11 0.430121 0.282639 2.0203 656835
11 0.452178 0.28286 2.02224 656867
11 0.477133 0.27975 2.03016 656901
11 0.505407 0.282869 2.03392 656935
11 0.537566 0.286664 2.04799 656967
11 0.571866 0.288553 2.06329 657000
11 0.61344 0.289065 2.08321 657033
11 0.653618 0.288496 2.10801 657067
11 0.687941 0.283852 2.1371 657101
11 0.715062 0.280701 2.16638 657135
11 0.733442 0.27757 2.19913 657169
11 0.748415 0.275422 2.22342 657202
11 0.75717 0.274164 2.23545 657235
11 0.762031 0.273439 2.24453 657268
11 0.763489 0.271006 2.24326 657302
11 0.760681 0.266427 2.24581 657334
11 0.757096 0.269336 2.24221 657368
11 0.754837 0.275872 2.23217 657402
11 0.750394 0.282082 2.21939 657435
11 0.74176 0.291111 2.20285 657469
11 0.727954 0.304967 2.18002 657502
11 0.711613 0.322052 2.15944 657535
11 0.690729 0.341988 2.13642 657568
11 0.665942 0.370873 2.12069 657601
11 0.636172 0.409352 2.11112 657635
11 0.596317 0.456303 2.10797 657668
11 0.557854 0.496079 2.10563 657702
11 0.523288 0.52692 2.11749 657735
11 0.494793 0.553357 2.1343 657768
11 0.472139 0.575788 2.15271 657802
11 0.453474 0.595075 2.17194 657836
11 0.443124 0.609686 2.18241 657869
11 0.439664 0.620542 2.19607 657902
11 0.451192 0.618085 2.20764 657936
11 0.470763 0.621685 2.20875 657969
11 0.498961 0.626312 2.19005 658002
11 0.534012 0.630061 2.18613 658034
11 0.578839 0.623451 2.19611 658067
11 0.626344 0.607894 2.2187 658101
11 0.665882 0.587907 2.25294 658135
11 0.701151 0.56538 2.29189 658170
11 0.726022 0.544012 2.33051 658203
11 0.749225 0.526473 2.37286 658237
11 0.764925 0.518258 2.41318 658271

12 0.552 0.0842702 2.16792 660736
12 0.55309 0.0810026 2.16246 660770
12 0.555605 0.0819372 2.1654 660803
12 0.557388 0.083009 2.17077 660836
12 0.562576 0.0828263 2.17615 660870
12 0.570671 0.0845878 2.17411 660902
12 0.579613 0.0843332 2.1711 660936
12 0.585844 0.0847939 2.16733 660969
12 0.590996 0.0849916 2.17336 661003
12 0.593216 0.0879785 2.16533 661037
12 0.596386 0.0889438 2.16591 661071
12 0.594132 0.091805 2.16717 661104
12 0.593142 0.0978533 2.16233 661138
12 0.592366 0.101569 2.16109 661172
12 0.588577 0.106974 2.15657 661204
12 0.581828 0.109625 2.14703 661238
12 0.576671 0.111873 2.14461 661271
12 0.56967 0.114698 2.13567 661304
12 0.564621 0.12057 2.13845 661337
12 0.559854 0.125716 2.13621 661370
12 0.551794 0.130651 2.13539 661403
12 0.547682 0.135161 2.13501 661437
12 0.548507 0.135313 2.13376 661471
12 0.547787 0.135524 2.13518 661504
12 0.551233 0.134162 2.14386 661538
12 0.555948 0.133507 2.14307 661572
12 0.565562 0.133009 2.1385 661606
12 0.578059 0.132038 2.14151 661637
12 0.589132 0.132525 2.14273 661670
12 0.602938 0.129872 2.15488 661704

