Gesto: 2
0 0.672403 0.294877 1.44685 63794
0 0.671348 0.280184 1.45192 63860
0 0.669972 0.265763 1.45487 63926
0 0.669123 0.251093 1.45973 63994
0 0.667134 0.234686 1.46141 64078
0 0.661893 0.218565 1.45948 64146
0 0.656933 0.204657 1.46243 64214
0 0.648135 0.189883 1.45979 64282
0 0.639384 0.179364 1.4646 64348
0 0.629532 0.169624 1.46457 64416
0 0.619582 0.163271 1.4667 64482
0 0.607865 0.16479 1.47509 64546
0 0.597946 0.162463 1.47269 64616
0 0.58652 0.16289 1.4658 64683
0 0.576887 0.16785 1.46013 64764
0 0.566625 0.177067 1.45557 64831
0 0.557547 0.188244 1.45324 64897
0 0.548622 0.202234 1.44489 64964
0 0.545131 0.218272 1.43893 65030
0 0.539306 0.237323 1.43531 65099
0 0.539044 0.257807 1.43252 65166
0 0.539832 0.280903 1.43353 65249
0 0.542328 0.301245 1.42461 65316
0 0.548931 0.322862 1.4257 65383
0 0.556159 0.343021 1.41655 65449
0 0.563892 0.360531 1.41331 65517
0 0.573886 0.376315 1.41148 65585
0 0.584712 0.389822 1.41057 65653
0 0.594914 0.398355 1.41505 65721
0 0.60608 0.400941 1.41955 65788
0 0.617312 0.401742 1.42362 65870
0 0.626947 0.400367 1.42441 65936
0 0.638801 0.394725 1.42466 66001
0 0.648139 0.385965 1.43221 66070
0 0.656986 0.375091 1.43762 66138
0 0.662052 0.361168 1.44504 66204
0 0.665864 0.347674 1.45255 66272
0 0.668959 0.3317 1.45974 66340
0 0.670564 0.316338 1.46555 66423
0 0.6712 0.301132 1.47332 66491
0 0.670073 0.286838 1.47636 66558
0 0.669398 0.272781 1.47882 66626
0 0.668437 0.259025 1.47952 66693
0 0.6664 0.248973 1.48451 66762
0 0.664923 0.240404 1.4869 66830
0 0.662913 0.23267 1.48761 66897
0 0.66085 0.22713 1.48796 66965
0 0.660106 0.224492 1.48728 67033

1 0.672403 0.294877 1.44685 63794
1 0.671348 0.280184 1.45192 63860
1 0.669972 0.265763 1.45487 63926
1 0.669123 0.251093 1.45973 63994
1 0.667134 0.234686 1.46141 64078
1 0.661893 0.218565 1.45948 64146
1 0.656933 0.204657 1.46243 64214
1 0.648135 0.189883 1.45979 64282
1 0.639384 0.179364 1.4646 64348
1 0.629532 0.169624 1.46457 64416
1 0.619582 0.163271 1.4667 64482
1 0.607865 0.16479 1.47509 64546
1 0.597946 0.162463 1.47269 64616
1 0.58652 0.16289 1.4658 64683
1 0.576887 0.16785 1.46013 64764
1 0.566625 0.177067 1.45557 64831
1 0.557547 0.188244 1.45324 64897
1 0.548622 0.202234 1.44489 64964
1 0.545131 0.218272 1.43893 65030
1 0.539306 0.237323 1.43531 65099
1 0.539044 0.257807 1.43252 65166
1 0.539832 0.280903 1.43353 65249
1 0.542328 0.301245 1.42461 65316
1 0.548931 0.322862 1.4257 65383
1 0.556159 0.343021 1.41655 65449
1 0.563892 0.360531 1.41331 65517
1 0.573886 0.376315 1.41148 65585
1 0.584712 0.389822 1.41057 65653
1 0.594914 0.398355 1.41505 65721
1 0.60608 0.400941 1.41955 65788
1 0.617312 0.401742 1.42362 65870
1 0.626947 0.400367 1.42441 65936
1 0.638801 0.394725 1.42466 66001
1 0.648139 0.385965 1.43221 66070
1 0.656986 0.375091 1.43762 66138
1 0.662052 0.361168 1.44504 66204
1 0.665864 0.347674 1.45255 66272
1 0.668959 0.3317 1.45974 66340
1 0.670564 0.316338 1.46555 66423
1 0.6712 0.301132 1.47332 66491
1 0.670073 0.286838 1.47636 66558
1 0.669398 0.272781 1.47882 66626
1 0.668437 0.259025 1.47952 66693
1 0.6664 0.248973 1.48451 66762
1 0.664923 0.240404 1.4869 66830
1 0.662913 0.23267 1.48761 66897
1 0.66085 0.22713 1.48796 66965
1 0.660106 0.224492 1.48728 67033

2 0.672403 0.294877 1.44685 63794
2 0.671348 0.280184 1.45192 63860
2 0.669972 0.265763 1.45487 63926
2 0.669123 0.251093 1.45973 63994
2 0.667134 0.234686 1.46141 64078
2 0.661893 0.218565 1.45948 64146
2 0.656933 0.204657 1.46243 64214
2 0.648135 0.189883 1.45979 64282
2 0.639384 0.179364 1.4646 64348
2 0.629532 0.169624 1.46457 64416
2 0.619582 0.163271 1.4667 64482
2 0.607865 0.16479 1.47509 64546
2 0.597946 0.162463 1.47269 64616
2 0.58652 0.16289 1.4658 64683
2 0.576887 0.16785 1.46013 64764
2 0.566625 0.177067 1.45557 64831
2 0.557547 0.188244 1.45324 64897
2 0.548622 0.202234 1.44489 64964
2 0.545131 0.218272 1.43893 65030
2 0.539306 0.237323 1.43531 65099
2 0.539044 0.257807 1.43252 65166
2 0.539832 0.280903 1.43353 65249
2 0.542328 0.301245 1.42461 65316
2 0.548931 0.322862 1.4257 65383
2 0.556159 0.343021 1.41655 65449
2 0.563892 0.360531 1.41331 65517
2 0.573886 0.376315 1.41148 65585
2 0.584712 0.389822 1.41057 65653
2 0.594914 0.398355 1.41505 65721
2 0.60608 0.400941 1.41955 65788
2 0.617312 0.401742 1.42362 65870
2 0.626947 0.400367 1.42441 65936
2 0.638801 0.394725 1.42466 66001
2 0.648139 0.385965 1.43221 66070
2 0.656986 0.375091 1.43762 66138
2 0.662052 0.361168 1.44504 66204
2 0.665864 0.347674 1.45255 66272
2 0.668959 0.3317 1.45974 66340
2 0.670564 0.316338 1.46555 66423
2 0.6712 0.301132 1.47332 66491
2 0.670073 0.286838 1.47636 66558
2 0.669398 0.272781 1.47882 66626
2 0.668437 0.259025 1.47952 66693
2 0.6664 0.248973 1.48451 66762
2 0.664923 0.240404 1.4869 66830
2 0.662913 0.23267 1.48761 66897
2 0.66085 0.22713 1.48796 66965
2 0.660106 0.224492 1.48728 67033

3 0.672403 0.294877 1.44685 63794
3 0.671348 0.280184 1.45192 63860
3 0.669972 0.265763 1.45487 63926
3 0.669123 0.251093 1.45973 63994
3 0.667134 0.234686 1.46141 64078
3 0.661893 0.218565 1.45948 64146
3 0.656933 0.204657 1.46243 64214
3 0.648135 0.189883 1.45979 64282
3 0.639384 0.179364 1.4646 64348
3 0.629532 0.169624 1.46457 64416
3 0.619582 0.163271 1.4667 64482
3 0.607865 0.16479 1.47509 64546
3 0.597946 0.162463 1.47269 64616
3 0.58652 0.16289 1.4658 64683
3 0.576887 0.16785 1.46013 64764
3 0.566625 0.177067 1.45557 64831
3 0.557547 0.188244 1.45324 64897
3 0.548622 0.202234 1.44489 64964
3 0.545131 0.218272 1.43893 65030
3 0.539306 0.237323 1.43531 65099
3 0.539044 0.257807 1.43252 65166
3 0.539832 0.280903 1.43353 65249
3 0.542328 0.301245 1.42461 65316
3 0.548931 0.322862 1.4257 65383
3 0.556159 0.343021 1.41655 65449
3 0.563892 0.360531 1.41331 65517
3 0.573886 0.376315 1.41148 65585
3 0.584712 0.389822 1.41057 65653
3 0.594914 0.398355 1.41505 65721
3 0.60608 0.400941 1.41955 65788
3 0.617312 0.401742 1.42362 65870
3 0.626947 0.400367 1.42441 65936
3 0.638801 0.394725 1.42466 66001
3 0.648139 0.385965 1.43221 66070
3 0.656986 0.375091 1.43762 66138
3 0.662052 0.361168 1.44504 66204
3 0.665864 0.347674 1.45255 66272
3 0.668959 0.3317 1.45974 66340
3 0.670564 0.316338 1.46555 66423
3 0.6712 0.301132 1.47332 66491
3 0.670073 0.286838 1.47636 66558
3 0.669398 0.272781 1.47882 66626
3 0.668437 0.259025 1.47952 66693
3 0.6664 0.248973 1.48451 66762
3 0.664923 0.240404 1.4869 66830
3 0.662913 0.23267 1.48761 66897
3 0.66085 0.22713 1.48796 66965
3 0.660106 0.224492 1.48728 67033

4 0.672403 0.294877 1.44685 63794
4 0.671348 0.280184 1.45192 63860
4 0.669972 0.265763 1.45487 63926
4 0.669123 0.251093 1.45973 63994
4 0.667134 0.234686 1.46141 64078
4 0.661893 0.218565 1.45948 64146
4 0.656933 0.204657 1.46243 64214
4 0.648135 0.189883 1.45979 64282
4 0.639384 0.179364 1.4646 64348
4 0.629532 0.169624 1.46457 64416
4 0.619582 0.163271 1.4667 64482
4 0.607865 0.16479 1.47509 64546
4 0.597946 0.162463 1.47269 64616
4 0.58652 0.16289 1.4658 64683
4 0.576887 0.16785 1.46013 64764
4 0.566625 0.177067 1.45557 64831
4 0.557547 0.188244 1.45324 64897
4 0.548622 0.202234 1.44489 64964
4 0.545131 0.218272 1.43893 65030
4 0.539306 0.237323 1.43531 65099
4 0.539044 0.257807 1.43252 65166
4 0.539832 0.280903 1.43353 65249
4 0.542328 0.301245 1.42461 65316
4 0.548931 0.322862 1.4257 65383
4 0.556159 0.343021 1.41655 65449
4 0.563892 0.360531 1.41331 65517
4 0.573886 0.376315 1.41148 65585
4 0.584712 0.389822 1.41057 65653
4 0.594914 0.398355 1.41505 65721
4 0.60608 0.400941 1.41955 65788
4 0.617312 0.401742 1.42362 65870
4 0.626947 0.400367 1.42441 65936
4 0.638801 0.394725 1.42466 66001
4 0.648139 0.385965 1.43221 66070
4 0.656986 0.375091 1.43762 66138
4 0.662052 0.361168 1.44504 66204
4 0.665864 0.347674 1.45255 66272
4 0.668959 0.3317 1.45974 66340
4 0.670564 0.316338 1.46555 66423
4 0.6712 0.301132 1.47332 66491
4 0.670073 0.286838 1.47636 66558
4 0.669398 0.272781 1.47882 66626
4 0.668437 0.259025 1.47952 66693
4 0.6664 0.248973 1.48451 66762
4 0.664923 0.240404 1.4869 66830
4 0.662913 0.23267 1.48761 66897
4 0.66085 0.22713 1.48796 66965
4 0.660106 0.224492 1.48728 67033

5 0.672403 0.294877 1.44685 63794
5 0.671348 0.280184 1.45192 63860
5 0.669972 0.265763 1.45487 63926
5 0.669123 0.251093 1.45973 63994
5 0.667134 0.234686 1.46141 64078
5 0.661893 0.218565 1.45948 64146
5 0.656933 0.204657 1.46243 64214
5 0.648135 0.189883 1.45979 64282
5 0.639384 0.179364 1.4646 64348
5 0.629532 0.169624 1.46457 64416
5 0.619582 0.163271 1.4667 64482
5 0.607865 0.16479 1.47509 64546
5 0.597946 0.162463 1.47269 64616
5 0.58652 0.16289 1.4658 64683
5 0.576887 0.16785 1.46013 64764
5 0.566625 0.177067 1.45557 64831
5 0.557547 0.188244 1.45324 64897
5 0.548622 0.202234 1.44489 64964
5 0.545131 0.218272 1.43893 65030
5 0.539306 0.237323 1.43531 65099
5 0.539044 0.257807 1.43252 65166
5 0.539832 0.280903 1.43353 65249
5 0.542328 0.301245 1.42461 65316
5 0.548931 0.322862 1.4257 65383
5 0.556159 0.343021 1.41655 65449
5 0.563892 0.360531 1.41331 65517
5 0.573886 0.376315 1.41148 65585
5 0.584712 0.389822 1.41057 65653
5 0.594914 0.398355 1.41505 65721
5 0.60608 0.400941 1.41955 65788
5 0.617312 0.401742 1.42362 65870
5 0.626947 0.400367 1.42441 65936
5 0.638801 0.394725 1.42466 66001
5 0.648139 0.385965 1.43221 66070
5 0.656986 0.375091 1.43762 66138
5 0.662052 0.361168 1.44504 66204
5 0.665864 0.347674 1.45255 66272
5 0.668959 0.3317 1.45974 66340
5 0.670564 0.316338 1.46555 66423
5 0.6712 0.301132 1.47332 66491
5 0.670073 0.286838 1.47636 66558
5 0.669398 0.272781 1.47882 66626
5 0.668437 0.259025 1.47952 66693
5 0.6664 0.248973 1.48451 66762
5 0.664923 0.240404 1.4869 66830
5 0.662913 0.23267 1.48761 66897
5 0.66085 0.22713 1.48796 66965
5 0.660106 0.224492 1.48728 67033

6 0.672403 0.294877 1.44685 63794
6 0.671348 0.280184 1.45192 63860
6 0.669972 0.265763 1.45487 63926
6 0.669123 0.251093 1.45973 63994
6 0.667134 0.234686 1.46141 64078
6 0.661893 0.218565 1.45948 64146
6 0.656933 0.204657 1.46243 64214
6 0.648135 0.189883 1.45979 64282
6 0.639384 0.179364 1.4646 64348
6 0.629532 0.169624 1.46457 64416
6 0.619582 0.163271 1.4667 64482
6 0.607865 0.16479 1.47509 64546
6 0.597946 0.162463 1.47269 64616
6 0.58652 0.16289 1.4658 64683
6 0.576887 0.16785 1.46013 64764
6 0.566625 0.177067 1.45557 64831
6 0.557547 0.188244 1.45324 64897
6 0.548622 0.202234 1.44489 64964
6 0.545131 0.218272 1.43893 65030
6 0.539306 0.237323 1.43531 65099
6 0.539044 0.257807 1.43252 65166
6 0.539832 0.280903 1.43353 65249
6 0.542328 0.301245 1.42461 65316
6 0.548931 0.322862 1.4257 65383
6 0.556159 0.343021 1.41655 65449
6 0.563892 0.360531 1.41331 65517
6 0.573886 0.376315 1.41148 65585
6 0.584712 0.389822 1.41057 65653
6 0.594914 0.398355 1.41505 65721
6 0.60608 0.400941 1.41955 65788
6 0.617312 0.401742 1.42362 65870
6 0.626947 0.400367 1.42441 65936
6 0.638801 0.394725 1.42466 66001
6 0.648139 0.385965 1.43221 66070
6 0.656986 0.375091 1.43762 66138
6 0.662052 0.361168 1.44504 66204
6 0.665864 0.347674 1.45255 66272
6 0.668959 0.3317 1.45974 66340
6 0.670564 0.316338 1.46555 66423
6 0.6712 0.301132 1.47332 66491
6 0.670073 0.286838 1.47636 66558
6 0.669398 0.272781 1.47882 66626
6 0.668437 0.259025 1.47952 66693
6 0.6664 0.248973 1.48451 66762
6 0.664923 0.240404 1.4869 66830
6 0.662913 0.23267 1.48761 66897
6 0.66085 0.22713 1.48796 66965
6 0.660106 0.224492 1.48728 67033

7 0.672403 0.294877 1.44685 63794
7 0.671348 0.280184 1.45192 63860
7 0.669972 0.265763 1.45487 63926
7 0.669123 0.251093 1.45973 63994
7 0.667134 0.234686 1.46141 64078
7 0.661893 0.218565 1.45948 64146
7 0.656933 0.204657 1.46243 64214
7 0.648135 0.189883 1.45979 64282
7 0.639384 0.179364 1.4646 64348
7 0.629532 0.169624 1.46457 64416
7 0.619582 0.163271 1.4667 64482
7 0.607865 0.16479 1.47509 64546
7 0.597946 0.162463 1.47269 64616
7 0.58652 0.16289 1.4658 64683
7 0.576887 0.16785 1.46013 64764
7 0.566625 0.177067 1.45557 64831
7 0.557547 0.188244 1.45324 64897
7 0.548622 0.202234 1.44489 64964
7 0.545131 0.218272 1.43893 65030
7 0.539306 0.237323 1.43531 65099
7 0.539044 0.257807 1.43252 65166
7 0.539832 0.280903 1.43353 65249
7 0.542328 0.301245 1.42461 65316
7 0.548931 0.322862 1.4257 65383
7 0.556159 0.343021 1.41655 65449
7 0.563892 0.360531 1.41331 65517
7 0.573886 0.376315 1.41148 65585
7 0.584712 0.389822 1.41057 65653
7 0.594914 0.398355 1.41505 65721
7 0.60608 0.400941 1.41955 65788
7 0.617312 0.401742 1.42362 65870
7 0.626947 0.400367 1.42441 65936
7 0.638801 0.394725 1.42466 66001
7 0.648139 0.385965 1.43221 66070
7 0.656986 0.375091 1.43762 66138
7 0.662052 0.361168 1.44504 66204
7 0.665864 0.347674 1.45255 66272
7 0.668959 0.3317 1.45974 66340
7 0.670564 0.316338 1.46555 66423
7 0.6712 0.301132 1.47332 66491
7 0.670073 0.286838 1.47636 66558
7 0.669398 0.272781 1.47882 66626
7 0.668437 0.259025 1.47952 66693
7 0.6664 0.248973 1.48451 66762
7 0.664923 0.240404 1.4869 66830
7 0.662913 0.23267 1.48761 66897
7 0.66085 0.22713 1.48796 66965
7 0.660106 0.224492 1.48728 67033

8 0.672403 0.294877 1.44685 63794
8 0.671348 0.280184 1.45192 63860
8 0.669972 0.265763 1.45487 63926
8 0.669123 0.251093 1.45973 63994
8 0.667134 0.234686 1.46141 64078
8 0.661893 0.218565 1.45948 64146
8 0.656933 0.204657 1.46243 64214
8 0.648135 0.189883 1.45979 64282
8 0.639384 0.179364 1.4646 64348
8 0.629532 0.169624 1.46457 64416
8 0.619582 0.163271 1.4667 64482
8 0.607865 0.16479 1.47509 64546
8 0.597946 0.162463 1.47269 64616
8 0.58652 0.16289 1.4658 64683
8 0.576887 0.16785 1.46013 64764
8 0.566625 0.177067 1.45557 64831
8 0.557547 0.188244 1.45324 64897
8 0.548622 0.202234 1.44489 64964
8 0.545131 0.218272 1.43893 65030
8 0.539306 0.237323 1.43531 65099
8 0.539044 0.257807 1.43252 65166
8 0.539832 0.280903 1.43353 65249
8 0.542328 0.301245 1.42461 65316
8 0.548931 0.322862 1.4257 65383
8 0.556159 0.343021 1.41655 65449
8 0.563892 0.360531 1.41331 65517
8 0.573886 0.376315 1.41148 65585
8 0.584712 0.389822 1.41057 65653
8 0.594914 0.398355 1.41505 65721
8 0.60608 0.400941 1.41955 65788
8 0.617312 0.401742 1.42362 65870
8 0.626947 0.400367 1.42441 65936
8 0.638801 0.394725 1.42466 66001
8 0.648139 0.385965 1.43221 66070
8 0.656986 0.375091 1.43762 66138
8 0.662052 0.361168 1.44504 66204
8 0.665864 0.347674 1.45255 66272
8 0.668959 0.3317 1.45974 66340
8 0.670564 0.316338 1.46555 66423
8 0.6712 0.301132 1.47332 66491
8 0.670073 0.286838 1.47636 66558
8 0.669398 0.272781 1.47882 66626
8 0.668437 0.259025 1.47952 66693
8 0.6664 0.248973 1.48451 66762
8 0.664923 0.240404 1.4869 66830
8 0.662913 0.23267 1.48761 66897
8 0.66085 0.22713 1.48796 66965
8 0.660106 0.224492 1.48728 67033

9 0.672403 0.294877 1.44685 63794
9 0.671348 0.280184 1.45192 63860
9 0.669972 0.265763 1.45487 63926
9 0.669123 0.251093 1.45973 63994
9 0.667134 0.234686 1.46141 64078
9 0.661893 0.218565 1.45948 64146
9 0.656933 0.204657 1.46243 64214
9 0.648135 0.189883 1.45979 64282
9 0.639384 0.179364 1.4646 64348
9 0.629532 0.169624 1.46457 64416
9 0.619582 0.163271 1.4667 64482
9 0.607865 0.16479 1.47509 64546
9 0.597946 0.162463 1.47269 64616
9 0.58652 0.16289 1.4658 64683
9 0.576887 0.16785 1.46013 64764
9 0.566625 0.177067 1.45557 64831
9 0.557547 0.188244 1.45324 64897
9 0.548622 0.202234 1.44489 64964
9 0.545131 0.218272 1.43893 65030
9 0.539306 0.237323 1.43531 65099
9 0.539044 0.257807 1.43252 65166
9 0.539832 0.280903 1.43353 65249
9 0.542328 0.301245 1.42461 65316
9 0.548931 0.322862 1.4257 65383
9 0.556159 0.343021 1.41655 65449
9 0.563892 0.360531 1.41331 65517
9 0.573886 0.376315 1.41148 65585
9 0.584712 0.389822 1.41057 65653
9 0.594914 0.398355 1.41505 65721
9 0.60608 0.400941 1.41955 65788
9 0.617312 0.401742 1.42362 65870
9 0.626947 0.400367 1.42441 65936
9 0.638801 0.394725 1.42466 66001
9 0.648139 0.385965 1.43221 66070
9 0.656986 0.375091 1.43762 66138
9 0.662052 0.361168 1.44504 66204
9 0.665864 0.347674 1.45255 66272
9 0.668959 0.3317 1.45974 66340
9 0.670564 0.316338 1.46555 66423
9 0.6712 0.301132 1.47332 66491
9 0.670073 0.286838 1.47636 66558
9 0.669398 0.272781 1.47882 66626
9 0.668437 0.259025 1.47952 66693
9 0.6664 0.248973 1.48451 66762
9 0.664923 0.240404 1.4869 66830
9 0.662913 0.23267 1.48761 66897
9 0.66085 0.22713 1.48796 66965
9 0.660106 0.224492 1.48728 67033

