Gesto: 2
0 0.531368 0.362853 1.58963 1664
0 0.534591 0.361987 1.59031 1730
0 0.536813 0.361479 1.58927 1778
0 0.536056 0.359896 1.58595 1843
0 0.534402 0.358392 1.58316 1909
0 0.535969 0.358333 1.58209 1959
0 0.537589 0.358434 1.57971 2025
0 0.538481 0.35863 1.57771 2076
0 0.54118 0.358789 1.5772 2141
0 0.541712 0.357984 1.57502 2208
0 0.541537 0.357912 1.57368 2259
0 0.541385 0.357875 1.57212 2327
0 0.542145 0.358542 1.57014 2376
0 0.542964 0.359278 1.56797 2444
0 0.543701 0.359953 1.56669 2512
0 0.546642 0.361892 1.56588 2561
0 0.547902 0.363257 1.56407 2630
0 0.548897 0.364273 1.56273 2680
0 0.549692 0.365016 1.56167 2747
0 0.550383 0.365778 1.56157 2798
0 0.551466 0.367192 1.56217 2866
0 0.555996 0.369478 1.5636 2917
0 0.560196 0.372146 1.56507 2985
0 0.561173 0.373594 1.56358 3053
0 0.561637 0.375157 1.56256 3103
0 0.561979 0.376612 1.56238 3172
0 0.562346 0.378106 1.56157 3222
0 0.562513 0.37945 1.5608 3289
0 0.562579 0.380947 1.56021 3340
0 0.563429 0.383251 1.56 3407
0 0.564271 0.385265 1.56039 3457
0 0.564712 0.387138 1.56155 3523
0 0.565226 0.389088 1.56399 3592
0 0.565884 0.391168 1.56451 3643
0 0.566311 0.393691 1.56445 3709
0 0.56658 0.395775 1.56427 3760
0 0.567871 0.398912 1.56488 3827
0 0.569162 0.401641 1.56565 3892
0 0.570222 0.40377 1.5665 3941
0 0.571579 0.406706 1.56666 4007
0 0.57198 0.409587 1.56613 4058
0 0.572549 0.412876 1.56581 4125
0 0.573279 0.415586 1.56656 4191
0 0.574325 0.418327 1.56718 4239
0 0.575545 0.421382 1.56773 4306
0 0.577277 0.425175 1.56848 4356
0 0.578713 0.42819 1.56927 4424
0 0.579939 0.430735 1.56986 4492
0 0.580874 0.434464 1.57032 4542
0 0.581817 0.438265 1.57067 4611
0 0.582919 0.441606 1.57154 4661
0 0.58375 0.444214 1.57229 4729
0 0.584856 0.447067 1.57274 4777
0 0.58535 0.451185 1.57348 4845
0 0.586009 0.454966 1.57406 4896

1 0.597442 0.496319 1.58465 5629
1 0.598301 0.500071 1.58715 5680
1 0.599263 0.503682 1.58885 5746
1 0.600851 0.507268 1.59133 5796
1 0.602401 0.511138 1.59377 5864
1 0.603654 0.514496 1.5957 5932
1 0.604868 0.517871 1.59637 5982
1 0.605745 0.521493 1.59785 6049
1 0.606604 0.524782 1.59962 6100
1 0.60751 0.527573 1.60189 6167
1 0.608113 0.530602 1.60352 6219
1 0.609159 0.533991 1.60481 6286
1 0.60998 0.53692 1.606 6337
1 0.610279 0.540023 1.60758 6404
1 0.610576 0.543357 1.60952 6472
1 0.611075 0.547042 1.61101 6522
1 0.611368 0.550315 1.61172 6589
1 0.611858 0.553458 1.61253 6638
1 0.611794 0.556503 1.6136 6705
1 0.61273 0.559073 1.61402 6770
1 0.6129 0.562714 1.61501 6819
1 0.613337 0.566256 1.61591 6885
1 0.613262 0.569567 1.61652 6936
1 0.612978 0.572577 1.61709 7003
1 0.612657 0.576234 1.61648 7072
1 0.612839 0.579828 1.61647 7122
1 0.613163 0.582853 1.61696 7189
1 0.613077 0.586022 1.61663 7241
1 0.612721 0.588498 1.61692 7309
1 0.612393 0.590621 1.61642 7359
1 0.612188 0.593356 1.61636 7428
1 0.612271 0.595775 1.61739 7478
1 0.612675 0.598453 1.61791 7545
1 0.613081 0.600766 1.61795 7596
1 0.613406 0.602683 1.61804 7663
1 0.613652 0.604284 1.61829 7730

