Gesto: 2
0 0.615933 0.314164 1.99495 548674
0 0.616253 0.314558 1.99395 548708
0 0.616542 0.314669 1.99605 548740
0 0.617552 0.314409 2.00104 548774
0 0.61863 0.31235 2.00053 548807
0 0.619695 0.30972 1.99835 548841
0 0.620026 0.301156 1.99449 548874
0 0.621689 0.289398 1.98746 548906
0 0.626843 0.277411 1.9897 548939
0 0.632045 0.261342 1.98688 548972
0 0.637928 0.245093 1.98132 549007
0 0.643402 0.231491 1.98306 549040
0 0.645889 0.216785 1.98645 549074
0 0.648472 0.206544 1.98537 549107
0 0.652512 0.195004 1.98321 549140
0 0.655506 0.188385 1.98367 549174
0 0.655464 0.189855 1.98699 549207
0 0.656128 0.19274 1.98532 549240
0 0.657668 0.195898 1.97756 549272
0 0.660499 0.200229 1.97253 549305
0 0.663883 0.208943 1.965 549338
0 0.665845 0.22061 1.96816 549372
0 0.666754 0.237559 1.97106 549404
0 0.667158 0.260289 1.97545 549437
0 0.667791 0.283627 1.97834 549470
0 0.665543 0.310443 1.97943 549503
0 0.665921 0.345924 1.97807 549537
0 0.662884 0.382386 1.98256 549571
0 0.661037 0.420919 1.99122 549606
0 0.657663 0.453443 2.00448 549638
0 0.655032 0.479033 2.02456 549671
0 0.652691 0.501108 2.04057 549705
0 0.650362 0.521836 2.04713 549739
0 0.650086 0.535491 2.05305 549772

1 0.493038 0.352045 2.03001 551767
1 0.493453 0.352641 2.02953 551801
1 0.493442 0.352897 2.02886 551834
1 0.493752 0.351252 2.03004 551867
1 0.495914 0.344503 2.03109 551902
1 0.500282 0.336719 2.03561 551935
1 0.503724 0.327986 2.03246 551968
1 0.507066 0.318987 2.02105 552001
1 0.514227 0.301597 2.0285 552035
1 0.518699 0.285388 2.03017 552068
1 0.522403 0.270872 2.02745 552101
1 0.527162 0.258955 2.02697 552136
1 0.532701 0.245368 2.02213 552169
1 0.537208 0.236006 2.01976 552203
1 0.537862 0.224906 2.01854 552236
1 0.537702 0.217593 2.02 552267
1 0.539406 0.217406 2.01995 552301
1 0.540099 0.219102 2.01682 552350
1 0.543267 0.224864 2.01428 552366
1 0.545436 0.23688 2.01732 552417
1 0.546818 0.252691 2.01752 552450
1 0.547335 0.276127 2.02196 552466
1 0.547578 0.296119 2.03044 552517
1 0.547946 0.321875 2.03907 552549
1 0.553316 0.359082 2.04606 552582
1 0.555542 0.404786 2.05246 552615
1 0.554706 0.448593 2.06462 552647
1 0.55286 0.477955 2.08336 552680
1 0.551298 0.507723 2.10025 552714
1 0.551029 0.527457 2.11429 552747

2 0.400675 0.383123 2.03015 554712
2 0.399584 0.382949 2.0276 554746
2 0.39944 0.381624 2.02665 554780
2 0.401464 0.377167 2.0301 554814
2 0.407225 0.36603 2.02754 554846
2 0.412465 0.35158 2.02754 554878
2 0.419862 0.334109 2.03011 554910
2 0.425248 0.31555 2.02844 554944
2 0.434033 0.29475 2.02807 554977
2 0.43892 0.276007 2.02724 555011
2 0.442198 0.256994 2.02626 555044
2 0.445675 0.238729 2.02563 555078
2 0.448545 0.224012 2.02248 555112
2 0.450269 0.214209 2.02807 555145
2 0.452466 0.205484 2.02745 555179
2 0.454427 0.200649 2.02921 555212
2 0.455609 0.201866 2.03137 555244
2 0.457829 0.204351 2.03213 555277
2 0.459829 0.215999 2.02719 555311
2 0.460032 0.228802 2.0332 555345
2 0.461739 0.245302 2.03771 555378
2 0.463813 0.264539 2.03663 555412
2 0.465404 0.286752 2.04126 555445
2 0.465168 0.312923 2.04638 555479
2 0.464427 0.337693 2.05548 555512
2 0.465149 0.368835 2.05914 555546
2 0.463314 0.40317 2.06475 555579
2 0.461906 0.432446 2.07707 555613
2 0.456454 0.457405 2.086 555646
2 0.452781 0.479786 2.09767 555679
2 0.450365 0.500851 2.11607 555713

3 0.267722 0.401943 2.04942 557144
3 0.267038 0.404822 2.04891 557178
3 0.266726 0.405158 2.04359 557212
3 0.267138 0.399648 2.04154 557244
3 0.27023 0.387322 2.03903 557278
3 0.276967 0.364441 2.03163 557311
3 0.285613 0.331206 2.03278 557344
3 0.293733 0.297236 2.02735 557378
3 0.303659 0.267649 2.02655 557412
3 0.310694 0.243256 2.02443 557444
3 0.317704 0.227962 2.01379 557478
3 0.323365 0.222446 2.01525 557512
3 0.327868 0.229039 2.02359 557546
3 0.333212 0.246915 2.02216 557578
3 0.333626 0.277917 2.02774 557611
3 0.339539 0.323398 2.02514 557646
3 0.340042 0.395443 2.05438 557679
3 0.340467 0.459741 2.08298 557712
3 0.338763 0.505816 2.1191 557746
3 0.338606 0.541311 2.1488 557781
3 0.338987 0.563399 2.17672 557815

4 0.117743 0.409321 2.08398 562421
4 0.117774 0.409564 2.08463 562455
4 0.11901 0.409721 2.07617 562488
4 0.119003 0.405021 2.06956 562521
4 0.118305 0.392836 2.05894 562555
4 0.118903 0.373622 2.04635 562588
4 0.123957 0.347575 2.03598 562622
4 0.1263 0.323012 2.02003 562655
4 0.130422 0.295174 2.01016 562687
4 0.137676 0.269303 2.01203 562721
4 0.140079 0.25301 2.00861 562753
4 0.142731 0.240796 2.0114 562787
4 0.148273 0.239011 2.00184 562819
4 0.151884 0.247539 1.99401 562852
4 0.154671 0.265013 1.98658 562885
4 0.153383 0.292456 1.98457 562918
4 0.155941 0.327568 1.98863 562951
4 0.157017 0.373775 1.99755 562984
4 0.163181 0.422529 2.0199 563018
4 0.168442 0.472713 2.05579 563051
4 0.177168 0.507401 2.09164 563084
4 0.188329 0.527246 2.12127 563116
4 0.191925 0.54242 2.14603 563149

5 0.750117 0.350813 1.95154 566383
5 0.749945 0.347422 1.95699 566416
5 0.753075 0.34518 1.95336 566450
5 0.755702 0.337538 1.94963 566483
5 0.759844 0.325243 1.95 566517
5 0.767199 0.311021 1.95113 566552
5 0.771248 0.287993 1.95887 566584
5 0.775418 0.263871 1.96585 566616
5 0.780384 0.244059 1.96781 566650
5 0.786012 0.223536 1.96656 566684
5 0.790043 0.210634 1.97055 566719
5 0.792844 0.201816 1.98259 566752
5 0.795203 0.198452 1.99054 566784
5 0.798002 0.198529 1.9944 566818
5 0.800177 0.208327 1.99172 566851
5 0.803355 0.225281 1.9893 566886
5 0.806235 0.250891 1.98965 566921
5 0.805498 0.282046 1.98831 566955
5 0.804507 0.325359 1.99087 566988
5 0.802419 0.378274 1.99818 567022
5 0.801414 0.430885 2.01819 567055
5 0.796644 0.474621 2.04073 567088
5 0.792459 0.512663 2.07474 567121
5 0.78849 0.542858 2.10773 567154
5 0.788101 0.562971 2.14288 567188
5 0.786422 0.581768 2.16806 567221
5 0.787474 0.594464 2.19218 567254
5 0.789233 0.601977 2.21235 567287

6 0.581546 0.52597 2.0741 568957
6 0.58419 0.522046 2.07663 568989
6 0.585692 0.519516 2.07597 569021
6 0.587721 0.518664 2.07208 569053
6 0.58902 0.51842 2.06153 569086
6 0.591054 0.512376 2.05411 569120
6 0.594859 0.504364 2.04563 569153
6 0.600279 0.486751 2.03157 569186
6 0.606526 0.470041 2.01539 569219
6 0.613116 0.448034 1.9986 569252
6 0.62135 0.416555 1.98641 569286
6 0.627628 0.381474 1.98112 569319
6 0.634334 0.349856 1.9778 569353
6 0.638159 0.316536 1.97341 569387
6 0.642425 0.284825 1.96855 569421
6 0.645694 0.255851 1.97027 569454
6 0.649458 0.225791 1.97546 569487
6 0.654263 0.199275 1.97489 569521
6 0.656193 0.172242 1.98305 569554
6 0.657118 0.148576 1.99185 569587
6 0.660388 0.12558 1.99772 569620
6 0.662425 0.105559 2.01138 569653
6 0.66272 0.0931011 2.02105 569686
6 0.664202 0.0844527 2.02886 569720
6 0.667081 0.0723744 2.03433 569754
6 0.670541 0.0641258 2.03942 569787
6 0.672542 0.059105 2.04406 569821
6 0.67533 0.0519285 2.04866 569855
6 0.677168 0.0475168 2.0598 569889
6 0.680219 0.0501546 2.05625 569923
6 0.683411 0.0528496 2.05064 569957
6 0.686184 0.0590106 2.04072 569991
6 0.69218 0.0689863 2.03126 570024
6 0.696987 0.0832967 2.02346 570058
6 0.702808 0.103172 2.01449 570092
6 0.707401 0.128932 2.00405 570127
6 0.713252 0.157214 1.9896 570159
6 0.716265 0.189899 1.97716 570193
6 0.724479 0.231557 1.95874 570227
6 0.728796 0.277771 1.94566 570261
6 0.731407 0.328931 1.93853 570295
6 0.732352 0.384497 1.93631 570329
6 0.727957 0.444133 1.94318 570362
6 0.725376 0.504521 1.95265 570397
6 0.717484 0.562018 1.97157 570429
6 0.70968 0.620111 1.99763 570463
6 0.698732 0.669802 2.0255 570496
6 0.691349 0.715014 2.06009 570530
6 0.682833 0.750269 2.08692 570564
6 0.673734 0.784908 2.13122 570599
6 0.665972 0.808427 2.16402 570632

7 0.4557 0.463587 2.02403 572635
7 0.459048 0.463702 2.02527 572667
7 0.460942 0.465168 2.02033 572699
7 0.462929 0.458518 2.0235 572733
7 0.465258 0.454576 2.0233 572765
7 0.466736 0.445067 2.01895 572798
7 0.471765 0.433994 2.00786 572832
7 0.475162 0.415352 2.00197 572865
7 0.479527 0.388262 2.0011 572898
7 0.486865 0.355168 2.00572 572931
7 0.492536 0.322769 2.01118 572965
7 0.497296 0.290961 2.0111 572998
7 0.502676 0.26222 2.00747 573031
7 0.510037 0.22937 2.00783 573064
7 0.515851 0.196951 2.00579 573097
7 0.520202 0.167353 2.01285 573130
7 0.522909 0.142148 2.02228 573165
7 0.526709 0.120909 2.0259 573197
7 0.529333 0.0996825 2.03552 573229
7 0.531155 0.0864115 2.04347 573262
7 0.531492 0.0747673 2.0491 573295
7 0.530231 0.0674534 2.05422 573329
7 0.529438 0.0640436 2.05466 573363
7 0.527757 0.0626526 2.0519 573394
7 0.531078 0.0600701 2.05051 573426
7 0.532409 0.0653694 2.04861 573459
7 0.532816 0.0709593 2.04037 573493
7 0.53352 0.0740926 2.0381 573526
7 0.53326 0.0839864 2.03103 573559
7 0.535517 0.0935332 2.02021 573594
7 0.535436 0.105622 2.0102 573625
7 0.537449 0.122 2.00407 573658
7 0.542815 0.141334 2.00205 573691
7 0.545164 0.167036 1.99247 573725
7 0.546998 0.191537 1.98886 573759
7 0.550698 0.221759 1.99283 573793
7 0.554052 0.256859 1.98447 573827
7 0.559003 0.293148 1.98151 573860
7 0.56326 0.333047 1.98691 573893
7 0.56761 0.374005 1.99116 573926
7 0.571655 0.417839 1.99706 573960
7 0.573772 0.465531 2.00138 573993
7 0.573488 0.510441 2.008 574026
7 0.572479 0.559012 2.01739 574059
7 0.571377 0.604818 2.03471 574093
7 0.567657 0.649578 2.05268 574127
7 0.567064 0.69002 2.07674 574161
7 0.565335 0.724402 2.10153 574195
7 0.564756 0.76361 2.13564 574228
7 0.559868 0.796155 2.16675 574261
7 0.557116 0.817162 2.19933 574295

8 0.493835 0.459857 2.13008 577032
8 0.498443 0.455673 2.14463 577065
8 0.500712 0.451993 2.15009 577099
8 0.501704 0.451524 2.14825 577132
8 0.502414 0.449889 2.15188 577164
8 0.504382 0.4475 2.14815 577198
8 0.507313 0.441905 2.14442 577231
8 0.509524 0.435874 2.13852 577265
8 0.512486 0.428786 2.14461 577298
8 0.515084 0.422772 2.14452 577330
8 0.518446 0.41948 2.13716 577362
8 0.520982 0.418187 2.13484 577396
8 0.521686 0.417477 2.14036 577431
8 0.522319 0.42279 2.14014 577462
8 0.521773 0.427931 2.14369 577495
8 0.522559 0.435607 2.14799 577529
8 0.52066 0.446903 2.15699 577563
8 0.518453 0.458034 2.16427 577597
8 0.518217 0.469534 2.17304 577630
8 0.5176 0.484742 2.17269 577664
8 0.519875 0.496007 2.17586 577697
8 0.51865 0.507641 2.18148 577731
8 0.519333 0.517184 2.18969 577765

9 0.852267 0.288441 1.99554 601323
9 0.851566 0.288491 1.99366 601357
9 0.851371 0.288072 1.99239 601390
9 0.850873 0.289189 1.98538 601424
9 0.850364 0.287303 1.98824 601458
9 0.848949 0.281262 1.99251 601492
9 0.850603 0.275265 1.99566 601525
9 0.854032 0.263348 1.99753 601558
9 0.857749 0.249044 2.00135 601591
9 0.860743 0.233153 2.00652 601624
9 0.861765 0.219794 2.00371 601656
9 0.863114 0.207464 2.00337 601690
9 0.864777 0.19969 2.00481 601722
9 0.864738 0.195455 2.00445 601756
9 0.865785 0.194348 2.00569 601789
9 0.866643 0.198716 2.009 601822
9 0.866359 0.206553 2.00581 601856
9 0.870096 0.228618 2.00208 601890
9 0.872363 0.250822 2.00177 601924
9 0.87361 0.280198 2.00441 601958
9 0.872057 0.31475 2.00538 601990
9 0.87183 0.351757 2.01755 602024
9 0.867308 0.391683 2.02643 602058
9 0.861192 0.425712 2.03884 602092
9 0.855817 0.455588 2.05222 602126

10 0.683394 0.330021 2.0202 605183
10 0.683681 0.328919 2.01943 605217
10 0.683534 0.326113 2.01603 605250
10 0.684561 0.324551 2.01276 605298
10 0.685896 0.322242 2.01419 605329
10 0.686205 0.317507 2.01755 605362
10 0.68778 0.312135 2.0132 605396
10 0.692998 0.307094 2.01026 605429
10 0.697031 0.298378 2.0079 605461
10 0.6989 0.288076 2.0135 605494
10 0.701848 0.280306 2.01237 605528
10 0.70223 0.275052 2.01093 605562
10 0.704343 0.272501 2.01045 605594
10 0.703679 0.27152 2.00786 605628
10 0.704446 0.270796 2.00924 605661
10 0.708015 0.275518 2.00744 605695
10 0.708501 0.284189 2.01029 605727
10 0.704515 0.296828 2.01253 605761
10 0.70378 0.317302 2.01405 605794
10 0.703501 0.343786 2.01407 605828
10 0.704105 0.375388 2.01552 605862
10 0.703654 0.408162 2.02477 605895
10 0.703077 0.437197 2.03468 605930
10 0.701827 0.46293 2.04252 605963

11 0.594255 0.14798 2.05724 609460
11 0.595071 0.148482 2.05874 609491
11 0.594779 0.148123 2.06208 609525
11 0.594584 0.148748 2.0577 609559
11 0.595574 0.143821 2.06048 609592
11 0.596404 0.143972 2.05988 609626
11 0.598586 0.139435 2.05674 609659
11 0.600776 0.136324 2.05238 609693
11 0.602017 0.133841 2.04974 609727
11 0.603227 0.13226 2.05553 609760
11 0.606588 0.128934 2.05959 609794
11 0.608078 0.121616 2.05733 609829
11 0.61109 0.112755 2.0511 609863
11 0.616686 0.102726 2.05195 609897
11 0.617893 0.09704 2.05602 609931
11 0.618174 0.0938114 2.06074 609965
11 0.618485 0.0923407 2.06319 609998
11 0.618451 0.0916965 2.06441 610032
11 0.618492 0.0922131 2.06078 610065
11 0.618116 0.0928175 2.05648 610099
11 0.61778 0.0937902 2.04987 610131
11 0.617966 0.101839 2.04728 610165
11 0.622047 0.110523 2.04308 610198
11 0.623357 0.119672 2.04386 610232
11 0.626688 0.133614 2.03931 610265
11 0.628821 0.150323 2.03768 610299
11 0.631225 0.169408 2.03147 610331
11 0.635054 0.190284 2.02021 610364
11 0.638432 0.216651 2.02334 610397
11 0.643346 0.246825 2.03272 610430

