Gesto: 2
0 0.439521 0.227504 1.47067 4107
0 0.432389 0.228898 1.46902 4175
0 0.42588 0.229323 1.46827 4259
0 0.42016 0.229631 1.46827 4325
0 0.415768 0.232383 1.47788 4409
0 0.4105 0.23464 1.48077 4476
0 0.405186 0.236623 1.48601 4543
0 0.399693 0.237173 1.48681 4611
0 0.393669 0.237554 1.48468 4679
0 0.389825 0.237314 1.48452 4747
0 0.386817 0.237971 1.49037 4831
0 0.382213 0.239143 1.49944 4897
0 0.378483 0.238533 1.498 4966
0 0.376194 0.237401 1.49743 5031
0 0.370228 0.236745 1.49729 5098
0 0.364594 0.235168 1.49532 5181
0 0.359243 0.234715 1.49914 5249
0 0.355548 0.236419 1.50197 5316
0 0.354845 0.238855 1.5044 5383
0 0.353466 0.240825 1.5123 5451
0 0.349528 0.242622 1.52 5533
0 0.346452 0.247361 1.53156 5599
0 0.343717 0.250123 1.53495 5665

1 0.353477 0.293771 1.56891 8430
1 0.355442 0.293788 1.55732 8498
1 0.358863 0.294379 1.56047 8581
1 0.364657 0.294483 1.55111 8650
1 0.367874 0.295164 1.54306 8717
1 0.372045 0.295637 1.52911 8785
1 0.377411 0.295879 1.52063 8870
1 0.385325 0.296513 1.51158 8938
1 0.396799 0.297396 1.51049 9004
1 0.407327 0.298537 1.49603 9071
1 0.416496 0.299578 1.48275 9157
1 0.428671 0.299574 1.48049 9226
1 0.444298 0.301303 1.477 9310
1 0.455714 0.302124 1.46967 9378
1 0.47034 0.304401 1.46768 9445
1 0.486627 0.30486 1.46204 9528
1 0.501309 0.30786 1.47172 9612
1 0.516282 0.310655 1.4751 9680
1 0.532628 0.31186 1.4781 9749
1 0.545638 0.31158 1.48432 9834
1 0.561835 0.31049 1.49303 9901
1 0.577106 0.309945 1.5002 9986
1 0.591531 0.308282 1.50982 10052
1 0.60368 0.306832 1.52413 10120
1 0.6163 0.305063 1.54099 10204
1 0.629331 0.303439 1.55862 10271
1 0.641496 0.300692 1.57669 10353
1 0.654164 0.298313 1.59428 10420
1 0.666238 0.295217 1.61622 10502
1 0.675474 0.293882 1.63521 10584
1 0.682674 0.292372 1.65614 10651
1 0.692491 0.290883 1.67394 10720
1 0.698806 0.289487 1.6903 10804
1 0.705258 0.289021 1.70185 10872

