Gesto: 3
0 0.521702 0.367297 1.47098 187331
0 0.521192 0.366101 1.46854 187364
0 0.524046 0.366181 1.46616 187399
0 0.527176 0.365972 1.46663 187432
0 0.530655 0.366156 1.46425 187465
0 0.534811 0.36672 1.46168 187499
0 0.538785 0.365264 1.46077 187533
0 0.544455 0.364178 1.46094 187569
0 0.551192 0.363846 1.45995 187602
0 0.559091 0.365567 1.45968 187634
0 0.567128 0.368313 1.46098 187668
0 0.574104 0.370871 1.46053 187702
0 0.581088 0.373566 1.45913 187736
0 0.586094 0.377505 1.45734 187768
0 0.591695 0.383219 1.45758 187802
0 0.593715 0.389159 1.45637 187835
0 0.595764 0.39614 1.456 187868
0 0.595948 0.401403 1.45175 187902
0 0.594167 0.408353 1.44603 187935
0 0.590814 0.415497 1.44148 187969
0 0.589263 0.422558 1.44045 188001
0 0.585258 0.427042 1.43748 188033
0 0.582 0.430082 1.4299 188068
0 0.575904 0.432025 1.42774 188101
0 0.571477 0.434774 1.42769 188134
0 0.566367 0.438731 1.42534 188168
0 0.56283 0.441093 1.42265 188201
0 0.55951 0.44044 1.42349 188234
0 0.556494 0.438032 1.41939 188267
0 0.554516 0.436393 1.41903 188301
0 0.55376 0.435314 1.41878 188334
0 0.55511 0.434793 1.41995 188368
0 0.557574 0.433144 1.4223 188401
0 0.562628 0.43245 1.42332 188435
0 0.566288 0.431853 1.42252 188469
0 0.571765 0.431325 1.42375 188503
0 0.576027 0.430873 1.4253 188535
0 0.581429 0.431616 1.42685 188568
0 0.587275 0.433595 1.42786 188601
0 0.593421 0.434794 1.42972 188634
0 0.599536 0.438615 1.43177 188668
0 0.606148 0.441841 1.43702 188701
0 0.612077 0.447664 1.43945 188734
0 0.617192 0.452316 1.44117 188766
0 0.622489 0.457266 1.44011 188800
0 0.625041 0.463294 1.43973 188834
0 0.625169 0.473228 1.43799 188867
0 0.624421 0.481418 1.43523 188900
0 0.621244 0.491969 1.43357 188933
0 0.617908 0.501928 1.42991 188966
0 0.612095 0.512219 1.42431 189000

1 0.633122 0.378722 1.47908 194433
1 0.634385 0.378056 1.47915 194467
1 0.634976 0.377596 1.4782 194500
1 0.636734 0.376655 1.47724 194533
1 0.638356 0.376355 1.47952 194567
1 0.64131 0.377586 1.48304 194600
1 0.644744 0.377007 1.48691 194633
1 0.64899 0.376127 1.4897 194667
1 0.653489 0.375424 1.49447 194701
1 0.656666 0.375071 1.49653 194735
1 0.659416 0.379935 1.49706 194768
1 0.662057 0.383725 1.49867 194802
1 0.664442 0.387614 1.4991 194835
1 0.666548 0.393793 1.49646 194869
1 0.666325 0.399323 1.49549 194903
1 0.666989 0.403526 1.49308 194936
1 0.667218 0.409376 1.48955 194970
1 0.666721 0.413477 1.48384 195003
1 0.663904 0.420863 1.47735 195036
1 0.661621 0.425844 1.47214 195068
1 0.658939 0.428988 1.46851 195101
1 0.656637 0.430543 1.46542 195134
1 0.653088 0.431297 1.46063 195167
1 0.650309 0.431407 1.45704 195201
1 0.647413 0.428383 1.45649 195235
1 0.64549 0.426046 1.45348 195269
1 0.644623 0.424187 1.45339 195301
1 0.645808 0.421376 1.45403 195335
1 0.648776 0.421305 1.45806 195368
1 0.651549 0.42023 1.46229 195401
1 0.655682 0.420519 1.46518 195434
1 0.659453 0.421 1.46747 195468
1 0.662987 0.421121 1.472 195502
1 0.667874 0.424363 1.47816 195536
1 0.672306 0.428062 1.48559 195570
1 0.677065 0.430973 1.48931 195603
1 0.680872 0.435873 1.49391 195637
1 0.685605 0.43888 1.4984 195671
1 0.687895 0.442285 1.5008 195705
1 0.689716 0.447967 1.50159 195739
1 0.693319 0.453421 1.50198 195771
1 0.692722 0.460094 1.50293 195804
1 0.692646 0.464657 1.50244 195837
1 0.691994 0.472961 1.50269 195870
1 0.691375 0.479319 1.49921 195903
1 0.689007 0.48463 1.49333 195936
1 0.686103 0.491993 1.48751 195970
1 0.682594 0.496792 1.47916 196004
1 0.67845 0.499429 1.4695 196038
1 0.67198 0.504337 1.4625 196073
1 0.667741 0.507305 1.45707 196107

2 0.711409 0.445303 1.45107 197946
2 0.713812 0.445132 1.45502 197981
2 0.714143 0.446779 1.45323 198014
2 0.717798 0.447498 1.45228 198047
2 0.719121 0.448069 1.45209 198081
2 0.721761 0.448163 1.45302 198114
2 0.724442 0.451432 1.45791 198148
2 0.726914 0.453458 1.45923 198181
2 0.731948 0.454936 1.46485 198214
2 0.733187 0.457738 1.46462 198248
2 0.735174 0.459249 1.46655 198282
2 0.736816 0.46417 1.46688 198314
2 0.734938 0.468523 1.46063 198348
2 0.73616 0.474934 1.46415 198383
2 0.735468 0.48085 1.4649 198416
2 0.732363 0.48484 1.46379 198433
2 0.729788 0.487311 1.45951 198482
2 0.727508 0.486974 1.45506 198515
2 0.724881 0.48745 1.45071 198532
2 0.721682 0.488516 1.44545 198582
2 0.719421 0.489639 1.4455 198615
2 0.71639 0.492641 1.44461 198647
2 0.715376 0.491327 1.44158 198680
2 0.71656 0.490045 1.44206 198714
2 0.716612 0.489388 1.44401 198748
2 0.717773 0.488815 1.44555 198781
2 0.720486 0.486629 1.4465 198815
2 0.723892 0.484106 1.4462 198848
2 0.724912 0.483599 1.45112 198881
2 0.727551 0.484831 1.45463 198916
2 0.731764 0.484294 1.45787 198950
2 0.734664 0.483833 1.46334 198968
2 0.737339 0.483186 1.46883 199001
2 0.739729 0.484699 1.47169 199052
2 0.742058 0.485534 1.47674 199068
2 0.746476 0.490032 1.48516 199102
2 0.74941 0.4937 1.49047 199136
2 0.750965 0.497348 1.49345 199170
2 0.751561 0.499336 1.4955 199203
2 0.751206 0.500367 1.49748 199238
2 0.750614 0.506309 1.49625 199271
2 0.748645 0.509819 1.49459 199305
2 0.746776 0.5123 1.49318 199339
2 0.745433 0.518396 1.49503 199373
2 0.743511 0.521122 1.49249 199407
2 0.741405 0.527404 1.4895 199441
2 0.737963 0.532627 1.48729 199474
2 0.734615 0.534607 1.48391 199507
2 0.731215 0.536586 1.47994 199539
2 0.728509 0.541895 1.47388 199573
2 0.724207 0.542562 1.46895 199606

3 0.779729 0.441061 1.18563 201872
3 0.781837 0.443602 1.18664 201905
3 0.782368 0.445626 1.18716 201939
3 0.784073 0.446978 1.18699 201973
3 0.786234 0.448709 1.18766 202008
3 0.788945 0.448189 1.19164 202041
3 0.792358 0.448411 1.19521 202074
3 0.796169 0.449497 1.19897 202107
3 0.799721 0.450651 1.20442 202139
3 0.802372 0.451625 1.20875 202173
3 0.804566 0.454722 1.21204 202207
3 0.805963 0.458373 1.21576 202240
3 0.806761 0.462961 1.21737 202273
3 0.80663 0.46984 1.21669 202307
3 0.806651 0.474932 1.2181 202341
3 0.804545 0.479433 1.21911 202375
3 0.802269 0.484479 1.21571 202407
3 0.799513 0.488002 1.21231 202440
3 0.797481 0.491497 1.20974 202473
3 0.796133 0.493548 1.20871 202507
3 0.79401 0.497292 1.20876 202539
3 0.793216 0.497208 1.20973 202573
3 0.791723 0.496832 1.20613 202606
3 0.791384 0.493905 1.20761 202640
3 0.792168 0.493643 1.2101 202674
3 0.793896 0.49401 1.21322 202707
3 0.795246 0.494463 1.21888 202740
3 0.797598 0.492629 1.22147 202775
3 0.799985 0.491452 1.22731 202808
3 0.802091 0.490829 1.23113 202843
3 0.80564 0.491089 1.23704 202877
3 0.808687 0.49201 1.24177 202910
3 0.810924 0.493236 1.25007 202944
3 0.813937 0.498239 1.25831 202977
3 0.814965 0.50199 1.26728 203010
3 0.817591 0.506649 1.2717 203044
3 0.818257 0.510906 1.28087 203077
3 0.819137 0.514731 1.28937 203110
3 0.820248 0.520247 1.29367 203143
3 0.820055 0.525172 1.29686 203176
3 0.81945 0.530833 1.29768 203210
3 0.818385 0.536449 1.29877 203243
3 0.816262 0.543115 1.29922 203277
3 0.812941 0.551127 1.29929 203310
3 0.810336 0.556391 1.29765 203344
3 0.805814 0.564431 1.2968 203377
3 0.801551 0.56793 1.29148 203410
3 0.798069 0.57383 1.2866 203445
3 0.792974 0.578499 1.28202 203478
3 0.789306 0.581367 1.27863 203512
3 0.785381 0.583301 1.27584 203545

4 0.676497 0.600559 1.282 204879
4 0.677061 0.601445 1.27835 204912
4 0.679461 0.602527 1.27552 204946
4 0.684066 0.600681 1.27163 204979
4 0.689604 0.601377 1.26918 205013
4 0.695953 0.600914 1.26875 205047
4 0.701539 0.599616 1.27114 205081
4 0.708262 0.601132 1.27446 205115
4 0.713755 0.601041 1.28095 205150
4 0.719425 0.603593 1.28646 205183
4 0.723405 0.606445 1.29188 205215
4 0.72575 0.611627 1.296 205249
4 0.726647 0.615174 1.29819 205282
4 0.727523 0.619844 1.29882 205316
4 0.726189 0.62527 1.30123 205349
4 0.722372 0.633031 1.30107 205384
4 0.718496 0.639718 1.30114 205417
4 0.71412 0.647271 1.30086 205452
4 0.710265 0.651026 1.29959 205485
4 0.706385 0.65449 1.29638 205520
4 0.702746 0.655724 1.29046 205554
4 0.700661 0.655658 1.28645 205587
4 0.701389 0.654328 1.28435 205620
4 0.702453 0.652661 1.28204 205653
4 0.704428 0.652024 1.28202 205686
4 0.707265 0.64816 1.28042 205720
4 0.711048 0.643924 1.28009 205752
4 0.714737 0.642608 1.28179 205785
4 0.719499 0.641502 1.28402 205819
4 0.725467 0.640128 1.29016 205852
4 0.730195 0.640402 1.29403 205885
4 0.735009 0.641679 1.30142 205917
4 0.740128 0.64253 1.30945 205951
4 0.744867 0.643796 1.31675 205984
4 0.748383 0.645522 1.32571 206018
4 0.750234 0.650234 1.33517 206051
4 0.751964 0.654829 1.34398 206085
4 0.752739 0.662477 1.34986 206118
4 0.751952 0.669551 1.3578 206151
4 0.750768 0.673207 1.36587 206183
4 0.748339 0.679362 1.36967 206217
4 0.744843 0.684865 1.37198 206249
4 0.739841 0.691188 1.37551 206282
4 0.735348 0.697056 1.37538 206315
4 0.730048 0.703152 1.37279 206349
4 0.724683 0.709199 1.37241 206383
4 0.717384 0.713313 1.37149 206416
4 0.71231 0.717377 1.3672 206450
4 0.705202 0.720968 1.36199 206483
4 0.698185 0.723267 1.35376 206516
4 0.693419 0.724848 1.34859 206550

5 0.776161 0.656482 1.28671 208691
5 0.777108 0.65828 1.28771 208725
5 0.777724 0.659754 1.28733 208758
5 0.77899 0.659173 1.28737 208792
5 0.780389 0.658234 1.28764 208826
5 0.783723 0.657146 1.28752 208842
5 0.78684 0.657261 1.28885 208891
5 0.791282 0.655076 1.28987 208925
5 0.794937 0.653211 1.29348 208958
5 0.799492 0.650307 1.29604 208991
5 0.802536 0.649837 1.30485 209024
5 0.805552 0.649429 1.31106 209057
5 0.807709 0.653011 1.31693 209091
5 0.807618 0.657119 1.32238 209124
5 0.807548 0.660625 1.32729 209158
5 0.806935 0.665476 1.32976 209191
5 0.806046 0.670076 1.33243 209224
5 0.802923 0.675995 1.33516 209258
5 0.800385 0.681523 1.33284 209291
5 0.797711 0.685505 1.33413 209324
5 0.79375 0.691819 1.3344 209358
5 0.790983 0.694139 1.33414 209392
5 0.788574 0.695037 1.33035 209426
5 0.787058 0.695293 1.326 209442
5 0.786265 0.694584 1.32257 209492
5 0.7861 0.69437 1.32175 209525
5 0.7872 0.692513 1.31935 209558
5 0.789159 0.691849 1.31413 209591
5 0.790971 0.691048 1.31274 209624
5 0.794468 0.687673 1.3119 209656
5 0.798328 0.68457 1.31377 209690
5 0.801661 0.683388 1.31943 209723
5 0.805737 0.681696 1.32539 209756
5 0.809889 0.68053 1.33241 209788
5 0.814275 0.678398 1.3376 209823
5 0.81745 0.67765 1.34372 209856
5 0.82063 0.677999 1.35348 209889
5 0.82297 0.678619 1.3617 209922
5 0.825356 0.679685 1.37118 209956
5 0.827563 0.681008 1.37928 209987
5 0.829362 0.682014 1.38099 210021
5 0.829884 0.686663 1.38693 210055
5 0.829515 0.689952 1.38589 210087
5 0.829568 0.69286 1.39391 210122
5 0.82668 0.699241 1.40123 210156
5 0.825166 0.704056 1.40361 210188
5 0.823144 0.710219 1.40636 210222
5 0.819255 0.715936 1.4066 210255
5 0.816125 0.721514 1.40879 210288
5 0.812526 0.72807 1.40884 210322
5 0.808443 0.73366 1.40839 210355

6 0.588973 0.631657 1.27394 212458
6 0.590007 0.630426 1.27094 212491
6 0.592961 0.629984 1.27382 212525
6 0.595965 0.629681 1.27745 212559
6 0.59838 0.629509 1.27999 212592
6 0.602215 0.629138 1.28197 212626
6 0.605882 0.628717 1.28383 212659
6 0.61028 0.628183 1.28708 212693
6 0.614071 0.628367 1.29003 212726
6 0.617412 0.62955 1.29361 212759
6 0.620015 0.630447 1.2965 212793
6 0.622676 0.630992 1.30232 212827
6 0.623177 0.636575 1.30737 212860
6 0.623365 0.640363 1.31195 212895
6 0.623239 0.643132 1.3138 212928
6 0.622758 0.645253 1.31455 212945
6 0.621099 0.648243 1.3155 212996
6 0.619438 0.651586 1.31276 213013
6 0.617357 0.65296 1.31103 213062
6 0.614352 0.654836 1.30766 213094
6 0.61176 0.654287 1.30349 213126
6 0.609922 0.654655 1.30141 213160
6 0.606907 0.654742 1.29757 213193
6 0.60506 0.654709 1.29601 213227
6 0.603984 0.654375 1.29558 213261
6 0.604818 0.653221 1.29577 213293
6 0.605405 0.652502 1.29666 213327
6 0.607215 0.651605 1.29867 213360
6 0.608899 0.651028 1.30041 213394
6 0.610908 0.649293 1.30155 213426
6 0.614138 0.649411 1.3038 213460
6 0.617109 0.650157 1.30905 213494
6 0.61959 0.651532 1.31515 213528
6 0.624318 0.650073 1.3187 213563
6 0.627968 0.648458 1.31976 213597
6 0.631268 0.64878 1.32448 213614
6 0.633207 0.653319 1.33006 213664
6 0.636054 0.654406 1.33791 213681
6 0.637997 0.656312 1.34555 213715
6 0.637895 0.659816 1.35151 213749
6 0.640446 0.660895 1.35621 213783
6 0.639679 0.664322 1.3644 213817
6 0.639362 0.666833 1.37069 213865
6 0.638725 0.671359 1.37422 213882
6 0.638704 0.67546 1.37664 213916
6 0.63778 0.676621 1.37927 213949
6 0.63601 0.679372 1.38141 213983
6 0.633338 0.68257 1.38362 214017
6 0.631328 0.686 1.3842 214052
6 0.630217 0.689914 1.38557 214086
6 0.62771 0.692256 1.38609 214119

7 0.514545 0.51167 1.22911 216321
7 0.5141 0.508916 1.22922 216355
7 0.515227 0.505024 1.22931 216388
7 0.516311 0.502423 1.22792 216422
7 0.520537 0.501175 1.22873 216455
7 0.523657 0.50019 1.23018 216489
7 0.5285 0.49972 1.23249 216523
7 0.53239 0.500529 1.23468 216556
7 0.536798 0.502486 1.23765 216590
7 0.539532 0.506274 1.23947 216623
7 0.540625 0.510943 1.24092 216656
7 0.541637 0.517288 1.24371 216690
7 0.540317 0.523907 1.24255 216723
7 0.539234 0.527889 1.24116 216756
7 0.537816 0.532978 1.23995 216790
7 0.535917 0.538299 1.23777 216824
7 0.534345 0.541554 1.23625 216858
7 0.53218 0.543338 1.23489 216892
7 0.53052 0.544615 1.2335 216925
7 0.528511 0.542323 1.23075 216958
7 0.528186 0.539765 1.22933 216992
7 0.530477 0.53732 1.23272 217025
7 0.532554 0.535438 1.23518 217059
7 0.535532 0.53517 1.23971 217091
7 0.540163 0.535548 1.24441 217125
7 0.54369 0.535643 1.24794 217157
7 0.548862 0.53577 1.25122 217191
7 0.553204 0.537693 1.25366 217224
7 0.558396 0.541416 1.25811 217257
7 0.563035 0.546158 1.26457 217291
7 0.567614 0.549058 1.26988 217324
7 0.570225 0.553598 1.27364 217358
7 0.571667 0.558299 1.2773 217392
7 0.572644 0.56398 1.28075 217425
7 0.572741 0.57143 1.28582 217459
7 0.572792 0.577201 1.2891 217493
7 0.570642 0.584552 1.29287 217526
7 0.567552 0.58966 1.29185 217560
7 0.563071 0.596193 1.29075 217593
7 0.559462 0.600938 1.2883 217626
7 0.556202 0.605405 1.28767 217659
7 0.551794 0.607619 1.28785 217693
7 0.546576 0.61149 1.28487 217727
7 0.541183 0.611225 1.28023 217761
7 0.536449 0.610681 1.27769 217795
7 0.532127 0.609342 1.27551 217828
7 0.529066 0.607837 1.2733 217862
7 0.526514 0.605756 1.27143 217896

8 0.457932 0.516068 1.23526 218620
8 0.457425 0.512204 1.23419 218653
8 0.457917 0.507094 1.23191 218687
8 0.460366 0.504009 1.23183 218721
8 0.463589 0.501988 1.22988 218755
8 0.46908 0.500523 1.23123 218789
8 0.475432 0.500039 1.2344 218822
8 0.480459 0.500818 1.23684 218857
8 0.485302 0.505107 1.23989 218889
8 0.488192 0.508273 1.24184 218923
8 0.489972 0.514289 1.24551 218957
8 0.491248 0.518754 1.24812 218991
8 0.490847 0.525375 1.25015 219024
8 0.489677 0.530317 1.25029 219058
8 0.487476 0.533548 1.24893 219091
8 0.485844 0.535591 1.24798 219124
8 0.484117 0.537211 1.245 219159
8 0.483477 0.535672 1.24144 219191
8 0.484167 0.535782 1.24243 219224
8 0.485216 0.535472 1.2447 219258
8 0.488326 0.534437 1.24831 219291
8 0.490454 0.53377 1.2504 219325
8 0.493906 0.533937 1.25117 219358
8 0.498401 0.534583 1.25647 219391
8 0.502178 0.536892 1.26019 219424
8 0.506237 0.541364 1.26522 219457
8 0.508965 0.547803 1.27177 219491
8 0.510879 0.553499 1.27622 219525
8 0.512772 0.562413 1.28159 219558
8 0.513629 0.569025 1.28619 219590
8 0.512525 0.575266 1.28712 219624
8 0.511894 0.58106 1.28975 219658
8 0.50955 0.58657 1.29118 219692
8 0.506153 0.591159 1.29268 219726
8 0.502082 0.597593 1.29274 219759
8 0.498099 0.60129 1.29259 219792
8 0.493082 0.603013 1.29098 219825
8 0.487135 0.603815 1.28818 219859
8 0.483236 0.603744 1.28643 219892
8 0.478677 0.600895 1.28346 219925
8 0.475084 0.597706 1.28047 219959
8 0.473088 0.594485 1.27974 219993

9 0.381135 0.518975 1.29016 220695
9 0.37952 0.518731 1.28635 220729
9 0.378138 0.517116 1.28202 220762
9 0.378479 0.517426 1.27796 220795
9 0.380423 0.516908 1.27327 220828
9 0.384295 0.516618 1.27074 220862
9 0.388541 0.516099 1.26776 220896
9 0.392103 0.516722 1.26578 220931
9 0.395637 0.520152 1.26677 220962
9 0.398268 0.52324 1.26835 220995
9 0.398066 0.529032 1.27027 221029
9 0.396305 0.536326 1.27052 221063
9 0.394531 0.54163 1.27192 221097
9 0.39132 0.545507 1.27195 221129
9 0.388557 0.546459 1.27294 221162
9 0.386825 0.547231 1.27372 221195
9 0.3861 0.546899 1.2738 221229
9 0.386073 0.54615 1.27368 221262
9 0.388648 0.543582 1.27604 221296
9 0.392027 0.541037 1.27607 221329
9 0.396918 0.538724 1.27757 221363
9 0.402682 0.541464 1.28098 221396
9 0.407869 0.544739 1.28487 221429
9 0.413403 0.547741 1.2881 221463
9 0.419596 0.552575 1.29488 221497
9 0.424305 0.56129 1.30153 221530
9 0.427592 0.570804 1.30821 221564
9 0.429186 0.579419 1.31193 221595
9 0.4307 0.591636 1.31888 221628
9 0.429958 0.602455 1.32495 221662
9 0.426496 0.612098 1.32595 221696
9 0.421417 0.62196 1.32228 221729
9 0.416557 0.631122 1.31959 221763
9 0.411466 0.637206 1.31479 221796
9 0.40495 0.639536 1.30744 221829
9 0.400204 0.640661 1.30136 221862
9 0.397228 0.64152 1.2984 221897
9 0.395147 0.641419 1.29457 221931
9 0.394872 0.639551 1.2919 221964
9 0.397132 0.637833 1.2932 221998
9 0.400426 0.637587 1.29833 222031
9 0.403594 0.639076 1.30048 222064
9 0.406631 0.641495 1.30539 222098

