Gesto: 3
0 0.580676 0.163095 2.00985 677729
0 0.580735 0.166471 2.0056 677762
0 0.578473 0.168952 2.00435 677779
0 0.579294 0.16715 2.00317 677830
0 0.579915 0.165685 2.00206 677862
0 0.580278 0.165018 2.0053 677894
0 0.581106 0.163851 2.00685 677927
0 0.582387 0.162829 2.00769 677960
0 0.586494 0.15922 2.00636 677994
0 0.588626 0.156386 2.01036 678026
0 0.593463 0.154919 2.01088 678060
0 0.599888 0.152847 2.01854 678094
0 0.605673 0.150939 2.02609 678128
0 0.611678 0.151786 2.02563 678162
0 0.619496 0.150696 2.02663 678195
0 0.628179 0.151645 2.02316 678228
0 0.631563 0.153679 2.01567 678262
0 0.640537 0.161949 2.0187 678295
0 0.646833 0.168092 2.0269 678329
0 0.650528 0.180021 2.03131 678363
0 0.654016 0.193953 2.02828 678395
0 0.654866 0.206898 2.02613 678429
0 0.656368 0.219671 2.02103 678462
0 0.654057 0.234965 2.01259 678480
0 0.64973 0.245573 2.00757 678531
0 0.644073 0.257918 2.00397 678563
0 0.637227 0.265153 1.99676 678580
0 0.628941 0.276125 1.99471 678629
0 0.62173 0.280662 1.99265 678664
0 0.616034 0.283603 1.99366 678680
0 0.607975 0.286936 1.99059 678730
0 0.603285 0.288757 1.98514 678747
0 0.60168 0.28887 1.98405 678780
0 0.600359 0.288832 1.98317 678830
0 0.60118 0.288334 1.98345 678847
0 0.604979 0.285255 1.98807 678897
0 0.608195 0.281672 1.99357 678931
0 0.613884 0.278096 1.993 678948
0 0.621409 0.276762 1.99067 678998
0 0.63038 0.277954 1.99205 679031
0 0.637511 0.281053 1.9925 679048
0 0.646604 0.283732 1.99514 679098
0 0.656265 0.28866 1.99642 679131
0 0.663434 0.293628 2.0015 679148
0 0.671119 0.303152 2.01011 679197
0 0.6766 0.313744 2.01203 679231
0 0.681078 0.322199 2.01813 679248
0 0.679733 0.332843 2.0264 679297
0 0.677541 0.345678 2.03053 679331
0 0.675901 0.362385 2.0319 679348
0 0.671558 0.377139 2.03579 679398

1 0.712731 0.180926 2.04454 681429
1 0.713889 0.178311 2.0509 681462
1 0.716468 0.173832 2.05027 681496
1 0.719334 0.171196 2.0485 681530
1 0.725711 0.167557 2.05251 681564
1 0.731129 0.166163 2.06047 681598
1 0.738981 0.165051 2.06824 681632
1 0.746745 0.168115 2.07099 681665
1 0.754418 0.173084 2.07926 681683
1 0.760544 0.177627 2.08694 681733
1 0.766618 0.189211 2.09133 681766
1 0.771726 0.201009 2.09241 681783
1 0.773827 0.21586 2.09012 681835
1 0.775623 0.231376 2.09008 681852
1 0.771385 0.247036 2.08614 681886
1 0.766798 0.262987 2.07768 681920
1 0.756514 0.276906 2.06593 681954
1 0.748726 0.289957 2.05678 681988
1 0.740294 0.298573 2.05095 682023
1 0.732045 0.303056 2.04432 682057
1 0.723799 0.299668 2.03632 682091
1 0.719405 0.296245 2.03626 682123
1 0.719053 0.292078 2.03341 682156
1 0.723523 0.290469 2.03263 682190
1 0.730887 0.288221 2.04109 682225
1 0.738262 0.289023 2.04778 682258
1 0.747229 0.288223 2.05571 682292
1 0.755868 0.287473 2.07438 682327
1 0.764741 0.291239 2.09378 682360
1 0.771854 0.297948 2.10195 682395
1 0.77834 0.30906 2.10537 682428
1 0.782379 0.319893 2.11306 682462
1 0.784366 0.333327 2.11826 682496
1 0.786246 0.350127 2.12692 682530
1 0.784364 0.366364 2.12778 682564
1 0.778821 0.387637 2.12795 682598
1 0.774339 0.408818 2.12435 682631
1 0.764627 0.429451 2.12344 682665
1 0.751658 0.451353 2.11862 682698
1 0.736255 0.472605 2.10258 682732
1 0.720682 0.486057 2.09414 682765
1 0.707021 0.495496 2.08347 682798
1 0.691762 0.500255 2.07537 682830
1 0.6794 0.500111 2.06618 682861

2 0.474282 0.200862 2.01272 684526
2 0.476811 0.202442 2.01199 684560
2 0.476282 0.199735 2.0051 684593
2 0.477838 0.195444 2.00877 684626
2 0.480065 0.194326 2.01296 684660
2 0.486188 0.193653 2.00869 684694
2 0.491402 0.191923 2.01249 684726
2 0.500675 0.189712 2.01899 684758
2 0.509868 0.189248 2.02477 684792
2 0.517461 0.189115 2.0312 684826
2 0.525476 0.190062 2.03853 684860
2 0.535175 0.198351 2.03817 684894
2 0.540353 0.207256 2.04208 684927
2 0.542685 0.216245 2.04108 684960
2 0.544126 0.22943 2.03828 684995
2 0.54283 0.238379 2.03522 685027
2 0.542513 0.252118 2.03229 685061
2 0.53686 0.258549 2.0319 685094
2 0.53076 0.263189 2.03404 685126
2 0.523179 0.269482 2.02952 685160
2 0.516291 0.273492 2.02476 685193
2 0.508435 0.277129 2.01556 685226
2 0.504329 0.277829 2.01376 685259
2 0.501136 0.28001 2.00835 685292
2 0.497585 0.276174 2.0026 685324
2 0.49992 0.27314 2.01103 685358
2 0.504194 0.271049 2.01273 685391
2 0.508895 0.269332 2.01851 685424
2 0.517374 0.268294 2.02512 685458
2 0.525652 0.267521 2.02968 685490
2 0.535785 0.273774 2.03263 685523
2 0.545793 0.278072 2.03882 685554
2 0.553073 0.281708 2.03251 685586
2 0.559625 0.289796 2.03841 685637
2 0.566734 0.299702 2.04098 685654
2 0.571805 0.308052 2.04434 685688
2 0.570386 0.315496 2.05029 685737
2 0.567275 0.326663 2.05775 685754
2 0.563608 0.340753 2.05569 685788
2 0.55839 0.354312 2.04943 685822
2 0.549994 0.365865 2.04458 685854
2 0.540779 0.376767 2.04309 685888
2 0.529193 0.386787 2.03999 685922
2 0.514955 0.394002 2.0362 685955
2 0.5034 0.396403 2.02844 685990
2 0.490755 0.401407 2.01672 686024
2 0.479635 0.39793 2.00964 686058
2 0.471521 0.393105 2.00734 686091

3 0.357194 0.185133 2.03022 688392
3 0.359154 0.184535 2.02514 688441
3 0.363014 0.18683 2.01932 688459
3 0.367711 0.185055 2.01491 688492
3 0.374954 0.181343 2.00949 688541
3 0.38321 0.181122 2.01058 688574
3 0.392198 0.184365 2.01273 688591
3 0.398252 0.187346 2.01464 688638
3 0.407187 0.190824 2.01711 688670
3 0.412133 0.197627 2.02346 688703
3 0.417173 0.203757 2.02024 688737
3 0.419444 0.214809 2.02381 688770
3 0.416465 0.22213 2.03104 688803
3 0.413808 0.235409 2.02623 688836
3 0.407672 0.244049 2.02204 688870
3 0.400321 0.2522 2.02057 688903
3 0.393801 0.259942 2.01155 688936
3 0.388572 0.263963 2.00472 688971
3 0.380237 0.266466 1.99851 689004
3 0.37445 0.268143 1.99645 689036
3 0.369845 0.268457 1.99885 689069
3 0.368591 0.268475 1.99785 689104
3 0.368814 0.263813 2.00346 689136
3 0.370664 0.26167 2.00248 689170
3 0.376202 0.25714 2.00286 689203
3 0.383879 0.254345 1.99724 689237
3 0.38941 0.253398 1.99867 689271
3 0.39784 0.255843 2.01566 689305
3 0.408497 0.259787 2.02274 689338
3 0.419078 0.264978 2.03198 689372
3 0.427264 0.274733 2.03573 689404
3 0.433231 0.286735 2.0432 689437
3 0.437879 0.296723 2.04572 689472
3 0.440294 0.313199 2.05255 689506
3 0.438401 0.328979 2.0542 689537
3 0.435022 0.346285 2.05372 689571
3 0.428149 0.359547 2.04943 689604
3 0.418385 0.37345 2.04698 689638
3 0.405259 0.384646 2.04834 689671
3 0.392374 0.395207 2.04306 689704
3 0.379279 0.39964 2.04364 689737
3 0.364716 0.403778 2.04345 689769
3 0.351088 0.403761 2.03861 689803
3 0.337574 0.403225 2.03989 689837
3 0.325068 0.397794 2.0361 689871

4 0.434979 0.503471 2.24761 691468
4 0.434388 0.499889 2.24847 691503
4 0.43529 0.500536 2.25063 691537
4 0.437788 0.495505 2.25549 691571
4 0.442255 0.494007 2.25563 691604
4 0.447248 0.494529 2.25552 691638
4 0.453994 0.493836 2.26103 691672
4 0.46031 0.493212 2.262 691706
4 0.467638 0.491544 2.26484 691739
4 0.478095 0.491611 2.26711 691772
4 0.489697 0.497366 2.27923 691805
4 0.499211 0.502371 2.29376 691838
4 0.508073 0.507962 2.30399 691872
4 0.515295 0.519169 2.30563 691905
4 0.518423 0.531504 2.3036 691938
4 0.516739 0.541827 2.30937 691973
4 0.50991 0.55216 2.32024 692005
4 0.500147 0.560627 2.32292 692039
4 0.487813 0.568162 2.31929 692072
4 0.473707 0.572538 2.3153 692105
4 0.464755 0.574229 2.31608 692138
4 0.452913 0.574985 2.3106 692172
4 0.443824 0.575242 2.30849 692205
4 0.435957 0.574515 2.30447 692237
4 0.431412 0.573108 2.29997 692271
4 0.43049 0.565285 2.29077 692305
4 0.428878 0.559687 2.28322 692339
4 0.432509 0.561537 2.27049 692372
4 0.437167 0.558611 2.26877 692405
4 0.440639 0.555856 2.27149 692438
4 0.443989 0.560614 2.26778 692472
4 0.451804 0.560701 2.26944 692505
4 0.458373 0.560657 2.27348 692538
4 0.464429 0.559768 2.28348 692571
4 0.476015 0.557592 2.3048 692605
4 0.48764 0.561334 2.32189 692639
4 0.497845 0.565989 2.32809 692673
4 0.504903 0.569468 2.34222 692706
4 0.50815 0.57384 2.35429 692740
4 0.514346 0.583889 2.36453 692771
4 0.511319 0.592243 2.36459 692803
4 0.507347 0.601901 2.37505 692838
4 0.498099 0.615677 2.38398 692872
4 0.484868 0.624943 2.38497 692906
4 0.469832 0.632771 2.38895 692940
4 0.451535 0.643374 2.38471 692973
4 0.437182 0.644928 2.38851 693007
4 0.416452 0.643228 2.39398 693041
4 0.395891 0.641647 2.40395 693075
4 0.372528 0.638583 2.41271 693093

5 0.812715 0.180566 2.09171 696109
5 0.813729 0.180084 2.0921 696142
5 0.816681 0.179235 2.09178 696176
5 0.818657 0.179795 2.08439 696209
5 0.822154 0.179468 2.08681 696243
5 0.826426 0.180084 2.09258 696277
5 0.834151 0.180205 2.10002 696311
5 0.844278 0.187159 2.10255 696345
5 0.854746 0.190755 2.10539 696379
5 0.862795 0.193111 2.10815 696396
5 0.874021 0.195905 2.11529 696448
5 0.881053 0.203541 2.12286 696463
5 0.888204 0.210401 2.13129 696497
5 0.890569 0.222039 2.13214 696548
5 0.889905 0.234278 2.12774 696564
5 0.888812 0.243723 2.12055 696598
5 0.886756 0.260052 2.10729 696632
5 0.879628 0.267934 2.10144 696666
5 0.871731 0.276562 2.09866 696700
5 0.861509 0.281246 2.09725 696733
5 0.852449 0.289712 2.09132 696766
5 0.8448 0.293513 2.08588 696800
5 0.834947 0.297403 2.07246 696831
5 0.831537 0.293448 2.07241 696864
5 0.830346 0.288561 2.07689 696915
5 0.832433 0.285935 2.07557 696933
5 0.835549 0.283967 2.07579 696966
5 0.841277 0.282423 2.07982 697000
5 0.84972 0.281301 2.08518 697034
5 0.860553 0.280091 2.09498 697068
5 0.870453 0.27966 2.10436 697101
5 0.881383 0.285551 2.11889 697134
5 0.888902 0.288853 2.13567 697166
5 0.896691 0.29775 2.13844 697215
5 0.902047 0.306011 2.14615 697231
5 0.9081 0.316343 2.16028 697264
5 0.909586 0.329036 2.16259 697314
5 0.911176 0.345245 2.16694 697346
5 0.908739 0.358648 2.16943 697379
5 0.904024 0.37651 2.16858 697411
5 0.895882 0.395712 2.16 697445
5 0.88429 0.413156 2.14838 697479
5 0.869924 0.432451 2.13332 697511
5 0.854637 0.451179 2.11746 697545
5 0.838035 0.463232 2.10568 697578
5 0.821262 0.473512 2.09189 697612
5 0.804575 0.476286 2.07894 697644
5 0.787832 0.48112 2.06331 697677
5 0.77437 0.480003 2.05098 697710

6 0.231945 0.197959 2.0262 700672
6 0.235986 0.200478 2.02861 700705
6 0.237139 0.198796 2.03457 700739
6 0.239411 0.199067 2.0329 700773
6 0.242632 0.197889 2.02917 700807
6 0.248456 0.195144 2.0319 700841
6 0.253751 0.197733 2.02352 700875
6 0.26126 0.195533 2.02144 700909
6 0.270444 0.195458 2.02127 700942
6 0.280326 0.200381 2.02865 700976
6 0.288766 0.202621 2.03386 701009
6 0.295114 0.207282 2.03845 701044
6 0.301705 0.209346 2.04423 701078
6 0.306312 0.217344 2.04445 701111
6 0.308957 0.225168 2.04549 701145
6 0.310991 0.235011 2.04181 701179
6 0.310894 0.242487 2.04354 701213
6 0.3083 0.253066 2.04097 701247
6 0.304068 0.26092 2.03447 701279
6 0.297922 0.266468 2.0283 701313
6 0.291347 0.271765 2.01822 701347
6 0.284062 0.278694 2.00744 701380
6 0.279466 0.279887 2.00394 701414
6 0.272994 0.27991 1.99706 701448
6 0.267689 0.278843 1.99559 701482
6 0.26358 0.274801 1.99418 701516
6 0.262358 0.271132 1.9998 701550
6 0.263806 0.271359 2.00114 701584
6 0.268867 0.266538 2.00467 701618
6 0.272295 0.26726 2.00325 701634
6 0.279298 0.266571 2.00479 701685
6 0.289652 0.265876 2.01641 701702
6 0.299423 0.266336 2.02312 701736
6 0.30951 0.265726 2.03889 701770
6 0.319761 0.271371 2.04943 701804
6 0.327898 0.275857 2.06432 701838
6 0.335497 0.286657 2.07209 701870
6 0.340501 0.298348 2.08439 701904
6 0.343202 0.31112 2.09698 701938
6 0.341854 0.32824 2.10282 701972
6 0.33797 0.349167 2.10192 702005
6 0.330737 0.370159 2.10292 702039
6 0.318667 0.391851 2.09254 702073
6 0.30554 0.406459 2.07977 702107
6 0.290228 0.418399 2.0602 702140
6 0.274964 0.425464 2.04327 702173
6 0.263496 0.424863 2.03894 702205
6 0.253004 0.423336 2.02784 702237
6 0.241697 0.418081 2.01505 702271

7 0.554833 0.386216 2.07596 704381
7 0.554602 0.383214 2.07725 704415
7 0.555906 0.379328 2.07733 704448
7 0.558485 0.376902 2.07589 704482
7 0.565294 0.373449 2.07503 704516
7 0.574883 0.370825 2.08316 704549
7 0.586011 0.371017 2.08758 704582
7 0.59594 0.372944 2.09153 704614
7 0.607808 0.377491 2.09271 704647
7 0.616916 0.3786 2.10027 704680
7 0.624341 0.385263 2.11161 704714
7 0.62934 0.392232 2.12217 704748
7 0.631834 0.402435 2.12999 704781
7 0.632597 0.410961 2.13848 704816
7 0.627848 0.422936 2.13976 704850
7 0.619911 0.434749 2.13606 704883
7 0.609787 0.448048 2.12937 704917
7 0.600781 0.453842 2.12629 704952
7 0.59052 0.458638 2.11958 704985
7 0.580404 0.460748 2.11401 705020
7 0.572349 0.460092 2.10658 705053
7 0.56799 0.454477 2.1007 705086
7 0.56632 0.449005 2.09712 705120
7 0.566838 0.444939 2.09551 705153
7 0.570954 0.437881 2.10102 705187
7 0.576621 0.431595 2.10729 705221
7 0.5844 0.429747 2.1089 705238
7 0.593406 0.429329 2.11756 705288
7 0.601395 0.427653 2.13145 705321
7 0.610518 0.43043 2.14463 705338
7 0.618374 0.438365 2.15133 705388
7 0.62511 0.448764 2.16142 705405
7 0.630773 0.464088 2.17347 705439
7 0.632166 0.474786 2.19138 705490
7 0.631807 0.489752 2.20312 705506
7 0.631643 0.50719 2.2151 705540
7 0.624858 0.527564 2.22229 705575
7 0.617192 0.545747 2.22778 705608
7 0.605268 0.565113 2.22874 705642
7 0.589971 0.584619 2.22666 705675
7 0.567608 0.604769 2.21844 705709
7 0.545824 0.615071 2.20114 705742
7 0.520435 0.619888 2.18946 705775
7 0.500236 0.615008 2.17947 705807
7 0.482754 0.609193 2.1638 705841

8 0.460893 0.107803 2.07508 707582
8 0.463383 0.107076 2.07359 707615
8 0.466231 0.110108 2.06823 707649
8 0.471979 0.108198 2.06756 707682
8 0.483815 0.105509 2.07034 707716
8 0.49845 0.101259 2.06431 707750
8 0.514612 0.0967589 2.06105 707784
8 0.530548 0.0916552 2.0645 707818
8 0.549738 0.0879496 2.07491 707850
8 0.566964 0.0864628 2.08765 707884
8 0.587693 0.0919593 2.09846 707916
8 0.609277 0.0963851 2.11187 707948
8 0.629764 0.102594 2.13524 707981
8 0.646831 0.116701 2.14815 708016
8 0.659419 0.132135 2.16056 708051
8 0.670547 0.153172 2.16722 708084
8 0.676669 0.175514 2.1626 708115
8 0.678948 0.197003 2.15351 708149
8 0.676617 0.225698 2.14865 708182
8 0.671571 0.257449 2.13535 708216
8 0.661029 0.285775 2.12068 708250
8 0.647718 0.309749 2.10606 708282
8 0.632446 0.333288 2.08971 708316
8 0.612174 0.354608 2.07334 708347
8 0.593199 0.370091 2.05857 708381
8 0.572666 0.381769 2.0423 708415
8 0.55383 0.384671 2.03156 708448
8 0.534138 0.38754 2.01717 708482
8 0.520849 0.384224 2.01127 708516
8 0.513829 0.37855 2.00564 708550
8 0.512792 0.37517 1.99944 708585
8 0.518774 0.366407 2.00572 708618
8 0.529638 0.360831 2.01261 708650
8 0.545122 0.358621 2.0188 708684
8 0.56356 0.352543 2.03145 708717
8 0.58343 0.348891 2.05489 708751
8 0.604346 0.350355 2.07744 708785
8 0.625587 0.351911 2.10469 708818
8 0.64437 0.359302 2.13516 708851
8 0.659854 0.368215 2.16586 708884
8 0.670322 0.380452 2.20041 708918
8 0.67984 0.397459 2.23854 708952
8 0.683077 0.418366 2.2661 708986
8 0.682178 0.446023 2.28998 709019
8 0.675148 0.478593 2.30663 709052
8 0.662379 0.51045 2.31626 709086
8 0.641759 0.540847 2.32191 709119
8 0.621186 0.566989 2.31647 709152
8 0.594841 0.591193 2.30213 709185
8 0.566165 0.611033 2.27918 709219
8 0.533641 0.627467 2.25328 709253

9 0.264586 0.0893321 2.06222 711422
9 0.26784 0.0904448 2.05973 711456
9 0.272125 0.0861311 2.05881 711489
9 0.281486 0.0826375 2.05369 711523
9 0.289988 0.0806654 2.0513 711557
9 0.302511 0.0768541 2.05353 711589
9 0.320061 0.0729853 2.05571 711622
9 0.342953 0.068009 2.0633 711656
9 0.36736 0.0613607 2.07034 711688
9 0.392732 0.058111 2.08539 711720
9 0.420206 0.0555439 2.10586 711754
9 0.449694 0.053307 2.12455 711787
9 0.483518 0.0603812 2.14179 711821
9 0.512909 0.0692756 2.15871 711855
9 0.543051 0.0845181 2.18969 711888
9 0.569405 0.106094 2.21303 711922
9 0.594232 0.136995 2.23154 711955
9 0.613792 0.172819 2.25618 711989
9 0.62473 0.213327 2.26366 712020
9 0.630131 0.26023 2.26009 712052
9 0.631082 0.303801 2.25011 712085
9 0.62776 0.341224 2.2347 712118
9 0.615141 0.375116 2.20434 712151
9 0.59629 0.40721 2.16907 712185
9 0.572338 0.43662 2.13028 712218
9 0.545076 0.45279 2.09361 712252
9 0.51581 0.465413 2.06577 712286
9 0.48796 0.469147 2.04573 712319
9 0.459532 0.469774 2.02381 712353
9 0.439709 0.468749 2.00739 712387
9 0.427622 0.463888 2.00127 712420
9 0.425569 0.457233 1.99769 712453
9 0.433518 0.451505 1.99757 712486
9 0.448836 0.444329 2.0064 712520
9 0.47097 0.438898 2.02695 712551
9 0.496493 0.428754 2.04955 712583
9 0.523004 0.419814 2.07803 712615
9 0.550707 0.413702 2.11474 712649
9 0.578609 0.412613 2.15252 712683
9 0.601663 0.414608 2.2028 712717
9 0.619204 0.425581 2.24975 712752
9 0.633289 0.441188 2.30116 712786
9 0.64208 0.460173 2.343 712818
9 0.643892 0.490045 2.37176 712852
9 0.641157 0.519408 2.40217 712886
9 0.634048 0.55285 2.42916 712921
9 0.622487 0.582649 2.44672 712954
9 0.607806 0.619252 2.45428 712987
9 0.589654 0.653464 2.4497 713020
9 0.564589 0.688645 2.42942 713054
9 0.537968 0.722892 2.41288 713087

