Gesto: 4
0 0.66449 0.457647 1.53324 42524
0 0.66203 0.463758 1.52817 42591
0 0.659549 0.471084 1.52885 42660
0 0.4179 0.215759 1.44357 121023
0 0.416946 0.220525 1.43611 121091
0 0.415973 0.228378 1.43015 121159
0 0.415384 0.237996 1.42707 121210
0 0.415818 0.249276 1.42043 121275
0 0.416099 0.261701 1.41511 121343
0 0.414029 0.275349 1.40988 121409
0 0.414717 0.292748 1.4087 121478
0 0.414897 0.309069 1.40637 121544
0 0.415574 0.327634 1.40133 121612
0 0.416067 0.346241 1.39929 121661
0 0.417825 0.364362 1.39981 121743
0 0.418906 0.383614 1.39952 121794
0 0.42126 0.402884 1.39899 121861
0 0.423836 0.421564 1.40094 121926
0 0.427153 0.440191 1.40373 121992
0 0.432269 0.458457 1.40697 122075
0 0.437966 0.477324 1.41156 122141
0 0.442582 0.495109 1.41625 122206
0 0.449033 0.510861 1.42496 122271
0 0.45656 0.52911 1.4334 122340
0 0.464582 0.545247 1.44279 122425
0 0.473341 0.56122 1.45494 122493
0 0.482733 0.575518 1.46731 122559
0 0.491244 0.587483 1.47754 122624
0 0.500073 0.598433 1.48312 122691
0 0.512115 0.607385 1.49474 122758
0 0.524565 0.61274 1.50321 122825
0 0.537246 0.616649 1.5129 122891
0 0.550384 0.615882 1.52306 122975
0 0.563018 0.613781 1.52996 123041
0 0.575531 0.607794 1.53314 123109
0 0.58809 0.601205 1.53542 123176
0 0.599596 0.592282 1.53516 123243
0 0.611487 0.583649 1.54102 123308
0 0.621397 0.570958 1.5438 123375
0 0.63171 0.560415 1.54312 123459
0 0.640144 0.547106 1.54145 123526
0 0.646587 0.53183 1.54405 123593
0 0.654688 0.516164 1.5468 123659
0 0.664052 0.501993 1.54888 123726
0 0.670383 0.487494 1.55227 123792
0 0.677535 0.473191 1.55403 123860
0 0.683018 0.458625 1.56197 123928
0 0.689819 0.444518 1.56259 123996
0 0.695472 0.431353 1.56518 124064
0 0.700256 0.417049 1.56898 124148
0 0.699593 0.399475 1.57453 124216
0 0.703515 0.384889 1.57539 124283
0 0.705754 0.369801 1.57678 124350
0 0.708835 0.357009 1.58282 124417
0 0.710482 0.342832 1.58894 124484
0 0.710522 0.328769 1.58887 124552
0 0.710839 0.314518 1.58958 124620
0 0.709612 0.301228 1.59083 124688
0 0.71013 0.290751 1.59874 124754
0 0.710816 0.279818 1.60371 124822
0 0.710338 0.267341 1.60391 124906
0 0.709284 0.255711 1.60551 124972
0 0.710235 0.247165 1.60662 125039
0 0.70856 0.236405 1.60967 125122
0 0.70825 0.225206 1.61206 125189
0 0.706138 0.216183 1.61792 125257
0 0.704288 0.208186 1.62436 125341

1 0.415574 0.327634 1.40133 60230
1 0.762681 0.663916 1.24838 74907
1 0.763435 0.67676 1.26916 74966
1 0.759614 0.675278 1.31711 75050
1 0.634632 0.28343 1.70393 78961
1 0.637431 0.279912 1.70993 79028
1 0.638822 0.278349 1.70917 79110
1 0.641048 0.282195 1.71951 79177
1 0.64078 0.283029 1.72428 79262
1 0.644245 0.284112 1.72749 79330
1 0.644701 0.281962 1.72517 79399
1 0.645309 0.280729 1.7276 79480
1 0.647726 0.283758 1.72488 79547
1 0.647627 0.28266 1.73059 79628
1 0.649655 0.282919 1.73268 79692
1 0.65014 0.285937 1.73881 79775
1 0.651378 0.28452 1.7364 79841
1 0.651397 0.285835 1.73602 79926
1 0.651101 0.285488 1.73214 79994
1 0.650948 0.286047 1.73129 80061
1 0.651148 0.286278 1.72778 80142
1 0.651686 0.285941 1.72561 80207
1 0.650793 0.286307 1.7238 80290
1 0.650745 0.286369 1.72243 80357
1 0.650352 0.286448 1.72366 80424
1 0.649985 0.28946 1.72921 80509
1 0.650645 0.289096 1.72457 80576
1 0.649508 0.289015 1.72294 80642
1 0.650548 0.290933 1.72989 80708
1 0.649658 0.290599 1.72618 80774
1 0.649879 0.290192 1.72467 80858
1 0.649846 0.290864 1.72374 80924
1 0.650547 0.293607 1.72518 80990
1 0.649679 0.292112 1.71917 81057
1 0.649578 0.291645 1.71942 81122
1 0.649165 0.288368 1.71537 81188
1 0.648982 0.28707 1.71321 81256
1 0.648687 0.28673 1.71301 81341
1 0.649571 0.289136 1.71133 81409
1 0.648442 0.287625 1.70913 81493
1 0.64917 0.288311 1.70789 81561
1 0.649238 0.295001 1.72092 81628
1 0.645702 0.298743 1.73199 81694
1 0.637369 0.30482 1.7453 81761
1 0.630359 0.31543 1.76274 81829
1 0.619875 0.326899 1.77259 81894
1 0.608166 0.340106 1.79247 81960
1 0.605923 0.34752 1.81109 82046
1 0.601786 0.350867 1.80317 82114
1 0.604987 0.354403 1.79386 82182
1 0.609898 0.350369 1.78135 82249
1 0.612419 0.349391 1.76673 82318
1 0.619174 0.347644 1.76283 82385
1 0.619108 0.348396 1.75805 82450

2 0.623878 0.358604 1.70497 85275
2 0.627874 0.358954 1.70898 85342
2 0.626196 0.353499 1.70075 85408
2 0.626477 0.353104 1.70061 85483
2 0.629017 0.355119 1.70712 85549
2 0.629289 0.353859 1.70158 85616
2 0.628745 0.352505 1.70248 85683
2 0.622218 0.368506 1.72237 85749
2 0.623465 0.367649 1.72419 85817
2 0.635121 0.348447 1.70779 85884
2 0.635888 0.346459 1.70228 85950
2 0.636465 0.344625 1.70044 86033
2 0.636907 0.344012 1.69397 86100
2 0.639521 0.345058 1.70295 86168
2 0.6377 0.342629 1.69024 86235
2 0.64007 0.341821 1.69527 86301
2 0.638928 0.342071 1.70191 86368
2 0.639002 0.340017 1.6855 86435
2 0.63946 0.339462 1.68987 86519
2 0.639346 0.337708 1.68992 86586
2 0.638832 0.337586 1.68594 86653
2 0.639829 0.334052 1.68863 86720
2 0.636737 0.334873 1.67843 86787
2 0.633925 0.332294 1.67076 86872
2 0.631076 0.326907 1.66354 86939
2 0.632379 0.32907 1.66395 87004
2 0.629226 0.3238 1.65097 87070
2 0.628049 0.321597 1.64499 87137
2 0.628624 0.321557 1.64186 87205
2 0.628471 0.321599 1.63547 87272
2 0.625687 0.319324 1.6225 87339
2 0.625391 0.317219 1.61792 87424
2 0.622914 0.31228 1.60951 87492
2 0.620816 0.310337 1.59544 87560
2 0.619288 0.307927 1.58708 87628
2 0.618829 0.308119 1.59003 87697
2 0.618189 0.307553 1.5852 87764
2 0.615901 0.306504 1.57304 87832
2 0.612581 0.305853 1.55944 87916
2 0.61272 0.307676 1.55657 87983
2 0.607591 0.306386 1.53999 88050
2 0.607206 0.308582 1.53144 88117
2 0.606508 0.308019 1.53025 88184
2 0.604158 0.309469 1.50858 88252
2 0.601695 0.312208 1.50043 88320
2 0.601294 0.313044 1.49305 88388
2 0.597893 0.308971 1.47765 88454
2 0.595732 0.313401 1.46906 88521
2 0.592069 0.314925 1.46942 88605
2 0.590672 0.317935 1.47104 88672
2 0.586628 0.320653 1.45939 88738
2 0.583036 0.322546 1.45829 88806
2 0.576906 0.313939 1.45715 88873
2 0.602732 0.386069 1.45047 88940
2 0.622473 0.449125 1.45837 89008
2 0.638106 0.492526 1.48443 89092
2 0.646438 0.524208 1.52251 89160

