Gesto: 4
0 0.521605 0.378138 1.33201 234336
0 0.524942 0.37787 1.33008 234369
0 0.527409 0.377299 1.32806 234402
0 0.529526 0.378892 1.32404 234436
0 0.533629 0.378227 1.32258 234470
0 0.536983 0.379946 1.32011 234503
0 0.542641 0.383154 1.3183 234536
0 0.547752 0.383763 1.31698 234570
0 0.553508 0.38324 1.31647 234603
0 0.558147 0.383324 1.31376 234638
0 0.564432 0.383518 1.31241 234671
0 0.569812 0.383303 1.31006 234706
0 0.576874 0.383653 1.31027 234739
0 0.583189 0.383809 1.31209 234773
0 0.587548 0.384017 1.31056 234806
0 0.591811 0.384415 1.31156 234839
0 0.595639 0.387081 1.31124 234874
0 0.597701 0.390094 1.31093 234906
0 0.598339 0.396071 1.31005 234939
0 0.594856 0.404263 1.3065 234973
0 0.590448 0.41378 1.30354 235006
0 0.586387 0.425105 1.29918 235039
0 0.580737 0.435255 1.29622 235071
0 0.574221 0.447287 1.29284 235105
0 0.56736 0.455737 1.28882 235138
0 0.561584 0.464444 1.28741 235170
0 0.554665 0.473321 1.28514 235204
0 0.549405 0.481546 1.28244 235238
0 0.545902 0.489251 1.28154 235271
0 0.543319 0.495388 1.28004 235304
0 0.542205 0.500793 1.27819 235338
0 0.542771 0.502561 1.27572 235372
0 0.54433 0.505529 1.27426 235405
0 0.548538 0.50809 1.27306 235438
0 0.55304 0.50977 1.27136 235470
0 0.559703 0.510152 1.26985 235504
0 0.566866 0.510961 1.26769 235537
0 0.573341 0.513025 1.26572 235571
0 0.581362 0.51439 1.26529 235604
0 0.588766 0.5175 1.26471 235638
0 0.596532 0.519206 1.26302 235670
0 0.604041 0.520578 1.2621 235704
0 0.610246 0.521705 1.26129 235738
0 0.61395 0.522016 1.26158 235770

1 0.604443 0.415392 1.28636 236610
1 0.608961 0.416017 1.28695 236643
1 0.614372 0.416265 1.28957 236677
1 0.619719 0.41562 1.28912 236710
1 0.626528 0.412836 1.29064 236744
1 0.632688 0.414004 1.29451 236778
1 0.639424 0.415208 1.2973 236811
1 0.645864 0.417019 1.30144 236845
1 0.650626 0.418493 1.30164 236879
1 0.654334 0.422302 1.30435 236911
1 0.656937 0.427168 1.30517 236945
1 0.657618 0.432986 1.30517 236978
1 0.656999 0.438491 1.30317 237012
1 0.655703 0.445088 1.30149 237045
1 0.65155 0.453544 1.29913 237078
1 0.646941 0.462829 1.29612 237111
1 0.642354 0.470206 1.29146 237145
1 0.638316 0.480236 1.29047 237179
1 0.634869 0.489244 1.28803 237212
1 0.631052 0.499724 1.28717 237245
1 0.628758 0.50853 1.28729 237278
1 0.626548 0.517294 1.28568 237312
1 0.626532 0.525504 1.28538 237346
1 0.626923 0.530985 1.28494 237378
1 0.629365 0.534785 1.28398 237412
1 0.633857 0.535995 1.28429 237447
1 0.637421 0.53682 1.28229 237479
1 0.644412 0.53682 1.28513 237512
1 0.651264 0.537033 1.28783 237546
1 0.660065 0.535649 1.29022 237579
1 0.667096 0.535008 1.29236 237612
1 0.674673 0.534751 1.29316 237646
1 0.682458 0.533617 1.29645 237681
1 0.688074 0.533865 1.30007 237714
1 0.693977 0.533026 1.30428 237748
1 0.696651 0.531944 1.30672 237782
1 0.698582 0.531762 1.31005 237815

2 0.682102 0.438133 1.32717 238437
2 0.688986 0.437693 1.32945 238486
2 0.696421 0.43755 1.33279 238519
2 0.702149 0.434786 1.3329 238536
2 0.709063 0.435587 1.33635 238586
2 0.717724 0.436354 1.3429 238618
2 0.722811 0.436961 1.34624 238651
2 0.727872 0.438252 1.34914 238684
2 0.73099 0.439279 1.35367 238718
2 0.734405 0.443393 1.35702 238736
2 0.733308 0.447823 1.35796 238786
2 0.731114 0.453928 1.35757 238819
2 0.726481 0.459256 1.35611 238835
2 0.720693 0.467711 1.35438 238885
2 0.714114 0.47646 1.35089 238920
2 0.706592 0.486982 1.34858 238936
2 0.698605 0.498467 1.34301 238987
2 0.693 0.510015 1.34039 239004
2 0.689049 0.518851 1.33823 239038
2 0.686486 0.528398 1.33553 239088
2 0.686135 0.533913 1.33459 239104
2 0.687541 0.538982 1.33399 239138
2 0.691563 0.540375 1.33397 239171
2 0.697523 0.538759 1.33478 239205
2 0.704586 0.539359 1.33547 239238
2 0.71323 0.537477 1.3378 239288
2 0.723521 0.536738 1.34122 239305
2 0.733407 0.536236 1.34585 239338
2 0.742201 0.534919 1.34741 239372
2 0.750114 0.536048 1.35169 239405
2 0.755197 0.537894 1.35702 239439
2 0.759068 0.539925 1.35755 239472

3 0.756684 0.413813 1.38936 240311
3 0.759957 0.41426 1.38951 240344
3 0.763764 0.414269 1.39194 240378
3 0.771268 0.413948 1.39427 240412
3 0.778261 0.41418 1.39487 240445
3 0.785002 0.41415 1.40012 240478
3 0.792295 0.414816 1.4053 240511
3 0.799232 0.418428 1.40745 240545
3 0.803725 0.420642 1.41198 240580
3 0.806359 0.427169 1.414 240611
3 0.807174 0.435511 1.4155 240644
3 0.805756 0.441196 1.41445 240678
3 0.801152 0.452096 1.41342 240711
3 0.794522 0.467272 1.41136 240744
3 0.786176 0.480683 1.40961 240778
3 0.778592 0.494365 1.4095 240811
3 0.774308 0.508032 1.41231 240845
3 0.772451 0.516145 1.41238 240878
3 0.775316 0.519792 1.41312 240911
3 0.780536 0.520758 1.41303 240944
3 0.78764 0.520877 1.41351 240978
3 0.794249 0.518087 1.41796 241011
3 0.802168 0.516177 1.42374 241044
3 0.810864 0.513457 1.42941 241077
3 0.819521 0.511159 1.43713 241110
3 0.826029 0.510264 1.44298 241143
3 0.830264 0.509778 1.44972 241177
3 0.832662 0.509975 1.45486 241210
3 0.833844 0.510509 1.45709 241243
3 0.830802 0.512661 1.45723 241276

4 0.543501 0.584701 1.35006 242080
4 0.540712 0.584229 1.34518 242114
4 0.539209 0.583506 1.33899 242148
4 0.541766 0.582506 1.33416 242181
4 0.544052 0.581716 1.32855 242215
4 0.549582 0.580092 1.32684 242248
4 0.555715 0.579727 1.3246 242281
4 0.561098 0.579403 1.32388 242315
4 0.565959 0.580887 1.3244 242348
4 0.568135 0.583005 1.32394 242382
4 0.568675 0.588978 1.32758 242415
4 0.567528 0.594042 1.33138 242449
4 0.564593 0.602036 1.33732 242482
4 0.558922 0.611461 1.33881 242515
4 0.551899 0.621718 1.3416 242549
4 0.546555 0.630036 1.3467 242583
4 0.540649 0.638682 1.34924 242615
4 0.535054 0.646228 1.3516 242649
4 0.531714 0.651832 1.35364 242683
4 0.530435 0.656777 1.35468 242716
4 0.532881 0.660822 1.35842 242750
4 0.536297 0.66158 1.35826 242783
4 0.541168 0.663139 1.35888 242817
4 0.547982 0.662916 1.35855 242851
4 0.555485 0.661778 1.35652 242884
4 0.564169 0.66079 1.35618 242917
4 0.574451 0.659686 1.35715 242950
4 0.583294 0.658228 1.35546 242983
4 0.591073 0.656002 1.35851 243016
4 0.596146 0.653394 1.35988 243050

5 0.605393 0.584397 1.33099 243718
5 0.607594 0.58529 1.33059 243752
5 0.610402 0.584569 1.32922 243786
5 0.615473 0.584173 1.33074 243820
5 0.620573 0.58413 1.33403 243854
5 0.62641 0.583897 1.33422 243888
5 0.633936 0.583254 1.33681 243921
5 0.639906 0.584408 1.34363 243954
5 0.643926 0.585666 1.34921 243986
5 0.645556 0.586583 1.35276 244019
5 0.643997 0.590329 1.35129 244053
5 0.639976 0.593086 1.35094 244087
5 0.635292 0.601052 1.35428 244119
5 0.630519 0.609618 1.36147 244152
5 0.626736 0.618762 1.36757 244185
5 0.623819 0.626629 1.36889 244219
5 0.622242 0.632418 1.37221 244251
5 0.621795 0.636497 1.37161 244285
5 0.624654 0.637117 1.37501 244318
5 0.628723 0.636843 1.37661 244351
5 0.633124 0.635267 1.3756 244384
5 0.638337 0.633653 1.3746 244417
5 0.645275 0.632734 1.37605 244452
5 0.652211 0.630586 1.37725 244485
5 0.658687 0.628606 1.37841 244518
5 0.662969 0.6279 1.38091 244552
5 0.665087 0.626204 1.38087 244586
5 0.666138 0.624302 1.38093 244620

6 0.66798 0.564815 1.36117 245424
6 0.670256 0.563625 1.36068 245457
6 0.673099 0.563608 1.3637 245491
6 0.677917 0.56343 1.36494 245524
6 0.684437 0.565109 1.36887 245557
6 0.689853 0.569131 1.37589 245591
6 0.696061 0.570982 1.38294 245624
6 0.700233 0.572152 1.38827 245658
6 0.702189 0.574589 1.39164 245691
6 0.702392 0.580248 1.39705 245725
6 0.700326 0.584889 1.40125 245742
6 0.694967 0.59357 1.40027 245792
6 0.689516 0.604288 1.40055 245825
6 0.682337 0.61559 1.39891 245858
6 0.677271 0.62717 1.4006 245891
6 0.673344 0.635849 1.40451 245924
6 0.671229 0.643174 1.40677 245957
6 0.672622 0.649673 1.40762 245991
6 0.675518 0.652894 1.40704 246024
6 0.679824 0.653771 1.40616 246058
6 0.688042 0.654652 1.41035 246091
6 0.69597 0.652487 1.41294 246124
6 0.705393 0.65054 1.41674 246158
6 0.712908 0.647629 1.42291 246190
6 0.718132 0.647446 1.42841 246224
6 0.72186 0.64749 1.43525 246257
6 0.723596 0.647287 1.43864 246290
6 0.724182 0.646824 1.43949 246324

7 0.722111 0.594601 1.40399 247083
7 0.723864 0.596616 1.40438 247116
7 0.726242 0.595501 1.40458 247150
7 0.728163 0.593164 1.40635 247182
7 0.732322 0.591601 1.40606 247217
7 0.736129 0.591009 1.4084 247249
7 0.741821 0.589275 1.41068 247284
7 0.745763 0.588472 1.41394 247317
7 0.7494 0.589974 1.4202 247350
7 0.750926 0.594878 1.42547 247383
7 0.750562 0.598153 1.43186 247416
7 0.749317 0.604714 1.4311 247449
7 0.746114 0.610647 1.43441 247482
7 0.7404 0.620282 1.43921 247515
7 0.736816 0.628961 1.4438 247549
7 0.733237 0.637195 1.44643 247581
7 0.730101 0.643326 1.44739 247614
7 0.731416 0.648449 1.44896 247647
7 0.73291 0.651683 1.44941 247681
7 0.735519 0.652455 1.45331 247715
7 0.740482 0.649051 1.45522 247748
7 0.747346 0.64724 1.45562 247781
7 0.75478 0.645651 1.45635 247814
7 0.76117 0.64512 1.45972 247848
7 0.76723 0.643247 1.46493 247882
7 0.771824 0.642358 1.47164 247916
7 0.777882 0.640317 1.47467 247950
7 0.780002 0.639628 1.47807 247983
7 0.779048 0.639937 1.48087 248017

8 0.667083 0.674211 1.44177 248751
8 0.665122 0.676831 1.44001 248786
8 0.667677 0.676862 1.4387 248820
8 0.670006 0.678281 1.43603 248852
8 0.671984 0.679076 1.43336 248885
8 0.6781 0.67735 1.43617 248920
8 0.681982 0.677142 1.43885 248952
8 0.685697 0.677422 1.44186 248985
8 0.686906 0.67909 1.44399 249018
8 0.685844 0.682638 1.44863 249051
8 0.683968 0.686311 1.45302 249084
8 0.680408 0.692716 1.45826 249118
8 0.676501 0.698613 1.46253 249151
8 0.669946 0.703211 1.4663 249184
8 0.664979 0.712262 1.46886 249217
8 0.661145 0.717734 1.47157 249250
8 0.658193 0.72275 1.47469 249284
8 0.656684 0.727896 1.47615 249317
8 0.658605 0.731997 1.47547 249351
8 0.662923 0.73401 1.47742 249385
8 0.668397 0.734344 1.47741 249418
8 0.675982 0.734642 1.47669 249452
8 0.683953 0.735436 1.47794 249485
8 0.690496 0.737282 1.47795 249519
8 0.695657 0.737049 1.47965 249551
8 0.69891 0.737217 1.48042 249585
8 0.703286 0.733199 1.48215 249618

9 0.725719 0.691457 1.47449 250328
9 0.726953 0.692093 1.47457 250362
9 0.728975 0.692355 1.47631 250394
9 0.73374 0.692391 1.47589 250428
9 0.740212 0.691022 1.47791 250462
9 0.745074 0.69039 1.48084 250495
9 0.751747 0.689157 1.48194 250529
9 0.756476 0.688991 1.48622 250562
9 0.759199 0.689079 1.49042 250596
9 0.7577 0.692673 1.49783 250629
9 0.755102 0.696259 1.49944 250663
9 0.749335 0.702019 1.50123 250696
9 0.742393 0.708419 1.50375 250713
9 0.736643 0.714981 1.50265 250763
9 0.731225 0.721248 1.50502 250795
9 0.726583 0.729585 1.50745 250829
9 0.724712 0.73591 1.50724 250862
9 0.724924 0.739047 1.5081 250895
9 0.727254 0.740582 1.51315 250929
9 0.732837 0.741983 1.5121 250963
9 0.738926 0.743313 1.51599 250996
9 0.747092 0.743158 1.5192 251030
9 0.754553 0.741628 1.52235 251064
9 0.761657 0.73794 1.52837 251097
9 0.769526 0.735988 1.5345 251114

