Gesto: 5
0 0.66449 0.457647 1.53324 42524
0 0.66203 0.463758 1.52817 42591
0 0.659549 0.471084 1.52885 42660
0 0.4179 0.215759 1.44357 121023
0 0.416946 0.220525 1.43611 121091
0 0.415973 0.228378 1.43015 121159
0 0.415384 0.237996 1.42707 121210
0 0.415818 0.249276 1.42043 121275
0 0.416099 0.261701 1.41511 121343
0 0.414029 0.275349 1.40988 121409
0 0.414717 0.292748 1.4087 121478
0 0.414897 0.309069 1.40637 121544
0 0.415574 0.327634 1.40133 121612
0 0.416067 0.346241 1.39929 121661
0 0.417825 0.364362 1.39981 121743
0 0.418906 0.383614 1.39952 121794
0 0.42126 0.402884 1.39899 121861
0 0.423836 0.421564 1.40094 121926
0 0.427153 0.440191 1.40373 121992
0 0.432269 0.458457 1.40697 122075
0 0.437966 0.477324 1.41156 122141
0 0.442582 0.495109 1.41625 122206
0 0.449033 0.510861 1.42496 122271
0 0.45656 0.52911 1.4334 122340
0 0.464582 0.545247 1.44279 122425
0 0.473341 0.56122 1.45494 122493
0 0.482733 0.575518 1.46731 122559
0 0.491244 0.587483 1.47754 122624
0 0.500073 0.598433 1.48312 122691
0 0.512115 0.607385 1.49474 122758
0 0.524565 0.61274 1.50321 122825
0 0.537246 0.616649 1.5129 122891
0 0.550384 0.615882 1.52306 122975
0 0.563018 0.613781 1.52996 123041
0 0.575531 0.607794 1.53314 123109
0 0.58809 0.601205 1.53542 123176
0 0.599596 0.592282 1.53516 123243
0 0.611487 0.583649 1.54102 123308
0 0.621397 0.570958 1.5438 123375
0 0.63171 0.560415 1.54312 123459
0 0.640144 0.547106 1.54145 123526
0 0.646587 0.53183 1.54405 123593
0 0.654688 0.516164 1.5468 123659
0 0.664052 0.501993 1.54888 123726
0 0.670383 0.487494 1.55227 123792
0 0.677535 0.473191 1.55403 123860
0 0.683018 0.458625 1.56197 123928
0 0.689819 0.444518 1.56259 123996
0 0.695472 0.431353 1.56518 124064
0 0.700256 0.417049 1.56898 124148
0 0.699593 0.399475 1.57453 124216
0 0.703515 0.384889 1.57539 124283
0 0.705754 0.369801 1.57678 124350
0 0.708835 0.357009 1.58282 124417
0 0.710482 0.342832 1.58894 124484
0 0.710522 0.328769 1.58887 124552
0 0.710839 0.314518 1.58958 124620
0 0.709612 0.301228 1.59083 124688
0 0.71013 0.290751 1.59874 124754
0 0.710816 0.279818 1.60371 124822
0 0.710338 0.267341 1.60391 124906
0 0.709284 0.255711 1.60551 124972
0 0.710235 0.247165 1.60662 125039
0 0.70856 0.236405 1.60967 125122
0 0.70825 0.225206 1.61206 125189
0 0.706138 0.216183 1.61792 125257
0 0.704288 0.208186 1.62436 125341

1 0.415574 0.327634 1.40133 60230
1 0.762681 0.663916 1.24838 74907
1 0.763435 0.67676 1.26916 74966
1 0.759614 0.675278 1.31711 75050
1 0.634632 0.28343 1.70393 78961
1 0.637431 0.279912 1.70993 79028
1 0.638822 0.278349 1.70917 79110
1 0.641048 0.282195 1.71951 79177
1 0.64078 0.283029 1.72428 79262
1 0.644245 0.284112 1.72749 79330
1 0.644701 0.281962 1.72517 79399
1 0.645309 0.280729 1.7276 79480
1 0.647726 0.283758 1.72488 79547
1 0.647627 0.28266 1.73059 79628
1 0.649655 0.282919 1.73268 79692
1 0.65014 0.285937 1.73881 79775
1 0.651378 0.28452 1.7364 79841
1 0.651397 0.285835 1.73602 79926
1 0.651101 0.285488 1.73214 79994
1 0.650948 0.286047 1.73129 80061
1 0.651148 0.286278 1.72778 80142
1 0.651686 0.285941 1.72561 80207
1 0.650793 0.286307 1.7238 80290
1 0.650745 0.286369 1.72243 80357
1 0.650352 0.286448 1.72366 80424
1 0.649985 0.28946 1.72921 80509
1 0.650645 0.289096 1.72457 80576
1 0.649508 0.289015 1.72294 80642
1 0.650548 0.290933 1.72989 80708
1 0.649658 0.290599 1.72618 80774
1 0.649879 0.290192 1.72467 80858
1 0.649846 0.290864 1.72374 80924
1 0.650547 0.293607 1.72518 80990
1 0.649679 0.292112 1.71917 81057
1 0.649578 0.291645 1.71942 81122
1 0.649165 0.288368 1.71537 81188
1 0.648982 0.28707 1.71321 81256
1 0.648687 0.28673 1.71301 81341
1 0.649571 0.289136 1.71133 81409
1 0.648442 0.287625 1.70913 81493
1 0.64917 0.288311 1.70789 81561
1 0.649238 0.295001 1.72092 81628
1 0.645702 0.298743 1.73199 81694
1 0.637369 0.30482 1.7453 81761
1 0.630359 0.31543 1.76274 81829
1 0.619875 0.326899 1.77259 81894
1 0.608166 0.340106 1.79247 81960
1 0.605923 0.34752 1.81109 82046
1 0.601786 0.350867 1.80317 82114
1 0.604987 0.354403 1.79386 82182
1 0.609898 0.350369 1.78135 82249
1 0.612419 0.349391 1.76673 82318
1 0.619174 0.347644 1.76283 82385
1 0.619108 0.348396 1.75805 82450

2 0.623878 0.358604 1.70497 85275
2 0.627874 0.358954 1.70898 85342
2 0.626196 0.353499 1.70075 85408
2 0.626477 0.353104 1.70061 85483
2 0.629017 0.355119 1.70712 85549
2 0.629289 0.353859 1.70158 85616
2 0.628745 0.352505 1.70248 85683
2 0.622218 0.368506 1.72237 85749
2 0.623465 0.367649 1.72419 85817
2 0.635121 0.348447 1.70779 85884
2 0.635888 0.346459 1.70228 85950
2 0.636465 0.344625 1.70044 86033
2 0.636907 0.344012 1.69397 86100
2 0.639521 0.345058 1.70295 86168
2 0.6377 0.342629 1.69024 86235
2 0.64007 0.341821 1.69527 86301
2 0.638928 0.342071 1.70191 86368
2 0.639002 0.340017 1.6855 86435
2 0.63946 0.339462 1.68987 86519
2 0.639346 0.337708 1.68992 86586
2 0.638832 0.337586 1.68594 86653
2 0.639829 0.334052 1.68863 86720
2 0.636737 0.334873 1.67843 86787
2 0.633925 0.332294 1.67076 86872
2 0.631076 0.326907 1.66354 86939
2 0.632379 0.32907 1.66395 87004
2 0.629226 0.3238 1.65097 87070
2 0.628049 0.321597 1.64499 87137
2 0.628624 0.321557 1.64186 87205
2 0.628471 0.321599 1.63547 87272
2 0.625687 0.319324 1.6225 87339
2 0.625391 0.317219 1.61792 87424
2 0.622914 0.31228 1.60951 87492
2 0.620816 0.310337 1.59544 87560
2 0.619288 0.307927 1.58708 87628
2 0.618829 0.308119 1.59003 87697
2 0.618189 0.307553 1.5852 87764
2 0.615901 0.306504 1.57304 87832
2 0.612581 0.305853 1.55944 87916
2 0.61272 0.307676 1.55657 87983
2 0.607591 0.306386 1.53999 88050
2 0.607206 0.308582 1.53144 88117
2 0.606508 0.308019 1.53025 88184
2 0.604158 0.309469 1.50858 88252
2 0.601695 0.312208 1.50043 88320
2 0.601294 0.313044 1.49305 88388
2 0.597893 0.308971 1.47765 88454
2 0.595732 0.313401 1.46906 88521
2 0.592069 0.314925 1.46942 88605
2 0.590672 0.317935 1.47104 88672
2 0.586628 0.320653 1.45939 88738
2 0.583036 0.322546 1.45829 88806
2 0.576906 0.313939 1.45715 88873
2 0.602732 0.386069 1.45047 88940
2 0.622473 0.449125 1.45837 89008
2 0.638106 0.492526 1.48443 89092
2 0.646438 0.524208 1.52251 89160

3 0.4179 0.215759 1.44357 121023
3 0.416946 0.220525 1.43611 121091
3 0.415973 0.228378 1.43015 121159
3 0.415384 0.237996 1.42707 121210
3 0.415818 0.249276 1.42043 121275
3 0.416099 0.261701 1.41511 121343
3 0.414029 0.275349 1.40988 121409
3 0.414717 0.292748 1.4087 121478
3 0.414897 0.309069 1.40637 121544
3 0.415574 0.327634 1.40133 121612
3 0.416067 0.346241 1.39929 121661
3 0.417825 0.364362 1.39981 121743
3 0.418906 0.383614 1.39952 121794
3 0.42126 0.402884 1.39899 121861
3 0.423836 0.421564 1.40094 121926
3 0.427153 0.440191 1.40373 121992
3 0.432269 0.458457 1.40697 122075
3 0.437966 0.477324 1.41156 122141
3 0.442582 0.495109 1.41625 122206
3 0.449033 0.510861 1.42496 122271
3 0.45656 0.52911 1.4334 122340
3 0.464582 0.545247 1.44279 122425
3 0.473341 0.56122 1.45494 122493
3 0.482733 0.575518 1.46731 122559
3 0.491244 0.587483 1.47754 122624
3 0.500073 0.598433 1.48312 122691
3 0.512115 0.607385 1.49474 122758
3 0.524565 0.61274 1.50321 122825
3 0.537246 0.616649 1.5129 122891
3 0.550384 0.615882 1.52306 122975
3 0.563018 0.613781 1.52996 123041
3 0.575531 0.607794 1.53314 123109
3 0.58809 0.601205 1.53542 123176
3 0.599596 0.592282 1.53516 123243
3 0.611487 0.583649 1.54102 123308
3 0.621397 0.570958 1.5438 123375
3 0.63171 0.560415 1.54312 123459
3 0.640144 0.547106 1.54145 123526
3 0.646587 0.53183 1.54405 123593
3 0.654688 0.516164 1.5468 123659
3 0.664052 0.501993 1.54888 123726
3 0.670383 0.487494 1.55227 123792
3 0.677535 0.473191 1.55403 123860
3 0.683018 0.458625 1.56197 123928
3 0.689819 0.444518 1.56259 123996
3 0.695472 0.431353 1.56518 124064
3 0.700256 0.417049 1.56898 124148
3 0.699593 0.399475 1.57453 124216
3 0.703515 0.384889 1.57539 124283
3 0.705754 0.369801 1.57678 124350
3 0.708835 0.357009 1.58282 124417
3 0.710482 0.342832 1.58894 124484
3 0.710522 0.328769 1.58887 124552
3 0.710839 0.314518 1.58958 124620
3 0.709612 0.301228 1.59083 124688
3 0.71013 0.290751 1.59874 124754
3 0.710816 0.279818 1.60371 124822
3 0.710338 0.267341 1.60391 124906
3 0.709284 0.255711 1.60551 124972
3 0.710235 0.247165 1.60662 125039
3 0.70856 0.236405 1.60967 125122
3 0.70825 0.225206 1.61206 125189
3 0.706138 0.216183 1.61792 125257
3 0.704288 0.208186 1.62436 125341

4 0.605923 0.34752 1.81109 143419
4 0.601786 0.350867 1.80317 143484
4 0.604987 0.354403 1.79386 143551
4 0.609898 0.350369 1.78135 143617
4 0.612419 0.349391 1.76673 143699
4 0.619174 0.347644 1.76283 143766
4 0.619108 0.348396 1.75805 143833
4 0.61943 0.348307 1.75466 143898
4 0.621329 0.347225 1.7567 143966
4 0.620341 0.347386 1.75822 144050
4 0.619745 0.347391 1.76027 144118
4 0.621625 0.347559 1.76119 144202
4 0.621358 0.345985 1.75978 144269
4 0.619195 0.345512 1.75832 144335
4 0.622239 0.349147 1.76002 144402
4 0.6214 0.347031 1.75523 144469
4 0.623376 0.344717 1.75429 144536
4 0.622014 0.343791 1.75195 144604
4 0.62144 0.344211 1.75095 144669
4 0.620907 0.343908 1.75249 144737
4 0.621895 0.345102 1.75185 144805
4 0.62004 0.344197 1.74301 144889
4 0.618532 0.346684 1.74382 144956
4 0.622052 0.348231 1.73765 145024
4 0.62184 0.350219 1.73716 145092
4 0.624194 0.353683 1.73501 145160
4 0.622 0.354283 1.72705 145227
4 0.623475 0.355483 1.72303 145294
4 0.623737 0.356683 1.72137 145361
4 0.626293 0.357322 1.72281 145444
4 0.624095 0.354951 1.71346 145511
4 0.625923 0.355053 1.71963 145579
4 0.626641 0.355589 1.72212 145645
4 0.622661 0.35217 1.71561 145714
4 0.622427 0.354828 1.71195 145781
4 0.62149 0.352239 1.71075 145864
4 0.620857 0.349157 1.70231 145933
4 0.622692 0.352386 1.70941 146000
4 0.623528 0.355813 1.7039 146083
4 0.618135 0.37288 1.73143 146150
4 0.625213 0.354925 1.71171 146218
4 0.623673 0.356892 1.71227 146284
4 0.625239 0.353137 1.71248 146350
4 0.623633 0.351862 1.70965 146433
4 0.616624 0.373547 1.71814 146501
4 0.626374 0.356076 1.71251 146585
4 0.623878 0.358604 1.70497 146652
4 0.627874 0.358954 1.70898 146718
4 0.626196 0.353499 1.70075 146784
4 0.626477 0.353104 1.70061 146854
4 0.629017 0.355119 1.70712 146920
4 0.629289 0.353859 1.70158 146988
4 0.628745 0.352505 1.70248 147054
4 0.439521 0.227504 1.47067 4107
4 0.432389 0.228898 1.46902 4175
4 0.42588 0.229323 1.46827 4259
4 0.42016 0.229631 1.46827 4325
4 0.415768 0.232383 1.47788 4409
4 0.4105 0.23464 1.48077 4476
4 0.405186 0.236623 1.48601 4543
4 0.399693 0.237173 1.48681 4611
4 0.393669 0.237554 1.48468 4679
4 0.389825 0.237314 1.48452 4747
4 0.386817 0.237971 1.49037 4831
4 0.382213 0.239143 1.49944 4897
4 0.378483 0.238533 1.498 4966
4 0.376194 0.237401 1.49743 5031
4 0.370228 0.236745 1.49729 5098
4 0.364594 0.235168 1.49532 5181
4 0.359243 0.234715 1.49914 5249
4 0.355548 0.236419 1.50197 5316
4 0.354845 0.238855 1.5044 5383
4 0.353466 0.240825 1.5123 5451
4 0.349528 0.242622 1.52 5533
4 0.346452 0.247361 1.53156 5599
4 0.343717 0.250123 1.53495 5665

5 0.353477 0.293771 1.56891 8430
5 0.355442 0.293788 1.55732 8498
5 0.358863 0.294379 1.56047 8581
5 0.364657 0.294483 1.55111 8650
5 0.367874 0.295164 1.54306 8717
5 0.372045 0.295637 1.52911 8785
5 0.377411 0.295879 1.52063 8870
5 0.385325 0.296513 1.51158 8938
5 0.396799 0.297396 1.51049 9004
5 0.407327 0.298537 1.49603 9071
5 0.416496 0.299578 1.48275 9157
5 0.428671 0.299574 1.48049 9226
5 0.444298 0.301303 1.477 9310
5 0.455714 0.302124 1.46967 9378
5 0.47034 0.304401 1.46768 9445
5 0.486627 0.30486 1.46204 9528
5 0.501309 0.30786 1.47172 9612
5 0.516282 0.310655 1.4751 9680
5 0.532628 0.31186 1.4781 9749
5 0.545638 0.31158 1.48432 9834
5 0.561835 0.31049 1.49303 9901
5 0.577106 0.309945 1.5002 9986
5 0.591531 0.308282 1.50982 10052
5 0.60368 0.306832 1.52413 10120
5 0.6163 0.305063 1.54099 10204
5 0.629331 0.303439 1.55862 10271
5 0.641496 0.300692 1.57669 10353
5 0.654164 0.298313 1.59428 10420
5 0.666238 0.295217 1.61622 10502
5 0.675474 0.293882 1.63521 10584
5 0.682674 0.292372 1.65614 10651
5 0.692491 0.290883 1.67394 10720
5 0.698806 0.289487 1.6903 10804
5 0.705258 0.289021 1.70185 10872

6 0.723528 0.287981 1.7767 41049
6 0.722419 0.288799 1.7709 41132
6 0.577906 0.327602 1.63762 43008
6 0.572253 0.33556 1.63862 43076
6 0.570883 0.344747 1.63695 43159
6 0.569506 0.354445 1.63659 43227
6 0.56604 0.363471 1.6362 43308
6 0.562175 0.374333 1.63626 43376
6 0.560302 0.383634 1.63052 43444
6 0.558965 0.397297 1.63519 43526
6 0.555612 0.414563 1.6367 43593
6 0.552405 0.434054 1.63695 43677
6 0.547319 0.45483 1.63725 43759
6 0.542567 0.477467 1.63726 43825
6 0.539335 0.500388 1.64016 43895
6 0.537902 0.525473 1.64558 43979
6 0.53719 0.549885 1.65159 44047
6 0.536688 0.569492 1.65815 44131
6 0.536443 0.587606 1.66946 44198
6 0.53577 0.603509 1.6776 44281
6 0.535259 0.618558 1.68015 44348
6 0.536624 0.630493 1.69347 44431
6 0.536556 0.633692 1.7031 44499
6 0.539877 0.638885 1.71578 44583
6 0.541834 0.644143 1.72887 44652
6 0.543735 0.652334 1.73605 44719
6 0.544493 0.658511 1.74563 44799
6 0.544937 0.662126 1.75361 44884
6 0.543908 0.672499 1.76035 44949
6 0.545157 0.681891 1.77222 45032
6 0.543617 0.688621 1.77834 45099
6 0.54276 0.694619 1.79028 45183
6 0.543468 0.699621 1.79603 45249
6 0.544086 0.703633 1.8072 45333
6 0.544356 0.705245 1.81154 45399
6 0.544616 0.707201 1.82012 45485
6 0.544852 0.70857 1.82739 45553
6 0.544903 0.709166 1.83014 45622
6 0.544024 0.713593 1.83306 45705
6 0.544577 0.712613 1.83497 45771
6 0.544773 0.710761 1.83229 45853
6 0.543595 0.707813 1.82936 45919
6 0.54404 0.70772 1.82579 46003

7 0.530678 0.664919 1.79797 47882
7 0.530001 0.670406 1.78424 47950
7 0.529726 0.673308 1.77264 48033
7 0.529398 0.674319 1.76179 48101
7 0.528921 0.676608 1.7517 48183
7 0.526261 0.675198 1.74103 48250
7 0.525082 0.673673 1.731 48333
7 0.52367 0.674088 1.72601 48399
7 0.522813 0.673451 1.72513 48468
7 0.523094 0.672633 1.72429 48552
7 0.52393 0.672778 1.72365 48618
7 0.523933 0.672464 1.72338 48703
7 0.52695 0.672517 1.73068 48771
7 0.530073 0.67281 1.73706 48854
7 0.535921 0.676029 1.74176 48920
7 0.5409 0.682982 1.75154 49006
7 0.547043 0.686891 1.7608 49072
7 0.557059 0.685915 1.7728 49154
7 0.567304 0.681749 1.77922 49221
7 0.578521 0.67602 1.78331 49306
7 0.589875 0.669634 1.78459 49373
7 0.601232 0.661801 1.77882 49456
7 0.613694 0.648596 1.77228 49525
7 0.626256 0.633258 1.7751 49607
7 0.633783 0.614654 1.77647 49675
7 0.640893 0.593817 1.77212 49758
7 0.651769 0.574985 1.76818 49827
7 0.661114 0.558158 1.7619 49894
7 0.667172 0.541133 1.75772 49976
7 0.673387 0.523455 1.74949 50056
7 0.678264 0.506052 1.74516 50123
7 0.680288 0.489462 1.74186 50207
7 0.683841 0.475358 1.73449 50275
7 0.685636 0.46087 1.73075 50342
7 0.685765 0.447076 1.72601 50428
7 0.688088 0.437514 1.7219 50495
7 0.691146 0.428143 1.71551 50580
7 0.694541 0.419104 1.71257 50647
7 0.696337 0.411968 1.71119 50731

8 0.644012 0.363038 1.56592 51924
8 0.633795 0.364182 1.54572 52008
8 0.620977 0.365939 1.52883 52076
8 0.607675 0.368226 1.51564 52145
8 0.592285 0.368744 1.50352 52230
8 0.575335 0.368796 1.48892 52298
8 0.555357 0.369609 1.4738 52382
8 0.537847 0.369987 1.46161 52450
8 0.518261 0.368581 1.45072 52518
8 0.501697 0.367541 1.4395 52604
8 0.483261 0.365601 1.43375 52672
8 0.460607 0.363803 1.43507 52757
8 0.440609 0.361987 1.43723 52823
8 0.422931 0.360907 1.44577 52907
8 0.405261 0.360229 1.45304 52976
8 0.388473 0.358627 1.45935 53044
8 0.369927 0.358146 1.46538 53128
8 0.354128 0.358065 1.46813 53195
8 0.341016 0.358647 1.48008 53280
8 0.327978 0.357507 1.49335 53346
8 0.317369 0.358016 1.50171 53432
8 0.306159 0.358245 1.50911 53500
8 0.296963 0.356244 1.5205 53568
8 0.292224 0.354238 1.53769 53653
8 0.287633 0.352909 1.55167 53720
8 0.282733 0.350359 1.55688 53804
8 0.274985 0.348461 1.56171 53869
8 0.268971 0.346844 1.56692 53954
8 0.266122 0.343128 1.57013 54021
8 0.266244 0.34084 1.57386 54103
8 0.264876 0.338056 1.57688 54170
8 0.263696 0.336414 1.57939 54253

