Gesto: 5
0 0.609027 0.184235 2.04081 736503
0 0.609077 0.183919 2.04512 736536
0 0.612288 0.184269 2.04795 736569
0 0.610244 0.177096 2.04629 736601
0 0.61381 0.173394 2.04633 736636
0 0.616231 0.17029 2.04191 736669
0 0.617721 0.161321 2.04447 736702
0 0.620797 0.154349 2.04609 736735
0 0.624565 0.145576 2.04493 736768
0 0.626485 0.135513 2.04904 736802
0 0.634049 0.126256 2.04392 736835
0 0.639912 0.118903 2.04742 736869
0 0.646961 0.109763 2.04985 736903
0 0.652696 0.106495 2.05787 736936
0 0.662422 0.104808 2.06685 736970
0 0.672144 0.104374 2.07216 737004
0 0.681775 0.106273 2.06972 737038
0 0.69256 0.107509 2.07468 737069
0 0.701551 0.111514 2.07748 737102
0 0.709968 0.125031 2.07791 737137
0 0.718114 0.136141 2.07776 737170
0 0.725619 0.150319 2.07445 737203
0 0.73056 0.164975 2.07499 737237
0 0.733429 0.175703 2.07177 737270
0 0.73365 0.188074 2.06978 737303
0 0.731156 0.19871 2.06679 737336
0 0.72513 0.212396 2.05657 737370
0 0.718521 0.221823 2.05066 737404
0 0.71091 0.233933 2.04509 737436
0 0.703171 0.243913 2.04323 737469
0 0.694139 0.254182 2.03169 737503
0 0.684282 0.260938 2.02666 737536
0 0.676984 0.272871 2.01414 737571
0 0.666692 0.279101 2.01062 737604
0 0.657517 0.289183 2.01053 737638
0 0.649075 0.297225 2.01121 737672
0 0.641473 0.306919 2.01353 737706
0 0.633687 0.316832 2.01282 737738
0 0.629984 0.326268 2.01678 737772
0 0.628104 0.338731 2.01751 737806
0 0.624393 0.352301 2.018 737841
0 0.623409 0.364564 2.02134 737874
0 0.625385 0.377624 2.02709 737908
0 0.627342 0.39242 2.03181 737942
0 0.631232 0.406625 2.03478 737976
0 0.638013 0.421691 2.03839 738010
0 0.646853 0.43325 2.04683 738043
0 0.655681 0.447773 2.05027 738076
0 0.665026 0.45653 2.05518 738110
0 0.673759 0.46011 2.06139 738143
0 0.682094 0.46277 2.06788 738177

1 0.438107 0.171204 2.04538 740750
1 0.440755 0.171039 2.04717 740783
1 0.44638 0.168305 2.04995 740817
1 0.451877 0.161262 2.05508 740850
1 0.45956 0.155479 2.04601 740883
1 0.46822 0.150254 2.04459 740917
1 0.479355 0.141866 2.0465 740951
1 0.491982 0.137565 2.03942 740985
1 0.50522 0.13468 2.03863 741018
1 0.516431 0.139793 2.04045 741051
1 0.529392 0.147283 2.04355 741083
1 0.539241 0.157343 2.0472 741116
1 0.545789 0.172148 2.04902 741148
1 0.546878 0.188577 2.04952 741181
1 0.54625 0.205879 2.04853 741213
1 0.544048 0.222355 2.05189 741245
1 0.536773 0.241473 2.04802 741279
1 0.527399 0.259919 2.04551 741312
1 0.516659 0.273201 2.04561 741347
1 0.506244 0.286899 2.04417 741379
1 0.495951 0.301108 2.04573 741414
1 0.486961 0.311995 2.05103 741447
1 0.476852 0.324451 2.05487 741479
1 0.470458 0.337401 2.05836 741512
1 0.465981 0.350351 2.0621 741545
1 0.463955 0.366571 2.06188 741578
1 0.466428 0.383274 2.0705 741613
1 0.471984 0.402595 2.07678 741644
1 0.479093 0.421947 2.06938 741678
1 0.487871 0.435644 2.07481 741712
1 0.499022 0.443202 2.08295 741744
1 0.512342 0.448913 2.08882 741778
1 0.526748 0.453847 2.09484 741811
1 0.538325 0.452179 2.10111 741844
1 0.549519 0.445448 2.10644 741876
1 0.556948 0.434651 2.10535 741910
1 0.561868 0.418713 2.10469 741943
1 0.564081 0.402285 2.1006 741977
1 0.562476 0.381922 2.09643 742010
1 0.561465 0.363791 2.08797 742043
1 0.557553 0.343671 2.0841 742076
1 0.549324 0.322205 2.07479 742108
1 0.538247 0.302422 2.06634 742142
1 0.525037 0.280265 2.06138 742176
1 0.513601 0.261069 2.05688 742209
1 0.499964 0.242007 2.05524 742242
1 0.485164 0.219601 2.04893 742275
1 0.469933 0.201823 2.04832 742309
1 0.456128 0.183859 2.05308 742343
1 0.446176 0.166678 2.05856 742377

2 0.306944 0.20252 2.05929 744305
2 0.307374 0.202051 2.05964 744355
2 0.309907 0.196505 2.0584 744387
2 0.312222 0.191636 2.05983 744421
2 0.318487 0.183651 2.06028 744455
2 0.327191 0.176939 2.05468 744488
2 0.336407 0.172537 2.05273 744521
2 0.346981 0.168714 2.04938 744555
2 0.35815 0.166651 2.05139 744587
2 0.370456 0.167585 2.04941 744618
2 0.377674 0.1734 2.04991 744652
2 0.388746 0.178097 2.05611 744684
2 0.397012 0.189162 2.06112 744719
2 0.400922 0.198856 2.06371 744752
2 0.401213 0.212951 2.06691 744785
2 0.401075 0.229901 2.06291 744818
2 0.397415 0.244497 2.05949 744850
2 0.390206 0.259152 2.05722 744884
2 0.382289 0.271745 2.05394 744918
2 0.374583 0.284676 2.05287 744951
2 0.366005 0.294687 2.05308 744984
2 0.357412 0.306577 2.05289 745018
2 0.34941 0.316989 2.05026 745051
2 0.341741 0.327648 2.05428 745084
2 0.331952 0.340802 2.05192 745117
2 0.325945 0.350231 2.05269 745150
2 0.318671 0.36511 2.04922 745183
2 0.317311 0.379237 2.06503 745217
2 0.318711 0.393952 2.07393 745248
2 0.321322 0.411712 2.07604 745282
2 0.326757 0.427805 2.07969 745314
2 0.335642 0.440141 2.09653 745348
2 0.345808 0.45191 2.10314 745382
2 0.356006 0.463737 2.10981 745413
2 0.366262 0.473835 2.11541 745447
2 0.379323 0.479431 2.12134 745481
2 0.391081 0.475506 2.12565 745513
2 0.403135 0.469405 2.12867 745547
2 0.411799 0.457722 2.12743 745580
2 0.420901 0.449307 2.12293 745614
2 0.42668 0.438583 2.11636 745647
2 0.428312 0.421148 2.11596 745680
2 0.427097 0.40056 2.11355 745712
2 0.422954 0.37682 2.1081 745746
2 0.41862 0.358701 2.09954 745780
2 0.413998 0.339855 2.09831 745814
2 0.405171 0.320038 2.08917 745848
2 0.396438 0.299881 2.07821 745881
2 0.387976 0.280433 2.0668 745915
2 0.375175 0.263406 2.05962 745949
2 0.363755 0.244953 2.0557 745983

3 0.737415 0.213117 1.97987 748651
3 0.736286 0.20925 1.98025 748685
3 0.735031 0.204309 1.97766 748719
3 0.734416 0.200581 1.97397 748751
3 0.736844 0.192465 1.9742 748784
3 0.738757 0.186064 1.97449 748818
3 0.74173 0.177767 1.9688 748852
3 0.74827 0.169719 1.96904 748885
3 0.753751 0.166091 1.9648 748917
3 0.761366 0.159014 1.96754 748950
3 0.770034 0.153336 1.97255 748984
3 0.779979 0.154286 1.98015 749017
3 0.786758 0.155903 1.98394 749049
3 0.794978 0.159864 1.98767 749082
3 0.804221 0.168085 1.99636 749116
3 0.81263 0.182024 2.00373 749149
3 0.82022 0.197087 2.00933 749183
3 0.82575 0.21375 2.01978 749217
3 0.828565 0.231598 2.02582 749250
3 0.827901 0.252573 2.02653 749283
3 0.825317 0.271058 2.02519 749317
3 0.820801 0.289206 2.02256 749350
3 0.809988 0.306349 2.0107 749383
3 0.799864 0.319291 1.9972 749415
3 0.78832 0.327801 1.9873 749448
3 0.775714 0.337967 1.98197 749482
3 0.762884 0.344617 1.97428 749516
3 0.749731 0.351282 1.97112 749550
3 0.738651 0.359285 1.96762 749582
3 0.728588 0.365897 1.96789 749616
3 0.718938 0.372117 1.96476 749648
3 0.712513 0.382487 1.96408 749682
3 0.707096 0.391797 1.96874 749716
3 0.705241 0.408546 1.97433 749750
3 0.704369 0.423548 1.97983 749784
3 0.705704 0.439671 1.98764 749817
3 0.70929 0.451371 2.00048 749850
3 0.714016 0.46661 2.01101 749883
3 0.72022 0.481034 2.02111 749915
3 0.726322 0.49311 2.03159 749947
3 0.736138 0.50404 2.0443 749980
3 0.748493 0.511052 2.06067 750012
3 0.756398 0.51784 2.06602 750045
3 0.767996 0.517876 2.08022 750093
3 0.778238 0.516647 2.09616 750126
3 0.788162 0.510547 2.10048 750159
3 0.794688 0.49847 2.10303 750193
3 0.802942 0.483522 2.10556 750226
3 0.808224 0.46371 2.10077 750259
3 0.809607 0.443162 2.09325 750291
3 0.811539 0.421854 2.08339 750324

4 0.237205 0.269124 1.94929 753019
4 0.240518 0.268717 1.94883 753053
4 0.241048 0.268668 1.94388 753087
4 0.240873 0.269237 1.93755 753121
4 0.240073 0.269373 1.94108 753155
4 0.242068 0.266703 1.94127 753189
4 0.242616 0.263205 1.94021 753223
4 0.246329 0.255036 1.93808 753256
4 0.249474 0.244053 1.93907 753289
4 0.253153 0.231003 1.93691 753323
4 0.258621 0.218153 1.93534 753357
4 0.26366 0.203563 1.92936 753391
4 0.272259 0.185918 1.9309 753425
4 0.282722 0.172797 1.93538 753459
4 0.293858 0.161081 1.93923 753493
4 0.305279 0.149815 1.93791 753528
4 0.318107 0.14554 1.94839 753561
4 0.33086 0.144594 1.95657 753595
4 0.340611 0.14872 1.95274 753630
4 0.352105 0.155387 1.95797 753663
4 0.359554 0.16191 1.96596 753697
4 0.363442 0.172889 1.97379 753731
4 0.36742 0.184918 1.9783 753749
4 0.370859 0.201559 1.97975 753783
4 0.367188 0.217982 1.98184 753817
4 0.36252 0.232233 1.98526 753851
4 0.354585 0.24567 1.98753 753884
4 0.346687 0.258765 1.98475 753918
4 0.338609 0.270511 1.97977 753952
4 0.327958 0.280204 1.97431 753986
4 0.315367 0.287082 1.97629 754020
4 0.303447 0.298038 1.96723 754054
4 0.293072 0.305152 1.97396 754088
4 0.285016 0.312581 1.97415 754122
4 0.276681 0.320305 1.98218 754156
4 0.269305 0.33066 1.98482 754190
4 0.265357 0.342853 1.98825 754223
4 0.264388 0.353405 1.99599 754257
4 0.263118 0.369777 2.00018 754291
4 0.264989 0.38389 2.0147 754325
4 0.267783 0.400111 2.02556 754359
4 0.273603 0.417035 2.03662 754394
4 0.281509 0.434489 2.04475 754427
4 0.289091 0.451198 2.05296 754460
4 0.299836 0.467557 2.0565 754494
4 0.312121 0.477385 2.05926 754527
4 0.325972 0.484343 2.0605 754561
4 0.337973 0.488732 2.05657 754594
4 0.35169 0.487175 2.05224 754628
4 0.361732 0.480889 2.04918 754661
4 0.37226 0.472323 2.04002 754695

5 0.444766 0.526167 2.16747 757296
5 0.445419 0.526522 2.16806 757330
5 0.445841 0.526974 2.16839 757363
5 0.44925 0.523442 2.17047 757396
5 0.452469 0.52205 2.16698 757429
5 0.457376 0.514711 2.16581 757462
5 0.462061 0.512049 2.15717 757496
5 0.469837 0.507623 2.15228 757530
5 0.481 0.498429 2.1484 757562
5 0.49231 0.49402 2.14461 757596
5 0.501882 0.492854 2.13944 757629
5 0.511746 0.491686 2.14177 757663
5 0.520507 0.495546 2.14754 757697
5 0.528007 0.5076 2.15319 757731
5 0.530462 0.51843 2.15956 757764
5 0.530701 0.533261 2.16055 757798
5 0.526014 0.5468 2.16211 757832
5 0.520955 0.558644 2.17088 757866
5 0.513039 0.57204 2.17127 757899
5 0.50161 0.584509 2.17438 757933
5 0.490439 0.596136 2.17799 757967
5 0.477027 0.60274 2.17795 758001
5 0.465531 0.611358 2.17919 758035
5 0.452786 0.615706 2.18045 758069
5 0.440442 0.620817 2.1802 758086
5 0.429253 0.624531 2.18168 758120
5 0.422502 0.62769 2.18892 758154
5 0.41903 0.630661 2.19782 758187
5 0.418143 0.639954 2.21205 758220
5 0.417166 0.645844 2.2277 758254
5 0.418633 0.654679 2.24017 758287
5 0.424748 0.665002 2.2509 758320
5 0.431736 0.678528 2.26479 758371
5 0.441435 0.686872 2.27816 758388
5 0.454466 0.695962 2.29506 758421
5 0.467551 0.704912 2.30588 758455
5 0.479347 0.705719 2.31436 758488
5 0.493127 0.703691 2.31494 758520
5 0.50616 0.698993 2.31198 758555
5 0.51553 0.690527 2.30436 758588
5 0.524513 0.682424 2.29602 758622
5 0.531473 0.669117 2.28386 758656
5 0.535331 0.653416 2.26963 758690
5 0.533733 0.636849 2.24886 758723
5 0.530409 0.621848 2.22824 758757
5 0.525694 0.605367 2.19838 758791
5 0.519224 0.586648 2.17735 758825
5 0.504547 0.56738 2.16805 758859
5 0.488766 0.549064 2.14607 758893

6 0.580515 0.375719 2.0879 760660
6 0.590511 0.365336 2.07804 760694
6 0.60084 0.35209 2.07195 760727
6 0.616495 0.343962 2.06738 760761
6 0.63143 0.343367 2.07022 760795
6 0.646904 0.353987 2.07278 760828
6 0.65576 0.370528 2.07982 760861
6 0.654431 0.395912 2.08314 760895
6 0.643592 0.425775 2.08767 760928
6 0.624779 0.453733 2.09374 760962
6 0.600497 0.484444 2.09885 760996
6 0.579361 0.511756 2.10684 761028
6 0.566075 0.537679 2.12289 761062
6 0.561813 0.557289 2.13909 761094
6 0.56337 0.579193 2.15302 761128
6 0.570485 0.599298 2.17044 761162
6 0.582732 0.614242 2.19306 761195
6 0.598212 0.623342 2.21457 761230
6 0.616864 0.625705 2.22283 761261
6 0.6324 0.619123 2.23216 761293
6 0.645732 0.608452 2.23406 761327
6 0.653441 0.590404 2.2248 761360
6 0.654977 0.568704 2.19539 761393
6 0.648189 0.548083 2.1658 761426
6 0.637939 0.524124 2.13494 761460
6 0.622373 0.501729 2.10232 761494
6 0.602549 0.476245 2.07411 761527
6 0.577174 0.443957 2.04137 761560
6 0.555831 0.412176 2.01586 761592
6 0.537559 0.379956 2.00446 761624

7 0.441397 0.236466 1.98907 766663
7 0.441751 0.234006 1.99066 766697
7 0.441409 0.232351 1.98926 766731
7 0.444092 0.229899 1.99017 766764
7 0.448403 0.224012 1.98439 766798
7 0.454404 0.220471 1.98324 766831
7 0.461537 0.21798 1.98877 766866
7 0.466535 0.218824 1.9899 766900
7 0.471731 0.224906 1.99201 766933
7 0.477474 0.230752 1.99217 766967
7 0.474434 0.239211 1.99412 767001
7 0.473686 0.248071 1.99485 767034
7 0.469536 0.259417 1.99195 767067
7 0.465702 0.274529 1.98529 767100
7 0.455712 0.29252 1.98196 767134
7 0.448134 0.306462 1.98253 767169
7 0.440549 0.323798 1.9831 767202
7 0.435998 0.340097 1.98491 767236
7 0.436182 0.351156 1.98664 767270
7 0.437522 0.363618 1.98983 767304
7 0.444108 0.373036 1.99352 767338
7 0.453472 0.38283 1.99283 767372
7 0.465661 0.388845 2.00066 767404
7 0.478002 0.391036 2.00627 767437
7 0.48623 0.388742 2.00877 767470
7 0.493262 0.379673 2.01296 767503
7 0.494965 0.364658 2.01049 767538
7 0.491754 0.34766 2.00507 767571
7 0.483173 0.330028 2.00163 767605
7 0.474957 0.311929 1.9897 767638
7 0.461174 0.294013 1.98474 767672
7 0.446026 0.279723 1.97793 767706
7 0.431735 0.267364 1.9702 767740
7 0.417567 0.254936 1.97154 767773
7 0.405111 0.24497 1.97273 767807

8 0.578772 0.279248 1.98246 779082
8 0.579142 0.276705 1.98573 779116
8 0.580366 0.274425 1.98178 779150
8 0.580368 0.272197 1.981 779182
8 0.580682 0.26268 1.97983 779214
8 0.583535 0.25454 1.97988 779248
8 0.587487 0.245508 1.98221 779282
8 0.593679 0.239006 1.98296 779315
8 0.602399 0.231717 1.98326 779348
8 0.612316 0.228125 1.99033 779380
8 0.619352 0.230343 1.99165 779412
8 0.627551 0.23592 1.99519 779444
8 0.632741 0.245054 1.99682 779477
8 0.63568 0.251527 1.99575 779512
8 0.635195 0.261096 1.99369 779543
8 0.6331 0.273794 1.99433 779576
8 0.624091 0.289432 1.99424 779609
8 0.614901 0.299955 1.9977 779643
8 0.60526 0.314988 1.99393 779676
8 0.597677 0.330114 1.99032 779709
8 0.593504 0.340823 2.00002 779743
8 0.589471 0.350402 2.00114 779777
8 0.589804 0.362731 2.00112 779812
8 0.592998 0.370613 2.00578 779843
8 0.600474 0.379606 2.01202 779876
8 0.611042 0.391535 2.01848 779908
8 0.621162 0.398646 2.02348 779941
8 0.631553 0.403422 2.02665 779974
8 0.639088 0.401215 2.02555 780008
8 0.643636 0.395573 2.02631 780040
8 0.646919 0.388866 2.02546 780073
8 0.645136 0.375967 2.02482 780107
8 0.640454 0.362175 2.01533 780141
8 0.631945 0.346856 2.01011 780175
8 0.61884 0.333711 2.0008 780209
8 0.60395 0.319583 1.99068 780241
8 0.590124 0.307238 1.99083 780276
8 0.574397 0.29636 1.9875 780309
8 0.55964 0.284664 1.9874 780358
8 0.543528 0.275154 1.99004 780375

9 0.695502 0.308338 2.01946 782742
9 0.694362 0.306083 2.01924 782792
9 0.693757 0.304846 2.01593 782809
9 0.695595 0.304132 2.01377 782842
9 0.695062 0.298673 2.01689 782892
9 0.696802 0.292851 2.01075 782909
9 0.699548 0.288824 2.01221 782943
9 0.704016 0.281823 2.01514 782992
9 0.710875 0.276616 2.01104 783009
9 0.718751 0.27348 2.00901 783043
9 0.724783 0.272425 2.01211 783076
9 0.73086 0.279601 2.01722 783110
9 0.735338 0.286312 2.01927 783144
9 0.73831 0.295479 2.01927 783177
9 0.734308 0.306445 2.02182 783211
9 0.730473 0.318415 2.02121 783243
9 0.723093 0.333101 2.01986 783292
9 0.711996 0.349607 2.01239 783324
9 0.699463 0.363329 2.00728 783357
9 0.688178 0.377042 2.00614 783391
9 0.677859 0.389061 2.00659 783424
9 0.668252 0.398429 2.00572 783457
9 0.66484 0.408762 2.0117 783491
9 0.665156 0.41862 2.02082 783524
9 0.66955 0.431053 2.02331 783541
9 0.676461 0.443891 2.03077 783590
9 0.686246 0.451963 2.03735 783623
9 0.695098 0.457111 2.04701 783656
9 0.704949 0.459477 2.05093 783687
9 0.714075 0.459041 2.04947 783720
9 0.723019 0.450056 2.04572 783755
9 0.728402 0.437896 2.0447 783788
9 0.731003 0.41914 2.04316 783821
9 0.730104 0.398977 2.03204 783853
9 0.727611 0.384305 2.01607 783885
9 0.721417 0.366092 2.00053 783919
9 0.708993 0.34935 1.99076 783952
9 0.695133 0.329406 1.98145 783983
9 0.679663 0.311994 1.97886 784017
9 0.663893 0.293605 1.97786 784049
9 0.65012 0.281105 1.97573 784084

10 0.796097 0.222292 2.02431 786017
10 0.795206 0.220714 2.01446 786051
10 0.792305 0.214515 2.01921 786084
10 0.791429 0.21431 2.01572 786118
10 0.78863 0.21129 2.02007 786151
10 0.79078 0.209398 2.01962 786185
10 0.792229 0.201362 2.01671 786219
10 0.795497 0.188744 2.01971 786252
10 0.802261 0.180271 2.02163 786285
10 0.807426 0.175356 2.0229 786318
10 0.816523 0.17011 2.02708 786352
10 0.827303 0.167551 2.0282 786386
10 0.83451 0.172685 2.03278 786419
10 0.840142 0.18148 2.03829 786454
10 0.843375 0.195838 2.03946 786487
10 0.84462 0.21175 2.04114 786521
10 0.844205 0.230484 2.0401 786555
10 0.836984 0.24999 2.0327 786587
10 0.828356 0.269035 2.02462 786621
10 0.815878 0.28741 2.01385 786655
10 0.802939 0.306999 1.99841 786688
10 0.788394 0.321074 1.98695 786721
10 0.775933 0.336438 1.97292 786755
10 0.764375 0.348716 1.97504 786789
10 0.758319 0.361943 1.97932 786823
10 0.756757 0.373638 1.98229 786856
10 0.760851 0.383951 1.98719 786889
10 0.768335 0.394578 1.99701 786921
10 0.777214 0.406479 2.00934 786954
10 0.789329 0.415158 2.02101 786988
10 0.801847 0.42239 2.03557 787022
10 0.814475 0.427046 2.0495 787055
10 0.826345 0.426119 2.06281 787089
10 0.835756 0.415832 2.07437 787123
10 0.841978 0.40182 2.07739 787157
10 0.844347 0.381502 2.07416 787189
10 0.844129 0.356292 2.06674 787222
10 0.837944 0.327225 2.05265 787255
10 0.829501 0.297653 2.04106 787289
10 0.817579 0.26758 2.03039 787323
10 0.803441 0.235605 2.01708 787357
10 0.787288 0.207852 2.01092 787391
10 0.768909 0.182946 2.00525 787425

11 0.666022 0.525272 2.14929 789151
11 0.667368 0.525988 2.15221 789184
11 0.668605 0.522045 2.14957 789216
11 0.669814 0.51476 2.14153 789250
11 0.672746 0.510783 2.13371 789284
11 0.682225 0.506262 2.12601 789318
11 0.690691 0.504481 2.12172 789352
11 0.700877 0.506777 2.11697 789386
11 0.711899 0.513613 2.12449 789420
11 0.718223 0.523809 2.13587 789454
11 0.722399 0.536124 2.13814 789488
11 0.722555 0.550251 2.1458 789521
11 0.71683 0.564403 2.14422 789553
11 0.706493 0.580467 2.14326 789586
11 0.692671 0.598592 2.13455 789619
11 0.67842 0.612758 2.13556 789652
11 0.664552 0.625352 2.13669 789686
11 0.64999 0.633221 2.14022 789719
11 0.640902 0.645078 2.14157 789751
11 0.639748 0.656066 2.15202 789785
11 0.64536 0.668646 2.16306 789819
11 0.656136 0.683527 2.18057 789852
11 0.668038 0.695736 2.1897 789885
11 0.677693 0.701465 2.19387 789918
11 0.692061 0.696644 2.20447 789951
11 0.701709 0.682919 2.19168 789985
11 0.708227 0.660627 2.17331 790018
11 0.712111 0.63163 2.14718 790050
11 0.710838 0.598837 2.11765 790100
11 0.702448 0.568963 2.08364 790117
11 0.687147 0.531444 2.05974 790150
11 0.66104 0.48734 2.04718 790183
11 0.636799 0.447033 2.04801 790218
11 0.621537 0.418562 2.05012 790251

12 0.577281 0.125398 2.06447 791958
12 0.578103 0.118986 2.06166 791991
12 0.579173 0.114914 2.0595 792025
12 0.581821 0.10982 2.06469 792057
12 0.587676 0.104188 2.06126 792091
12 0.592017 0.0984438 2.07085 792124
12 0.602082 0.0959042 2.07664 792158
12 0.61279 0.0957034 2.06784 792192
12 0.620441 0.0981239 2.07247 792226
12 0.626759 0.101485 2.07485 792260
12 0.630804 0.107612 2.07392 792293
12 0.630428 0.116296 2.06936 792327
12 0.628994 0.129452 2.0647 792361
12 0.622595 0.140976 2.05848 792395
12 0.617817 0.150906 2.05934 792429
12 0.612369 0.157963 2.06121 792461
12 0.610968 0.169592 2.063 792496
12 0.610884 0.177931 2.05877 792530
12 0.612719 0.184907 2.06171 792563
12 0.619255 0.192435 2.06182 792597
12 0.628182 0.198858 2.06093 792630
12 0.64017 0.202152 2.06518 792663
12 0.650496 0.201372 2.07785 792696
12 0.66236 0.201097 2.07829 792729
12 0.668064 0.196845 2.0717 792762
12 0.672382 0.192501 2.07142 792796
12 0.671948 0.187106 2.07215 792827
12 0.666191 0.175697 2.07611 792859
12 0.654817 0.162979 2.07121 792893
12 0.642343 0.154111 2.06755 792926
12 0.628649 0.143131 2.06245 792957
12 0.613408 0.130859 2.05931 792990
12 0.598149 0.115729 2.05833 793023
12 0.583725 0.101827 2.0799 793055

