Gesto: 6
0 0.607938 0.424644 1.44799 323595
0 0.604113 0.421713 1.44713 323628
0 0.599781 0.421066 1.449 323661
0 0.595006 0.419713 1.44984 323695
0 0.59036 0.420089 1.45166 323729
0 0.585153 0.419283 1.45201 323746
0 0.578137 0.422364 1.45015 323795
0 0.573023 0.427549 1.4492 323829
0 0.568515 0.433594 1.44536 323846
0 0.564869 0.442151 1.44193 323897
0 0.561871 0.450366 1.43765 323914
0 0.560392 0.460487 1.43465 323948
0 0.557177 0.467487 1.4289 323997
0 0.557714 0.47531 1.42793 324014
0 0.557615 0.481374 1.42567 324048
0 0.559441 0.490862 1.42672 324097
0 0.562517 0.501057 1.42373 324114
0 0.565494 0.51168 1.42184 324165
0 0.568636 0.519309 1.42067 324182
0 0.572974 0.525078 1.4183 324215
0 0.577165 0.531398 1.41599 324250
0 0.58368 0.535529 1.41499 324282
0 0.587645 0.536916 1.41151 324316
0 0.593572 0.537741 1.41204 324349
0 0.597185 0.538297 1.41345 324382
0 0.60087 0.53742 1.4128 324416
0 0.604323 0.533982 1.41239 324449
0 0.607514 0.530446 1.41265 324483
0 0.609744 0.528101 1.41407 324518
0 0.610291 0.52401 1.41231 324552
0 0.611085 0.51967 1.41317 324586
0 0.610061 0.512957 1.41133 324620
0 0.610078 0.507192 1.41073 324654
0 0.610631 0.503607 1.41072 324687
0 0.609338 0.498051 1.40965 324720
0 0.608598 0.491726 1.408 324753
0 0.607146 0.48416 1.40589 324786
0 0.605825 0.479118 1.40613 324819
0 0.602707 0.475785 1.40715 324852
0 0.600774 0.471451 1.40798 324884
0 0.598435 0.46739 1.40854 324917
0 0.595646 0.464405 1.40929 324950
0 0.592373 0.459967 1.40854 324984
0 0.589993 0.456652 1.41052 325017
0 0.588185 0.453275 1.41061 325050

1 0.679737 0.461096 1.43877 326157
1 0.676393 0.461148 1.43731 326192
1 0.671557 0.46098 1.4343 326225
1 0.669286 0.459875 1.43216 326258
1 0.665654 0.461187 1.4313 326292
1 0.661686 0.466149 1.43021 326324
1 0.658116 0.470983 1.42924 326357
1 0.654189 0.477656 1.42522 326389
1 0.652683 0.483209 1.42363 326423
1 0.65183 0.491346 1.42287 326455
1 0.649859 0.497898 1.41988 326489
1 0.649967 0.505606 1.4185 326523
1 0.651118 0.514604 1.41706 326556
1 0.651862 0.521499 1.41318 326589
1 0.652749 0.529206 1.41181 326621
1 0.654677 0.538142 1.41054 326655
1 0.658918 0.549099 1.41281 326689
1 0.663336 0.555832 1.41294 326723
1 0.668142 0.561519 1.41312 326758
1 0.671695 0.5673 1.41427 326790
1 0.676782 0.571115 1.41718 326825
1 0.681798 0.57267 1.41946 326858
1 0.687145 0.574084 1.42296 326891
1 0.691248 0.574346 1.42613 326924
1 0.697672 0.569793 1.42947 326958
1 0.701704 0.565741 1.43049 326991
1 0.705727 0.559583 1.4287 327025
1 0.707418 0.554183 1.4298 327058
1 0.710199 0.546729 1.43151 327092
1 0.712239 0.538104 1.43151 327126
1 0.712099 0.53129 1.42907 327161
1 0.712501 0.521595 1.4269 327193
1 0.711216 0.512936 1.42497 327227
1 0.710758 0.505922 1.42102 327262
1 0.709166 0.497196 1.41806 327295
1 0.707133 0.490382 1.41612 327327
1 0.702885 0.483031 1.41183 327362
1 0.698721 0.477598 1.40864 327395
1 0.694898 0.474952 1.4069 327429
1 0.689641 0.471182 1.40481 327463
1 0.682791 0.469307 1.40187 327496
1 0.678236 0.469959 1.40097 327529
1 0.671864 0.471493 1.39872 327563
1 0.667654 0.472253 1.39737 327596

2 0.771022 0.482489 1.46337 328588
2 0.768492 0.480316 1.46051 328622
2 0.766247 0.482344 1.45506 328655
2 0.761101 0.483645 1.44946 328689
2 0.756644 0.486744 1.44285 328722
2 0.753704 0.492159 1.43784 328754
2 0.750718 0.497495 1.43348 328788
2 0.74905 0.503211 1.43255 328822
2 0.746434 0.510004 1.4321 328856
2 0.745647 0.51609 1.42806 328889
2 0.74222 0.525128 1.42749 328922
2 0.741095 0.533537 1.42554 328955
2 0.742287 0.540859 1.4267 328989
2 0.745545 0.546345 1.42792 329022
2 0.74629 0.553836 1.42929 329056
2 0.747723 0.55955 1.42987 329090
2 0.748786 0.566658 1.43242 329124
2 0.753632 0.570616 1.43505 329157
2 0.756929 0.572771 1.43525 329191
2 0.760207 0.574473 1.43806 329225
2 0.766323 0.576938 1.44372 329258
2 0.772527 0.577835 1.45104 329291
2 0.776417 0.576911 1.45605 329325
2 0.780171 0.575807 1.45914 329358
2 0.782601 0.57099 1.45843 329392
2 0.785027 0.566988 1.4628 329425
2 0.786525 0.561233 1.46112 329459
2 0.788401 0.554511 1.46151 329492
2 0.788644 0.549666 1.46159 329525
2 0.787724 0.543546 1.46153 329559
2 0.787358 0.536933 1.45941 329591
2 0.785719 0.529968 1.45643 329625
2 0.785412 0.523899 1.45523 329658
2 0.78223 0.517138 1.45295 329691
2 0.777576 0.512983 1.44888 329724
2 0.774977 0.508543 1.44504 329757
2 0.769808 0.50321 1.44053 329791
2 0.764226 0.50009 1.43604 329824
2 0.7586 0.498324 1.43159 329859
2 0.752984 0.497134 1.42795 329892
2 0.747857 0.497743 1.4254 329926

3 0.585046 0.6269 1.41387 331392
3 0.583528 0.626704 1.41069 331425
3 0.580844 0.625872 1.41122 331459
3 0.576979 0.626496 1.41179 331491
3 0.572207 0.626706 1.41276 331525
3 0.565828 0.626576 1.41201 331558
3 0.560905 0.62771 1.41518 331593
3 0.557509 0.633597 1.4196 331626
3 0.554443 0.637815 1.42123 331659
3 0.551985 0.64518 1.42567 331692
3 0.55193 0.65153 1.42931 331726
3 0.552945 0.660593 1.43418 331758
3 0.555186 0.666799 1.43789 331791
3 0.55692 0.673816 1.43813 331825
3 0.561372 0.680566 1.44103 331858
3 0.564769 0.686101 1.44119 331890
3 0.570696 0.689254 1.44179 331923
3 0.575181 0.691514 1.44354 331957
3 0.581635 0.693671 1.44524 331990
3 0.585659 0.693444 1.44572 332024
3 0.590909 0.690966 1.44386 332056
3 0.593624 0.688898 1.44181 332089
3 0.595696 0.684346 1.43739 332122
3 0.597247 0.678352 1.43272 332171
3 0.597827 0.67429 1.43292 332188
3 0.597545 0.668728 1.42774 332221
3 0.597152 0.661825 1.42386 332271
3 0.59561 0.658012 1.42266 332288
3 0.594794 0.654108 1.42112 332321
3 0.591079 0.65188 1.4217 332355
3 0.587436 0.647197 1.42199 332389
3 0.582889 0.64438 1.42074 332422
3 0.579944 0.642584 1.42155 332471
3 0.578047 0.641844 1.42257 332488

4 0.632234 0.636005 1.43994 333394
4 0.63032 0.637879 1.44176 333427
4 0.627759 0.639826 1.4424 333461
4 0.624095 0.642008 1.44434 333495
4 0.620991 0.644795 1.44458 333528
4 0.618589 0.64971 1.44555 333561
4 0.61679 0.6533 1.44572 333594
4 0.614228 0.655399 1.44311 333629
4 0.612541 0.659789 1.44346 333662
4 0.613811 0.663614 1.44459 333696
4 0.613278 0.668562 1.44632 333728
4 0.614309 0.673387 1.45018 333761
4 0.615907 0.675603 1.44776 333794
4 0.61916 0.679446 1.45127 333827
4 0.623067 0.683342 1.45624 333860
4 0.626414 0.685944 1.46058 333894
4 0.630907 0.687258 1.4627 333928
4 0.633725 0.687965 1.46532 333961
4 0.637199 0.687533 1.46743 333996
4 0.639656 0.685495 1.46782 334030
4 0.641265 0.682943 1.46321 334064
4 0.644929 0.679266 1.46191 334097
4 0.64777 0.676202 1.46102 334131
4 0.649554 0.672133 1.45932 334164
4 0.649143 0.667367 1.45638 334197
4 0.649772 0.662039 1.4532 334230
4 0.649516 0.65598 1.45 334264
4 0.649345 0.653237 1.45173 334298
4 0.648525 0.649 1.44737 334331
4 0.64476 0.646116 1.44228 334365
4 0.642112 0.644282 1.44079 334398
4 0.640338 0.643112 1.44027 334432
4 0.63683 0.643039 1.43875 334466
4 0.634062 0.64344 1.43851 334499
4 0.63227 0.643542 1.43685 334533
4 0.631817 0.645364 1.43833 334565

5 0.704615 0.64304 1.46493 335235
5 0.703813 0.642729 1.46536 335268
5 0.701644 0.64358 1.4626 335301
5 0.697455 0.643179 1.45787 335334
5 0.693543 0.644643 1.45545 335368
5 0.690294 0.650292 1.45606 335401
5 0.686344 0.654812 1.45656 335436
5 0.682584 0.65914 1.45651 335469
5 0.681632 0.662728 1.45411 335503
5 0.680793 0.667038 1.45446 335537
5 0.678553 0.673056 1.45572 335571
5 0.678513 0.678592 1.45874 335605
5 0.679986 0.683645 1.46244 335639
5 0.681474 0.689251 1.46578 335672
5 0.683972 0.69284 1.46702 335705
5 0.68601 0.696555 1.4729 335739
5 0.69051 0.69745 1.47656 335773
5 0.694536 0.698408 1.47854 335805
5 0.700055 0.697393 1.48042 335839
5 0.70388 0.696459 1.48005 335872
5 0.706711 0.694295 1.48424 335905
5 0.712611 0.690902 1.48823 335938
5 0.715652 0.687858 1.48768 335972
5 0.719429 0.68362 1.49096 336006
5 0.723088 0.679374 1.49235 336023
5 0.724241 0.674533 1.48806 336074
5 0.724919 0.672808 1.48633 336091
5 0.725107 0.666567 1.4849 336141
5 0.724167 0.66203 1.48137 336175
5 0.721644 0.658997 1.47693 336191
5 0.719641 0.658068 1.47594 336242
5 0.717155 0.656943 1.47345 336259
5 0.712457 0.655915 1.47123 336293
5 0.708027 0.656564 1.46846 336341
5 0.7057 0.656187 1.46691 336358
5 0.701264 0.657141 1.45969 336392
5 0.696669 0.657611 1.45852 336442
5 0.69417 0.657566 1.45656 336459

6 0.760891 0.646858 1.49902 337466
6 0.761407 0.647941 1.49962 337499
6 0.761671 0.647644 1.49631 337533
6 0.760241 0.648045 1.49383 337568
6 0.759989 0.650584 1.49235 337601
6 0.755891 0.656499 1.49405 337635
6 0.754234 0.66057 1.49654 337669
6 0.752839 0.661489 1.49714 337702
6 0.751748 0.662247 1.48983 337736
6 0.750645 0.667412 1.49444 337769
6 0.750584 0.672143 1.49915 337803
6 0.750192 0.677075 1.5017 337836
6 0.751648 0.682396 1.50213 337870
6 0.752856 0.68707 1.5054 337903
6 0.753715 0.69135 1.51238 337937
6 0.754699 0.696177 1.5143 337970
6 0.756788 0.698238 1.52055 338004
6 0.760956 0.697638 1.52264 338037
6 0.763653 0.697176 1.52388 338070
6 0.767443 0.69565 1.52503 338104
6 0.772205 0.693989 1.52803 338137
6 0.774477 0.691773 1.52973 338170
6 0.776281 0.690411 1.53125 338203
6 0.780455 0.685441 1.53457 338236
6 0.783492 0.681404 1.53591 338270
6 0.78553 0.674955 1.53251 338303
6 0.787211 0.670792 1.53053 338336
6 0.788475 0.66651 1.52939 338370
6 0.790753 0.658551 1.52784 338404
6 0.790537 0.650572 1.52521 338437
6 0.788482 0.643473 1.52218 338471
6 0.787429 0.639175 1.51953 338505
6 0.785713 0.630712 1.51247 338538
6 0.783567 0.625561 1.50944 338571
6 0.779677 0.623555 1.50758 338604
6 0.776527 0.622538 1.50458 338638
6 0.773488 0.621787 1.50243 338671
6 0.768625 0.624253 1.49907 338705
6 0.765471 0.626099 1.49547 338738
6 0.762061 0.628687 1.49546 338771
6 0.758263 0.631142 1.49446 338805
6 0.755655 0.632238 1.49175 338839
6 0.754121 0.633858 1.48941 338873
6 0.753223 0.63555 1.48776 338907

7 0.599683 0.736377 1.52316 346009
7 0.596148 0.734353 1.51909 346042
7 0.593971 0.734107 1.52015 346075
7 0.590576 0.736314 1.5201 346108
7 0.5865 0.736844 1.52127 346141
7 0.58394 0.738298 1.52511 346174
7 0.579811 0.740958 1.52847 346207
7 0.576194 0.744816 1.5339 346239
7 0.574059 0.747847 1.53787 346273
7 0.572966 0.750724 1.54292 346306
7 0.575613 0.757275 1.54668 346340
7 0.574863 0.762556 1.55391 346375
7 0.574822 0.766181 1.55933 346409
7 0.576963 0.769204 1.56379 346442
7 0.580932 0.770926 1.56786 346476
7 0.585514 0.775931 1.57005 346508
7 0.58955 0.779088 1.57186 346541
7 0.593629 0.781586 1.57257 346575
7 0.5984 0.78286 1.57537 346609
7 0.602891 0.78381 1.57618 346641
7 0.605364 0.783865 1.57522 346675
7 0.610021 0.78323 1.578 346708
7 0.614432 0.781707 1.58307 346742
7 0.618642 0.777519 1.58069 346775
7 0.624572 0.774118 1.57502 346808
7 0.627159 0.771278 1.57113 346842
7 0.628659 0.768421 1.56633 346875
7 0.627118 0.764595 1.56254 346909
7 0.627242 0.759326 1.55693 346942
7 0.623807 0.756129 1.54926 346976
7 0.622914 0.755028 1.54493 347010
7 0.619996 0.753148 1.54348 347044
7 0.616278 0.752367 1.53907 347078
7 0.612948 0.751135 1.53796 347112
7 0.610155 0.750655 1.53697 347146
7 0.608084 0.750883 1.53857 347180
7 0.606248 0.750606 1.53925 347214
7 0.604847 0.749671 1.5402 347247
7 0.604532 0.750256 1.54084 347281
7 0.60442 0.75079 1.54124 347314
7 0.604061 0.75093 1.54065 347349

8 0.669479 0.705918 1.50493 372034
8 0.667291 0.707625 1.50504 372068
8 0.663646 0.710628 1.50464 372102
8 0.661003 0.715164 1.5048 372136
8 0.659827 0.721012 1.50524 372168
8 0.657916 0.727466 1.50563 372202
8 0.657963 0.735611 1.50594 372235
8 0.658338 0.742023 1.50871 372269
8 0.659824 0.750117 1.51192 372303
8 0.663855 0.756288 1.51484 372337
8 0.667627 0.760699 1.52149 372370
8 0.673452 0.762874 1.5267 372403
8 0.680232 0.764628 1.53177 372437
8 0.685506 0.764504 1.53316 372470
8 0.690183 0.762795 1.53111 372503
8 0.694625 0.757239 1.53067 372537
8 0.698054 0.752238 1.52771 372570
8 0.702399 0.745031 1.52177 372603
8 0.704469 0.738038 1.51831 372636
8 0.705057 0.731921 1.51262 372669
8 0.704566 0.721769 1.50248 372702
8 0.702039 0.716313 1.4993 372736
8 0.699461 0.709622 1.49478 372770
8 0.69612 0.704477 1.48866 372803
8 0.691976 0.700079 1.48678 372837
8 0.686257 0.699069 1.48462 372870
8 0.680086 0.698793 1.48606 372903
8 0.673627 0.699813 1.48418 372937
8 0.668997 0.702303 1.48511 372969

9 0.64382 0.766454 1.53143 373971
9 0.642924 0.768468 1.52958 374004
9 0.641683 0.770443 1.52707 374038
9 0.63969 0.773534 1.527 374071
9 0.637621 0.776802 1.53169 374104
9 0.636482 0.781684 1.53479 374138
9 0.633044 0.787602 1.53944 374172
9 0.631909 0.79193 1.54441 374205
9 0.633404 0.797787 1.5529 374238
9 0.636854 0.802678 1.55987 374271
9 0.641013 0.806488 1.56389 374304
9 0.646313 0.809904 1.57037 374337
9 0.650249 0.811372 1.57498 374371
9 0.655099 0.811267 1.57702 374404
9 0.660516 0.806729 1.5807 374437
9 0.665576 0.8038 1.58166 374471
9 0.670554 0.800352 1.57685 374504
9 0.67345 0.795763 1.57458 374538
9 0.676163 0.788169 1.56932 374572
9 0.679414 0.781421 1.56084 374606
9 0.681447 0.77341 1.55317 374639
9 0.681612 0.767611 1.54184 374672
9 0.680399 0.760644 1.53479 374706
9 0.679791 0.754278 1.52752 374740
9 0.67595 0.750067 1.52461 374774
9 0.672467 0.746418 1.51695 374807
9 0.667472 0.744675 1.515 374840
9 0.662381 0.744051 1.5098 374873
9 0.656013 0.744546 1.50822 374907
9 0.652063 0.746123 1.50856 374939
9 0.649086 0.749108 1.51253 374973
9 0.644317 0.754961 1.51579 375006
9 0.64064 0.758938 1.51977 375040
9 0.638878 0.76165 1.52333 375074

