Gesto: 7
0 0.527199 0.388515 1.35049 287864
0 0.528211 0.388469 1.34798 287896
0 0.532109 0.389501 1.3448 287913
0 0.535704 0.388606 1.34342 287963
0 0.540807 0.388495 1.34141 287995
0 0.547096 0.389142 1.34205 288028
0 0.551932 0.391179 1.34145 288061
0 0.557231 0.39272 1.34177 288095
0 0.560973 0.396493 1.34017 288128
0 0.562402 0.404043 1.33689 288162
0 0.563577 0.413489 1.33553 288195
0 0.564047 0.424482 1.3334 288229
0 0.563941 0.436599 1.33038 288263
0 0.563308 0.449145 1.32661 288296
0 0.560305 0.46334 1.3218 288313
0 0.558172 0.476517 1.31626 288363
0 0.555826 0.492667 1.31147 288396
0 0.554623 0.507321 1.30772 288429
0 0.553469 0.521013 1.30466 288463
0 0.55251 0.53367 1.30234 288481
0 0.551107 0.542648 1.29806 288531
0 0.549955 0.551103 1.29617 288566
0 0.548481 0.55652 1.29401 288582
0 0.548156 0.560521 1.29199 288632
0 0.54904 0.562465 1.29074 288649

1 0.595448 0.436462 1.31114 289587
1 0.597645 0.437346 1.31202 289621
1 0.60068 0.438586 1.31397 289653
1 0.605104 0.438435 1.31628 289687
1 0.609786 0.438679 1.3182 289720
1 0.6142 0.43584 1.31896 289754
1 0.618633 0.433041 1.31875 289786
1 0.623225 0.432094 1.32088 289820
1 0.627241 0.434644 1.32472 289853
1 0.633069 0.437299 1.32979 289887
1 0.63563 0.442454 1.3308 289920
1 0.637721 0.446861 1.33074 289952
1 0.638973 0.454408 1.33118 289986
1 0.639497 0.463958 1.32821 290020
1 0.639477 0.474996 1.32566 290053
1 0.638956 0.486979 1.32243 290087
1 0.638406 0.499351 1.31935 290120
1 0.637232 0.512071 1.31438 290154
1 0.635409 0.524685 1.31116 290188
1 0.634325 0.536897 1.30985 290222
1 0.63282 0.547988 1.30701 290256
1 0.632412 0.556228 1.30324 290290
1 0.630347 0.56396 1.29948 290323
1 0.628977 0.572963 1.29946 290356
1 0.628564 0.579435 1.29952 290389
1 0.627208 0.58603 1.29888 290423
1 0.626911 0.590091 1.29914 290458
1 0.626851 0.592137 1.29668 290490
1 0.627232 0.594918 1.29769 290523
1 0.627855 0.594225 1.29467 290558
1 0.627904 0.592722 1.29458 290591

2 0.668781 0.45046 1.34758 291693
2 0.669775 0.450635 1.34541 291728
2 0.672358 0.452498 1.34765 291760
2 0.675969 0.452013 1.35089 291793
2 0.677978 0.450883 1.3502 291826
2 0.681666 0.45145 1.35283 291860
2 0.686072 0.450383 1.35276 291893
2 0.688693 0.449156 1.35496 291927
2 0.692101 0.450648 1.3606 291961
2 0.696241 0.449865 1.36148 291995
2 0.699239 0.454201 1.36399 292029
2 0.701042 0.459153 1.36449 292063
2 0.700786 0.466183 1.36083 292096
2 0.700405 0.475899 1.3573 292129
2 0.699999 0.489078 1.35358 292162
2 0.699118 0.503042 1.34894 292196
2 0.698131 0.519335 1.34451 292229
2 0.696523 0.535962 1.34022 292262
2 0.695054 0.550258 1.33512 292296
2 0.694093 0.565682 1.33411 292330
2 0.692957 0.577273 1.33311 292362
2 0.690716 0.588141 1.33091 292395
2 0.690618 0.597749 1.33059 292429
2 0.689392 0.605034 1.32934 292463
2 0.689878 0.609111 1.32791 292497
2 0.690951 0.611595 1.32733 292530

3 0.720575 0.460858 1.3755 293653
3 0.720683 0.461253 1.37277 293705
3 0.720783 0.461001 1.36967 293721
3 0.721572 0.458616 1.36364 293755
3 0.724044 0.455993 1.36425 293789
3 0.726915 0.457349 1.36765 293823
3 0.729603 0.453464 1.37191 293856
3 0.733282 0.448158 1.3782 293889
3 0.73785 0.442703 1.38397 293924
3 0.741433 0.439455 1.38994 293958
3 0.744483 0.434262 1.39189 293991
3 0.746875 0.430222 1.39884 294024
3 0.748393 0.427977 1.40346 294057
3 0.751044 0.427502 1.41022 294090
3 0.754393 0.429864 1.41489 294123
3 0.756545 0.433695 1.41796 294156
3 0.757795 0.439558 1.41671 294189
3 0.759627 0.446362 1.41659 294222
3 0.760612 0.455328 1.41569 294255
3 0.761243 0.465952 1.41456 294289
3 0.763116 0.478145 1.41135 294322
3 0.764896 0.492492 1.41038 294356
3 0.766258 0.503973 1.40866 294389
3 0.766929 0.515437 1.40685 294422
3 0.767319 0.526633 1.40662 294456
3 0.766643 0.538528 1.40272 294489
3 0.76717 0.546847 1.40229 294522
3 0.766974 0.556535 1.40027 294556
3 0.766886 0.566733 1.40206 294588
3 0.76637 0.574769 1.40229 294623
3 0.766074 0.5823 1.40167 294656
3 0.766286 0.587263 1.40178 294689
3 0.767022 0.588728 1.39424 294722
3 0.768826 0.58794 1.39674 294771

4 0.782681 0.477719 1.43184 295470
4 0.783449 0.478809 1.43316 295487
4 0.784933 0.479168 1.43825 295537
4 0.787994 0.48237 1.43887 295570
4 0.791115 0.484348 1.44152 295603
4 0.796315 0.481572 1.44454 295636
4 0.800921 0.479513 1.44673 295670
4 0.804801 0.478215 1.45195 295703
4 0.807834 0.478007 1.45971 295737
4 0.809376 0.482968 1.46469 295772
4 0.812267 0.484932 1.46851 295788
4 0.814544 0.485654 1.4731 295839
4 0.816297 0.486018 1.47551 295856
4 0.818555 0.486252 1.47885 295890
4 0.818688 0.491683 1.47829 295923
4 0.819081 0.495535 1.48251 295956
4 0.818963 0.500492 1.48171 295990
4 0.818738 0.50682 1.47687 296039
4 0.817699 0.514976 1.47528 296056
4 0.815377 0.522614 1.47599 296089
4 0.813086 0.532885 1.47206 296123
4 0.811782 0.541359 1.4685 296156
4 0.810587 0.549891 1.46694 296189
4 0.808565 0.558951 1.46241 296240
4 0.806586 0.569163 1.45745 296258
4 0.804768 0.579587 1.45092 296291
4 0.802732 0.58786 1.44772 296324
4 0.800773 0.597218 1.4439 296358
4 0.800189 0.604335 1.44491 296392
4 0.799343 0.609218 1.44502 296426
4 0.799022 0.611648 1.44397 296459
4 0.798972 0.612994 1.44402 296492
4 0.799432 0.613243 1.44544 296526
4 0.800731 0.609082 1.44548 296560
4 0.801733 0.60673 1.4473 296594

5 0.627457 0.660477 1.37509 298266
5 0.629579 0.661649 1.37292 298299
5 0.632494 0.661204 1.37155 298333
5 0.63644 0.661483 1.37081 298366
5 0.640023 0.661471 1.3714 298399
5 0.645351 0.65954 1.37092 298432
5 0.647994 0.659263 1.37024 298467
5 0.653392 0.657868 1.3721 298500
5 0.658773 0.655793 1.37499 298534
5 0.661995 0.656238 1.37992 298568
5 0.664932 0.655972 1.38418 298602
5 0.666134 0.657612 1.38487 298635
5 0.667882 0.658921 1.38699 298668
5 0.668081 0.661694 1.38734 298701
5 0.667983 0.665066 1.39029 298734
5 0.668179 0.668542 1.3911 298768
5 0.666892 0.673372 1.39165 298801
5 0.666067 0.676856 1.39079 298834
5 0.666036 0.681751 1.3947 298868
5 0.665684 0.688504 1.3968 298901
5 0.664991 0.693898 1.39889 298934
5 0.664726 0.700184 1.39978 298968
5 0.66206 0.706939 1.40361 299002
5 0.659551 0.715154 1.40806 299035
5 0.659551 0.722393 1.41227 299067
5 0.657253 0.730949 1.41348 299099
5 0.656293 0.736651 1.41896 299133
5 0.652984 0.745476 1.41981 299166
5 0.651779 0.751736 1.42492 299200
5 0.65145 0.755682 1.43154 299234
5 0.650977 0.758333 1.43522 299268
5 0.64963 0.763389 1.43539 299300
5 0.649853 0.767386 1.43555 299333
5 0.650241 0.769639 1.43657 299367
5 0.651016 0.77112 1.43882 299401
5 0.651344 0.771698 1.43976 299436
5 0.652123 0.771672 1.43962 299469
5 0.653942 0.770129 1.43725 299502
5 0.656491 0.767879 1.43489 299535

6 0.702519 0.698507 1.4199 300305
6 0.703916 0.699087 1.41919 300339
6 0.7062 0.69851 1.42115 300372
6 0.708015 0.697666 1.42262 300406
6 0.711554 0.698594 1.42293 300439
6 0.715563 0.698457 1.42561 300473
6 0.718413 0.698419 1.43061 300506
6 0.722705 0.697992 1.43305 300540
6 0.726162 0.696252 1.43902 300573
6 0.729339 0.695694 1.44243 300606
6 0.733805 0.693589 1.44504 300640
6 0.737473 0.692345 1.45011 300673
6 0.740915 0.690541 1.45554 300707
6 0.742985 0.690072 1.46027 300740
6 0.744517 0.68993 1.46584 300773
6 0.745495 0.6899 1.4693 300806
6 0.746603 0.691315 1.47035 300839
6 0.745572 0.693262 1.46848 300874
6 0.746094 0.698037 1.47076 300907
6 0.745879 0.701512 1.47353 300941
6 0.742301 0.706755 1.47229 300958
6 0.740614 0.713856 1.4739 301008
6 0.738891 0.719536 1.47421 301043
6 0.736131 0.72733 1.47662 301060
6 0.7317 0.73702 1.47842 301109
6 0.727917 0.744488 1.4821 301142
6 0.723472 0.754325 1.48127 301159
6 0.720807 0.76204 1.48448 301209
6 0.715716 0.772644 1.48927 301226
6 0.710608 0.783439 1.4954 301259
6 0.704916 0.793964 1.50065 301309
6 0.700554 0.802055 1.50566 301342
6 0.698412 0.810457 1.50707 301359
6 0.695308 0.816813 1.50655 301409
6 0.696782 0.818003 1.5071 301425
6 0.699239 0.815405 1.51061 301459
6 0.704074 0.807757 1.51048 301509

7 0.773326 0.675446 1.47521 302736
7 0.775785 0.675897 1.47604 302769
7 0.776441 0.677461 1.47934 302803
7 0.779866 0.679161 1.4774 302836
7 0.785211 0.680324 1.47502 302871
7 0.790748 0.678072 1.4742 302902
7 0.79639 0.676844 1.47413 302935
7 0.801685 0.675771 1.47306 302969
7 0.80894 0.671334 1.47745 303002
7 0.816835 0.666455 1.48471 303036
7 0.822799 0.661039 1.4901 303070
7 0.828614 0.656155 1.49863 303103
7 0.832584 0.652878 1.50643 303138
7 0.835165 0.652425 1.51784 303170
7 0.837719 0.652877 1.52552 303203
7 0.842012 0.652237 1.53202 303235
7 0.844279 0.653089 1.53319 303268
7 0.847086 0.655854 1.53929 303301
7 0.846737 0.662678 1.54556 303336
7 0.847117 0.668906 1.55099 303370
7 0.846938 0.677146 1.55568 303403
7 0.843746 0.689183 1.56056 303436
7 0.841573 0.700947 1.56662 303470
7 0.839067 0.710913 1.57027 303503
7 0.835772 0.72328 1.57584 303536
7 0.831866 0.736099 1.583 303570
7 0.827355 0.747264 1.58756 303604
7 0.824705 0.759213 1.59414 303637
7 0.822295 0.769847 1.60016 303669
7 0.81776 0.778858 1.60354 303703
7 0.815785 0.784854 1.60871 303736
7 0.81379 0.788967 1.61364 303769
7 0.812734 0.791589 1.61571 303802
7 0.811498 0.796076 1.62061 303835
7 0.812147 0.797618 1.62558 303870
7 0.812062 0.797815 1.62723 303905
7 0.813172 0.797226 1.62934 303939
7 0.8144 0.794989 1.62788 303972

8 0.514323 0.65005 1.37992 305243
8 0.512358 0.650662 1.38228 305277
8 0.511146 0.651603 1.38153 305310
8 0.51209 0.649903 1.37523 305343
8 0.513886 0.64918 1.37623 305377
8 0.517744 0.64637 1.37643 305410
8 0.522617 0.642714 1.37725 305443
8 0.528396 0.639443 1.37946 305477
8 0.533556 0.63791 1.3835 305510
8 0.538221 0.636508 1.3886 305543
8 0.544468 0.635391 1.39408 305576
8 0.549266 0.633552 1.39917 305610
8 0.553945 0.631653 1.40736 305642
8 0.55836 0.631295 1.41405 305676
8 0.561244 0.632718 1.4201 305710
8 0.563196 0.634007 1.42426 305743
8 0.565462 0.637932 1.43043 305776
8 0.567708 0.640823 1.43589 305810
8 0.568571 0.646813 1.43745 305843
8 0.570172 0.652152 1.44347 305876
8 0.570195 0.658544 1.44902 305908
8 0.570974 0.666349 1.45473 305942
8 0.570472 0.675246 1.45967 305976
8 0.570476 0.684014 1.45881 306009
8 0.568401 0.695506 1.46369 306043
8 0.566443 0.706673 1.46966 306078
8 0.565538 0.716876 1.47268 306111
8 0.565292 0.727384 1.47621 306144
8 0.56456 0.7369 1.48194 306177
8 0.56256 0.744473 1.48654 306210
8 0.562668 0.750026 1.48725 306242
8 0.562403 0.75588 1.48614 306275
8 0.562566 0.75914 1.48634 306309
8 0.563975 0.758878 1.48546 306342
8 0.566846 0.755055 1.48439 306377

9 0.481527 0.524338 1.35989 307348
9 0.480927 0.524457 1.35906 307365
9 0.481439 0.52422 1.3585 307399
9 0.482068 0.521701 1.35699 307433
9 0.482817 0.518605 1.358 307480
9 0.483847 0.516141 1.35779 307514
9 0.484546 0.514662 1.35726 307547
9 0.486993 0.513473 1.35941 307581
9 0.49002 0.511892 1.36025 307614
9 0.492965 0.509548 1.36169 307647
9 0.496628 0.510469 1.36248 307680
9 0.502208 0.510875 1.36303 307714
9 0.506287 0.511188 1.36347 307748
9 0.51175 0.511012 1.36313 307781
9 0.514893 0.511114 1.3614 307815
9 0.520627 0.510707 1.36466 307848
9 0.524168 0.510765 1.3663 307881
9 0.527234 0.512671 1.37095 307915
9 0.530305 0.518323 1.37411 307948
9 0.532348 0.522648 1.37529 307980
9 0.533789 0.524692 1.37648 308014
9 0.534254 0.529991 1.37878 308047
9 0.534406 0.533903 1.38235 308080
9 0.534505 0.540738 1.38342 308114
9 0.53189 0.547653 1.38397 308147
9 0.529749 0.554514 1.38412 308164
9 0.528255 0.563716 1.38639 308214
9 0.527185 0.5742 1.38814 308247
9 0.525515 0.584001 1.39164 308264
9 0.523072 0.595701 1.39325 308315
9 0.521334 0.607265 1.39531 308332
9 0.520304 0.619588 1.39886 308365
9 0.517947 0.635066 1.40359 308416
9 0.515497 0.64621 1.40703 308433
9 0.514125 0.655615 1.40891 308467
9 0.514155 0.662444 1.41074 308516
9 0.513139 0.667503 1.41426 308532
9 0.513552 0.668405 1.41273 308566
9 0.514233 0.666831 1.41186 308616
9 0.515539 0.664378 1.40982 308633
9 0.517184 0.659431 1.40922 308683

