
---START: 2013-08-07-10-28-54-962---
head 0.466797 0.249144 1.86736 9302
head 0.467153 0.249178 1.86767 9386
head 0.467577 0.249115 1.86808 9468
head 0.467905 0.248873 1.86899 9555
head 0.468192 0.248645 1.86962 9640
head 0.468604 0.248784 1.86998 9723
head 0.469119 0.249033 1.86993 9806
head 0.469569 0.249328 1.86967 9890
head 0.469949 0.249493 1.86952 9974
head 0.470472 0.249388 1.87007 10057
head 0.470813 0.249255 1.87054 10142
head 0.470987 0.249282 1.87114 10227
head 0.47111 0.2496 1.87139 10312
head 0.471265 0.2498 1.87193 10412
head 0.471389 0.249774 1.87166 10496
head 0.471676 0.249576 1.87122 10580
head 0.471865 0.249575 1.8708 10662
head 0.472007 0.249687 1.87051 10761
head 0.472204 0.249635 1.87072 10842
head 0.472436 0.249638 1.87053 10940
head 0.472771 0.249839 1.87 11022
head 0.472995 0.249927 1.86957 11106
head 0.473144 0.249824 1.86923 11202
head 0.473225 0.249602 1.8694 11286
head 0.473442 0.249343 1.87007 11368
head 0.473697 0.249273 1.87002 11452
head 0.473798 0.24917 1.87081 11550
head 0.473888 0.248911 1.87193 11635
head 0.473938 0.248756 1.87258 11719
head 0.474023 0.248586 1.87302 11804
head 0.474041 0.248687 1.87306 11906
head 0.474153 0.248866 1.87278 11990
head 0.474512 0.249222 1.87189 12071
head 0.474745 0.249585 1.87141 12156
head 0.474886 0.249774 1.87085 12254
head 0.474992 0.249577 1.87041 12336
head 0.475052 0.249594 1.86986 12420
head 0.475252 0.249938 1.86941 12520
head 0.475209 0.250083 1.86943 12600
head 0.475179 0.250131 1.86951 12683
head 0.47505 0.25017 1.86965 12782
head 0.474834 0.250486 1.8694 12864
head 0.474627 0.250654 1.86854 12949
head 0.474444 0.251024 1.86744 13051
head 0.474176 0.251519 1.86598 13135
head 0.474094 0.251752 1.86565 13218
head 0.473962 0.251622 1.86617 13302
head 0.473884 0.251451 1.86682 13386
head 0.473789 0.251101 1.86724 13486
head 0.473838 0.251028 1.86693 13571
head 0.473853 0.251155 1.86662 13656
head 0.473828 0.251393 1.86685 13741
head 0.473671 0.25152 1.86618 13840
head 0.473578 0.251125 1.86603 13923
head 0.473352 0.250906 1.8655 14007
head 0.473295 0.250725 1.86513 14090
head 0.473147 0.250495 1.86579 14190
head 0.473095 0.25007 1.86611 14274
head 0.473201 0.249634 1.86582 14357
head 0.473358 0.24931 1.86628 14442
head 0.473364 0.249352 1.86677 14543
head 0.473487 0.24981 1.86763 14624
head 0.473757 0.249951 1.86843 14708
head 0.474291 0.249625 1.86988 14808
head 0.474653 0.249701 1.87071 14892
head 0.474907 0.249826 1.8703 14976
head 0.47498 0.249823 1.86977 15061
head 0.475165 0.249617 1.86861 15145
head 0.475388 0.249262 1.86814 15247
head 0.475641 0.249087 1.86835 15334
head 0.475656 0.249035 1.86826 15418
head 0.475864 0.248789 1.86844 15501
head 0.475943 0.248365 1.86943 15584
head 0.475954 0.248097 1.86984 15684
head 0.475982 0.247811 1.87034 15768
head 0.476082 0.247734 1.87055 15853
head 0.476263 0.247837 1.87094 15937
head 0.476626 0.247758 1.87083 16039
head 0.476882 0.247729 1.87062 16124
head 0.477191 0.24788 1.87061 16209
head 0.477414 0.247767 1.87094 16293
head 0.477659 0.247518 1.87081 16377
head 0.477846 0.247458 1.87055 16479
head 0.478211 0.247636 1.87002 16562
head 0.478338 0.248131 1.86913 16648
head 0.478429 0.248036 1.86894 16731
head 0.478361 0.248454 1.86827 16816
head 0.478403 0.248555 1.86767 16917
head 0.478331 0.248666 1.86745 17001
head 0.478318 0.248622 1.86769 17087
head 0.478408 0.248572 1.86802 17171
head 0.478313 0.248914 1.86866 17255
head 0.478286 0.249194 1.86906 17358
head 0.478426 0.249595 1.86917 17443
head 0.47843 0.249766 1.86972 17528
head 0.478461 0.250069 1.87011 17611
head 0.478675 0.250146 1.87004 17693
head 0.479039 0.250496 1.87017 17797
head 0.479521 0.250583 1.86953 17882
head 0.480146 0.250567 1.86875 17967
head 0.480813 0.250633 1.86823 18051
head 0.481214 0.250594 1.86805 18136
head 0.481699 0.250606 1.86787 18221
head 0.482082 0.250742 1.86811 18320
head 0.482364 0.25095 1.86792 18403
head 0.482723 0.251066 1.86819 18487
head 0.483017 0.251055 1.8689 18587
head 0.483554 0.251234 1.86902 18669
head 0.484035 0.251277 1.86944 18749
head 0.484433 0.250942 1.87068 18849
head 0.484577 0.250685 1.87129 18933
head 0.484558 0.250574 1.87187 19016
head 0.484663 0.250837 1.87241 19116
head 0.484605 0.251112 1.87286 19199
head 0.484529 0.251294 1.87319 19281
head 0.484611 0.251557 1.87291 19364
head 0.484656 0.251582 1.87286 19462
head 0.484746 0.251689 1.87266 19545
head 0.484831 0.251653 1.87251 19629
head 0.484934 0.251634 1.87251 19731
head 0.485046 0.251607 1.87267 19813
head 0.484996 0.251477 1.87194 19894
head 0.484948 0.251517 1.87108 19979
head 0.484839 0.251498 1.87035 20079
---STOP: 2013-08-07-10-29-05-823---
