
---START: 2013-08-07-10-28-54-979---
l_elbow 0.622348 0.439736 1.97436 9319
l_elbow 0.621567 0.440006 1.9725 9402
l_elbow 0.621089 0.440774 1.97106 9485
l_elbow 0.619071 0.442527 1.96863 9572
l_elbow 0.618534 0.444615 1.9647 9657
l_elbow 0.614088 0.455831 1.9529 9740
l_elbow 0.611351 0.461273 1.94718 9824
l_elbow 0.60909 0.47579 1.93791 9906
l_elbow 0.597452 0.484008 1.93999 9992
l_elbow 0.598071 0.491099 1.95166 10074
l_elbow 0.598465 0.496277 1.95003 10159
l_elbow 0.596921 0.496643 1.94406 10244
l_elbow 0.594022 0.497128 1.92927 10328
l_elbow 0.590576 0.492947 1.91699 10430
l_elbow 0.590424 0.491381 1.91111 10513
l_elbow 0.58515 0.489372 1.90913 10596
l_elbow 0.586474 0.492257 1.91022 10678
l_elbow 0.58725 0.493162 1.90943 10776
l_elbow 0.586584 0.499826 1.89402 10858
l_elbow 0.586266 0.497702 1.90128 10956
l_elbow 0.586694 0.501259 1.90349 11039
l_elbow 0.586611 0.499921 1.90554 11122
l_elbow 0.586808 0.49888 1.90674 11220
l_elbow 0.586872 0.498921 1.90744 11302
l_elbow 0.585636 0.49434 1.88738 11385
l_elbow 0.587368 0.49339 1.88153 11484
l_elbow 0.587442 0.494994 1.88068 11567
l_elbow 0.588857 0.496569 1.88594 11652
l_elbow 0.591885 0.498891 1.88685 11736
l_elbow 0.590946 0.499487 1.89207 11821
l_elbow 0.593321 0.497931 1.89044 11923
l_elbow 0.605612 0.485854 1.88796 12006
l_elbow 0.606554 0.485791 1.88555 12088
l_elbow 0.612488 0.47505 1.89579 12173
l_elbow 0.616982 0.470163 1.90075 12270
l_elbow 0.619194 0.465551 1.90174 12353
l_elbow 0.620873 0.455844 1.90246 12437
l_elbow 0.621918 0.450935 1.89964 12536
l_elbow 0.622133 0.448531 1.89532 12616
l_elbow 0.623613 0.442968 1.88758 12716
l_elbow 0.60739 0.435518 1.87548 12798
l_elbow 0.613858 0.433588 1.87394 12881
l_elbow 0.618672 0.428189 1.86841 12966
l_elbow 0.620741 0.427019 1.86867 13051
l_elbow 0.623723 0.420814 1.8623 13151
l_elbow 0.622201 0.416171 1.84931 13234
l_elbow 0.621014 0.412544 1.84326 13320
l_elbow 0.621477 0.410322 1.83961 13419
l_elbow 0.622359 0.408718 1.83359 13504
l_elbow 0.622727 0.408311 1.83233 13588
l_elbow 0.623054 0.408004 1.83182 13673
l_elbow 0.623007 0.406565 1.82956 13758
l_elbow 0.622655 0.405074 1.8278 13857
l_elbow 0.623103 0.406482 1.83059 13940
l_elbow 0.623425 0.405778 1.83213 14024
l_elbow 0.62452 0.405134 1.83256 14107
l_elbow 0.625899 0.39306 1.82657 14208
l_elbow 0.625596 0.396589 1.83108 14290
l_elbow 0.625665 0.398149 1.83275 14374
l_elbow 0.626339 0.400345 1.83404 14459
l_elbow 0.626468 0.396127 1.83747 14560
l_elbow 0.625727 0.394382 1.8382 14640
l_elbow 0.625318 0.393518 1.83576 14726
l_elbow 0.623081 0.380564 1.82649 14824
l_elbow 0.622535 0.379736 1.82991 14909
l_elbow 0.62431 0.37509 1.82861 14994
l_elbow 0.626439 0.360183 1.83256 15078
l_elbow 0.627267 0.352758 1.83411 15163
l_elbow 0.625992 0.349815 1.83472 15265
l_elbow 0.62011 0.340157 1.82267 15349
l_elbow 0.618395 0.339588 1.82205 15435
l_elbow 0.616371 0.333262 1.82297 15517
l_elbow 0.61517 0.328487 1.82294 15601
l_elbow 0.6134 0.315658 1.83917 15701
l_elbow 0.614222 0.307308 1.84626 15785
l_elbow 0.614156 0.303604 1.85058 15870
l_elbow 0.61361 0.300176 1.85089 15955
l_elbow 0.613546 0.2984 1.84934 16055
l_elbow 0.60947 0.30034 1.83167 16140
l_elbow 0.610542 0.300421 1.83512 16226
l_elbow 0.611008 0.299655 1.83662 16311
l_elbow 0.611642 0.300802 1.83629 16393
l_elbow 0.612152 0.302597 1.83013 16496
l_elbow 0.617213 0.309153 1.82174 16579
l_elbow 0.620393 0.318695 1.81299 16665
l_elbow 0.621806 0.330889 1.80554 16747
l_elbow 0.623881 0.354075 1.81765 16833
l_elbow 0.627229 0.375729 1.82997 16935
l_elbow 0.631295 0.397202 1.82958 17019
l_elbow 0.631323 0.408829 1.83368 17104
l_elbow 0.626538 0.4275 1.85027 17189
l_elbow 0.618224 0.448708 1.86834 17273
l_elbow 0.608284 0.469929 1.8797 17358
l_elbow 0.602077 0.487396 1.89789 17460
l_elbow 0.597715 0.495498 1.90523 17543
l_elbow 0.591689 0.50105 1.90699 17627
l_elbow 0.588144 0.50359 1.90742 17711
l_elbow 0.584105 0.504735 1.90689 17814
l_elbow 0.581588 0.505914 1.90623 17899
l_elbow 0.580554 0.507207 1.9082 17984
l_elbow 0.579889 0.508174 1.91055 18069
l_elbow 0.579244 0.508865 1.91252 18152
l_elbow 0.579609 0.508471 1.91313 18237
l_elbow 0.579038 0.50828 1.91317 18336
l_elbow 0.578804 0.508622 1.91356 18420
l_elbow 0.578727 0.508974 1.91427 18504
l_elbow 0.578672 0.508938 1.91411 18603
l_elbow 0.579007 0.508725 1.91411 18685
l_elbow 0.579477 0.508433 1.91427 18766
l_elbow 0.579889 0.508194 1.91402 18866
l_elbow 0.579496 0.507689 1.9156 18950
l_elbow 0.579493 0.507338 1.91607 19032
l_elbow 0.57971 0.507139 1.91486 19116
l_elbow 0.579779 0.507632 1.91335 19216
l_elbow 0.579608 0.50768 1.91247 19297
l_elbow 0.579768 0.508284 1.90941 19380
l_elbow 0.57984 0.508567 1.90999 19479
l_elbow 0.580043 0.508546 1.90936 19562
l_elbow 0.580071 0.508184 1.91053 19646
l_elbow 0.580059 0.507763 1.91002 19747
l_elbow 0.579964 0.507737 1.90989 19829
l_elbow 0.580107 0.507633 1.91112 19911
l_elbow 0.580331 0.507585 1.91186 19996
l_elbow 0.580442 0.507558 1.91308 20096
---STOP: 2013-08-07-10-29-05-839---
