
---START: 2013-08-07-10-28-54-945---
l_foot 0.547382 0.866792 1.90287 9285
l_foot 0.544315 0.866892 1.90521 9369
l_foot 0.522115 0.877005 1.86877 9452
l_foot 0.524207 0.862915 1.86078 9536
l_foot 0.529179 0.849934 1.86486 9623
l_foot 0.528831 0.855759 1.86531 9690
l_foot 0.532923 0.862159 1.86707 9790
l_foot 0.527202 0.902042 1.97144 9874
l_foot 0.527559 0.90142 1.9713 9956
l_foot 0.52679 0.901087 1.96365 10041
l_foot 0.526328 0.903681 1.95628 10125
l_foot 0.52647 0.891521 1.94739 10210
l_foot 0.527359 0.888741 1.93849 10295
l_foot 0.532855 0.845734 1.87066 10378
l_foot 0.526443 0.843669 1.85766 10463
l_foot 0.533064 0.842007 1.84745 10546
l_foot 0.529185 0.893715 1.88866 10646
l_foot 0.526618 0.903312 1.91515 10726
l_foot 0.537931 0.844532 1.87632 10826
l_foot 0.533685 0.864515 1.88997 10908
l_foot 0.52758 0.868557 1.87829 10990
l_foot 0.525839 0.859184 1.87036 11089
l_foot 0.524558 0.865522 1.87708 11170
l_foot 0.5242 0.86516 1.87632 11252
l_foot 0.524701 0.867556 1.87853 11352
l_foot 0.530824 0.866132 1.88548 11435
l_foot 0.522655 0.914987 1.91631 11518
l_foot 0.524046 0.920069 1.91623 11601
l_foot 0.525357 0.91591 1.91069 11702
l_foot 0.531344 0.851091 1.86246 11787
l_foot 0.531175 0.849993 1.86094 11872
l_foot 0.53212 0.85391 1.86746 11957
l_foot 0.535113 0.860324 1.8698 12055
l_foot 0.523313 0.883943 1.91975 12138
l_foot 0.522273 0.886694 1.90295 12222
l_foot 0.529698 0.888152 1.90347 12320
l_foot 0.530285 0.894164 1.90554 12404
l_foot 0.529804 0.894572 1.90578 12486
l_foot 0.528009 0.895277 1.90752 12568
l_foot 0.527745 0.888059 1.89921 12666
l_foot 0.526519 0.829215 1.84015 12748
l_foot 0.52719 0.831911 1.83862 12847
l_foot 0.53402 0.857303 1.85566 12932
l_foot 0.530911 0.882971 1.86401 13017
l_foot 0.533818 0.868625 1.87392 13101
l_foot 0.528757 0.871519 1.86895 13185
l_foot 0.526187 0.872411 1.86952 13285
l_foot 0.52571 0.865783 1.86207 13369
l_foot 0.534411 0.880002 1.88574 13453
l_foot 0.53487 0.838342 1.83314 13537
l_foot 0.533934 0.836682 1.83794 13623
l_foot 0.534724 0.852363 1.86022 13724
l_foot 0.533252 0.862774 1.86654 13807
l_foot 0.53241 0.872309 1.87518 13890
l_foot 0.528493 0.87745 1.87803 13990
l_foot 0.523638 0.88431 1.88057 14074
l_foot 0.521177 0.892412 1.8854 14156
l_foot 0.521408 0.895865 1.88844 14241
l_foot 0.527225 0.868587 1.87339 14340
l_foot 0.523643 0.85271 1.85921 14425
l_foot 0.520257 0.859364 1.85834 14510
l_foot 0.519282 0.867129 1.86944 14592
l_foot 0.520668 0.873496 1.8764 14691
l_foot 0.52341 0.875592 1.88067 14775
l_foot 0.524923 0.877737 1.88404 14858
l_foot 0.523267 0.881062 1.88584 14942
l_foot 0.525301 0.883797 1.90303 15028
l_foot 0.526114 0.885083 1.90654 15129
l_foot 0.525388 0.889321 1.91225 15214
l_foot 0.521964 0.896792 1.91522 15299
l_foot 0.51796 0.899713 1.91912 15383
l_foot 0.519227 0.902734 1.91993 15484
l_foot 0.520747 0.908669 1.91965 15568
l_foot 0.522804 0.907362 1.91839 15651
l_foot 0.52316 0.907239 1.91977 15735
l_foot 0.523688 0.908809 1.91784 15836
l_foot 0.521914 0.909843 1.91973 15921
l_foot 0.523495 0.913612 1.92092 16005
l_foot 0.524796 0.918766 1.92233 16090
l_foot 0.522407 0.913225 1.91967 16174
l_foot 0.522455 0.866659 1.88183 16260
l_foot 0.52256 0.857056 1.86306 16360
l_foot 0.529505 0.854295 1.8739 16445
l_foot 0.527545 0.850913 1.86368 16529
l_foot 0.524787 0.850944 1.86166 16614
l_foot 0.523833 0.853475 1.86326 16713
l_foot 0.525588 0.853948 1.86235 16799
l_foot 0.521155 0.866725 1.87336 16885
l_foot 0.518917 0.875042 1.88484 16968
l_foot 0.5217 0.868363 1.8832 17053
l_foot 0.522551 0.871835 1.88757 17155
l_foot 0.522121 0.873817 1.89623 17239
l_foot 0.52136 0.878548 1.89992 17324
l_foot 0.522809 0.886105 1.90425 17409
l_foot 0.522556 0.889157 1.9081 17494
l_foot 0.522416 0.89078 1.91198 17593
l_foot 0.523775 0.886867 1.91045 17677
l_foot 0.525223 0.886301 1.91506 17763
l_foot 0.526108 0.889693 1.91827 17847
l_foot 0.526979 0.890175 1.91871 17933
l_foot 0.52708 0.895978 1.92119 18018
l_foot 0.525303 0.901477 1.92203 18119
l_foot 0.524192 0.903782 1.92496 18203
l_foot 0.523993 0.906286 1.92655 18287
l_foot 0.523902 0.908253 1.92806 18369
l_foot 0.521437 0.906124 1.92322 18470
l_foot 0.520933 0.90299 1.9251 18554
l_foot 0.520271 0.904148 1.92575 18636
l_foot 0.519861 0.905056 1.92617 18733
l_foot 0.519387 0.906335 1.92668 18816
l_foot 0.519082 0.907328 1.92735 18900
l_foot 0.51931 0.907829 1.93188 18997
l_foot 0.543958 0.809001 1.83555 19083
l_foot 0.535288 0.808681 1.84225 19166
l_foot 0.52799 0.889916 1.90712 19249
l_foot 0.526405 0.871202 1.90076 19347
l_foot 0.528465 0.88035 1.90487 19429
l_foot 0.52879 0.886724 1.90856 19528
l_foot 0.529732 0.893393 1.91221 19612
l_foot 0.530426 0.890701 1.91045 19696
l_foot 0.521184 0.883061 1.89304 19781
l_foot 0.522365 0.892373 1.90175 19877
l_foot 0.523021 0.894617 1.90412 19962
l_foot 0.523068 0.901816 1.908 20046
l_foot 0.522323 0.903902 1.91082 20130
---STOP: 2013-08-07-10-29-05-887---
