
---START: 2013-08-07-10-28-54-913---
l_hand 0.667026 0.447661 1.81198 9253
l_hand 0.645993 0.439988 1.70184 9334
l_hand 0.646311 0.437771 1.6861 9418
l_hand 0.640502 0.431898 1.68737 9502
l_hand 0.635512 0.435309 1.67398 9572
l_hand 0.633182 0.439468 1.66756 9657
l_hand 0.621549 0.444689 1.67491 9740
l_hand 0.616565 0.446402 1.66581 9840
l_hand 0.609118 0.448893 1.66397 9923
l_hand 0.605135 0.452433 1.68676 9992
l_hand 0.599923 0.455309 1.76227 10074
l_hand 0.587813 0.4701 1.66924 10159
l_hand 0.584677 0.464911 1.77982 10244
l_hand 0.581464 0.469246 1.66077 10344
l_hand 0.576208 0.489866 1.71248 10430
l_hand 0.57397 0.471249 1.6475 10513
l_hand 0.570683 0.470529 1.64107 10596
l_hand 0.567223 0.468701 1.64154 10694
l_hand 0.565463 0.465927 1.63877 10776
l_hand 0.565069 0.464982 1.6307 10874
l_hand 0.562496 0.475461 1.68957 10956
l_hand 0.566874 0.457721 1.63905 11039
l_hand 0.569957 0.473739 1.72641 11138
l_hand 0.567685 0.459643 1.65794 11220
l_hand 0.568344 0.47522 1.74049 11302
l_hand 0.568369 0.463268 1.634 11402
l_hand 0.568691 0.473956 1.72439 11484
l_hand 0.569801 0.472003 1.7216 11567
l_hand 0.563263 0.457807 1.63125 11652
l_hand 0.56571 0.450907 1.62724 11753
l_hand 0.553396 0.45914 1.63748 11838
l_hand 0.571365 0.457777 1.6841 11923
l_hand 0.566152 0.445413 1.68026 12006
l_hand 0.567648 0.434156 1.62906 12104
l_hand 0.564066 0.428904 1.64038 12189
l_hand 0.566809 0.4225 1.64802 12270
l_hand 0.563045 0.414431 1.64855 12353
l_hand 0.564684 0.405935 1.65273 12453
l_hand 0.563132 0.398472 1.64455 12536
l_hand 0.559399 0.391995 1.64563 12632
l_hand 0.561098 0.384916 1.64898 12716
l_hand 0.563352 0.377486 1.65508 12798
l_hand 0.555055 0.371493 1.64702 12881
l_hand 0.555668 0.369345 1.64262 12983
l_hand 0.555896 0.363921 1.64965 13068
l_hand 0.552201 0.363857 1.65224 13151
l_hand 0.549409 0.359325 1.64867 13234
l_hand 0.552469 0.357611 1.65214 13336
l_hand 0.550697 0.352722 1.64734 13419
l_hand 0.547621 0.36125 1.64989 13504
l_hand 0.54817 0.358523 1.65371 13588
l_hand 0.54856 0.357556 1.65319 13673
l_hand 0.548672 0.357334 1.64704 13774
l_hand 0.547889 0.35667 1.6455 13857
l_hand 0.546884 0.356724 1.6421 13940
l_hand 0.54632 0.357402 1.64277 14024
l_hand 0.548426 0.361464 1.65049 14123
l_hand 0.547922 0.360512 1.64703 14208
l_hand 0.551295 0.355695 1.6398 14290
l_hand 0.550763 0.353853 1.64137 14391
l_hand 0.55058 0.35219 1.63798 14476
l_hand 0.550661 0.348222 1.63544 14560
l_hand 0.551509 0.341609 1.63066 14640
l_hand 0.552707 0.333266 1.62699 14742
l_hand 0.555239 0.32371 1.62821 14824
l_hand 0.558112 0.308952 1.62394 14909
l_hand 0.563333 0.29795 1.6284 14994
l_hand 0.567158 0.284974 1.62833 15095
l_hand 0.569326 0.268432 1.62197 15180
l_hand 0.574201 0.25168 1.63007 15265
l_hand 0.576485 0.238548 1.62154 15349
l_hand 0.582021 0.226704 1.62897 15435
l_hand 0.585769 0.218598 1.64095 15534
l_hand 0.590467 0.208439 1.65052 15618
l_hand 0.593166 0.195561 1.64952 15701
l_hand 0.596049 0.180272 1.63937 15785
l_hand 0.600032 0.169004 1.64115 15870
l_hand 0.602893 0.164498 1.64513 15971
l_hand 0.603845 0.157955 1.63883 16055
l_hand 0.607371 0.155167 1.6402 16140
l_hand 0.609187 0.155174 1.64534 16226
l_hand 0.612243 0.157596 1.63861 16311
l_hand 0.614886 0.16353 1.64024 16411
l_hand 0.616601 0.173587 1.63043 16496
l_hand 0.620388 0.185944 1.62299 16579
l_hand 0.620258 0.204595 1.61687 16665
l_hand 0.625264 0.225151 1.60893 16765
l_hand 0.62834 0.262319 1.6082 16851
l_hand 0.631283 0.302381 1.60621 16935
l_hand 0.631619 0.337905 1.59118 17019
l_hand 0.629749 0.38275 1.59324 17104
l_hand 0.610445 0.437584 1.6522 17189
l_hand 0.621302 0.460511 1.59458 17290
l_hand 0.615969 0.491318 1.58858 17375
l_hand 0.611153 0.524089 1.61564 17460
l_hand 0.612277 0.56397 1.62643 17543
l_hand 0.610288 0.594841 1.63747 17627
l_hand 0.610061 0.620389 1.65102 17728
l_hand 0.604491 0.630719 1.67923 17814
l_hand 0.60434 0.64259 1.6889 17899
l_hand 0.604782 0.650306 1.68906 17984
l_hand 0.603571 0.645852 1.70261 18069
l_hand 0.60506 0.644871 1.69676 18169
l_hand 0.604892 0.642941 1.69871 18255
l_hand 0.605746 0.638819 1.70356 18336
l_hand 0.607668 0.636542 1.69738 18420
l_hand 0.607141 0.630149 1.69331 18521
l_hand 0.607753 0.628721 1.69024 18603
l_hand 0.609082 0.627138 1.67958 18685
l_hand 0.607841 0.623637 1.68399 18782
l_hand 0.610075 0.625613 1.67391 18866
l_hand 0.609636 0.624506 1.67984 18950
l_hand 0.607442 0.625941 1.68414 19049
l_hand 0.609161 0.630421 1.68269 19133
l_hand 0.606629 0.62784 1.69457 19216
l_hand 0.609431 0.63025 1.68332 19313
l_hand 0.609034 0.634501 1.68396 19397
l_hand 0.605955 0.630698 1.69322 19479
l_hand 0.60626 0.633056 1.69143 19562
l_hand 0.609811 0.633171 1.6841 19663
l_hand 0.608385 0.634116 1.68875 19747
l_hand 0.609534 0.629266 1.69126 19829
l_hand 0.609241 0.635783 1.69155 19928
l_hand 0.608823 0.63073 1.68763 20012
l_hand 0.607403 0.631631 1.69153 20096
---STOP: 2013-08-07-10-29-05-839---
