
---START: 2013-08-07-10-28-54-929---
l_hip 0.511022 0.62243 1.86396 9269
l_hip 0.511293 0.622694 1.86296 9352
l_hip 0.510831 0.622889 1.86297 9436
l_hip 0.510723 0.623474 1.86339 9520
l_hip 0.510716 0.623665 1.8638 9606
l_hip 0.510549 0.623655 1.86356 9690
l_hip 0.51083 0.624009 1.86226 9774
l_hip 0.510686 0.623612 1.86177 9857
l_hip 0.510787 0.622897 1.8612 9940
l_hip 0.510816 0.622821 1.86082 10024
l_hip 0.510908 0.622336 1.85954 10108
l_hip 0.510653 0.619482 1.86081 10192
l_hip 0.510836 0.61976 1.86064 10278
l_hip 0.511064 0.620275 1.86049 10362
l_hip 0.511086 0.62083 1.86082 10447
l_hip 0.51055 0.614244 1.85622 10546
l_hip 0.510531 0.615483 1.85867 10630
l_hip 0.510602 0.616297 1.85829 10726
l_hip 0.510837 0.616492 1.85785 10809
l_hip 0.511202 0.617435 1.85799 10892
l_hip 0.511483 0.617381 1.85617 10990
l_hip 0.511227 0.616584 1.85641 11072
l_hip 0.511241 0.616568 1.85668 11154
l_hip 0.511427 0.616028 1.85696 11252
l_hip 0.511659 0.616443 1.85736 11336
l_hip 0.511842 0.616186 1.85797 11418
l_hip 0.512272 0.616575 1.85784 11518
l_hip 0.51281 0.617145 1.85763 11601
l_hip 0.512985 0.617935 1.85812 11686
l_hip 0.513308 0.618186 1.85817 11770
l_hip 0.514602 0.618987 1.85867 11855
l_hip 0.514551 0.618827 1.85816 11957
l_hip 0.514646 0.618669 1.85734 12039
l_hip 0.514769 0.618442 1.85627 12121
l_hip 0.515004 0.618502 1.85577 12206
l_hip 0.515623 0.618375 1.85532 12303
l_hip 0.515704 0.618398 1.85436 12387
l_hip 0.51605 0.619231 1.85436 12470
l_hip 0.516114 0.619368 1.85413 12568
l_hip 0.515703 0.619504 1.85331 12649
l_hip 0.515371 0.619837 1.85322 12748
l_hip 0.515113 0.619621 1.85319 12830
l_hip 0.515333 0.619463 1.85356 12915
l_hip 0.515684 0.61879 1.85333 13001
l_hip 0.516112 0.618152 1.85383 13084
l_hip 0.516383 0.617768 1.85384 13185
l_hip 0.516797 0.616795 1.8539 13269
l_hip 0.517087 0.615559 1.85398 13352
l_hip 0.517118 0.612895 1.85427 13436
l_hip 0.516589 0.613213 1.85359 13537
l_hip 0.516158 0.613064 1.85337 13623
l_hip 0.51599 0.61351 1.85445 13707
l_hip 0.515652 0.613872 1.85484 13790
l_hip 0.515763 0.613241 1.8548 13890
l_hip 0.515896 0.613118 1.85557 13973
l_hip 0.516164 0.612678 1.85559 14057
l_hip 0.51639 0.612795 1.85572 14139
l_hip 0.516803 0.613161 1.85552 14241
l_hip 0.516968 0.613012 1.85556 14323
l_hip 0.518323 0.611231 1.85742 14408
l_hip 0.517823 0.611751 1.8578 14493
l_hip 0.51779 0.612147 1.85949 14592
l_hip 0.51773 0.612408 1.86056 14674
l_hip 0.515603 0.61733 1.85383 14758
l_hip 0.516354 0.615607 1.85755 14858
l_hip 0.517136 0.615337 1.86001 14942
l_hip 0.517758 0.615304 1.86058 15028
l_hip 0.518515 0.616735 1.86333 15111
l_hip 0.519308 0.616824 1.86509 15197
l_hip 0.522123 0.613207 1.87141 15282
l_hip 0.521211 0.613653 1.86874 15383
l_hip 0.521355 0.61384 1.86817 15468
l_hip 0.522911 0.611236 1.87245 15551
l_hip 0.522902 0.609168 1.87325 15634
l_hip 0.521848 0.61018 1.8711 15735
l_hip 0.521587 0.608332 1.87364 15819
l_hip 0.520546 0.60693 1.87432 15904
l_hip 0.520642 0.606454 1.87303 15988
l_hip 0.520462 0.607348 1.87112 16073
l_hip 0.520035 0.607275 1.87254 16174
l_hip 0.520463 0.607657 1.87228 16260
l_hip 0.520815 0.607322 1.87322 16344
l_hip 0.520987 0.606727 1.87268 16428
l_hip 0.521059 0.605601 1.87303 16513
l_hip 0.521968 0.604533 1.87299 16614
l_hip 0.522045 0.604024 1.87398 16697
l_hip 0.522285 0.603726 1.87487 16782
l_hip 0.522378 0.604068 1.87484 16867
l_hip 0.522009 0.604659 1.87443 16951
l_hip 0.521618 0.605387 1.87419 17053
l_hip 0.521588 0.605776 1.87499 17138
l_hip 0.521326 0.605205 1.87562 17222
l_hip 0.521107 0.604923 1.87601 17307
l_hip 0.520768 0.604678 1.87569 17391
l_hip 0.520566 0.604283 1.87554 17493
l_hip 0.520448 0.60367 1.87598 17577
l_hip 0.520677 0.601209 1.87686 17661
l_hip 0.520931 0.602066 1.87787 17745
l_hip 0.520961 0.602359 1.87811 17847
l_hip 0.520958 0.602469 1.87731 17933
l_hip 0.520956 0.601103 1.87763 18018
l_hip 0.520881 0.60223 1.87849 18103
l_hip 0.520811 0.60232 1.87775 18187
l_hip 0.520739 0.602328 1.87756 18271
l_hip 0.520891 0.602408 1.87759 18369
l_hip 0.520812 0.602584 1.87698 18453
l_hip 0.520839 0.603254 1.87651 18537
l_hip 0.521042 0.603888 1.87604 18636
l_hip 0.521397 0.604198 1.87678 18717
l_hip 0.521879 0.604533 1.87766 18799
l_hip 0.522255 0.604929 1.87855 18900
l_hip 0.52494 0.606178 1.88494 18982
l_hip 0.52513 0.607544 1.88589 19066
l_hip 0.524181 0.607191 1.88318 19149
l_hip 0.5239 0.60708 1.88163 19249
l_hip 0.523666 0.607003 1.88057 19329
l_hip 0.522541 0.606942 1.8742 19413
l_hip 0.522856 0.607912 1.876 19511
l_hip 0.523005 0.610289 1.87635 19595
l_hip 0.523304 0.60998 1.87693 19679
l_hip 0.523291 0.610356 1.8774 19781
l_hip 0.523254 0.610582 1.87799 19861
l_hip 0.52317 0.610633 1.87828 19945
l_hip 0.523085 0.612305 1.87861 20029
l_hip 0.523181 0.611777 1.87763 20130
---STOP: 2013-08-07-10-29-05-872---
