
---START: 2013-08-07-10-28-54-945---
l_knee 0.519549 0.782831 1.81919 9285
l_knee 0.521546 0.789989 1.8387 9369
l_knee 0.524373 0.779423 1.81698 9436
l_knee 0.512139 0.777872 1.8242 9520
l_knee 0.515672 0.779683 1.82217 9606
l_knee 0.517923 0.779237 1.82103 9690
l_knee 0.519075 0.754149 1.81244 9774
l_knee 0.524567 0.77399 1.8258 9874
l_knee 0.523493 0.771856 1.82186 9956
l_knee 0.522935 0.773169 1.82003 10024
l_knee 0.523156 0.772624 1.8213 10108
l_knee 0.523745 0.777399 1.82631 10192
l_knee 0.524713 0.782303 1.82856 10278
l_knee 0.525463 0.785179 1.82944 10378
l_knee 0.51997 0.787141 1.82816 10463
l_knee 0.520142 0.788032 1.84452 10546
l_knee 0.516721 0.774585 1.81817 10630
l_knee 0.518701 0.770981 1.82358 10726
l_knee 0.517193 0.78764 1.85418 10809
l_knee 0.516094 0.791023 1.86909 10908
l_knee 0.521527 0.776637 1.86562 10990
l_knee 0.521084 0.775367 1.85995 11072
l_knee 0.519126 0.756775 1.83007 11170
l_knee 0.522655 0.769246 1.81788 11252
l_knee 0.521362 0.767851 1.8126 11336
l_knee 0.521722 0.764425 1.80804 11435
l_knee 0.522046 0.762825 1.80742 11518
l_knee 0.522315 0.761877 1.8065 11601
l_knee 0.522396 0.762202 1.80645 11686
l_knee 0.521968 0.762568 1.80679 11787
l_knee 0.521409 0.764 1.80613 11872
l_knee 0.52146 0.764111 1.80815 11957
l_knee 0.514352 0.755918 1.80736 12039
l_knee 0.504434 0.760547 1.89411 12138
l_knee 0.512899 0.745772 1.90608 12222
l_knee 0.515495 0.747057 1.87678 12303
l_knee 0.513498 0.74779 1.86491 12387
l_knee 0.510938 0.76625 1.78928 12486
l_knee 0.512819 0.769566 1.79077 12568
l_knee 0.514974 0.784758 1.8075 12666
l_knee 0.519616 0.767987 1.81802 12748
l_knee 0.520078 0.763352 1.81853 12830
l_knee 0.516526 0.742005 1.81467 12915
l_knee 0.514413 0.737528 1.80761 13017
l_knee 0.525686 0.735589 1.81793 13101
l_knee 0.532529 0.790118 1.82559 13185
l_knee 0.526981 0.779559 1.8162 13269
l_knee 0.527219 0.779031 1.82063 13352
l_knee 0.521404 0.763696 1.81069 13453
l_knee 0.520585 0.765328 1.81959 13537
l_knee 0.519708 0.765249 1.82244 13623
l_knee 0.518047 0.765338 1.82306 13707
l_knee 0.518186 0.764937 1.82057 13807
l_knee 0.518439 0.765405 1.80859 13890
l_knee 0.528978 0.777162 1.8216 13973
l_knee 0.534973 0.779806 1.82521 14057
l_knee 0.529193 0.775998 1.82263 14156
l_knee 0.518065 0.766483 1.81423 14241
l_knee 0.524239 0.757346 1.80776 14323
l_knee 0.523767 0.76898 1.843 14408
l_knee 0.532033 0.766354 1.87462 14510
l_knee 0.560548 0.724363 1.85447 14592
l_knee 0.546057 0.744549 1.8476 14674
l_knee 0.541599 0.748601 1.84748 14775
l_knee 0.538777 0.760073 1.83765 14858
l_knee 0.536972 0.769556 1.82724 14942
l_knee 0.528237 0.780196 1.8235 15028
l_knee 0.523309 0.762796 1.79289 15111
l_knee 0.525902 0.768701 1.80483 15214
l_knee 0.52792 0.767595 1.81457 15299
l_knee 0.530717 0.763373 1.8221 15383
l_knee 0.52928 0.762271 1.81531 15468
l_knee 0.520363 0.768193 1.81477 15551
l_knee 0.523563 0.755379 1.81892 15651
l_knee 0.518767 0.754935 1.82996 15735
l_knee 0.52341 0.748808 1.84185 15819
l_knee 0.528383 0.754921 1.83651 15904
l_knee 0.52911 0.756736 1.83 16005
l_knee 0.524467 0.758754 1.8216 16090
l_knee 0.526928 0.747115 1.81035 16174
l_knee 0.527083 0.75345 1.81396 16260
l_knee 0.524087 0.739677 1.81799 16344
l_knee 0.521276 0.7481 1.82896 16445
l_knee 0.521976 0.752901 1.82548 16529
l_knee 0.528365 0.741835 1.84121 16614
l_knee 0.529859 0.743406 1.84207 16698
l_knee 0.534478 0.727614 1.84202 16782
l_knee 0.527644 0.734529 1.83571 16885
l_knee 0.515332 0.737386 1.83286 16968
l_knee 0.526632 0.846048 1.87745 17053
l_knee 0.526462 0.797234 1.85834 17138
l_knee 0.519217 0.722197 1.87448 17222
l_knee 0.519703 0.742903 1.85965 17324
l_knee 0.52055 0.744765 1.85347 17409
l_knee 0.521959 0.747184 1.85216 17493
l_knee 0.532216 0.747802 1.83831 17577
l_knee 0.530314 0.773223 1.84682 17662
l_knee 0.526991 0.783547 1.8554 17763
l_knee 0.525293 0.781308 1.88006 17847
l_knee 0.524966 0.771243 1.86809 17933
l_knee 0.525559 0.766345 1.8691 18018
l_knee 0.525075 0.767152 1.87557 18103
l_knee 0.523015 0.770089 1.8798 18203
l_knee 0.517984 0.777972 1.87895 18287
l_knee 0.517819 0.779745 1.87001 18369
l_knee 0.518564 0.779081 1.85821 18453
l_knee 0.519437 0.776691 1.86216 18554
l_knee 0.520167 0.776347 1.84975 18636
l_knee 0.521676 0.773931 1.84398 18717
l_knee 0.521889 0.774004 1.85001 18816
l_knee 0.522149 0.774708 1.85026 18900
l_knee 0.522364 0.774719 1.84968 18982
l_knee 0.530842 0.768747 1.87566 19083
l_knee 0.534798 0.76625 1.88881 19166
l_knee 0.518164 0.762325 1.85531 19249
l_knee 0.513531 0.757665 1.84507 19347
l_knee 0.513736 0.75808 1.84967 19429
l_knee 0.513507 0.759877 1.84419 19511
l_knee 0.51372 0.765438 1.84817 19595
l_knee 0.51567 0.766629 1.85086 19696
l_knee 0.520739 0.763196 1.86258 19781
l_knee 0.522199 0.761782 1.87015 19861
l_knee 0.518425 0.764185 1.84855 19962
l_knee 0.521502 0.76428 1.85704 20046
l_knee 0.531881 0.751222 1.86373 20130
---STOP: 2013-08-07-10-29-05-872---
