
---START: 2013-08-07-10-28-54-978---
l_shoulder 0.529234 0.382593 1.92146 9319
l_shoulder 0.52942 0.383454 1.92111 9402
l_shoulder 0.529674 0.38452 1.92118 9485
l_shoulder 0.529971 0.385919 1.92053 9572
l_shoulder 0.530477 0.386687 1.9206 9640
l_shoulder 0.530642 0.387076 1.92064 9740
l_shoulder 0.530543 0.386919 1.92078 9824
l_shoulder 0.53046 0.386891 1.92147 9906
l_shoulder 0.530561 0.387231 1.92201 9992
l_shoulder 0.530523 0.386361 1.9227 10074
l_shoulder 0.531433 0.387088 1.92214 10159
l_shoulder 0.531565 0.387632 1.9225 10244
l_shoulder 0.53164 0.387694 1.92333 10328
l_shoulder 0.531661 0.387596 1.92371 10412
l_shoulder 0.531821 0.387833 1.92181 10496
l_shoulder 0.531717 0.387586 1.9239 10596
l_shoulder 0.532083 0.38773 1.92411 10678
l_shoulder 0.532299 0.387658 1.92271 10761
l_shoulder 0.532544 0.387534 1.92146 10858
l_shoulder 0.534297 0.388236 1.91515 10940
l_shoulder 0.533772 0.386626 1.9168 11039
l_shoulder 0.534014 0.386951 1.91805 11122
l_shoulder 0.534158 0.387141 1.91848 11202
l_shoulder 0.534273 0.387487 1.91877 11302
l_shoulder 0.5344 0.387538 1.91908 11385
l_shoulder 0.534353 0.387507 1.91872 11468
l_shoulder 0.534893 0.387557 1.91653 11567
l_shoulder 0.534859 0.387291 1.9172 11652
l_shoulder 0.53513 0.387471 1.91756 11736
l_shoulder 0.535463 0.387328 1.91702 11821
l_shoulder 0.535308 0.387152 1.91644 11906
l_shoulder 0.535225 0.387193 1.9157 12006
l_shoulder 0.535047 0.387304 1.91526 12088
l_shoulder 0.534765 0.38702 1.91499 12173
l_shoulder 0.535056 0.386353 1.91263 12270
l_shoulder 0.534907 0.38651 1.91312 12353
l_shoulder 0.534958 0.386736 1.91256 12437
l_shoulder 0.535043 0.386892 1.91184 12520
l_shoulder 0.534996 0.38685 1.91129 12616
l_shoulder 0.535251 0.386952 1.91127 12699
l_shoulder 0.535646 0.386914 1.91113 12782
l_shoulder 0.53592 0.38669 1.91112 12881
l_shoulder 0.536754 0.385617 1.90954 12966
l_shoulder 0.536924 0.385303 1.91015 13051
l_shoulder 0.537374 0.385206 1.91012 13135
l_shoulder 0.537449 0.384977 1.91119 13234
l_shoulder 0.537236 0.384463 1.91347 13320
l_shoulder 0.537385 0.383839 1.91442 13402
l_shoulder 0.537934 0.383185 1.91279 13486
l_shoulder 0.537892 0.383012 1.9122 13588
l_shoulder 0.538418 0.383187 1.91624 13673
l_shoulder 0.539261 0.383857 1.91704 13758
l_shoulder 0.539213 0.38406 1.91688 13840
l_shoulder 0.539098 0.384007 1.9195 13940
l_shoulder 0.538888 0.383622 1.9193 14024
l_shoulder 0.53907 0.383467 1.91908 14107
l_shoulder 0.539326 0.383394 1.91955 14190
l_shoulder 0.539536 0.382842 1.92029 14290
l_shoulder 0.539162 0.381795 1.92094 14374
l_shoulder 0.539049 0.380393 1.92259 14459
l_shoulder 0.539333 0.380975 1.92267 14543
l_shoulder 0.539829 0.381062 1.92469 14640
l_shoulder 0.54051 0.381583 1.9237 14726
l_shoulder 0.540748 0.38201 1.92479 14808
l_shoulder 0.540988 0.382091 1.92644 14892
l_shoulder 0.541932 0.381081 1.92786 14994
l_shoulder 0.542283 0.380303 1.92913 15078
l_shoulder 0.542639 0.379764 1.92958 15163
l_shoulder 0.542966 0.379209 1.93202 15247
l_shoulder 0.543463 0.380073 1.93141 15334
l_shoulder 0.54344 0.379844 1.932 15435
l_shoulder 0.543153 0.378821 1.93332 15517
l_shoulder 0.542785 0.378426 1.93395 15601
l_shoulder 0.542294 0.377745 1.93289 15684
l_shoulder 0.541495 0.376615 1.93357 15785
l_shoulder 0.540442 0.375333 1.92957 15870
l_shoulder 0.539564 0.374609 1.92712 15955
l_shoulder 0.539534 0.37438 1.92547 16039
l_shoulder 0.53988 0.37408 1.92499 16124
l_shoulder 0.539585 0.373452 1.92562 16226
l_shoulder 0.53943 0.373396 1.92538 16311
l_shoulder 0.53934 0.373498 1.92525 16393
l_shoulder 0.539233 0.372733 1.92378 16479
l_shoulder 0.539715 0.372413 1.92221 16562
l_shoulder 0.540224 0.372398 1.92119 16665
l_shoulder 0.540652 0.37241 1.92112 16747
l_shoulder 0.540813 0.372909 1.92151 16833
l_shoulder 0.541864 0.3739 1.92138 16918
l_shoulder 0.542578 0.375085 1.92235 17001
l_shoulder 0.543319 0.378877 1.92742 17104
l_shoulder 0.54224 0.382138 1.92939 17189
l_shoulder 0.542156 0.383576 1.9301 17273
l_shoulder 0.541818 0.385463 1.93047 17358
l_shoulder 0.54217 0.38534 1.93049 17443
l_shoulder 0.541917 0.386423 1.93027 17528
l_shoulder 0.541154 0.387318 1.92974 17627
l_shoulder 0.540972 0.388173 1.92993 17711
l_shoulder 0.540507 0.389185 1.92975 17797
l_shoulder 0.540122 0.389234 1.92894 17882
l_shoulder 0.540214 0.388939 1.92789 17984
l_shoulder 0.540248 0.388834 1.92806 18069
l_shoulder 0.540189 0.38889 1.92756 18152
l_shoulder 0.540368 0.389005 1.92724 18237
l_shoulder 0.539806 0.389385 1.92696 18320
l_shoulder 0.539825 0.389635 1.92724 18420
l_shoulder 0.539849 0.389817 1.92759 18504
l_shoulder 0.539663 0.38962 1.92734 18587
l_shoulder 0.539858 0.389676 1.92778 18685
l_shoulder 0.540134 0.389746 1.92772 18766
l_shoulder 0.540464 0.389894 1.92811 18849
l_shoulder 0.540419 0.389631 1.93048 18950
l_shoulder 0.540723 0.389792 1.93175 19032
l_shoulder 0.541219 0.390004 1.93122 19116
l_shoulder 0.541423 0.390622 1.93081 19199
l_shoulder 0.541379 0.390939 1.93111 19297
l_shoulder 0.541576 0.391456 1.92802 19380
l_shoulder 0.541785 0.391996 1.92868 19462
l_shoulder 0.542093 0.392419 1.92746 19562
l_shoulder 0.542046 0.392523 1.92823 19646
l_shoulder 0.541895 0.392769 1.92828 19731
l_shoulder 0.542014 0.392867 1.92783 19829
l_shoulder 0.541733 0.392732 1.92768 19911
l_shoulder 0.541906 0.392772 1.92715 19996
l_shoulder 0.541924 0.39255 1.92695 20079
---STOP: 2013-08-07-10-29-05-839---
