
---START: 2013-08-07-10-28-54-978---
neck 0.465849 0.3841 1.88744 9318
neck 0.466268 0.384692 1.887 9402
neck 0.466878 0.385451 1.8871 9484
neck 0.467772 0.386475 1.88732 9555
neck 0.468628 0.38679 1.8874 9640
neck 0.469181 0.386913 1.88725 9723
neck 0.469266 0.386593 1.88699 9824
neck 0.469371 0.386436 1.88721 9906
neck 0.470192 0.386385 1.8885 9974
neck 0.471389 0.385085 1.89148 10057
neck 0.472095 0.385771 1.89098 10142
neck 0.472174 0.386298 1.89115 10244
neck 0.472479 0.38627 1.89189 10328
neck 0.472243 0.386336 1.89232 10412
neck 0.472347 0.386472 1.89318 10496
neck 0.472547 0.3864 1.89361 10580
neck 0.473087 0.386356 1.89367 10678
neck 0.473364 0.386495 1.89308 10761
neck 0.473995 0.386193 1.89214 10842
neck 0.475053 0.386855 1.88818 10940
neck 0.476009 0.384773 1.88963 11022
neck 0.475821 0.385099 1.89047 11121
neck 0.475779 0.385474 1.89065 11202
neck 0.475865 0.385857 1.89052 11286
neck 0.475987 0.386056 1.8908 11385
neck 0.475929 0.386196 1.89053 11468
neck 0.476278 0.38632 1.88935 11550
neck 0.476277 0.386113 1.8906 11635
neck 0.476445 0.386302 1.89115 11736
neck 0.476761 0.386498 1.89013 11821
neck 0.476678 0.386515 1.88966 11906
neck 0.476641 0.386659 1.88926 11990
neck 0.476675 0.386731 1.88867 12088
neck 0.476833 0.386384 1.88803 12173
neck 0.477122 0.385878 1.88654 12254
neck 0.4775 0.385896 1.88852 12353
neck 0.477293 0.386352 1.88795 12437
neck 0.477127 0.386635 1.88787 12520
neck 0.476996 0.386523 1.88795 12616
neck 0.477088 0.386468 1.8884 12699
neck 0.477238 0.386308 1.88841 12782
neck 0.477265 0.386162 1.88849 12864
neck 0.477549 0.385152 1.88727 12966
neck 0.477692 0.384917 1.88744 13051
neck 0.478057 0.384815 1.88709 13135
neck 0.478316 0.384593 1.88734 13218
neck 0.478236 0.384336 1.88837 13320
neck 0.478358 0.383798 1.88917 13402
neck 0.478619 0.383037 1.8888 13486
neck 0.478657 0.382745 1.88845 13571
neck 0.479009 0.382455 1.89083 13656
neck 0.479487 0.382787 1.89138 13758
neck 0.479549 0.383152 1.89136 13840
neck 0.479501 0.38293 1.89295 13923
neck 0.479425 0.382645 1.89269 14007
neck 0.479563 0.382527 1.89249 14107
neck 0.479783 0.382447 1.89272 14190
neck 0.480147 0.381764 1.89365 14274
neck 0.480094 0.381035 1.89382 14374
neck 0.480202 0.379407 1.89458 14459
neck 0.48042 0.38006 1.89412 14543
neck 0.480734 0.379905 1.895 14624
neck 0.481004 0.379836 1.8955 14726
neck 0.481338 0.380217 1.89519 14808
neck 0.481556 0.380349 1.89598 14892
neck 0.482078 0.379214 1.89713 14976
neck 0.48244 0.378518 1.89777 15061
neck 0.482677 0.3781 1.89779 15163
neck 0.483025 0.377891 1.8977 15247
neck 0.483177 0.378452 1.89724 15334
neck 0.482923 0.3784 1.89804 15418
neck 0.482691 0.378073 1.89847 15517
neck 0.482533 0.377737 1.89989 15601
neck 0.482325 0.377042 1.89976 15684
neck 0.482139 0.375917 1.90071 15768
neck 0.481652 0.374859 1.89895 15853
neck 0.481302 0.37451 1.89732 15954
neck 0.481275 0.374294 1.89654 16039
neck 0.481333 0.374165 1.89746 16124
neck 0.481182 0.373677 1.89816 16209
neck 0.481067 0.373749 1.89727 16293
neck 0.481028 0.373788 1.89706 16393
neck 0.480988 0.373162 1.89682 16479
neck 0.481221 0.372963 1.89649 16562
neck 0.481509 0.372947 1.89586 16648
neck 0.481776 0.372839 1.89515 16747
neck 0.48185 0.373185 1.89497 16833
neck 0.482349 0.373785 1.89546 16918
neck 0.482815 0.374532 1.896 17001
neck 0.483417 0.377295 1.89904 17087
neck 0.483059 0.380677 1.90041 17171
neck 0.483107 0.382047 1.90057 17273
neck 0.483 0.383884 1.90071 17358
neck 0.483107 0.383691 1.90103 17443
neck 0.482873 0.384874 1.90107 17528
neck 0.482699 0.386005 1.90012 17611
neck 0.48272 0.386926 1.89982 17711
neck 0.482584 0.388033 1.89987 17797
neck 0.482482 0.388134 1.89967 17882
neck 0.48261 0.387936 1.89928 17967
neck 0.482722 0.38777 1.89946 18051
neck 0.482744 0.3878 1.89933 18152
neck 0.48292 0.387823 1.89904 18237
neck 0.48265 0.388375 1.89881 18320
neck 0.482781 0.388501 1.89907 18403
neck 0.483004 0.388518 1.89932 18504
neck 0.482957 0.388383 1.89934 18587
neck 0.483053 0.388467 1.89929 18669
neck 0.483256 0.388697 1.89915 18766
neck 0.483541 0.388873 1.8993 18849
neck 0.483695 0.389167 1.89951 18933
neck 0.48391 0.389184 1.89998 19032
neck 0.484117 0.389077 1.90063 19116
neck 0.484261 0.389538 1.90085 19199
neck 0.484218 0.389797 1.90145 19281
neck 0.484195 0.390264 1.90132 19380
neck 0.484413 0.390727 1.90119 19462
neck 0.484552 0.391121 1.90112 19545
neck 0.484585 0.391185 1.90128 19646
neck 0.484562 0.391419 1.90096 19731
neck 0.484743 0.391448 1.90011 19813
neck 0.484828 0.391321 1.89969 19911
neck 0.485102 0.39131 1.89919 19996
neck 0.485139 0.391169 1.89883 20079
---STOP: 2013-08-07-10-29-05-823---
