
---START: 2013-08-07-10-28-54-913---
r_elbow 0.307742 0.436455 1.85962 9253
r_elbow 0.308947 0.439371 1.86215 9335
r_elbow 0.311652 0.446171 1.86496 9418
r_elbow 0.315323 0.450807 1.86744 9502
r_elbow 0.316944 0.453568 1.86919 9588
r_elbow 0.319029 0.455324 1.87332 9675
r_elbow 0.321748 0.459788 1.87705 9757
r_elbow 0.355035 0.490741 1.87192 9840
r_elbow 0.354652 0.489154 1.87741 9923
r_elbow 0.363321 0.491924 1.8778 10008
r_elbow 0.371476 0.492011 1.86258 10092
r_elbow 0.375846 0.495036 1.85698 10176
r_elbow 0.37755 0.498037 1.85223 10260
r_elbow 0.378417 0.500592 1.85271 10344
r_elbow 0.380181 0.504884 1.85214 10447
r_elbow 0.382001 0.507421 1.85372 10530
r_elbow 0.384 0.508563 1.85162 10613
r_elbow 0.385185 0.509494 1.85249 10694
r_elbow 0.386056 0.510569 1.85284 10792
r_elbow 0.38693 0.510696 1.85178 10874
r_elbow 0.387881 0.511475 1.85124 10973
r_elbow 0.389913 0.507336 1.85376 11055
r_elbow 0.390725 0.506177 1.85664 11138
r_elbow 0.389931 0.507432 1.85639 11236
r_elbow 0.389708 0.509048 1.85673 11319
r_elbow 0.388941 0.50993 1.8569 11402
r_elbow 0.389059 0.510894 1.85744 11502
r_elbow 0.389842 0.511805 1.85709 11584
r_elbow 0.390336 0.512868 1.86079 11669
r_elbow 0.390665 0.513222 1.86066 11753
r_elbow 0.39058 0.513367 1.8594 11838
r_elbow 0.390411 0.513261 1.8587 11940
r_elbow 0.390378 0.513233 1.85907 12022
r_elbow 0.390236 0.512965 1.86114 12104
r_elbow 0.390652 0.512239 1.86395 12189
r_elbow 0.390421 0.511639 1.86406 12287
r_elbow 0.390155 0.511529 1.86299 12370
r_elbow 0.389917 0.511889 1.86345 12453
r_elbow 0.389842 0.512114 1.86355 12552
r_elbow 0.390053 0.512039 1.86377 12632
r_elbow 0.390318 0.511781 1.86391 12716
r_elbow 0.390073 0.511262 1.86541 12814
r_elbow 0.389662 0.510761 1.86783 12898
r_elbow 0.389932 0.509638 1.86819 12983
r_elbow 0.390392 0.509061 1.86946 13068
r_elbow 0.391831 0.507362 1.87778 13168
r_elbow 0.391506 0.507677 1.87532 13252
r_elbow 0.39212 0.507567 1.87968 13336
r_elbow 0.392054 0.508325 1.87733 13419
r_elbow 0.392053 0.507954 1.87744 13521
r_elbow 0.39189 0.50756 1.8788 13605
r_elbow 0.391588 0.50567 1.88316 13690
r_elbow 0.391267 0.505127 1.88317 13774
r_elbow 0.391012 0.504925 1.88254 13873
r_elbow 0.388855 0.501658 1.88929 13956
r_elbow 0.389469 0.502318 1.88976 14040
r_elbow 0.389516 0.50305 1.88935 14123
r_elbow 0.389613 0.503301 1.8915 14224
r_elbow 0.389501 0.502128 1.89342 14306
r_elbow 0.38899 0.50025 1.89517 14391
r_elbow 0.38948 0.497851 1.89476 14476
r_elbow 0.393042 0.496858 1.88823 14576
r_elbow 0.391453 0.495121 1.8947 14657
r_elbow 0.390579 0.494195 1.89765 14742
r_elbow 0.390608 0.493358 1.8926 14841
r_elbow 0.388223 0.491503 1.89666 14926
r_elbow 0.388569 0.489439 1.89322 15011
r_elbow 0.389238 0.489903 1.8886 15095
r_elbow 0.387352 0.491717 1.88485 15180
r_elbow 0.388092 0.491941 1.88496 15282
r_elbow 0.387076 0.491909 1.88415 15367
r_elbow 0.386272 0.493246 1.88396 15452
r_elbow 0.393888 0.503667 1.88206 15534
r_elbow 0.392053 0.502907 1.88447 15618
r_elbow 0.391668 0.500871 1.88777 15717
r_elbow 0.393045 0.491418 1.88673 15801
r_elbow 0.396055 0.492312 1.87252 15887
r_elbow 0.393973 0.496131 1.88272 15971
r_elbow 0.394286 0.492788 1.88463 16073
r_elbow 0.393777 0.490465 1.88594 16157
r_elbow 0.393983 0.489743 1.88134 16243
r_elbow 0.393333 0.490192 1.8779 16327
r_elbow 0.392145 0.49229 1.8794 16411
r_elbow 0.391102 0.490417 1.88051 16496
r_elbow 0.390808 0.488349 1.88375 16596
r_elbow 0.391306 0.488865 1.8844 16681
r_elbow 0.391607 0.489636 1.88339 16765
r_elbow 0.392759 0.494561 1.87377 16851
r_elbow 0.392298 0.492822 1.87933 16951
r_elbow 0.391528 0.491818 1.88198 17035
r_elbow 0.39131 0.493172 1.88402 17122
r_elbow 0.391905 0.496406 1.88466 17205
r_elbow 0.391598 0.496768 1.88389 17290
r_elbow 0.391567 0.498245 1.88388 17375
r_elbow 0.390893 0.497913 1.88445 17477
r_elbow 0.390448 0.499233 1.88475 17560
r_elbow 0.389785 0.500214 1.88724 17645
r_elbow 0.389673 0.500736 1.89038 17728
r_elbow 0.389734 0.501396 1.89313 17814
r_elbow 0.389646 0.501411 1.89581 17915
r_elbow 0.390294 0.501442 1.89577 18001
r_elbow 0.390615 0.50158 1.89517 18085
r_elbow 0.390402 0.501538 1.89543 18169
r_elbow 0.390236 0.501228 1.89582 18255
r_elbow 0.389469 0.501109 1.89708 18353
r_elbow 0.389392 0.501139 1.89651 18435
r_elbow 0.389187 0.501234 1.8968 18521
r_elbow 0.39173 0.504056 1.89587 18619
r_elbow 0.391755 0.503751 1.89387 18701
r_elbow 0.391828 0.503582 1.89497 18782
r_elbow 0.392112 0.503747 1.89428 18883
r_elbow 0.392268 0.504818 1.89257 18965
r_elbow 0.392381 0.505376 1.89278 19049
r_elbow 0.392582 0.505694 1.89276 19133
r_elbow 0.392498 0.505823 1.89405 19232
r_elbow 0.392862 0.506768 1.89761 19313
r_elbow 0.392918 0.507273 1.90299 19397
r_elbow 0.393342 0.506981 1.90083 19495
r_elbow 0.393082 0.506629 1.90212 19579
r_elbow 0.393118 0.50663 1.90199 19663
r_elbow 0.393074 0.507068 1.90267 19764
r_elbow 0.393049 0.507016 1.9029 19845
r_elbow 0.393853 0.506887 1.90517 19928
r_elbow 0.393835 0.50649 1.90583 20012
r_elbow 0.393824 0.506413 1.90565 20113
---STOP: 2013-08-07-10-29-05-855---
