
---START: 2013-08-07-10-28-55-366---
r_foot 0.547921 0.815108 1.87101 9707
r_foot 0.599159 0.841792 1.93109 9806
r_foot 0.539028 0.818249 1.9071 10227
r_foot 0.540262 0.817285 1.90178 10312
r_foot 0.541297 0.816784 1.89594 10396
r_foot 0.542347 0.820271 1.8962 10480
r_foot 0.54298 0.814854 1.89212 10563
r_foot 0.545269 0.824079 1.88881 10662
r_foot 0.518414 0.840401 1.87956 10744
r_foot 0.51545 0.845317 1.87532 10826
r_foot 0.514792 0.842841 1.91259 10924
r_foot 0.513889 0.842878 1.91446 11006
r_foot 0.515695 0.833736 1.90681 11106
r_foot 0.519767 0.833522 1.90502 11186
r_foot 0.524433 0.836696 1.89752 11269
r_foot 0.530472 0.842727 1.89621 11368
r_foot 0.531861 0.838457 1.89284 11452
r_foot 0.533497 0.834923 1.88973 11534
r_foot 0.54071 0.823113 1.87697 11618
r_foot 0.541731 0.821336 1.87445 11719
r_foot 0.53767 0.825473 1.89871 11804
r_foot 0.540636 0.831864 1.89789 11889
r_foot 0.540154 0.831103 1.90042 11973
r_foot 0.540625 0.830647 1.903 12071
r_foot 0.491066 0.792444 1.96239 12156
r_foot 0.494341 0.794419 1.97267 12238
r_foot 0.497875 0.795877 1.9696 12336
r_foot 0.513892 0.803276 1.9507 12420
r_foot 0.522697 0.807181 1.93324 12503
r_foot 0.524617 0.80873 1.92818 12584
r_foot 0.515384 0.813686 1.95182 12683
r_foot 0.508841 0.813028 1.96693 12766
r_foot 0.512548 0.81299 1.95987 12864
r_foot 0.541139 0.811358 1.89979 12949
r_foot 0.537068 0.88956 2.08988 13034
r_foot 0.536731 0.877899 2.06552 13119
r_foot 0.539894 0.827726 1.93249 13202
r_foot 0.566428 0.870037 1.87908 13302
r_foot 0.564773 0.869077 1.88203 13386
r_foot 0.554467 0.844259 1.88201 13470
r_foot 0.551782 0.841113 1.87901 13554
r_foot 0.549078 0.832044 1.88117 13639
r_foot 0.549968 0.832677 1.87958 13741
r_foot 0.545482 0.822544 1.88004 13824
r_foot 0.550219 0.833851 1.87543 13906
r_foot 0.542693 0.827295 1.87282 14007
r_foot 0.543118 0.827907 1.87354 14090
r_foot 0.540682 0.824633 1.90411 14173
r_foot 0.534015 0.822626 1.92552 14258
r_foot 0.534027 0.822656 1.92695 14357
r_foot 0.539744 0.816558 1.88945 14442
r_foot 0.542715 0.816182 1.8817 14527
r_foot 0.541181 0.811952 1.87922 14608
r_foot 0.542108 0.809436 1.87619 14708
r_foot 0.543718 0.813519 1.86983 14792
r_foot 0.538896 0.828931 1.85102 14875
r_foot 0.535466 0.814665 1.86568 14959
r_foot 0.53595 0.819876 1.86521 15061
r_foot 0.537472 0.826055 1.8629 15145
r_foot 0.492957 0.818106 2.11547 15230
r_foot 0.494089 0.814101 2.1094 15315
r_foot 0.497965 0.829463 2.07855 15401
r_foot 0.505261 0.834679 2.05461 15485
r_foot 0.555776 0.866204 1.88909 15584
r_foot 0.524689 0.76637 1.88027 15668
r_foot 0.530974 0.781758 1.87953 15752
r_foot 0.5278 0.789174 1.9103 15836
r_foot 0.53075 0.796482 1.90833 15937
r_foot 0.533634 0.805596 1.90503 16021
r_foot 0.535801 0.812197 1.90813 16107
r_foot 0.529961 0.807232 1.90444 16191
r_foot 0.531366 0.811772 1.90324 16277
r_foot 0.530911 0.810838 1.90497 16377
r_foot 0.534944 0.808393 1.89072 16462
r_foot 0.534395 0.808625 1.89315 16546
r_foot 0.539009 0.818793 1.88262 16631
r_foot 0.529629 0.817275 1.89672 16731
r_foot 0.532773 0.815993 1.89482 16816
r_foot 0.535465 0.818724 1.89222 16901
r_foot 0.537656 0.820477 1.88922 16985
r_foot 0.5385 0.819087 1.88787 17070
r_foot 0.540111 0.821756 1.88691 17155
r_foot 0.541956 0.821928 1.8803 17255
r_foot 0.541829 0.823452 1.88058 17341
r_foot 0.542358 0.823833 1.87956 17426
r_foot 0.489908 0.815802 1.86157 17512
r_foot 0.494008 0.816063 1.87134 17611
r_foot 0.498042 0.819493 1.87365 17693
r_foot 0.50162 0.817174 1.87172 17780
r_foot 0.504891 0.812784 1.872 17865
r_foot 0.522342 0.811751 1.8687 17950
r_foot 0.532018 0.818567 1.88409 18035
r_foot 0.536655 0.823934 1.87523 18136
r_foot 0.537912 0.823063 1.87196 18221
r_foot 0.542393 0.831445 1.87732 18303
r_foot 0.543536 0.833538 1.87801 18386
r_foot 0.545704 0.836963 1.87364 18487
r_foot 0.43337 0.660658 1.22365 18571
r_foot 0.448205 0.687921 1.30418 18653
r_foot 0.545733 0.869906 1.89961 18749
r_foot 0.549187 0.859965 1.90802 18832
r_foot 0.544918 0.849204 1.89196 18916
r_foot 0.546748 0.856534 1.89428 19015
r_foot 0.546627 0.858895 1.8886 19099
r_foot 0.54638 0.854319 1.88395 19183
r_foot 0.545978 0.849364 1.88136 19265
r_foot 0.533144 0.808949 1.82384 19364
r_foot 0.537366 0.817299 1.82932 19446
r_foot 0.543378 0.828968 1.84917 19528
r_foot 0.541094 0.820323 1.84974 19629
r_foot 0.54283 0.824393 1.84789 19713
r_foot 0.542533 0.824449 1.84649 19797
r_foot 0.539032 0.823672 1.85326 19894
r_foot 0.537899 0.824446 1.85803 19979
r_foot 0.531466 0.82921 1.8505 20063
r_foot 0.529945 0.823341 1.85294 20147
---STOP: 2013-08-07-10-29-05-904---
