
---START: 2013-08-07-10-28-54-928---
r_hand 0.260337 0.419516 1.66322 9268
r_hand 0.255489 0.438546 1.73645 9352
r_hand 0.2772 0.419907 1.65716 9436
r_hand 0.285423 0.426425 1.63491 9503
r_hand 0.266461 0.434487 1.74442 9588
r_hand 0.312976 0.441466 1.65347 9675
r_hand 0.325089 0.45355 1.61672 9757
r_hand 0.337846 0.473064 1.61941 9857
r_hand 0.350219 0.489723 1.61978 9940
r_hand 0.363302 0.498785 1.62908 10008
r_hand 0.376229 0.509796 1.63133 10092
r_hand 0.383856 0.513365 1.63045 10176
r_hand 0.390828 0.514581 1.63425 10260
r_hand 0.396834 0.514509 1.62145 10362
r_hand 0.4035 0.513129 1.62303 10447
r_hand 0.410617 0.508878 1.62536 10530
r_hand 0.414369 0.505387 1.61784 10613
r_hand 0.417201 0.509136 1.62271 10710
r_hand 0.421541 0.504991 1.62261 10792
r_hand 0.422168 0.502357 1.62715 10892
r_hand 0.423424 0.506764 1.62444 10973
r_hand 0.419943 0.505153 1.626 11055
r_hand 0.421787 0.506917 1.62518 11154
r_hand 0.41935 0.508463 1.62295 11236
r_hand 0.416213 0.508656 1.62262 11319
r_hand 0.415331 0.512129 1.62948 11418
r_hand 0.413098 0.516137 1.63855 11502
r_hand 0.412232 0.517009 1.64016 11584
r_hand 0.412166 0.519199 1.64627 11669
r_hand 0.411693 0.521179 1.64956 11770
r_hand 0.414019 0.526107 1.64019 11855
r_hand 0.415042 0.527833 1.64314 11940
r_hand 0.411546 0.52984 1.64374 12022
r_hand 0.413885 0.53012 1.64478 12121
r_hand 0.414794 0.528507 1.64839 12206
r_hand 0.417121 0.529198 1.64439 12287
r_hand 0.41784 0.528531 1.64852 12370
r_hand 0.416524 0.528914 1.65303 12470
r_hand 0.416286 0.530143 1.65052 12552
r_hand 0.418986 0.529496 1.64855 12648
r_hand 0.418543 0.532672 1.65283 12732
r_hand 0.419427 0.53198 1.6536 12814
r_hand 0.419594 0.533625 1.65586 12898
r_hand 0.420922 0.534177 1.66036 13000
r_hand 0.420851 0.533007 1.66106 13084
r_hand 0.420519 0.534215 1.66148 13168
r_hand 0.420703 0.531148 1.66951 13252
r_hand 0.425555 0.53816 1.66432 13352
r_hand 0.424169 0.538313 1.67038 13436
r_hand 0.429071 0.543029 1.66812 13521
r_hand 0.427683 0.544668 1.67652 13605
r_hand 0.427687 0.542258 1.67459 13690
r_hand 0.431008 0.543648 1.67679 13790
r_hand 0.429158 0.543063 1.67943 13873
r_hand 0.429584 0.542331 1.68069 13956
r_hand 0.431722 0.543623 1.68106 14040
r_hand 0.429637 0.545879 1.67695 14139
r_hand 0.430855 0.545529 1.67924 14224
r_hand 0.432026 0.546105 1.67627 14306
r_hand 0.432459 0.547593 1.68101 14408
r_hand 0.435223 0.543541 1.67634 14492
r_hand 0.433294 0.546133 1.6801 14576
r_hand 0.433323 0.545432 1.68025 14657
r_hand 0.43419 0.543538 1.67896 14758
r_hand 0.435533 0.542224 1.68042 14841
r_hand 0.433514 0.542843 1.67796 14926
r_hand 0.433612 0.540149 1.68045 15011
r_hand 0.433598 0.539903 1.6802 15095
r_hand 0.434318 0.540351 1.67975 15197
r_hand 0.431634 0.536536 1.68051 15282
r_hand 0.432323 0.538444 1.67465 15367
r_hand 0.432491 0.53799 1.67535 15452
r_hand 0.435884 0.541251 1.67735 15551
r_hand 0.432133 0.539825 1.67122 15634
r_hand 0.431432 0.538406 1.67562 15717
r_hand 0.436351 0.537629 1.6742 15801
r_hand 0.434146 0.541696 1.67757 15887
r_hand 0.431195 0.538989 1.67893 15988
r_hand 0.430956 0.5387 1.68085 16073
r_hand 0.431669 0.539439 1.68404 16157
r_hand 0.431418 0.541848 1.68259 16243
r_hand 0.43066 0.544376 1.68522 16327
r_hand 0.431294 0.543925 1.68742 16428
r_hand 0.432098 0.544941 1.68426 16513
r_hand 0.429115 0.542306 1.68797 16597
r_hand 0.431049 0.545085 1.6848 16681
r_hand 0.433301 0.549217 1.67701 16782
r_hand 0.43388 0.549555 1.67158 16867
r_hand 0.432436 0.549877 1.67792 16951
r_hand 0.433255 0.550656 1.68543 17035
r_hand 0.432651 0.552067 1.68562 17122
r_hand 0.432735 0.554289 1.68206 17205
r_hand 0.43225 0.555222 1.68116 17307
r_hand 0.436157 0.556532 1.67982 17391
r_hand 0.436375 0.55544 1.68563 17477
r_hand 0.43316 0.553003 1.68525 17560
r_hand 0.433317 0.555838 1.68805 17645
r_hand 0.431835 0.55005 1.68906 17745
r_hand 0.434538 0.552532 1.68993 17831
r_hand 0.433976 0.549277 1.69273 17915
r_hand 0.431542 0.550906 1.69197 18001
r_hand 0.435212 0.552597 1.69147 18085
r_hand 0.433506 0.548739 1.69215 18187
r_hand 0.436145 0.54731 1.6949 18271
r_hand 0.435958 0.551407 1.6932 18353
r_hand 0.436256 0.550941 1.70285 18435
r_hand 0.437446 0.552292 1.69229 18537
r_hand 0.43756 0.550534 1.68988 18619
r_hand 0.442004 0.550395 1.69079 18701
r_hand 0.439635 0.55152 1.68837 18799
r_hand 0.437762 0.55075 1.68823 18883
r_hand 0.438721 0.556822 1.683 18965
r_hand 0.44035 0.55591 1.69129 19066
r_hand 0.437675 0.556698 1.69622 19149
r_hand 0.435714 0.555212 1.69135 19232
r_hand 0.437924 0.559675 1.69686 19329
r_hand 0.437448 0.558941 1.69774 19413
r_hand 0.438358 0.55815 1.69411 19495
r_hand 0.438409 0.559668 1.69855 19579
r_hand 0.436779 0.55759 1.69311 19679
r_hand 0.438362 0.558093 1.70181 19764
r_hand 0.43671 0.559627 1.70014 19845
r_hand 0.437051 0.559862 1.69569 19945
r_hand 0.436486 0.559572 1.69772 20029
r_hand 0.437423 0.558823 1.69804 20113
---STOP: 2013-08-07-10-29-05-855---
