
---START: 2013-08-07-10-28-54-945---
r_hip 0.438491 0.624264 1.82445 9285
r_hip 0.438613 0.624422 1.82396 9369
r_hip 0.43872 0.624302 1.82402 9452
r_hip 0.438748 0.624541 1.82432 9536
r_hip 0.438632 0.62431 1.82532 9623
r_hip 0.438721 0.623774 1.825 9706
r_hip 0.438917 0.623818 1.8232 9790
r_hip 0.438841 0.62323 1.82216 9874
r_hip 0.43892 0.622361 1.82089 9956
r_hip 0.439057 0.621815 1.82099 10041
r_hip 0.439535 0.620796 1.82185 10125
r_hip 0.440483 0.617925 1.82396 10210
r_hip 0.440576 0.618181 1.82355 10295
r_hip 0.440881 0.618585 1.82318 10378
r_hip 0.441032 0.619345 1.82381 10463
r_hip 0.44121 0.612656 1.82284 10563
r_hip 0.442794 0.614126 1.824 10646
r_hip 0.443182 0.614726 1.8235 10744
r_hip 0.443894 0.615172 1.82418 10826
r_hip 0.443632 0.615886 1.82416 10908
r_hip 0.443408 0.615795 1.82519 11006
r_hip 0.443998 0.614428 1.82479 11089
r_hip 0.44394 0.614426 1.82478 11170
r_hip 0.444584 0.614119 1.8251 11269
r_hip 0.44479 0.614577 1.82502 11352
r_hip 0.445427 0.6145 1.82582 11435
r_hip 0.44556 0.615078 1.82565 11518
r_hip 0.445264 0.615719 1.82631 11618
r_hip 0.445205 0.616572 1.82735 11702
r_hip 0.445266 0.61683 1.82754 11787
r_hip 0.446031 0.618017 1.82726 11872
r_hip 0.446704 0.61809 1.82717 11973
r_hip 0.446912 0.618052 1.82677 12055
r_hip 0.446925 0.617775 1.82536 12138
r_hip 0.446992 0.617755 1.82411 12222
r_hip 0.446991 0.617812 1.82441 12320
r_hip 0.446974 0.617663 1.82491 12404
r_hip 0.447103 0.618773 1.82493 12486
r_hip 0.446925 0.619061 1.82549 12584
r_hip 0.446581 0.619114 1.82549 12666
r_hip 0.446213 0.619262 1.82603 12766
r_hip 0.446103 0.618904 1.82634 12847
r_hip 0.446153 0.618841 1.82686 12932
r_hip 0.446196 0.618245 1.8272 13017
r_hip 0.446563 0.6177 1.82717 13101
r_hip 0.447069 0.617311 1.82694 13202
r_hip 0.447692 0.616346 1.82604 13285
r_hip 0.449207 0.615412 1.82511 13369
r_hip 0.449955 0.612848 1.82554 13453
r_hip 0.449854 0.613046 1.8266 13554
r_hip 0.449696 0.612765 1.82672 13639
r_hip 0.449641 0.612693 1.82608 13724
r_hip 0.449567 0.612689 1.82647 13807
r_hip 0.450223 0.612244 1.82676 13906
r_hip 0.450032 0.611927 1.82622 13990
r_hip 0.450054 0.611592 1.82601 14074
r_hip 0.45017 0.611748 1.82614 14156
r_hip 0.450398 0.612104 1.82559 14258
r_hip 0.450499 0.611804 1.82574 14340
r_hip 0.450468 0.610356 1.82626 14425
r_hip 0.450765 0.610627 1.82588 14510
r_hip 0.451296 0.611114 1.82727 14608
r_hip 0.45147 0.611111 1.82726 14691
r_hip 0.452033 0.615464 1.82371 14775
r_hip 0.451747 0.613657 1.82537 14875
r_hip 0.451768 0.61342 1.82651 14959
r_hip 0.451877 0.61325 1.82675 15044
r_hip 0.451996 0.614752 1.82848 15129
r_hip 0.452022 0.614957 1.82941 15214
r_hip 0.451449 0.611653 1.83093 15299
r_hip 0.451715 0.611784 1.82935 15401
r_hip 0.452032 0.612185 1.82926 15484
r_hip 0.452572 0.610366 1.83191 15568
r_hip 0.45236 0.608361 1.83337 15651
r_hip 0.452909 0.609372 1.83302 15752
r_hip 0.45241 0.607518 1.83535 15836
r_hip 0.451733 0.606375 1.83849 15921
r_hip 0.452209 0.606338 1.83803 16005
r_hip 0.452218 0.607247 1.83724 16090
r_hip 0.452601 0.607373 1.84083 16191
r_hip 0.452744 0.607918 1.84044 16277
r_hip 0.452653 0.607734 1.84039 16360
r_hip 0.452281 0.607069 1.83946 16445
r_hip 0.452046 0.606109 1.84109 16529
r_hip 0.451497 0.605195 1.842 16631
r_hip 0.451417 0.604685 1.84351 16713
r_hip 0.451095 0.604244 1.84348 16799
r_hip 0.450703 0.604404 1.84257 16885
r_hip 0.450172 0.60452 1.84315 16985
r_hip 0.449906 0.604724 1.84257 17070
r_hip 0.448293 0.60384 1.84027 17155
r_hip 0.448989 0.60342 1.84019 17239
r_hip 0.449274 0.603063 1.84008 17324
r_hip 0.449485 0.602765 1.83963 17409
r_hip 0.449531 0.602301 1.8401 17512
r_hip 0.449419 0.601807 1.84084 17593
r_hip 0.449747 0.599615 1.84093 17677
r_hip 0.449769 0.600543 1.84109 17763
r_hip 0.449773 0.600942 1.84139 17847
r_hip 0.449693 0.60111 1.84112 17950
r_hip 0.449855 0.599864 1.84233 18035
r_hip 0.449725 0.600914 1.84311 18119
r_hip 0.449705 0.600971 1.84281 18203
r_hip 0.449701 0.600866 1.8427 18287
r_hip 0.449708 0.60115 1.84253 18386
r_hip 0.449766 0.601171 1.84189 18470
r_hip 0.449741 0.60163 1.84115 18554
r_hip 0.449701 0.602332 1.84082 18653
r_hip 0.449719 0.602672 1.84082 18733
r_hip 0.450098 0.60321 1.8416 18816
r_hip 0.450336 0.603639 1.84215 18916
r_hip 0.450016 0.605565 1.84404 18997
r_hip 0.449887 0.606738 1.84381 19083
r_hip 0.450072 0.605989 1.84349 19166
r_hip 0.450099 0.60568 1.84295 19265
r_hip 0.450259 0.605536 1.84248 19347
r_hip 0.450985 0.605456 1.84091 19429
r_hip 0.45076 0.606318 1.84145 19528
r_hip 0.450054 0.608644 1.84295 19612
r_hip 0.449904 0.608272 1.84251 19696
r_hip 0.44984 0.608627 1.8424 19781
r_hip 0.449805 0.608762 1.84243 19877
r_hip 0.450077 0.608821 1.84234 19962
r_hip 0.45023 0.61043 1.84274 20046
r_hip 0.450772 0.610016 1.84177 20147
---STOP: 2013-08-07-10-29-05-887---
