
---START: 2013-08-07-10-28-54-962---
r_knee 0.429821 0.841863 1.88154 9302
r_knee 0.430189 0.842227 1.87941 9386
r_knee 0.430448 0.842282 1.87799 9452
r_knee 0.430402 0.842655 1.87793 9536
r_knee 0.432034 0.842174 1.87875 9623
r_knee 0.433346 0.837419 1.88231 9706
r_knee 0.432518 0.831463 1.87856 9790
r_knee 0.405761 0.839901 1.81744 9890
r_knee 0.405787 0.838991 1.82727 9974
r_knee 0.405096 0.837715 1.79799 10041
r_knee 0.411182 0.838721 1.82381 10125
r_knee 0.423545 0.761782 1.83058 10210
r_knee 0.433217 0.77505 1.83985 10295
r_knee 0.435443 0.786647 1.86218 10396
r_knee 0.435049 0.786583 1.85939 10480
r_knee 0.439761 0.797922 1.8493 10563
r_knee 0.445185 0.797055 1.83374 10646
r_knee 0.442425 0.797333 1.83746 10744
r_knee 0.443296 0.796071 1.82833 10826
r_knee 0.438332 0.793155 1.84616 10908
r_knee 0.429254 0.789098 1.86277 11006
r_knee 0.426196 0.78602 1.87075 11089
r_knee 0.426656 0.785857 1.86723 11186
r_knee 0.434942 0.778191 1.86323 11269
r_knee 0.435111 0.796381 1.8462 11352
r_knee 0.438331 0.799415 1.84639 11452
r_knee 0.437857 0.800886 1.84869 11534
r_knee 0.439076 0.795431 1.83824 11618
r_knee 0.439223 0.801763 1.83926 11702
r_knee 0.439237 0.80326 1.83956 11804
r_knee 0.44111 0.803576 1.83889 11889
r_knee 0.443483 0.775308 1.83634 11973
r_knee 0.444279 0.777307 1.85907 12056
r_knee 0.443318 0.776286 1.85976 12156
r_knee 0.441562 0.774987 1.85604 12238
r_knee 0.440397 0.790372 1.85618 12320
r_knee 0.441096 0.780891 1.8524 12404
r_knee 0.432803 0.765439 1.87702 12503
r_knee 0.42857 0.760328 1.87113 12584
r_knee 0.429569 0.757878 1.87796 12683
r_knee 0.431725 0.748792 1.8598 12766
r_knee 0.447362 0.804936 1.86801 12847
r_knee 0.443521 0.798946 1.84348 12932
r_knee 0.444867 0.795927 1.83482 13034
r_knee 0.444757 0.781637 1.86265 13119
r_knee 0.44235 0.77096 1.8544 13202
r_knee 0.441955 0.762887 1.84868 13285
r_knee 0.452001 0.76358 1.84239 13386
r_knee 0.449823 0.770684 1.84995 13470
r_knee 0.453884 0.786398 1.87633 13554
r_knee 0.445876 0.804528 1.86858 13639
r_knee 0.448628 0.790584 1.85274 13724
r_knee 0.444042 0.776727 1.85042 13824
r_knee 0.440044 0.759025 1.85663 13906
r_knee 0.437292 0.758768 1.8563 13990
r_knee 0.435223 0.753008 1.85987 14074
r_knee 0.431519 0.754981 1.8616 14173
r_knee 0.433136 0.755845 1.86121 14258
r_knee 0.434579 0.75628 1.86131 14340
r_knee 0.434553 0.754048 1.86274 14425
r_knee 0.431824 0.752174 1.86719 14527
r_knee 0.426094 0.766682 1.85265 14608
r_knee 0.426385 0.771856 1.85088 14691
r_knee 0.429558 0.768772 1.85283 14792
r_knee 0.435171 0.753981 1.85767 14875
r_knee 0.431354 0.75984 1.8537 14959
r_knee 0.430806 0.760158 1.85527 15044
r_knee 0.429205 0.762744 1.84675 15129
r_knee 0.431609 0.758536 1.85206 15230
r_knee 0.432603 0.7513 1.85921 15315
r_knee 0.436766 0.763521 1.85616 15401
r_knee 0.439105 0.76908 1.86352 15484
r_knee 0.438915 0.766637 1.86505 15568
r_knee 0.434835 0.757905 1.86439 15668
r_knee 0.437529 0.757127 1.86251 15752
r_knee 0.444878 0.758408 1.8645 15836
r_knee 0.444838 0.763483 1.8652 15921
r_knee 0.443533 0.76681 1.86584 16021
r_knee 0.437204 0.773334 1.86503 16107
r_knee 0.434003 0.776719 1.85901 16191
r_knee 0.431598 0.781439 1.85491 16277
r_knee 0.430084 0.779902 1.85428 16360
r_knee 0.426294 0.77003 1.85641 16462
r_knee 0.427384 0.772424 1.85603 16546
r_knee 0.437591 0.772238 1.88017 16631
r_knee 0.434253 0.768308 1.87735 16713
r_knee 0.431902 0.766479 1.87409 16799
r_knee 0.432288 0.767939 1.87225 16885
r_knee 0.434117 0.769008 1.87317 16985
r_knee 0.423942 0.767552 1.85644 17070
r_knee 0.427403 0.766798 1.85972 17155
r_knee 0.429809 0.767502 1.85714 17239
r_knee 0.432428 0.760465 1.85438 17341
r_knee 0.430631 0.760546 1.84956 17426
r_knee 0.431676 0.759937 1.84537 17512
r_knee 0.430322 0.76151 1.84349 17593
r_knee 0.430076 0.776273 1.84617 17677
r_knee 0.429899 0.772785 1.84792 17780
r_knee 0.429748 0.772094 1.84742 17865
r_knee 0.428864 0.770602 1.84603 17950
r_knee 0.427791 0.769947 1.84962 18035
r_knee 0.429998 0.762333 1.86113 18119
r_knee 0.430477 0.759959 1.86006 18221
r_knee 0.432069 0.758016 1.8613 18303
r_knee 0.433664 0.756981 1.8614 18386
r_knee 0.435972 0.756969 1.86153 18470
r_knee 0.440597 0.762124 1.85745 18571
r_knee 0.442826 0.770047 1.84942 18653
r_knee 0.442115 0.773992 1.84795 18733
r_knee 0.440499 0.770622 1.85018 18832
r_knee 0.440411 0.762306 1.86051 18916
r_knee 0.438319 0.765163 1.85913 18997
r_knee 0.44715 0.76448 1.85883 19083
r_knee 0.443163 0.765181 1.85789 19183
r_knee 0.439106 0.755892 1.87822 19265
r_knee 0.439974 0.760361 1.8681 19347
r_knee 0.438439 0.761512 1.87078 19446
r_knee 0.438703 0.762191 1.86886 19528
r_knee 0.437111 0.763398 1.86891 19612
r_knee 0.437054 0.764201 1.86988 19713
r_knee 0.437658 0.765346 1.86911 19797
r_knee 0.438473 0.765535 1.8664 19877
r_knee 0.438276 0.765633 1.86506 19962
r_knee 0.438179 0.763979 1.86663 20063
r_knee 0.438449 0.764127 1.86627 20147
---STOP: 2013-08-07-10-29-05-887---
