
---START: 2013-08-07-10-28-54-913---
r_shoulder 0.40206 0.385105 1.85262 9253
r_shoulder 0.402463 0.385607 1.85343 9335
r_shoulder 0.403116 0.38593 1.85289 9418
r_shoulder 0.404082 0.386383 1.85301 9502
r_shoulder 0.405572 0.387031 1.85412 9588
r_shoulder 0.406779 0.386892 1.85419 9657
r_shoulder 0.407719 0.38675 1.85386 9757
r_shoulder 0.407988 0.386267 1.8532 9840
r_shoulder 0.408283 0.38598 1.85294 9923
r_shoulder 0.409822 0.385539 1.85499 10008
r_shoulder 0.412256 0.383809 1.86025 10092
r_shoulder 0.412758 0.384455 1.85982 10176
r_shoulder 0.412784 0.384963 1.85981 10260
r_shoulder 0.413317 0.384845 1.86044 10344
r_shoulder 0.412825 0.385076 1.86093 10430
r_shoulder 0.412873 0.38511 1.86455 10513
r_shoulder 0.413378 0.385214 1.86332 10613
r_shoulder 0.414091 0.384982 1.86322 10694
r_shoulder 0.414429 0.385333 1.86344 10792
r_shoulder 0.415446 0.384851 1.86282 10874
r_shoulder 0.415809 0.385475 1.86122 10956
r_shoulder 0.418246 0.382921 1.86246 11055
r_shoulder 0.417629 0.383247 1.86289 11138
r_shoulder 0.4174 0.383807 1.86282 11220
r_shoulder 0.417456 0.384227 1.86227 11319
r_shoulder 0.417574 0.384574 1.86252 11402
r_shoulder 0.417506 0.384885 1.86234 11484
r_shoulder 0.417663 0.385082 1.86216 11584
r_shoulder 0.417695 0.384935 1.86401 11669
r_shoulder 0.41776 0.385133 1.86473 11753
r_shoulder 0.418059 0.385668 1.86324 11838
r_shoulder 0.418049 0.385878 1.86289 11923
r_shoulder 0.418056 0.386126 1.86282 12022
r_shoulder 0.418304 0.386157 1.86208 12104
r_shoulder 0.418902 0.385749 1.86106 12189
r_shoulder 0.419189 0.385403 1.86045 12287
r_shoulder 0.420092 0.385282 1.86392 12370
r_shoulder 0.419629 0.385969 1.86334 12453
r_shoulder 0.419211 0.386378 1.86391 12536
r_shoulder 0.418996 0.386196 1.86461 12632
r_shoulder 0.418926 0.385984 1.86554 12716
r_shoulder 0.418829 0.385701 1.86568 12814
r_shoulder 0.41861 0.385635 1.86585 12898
r_shoulder 0.418345 0.384688 1.86501 12983
r_shoulder 0.41846 0.384532 1.86474 13068
r_shoulder 0.41874 0.384424 1.86407 13151
r_shoulder 0.419184 0.384209 1.86349 13252
r_shoulder 0.419235 0.384209 1.86328 13336
r_shoulder 0.41933 0.383757 1.86392 13419
r_shoulder 0.419303 0.382889 1.8648 13504
r_shoulder 0.419422 0.382479 1.8647 13605
r_shoulder 0.4196 0.381723 1.86543 13690
r_shoulder 0.419713 0.381716 1.86572 13774
r_shoulder 0.419884 0.382245 1.86584 13857
r_shoulder 0.419905 0.381852 1.86639 13956
r_shoulder 0.419962 0.381668 1.86608 14040
r_shoulder 0.420056 0.381586 1.8659 14123
r_shoulder 0.42024 0.381499 1.86589 14208
r_shoulder 0.420757 0.380685 1.86701 14306
r_shoulder 0.421025 0.380274 1.8667 14391
r_shoulder 0.421355 0.378422 1.86656 14476
r_shoulder 0.421508 0.379145 1.86557 14560
r_shoulder 0.421639 0.378749 1.8653 14657
r_shoulder 0.421498 0.378089 1.86731 14742
r_shoulder 0.421927 0.378424 1.86559 14824
r_shoulder 0.422124 0.378606 1.86552 14909
r_shoulder 0.422224 0.377348 1.86639 15011
r_shoulder 0.422597 0.376734 1.86642 15095
r_shoulder 0.422716 0.376437 1.86599 15180
r_shoulder 0.423085 0.376573 1.86337 15265
r_shoulder 0.422891 0.376832 1.86307 15349
r_shoulder 0.422405 0.376955 1.86407 15452
r_shoulder 0.422229 0.377325 1.86363 15534
r_shoulder 0.422281 0.377048 1.86582 15618
r_shoulder 0.422356 0.376339 1.86664 15701
r_shoulder 0.422782 0.375218 1.86786 15801
r_shoulder 0.422862 0.374385 1.86834 15887
r_shoulder 0.423039 0.374412 1.86753 15971
r_shoulder 0.423016 0.374208 1.86761 16055
r_shoulder 0.422786 0.374251 1.86993 16140
r_shoulder 0.422779 0.373902 1.8707 16243
r_shoulder 0.422705 0.374102 1.86916 16327
r_shoulder 0.422715 0.374078 1.86887 16411
r_shoulder 0.422743 0.373591 1.86987 16496
r_shoulder 0.422726 0.373512 1.87076 16579
r_shoulder 0.422794 0.373497 1.87053 16681
r_shoulder 0.4229 0.373268 1.86919 16765
r_shoulder 0.422887 0.373462 1.86842 16851
r_shoulder 0.422835 0.37367 1.86955 16935
r_shoulder 0.423051 0.37398 1.86965 17019
r_shoulder 0.423514 0.375713 1.87066 17121
r_shoulder 0.423877 0.379217 1.87143 17205
r_shoulder 0.424058 0.380518 1.87103 17290
r_shoulder 0.424182 0.382306 1.87095 17375
r_shoulder 0.424044 0.382043 1.87156 17460
r_shoulder 0.423829 0.383326 1.87186 17559
r_shoulder 0.424244 0.384692 1.87051 17645
r_shoulder 0.424467 0.385679 1.86971 17728
r_shoulder 0.424661 0.38688 1.86999 17814
r_shoulder 0.424841 0.387035 1.8704 17899
r_shoulder 0.425005 0.386932 1.87068 18001
r_shoulder 0.425196 0.386707 1.87086 18085
r_shoulder 0.425298 0.386711 1.8711 18169
r_shoulder 0.425472 0.38664 1.87085 18255
r_shoulder 0.425493 0.387365 1.87066 18336
r_shoulder 0.425738 0.387367 1.87089 18435
r_shoulder 0.42616 0.387219 1.87106 18521
r_shoulder 0.42625 0.387146 1.87134 18603
r_shoulder 0.426249 0.387259 1.87079 18701
r_shoulder 0.426378 0.387649 1.87058 18782
r_shoulder 0.426618 0.387853 1.87048 18866
r_shoulder 0.426971 0.388703 1.86855 18965
r_shoulder 0.427097 0.388575 1.86821 19049
r_shoulder 0.427015 0.388151 1.87005 19133
r_shoulder 0.427099 0.388453 1.87089 19216
r_shoulder 0.427057 0.388654 1.87179 19313
r_shoulder 0.426814 0.389073 1.87463 19397
r_shoulder 0.42704 0.389459 1.8737 19479
r_shoulder 0.42701 0.389824 1.87477 19579
r_shoulder 0.427123 0.389848 1.87433 19663
r_shoulder 0.427229 0.39007 1.87364 19747
r_shoulder 0.427471 0.390029 1.87238 19845
r_shoulder 0.427924 0.38991 1.87171 19928
r_shoulder 0.428298 0.389849 1.87122 20012
r_shoulder 0.428354 0.389788 1.87071 20096
---STOP: 2013-08-07-10-29-05-855---
