
---START: 2013-08-07-10-28-54-929---
torso 0.470125 0.503424 1.86569 9269
torso 0.470401 0.503829 1.86545 9352
torso 0.470522 0.504144 1.86525 9436
torso 0.470807 0.504729 1.86548 9520
torso 0.471223 0.505231 1.86594 9606
torso 0.471631 0.505252 1.86584 9675
torso 0.472027 0.505413 1.86499 9774
torso 0.472014 0.505007 1.86448 9857
torso 0.472112 0.504532 1.86413 9940
torso 0.472564 0.504351 1.8647 10024
torso 0.473305 0.503326 1.86609 10108
torso 0.473832 0.502237 1.86668 10192
torso 0.47394 0.502634 1.86662 10278
torso 0.474226 0.50285 1.86686 10362
torso 0.474151 0.503212 1.86732 10447
torso 0.474114 0.499961 1.86635 10530
torso 0.474605 0.500602 1.86747 10630
torso 0.474989 0.500934 1.86728 10710
torso 0.475365 0.501164 1.86704 10809
torso 0.475706 0.501426 1.86661 10892
torso 0.476249 0.501722 1.86443 10973
torso 0.476811 0.50014 1.86512 11072
torso 0.476706 0.500298 1.8656 11154
torso 0.476892 0.500274 1.86584 11236
torso 0.477045 0.500683 1.86586 11335
torso 0.477311 0.500699 1.86635 11418
torso 0.477423 0.501011 1.86614 11502
torso 0.477658 0.501376 1.86566 11584
torso 0.477686 0.501683 1.86667 11686
torso 0.477866 0.501905 1.867 11770
torso 0.478539 0.5025 1.86655 11855
torso 0.478653 0.502487 1.86616 11940
torso 0.47871 0.50251 1.86566 12039
torso 0.478761 0.50242 1.86474 12121
torso 0.478916 0.502257 1.86398 12206
torso 0.479215 0.501986 1.8632 12303
torso 0.479419 0.501963 1.86408 12387
torso 0.479435 0.502677 1.8638 12470
torso 0.479323 0.502925 1.86384 12552
torso 0.479069 0.502916 1.86367 12649
torso 0.47894 0.503009 1.86401 12732
torso 0.478923 0.502785 1.86409 12830
torso 0.479004 0.502657 1.86435 12915
torso 0.479245 0.501835 1.86377 13001
torso 0.479515 0.501422 1.86397 13084
torso 0.479892 0.501178 1.86374 13168
torso 0.48028 0.500582 1.86366 13269
torso 0.480692 0.499911 1.86396 13352
torso 0.480947 0.498335 1.86454 13436
torso 0.48092 0.498083 1.86445 13521
torso 0.480792 0.49783 1.86425 13623
torso 0.480912 0.497779 1.86555 13707
torso 0.481048 0.498034 1.86602 13790
torso 0.481271 0.497947 1.86607 13873
torso 0.481232 0.497726 1.86692 13973
torso 0.481267 0.49739 1.86675 14057
torso 0.481421 0.497399 1.86671 14139
torso 0.481692 0.49754 1.86664 14224
torso 0.48194 0.497086 1.86715 14323
torso 0.482245 0.495914 1.86783 14408
torso 0.482248 0.495298 1.86821 14493
torso 0.482482 0.495845 1.86875 14576
torso 0.482667 0.495832 1.86945 14674
torso 0.482411 0.498117 1.86713 14758
torso 0.482694 0.497424 1.86833 14841
torso 0.483004 0.497364 1.86962 14926
torso 0.483448 0.496746 1.8704 15028
torso 0.483848 0.497131 1.87184 15111
torso 0.484171 0.496995 1.87252 15197
torso 0.484906 0.49516 1.87443 15282
torso 0.48482 0.495585 1.87314 15367
torso 0.484808 0.495706 1.87337 15452
torso 0.485216 0.494437 1.87533 15551
torso 0.485082 0.493251 1.8766 15634
torso 0.484852 0.493409 1.87591 15718
torso 0.484569 0.491921 1.8776 15819
torso 0.483896 0.490756 1.87768 15904
torso 0.483864 0.490453 1.87643 15988
torso 0.483808 0.490796 1.87536 16073
torso 0.483826 0.490745 1.87707 16157
torso 0.483893 0.490732 1.87726 16260
torso 0.483901 0.490639 1.87704 16344
torso 0.483831 0.490343 1.87657 16428
torso 0.48377 0.489509 1.87694 16513
torso 0.483977 0.488913 1.87699 16597
torso 0.48412 0.488651 1.8773 16697
torso 0.484233 0.488412 1.87716 16782
torso 0.484195 0.488711 1.87684 16867
torso 0.48422 0.489187 1.87712 16951
torso 0.484288 0.489794 1.87719 17035
torso 0.484179 0.491052 1.87834 17138
torso 0.484108 0.492495 1.87916 17222
torso 0.484149 0.49302 1.87931 17307
torso 0.484063 0.493803 1.87918 17391
torso 0.484078 0.493492 1.87943 17477
torso 0.483903 0.493806 1.87974 17577
torso 0.483955 0.493208 1.87951 17661
torso 0.484035 0.494115 1.87965 17745
torso 0.483975 0.494842 1.87981 17831
torso 0.483904 0.494962 1.87944 17915
torso 0.484008 0.494209 1.87963 18001
torso 0.484013 0.494671 1.88013 18103
torso 0.484001 0.494723 1.8798 18187
torso 0.48407 0.49471 1.87959 18271
torso 0.483975 0.495077 1.87944 18353
torso 0.484035 0.495189 1.87925 18453
torso 0.484147 0.49548 1.87908 18537
torso 0.484164 0.495747 1.87889 18619
torso 0.484306 0.495951 1.87904 18717
torso 0.484622 0.496284 1.87939 18799
torso 0.484919 0.496579 1.87982 18883
torso 0.485586 0.497519 1.882 18982
torso 0.485709 0.498162 1.88242 19066
torso 0.485622 0.497834 1.88198 19149
torso 0.48563 0.497959 1.88157 19249
torso 0.48559 0.498033 1.88149 19329
torso 0.485479 0.498231 1.87944 19413
torso 0.48561 0.498921 1.87996 19495
torso 0.48554 0.500294 1.88038 19595
torso 0.485594 0.500156 1.8805 19679
torso 0.485564 0.500455 1.88043 19764
torso 0.485636 0.50056 1.88016 19861
torso 0.485726 0.500524 1.88 19945
torso 0.48588 0.501339 1.87993 20029
torso 0.486058 0.501033 1.87926 20113
---STOP: 2013-08-07-10-29-05-872---
