Gesto: 0
0 0.667218 0.174675 1.92161 1.226e+06
0 0.670281 0.176924 1.92127 1.22603e+06
0 0.671858 0.178183 1.92179 1.22607e+06
0 0.671532 0.17939 1.92116 1.2261e+06
0 0.672384 0.179793 1.92026 1.22613e+06
0 0.674706 0.178129 1.92131 1.22617e+06
0 0.676457 0.177141 1.91749 1.2262e+06
0 0.677691 0.175968 1.91707 1.22623e+06
0 0.682201 0.177478 1.91756 1.22627e+06
0 0.684404 0.179319 1.91595 1.2263e+06
0 0.687849 0.178404 1.91839 1.22633e+06
0 0.692434 0.17931 1.91763 1.22637e+06
0 0.696173 0.180034 1.91581 1.2264e+06
0 0.698565 0.183906 1.91725 1.22644e+06
0 0.704042 0.187529 1.92012 1.22647e+06
0 0.707568 0.190537 1.91896 1.2265e+06
0 0.712073 0.192146 1.91555 1.22653e+06
0 0.715914 0.192229 1.9174 1.22656e+06
0 0.719577 0.195628 1.91603 1.2266e+06
0 0.723365 0.201807 1.91309 1.22663e+06
0 0.726808 0.206455 1.9112 1.22666e+06
0 0.728735 0.209224 1.91083 1.2267e+06
0 0.732274 0.214178 1.9078 1.22673e+06
0 0.736245 0.220504 1.90641 1.22676e+06
0 0.739574 0.225452 1.90387 1.2268e+06
0 0.739756 0.231325 1.90132 1.22683e+06
0 0.739206 0.238828 1.89455 1.22686e+06
0 0.743343 0.243949 1.89041 1.2269e+06
0 0.748239 0.247953 1.88805 1.22693e+06
0 0.749291 0.255779 1.88201 1.22696e+06
0 0.749846 0.264255 1.87985 1.227e+06
0 0.749371 0.273579 1.87302 1.22703e+06
0 0.749625 0.28052 1.86919 1.22706e+06
0 0.747485 0.287223 1.86914 1.2271e+06
0 0.746766 0.292065 1.8635 1.22713e+06
0 0.742677 0.298629 1.85675 1.22716e+06
0 0.740684 0.305429 1.85431 1.2272e+06
0 0.73857 0.314207 1.8473 1.22723e+06
0 0.736726 0.319792 1.84249 1.22726e+06
0 0.734003 0.325575 1.83612 1.2273e+06
0 0.729373 0.332996 1.82929 1.22733e+06
0 0.724278 0.337625 1.8269 1.22737e+06
0 0.717711 0.342346 1.8223 1.2274e+06
0 0.712018 0.344725 1.81731 1.22743e+06
0 0.706083 0.353218 1.81325 1.22747e+06
0 0.699567 0.357222 1.80302 1.2275e+06
0 0.693517 0.359338 1.79803 1.22754e+06
0 0.687224 0.361575 1.78922 1.22757e+06
0 0.679274 0.363878 1.78073 1.2276e+06
0 0.672342 0.365806 1.77398 1.22764e+06
0 0.664761 0.367678 1.76914 1.22767e+06
0 0.658432 0.367355 1.76282 1.2277e+06
0 0.650596 0.366341 1.75649 1.22773e+06
0 0.64126 0.36629 1.74816 1.22777e+06
0 0.634801 0.366774 1.7446 1.2278e+06
0 0.62743 0.363193 1.73803 1.22783e+06
0 0.62176 0.360224 1.73109 1.22787e+06
0 0.615135 0.355662 1.72829 1.2279e+06
0 0.610876 0.349925 1.72307 1.22793e+06
0 0.609899 0.343652 1.72183 1.22797e+06
0 0.606574 0.336154 1.71656 1.228e+06
0 0.605137 0.328957 1.71704 1.22803e+06
0 0.603705 0.320434 1.7156 1.22806e+06
0 0.603487 0.312765 1.71515 1.2281e+06
0 0.604272 0.306341 1.71614 1.22813e+06
0 0.603323 0.29789 1.71312 1.22817e+06
0 0.603158 0.286656 1.7136 1.2282e+06
0 0.603612 0.275834 1.71188 1.22823e+06
0 0.604784 0.26841 1.71538 1.22828e+06
0 0.604443 0.262228 1.72008 1.2283e+06
0 0.605964 0.254723 1.72512 1.22833e+06
0 0.607193 0.250091 1.72972 1.22836e+06
0 0.609782 0.244873 1.73371 1.2284e+06
0 0.611377 0.241441 1.7381 1.22843e+06
0 0.611089 0.235202 1.74275 1.22848e+06
0 0.614355 0.228124 1.74687 1.2285e+06
0 0.616084 0.223777 1.75216 1.22853e+06
0 0.61731 0.220789 1.75917 1.22858e+06
0 0.619488 0.21501 1.76339 1.2286e+06
0 0.620735 0.210857 1.76692 1.22865e+06
0 0.62292 0.20635 1.77064 1.22866e+06
0 0.625298 0.203747 1.7741 1.2287e+06
0 0.627376 0.201681 1.77374 1.22873e+06
0 0.629798 0.199611 1.77755 1.22877e+06
0 0.633595 0.192059 1.78647 1.2288e+06
0 0.635187 0.188894 1.79011 1.22883e+06
0 0.636908 0.186999 1.79581 1.22887e+06
0 0.639452 0.184141 1.79804 1.2289e+06
0 0.641863 0.181502 1.80437 1.22894e+06
0 0.646449 0.181144 1.80989 1.22897e+06
0 0.648971 0.181256 1.81342 1.229e+06
0 0.651714 0.179067 1.81695 1.22903e+06
0 0.654111 0.177189 1.82191 1.22907e+06
0 0.65798 0.176487 1.82269 1.2291e+06
0 0.660085 0.17522 1.82538 1.22913e+06
0 0.664047 0.174669 1.82606 1.22917e+06
0 0.665513 0.172511 1.8321 1.2292e+06
0 0.670634 0.174039 1.83882 1.22925e+06
0 0.672281 0.173419 1.84288 1.22926e+06
0 0.677871 0.171494 1.84958 1.2293e+06
0 0.680761 0.170529 1.85287 1.22935e+06

1 0.433851 0.18091 1.79298 1.2347e+06
1 0.435484 0.180022 1.79117 1.23474e+06
1 0.438323 0.179768 1.79274 1.23479e+06
1 0.442436 0.180186 1.79148 1.23482e+06
1 0.444674 0.180508 1.79118 1.23484e+06
1 0.445876 0.180481 1.79083 1.23489e+06
1 0.451747 0.180564 1.79258 1.23490e+06
1 0.455919 0.176391 1.79746 1.23494e+06
1 0.45961 0.179927 1.79692 1.23497e+06
1 0.463845 0.18096 1.79932 1.23500e+06
1 0.46933 0.18243 1.79963 1.23504e+06
1 0.474352 0.182471 1.80004 1.23507e+06
1 0.480862 0.182945 1.80313 1.23511e+06
1 0.484505 0.186583 1.80481 1.23514e+06
1 0.488022 0.190478 1.80475 1.23517e+06
1 0.493749 0.195368 1.80451 1.23521e+06
1 0.497192 0.198741 1.80145 1.23524e+06
1 0.501452 0.205461 1.79826 1.23528e+06
1 0.506167 0.210025 1.79726 1.23531e+06
1 0.509948 0.217388 1.79641 1.23534e+06
1 0.511933 0.222781 1.79084 1.23537e+06
1 0.514283 0.226855 1.78756 1.23541e+06
1 0.517453 0.235915 1.7889 1.23544e+06
1 0.520351 0.242056 1.79002 1.23547e+06
1 0.523196 0.247504 1.78872 1.23550e+06
1 0.524851 0.25374 1.78701 1.23554e+06
1 0.526857 0.259791 1.78402 1.23557e+06
1 0.527084 0.268515 1.78062 1.23561e+06
1 0.526502 0.277285 1.778 1.23564e+06
1 0.524437 0.28323 1.77643 1.23567e+06
1 0.521178 0.290068 1.77256 1.23571e+06
1 0.518094 0.300208 1.76597 1.23574e+06
1 0.513551 0.307749 1.76129 1.23578e+06
1 0.509496 0.312372 1.75517 1.23581e+06
1 0.505306 0.317713 1.7552 1.23584e+06
1 0.500308 0.325905 1.75318 1.23588e+06
1 0.491782 0.330955 1.74861 1.23591e+06
1 0.487321 0.336042 1.74629 1.23594e+06
1 0.481547 0.339052 1.7408 1.23598e+06
1 0.47606 0.340313 1.73365 1.23601e+06
1 0.468556 0.339231 1.72494 1.23605e+06
1 0.462731 0.338528 1.7199 1.23608e+06
1 0.456038 0.337658 1.71365 1.23611e+06
1 0.448904 0.33683 1.70527 1.23615e+06
1 0.44313 0.330803 1.70285 1.23618e+06
1 0.435791 0.327049 1.69697 1.23621e+06
1 0.431711 0.323829 1.69437 1.23625e+06
1 0.427423 0.318889 1.69467 1.23628e+06
1 0.421075 0.313963 1.69349 1.23632e+06
1 0.417745 0.305198 1.6918 1.23635e+06
1 0.412775 0.298212 1.69127 1.23638e+06
1 0.409529 0.291391 1.689 1.23641e+06
1 0.407238 0.284045 1.68778 1.23645e+06
1 0.404866 0.276325 1.68979 1.23648e+06
1 0.404627 0.268854 1.69052 1.23651e+06
1 0.40436 0.263554 1.69316 1.23655e+06
1 0.403489 0.255819 1.6959 1.23658e+06
1 0.403063 0.245339 1.69448 1.23661e+06
1 0.402798 0.238337 1.69455 1.23664e+06
1 0.403994 0.23265 1.69922 1.23668e+06
1 0.404542 0.22658 1.70279 1.23671e+06
1 0.408922 0.220324 1.70178 1.23674e+06
1 0.411211 0.216302 1.70384 1.23678e+06
1 0.412174 0.207063 1.71348 1.23681e+06
1 0.414375 0.20294 1.71895 1.23684e+06
1 0.418271 0.198056 1.72356 1.23688e+06
1 0.421273 0.19553 1.72695 1.23691e+06
1 0.424297 0.192743 1.73263 1.23694e+06
1 0.429752 0.190604 1.7409 1.23698e+06
1 0.434443 0.18588 1.74437 1.23701e+06
1 0.440174 0.179668 1.74827 1.23704e+06
1 0.444102 0.175561 1.75426 1.23708e+06
1 0.447447 0.175036 1.75964 1.23711e+06
1 0.452851 0.172447 1.76475 1.23714e+06
1 0.45664 0.170664 1.76941 1.23717e+06

2 0.216098 0.17701 1.73819 1.23952e+06
2 0.219201 0.176181 1.73591 1.23956e+06
2 0.221674 0.175142 1.73377 1.23959e+06
2 0.226063 0.175028 1.7341 1.23962e+06
2 0.230462 0.172448 1.73299 1.23966e+06
2 0.234143 0.169869 1.73035 1.23969e+06
2 0.237346 0.170035 1.73198 1.23972e+06
2 0.242609 0.171471 1.73045 1.23976e+06
2 0.24936 0.17373 1.728 1.23979e+06
2 0.254857 0.174811 1.72705 1.23982e+06
2 0.261539 0.176173 1.72683 1.23986e+06
2 0.26563 0.177946 1.72466 1.23989e+06
2 0.272641 0.179907 1.72296 1.23991e+06
2 0.276828 0.180824 1.71758 1.23996e+06
2 0.28161 0.184158 1.71126 1.23998e+06
2 0.287457 0.188837 1.71223 1.24001e+06
2 0.292571 0.194839 1.7112 1.24006e+06
2 0.298064 0.203123 1.71318 1.24009e+06
2 0.302293 0.207984 1.71073 1.24011e+06
2 0.30302 0.21276 1.71022 1.24016e+06
2 0.304795 0.21982 1.70653 1.24019e+06
2 0.30611 0.224796 1.70169 1.24022e+06
2 0.306895 0.227643 1.69991 1.24026e+06
2 0.306964 0.235071 1.69723 1.24028e+06
2 0.304941 0.240671 1.69812 1.24031e+06
2 0.302376 0.246028 1.69653 1.24034e+06
2 0.300823 0.249042 1.69669 1.24038e+06
2 0.296072 0.251483 1.69651 1.24041e+06
2 0.291137 0.252739 1.69339 1.24044e+06
2 0.285414 0.252715 1.69322 1.24048e+06
2 0.279695 0.251536 1.69235 1.24051e+06
2 0.274554 0.249828 1.6943 1.24054e+06
2 0.268438 0.249933 1.69218 1.24058e+06
2 0.263059 0.247935 1.68877 1.24061e+06
2 0.257663 0.246744 1.68907 1.24065e+06
2 0.252091 0.242685 1.68913 1.24068e+06
2 0.245531 0.240083 1.69045 1.24072e+06
2 0.239095 0.23551 1.68988 1.24075e+06
2 0.234333 0.231943 1.69335 1.24078e+06
2 0.230441 0.228027 1.69409 1.24082e+06
2 0.226129 0.224572 1.69621 1.24085e+06
2 0.222028 0.220247 1.69687 1.24088e+06
2 0.220369 0.215674 1.70072 1.24092e+06
2 0.218 0.208624 1.70234 1.24095e+06
2 0.216222 0.203044 1.70376 1.24098e+06
2 0.214685 0.195241 1.70508 1.24102e+06
2 0.213924 0.187525 1.70995 1.24105e+06
2 0.213582 0.183707 1.71076 1.24108e+06
2 0.214079 0.180555 1.71326 1.24112e+06
2 0.216482 0.177638 1.71481 1.24115e+06
2 0.220182 0.173971 1.71939 1.24118e+06
2 0.222399 0.171502 1.72231 1.24122e+06
2 0.22605 0.167977 1.72244 1.24125e+06
2 0.229095 0.165254 1.72668 1.24128e+06
2 0.23241 0.162182 1.73019 1.24132e+06
2 0.237513 0.160799 1.73268 1.24135e+06

3 0.523022 0.416895 1.7855 1.24326e+06
3 0.522758 0.415031 1.78258 1.24328e+06
3 0.522528 0.413386 1.78178 1.24331e+06
3 0.524018 0.41123 1.78307 1.24335e+06
3 0.527427 0.411272 1.78467 1.24338e+06
3 0.530946 0.410728 1.78885 1.24342e+06
3 0.53494 0.409789 1.79035 1.24345e+06
3 0.539826 0.410218 1.79756 1.24348e+06
3 0.545781 0.409193 1.80335 1.24352e+06
3 0.550968 0.409502 1.80675 1.24355e+06
3 0.556218 0.410422 1.81042 1.24358e+06
3 0.56103 0.410215 1.81375 1.24362e+06
3 0.564923 0.41065 1.81795 1.24365e+06
3 0.569673 0.418015 1.82375 1.24368e+06
3 0.574839 0.421882 1.82756 1.24372e+06
3 0.577738 0.42805 1.83153 1.24375e+06
3 0.579654 0.434265 1.83604 1.24378e+06
3 0.582267 0.439538 1.83858 1.24382e+06
3 0.583324 0.44897 1.83992 1.24385e+06
3 0.58338 0.455578 1.84577 1.24388e+06
3 0.581641 0.461366 1.84014 1.24392e+06
3 0.581157 0.469413 1.8404 1.24395e+06
3 0.580679 0.477426 1.83977 1.24399e+06
3 0.57866 0.48599 1.83856 1.24402e+06
3 0.574738 0.491259 1.83645 1.24405e+06
3 0.572122 0.494874 1.83068 1.24409e+06
3 0.568836 0.498198 1.82801 1.24412e+06
3 0.562406 0.504712 1.82351 1.24415e+06
3 0.556385 0.502061 1.82153 1.24419e+06
3 0.548616 0.505166 1.81925 1.24422e+06
3 0.544512 0.504801 1.80938 1.24425e+06
3 0.537756 0.505257 1.80356 1.24429e+06
3 0.530483 0.504395 1.79892 1.24432e+06
3 0.523801 0.500933 1.78925 1.24436e+06
3 0.518373 0.497947 1.78282 1.24439e+06
3 0.511215 0.496893 1.77481 1.24442e+06
3 0.504548 0.495446 1.77123 1.24446e+06
3 0.499602 0.490036 1.76566 1.24449e+06
3 0.494848 0.486962 1.76251 1.24452e+06
3 0.490473 0.478845 1.75876 1.24456e+06
3 0.487285 0.472868 1.75719 1.24459e+06
3 0.486097 0.468171 1.75392 1.24462e+06
3 0.486889 0.460909 1.75076 1.24466e+06
3 0.48764 0.456078 1.74996 1.24469e+06
3 0.488853 0.452476 1.75004 1.24472e+06
3 0.491722 0.445796 1.74891 1.24476e+06
3 0.494882 0.439377 1.75219 1.24479e+06
3 0.496757 0.435515 1.74677 1.24482e+06
3 0.498848 0.431424 1.75048 1.24486e+06
3 0.502838 0.430047 1.74822 1.24489e+06
3 0.504796 0.426795 1.74927 1.24492e+06
3 0.506629 0.422847 1.75206 1.24496e+06
3 0.508209 0.421006 1.75473 1.24499e+06
3 0.509605 0.420726 1.76087 1.24503e+06
3 0.512731 0.418006 1.76124 1.24506e+06
3 0.516986 0.416574 1.76432 1.24509e+06
3 0.51932 0.41561 1.7664 1.24513e+06
3 0.52276 0.413986 1.77083 1.24516e+06
3 0.525762 0.413361 1.77156 1.24519e+06
3 0.52856 0.4129 1.774 1.24523e+06
3 0.531066 0.412353 1.77831 1.24526e+06
3 0.535058 0.411727 1.77996 1.24528e+06

4 0.826698 0.229319 1.9644 1.2474e+06
4 0.828396 0.227727 1.96784 1.24742e+06
4 0.83014 0.230622 1.9725 1.24746e+06
4 0.832078 0.230551 1.96351 1.2475e+06
4 0.833662 0.232881 1.96971 1.24752e+06
4 0.836819 0.235492 1.97347 1.24756e+06
4 0.8411 0.236143 1.97663 1.2476e+06
4 0.845182 0.237018 1.97942 1.24762e+06
4 0.847894 0.239955 1.97898 1.24767e+06
4 0.851602 0.242577 1.98027 1.24768e+06
4 0.857141 0.245982 1.98714 1.24773e+06
4 0.861684 0.252007 1.98753 1.24777e+06
4 0.863629 0.261124 1.98637 1.24778e+06
4 0.86554 0.267037 1.98881 1.24784e+06
4 0.870224 0.275522 1.99319 1.24785e+06
4 0.873167 0.282955 1.98912 1.24789e+06
4 0.876295 0.294173 1.98775 1.24792e+06
4 0.877049 0.302686 1.9828 1.24795e+06
4 0.878108 0.314718 1.98134 1.24799e+06
4 0.878742 0.323087 1.97991 1.24802e+06
4 0.882517 0.336728 1.97662 1.24806e+06
4 0.885708 0.350345 1.97134 1.24809e+06
4 0.885359 0.364026 1.96822 1.24812e+06
4 0.883118 0.375366 1.96296 1.24815e+06
4 0.881658 0.386042 1.95792 1.24819e+06
4 0.877134 0.395649 1.95034 1.24822e+06
4 0.872623 0.407288 1.94203 1.24826e+06
4 0.868678 0.414518 1.93369 1.24829e+06
4 0.865701 0.420939 1.92943 1.24832e+06
4 0.859152 0.428939 1.92472 1.24836e+06
4 0.852066 0.435235 1.90823 1.24839e+06
4 0.845823 0.437727 1.89219 1.24842e+06
4 0.839605 0.440676 1.88845 1.24846e+06
4 0.833511 0.442432 1.87704 1.24849e+06
4 0.82833 0.44071 1.86724 1.24852e+06
4 0.823094 0.437006 1.85374 1.24856e+06
4 0.817183 0.432867 1.84829 1.24859e+06
4 0.811609 0.429167 1.8381 1.24862e+06
4 0.806738 0.423344 1.82936 1.24866e+06
4 0.802727 0.418394 1.82369 1.24869e+06
4 0.797593 0.410663 1.81539 1.24873e+06
4 0.793653 0.403632 1.80932 1.24876e+06
4 0.788384 0.394208 1.80085 1.24879e+06
4 0.784225 0.387742 1.79288 1.24883e+06
4 0.781241 0.378423 1.78854 1.24886e+06
4 0.777603 0.370643 1.7827 1.24889e+06
4 0.77372 0.359923 1.77679 1.24893e+06
4 0.772636 0.346936 1.77775 1.24896e+06
4 0.771457 0.339255 1.77553 1.249e+06
4 0.770919 0.327883 1.77409 1.24903e+06
4 0.770301 0.318134 1.7746 1.24906e+06
4 0.770358 0.309523 1.77576 1.2491e+06
4 0.769208 0.304776 1.77639 1.24913e+06
4 0.771421 0.293888 1.77846 1.24916e+06
4 0.77305 0.286189 1.78184 1.2492e+06
4 0.775375 0.276421 1.78838 1.24923e+06
4 0.776772 0.270501 1.79124 1.24926e+06
4 0.779448 0.266529 1.79732 1.2493e+06
4 0.781656 0.264012 1.80439 1.24933e+06
4 0.782129 0.261918 1.81224 1.24936e+06
4 0.784145 0.256326 1.81627 1.2494e+06
4 0.787995 0.25313 1.81931 1.24943e+06
4 0.792003 0.248286 1.82518 1.24946e+06
4 0.794313 0.245248 1.82831 1.2495e+06
4 0.795882 0.243157 1.83196 1.24953e+06
4 0.796873 0.242016 1.83485 1.24957e+06
4 0.798934 0.241687 1.83943 1.2496e+06
4 0.802442 0.241424 1.84348 1.24964e+06
4 0.807341 0.240364 1.84917 1.24965e+06
4 0.810706 0.238861 1.85304 1.2497e+06
4 0.812671 0.237839 1.85773 1.24972e+06
4 0.814134 0.237461 1.8614 1.24975e+06
4 0.815078 0.237246 1.86379 1.24979e+06
4 0.816441 0.23607 1.87168 1.24982e+06
4 0.81804 0.23636 1.87511 1.24986e+06
4 0.825495 0.230595 1.88086 1.24989e+06
4 0.82822 0.237206 1.88349 1.24992e+06
4 0.830517 0.241518 1.89324 1.24995e+06
4 0.83198 0.243645 1.90014 1.24999e+06
4 0.833457 0.246141 1.90101 1.25002e+06
4 0.836927 0.247595 1.90097 1.25006e+06
4 0.83959 0.248153 1.90517 1.25009e+06
4 0.843508 0.247545 1.91053 1.25012e+06

5 0.662928 0.455215 1.92791 1.2566e+06
5 0.665025 0.454571 1.9292 1.25663e+06
5 0.667473 0.450476 1.92952 1.25666e+06
5 0.669434 0.447898 1.93234 1.2567e+06
5 0.671092 0.446937 1.93607 1.25673e+06
5 0.674593 0.447433 1.93877 1.25676e+06
5 0.678466 0.445085 1.94342 1.2568e+06
5 0.681074 0.444174 1.94756 1.25683e+06
5 0.686541 0.447054 1.95103 1.25686e+06
5 0.689716 0.450776 1.95709 1.2569e+06
5 0.692545 0.453223 1.95844 1.25693e+06
5 0.695005 0.456288 1.96049 1.25696e+06
5 0.700279 0.459572 1.96251 1.257e+06
5 0.70364 0.461595 1.96726 1.25703e+06
5 0.706796 0.468081 1.96839 1.25706e+06
5 0.709282 0.473452 1.97012 1.2571e+06
5 0.710225 0.480223 1.97345 1.25713e+06
5 0.710644 0.486376 1.975 1.25716e+06
5 0.711784 0.491723 1.97508 1.2572e+06
5 0.711772 0.500403 1.97592 1.25723e+06
5 0.712384 0.507744 1.97493 1.25727e+06
5 0.710733 0.512902 1.9753 1.2573e+06
5 0.710331 0.52151 1.97468 1.25733e+06
5 0.708352 0.527218 1.97642 1.25736e+06
5 0.704862 0.532366 1.97417 1.2574e+06
5 0.702292 0.54031 1.97587 1.25743e+06
5 0.699897 0.545105 1.97613 1.25746e+06
5 0.69807 0.556384 1.9744 1.2575e+06
5 0.692556 0.561472 1.97566 1.25753e+06
5 0.688869 0.567985 1.97501 1.25756e+06
5 0.686475 0.575251 1.97769 1.2576e+06
5 0.678686 0.579129 1.97258 1.25763e+06
5 0.673096 0.582545 1.96824 1.25768e+06
5 0.667943 0.58681 1.96445 1.25771e+06
5 0.661277 0.588468 1.961 1.25774e+06
5 0.655495 0.589169 1.95712 1.25778e+06
5 0.649404 0.589326 1.95065 1.25781e+06
5 0.644648 0.587229 1.94386 1.25783e+06
5 0.640593 0.586046 1.93765 1.25788e+06
5 0.638796 0.586053 1.93336 1.25791e+06
5 0.636324 0.582137 1.92715 1.25794e+06
5 0.632669 0.578204 1.9274 1.25798e+06
5 0.629784 0.573779 1.92328 1.25801e+06
5 0.627482 0.568582 1.91892 1.25804e+06
5 0.625689 0.561407 1.91779 1.25808e+06
5 0.624682 0.556699 1.91403 1.25811e+06
5 0.624103 0.550824 1.91318 1.25814e+06
5 0.623348 0.544215 1.9113 1.25817e+06
5 0.623785 0.538175 1.90921 1.25821e+06
5 0.623077 0.529162 1.9048 1.25824e+06
5 0.62385 0.521922 1.90683 1.25827e+06
5 0.623462 0.517404 1.90741 1.2583e+06
5 0.62318 0.508659 1.90423 1.25834e+06
5 0.623299 0.502802 1.90239 1.25837e+06
5 0.623591 0.496317 1.90376 1.2584e+06
5 0.624386 0.488317 1.90364 1.25844e+06
5 0.625063 0.482707 1.90552 1.25847e+06
5 0.627515 0.47918 1.90764 1.2585e+06
5 0.629752 0.471351 1.90417 1.25854e+06
5 0.633106 0.465027 1.89934 1.25857e+06
5 0.634384 0.459864 1.89839 1.2586e+06
5 0.63447 0.453925 1.89605 1.25864e+06
5 0.635583 0.448822 1.90053 1.25867e+06
5 0.636136 0.445269 1.89959 1.2587e+06
5 0.639155 0.443364 1.89902 1.25874e+06
5 0.641841 0.442177 1.90153 1.25877e+06
5 0.645734 0.440721 1.90182 1.2588e+06
5 0.64826 0.440572 1.90358 1.25884e+06
5 0.649795 0.440951 1.90745 1.25887e+06
5 0.650854 0.441334 1.90991 1.2589e+06
5 0.653111 0.442311 1.91296 1.25894e+06
5 0.654634 0.442344 1.91527 1.25897e+06
5 0.655149 0.442616 1.91085 1.259e+06
5 0.656458 0.442383 1.91123 1.25904e+06
5 0.657425 0.442493 1.91241 1.25907e+06
5 0.658327 0.441856 1.91138 1.2591e+06
5 0.659649 0.442853 1.91175 1.25914e+06
5 0.661312 0.445348 1.91053 1.25917e+06
5 0.662108 0.445748 1.91228 1.2592e+06
5 0.664179 0.443992 1.91378 1.25924e+06
5 0.66585 0.443697 1.9202 1.25927e+06
5 0.666432 0.443851 1.92403 1.2593e+06
5 0.666913 0.445438 1.91682 1.25934e+06
5 0.667473 0.444731 1.91811 1.25937e+06
5 0.66775 0.445608 1.91746 1.2594e+06
5 0.667901 0.446154 1.91943 1.25944e+06
5 0.667573 0.446818 1.91867 1.25947e+06
5 0.667774 0.447125 1.91985 1.25950e+06
5 0.667479 0.447736 1.91903 1.25954e+06

6 0.31239 0.399179 1.77578 1.26364e+06
6 0.315072 0.397648 1.77568 1.26368e+06
6 0.319177 0.39301 1.77921 1.26371e+06
6 0.323126 0.389839 1.78366 1.26374e+06
6 0.328486 0.385783 1.78198 1.26378e+06
6 0.331924 0.383074 1.78267 1.26381e+06
6 0.338771 0.382703 1.78518 1.26385e+06
6 0.343842 0.383056 1.78851 1.26388e+06
6 0.35058 0.381547 1.79022 1.26391e+06
6 0.356056 0.382282 1.79454 1.26394e+06
6 0.36395 0.38265 1.7907 1.26398e+06
6 0.371225 0.385676 1.78804 1.26401e+06
6 0.37425 0.389368 1.79761 1.26404e+06
6 0.37791 0.393545 1.80211 1.26408e+06
6 0.384729 0.397316 1.8038 1.26411e+06
6 0.38822 0.403386 1.80763 1.26414e+06
6 0.390581 0.408824 1.81261 1.26418e+06
6 0.393637 0.41764 1.81759 1.26421e+06
6 0.398139 0.423851 1.81806 1.26424e+06
6 0.400637 0.429179 1.81737 1.26428e+06
6 0.402485 0.436271 1.81808 1.26431e+06
6 0.404936 0.442452 1.82057 1.26434e+06
6 0.405903 0.449428 1.82232 1.26438e+06
6 0.407846 0.455596 1.82107 1.26441e+06
6 0.408351 0.466423 1.82327 1.26444e+06
6 0.408437 0.474088 1.82544 1.26448e+06
6 0.408833 0.480892 1.82333 1.26451e+06
6 0.406999 0.488156 1.82376 1.26454e+06
6 0.405265 0.498938 1.82064 1.26458e+06
6 0.40349 0.508187 1.82092 1.26461e+06
6 0.400245 0.518027 1.82127 1.26465e+06
6 0.396538 0.525152 1.82273 1.26468e+06
6 0.390815 0.534723 1.82082 1.26471e+06
6 0.385321 0.541374 1.82208 1.26475e+06
6 0.378798 0.551593 1.8169 1.26478e+06
6 0.371237 0.557927 1.81697 1.26481e+06
6 0.36342 0.565196 1.81108 1.26484e+06
6 0.354973 0.571398 1.80712 1.26488e+06
6 0.346093 0.574598 1.80488 1.26491e+06
6 0.337274 0.577119 1.80203 1.26495e+06
6 0.329431 0.578182 1.80022 1.26498e+06
6 0.321508 0.579863 1.79783 1.26501e+06
6 0.31365 0.579503 1.79182 1.26504e+06
6 0.306423 0.578038 1.78303 1.26508e+06
6 0.302002 0.574757 1.78043 1.26511e+06
6 0.296113 0.572935 1.77325 1.26514e+06
6 0.291565 0.568441 1.77504 1.26518e+06
6 0.285983 0.565658 1.77226 1.26521e+06
6 0.281614 0.561407 1.76642 1.26525e+06
6 0.279296 0.554669 1.7687 1.26528e+06
6 0.275348 0.549717 1.76389 1.26532e+06
6 0.273194 0.542127 1.75959 1.26535e+06
6 0.27161 0.53617 1.75698 1.26538e+06
6 0.271026 0.531299 1.75487 1.26542e+06
6 0.270496 0.523112 1.75686 1.26545e+06
6 0.273217 0.516924 1.75858 1.26548e+06
6 0.272774 0.508549 1.75469 1.26552e+06
6 0.275019 0.502196 1.75243 1.26554e+06
6 0.275972 0.493735 1.74612 1.26558e+06
6 0.277847 0.48626 1.74478 1.2656e+06
6 0.279204 0.478663 1.74278 1.26565e+06
6 0.280884 0.470483 1.73993 1.26567e+06
6 0.2813 0.465126 1.73788 1.26570e+06
6 0.283446 0.457072 1.73256 1.26575e+06
6 0.286696 0.451745 1.73558 1.26577e+06
6 0.290298 0.444831 1.73711 1.2658e+06
6 0.291448 0.439104 1.73763 1.26585e+06
6 0.29314 0.433882 1.73607 1.26587e+06
6 0.297131 0.426263 1.73264 1.2659e+06
6 0.300241 0.421245 1.72867 1.26595e+06
6 0.30248 0.416932 1.73114 1.26597e+06
6 0.305286 0.4141 1.73 1.266e+06
6 0.307147 0.408546 1.72986 1.26604e+06
6 0.309697 0.404601 1.7317 1.26607e+06
6 0.312515 0.401837 1.73058 1.2661e+06
6 0.314463 0.400219 1.7312 1.26614e+06
6 0.316326 0.39876 1.72936 1.26617e+06
6 0.317359 0.396774 1.72626 1.26620e+06
6 0.319618 0.397093 1.7314 1.26624e+06

7 0.492876 0.568016 2.22848 1.26979e+06
7 0.496294 0.569959 2.22836 1.26982e+06
7 0.4996 0.572867 2.2367 1.26985e+06
7 0.50314 0.574922 2.23779 1.26989e+06
7 0.506737 0.573733 2.23583 1.26992e+06
7 0.510434 0.573387 2.23805 1.26995e+06
7 0.513447 0.574036 2.23629 1.26999e+06
7 0.517633 0.572828 2.23675 1.27002e+06
7 0.525343 0.569986 2.23465 1.27006e+06
7 0.531092 0.5752 2.23564 1.27009e+06
7 0.536175 0.575662 2.23741 1.27011e+06
7 0.539363 0.575401 2.23826 1.27016e+06
7 0.545976 0.579547 2.23859 1.27019e+06
7 0.551862 0.585504 2.24502 1.27022e+06
7 0.557038 0.59246 2.25491 1.27026e+06
7 0.563215 0.599606 2.25451 1.27029e+06
7 0.568143 0.606816 2.25492 1.27032e+06
7 0.571503 0.611366 2.25546 1.27035e+06
7 0.577128 0.618908 2.2649 1.27039e+06
7 0.581944 0.626925 2.26741 1.27042e+06
7 0.584502 0.633406 2.27692 1.27046e+06
7 0.585689 0.638461 2.27214 1.27049e+06
7 0.586773 0.649521 2.27404 1.27052e+06
7 0.587441 0.662686 2.2832 1.27056e+06
7 0.58809 0.671282 2.28344 1.27059e+06
7 0.590981 0.682049 2.27634 1.27062e+06
7 0.589564 0.691966 2.27554 1.27066e+06
7 0.591163 0.70926 2.27536 1.27069e+06
7 0.589516 0.715537 2.2724 1.27072e+06
7 0.588663 0.727417 2.2734 1.27076e+06
7 0.587221 0.736026 2.27405 1.27079e+06
7 0.585286 0.746205 2.27828 1.27082e+06
7 0.58188 0.754985 2.27705 1.27085e+06
7 0.57581 0.764914 2.27694 1.27089e+06
7 0.572931 0.775813 2.26927 1.27092e+06
7 0.571453 0.783268 2.26072 1.27096e+06
7 0.564643 0.794923 2.25438 1.27099e+06
7 0.558096 0.804009 2.25761 1.27102e+06
7 0.553213 0.815764 2.25526 1.27106e+06
7 0.54673 0.822123 2.25895 1.27107e+06
7 0.535924 0.831562 2.25015 1.27112e+06
7 0.526555 0.838789 2.24923 1.27114e+06
7 0.518044 0.843488 2.24797 1.27118e+06
7 0.511173 0.849661 2.2445 1.27123e+06
7 0.50202 0.856319 2.24528 1.27124e+06
7 0.492647 0.860278 2.24573 1.27128e+06
7 0.4836 0.862371 2.2427 1.27131e+06
7 0.472699 0.862871 2.23954 1.27134e+06
7 0.463678 0.859881 2.231 1.27138e+06
7 0.452317 0.855683 2.22833 1.27141e+06
7 0.445402 0.849373 2.2192 1.27144e+06
7 0.435856 0.841849 2.2032 1.27148e+06
7 0.429001 0.835182 2.19459 1.27153e+06
7 0.423367 0.824211 2.1841 1.27154e+06
7 0.419991 0.809357 2.18014 1.2716e+06
7 0.415513 0.798355 2.17474 1.27161e+06
7 0.412872 0.785258 2.16827 1.27164e+06
7 0.41098 0.769576 2.16729 1.27168e+06
7 0.409327 0.754603 2.16221 1.27171e+06
7 0.407858 0.739085 2.1563 1.27174e+06
7 0.406991 0.72625 2.14881 1.27179e+06
7 0.407015 0.710897 2.14263 1.27181e+06
7 0.409531 0.695539 2.14059 1.27184e+06
7 0.414226 0.681663 2.14321 1.27188e+06
7 0.415872 0.669534 2.13415 1.27191e+06
7 0.418041 0.656604 2.13758 1.27195e+06
7 0.42174 0.646163 2.14541 1.27198e+06
7 0.42741 0.634885 2.14724 1.27201e+06
7 0.430256 0.621821 2.14616 1.27205e+06
7 0.433097 0.612103 2.14135 1.27208e+06
7 0.43752 0.60135 2.14182 1.27212e+06
7 0.440468 0.594378 2.14528 1.27215e+06
7 0.446706 0.58396 2.1482 1.27218e+06
7 0.450346 0.577642 2.1474 1.27222e+06
7 0.45486 0.576004 2.15498 1.27225e+06
7 0.464174 0.57448 2.1512 1.27228e+06
7 0.463775 0.568942 2.1496 1.27232e+06
7 0.464645 0.564638 2.15035 1.27235e+06
7 0.47018 0.56046 2.16617 1.27239e+06
7 0.473935 0.55854 2.1733 1.27242e+06
7 0.477682 0.559344 2.17711 1.27245e+06
7 0.480214 0.565111 2.18438 1.27249e+06
7 0.485012 0.563746 2.18508 1.27252e+06
7 0.490276 0.5654 2.18338 1.27256e+06
7 0.492902 0.567074 2.17999 1.27259e+06
7 0.498924 0.564781 2.1745 1.27262e+06
7 0.502344 0.569323 2.1722 1.27266e+06
7 0.504782 0.569833 2.1747 1.27269e+06
7 0.507105 0.570296 2.18224 1.27272e+06
7 0.508566 0.570477 2.18324 1.27276e+06

8 0.762512 0.534905 2.01522 1.27736e+06
8 0.764073 0.53391 2.01881 1.27739e+06
8 0.766016 0.532314 2.02204 1.27742e+06
8 0.768945 0.53052 2.02515 1.27746e+06
8 0.768516 0.531037 2.02921 1.27749e+06
8 0.770153 0.534604 2.0389 1.27753e+06
8 0.771569 0.533792 2.03439 1.27756e+06
8 0.773896 0.531817 2.03443 1.2776e+06
8 0.777402 0.531844 2.03931 1.27763e+06
8 0.782032 0.531672 2.03958 1.27766e+06
8 0.784097 0.530878 2.0415 1.2777e+06
8 0.787513 0.531647 2.04145 1.27773e+06
8 0.79185 0.531139 2.04912 1.27776e+06
8 0.79529 0.53686 2.0553 1.2778e+06
8 0.798347 0.538588 2.05276 1.27783e+06
8 0.799973 0.544541 2.06151 1.27787e+06
8 0.801789 0.545996 2.06136 1.27788e+06
8 0.803304 0.548376 2.05791 1.27793e+06
8 0.805002 0.552676 2.06362 1.27795e+06
8 0.805049 0.556096 2.0671 1.27799e+06
8 0.805241 0.559413 2.06907 1.27802e+06
8 0.801679 0.565156 2.07619 1.27805e+06
8 0.799926 0.56948 2.07277 1.27808e+06
8 0.797383 0.575336 2.07299 1.27812e+06
8 0.795351 0.581061 2.07154 1.27815e+06
8 0.793252 0.584681 2.07344 1.27819e+06
8 0.787488 0.587463 2.06945 1.27824e+06
8 0.784467 0.588899 2.06376 1.27825e+06
8 0.780605 0.587925 2.06627 1.27828e+06
8 0.777802 0.587507 2.06272 1.27834e+06
8 0.776176 0.586012 2.05142 1.27835e+06
8 0.771896 0.58671 2.05605 1.27838e+06
8 0.767534 0.585471 2.05577 1.27842e+06
8 0.763891 0.582087 2.04941 1.27845e+06
8 0.76212 0.576283 2.04187 1.27848e+06
8 0.759134 0.573571 2.03747 1.27852e+06
8 0.75553 0.572292 2.03561 1.27855e+06
8 0.753405 0.569217 2.03658 1.27859e+06
8 0.751217 0.560983 2.02955 1.27862e+06
8 0.748793 0.556915 2.02884 1.27865e+06
8 0.749046 0.555372 2.02988 1.27869e+06
8 0.748824 0.552769 2.02922 1.27872e+06
8 0.748365 0.549933 2.02454 1.27875e+06
8 0.749385 0.54333 2.02562 1.27879e+06
8 0.749437 0.538533 2.02082 1.27882e+06
8 0.752481 0.537688 2.0244 1.27886e+06
8 0.754692 0.535476 2.0266 1.27889e+06
8 0.756857 0.533727 2.03066 1.27892e+06
8 0.758405 0.532051 2.02866 1.27896e+06
8 0.758555 0.531326 2.02561 1.27899e+06
8 0.758736 0.530424 2.02201 1.27902e+06
8 0.759246 0.528784 2.0223 1.27906e+06
8 0.763272 0.530216 2.02729 1.27909e+06
8 0.764456 0.531668 2.02909 1.27912e+06
8 0.766234 0.531692 2.02973 1.27916e+06
8 0.769117 0.53022 2.02213 1.27919e+06
8 0.771004 0.529797 2.02374 1.27922e+06

9 0.717468 0.625465 2.17151 1.28243e+06
9 0.718208 0.623857 2.16947 1.28246e+06
9 0.720703 0.626 2.1675 1.28249e+06
9 0.725042 0.630044 2.17697 1.28253e+06
9 0.728947 0.628138 2.18067 1.28256e+06
9 0.732779 0.628847 2.1796 1.28259e+06
9 0.735319 0.629711 2.18075 1.28263e+06
9 0.737469 0.631316 2.18237 1.28266e+06
9 0.744086 0.630811 2.18115 1.28269e+06
9 0.749214 0.630256 2.18495 1.28273e+06
9 0.752337 0.634951 2.18605 1.28276e+06
9 0.754474 0.636939 2.18456 1.2828e+06
9 0.761491 0.644818 2.19545 1.28283e+06
9 0.764759 0.648543 2.1985 1.28286e+06
9 0.767555 0.654072 2.20686 1.2829e+06
9 0.77041 0.659277 2.20923 1.28293e+06
9 0.774267 0.665582 2.20884 1.28296e+06
9 0.77764 0.673836 2.21386 1.283e+06
9 0.781666 0.682977 2.22029 1.28303e+06
9 0.782912 0.690269 2.22062 1.28306e+06
9 0.785172 0.702732 2.23115 1.2831e+06
9 0.785462 0.713241 2.23484 1.28313e+06
9 0.784205 0.721661 2.23654 1.28316e+06
9 0.783498 0.735055 2.23536 1.2832e+06
9 0.785558 0.748227 2.23889 1.28323e+06
9 0.780711 0.759721 2.23796 1.28327e+06
9 0.777613 0.771472 2.23947 1.2833e+06
9 0.775798 0.787272 2.24506 1.28333e+06
9 0.771157 0.803069 2.25355 1.28337e+06
9 0.768737 0.816624 2.24947 1.2834e+06
9 0.763433 0.831901 2.24649 1.28344e+06
9 0.758294 0.845803 2.24816 1.28347e+06
9 0.751712 0.858052 2.25583 1.2835e+06
9 0.746912 0.872852 2.26187 1.28354e+06
9 0.738738 0.886684 2.26812 1.28357e+06
9 0.73099 0.897766 2.25884 1.2836e+06
9 0.719869 0.90924 2.2414 1.28364e+06
9 0.714364 0.918897 2.23913 1.28367e+06
9 0.705852 0.923783 2.23654 1.2837e+06
9 0.694207 0.931052 2.22522 1.28374e+06
9 0.686807 0.935297 2.22079 1.28377e+06
9 0.681572 0.938737 2.21726 1.2838e+06
9 0.672932 0.937528 2.21432 1.28384e+06
9 0.664997 0.935204 2.19357 1.28387e+06
9 0.656014 0.933257 2.18487 1.2839e+06
9 0.649341 0.923195 2.17478 1.28394e+06
9 0.645044 0.917545 2.17215 1.28397e+06
9 0.637775 0.909486 2.16632 1.28401e+06
9 0.631465 0.898488 2.15198 1.28402e+06
9 0.628101 0.884893 2.15006 1.28407e+06
9 0.624691 0.869471 2.13731 1.28409e+06
9 0.622041 0.854712 2.12582 1.28412e+06
9 0.617193 0.84432 2.11873 1.28418e+06
9 0.613383 0.828644 2.10979 1.28419e+06
9 0.612548 0.813637 2.10675 1.28422e+06
9 0.612218 0.796339 2.10125 1.28426e+06
9 0.611022 0.78035 2.09748 1.28429e+06
9 0.609975 0.765415 2.09298 1.28432e+06
9 0.611035 0.748067 2.08484 1.28436e+06
9 0.610822 0.735207 2.08416 1.28439e+06
9 0.611121 0.72289 2.08154 1.28443e+06
9 0.611708 0.707295 2.08136 1.28446e+06
9 0.611305 0.696366 2.08169 1.2845e+06
9 0.616044 0.681045 2.08499 1.28453e+06
9 0.618517 0.669402 2.08827 1.28456e+06
9 0.621587 0.659593 2.08695 1.28459e+06
9 0.625372 0.654934 2.09147 1.28463e+06
9 0.630816 0.649248 2.08948 1.28466e+06
9 0.635295 0.640946 2.09226 1.2847e+06
9 0.640779 0.636639 2.0943 1.28473e+06
9 0.64508 0.631354 2.09323 1.28476e+06
9 0.649114 0.62881 2.09919 1.2848e+06
9 0.651477 0.62383 2.10303 1.28483e+06
9 0.658087 0.618678 2.11274 1.28486e+06
9 0.662347 0.614526 2.1166 1.2849e+06
9 0.666382 0.612788 2.11866 1.28493e+06
9 0.672706 0.613898 2.12483 1.28496e+06
9 0.677663 0.611856 2.13375 1.285e+06
9 0.6814 0.611164 2.13666 1.28503e+06
9 0.688124 0.612059 2.13875 1.28507e+06
9 0.693389 0.607149 2.14647 1.2851e+06
9 0.697605 0.602996 2.1501 1.28513e+06
9 0.702077 0.603374 2.15976 1.28517e+06
9 0.707403 0.60332 2.16711 1.2852e+06
9 0.712171 0.604321 2.16793 1.28524e+06
9 0.714971 0.60398 2.16474 1.28527e+06
9 0.718484 0.606049 2.16578 1.2853e+06
9 0.723898 0.606064 2.16595 1.28534e+06
9 0.728803 0.60877 2.17623 1.28537e+06
9 0.731464 0.611002 2.17387 1.2854e+06
9 0.734273 0.614039 2.18062 1.28544e+06
9 0.738837 0.61674 2.18198 1.28547e+06
9 0.740327 0.618628 2.1918 1.2855e+06
9 0.745594 0.62009 2.18981 1.28554e+06
9 0.748998 0.62485 2.19066 1.28557e+06
9 0.750566 0.62704 2.18399 1.2856e+06
9 0.752821 0.629766 2.18848 1.28564e+06
9 0.752269 0.628559 2.19464 1.28567e+06

