
---START: 2014-01-19-17-40-15-293---
/joint head 1 0.416267 0.211166 2.00115 1.14945e+06
/joint neck 1 0.425882 0.338226 1.9602 1.14945e+06
/joint l_shoulder 1 0.50206 0.330459 1.96935 1.14945e+06
/joint l_elbow 1 0.544166 0.514937 1.91775 1.14945e+06
/joint l_hand 1 0.561323 0.682405 1.79192 1.14945e+06
/joint r_shoulder 1 0.349703 0.345992 1.95104 1.14945e+06
/joint r_elbow 1 0.322614 0.539225 1.9097 1.14945e+06
/joint r_hand 1 0.312756 0.706017 1.82649 1.14945e+06
/joint torso 1 0.434662 0.469743 1.91894 1.14945e+06
/joint l_hip 1 0.489942 0.59652 1.88328 1.14945e+06
/joint l_knee 1 0.514681 0.861257 1.82321 1.14945e+06
/joint r_hip 1 0.396941 0.606001 1.87211 1.14945e+06
/joint r_knee 1 0.41064 0.874608 1.84639 1.14945e+06
/joint head 1 0.419898 0.213915 2.00782 1.14948e+06
/joint neck 1 0.428971 0.340874 1.96775 1.14948e+06
/joint l_shoulder 1 0.505204 0.333666 1.97605 1.14948e+06
/joint l_elbow 1 0.546567 0.514286 1.92713 1.14948e+06
/joint l_hand 1 0.562337 0.681964 1.79823 1.14948e+06
/joint r_shoulder 1 0.352738 0.348081 1.95945 1.14948e+06
/joint r_elbow 1 0.32465 0.539862 1.91664 1.14948e+06
/joint r_hand 1 0.318122 0.70652 1.83224 1.14948e+06
/joint torso 1 0.437089 0.472496 1.92669 1.14948e+06
/joint l_hip 1 0.491121 0.599778 1.89062 1.14948e+06
/joint l_knee 1 0.516007 0.864887 1.83462 1.14948e+06
/joint r_hip 1 0.399291 0.60846 1.88062 1.14948e+06
/joint r_knee 1 0.406168 0.875197 1.82945 1.14948e+06
/joint r_foot 1 0.406196 1.13225 1.79261 1.14948e+06
/joint head 1 0.423132 0.21443 2.02496 1.14952e+06
/joint neck 1 0.431538 0.340551 1.9802 1.14952e+06
/joint l_shoulder 1 0.507834 0.334084 1.98739 1.14952e+06
/joint l_elbow 1 0.549266 0.5142 1.93549 1.14952e+06
/joint l_hand 1 0.562887 0.682035 1.80306 1.14952e+06
/joint r_shoulder 1 0.355243 0.347018 1.97302 1.14952e+06
/joint r_elbow 1 0.327565 0.539455 1.91971 1.14952e+06
/joint r_hand 1 0.323856 0.706168 1.83331 1.14952e+06
/joint torso 1 0.438845 0.471692 1.9354 1.14952e+06
/joint l_hip 1 0.492396 0.598913 1.89495 1.14952e+06
/joint l_knee 1 0.51624 0.864628 1.84382 1.14952e+06
/joint r_hip 1 0.399909 0.606752 1.88624 1.14952e+06
/joint r_knee 1 0.410227 0.874644 1.84324 1.14952e+06
/joint head 1 0.427861 0.215395 2.04094 1.14955e+06
/joint neck 1 0.435097 0.341306 1.99173 1.14955e+06
/joint l_shoulder 1 0.511464 0.335938 1.99763 1.14955e+06
/joint l_elbow 1 0.553746 0.516765 1.94826 1.14955e+06
/joint l_hand 1 0.564322 0.682471 1.80693 1.14955e+06
/joint r_shoulder 1 0.358731 0.346675 1.98583 1.14955e+06
/joint r_elbow 1 0.331959 0.540548 1.92592 1.14955e+06
/joint r_hand 1 0.329776 0.707446 1.84086 1.14955e+06
/joint torso 1 0.441194 0.472044 1.94373 1.14955e+06
/joint l_hip 1 0.493383 0.599541 1.8993 1.14955e+06
/joint l_knee 1 0.516708 0.866487 1.86412 1.14955e+06
/joint r_hip 1 0.401197 0.606022 1.89218 1.14955e+06
/joint r_knee 1 0.406194 0.872068 1.83146 1.14955e+06
/joint r_foot 1 0.406052 1.12841 1.78451 1.14955e+06
/joint head 1 0.433516 0.217086 2.04926 1.14958e+06
/joint neck 1 0.44025 0.343205 2.00055 1.14958e+06
/joint l_shoulder 1 0.516592 0.338569 2.00859 1.14958e+06
/joint l_elbow 1 0.55598 0.519076 1.95892 1.14958e+06
/joint l_hand 1 0.564199 0.683209 1.81295 1.14958e+06
/joint r_shoulder 1 0.363909 0.347842 1.99252 1.14958e+06
/joint r_elbow 1 0.335909 0.540304 1.93008 1.14958e+06
/joint r_hand 1 0.338018 0.707946 1.84769 1.14958e+06
/joint torso 1 0.445968 0.474097 1.95319 1.14958e+06
/joint l_hip 1 0.496125 0.602289 1.91051 1.14958e+06
/joint l_knee 1 0.519886 0.870081 1.8988 1.14958e+06
/joint r_hip 1 0.407246 0.607687 1.90116 1.14958e+06
/joint r_knee 1 0.40649 0.872645 1.82921 1.14958e+06
/joint r_foot 1 0.403291 1.12768 1.76575 1.14958e+06
/joint head 1 0.439096 0.220456 2.05375 1.14962e+06
/joint neck 1 0.445233 0.346779 2.00778 1.14962e+06
/joint l_shoulder 1 0.52159 0.342522 2.01593 1.14962e+06
/joint l_elbow 1 0.559841 0.522821 1.97156 1.14962e+06
/joint l_hand 1 0.567945 0.685961 1.82126 1.14962e+06
/joint r_shoulder 1 0.368876 0.351037 1.99962 1.14962e+06
/joint r_elbow 1 0.338937 0.53621 1.94178 1.14962e+06
/joint r_hand 1 0.342641 0.702996 1.85515 1.14962e+06
/joint torso 1 0.450555 0.478053 1.96265 1.14962e+06
/joint l_hip 1 0.500431 0.606842 1.92228 1.14962e+06
/joint l_knee 1 0.520851 0.875221 1.91781 1.14962e+06
/joint r_hip 1 0.411323 0.611811 1.91276 1.14962e+06
/joint r_knee 1 0.406576 0.875519 1.83082 1.14962e+06
/joint r_foot 1 0.400774 1.12922 1.75488 1.14962e+06
/joint head 1 0.445529 0.221843 2.06234 1.14965e+06
/joint neck 1 0.450636 0.34758 2.0171 1.14965e+06
/joint l_shoulder 1 0.527053 0.344001 2.0234 1.14965e+06
/joint l_elbow 1 0.564602 0.520662 1.98453 1.14965e+06
/joint l_hand 1 0.572064 0.686051 1.83883 1.14965e+06
/joint r_shoulder 1 0.374219 0.351159 2.0108 1.14965e+06
/joint r_elbow 1 0.345342 0.537337 1.94874 1.14965e+06
/joint r_hand 1 0.349254 0.704537 1.86349 1.14965e+06
/joint torso 1 0.455021 0.478969 1.9723 1.14965e+06
/joint l_hip 1 0.50423 0.608259 1.93119 1.14965e+06
/joint l_knee 1 0.523075 0.876818 1.93823 1.14965e+06
/joint r_hip 1 0.414581 0.612458 1.9238 1.14965e+06
/joint r_knee 1 0.407704 0.875353 1.83571 1.14965e+06
/joint r_foot 1 0.400474 1.1282 1.75244 1.14965e+06
/joint head 1 0.452707 0.223888 2.06694 1.14969e+06
/joint neck 1 0.456995 0.350412 2.02437 1.14969e+06
/joint l_shoulder 1 0.533451 0.34778 2.02983 1.14969e+06
/joint l_elbow 1 0.569442 0.52441 1.99961 1.14969e+06
/joint l_hand 1 0.573723 0.688923 1.84861 1.14969e+06
/joint r_shoulder 1 0.380539 0.353044 2.01892 1.14969e+06
/joint r_elbow 1 0.350913 0.534523 1.96087 1.14969e+06
/joint r_hand 1 0.353817 0.701663 1.87497 1.14969e+06
/joint torso 1 0.46031 0.482131 1.98145 1.14969e+06
/joint l_hip 1 0.508194 0.612315 1.94171 1.14969e+06
/joint l_knee 1 0.524287 0.880943 1.96044 1.14969e+06
/joint r_hip 1 0.419057 0.615383 1.93535 1.14969e+06
/joint r_knee 1 0.410486 0.87741 1.84164 1.14969e+06
/joint r_foot 1 0.401936 1.12939 1.75224 1.14969e+06
/joint head 1 0.45934 0.223239 2.07664 1.14972e+06
/joint neck 1 0.463058 0.349632 2.03487 1.14972e+06
/joint l_shoulder 1 0.539529 0.347748 2.04036 1.14972e+06
/joint l_elbow 1 0.572459 0.529946 2.01066 1.14972e+06
/joint l_hand 1 0.575878 0.695885 1.85723 1.14972e+06
/joint r_shoulder 1 0.386587 0.351515 2.02938 1.14972e+06
/joint r_elbow 1 0.358528 0.537763 1.96968 1.14972e+06
/joint r_hand 1 0.357546 0.706224 1.89011 1.14972e+06
/joint torso 1 0.465632 0.481575 1.99329 1.14972e+06
/joint l_hip 1 0.512554 0.612427 1.9549 1.14972e+06
/joint l_knee 1 0.523543 0.881149 1.98299 1.14972e+06
/joint r_hip 1 0.423856 0.614611 1.94853 1.14972e+06
/joint r_knee 1 0.413498 0.875409 1.84791 1.14972e+06
/joint r_foot 1 0.403383 1.12619 1.75152 1.14972e+06
/joint head 1 0.467095 0.222457 2.08978 1.14975e+06
/joint neck 1 0.47004 0.349034 2.04681 1.14975e+06
/joint l_shoulder 1 0.546496 0.348134 2.05345 1.14975e+06
/joint l_elbow 1 0.579815 0.535065 2.02256 1.14975e+06
/joint l_hand 1 0.579101 0.700961 1.86739 1.14975e+06
/joint r_shoulder 1 0.393584 0.349934 2.04017 1.14975e+06
/joint r_elbow 1 0.36593 0.533855 1.98273 1.14975e+06
/joint r_hand 1 0.365143 0.703343 1.90796 1.14975e+06
/joint torso 1 0.471819 0.48098 2.00505 1.14975e+06
/joint l_hip 1 0.51752 0.612409 1.96711 1.14975e+06
/joint l_knee 1 0.523825 0.881119 2.0007 1.14975e+06
/joint r_hip 1 0.429679 0.613443 1.95948 1.14975e+06
/joint r_knee 1 0.41706 0.873205 1.85383 1.14975e+06
/joint r_foot 1 0.404849 1.12298 1.75242 1.14975e+06
/joint head 1 0.47464 0.224468 2.0955 1.14979e+06
/joint neck 1 0.477189 0.351948 2.05423 1.14979e+06
/joint l_shoulder 1 0.55363 0.351397 2.06173 1.14979e+06
/joint l_elbow 1 0.584634 0.539151 2.03232 1.14979e+06
/joint l_hand 1 0.582492 0.707277 1.88518 1.14979e+06
/joint r_shoulder 1 0.400748 0.3525 2.04673 1.14979e+06
/joint r_elbow 1 0.372294 0.53412 1.99398 1.14979e+06
/joint r_hand 1 0.372643 0.704374 1.92305 1.14979e+06
/joint torso 1 0.478673 0.484317 2.01564 1.14979e+06
/joint l_hip 1 0.523531 0.616373 1.9813 1.14979e+06
/joint l_knee 1 0.526268 0.884739 2.02221 1.14979e+06
/joint r_hip 1 0.436781 0.616999 1.97278 1.14979e+06
/joint r_knee 1 0.420053 0.874842 1.85945 1.14979e+06
/joint r_foot 1 0.40393 1.12277 1.75057 1.14979e+06
/joint head 1 0.481335 0.224155 2.10699 1.14982e+06
/joint neck 1 0.483168 0.351308 2.06482 1.14982e+06
/joint l_shoulder 1 0.559568 0.351611 2.07375 1.14982e+06
/joint l_elbow 1 0.589019 0.542785 2.04316 1.14982e+06
/joint l_hand 1 0.5863 0.712186 1.89896 1.14982e+06
/joint r_shoulder 1 0.406767 0.351006 2.0559 1.14982e+06
/joint r_elbow 1 0.377749 0.533799 2.0054 1.14982e+06
/joint r_hand 1 0.379183 0.704869 1.93905 1.14982e+06
/joint torso 1 0.483996 0.483709 2.02633 1.14982e+06
/joint l_hip 1 0.529031 0.616285 1.99299 1.14982e+06
/joint l_knee 1 0.526845 0.884205 2.04013 1.14982e+06
/joint r_hip 1 0.440619 0.615935 1.98267 1.14982e+06
/joint r_knee 1 0.422662 0.873389 1.86771 1.14982e+06
/joint r_foot 1 0.405377 1.12094 1.75722 1.14982e+06
/joint head 1 0.488203 0.225254 2.11154 1.14985e+06
/joint neck 1 0.488748 0.353043 2.07189 1.14985e+06
/joint l_shoulder 1 0.565105 0.353933 2.08214 1.14985e+06
/joint l_elbow 1 0.596856 0.546665 2.05435 1.14985e+06
/joint l_hand 1 0.590019 0.717315 1.91408 1.14985e+06
/joint r_shoulder 1 0.412391 0.352152 2.06165 1.14985e+06
/joint r_elbow 1 0.384652 0.534863 2.0143 1.14985e+06
/joint r_hand 1 0.382019 0.70615 1.94968 1.14985e+06
/joint torso 1 0.489082 0.485762 2.03596 1.14985e+06
/joint l_hip 1 0.533626 0.618996 2.00596 1.14985e+06
/joint l_knee 1 0.528041 0.886777 2.05375 1.14985e+06
/joint r_hip 1 0.445207 0.617965 1.9941 1.14985e+06
/joint r_knee 1 0.425678 0.874626 1.87607 1.14985e+06
/joint r_foot 1 0.406892 1.12142 1.7626 1.14985e+06
/joint head 1 0.49377 0.226476 2.11384 1.14989e+06
/joint neck 1 0.494364 0.354306 2.07889 1.14989e+06
/joint l_shoulder 1 0.570686 0.355086 2.09021 1.14989e+06
/joint l_elbow 1 0.601153 0.548072 2.06659 1.14989e+06
/joint l_hand 1 0.595615 0.719852 1.93192 1.14989e+06
/joint r_shoulder 1 0.418042 0.353526 2.06757 1.14989e+06
/joint r_elbow 1 0.387851 0.534935 2.02589 1.14989e+06
/joint r_hand 1 0.385225 0.706002 1.95962 1.14989e+06
/joint torso 1 0.494796 0.487426 2.04659 1.14989e+06
/joint l_hip 1 0.538784 0.620992 2.02075 1.14989e+06
/joint l_knee 1 0.530428 0.888978 2.06413 1.14989e+06
/joint r_hip 1 0.451673 0.620102 2.00783 1.14989e+06
/joint r_knee 1 0.429222 0.875218 1.88458 1.14989e+06
/joint r_foot 1 0.407629 1.12052 1.76609 1.14989e+06
/joint head 1 0.499248 0.226169 2.11657 1.14992e+06
/joint neck 1 0.49929 0.354711 2.08508 1.14992e+06
/joint l_shoulder 1 0.57559 0.356157 2.09686 1.14992e+06
/joint l_elbow 1 0.60528 0.548008 2.0762 1.14992e+06
/joint l_hand 1 0.600606 0.722518 1.94965 1.14992e+06
/joint r_shoulder 1 0.42299 0.353266 2.07329 1.14992e+06
/joint r_elbow 1 0.389224 0.535479 2.03604 1.14992e+06
/joint r_hand 1 0.388267 0.705889 1.9659 1.14992e+06
/joint torso 1 0.49902 0.488092 2.05525 1.14992e+06
/joint l_hip 1 0.543403 0.622319 2.03232 1.14992e+06
/joint l_knee 1 0.529457 0.890812 2.06009 1.14992e+06
/joint r_hip 1 0.454098 0.620627 2.01853 1.14992e+06
/joint r_knee 1 0.430057 0.875573 1.89552 1.14992e+06
/joint r_foot 1 0.406939 1.12071 1.77726 1.14992e+06
/joint head 1 0.502996 0.229921 2.11642 1.14995e+06
/joint neck 1 0.502489 0.358331 2.08919 1.14995e+06
/joint l_shoulder 1 0.578852 0.360424 2.09876 1.14995e+06
/joint l_elbow 1 0.608716 0.547959 2.08453 1.14995e+06
/joint l_hand 1 0.603616 0.72467 1.96553 1.14995e+06
/joint r_shoulder 1 0.426127 0.356237 2.07963 1.14995e+06
/joint r_elbow 1 0.391418 0.53343 2.04413 1.14995e+06
/joint r_hand 1 0.389537 0.704057 1.9751 1.14995e+06
/joint torso 1 0.501268 0.491978 2.06236 1.14995e+06
/joint l_hip 1 0.545869 0.626882 2.04128 1.14995e+06
/joint l_knee 1 0.528591 0.895454 2.0574 1.14995e+06
/joint r_hip 1 0.454224 0.624369 2.0298 1.14995e+06
/joint r_knee 1 0.429521 0.879019 1.90583 1.14995e+06
/joint r_foot 1 0.405767 1.12387 1.78662 1.14995e+06
/joint head 1 0.506665 0.228799 2.12457 1.14999e+06
/joint neck 1 0.504855 0.356923 2.09715 1.14999e+06
/joint l_shoulder 1 0.581248 0.360189 2.10456 1.14999e+06
/joint l_elbow 1 0.610436 0.550827 2.09029 1.14999e+06
/joint l_hand 1 0.610369 0.730769 1.97834 1.14999e+06
/joint r_shoulder 1 0.428462 0.353657 2.08974 1.14999e+06
/joint r_elbow 1 0.392879 0.534849 2.05027 1.14999e+06
/joint r_hand 1 0.389604 0.706037 1.98469 1.14999e+06
/joint torso 1 0.502295 0.490533 2.07021 1.14999e+06
/joint l_hip 1 0.546437 0.62614 2.0478 1.14999e+06
/joint l_knee 1 0.528801 0.894868 2.05244 1.14999e+06
/joint r_hip 1 0.453033 0.622146 2.03874 1.14999e+06
/joint r_knee 1 0.42888 0.877286 1.91656 1.14999e+06
/joint r_foot 1 0.405655 1.12261 1.79909 1.14999e+06
/joint head 1 0.508925 0.228 2.12973 1.15002e+06
/joint neck 1 0.506769 0.356184 2.10329 1.15002e+06
/joint l_shoulder 1 0.583193 0.359883 2.10884 1.15002e+06
/joint l_elbow 1 0.61149 0.553815 2.09546 1.15002e+06
/joint l_hand 1 0.613358 0.73695 1.99274 1.15002e+06
/joint r_shoulder 1 0.430344 0.352485 2.09774 1.15002e+06
/joint r_elbow 1 0.395222 0.532104 2.05488 1.15002e+06
/joint r_hand 1 0.388301 0.703921 1.99489 1.15002e+06
/joint torso 1 0.503615 0.489807 2.07661 1.15002e+06
/joint l_hip 1 0.546683 0.625667 2.05328 1.15002e+06
/joint l_knee 1 0.529992 0.89451 2.04972 1.15002e+06
/joint r_hip 1 0.454238 0.621192 2.04656 1.15002e+06
/joint r_knee 1 0.429601 0.876896 1.92746 1.15002e+06
/joint r_foot 1 0.405912 1.12276 1.81295 1.15002e+06
/joint head 1 0.509852 0.228844 2.13916 1.15006e+06
/joint neck 1 0.507713 0.356833 2.11012 1.15006e+06
/joint l_shoulder 1 0.584146 0.360444 2.11576 1.15006e+06
/joint l_elbow 1 0.613939 0.558424 2.09747 1.15006e+06
/joint l_hand 1 0.616176 0.743365 2.00322 1.15006e+06
/joint r_shoulder 1 0.431281 0.353221 2.10449 1.15006e+06
/joint r_elbow 1 0.396949 0.531122 2.05892 1.15006e+06
/joint r_hand 1 0.387228 0.703531 2.00469 1.15006e+06
/joint torso 1 0.504695 0.490281 2.08145 1.15006e+06
/joint l_hip 1 0.547681 0.625903 2.05617 1.15006e+06
/joint l_knee 1 0.531349 0.894724 2.04694 1.15006e+06
/joint r_hip 1 0.455671 0.621555 2.04939 1.15006e+06
/joint r_knee 1 0.429486 0.87836 1.93737 1.15006e+06
/joint r_foot 1 0.404308 1.12529 1.82966 1.15006e+06
/joint head 1 0.511889 0.229636 2.14328 1.15009e+06
/joint neck 1 0.509411 0.357735 2.11455 1.15009e+06
/joint l_shoulder 1 0.585841 0.36118 2.1207 1.15009e+06
/joint l_elbow 1 0.615095 0.560901 2.10109 1.15009e+06
/joint l_hand 1 0.61799 0.746544 2.00867 1.15009e+06
/joint r_shoulder 1 0.43298 0.354291 2.1084 1.15009e+06
/joint r_elbow 1 0.397782 0.533865 2.06528 1.15009e+06
/joint r_hand 1 0.386276 0.70647 2.01355 1.15009e+06
/joint torso 1 0.506593 0.491244 2.08636 1.15009e+06
/joint l_hip 1 0.549348 0.626807 2.06184 1.15009e+06
/joint l_knee 1 0.531981 0.895522 2.05319 1.15009e+06
/joint r_hip 1 0.458203 0.622699 2.0545 1.15009e+06
/joint r_knee 1 0.430024 0.880299 1.94879 1.15009e+06
/joint r_foot 1 0.40293 1.12799 1.84715 1.15009e+06
/joint head 1 0.513227 0.230145 2.15326 1.15012e+06
/joint neck 1 0.510626 0.357651 2.12032 1.15012e+06
/joint l_shoulder 1 0.587061 0.361188 2.12622 1.15012e+06
/joint l_elbow 1 0.61653 0.557023 2.10607 1.15012e+06
/joint l_hand 1 0.624574 0.741354 2.01584 1.15012e+06
/joint r_shoulder 1 0.434191 0.354114 2.11441 1.15012e+06
/joint r_elbow 1 0.399344 0.535397 2.0692 1.15012e+06
/joint r_hand 1 0.386708 0.708029 2.01843 1.15012e+06
/joint torso 1 0.507778 0.490759 2.08833 1.15012e+06
/joint l_hip 1 0.550995 0.625998 2.0599 1.15012e+06
/joint l_knee 1 0.531844 0.894357 2.04429 1.15012e+06
/joint r_hip 1 0.458867 0.621734 2.05279 1.15012e+06
/joint r_knee 1 0.429885 0.881312 1.96032 1.15012e+06
/joint r_foot 1 0.402018 1.1309 1.87141 1.15012e+06
/joint head 1 0.514208 0.230744 2.15824 1.15016e+06
/joint neck 1 0.511872 0.358484 2.12443 1.15016e+06
/joint l_shoulder 1 0.588235 0.362065 2.13292 1.15016e+06
/joint l_elbow 1 0.617245 0.558199 2.10936 1.15016e+06
/joint l_hand 1 0.626885 0.741202 2.0174 1.15016e+06
/joint r_shoulder 1 0.435509 0.354902 2.11593 1.15016e+06
/joint r_elbow 1 0.400645 0.534754 2.07437 1.15016e+06
/joint r_hand 1 0.386507 0.707304 2.02442 1.15016e+06
/joint torso 1 0.509273 0.491527 2.09165 1.15016e+06
/joint l_hip 1 0.552347 0.626713 2.06396 1.15016e+06
/joint l_knee 1 0.530619 0.894704 2.04762 1.15016e+06
/joint r_hip 1 0.461 0.622428 2.0538 1.15016e+06
/joint r_knee 1 0.430567 0.883242 1.97161 1.15016e+06
/joint r_foot 1 0.401304 1.13402 1.89257 1.15016e+06
/joint head 1 0.515285 0.229249 2.1689 1.15019e+06
/joint neck 1 0.513199 0.356372 2.13175 1.15019e+06
/joint l_shoulder 1 0.589451 0.36044 2.14302 1.15019e+06
/joint l_elbow 1 0.619378 0.556438 2.11607 1.15019e+06
/joint l_hand 1 0.629057 0.737595 2.02121 1.15019e+06
/joint r_shoulder 1 0.436948 0.352304 2.12048 1.15019e+06
/joint r_elbow 1 0.400753 0.535605 2.07964 1.15019e+06
/joint r_hand 1 0.38835 0.707813 2.02552 1.15019e+06
/joint torso 1 0.510549 0.489029 2.09572 1.15019e+06
/joint l_hip 1 0.553958 0.624143 2.06651 1.15019e+06
/joint l_knee 1 0.529817 0.891642 2.04606 1.15019e+06
/joint r_hip 1 0.461838 0.619228 2.05289 1.15019e+06
/joint r_knee 1 0.4355 0.88326 1.9887 1.15019e+06
/joint head 1 0.516397 0.230249 2.17428 1.15023e+06
/joint neck 1 0.511536 0.3582 2.13495 1.15023e+06
/joint l_shoulder 1 0.587797 0.364092 2.14341 1.15023e+06
/joint l_elbow 1 0.617901 0.554551 2.11627 1.15023e+06
/joint l_hand 1 0.631084 0.735209 2.02335 1.15023e+06
/joint r_shoulder 1 0.435275 0.352308 2.1265 1.15023e+06
/joint r_elbow 1 0.400287 0.531906 2.0848 1.15023e+06
/joint r_hand 1 0.390104 0.704052 2.02844 1.15023e+06
/joint torso 1 0.506839 0.490492 2.09698 1.15023e+06
/joint l_hip 1 0.54844 0.626361 2.06414 1.15023e+06
/joint l_knee 1 0.522694 0.893552 2.04251 1.15023e+06
/joint r_hip 1 0.455843 0.619207 2.05388 1.15023e+06
/joint r_knee 1 0.430952 0.885188 2.00813 1.15023e+06
/joint head 1 0.516613 0.228799 2.17732 1.15026e+06
/joint neck 1 0.51066 0.356578 2.13839 1.15026e+06
/joint l_shoulder 1 0.586952 0.363203 2.14431 1.15026e+06
/joint l_elbow 1 0.616587 0.554895 2.11982 1.15026e+06
/joint l_hand 1 0.631891 0.733351 2.02007 1.15026e+06
/joint r_shoulder 1 0.434367 0.349953 2.13247 1.15026e+06
/joint r_elbow 1 0.398924 0.530836 2.08832 1.15026e+06
/joint r_hand 1 0.389355 0.702561 2.02864 1.15026e+06
/joint torso 1 0.504929 0.488854 2.10073 1.15026e+06
/joint l_hip 1 0.545619 0.625161 2.06667 1.15026e+06
/joint l_knee 1 0.529492 0.893984 2.05617 1.15026e+06
/joint r_hip 1 0.452778 0.617099 2.05946 1.15026e+06
/joint r_knee 1 0.436814 0.885009 2.02433 1.15026e+06
/joint head 1 0.516702 0.230006 2.17884 1.15029e+06
/joint neck 1 0.510327 0.357767 2.14032 1.15029e+06
/joint l_shoulder 1 0.586635 0.364689 2.14519 1.15029e+06
/joint l_elbow 1 0.615176 0.554307 2.11994 1.15029e+06
/joint l_hand 1 0.631268 0.732214 2.01965 1.15029e+06
/joint r_shoulder 1 0.434018 0.350844 2.13545 1.15029e+06
/joint r_elbow 1 0.397989 0.526863 2.09422 1.15029e+06
/joint r_hand 1 0.387456 0.69757 2.02902 1.15029e+06
/joint torso 1 0.504177 0.490034 2.10275 1.15029e+06
/joint l_hip 1 0.54451 0.626519 2.06814 1.15029e+06
/joint l_knee 1 0.532026 0.895551 2.05157 1.15029e+06
/joint r_hip 1 0.451543 0.618085 2.06221 1.15029e+06
/joint r_knee 1 0.439494 0.886467 2.029 1.15029e+06
/joint head 1 0.515257 0.231901 2.17911 1.15032e+06
/joint neck 1 0.509124 0.359943 2.14178 1.15032e+06
/joint l_shoulder 1 0.58547 0.366227 2.14672 1.15032e+06
/joint l_elbow 1 0.615309 0.554386 2.12008 1.15032e+06
/joint l_hand 1 0.628878 0.732288 2.01696 1.15032e+06
/joint r_shoulder 1 0.432778 0.353659 2.13683 1.15032e+06
/joint r_elbow 1 0.395633 0.52814 2.09794 1.15032e+06
/joint r_hand 1 0.387596 0.697765 2.02573 1.15032e+06
/joint torso 1 0.503598 0.492309 2.10454 1.15032e+06
/joint l_hip 1 0.544611 0.628506 2.07033 1.15032e+06
/joint l_knee 1 0.533204 0.897752 2.05942 1.15032e+06
/joint r_hip 1 0.451534 0.620845 2.0643 1.15032e+06
/joint r_knee 1 0.441024 0.889489 2.03388 1.15032e+06
/joint head 1 0.512945 0.233283 2.18796 1.15036e+06
/joint neck 1 0.507717 0.360172 2.1465 1.15036e+06
/joint l_shoulder 1 0.58407 0.365881 2.15253 1.15036e+06
/joint l_elbow 1 0.61526 0.558175 2.11793 1.15036e+06
/joint l_hand 1 0.622442 0.7365 2.00973 1.15036e+06
/joint r_shoulder 1 0.431363 0.354462 2.14048 1.15036e+06
/joint r_elbow 1 0.393527 0.529142 2.10129 1.15036e+06
/joint r_hand 1 0.386621 0.697744 2.02336 1.15036e+06
/joint torso 1 0.502955 0.492198 2.10635 1.15036e+06
/joint l_hip 1 0.544755 0.627705 2.06987 1.15036e+06
/joint l_knee 1 0.53198 0.896805 2.0571 1.15036e+06
/joint r_hip 1 0.451633 0.620742 2.06252 1.15036e+06
/joint r_knee 1 0.441204 0.889683 2.0386 1.15036e+06
/joint head 1 0.511941 0.232781 2.19201 1.15039e+06
/joint neck 1 0.506296 0.359273 2.14925 1.15039e+06
/joint l_shoulder 1 0.582635 0.365607 2.15468 1.15039e+06
/joint l_elbow 1 0.615111 0.559891 2.1168 1.15039e+06
/joint l_hand 1 0.618026 0.738334 2.0044 1.15039e+06
/joint r_shoulder 1 0.429958 0.352939 2.14382 1.15039e+06
/joint r_elbow 1 0.391835 0.529103 2.10272 1.15039e+06
/joint r_hand 1 0.386535 0.697155 2.02153 1.15039e+06
/joint torso 1 0.50087 0.491152 2.10829 1.15039e+06
/joint l_hip 1 0.542002 0.626893 2.07064 1.15039e+06
/joint l_knee 1 0.528153 0.895989 2.06332 1.15039e+06
/joint r_hip 1 0.448884 0.619167 2.06402 1.15039e+06
/joint r_knee 1 0.437279 0.888349 2.05067 1.15039e+06
/joint head 1 0.508932 0.235523 2.18574 1.15043e+06
/joint neck 1 0.503861 0.362871 2.14761 1.15043e+06
/joint l_shoulder 1 0.580255 0.368255 2.15199 1.15043e+06
/joint l_elbow 1 0.61283 0.557786 2.11812 1.15043e+06
/joint l_hand 1 0.612319 0.734056 1.99803 1.15043e+06
/joint r_shoulder 1 0.427466 0.357486 2.14324 1.15043e+06
/joint r_elbow 1 0.390645 0.529146 2.10443 1.15043e+06
/joint r_hand 1 0.388869 0.695882 2.0231 1.15043e+06
/joint torso 1 0.499139 0.495303 2.11069 1.15043e+06
/joint l_hip 1 0.541016 0.63102 2.07644 1.15043e+06
/joint l_knee 1 0.52747 0.900071 2.06457 1.15043e+06
/joint r_hip 1 0.447817 0.624451 2.0711 1.15043e+06
/joint r_knee 1 0.439211 0.893844 2.05826 1.15043e+06
/joint head 1 0.506856 0.23411 2.19167 1.15046e+06
/joint neck 1 0.502011 0.361161 2.15181 1.15046e+06
/joint l_shoulder 1 0.57844 0.366041 2.15492 1.15046e+06
/joint l_elbow 1 0.607961 0.556491 2.11727 1.15046e+06
/joint l_hand 1 0.609035 0.731927 1.99578 1.15046e+06
/joint r_shoulder 1 0.425581 0.356281 2.1487 1.15046e+06
/joint r_elbow 1 0.387689 0.528657 2.1074 1.15046e+06
/joint r_hand 1 0.390128 0.69474 2.02228 1.15046e+06
/joint torso 1 0.497656 0.493395 2.11305 1.15046e+06
/joint l_hip 1 0.539921 0.628605 2.07619 1.15046e+06
/joint l_knee 1 0.523524 0.896903 2.04954 1.15046e+06
/joint r_hip 1 0.44668 0.622652 2.07239 1.15046e+06
/joint r_knee 1 0.439312 0.891911 2.05226 1.15046e+06
/joint head 1 0.504276 0.231846 2.20436 1.15049e+06
/joint neck 1 0.500178 0.358713 2.15906 1.15049e+06
/joint l_shoulder 1 0.576617 0.362843 2.16333 1.15049e+06
/joint l_elbow 1 0.604953 0.555581 2.11494 1.15049e+06
/joint l_hand 1 0.601268 0.729795 1.99344 1.15049e+06
/joint r_shoulder 1 0.423738 0.354583 2.15479 1.15049e+06
/joint r_elbow 1 0.385867 0.52497 2.11417 1.15049e+06
/joint r_hand 1 0.386486 0.690472 2.0247 1.15049e+06
/joint torso 1 0.496773 0.490409 2.1162 1.15049e+06
/joint l_hip 1 0.539998 0.624625 2.07594 1.15049e+06
/joint l_knee 1 0.524553 0.893189 2.05334 1.15049e+06
/joint r_hip 1 0.44674 0.619587 2.07073 1.15049e+06
/joint r_knee 1 0.438434 0.888832 2.05166 1.15049e+06
/joint head 1 0.500929 0.233288 2.20049 1.15051e+06
/joint neck 1 0.497881 0.359962 2.1589 1.15051e+06
/joint l_shoulder 1 0.574346 0.36302 2.16337 1.15051e+06
/joint l_elbow 1 0.603232 0.5551 2.11446 1.15051e+06
/joint l_hand 1 0.596987 0.728783 1.99274 1.15051e+06
/joint r_shoulder 1 0.421416 0.356904 2.15443 1.15051e+06
/joint r_elbow 1 0.384903 0.523032 2.11777 1.15051e+06
/joint r_hand 1 0.382256 0.689361 2.03121 1.15051e+06
/joint torso 1 0.495502 0.492031 2.11834 1.15051e+06
/joint l_hip 1 0.539768 0.625966 2.08051 1.15051e+06
/joint l_knee 1 0.523135 0.894538 2.06186 1.15051e+06
/joint r_hip 1 0.446479 0.622234 2.07505 1.15051e+06
/joint r_knee 1 0.436007 0.891414 2.05832 1.15051e+06
/joint head 1 0.49741 0.233169 2.20717 1.15056e+06
/joint neck 1 0.495142 0.358707 2.1619 1.15056e+06
/joint l_shoulder 1 0.571638 0.360582 2.16541 1.15056e+06
/joint l_elbow 1 0.601421 0.550273 2.11459 1.15056e+06
/joint l_hand 1 0.594114 0.723865 1.99326 1.15056e+06
/joint r_shoulder 1 0.418645 0.356833 2.15838 1.15056e+06
/joint r_elbow 1 0.383189 0.525379 2.11989 1.15056e+06
/joint r_hand 1 0.379613 0.692003 2.03408 1.15056e+06
/joint torso 1 0.493815 0.49051 2.11921 1.15056e+06
/joint l_hip 1 0.539154 0.623456 2.07868 1.15056e+06
/joint l_knee 1 0.521963 0.891873 2.05723 1.15056e+06
/joint r_hip 1 0.445823 0.621169 2.07439 1.15056e+06
/joint r_knee 1 0.433958 0.8902 2.05605 1.15056e+06
/joint head 1 0.494273 0.230979 2.21837 1.15059e+06
/joint neck 1 0.492531 0.356182 2.16839 1.15059e+06
/joint l_shoulder 1 0.569023 0.357861 2.17277 1.15059e+06
/joint l_elbow 1 0.600123 0.546657 2.11812 1.15059e+06
/joint l_hand 1 0.590346 0.718193 1.99148 1.15059e+06
/joint r_shoulder 1 0.41604 0.354503 2.16402 1.15059e+06
/joint r_elbow 1 0.381047 0.528333 2.12093 1.15059e+06
/joint r_hand 1 0.375853 0.694879 2.03878 1.15059e+06
/joint torso 1 0.491573 0.487423 2.122 1.15059e+06
/joint l_hip 1 0.537274 0.619689 2.07827 1.15059e+06
/joint l_knee 1 0.519978 0.888191 2.05976 1.15059e+06
/joint r_hip 1 0.443957 0.617641 2.07293 1.15059e+06
/joint r_knee 1 0.43106 0.886729 2.0601 1.15059e+06
/joint head 1 0.491569 0.229794 2.22395 1.15061e+06
/joint neck 1 0.490473 0.353954 2.17238 1.15061e+06
/joint l_shoulder 1 0.566986 0.355007 2.17551 1.15061e+06
/joint l_elbow 1 0.597305 0.549352 2.1149 1.15061e+06
/joint l_hand 1 0.583532 0.720146 1.98501 1.15061e+06
/joint r_shoulder 1 0.41396 0.352902 2.16925 1.15061e+06
/joint r_elbow 1 0.37937 0.534513 2.12346 1.15061e+06
/joint r_hand 1 0.374947 0.702776 2.04698 1.15061e+06
/joint torso 1 0.489944 0.485044 2.12488 1.15061e+06
/joint l_hip 1 0.53609 0.616775 2.0793 1.15061e+06
/joint l_knee 1 0.520915 0.885459 2.05935 1.15061e+06
/joint r_hip 1 0.442742 0.615491 2.07548 1.15061e+06
/joint r_knee 1 0.431412 0.884795 2.06809 1.15061e+06
/joint head 1 0.488059 0.230484 2.23611 1.15066e+06
/joint neck 1 0.4879 0.353662 2.17862 1.15066e+06
/joint l_shoulder 1 0.564422 0.354147 2.18131 1.15066e+06
/joint l_elbow 1 0.593564 0.548641 2.11373 1.15066e+06
/joint l_hand 1 0.578309 0.720476 1.98017 1.15066e+06
/joint r_shoulder 1 0.411378 0.353178 2.17593 1.15066e+06
/joint r_elbow 1 0.378618 0.533707 2.12626 1.15066e+06
/joint r_hand 1 0.37211 0.702623 2.05236 1.15066e+06
/joint torso 1 0.487891 0.483991 2.12676 1.15066e+06
/joint l_hip 1 0.53456 0.614616 2.07653 1.15066e+06
/joint l_knee 1 0.519809 0.883492 2.06184 1.15066e+06
/joint r_hip 1 0.441203 0.614025 2.07325 1.15066e+06
/joint r_knee 1 0.429952 0.883276 2.06385 1.15066e+06
/joint r_foot 1 0.416498 1.13781 2.01843 1.15066e+06
/joint head 1 0.4846 0.230973 2.23274 1.1507e+06
/joint neck 1 0.485501 0.354731 2.17765 1.1507e+06
/joint l_shoulder 1 0.562002 0.353975 2.18167 1.1507e+06
/joint l_elbow 1 0.589919 0.54904 2.11273 1.1507e+06
/joint l_hand 1 0.575599 0.721181 1.97932 1.1507e+06
/joint r_shoulder 1 0.409 0.355487 2.17364 1.1507e+06
/joint r_elbow 1 0.376896 0.53344 2.13026 1.1507e+06
/joint r_hand 1 0.366564 0.702287 2.05731 1.1507e+06
/joint torso 1 0.486877 0.485464 2.1282 1.1507e+06
/joint l_hip 1 0.534922 0.615736 2.0812 1.1507e+06
/joint l_knee 1 0.524156 0.884835 2.06498 1.1507e+06
/joint l_foot 1 0.525191 1.14241 2.03254 1.1507e+06
/joint r_hip 1 0.441582 0.616658 2.07629 1.1507e+06
/joint r_knee 1 0.430856 0.885997 2.07064 1.1507e+06
/joint r_foot 1 0.412607 1.13704 1.99457 1.1507e+06
/joint head 1 0.48285 0.228962 2.24015 1.15071e+06
/joint neck 1 0.484004 0.352325 2.18243 1.15071e+06
/joint l_shoulder 1 0.560497 0.351135 2.18707 1.15071e+06
/joint l_elbow 1 0.588304 0.54978 2.11504 1.15071e+06
/joint l_hand 1 0.574275 0.721568 1.97898 1.15071e+06
/joint r_shoulder 1 0.407511 0.353515 2.17779 1.15071e+06
/joint r_elbow 1 0.374902 0.535274 2.13191 1.15071e+06
/joint r_hand 1 0.362069 0.704745 2.06366 1.15071e+06
/joint torso 1 0.485934 0.482601 2.13035 1.15071e+06
/joint l_hip 1 0.534523 0.612152 2.08111 1.15071e+06
/joint l_knee 1 0.521765 0.881121 2.06491 1.15071e+06
/joint l_foot 1 0.529259 1.13494 1.99887 1.15071e+06
/joint r_hip 1 0.441205 0.613604 2.07544 1.15071e+06
/joint r_knee 1 0.429519 0.882759 2.0635 1.15071e+06
/joint r_foot 1 0.409166 1.13525 1.99271 1.15071e+06
/joint head 1 0.479088 0.226836 2.24386 1.15076e+06
/joint neck 1 0.480949 0.349917 2.18539 1.15076e+06
/joint l_shoulder 1 0.557429 0.348075 2.1905 1.15076e+06
/joint l_elbow 1 0.58708 0.550131 2.11778 1.15076e+06
/joint l_hand 1 0.573485 0.722058 1.98026 1.15076e+06
/joint r_shoulder 1 0.404469 0.35176 2.18028 1.15076e+06
/joint r_elbow 1 0.374328 0.539566 2.13242 1.15076e+06
/joint r_hand 1 0.360352 0.709553 2.06673 1.15076e+06
/joint torso 1 0.483605 0.479913 2.13181 1.15076e+06
/joint l_hip 1 0.532914 0.608784 2.08136 1.15076e+06
/joint l_knee 1 0.520807 0.877912 2.06925 1.15076e+06
/joint l_foot 1 0.529411 1.13064 1.99005 1.15076e+06
/joint r_hip 1 0.439608 0.611031 2.07512 1.15076e+06
/joint r_knee 1 0.428307 0.880258 2.06417 1.15076e+06
/joint r_foot 1 0.405898 1.13326 1.99564 1.15076e+06
/joint head 1 0.475907 0.227208 2.24575 1.15078e+06
/joint neck 1 0.47818 0.350383 2.1862 1.15078e+06
/joint l_shoulder 1 0.554644 0.348355 2.19208 1.15078e+06
/joint l_elbow 1 0.586856 0.546159 2.12472 1.15078e+06
/joint l_hand 1 0.573938 0.716989 1.98293 1.15078e+06
/joint r_shoulder 1 0.401715 0.352411 2.18031 1.15078e+06
/joint r_elbow 1 0.371892 0.540664 2.13107 1.15078e+06
/joint r_hand 1 0.357798 0.711024 2.06878 1.15078e+06
/joint torso 1 0.481165 0.480212 2.13173 1.15078e+06
/joint l_hip 1 0.530793 0.608804 2.08085 1.15078e+06
/joint l_knee 1 0.518901 0.877963 2.06849 1.15078e+06
/joint l_foot 1 0.530712 1.13029 1.98504 1.15078e+06
/joint r_hip 1 0.437506 0.611278 2.07367 1.15078e+06
/joint r_knee 1 0.428035 0.88068 2.06882 1.15078e+06
/joint r_foot 1 0.404254 1.13245 1.99084 1.15078e+06
/joint head 1 0.472916 0.230141 2.23793 1.15081e+06
/joint neck 1 0.476157 0.353755 2.18196 1.15081e+06
/joint l_shoulder 1 0.552609 0.35082 2.18752 1.15081e+06
/joint l_elbow 1 0.584763 0.537308 2.12687 1.15081e+06
/joint l_hand 1 0.575019 0.709596 1.99153 1.15081e+06
/joint r_shoulder 1 0.399704 0.356689 2.17639 1.15081e+06
/joint r_elbow 1 0.368751 0.541434 2.13227 1.15081e+06
/joint r_hand 1 0.35641 0.711679 2.07162 1.15081e+06
/joint torso 1 0.479903 0.484122 2.13074 1.15081e+06
/joint l_hip 1 0.530288 0.612698 2.08292 1.15081e+06
/joint l_knee 1 0.520052 0.882038 2.07508 1.15081e+06
/joint l_foot 1 0.53199 1.13367 1.98559 1.15081e+06
/joint r_hip 1 0.437012 0.616279 2.07613 1.15081e+06
/joint r_knee 1 0.429609 0.885815 2.07527 1.15081e+06
/joint r_foot 1 0.403941 1.13661 1.99177 1.15081e+06
/joint head 1 0.470442 0.231895 2.22702 1.15086e+06
/joint neck 1 0.474085 0.35651 2.17721 1.15086e+06
/joint l_shoulder 1 0.550511 0.353211 2.18375 1.15086e+06
/joint l_elbow 1 0.585143 0.540268 2.12903 1.15086e+06
/joint l_hand 1 0.571806 0.709308 1.98736 1.15086e+06
/joint r_shoulder 1 0.39766 0.359809 2.17067 1.15086e+06
/joint r_elbow 1 0.365616 0.542061 2.13326 1.15086e+06
/joint r_hand 1 0.354627 0.711843 2.07091 1.15086e+06
/joint torso 1 0.47826 0.487631 2.13085 1.15086e+06
/joint l_hip 1 0.529055 0.61674 2.08848 1.15086e+06
/joint l_knee 1 0.518873 0.885935 2.07376 1.15086e+06
/joint l_foot 1 0.532669 1.13826 1.98906 1.15086e+06
/joint r_hip 1 0.435814 0.620764 2.0805 1.15086e+06
/joint r_knee 1 0.428007 0.890276 2.07565 1.15086e+06
/joint r_foot 1 0.40194 1.14102 1.99149 1.15086e+06
/joint head 1 0.467844 0.230929 2.22945 1.15088e+06
/joint neck 1 0.471889 0.355437 2.1786 1.15088e+06
/joint l_shoulder 1 0.548288 0.351612 2.18573 1.15088e+06
/joint l_elbow 1 0.58506 0.542989 2.12558 1.15088e+06
/joint l_hand 1 0.570531 0.711502 1.98888 1.15088e+06
/joint r_shoulder 1 0.395489 0.359261 2.17146 1.15088e+06
/joint r_elbow 1 0.362806 0.543775 2.13183 1.15088e+06
/joint r_hand 1 0.350902 0.714057 2.07026 1.15088e+06
/joint torso 1 0.476668 0.486497 2.13192 1.15088e+06
/joint l_hip 1 0.528052 0.615225 2.08959 1.15088e+06
/joint l_knee 1 0.51836 0.884438 2.07332 1.15088e+06
/joint l_foot 1 0.534832 1.13602 1.98527 1.15088e+06
/joint r_hip 1 0.434844 0.619891 2.08089 1.15088e+06
/joint r_knee 1 0.427932 0.889417 2.07263 1.15088e+06
/joint r_foot 1 0.401187 1.13955 1.98499 1.15088e+06
/joint head 1 0.466089 0.229841 2.22983 1.15091e+06
/joint neck 1 0.4705 0.355031 2.17965 1.15091e+06
/joint l_shoulder 1 0.546854 0.351279 2.18848 1.15091e+06
/joint l_elbow 1 0.583923 0.542852 2.1234 1.15091e+06
/joint l_hand 1 0.573331 0.712696 1.99498 1.15091e+06
/joint r_shoulder 1 0.394145 0.358782 2.17082 1.15091e+06
/joint r_elbow 1 0.36167 0.5461 2.13339 1.15091e+06
/joint r_hand 1 0.349427 0.715225 2.0652 1.15091e+06
/joint torso 1 0.47546 0.486168 2.13344 1.15091e+06
/joint l_hip 1 0.526998 0.615017 2.09262 1.15091e+06
/joint l_knee 1 0.518511 0.884316 2.07645 1.15091e+06
/joint l_foot 1 0.534091 1.13653 1.99152 1.15091e+06
/joint r_hip 1 0.433841 0.619594 2.08185 1.15091e+06
/joint r_knee 1 0.426519 0.889116 2.07355 1.15091e+06
/joint r_foot 1 0.40364 1.14059 1.99059 1.15091e+06
/joint head 1 0.464357 0.228038 2.23868 1.15095e+06
/joint neck 1 0.469233 0.352024 2.18448 1.15095e+06
/joint l_shoulder 1 0.545569 0.347934 2.19366 1.15095e+06
/joint l_elbow 1 0.581798 0.5407 2.12465 1.15095e+06
/joint l_hand 1 0.575098 0.713555 2.00496 1.15095e+06
/joint r_shoulder 1 0.392896 0.356114 2.1753 1.15095e+06
/joint r_elbow 1 0.360713 0.547289 2.13472 1.15095e+06
/joint r_hand 1 0.348719 0.71603 2.06267 1.15095e+06
/joint torso 1 0.474661 0.482537 2.13474 1.15095e+06
/joint l_hip 1 0.526654 0.610555 2.0906 1.15095e+06
/joint l_knee 1 0.51967 0.879886 2.07282 1.15095e+06
/joint l_foot 1 0.53379 1.1308 1.97897 1.15095e+06
/joint r_hip 1 0.433524 0.615544 2.0794 1.15095e+06
/joint r_knee 1 0.426157 0.885048 2.06954 1.15095e+06
/joint r_foot 1 0.404279 1.13743 1.99168 1.15095e+06
/joint head 1 0.46143 0.227872 2.24429 1.15098e+06
/joint neck 1 0.466922 0.35117 2.18665 1.15098e+06
/joint l_shoulder 1 0.543225 0.346738 2.19657 1.15098e+06
/joint l_elbow 1 0.579164 0.53754 2.12609 1.15098e+06
/joint l_hand 1 0.576904 0.712548 2.00976 1.15098e+06
/joint r_shoulder 1 0.390618 0.355602 2.17674 1.15098e+06
/joint r_elbow 1 0.360227 0.547372 2.13578 1.15098e+06
/joint r_hand 1 0.347417 0.715899 2.06204 1.15098e+06
/joint torso 1 0.472864 0.481232 2.13453 1.15098e+06
/joint l_hip 1 0.525352 0.608591 2.08845 1.15098e+06
/joint l_knee 1 0.518376 0.878019 2.07439 1.15098e+06
/joint l_foot 1 0.530485 1.12976 1.98431 1.15098e+06
/joint r_hip 1 0.432261 0.613999 2.07636 1.15098e+06
/joint r_knee 1 0.426666 0.883603 2.06904 1.15098e+06
/joint r_foot 1 0.400647 1.13547 1.99263 1.15098e+06
/joint head 1 0.458334 0.22885 2.24819 1.15101e+06
/joint neck 1 0.464067 0.351425 2.18849 1.15101e+06
/joint l_shoulder 1 0.540397 0.34593 2.19542 1.15101e+06
/joint l_elbow 1 0.575895 0.535178 2.12708 1.15101e+06
/joint l_hand 1 0.578582 0.711603 2.00992 1.15101e+06
/joint r_shoulder 1 0.387736 0.35692 2.18155 1.15101e+06
/joint r_elbow 1 0.359591 0.54739 2.13512 1.15101e+06
/joint r_hand 1 0.346466 0.715545 2.05944 1.15101e+06
/joint torso 1 0.470543 0.481126 2.13459 1.15101e+06
/joint l_hip 1 0.523592 0.607474 2.08492 1.15101e+06
/joint l_knee 1 0.517044 0.876948 2.07166 1.15101e+06
/joint l_foot 1 0.530817 1.12874 1.98265 1.15101e+06
/joint r_hip 1 0.430446 0.614179 2.07646 1.15101e+06
/joint r_knee 1 0.424639 0.8838 2.07496 1.15101e+06
/joint r_foot 1 0.401771 1.13487 1.98958 1.15101e+06
/joint head 1 0.456302 0.231413 2.2486 1.15105e+06
/joint neck 1 0.462134 0.353212 2.18755 1.15105e+06
/joint l_shoulder 1 0.538486 0.347536 2.19349 1.15105e+06
/joint l_elbow 1 0.575253 0.534499 2.13023 1.15105e+06
/joint l_hand 1 0.579463 0.711292 2.00961 1.15105e+06
/joint r_shoulder 1 0.385781 0.358888 2.18162 1.15105e+06
/joint r_elbow 1 0.359678 0.547424 2.13687 1.15105e+06
/joint r_hand 1 0.347593 0.715466 2.05858 1.15105e+06
/joint torso 1 0.468607 0.482881 2.13342 1.15105e+06
/joint l_hip 1 0.521652 0.609088 2.08291 1.15105e+06
/joint l_knee 1 0.515884 0.87863 2.07134 1.15105e+06
/joint l_foot 1 0.533187 1.13073 1.98707 1.15105e+06
/joint r_hip 1 0.42851 0.616012 2.07567 1.15105e+06
/joint r_knee 1 0.424388 0.885698 2.07422 1.15105e+06
/joint r_foot 1 0.401892 1.13559 1.98089 1.15105e+06
/joint head 1 0.454053 0.229482 2.24831 1.15108e+06
/joint neck 1 0.460435 0.35163 2.18807 1.15108e+06
/joint l_shoulder 1 0.536804 0.345894 2.19319 1.15108e+06
/joint l_elbow 1 0.575146 0.534148 2.13089 1.15108e+06
/joint l_hand 1 0.580224 0.711125 2.00945 1.15108e+06
/joint r_shoulder 1 0.384065 0.357365 2.18295 1.15108e+06
/joint r_elbow 1 0.359348 0.547405 2.13608 1.15108e+06
/joint r_hand 1 0.34662 0.715333 2.05863 1.15108e+06
/joint torso 1 0.466816 0.481395 2.13438 1.15108e+06
/joint l_hip 1 0.51978 0.607661 2.08382 1.15108e+06
/joint l_knee 1 0.51677 0.877315 2.0795 1.15108e+06
/joint l_foot 1 0.530859 1.12711 1.98012 1.15108e+06
/joint r_hip 1 0.426613 0.614658 2.07757 1.15108e+06
/joint r_knee 1 0.422127 0.884334 2.07986 1.15108e+06
/joint r_foot 1 0.405639 1.13491 1.98601 1.15108e+06
/joint head 1 0.453754 0.227939 2.2565 1.15112e+06
/joint neck 1 0.459882 0.349273 2.19204 1.15112e+06
/joint l_shoulder 1 0.536264 0.343854 2.19733 1.15112e+06
/joint l_elbow 1 0.574101 0.532974 2.1323 1.15112e+06
/joint l_hand 1 0.580418 0.711191 2.011 1.15112e+06
/joint r_shoulder 1 0.383499 0.354692 2.18674 1.15112e+06
/joint r_elbow 1 0.356243 0.546887 2.13059 1.15112e+06
/joint r_hand 1 0.348994 0.715201 2.05532 1.15112e+06
/joint torso 1 0.466028 0.478274 2.13438 1.15112e+06
/joint l_hip 1 0.518767 0.603969 2.07995 1.15112e+06
/joint l_knee 1 0.518235 0.873675 2.07842 1.15112e+06
/joint l_foot 1 0.529657 1.12325 1.97584 1.15112e+06
/joint r_hip 1 0.425582 0.61058 2.0735 1.15112e+06
/joint r_knee 1 0.423851 0.880287 2.07155 1.15112e+06
/joint r_foot 1 0.404684 1.13257 1.99167 1.15112e+06
/joint head 1 0.45277 0.22637 2.25111 1.15115e+06
/joint neck 1 0.459257 0.348645 2.19079 1.15115e+06
/joint l_shoulder 1 0.535617 0.343233 2.19725 1.15115e+06
/joint l_elbow 1 0.574346 0.532629 2.13369 1.15115e+06
/joint l_hand 1 0.5807 0.710571 2.0099 1.15115e+06
/joint r_shoulder 1 0.382897 0.354057 2.18432 1.15115e+06
/joint r_elbow 1 0.354871 0.546084 2.12732 1.15115e+06
/joint r_hand 1 0.349387 0.71539 2.05523 1.15115e+06
/joint torso 1 0.465576 0.478232 2.13626 1.15115e+06
/joint l_hip 1 0.518476 0.604518 2.08567 1.15115e+06
/joint l_knee 1 0.51772 0.874255 2.08519 1.15115e+06
/joint l_foot 1 0.531541 1.1255 1.99383 1.15115e+06
/joint r_hip 1 0.425314 0.61112 2.07779 1.15115e+06
/joint r_knee 1 0.423851 0.880851 2.07879 1.15115e+06
/joint r_foot 1 0.40597 1.13396 2.00281 1.15115e+06
/joint head 1 0.450947 0.227308 2.24988 1.15118e+06
/joint neck 1 0.457964 0.349476 2.18977 1.15118e+06
/joint l_shoulder 1 0.534307 0.343621 2.19625 1.15118e+06
/joint l_elbow 1 0.574382 0.532084 2.13388 1.15118e+06
/joint l_hand 1 0.580622 0.710166 2.01198 1.15118e+06
/joint r_shoulder 1 0.381621 0.355331 2.18329 1.15118e+06
/joint r_elbow 1 0.353913 0.546296 2.12678 1.15118e+06
/joint r_hand 1 0.3514 0.71561 2.05266 1.15118e+06
/joint torso 1 0.4647 0.479172 2.13594 1.15118e+06
/joint l_hip 1 0.518006 0.605296 2.08607 1.15118e+06
/joint l_knee 1 0.517223 0.874959 2.07841 1.15118e+06
/joint l_foot 1 0.532333 1.12635 1.9881 1.15118e+06
/joint r_hip 1 0.424868 0.612439 2.07817 1.15118e+06
/joint r_knee 1 0.424492 0.882172 2.08198 1.15118e+06
/joint r_foot 1 0.404887 1.13226 1.9887 1.15118e+06
/joint head 1 0.450904 0.229086 2.24985 1.15122e+06
/joint neck 1 0.457815 0.351196 2.18925 1.15122e+06
/joint l_shoulder 1 0.534143 0.345412 2.19653 1.15122e+06
/joint l_elbow 1 0.574864 0.532995 2.13514 1.15122e+06
/joint l_hand 1 0.580627 0.709438 2.00893 1.15122e+06
/joint r_shoulder 1 0.381486 0.35698 2.18197 1.15122e+06
/joint r_elbow 1 0.353505 0.544756 2.12418 1.15122e+06
/joint r_hand 1 0.354209 0.713661 2.05275 1.15122e+06
/joint torso 1 0.464628 0.480863 2.13526 1.15122e+06
/joint l_hip 1 0.518003 0.607001 2.08571 1.15122e+06
/joint l_knee 1 0.517717 0.876699 2.07841 1.15122e+06
/joint l_foot 1 0.533529 1.12866 1.99196 1.15122e+06
/joint r_hip 1 0.424881 0.614058 2.07683 1.15122e+06
/joint r_knee 1 0.424725 0.883753 2.08466 1.15122e+06
/joint r_foot 1 0.404501 1.1315 1.97851 1.15122e+06
/joint head 1 0.449856 0.230038 2.24901 1.15125e+06
/joint neck 1 0.456745 0.352099 2.18911 1.15125e+06
/joint l_shoulder 1 0.533085 0.345955 2.19504 1.15125e+06
/joint l_elbow 1 0.573949 0.533661 2.13388 1.15125e+06
/joint l_hand 1 0.579802 0.709845 2.0051 1.15125e+06
/joint r_shoulder 1 0.380405 0.358242 2.18317 1.15125e+06
/joint r_elbow 1 0.353113 0.543497 2.12272 1.15125e+06
/joint r_hand 1 0.356028 0.711766 2.04978 1.15125e+06
/joint torso 1 0.463663 0.481771 2.13518 1.15125e+06
/joint l_hip 1 0.51715 0.607696 2.08487 1.15125e+06
/joint l_knee 1 0.516502 0.877346 2.07411 1.15125e+06
/joint l_foot 1 0.529334 1.13061 1.99488 1.15125e+06
/joint r_hip 1 0.424011 0.615191 2.07763 1.15125e+06
/joint r_knee 1 0.423582 0.884924 2.08118 1.15125e+06
/joint r_foot 1 0.404139 1.13394 1.9805 1.15125e+06
/joint head 1 0.449327 0.232081 2.2482 1.15128e+06
/joint neck 1 0.456606 0.353774 2.18793 1.15128e+06
/joint l_shoulder 1 0.532937 0.347811 2.19471 1.15128e+06
/joint l_elbow 1 0.5735 0.534314 2.13234 1.15128e+06
/joint l_hand 1 0.579321 0.710418 2.00219 1.15128e+06
/joint r_shoulder 1 0.380274 0.359737 2.18116 1.15128e+06
/joint r_elbow 1 0.353322 0.544109 2.12096 1.15128e+06
/joint r_hand 1 0.35512 0.712928 2.05033 1.15128e+06
/joint torso 1 0.463501 0.483453 2.13401 1.15128e+06
/joint l_hip 1 0.516958 0.609493 2.08423 1.15128e+06
/joint l_knee 1 0.517471 0.879086 2.07051 1.15128e+06
/joint l_foot 1 0.528021 1.13341 1.9978 1.15128e+06
/joint r_hip 1 0.423833 0.616769 2.07596 1.15128e+06
/joint r_knee 1 0.423389 0.886521 2.07829 1.15128e+06
/joint r_foot 1 0.406048 1.13617 1.97917 1.15128e+06
/joint head 1 0.450021 0.231769 2.24941 1.15132e+06
/joint neck 1 0.457103 0.35332 2.18889 1.15132e+06
/joint l_shoulder 1 0.533417 0.347656 2.19688 1.15132e+06
/joint l_elbow 1 0.572613 0.529292 2.13347 1.15132e+06
/joint l_hand 1 0.579021 0.704449 2.00471 1.15132e+06
/joint r_shoulder 1 0.380789 0.358985 2.1809 1.15132e+06
/joint r_elbow 1 0.353232 0.543394 2.12176 1.15132e+06
/joint r_hand 1 0.356043 0.712225 2.05226 1.15132e+06
/joint torso 1 0.463938 0.482902 2.13441 1.15132e+06
/joint l_hip 1 0.517327 0.609028 2.08481 1.15132e+06
/joint l_knee 1 0.517413 0.878586 2.06927 1.15132e+06
/joint l_foot 1 0.529884 1.13286 1.99706 1.15132e+06
/joint r_hip 1 0.42422 0.615938 2.07506 1.15132e+06
/joint r_knee 1 0.422081 0.885674 2.07751 1.15132e+06
/joint r_foot 1 0.407759 1.13583 1.9792 1.15132e+06
/joint head 1 0.449925 0.232618 2.24833 1.15135e+06
/joint neck 1 0.457008 0.354245 2.18805 1.15135e+06
/joint l_shoulder 1 0.53334 0.348425 2.19508 1.15135e+06
/joint l_elbow 1 0.572641 0.531019 2.13451 1.15135e+06
/joint l_hand 1 0.576462 0.703891 1.99732 1.15135e+06
/joint r_shoulder 1 0.380676 0.360064 2.18102 1.15135e+06
/joint r_elbow 1 0.353182 0.543841 2.12148 1.15135e+06
/joint r_hand 1 0.354755 0.712524 2.05003 1.15135e+06
/joint torso 1 0.463811 0.483926 2.1341 1.15135e+06
/joint l_hip 1 0.517177 0.610058 2.08443 1.15135e+06
/joint l_knee 1 0.515552 0.879607 2.06893 1.15135e+06
/joint l_foot 1 0.531715 1.13361 1.99757 1.15135e+06
/joint r_hip 1 0.424052 0.617158 2.07585 1.15135e+06
/joint r_knee 1 0.421557 0.886867 2.0814 1.15135e+06
/joint r_foot 1 0.408325 1.13616 1.97759 1.15135e+06
/joint head 1 0.450075 0.231809 2.24808 1.15138e+06
/joint neck 1 0.456843 0.353923 2.18864 1.15138e+06
/joint l_shoulder 1 0.533167 0.348191 2.19621 1.15138e+06
/joint l_elbow 1 0.573032 0.534263 2.13331 1.15138e+06
/joint l_hand 1 0.57104 0.705523 1.99113 1.15138e+06
/joint r_shoulder 1 0.380519 0.359655 2.18106 1.15138e+06
/joint r_elbow 1 0.353351 0.545031 2.12206 1.15138e+06
/joint r_hand 1 0.35376 0.713126 2.04594 1.15138e+06
/joint torso 1 0.463652 0.483685 2.13512 1.15138e+06
/joint l_hip 1 0.517019 0.60995 2.08622 1.15138e+06
/joint l_knee 1 0.515691 0.87948 2.06963 1.15138e+06
/joint l_foot 1 0.529345 1.13436 2.00343 1.15138e+06
/joint r_hip 1 0.423904 0.616944 2.07698 1.15138e+06
/joint r_knee 1 0.42132 0.886667 2.08162 1.15138e+06
/joint r_foot 1 0.407952 1.13595 1.97763 1.15138e+06
/joint head 1 0.45116 0.230795 2.24892 1.15142e+06
/joint neck 1 0.457714 0.353066 2.18952 1.15142e+06
/joint l_shoulder 1 0.534015 0.347933 2.19864 1.15142e+06
/joint l_elbow 1 0.573051 0.533044 2.13275 1.15142e+06
/joint l_hand 1 0.570051 0.705087 1.99297 1.15142e+06
/joint r_shoulder 1 0.381414 0.358198 2.18039 1.15142e+06
/joint r_elbow 1 0.353449 0.546188 2.11995 1.15142e+06
/joint r_hand 1 0.351859 0.714007 2.04356 1.15142e+06
/joint torso 1 0.464228 0.482826 2.13584 1.15142e+06
/joint l_hip 1 0.517289 0.609456 2.08774 1.15142e+06
/joint l_knee 1 0.516722 0.879053 2.07373 1.15142e+06
/joint l_foot 1 0.528512 1.13364 2.00352 1.15142e+06
/joint r_hip 1 0.424195 0.615717 2.0766 1.15142e+06
/joint r_knee 1 0.422383 0.885421 2.07383 1.15142e+06
/joint r_foot 1 0.407145 1.13807 1.99561 1.15142e+06
/joint head 1 0.450949 0.230291 2.2489 1.15145e+06
/joint neck 1 0.45774 0.352977 2.19007 1.15145e+06
/joint l_shoulder 1 0.534032 0.348204 2.19997 1.15145e+06
/joint l_elbow 1 0.57308 0.532976 2.13286 1.15145e+06
/joint l_hand 1 0.569252 0.704062 1.99086 1.15145e+06
/joint r_shoulder 1 0.381448 0.357749 2.18017 1.15145e+06
/joint r_elbow 1 0.35352 0.547244 2.11879 1.15145e+06
/joint r_hand 1 0.351738 0.714975 2.03866 1.15145e+06
/joint torso 1 0.46404 0.482807 2.13667 1.15145e+06
/joint l_hip 1 0.516877 0.609726 2.08931 1.15145e+06
/joint l_knee 1 0.517835 0.879189 2.07098 1.15145e+06
/joint l_foot 1 0.525932 1.13513 2.01161 1.15145e+06
/joint r_hip 1 0.423802 0.615548 2.07724 1.15145e+06
/joint r_knee 1 0.421292 0.885262 2.07798 1.15145e+06
/joint r_foot 1 0.406714 1.13596 1.98546 1.15145e+06
/joint head 1 0.451876 0.230639 2.24981 1.15148e+06
/joint neck 1 0.458426 0.353 2.19077 1.15148e+06
/joint l_shoulder 1 0.534721 0.34867 2.20107 1.15148e+06
/joint l_elbow 1 0.573334 0.534568 2.13263 1.15148e+06
/joint l_hand 1 0.567407 0.705257 1.98981 1.15148e+06
/joint r_shoulder 1 0.382132 0.357331 2.18047 1.15148e+06
/joint r_elbow 1 0.353204 0.547755 2.11956 1.15148e+06
/joint r_hand 1 0.350117 0.714891 2.03747 1.15148e+06
/joint torso 1 0.464386 0.482776 2.13692 1.15148e+06
/joint l_hip 1 0.516886 0.609909 2.08935 1.15148e+06
/joint l_knee 1 0.515986 0.879318 2.06927 1.15148e+06
/joint l_foot 1 0.530483 1.13464 2.00927 1.15148e+06
/joint r_hip 1 0.423806 0.615193 2.07679 1.15148e+06
/joint r_knee 1 0.421428 0.884911 2.08034 1.15148e+06
/joint r_foot 1 0.407133 1.13391 1.97707 1.15148e+06
/joint head 1 0.452312 0.228142 2.25764 1.15152e+06
/joint neck 1 0.458604 0.349743 2.19522 1.15152e+06
/joint l_shoulder 1 0.534858 0.345893 2.20695 1.15152e+06
/joint l_elbow 1 0.573198 0.536044 2.13202 1.15152e+06
/joint l_hand 1 0.566094 0.706652 1.9897 1.15152e+06
/joint r_shoulder 1 0.382349 0.353593 2.1835 1.15152e+06
/joint r_elbow 1 0.353372 0.547586 2.12152 1.15152e+06
/joint r_hand 1 0.349935 0.715241 2.03972 1.15152e+06
/joint torso 1 0.464465 0.478895 2.13816 1.15152e+06
/joint l_hip 1 0.516845 0.605698 2.08824 1.15152e+06
/joint l_knee 1 0.517354 0.87518 2.07028 1.15152e+06
/joint l_foot 1 0.52727 1.13004 2.00262 1.15152e+06
/joint r_hip 1 0.423808 0.610396 2.07394 1.15152e+06
/joint r_knee 1 0.421047 0.880107 2.07899 1.15152e+06
/joint r_foot 1 0.406418 1.12837 1.97112 1.15152e+06
/joint head 1 0.453014 0.225616 2.2624 1.15155e+06
/joint neck 1 0.45888 0.347296 2.1983 1.15155e+06
/joint l_shoulder 1 0.535161 0.343425 2.20936 1.15155e+06
/joint l_elbow 1 0.57254 0.535494 2.13326 1.15155e+06
/joint l_hand 1 0.565793 0.708113 1.99333 1.15155e+06
/joint r_shoulder 1 0.382598 0.351167 2.18725 1.15155e+06
/joint r_elbow 1 0.35325 0.546993 2.12264 1.15155e+06
/joint r_hand 1 0.350121 0.715181 2.04175 1.15155e+06
/joint torso 1 0.464683 0.476131 2.1396 1.15155e+06
/joint l_hip 1 0.517018 0.602605 2.08763 1.15155e+06
/joint l_knee 1 0.515901 0.872205 2.07566 1.15155e+06
/joint l_foot 1 0.528937 1.12557 1.99823 1.15155e+06
/joint r_hip 1 0.423956 0.607328 2.07415 1.15155e+06
/joint r_knee 1 0.420849 0.87699 2.08272 1.15155e+06
/joint r_foot 1 0.409932 1.1266 1.98007 1.15155e+06
/joint head 1 0.453358 0.22559 2.26326 1.15158e+06
/joint neck 1 0.458861 0.347259 2.19851 1.15158e+06
/joint l_shoulder 1 0.535164 0.343331 2.20894 1.15158e+06
/joint l_elbow 1 0.572022 0.535477 2.13503 1.15158e+06
/joint l_hand 1 0.565734 0.708626 1.99308 1.15158e+06
/joint r_shoulder 1 0.382558 0.351188 2.18809 1.15158e+06
/joint r_elbow 1 0.353192 0.546976 2.12408 1.15158e+06
/joint r_hand 1 0.349971 0.715466 2.04254 1.15158e+06
/joint torso 1 0.464622 0.475926 2.13894 1.15158e+06
/joint l_hip 1 0.516929 0.602196 2.08572 1.15158e+06
/joint l_knee 1 0.514467 0.871817 2.07477 1.15158e+06
/joint l_foot 1 0.528805 1.12517 1.99727 1.15158e+06
/joint r_hip 1 0.423839 0.606989 2.073 1.15158e+06
/joint r_knee 1 0.421082 0.876686 2.07981 1.15158e+06
/joint r_foot 1 0.408768 1.1269 1.98081 1.15158e+06
/joint head 1 0.453197 0.227002 2.26403 1.15162e+06
/joint neck 1 0.458737 0.347753 2.19939 1.15162e+06
/joint l_shoulder 1 0.535061 0.343841 2.20922 1.15162e+06
/joint l_elbow 1 0.572605 0.535472 2.13374 1.15162e+06
/joint l_hand 1 0.567146 0.710691 1.99746 1.15162e+06
/joint r_shoulder 1 0.382413 0.351665 2.18955 1.15162e+06
/joint r_elbow 1 0.353016 0.547455 2.12532 1.15162e+06
/joint r_hand 1 0.350665 0.716292 2.04142 1.15162e+06
/joint torso 1 0.464371 0.476389 2.13959 1.15162e+06
/joint l_hip 1 0.516563 0.602639 2.0858 1.15162e+06
/joint l_knee 1 0.513347 0.872297 2.0775 1.15162e+06
/joint l_foot 1 0.52774 1.12499 1.99504 1.15162e+06
/joint r_hip 1 0.423446 0.607412 2.0738 1.15162e+06
/joint r_knee 1 0.420964 0.877139 2.07724 1.15162e+06
/joint r_foot 1 0.407373 1.12909 1.98997 1.15162e+06
/joint head 1 0.453003 0.228934 2.26429 1.15165e+06
/joint neck 1 0.45875 0.349376 2.19937 1.15165e+06
/joint l_shoulder 1 0.535097 0.34502 2.20788 1.15165e+06
/joint l_elbow 1 0.572426 0.535674 2.13513 1.15165e+06
/joint l_hand 1 0.566426 0.710837 1.99975 1.15165e+06
/joint r_shoulder 1 0.382403 0.353733 2.19087 1.15165e+06
/joint r_elbow 1 0.353256 0.546412 2.12328 1.15165e+06
/joint r_hand 1 0.350088 0.716478 2.04462 1.15165e+06
/joint torso 1 0.464539 0.478047 2.13979 1.15165e+06
/joint l_hip 1 0.516903 0.60406 2.08541 1.15165e+06
/joint l_knee 1 0.514068 0.873764 2.0806 1.15165e+06
/joint l_foot 1 0.52973 1.12601 1.99584 1.15165e+06
/joint r_hip 1 0.423753 0.609375 2.07503 1.15165e+06
/joint r_knee 1 0.421819 0.87912 2.07758 1.15165e+06
/joint r_foot 1 0.407621 1.13155 1.99335 1.15165e+06
/joint head 1 0.45456 0.229451 2.25622 1.15168e+06
/joint neck 1 0.459088 0.351534 2.19571 1.15168e+06
/joint l_shoulder 1 0.535496 0.347983 2.20251 1.15168e+06
/joint l_elbow 1 0.572561 0.533976 2.1386 1.15168e+06
/joint l_hand 1 0.567735 0.708775 2.00375 1.15168e+06
/joint r_shoulder 1 0.382679 0.355084 2.18892 1.15168e+06
/joint r_elbow 1 0.353213 0.545855 2.12375 1.15168e+06
/joint r_hand 1 0.351162 0.715838 2.04495 1.15168e+06
/joint torso 1 0.46372 0.480908 2.13938 1.15168e+06
/joint l_hip 1 0.514967 0.608117 2.0872 1.15168e+06
/joint l_knee 1 0.512371 0.877747 2.077 1.15168e+06
/joint l_foot 1 0.528092 1.13126 2.00163 1.15168e+06
/joint r_hip 1 0.42174 0.612449 2.07891 1.15168e+06
/joint r_knee 1 0.418925 0.882183 2.07894 1.15168e+06
/joint r_foot 1 0.407644 1.13474 1.99366 1.15168e+06
/joint head 1 0.455321 0.231123 2.25415 1.15172e+06
/joint neck 1 0.459277 0.353371 2.194 1.15172e+06
/joint l_shoulder 1 0.535727 0.350082 2.19887 1.15172e+06
/joint l_elbow 1 0.573022 0.532618 2.14148 1.15172e+06
/joint l_hand 1 0.568936 0.707353 2.00914 1.15172e+06
/joint r_shoulder 1 0.382826 0.356661 2.18913 1.15172e+06
/joint r_elbow 1 0.353192 0.545834 2.12365 1.15172e+06
/joint r_hand 1 0.350498 0.715762 2.04464 1.15172e+06
/joint torso 1 0.463301 0.48289 2.13816 1.15172e+06
/joint l_hip 1 0.513961 0.610401 2.0853 1.15172e+06
/joint l_knee 1 0.512912 0.87994 2.07031 1.15172e+06
/joint l_foot 1 0.529668 1.13354 1.99613 1.15172e+06
/joint r_hip 1 0.420688 0.614415 2.07936 1.15172e+06
/joint r_knee 1 0.419461 0.884139 2.07523 1.15172e+06
/joint r_foot 1 0.407904 1.1363 1.98727 1.15172e+06
/joint head 1 0.455378 0.230261 2.25079 1.15175e+06
/joint neck 1 0.458203 0.353867 2.19325 1.15175e+06
/joint l_shoulder 1 0.534695 0.351756 2.1952 1.15175e+06
/joint l_elbow 1 0.572276 0.533498 2.13868 1.15175e+06
/joint l_hand 1 0.57075 0.708582 2.01223 1.15175e+06
/joint r_shoulder 1 0.381711 0.355977 2.1913 1.15175e+06
/joint r_elbow 1 0.352971 0.541139 2.12798 1.15175e+06
/joint r_hand 1 0.348418 0.71176 2.05295 1.15175e+06
/joint torso 1 0.460562 0.483834 2.13952 1.15175e+06
/joint l_hip 1 0.50959 0.612514 2.08698 1.15175e+06
/joint l_knee 1 0.509552 0.88202 2.07 1.15175e+06
/joint l_foot 1 0.527282 1.13616 2.00103 1.15175e+06
/joint r_hip 1 0.41625 0.615089 2.0846 1.15175e+06
/joint r_knee 1 0.416844 0.884759 2.07608 1.15175e+06
/joint r_foot 1 0.402011 1.13775 1.99632 1.15175e+06
/joint head 1 0.456783 0.229249 2.24905 1.15178e+06
/joint neck 1 0.458884 0.353674 2.19269 1.15178e+06
/joint l_shoulder 1 0.535393 0.352648 2.19512 1.15178e+06
/joint l_elbow 1 0.572884 0.53891 2.13413 1.15178e+06
/joint l_hand 1 0.569913 0.713486 2.00607 1.15178e+06
/joint r_shoulder 1 0.382374 0.3547 2.19027 1.15178e+06
/joint r_elbow 1 0.353462 0.538871 2.13137 1.15178e+06
/joint r_hand 1 0.34745 0.709435 2.0564 1.15178e+06
/joint torso 1 0.460278 0.483969 2.1406 1.15178e+06
/joint l_hip 1 0.50834 0.613639 2.08999 1.15178e+06
/joint l_knee 1 0.513438 0.882978 2.07271 1.15178e+06
/joint l_foot 1 0.530171 1.13714 2.00274 1.15178e+06
/joint r_hip 1 0.415006 0.614891 2.08704 1.15178e+06
/joint r_knee 1 0.420062 0.884381 2.07572 1.15178e+06
/joint r_foot 1 0.404313 1.13588 1.98674 1.15178e+06
/joint head 1 0.456247 0.228825 2.24824 1.15182e+06
/joint neck 1 0.458024 0.353218 2.19299 1.15182e+06
/joint l_shoulder 1 0.534542 0.351836 2.1934 1.15182e+06
/joint l_elbow 1 0.573942 0.538713 2.13379 1.15182e+06
/joint l_hand 1 0.572733 0.713603 2.00683 1.15182e+06
/joint r_shoulder 1 0.381507 0.354601 2.19258 1.15182e+06
/joint r_elbow 1 0.353741 0.536775 2.1342 1.15182e+06
/joint r_hand 1 0.346569 0.70686 2.05719 1.15182e+06
/joint torso 1 0.459417 0.483568 2.14112 1.15182e+06
/joint l_hip 1 0.507486 0.613073 2.0895 1.15182e+06
/joint l_knee 1 0.513363 0.882369 2.07019 1.15182e+06
/joint l_foot 1 0.530925 1.13602 1.99697 1.15182e+06
/joint r_hip 1 0.414135 0.61476 2.08901 1.15182e+06
/joint r_knee 1 0.419932 0.884201 2.07483 1.15182e+06
/joint r_foot 1 0.406736 1.1351 1.98038 1.15182e+06
/joint head 1 0.45734 0.228257 2.25079 1.15185e+06
/joint neck 1 0.458708 0.352242 2.19487 1.15185e+06
/joint l_shoulder 1 0.535234 0.350992 2.19503 1.15185e+06
/joint l_elbow 1 0.574114 0.537912 2.13854 1.15185e+06
/joint l_hand 1 0.574436 0.713248 2.01117 1.15185e+06
/joint r_shoulder 1 0.382181 0.353492 2.1947 1.15185e+06
/joint r_elbow 1 0.353899 0.536181 2.13475 1.15185e+06
/joint r_hand 1 0.347515 0.706609 2.05914 1.15185e+06
/joint torso 1 0.459931 0.482414 2.14196 1.15185e+06
/joint l_hip 1 0.507833 0.611823 2.08914 1.15185e+06
/joint l_knee 1 0.513964 0.881125 2.0695 1.15185e+06
/joint l_foot 1 0.531749 1.13479 1.9965 1.15185e+06
/joint r_hip 1 0.414477 0.613348 2.08895 1.15185e+06
/joint r_knee 1 0.421079 0.882582 2.06878 1.15185e+06
/joint r_foot 1 0.407224 1.13546 1.9883 1.15185e+06
/joint head 1 0.456789 0.229557 2.25066 1.15188e+06
/joint neck 1 0.458716 0.353759 2.19469 1.15188e+06
/joint l_shoulder 1 0.535242 0.352327 2.19581 1.15188e+06
/joint l_elbow 1 0.574113 0.536896 2.13972 1.15188e+06
/joint l_hand 1 0.575136 0.712756 2.01381 1.15188e+06
/joint r_shoulder 1 0.382191 0.355192 2.19357 1.15188e+06
/joint r_elbow 1 0.353822 0.534931 2.13752 1.15188e+06
/joint r_hand 1 0.347926 0.705583 2.06286 1.15188e+06
/joint torso 1 0.46028 0.483946 2.14187 1.15188e+06
/joint l_hip 1 0.508523 0.613259 2.08974 1.15188e+06
/joint l_knee 1 0.514935 0.882618 2.07195 1.15188e+06
/joint l_foot 1 0.529752 1.13529 1.98986 1.15188e+06
/joint r_hip 1 0.415163 0.615007 2.08838 1.15188e+06
/joint r_knee 1 0.421331 0.884282 2.06803 1.15188e+06
/joint r_foot 1 0.408107 1.13774 1.99052 1.15188e+06
/joint head 1 0.457084 0.230231 2.25021 1.15192e+06
/joint neck 1 0.459081 0.35449 2.19419 1.15192e+06
/joint l_shoulder 1 0.535603 0.352905 2.19608 1.15192e+06
/joint l_elbow 1 0.574094 0.535599 2.13997 1.15192e+06
/joint l_hand 1 0.574234 0.711846 2.01455 1.15192e+06
/joint r_shoulder 1 0.382559 0.356075 2.1923 1.15192e+06
/joint r_elbow 1 0.352968 0.535703 2.13819 1.15192e+06
/joint r_hand 1 0.349813 0.706026 2.06139 1.15192e+06
/joint torso 1 0.460924 0.484677 2.14141 1.15192e+06
/joint l_hip 1 0.509445 0.613897 2.08977 1.15192e+06
/joint l_knee 1 0.514781 0.883291 2.07162 1.15192e+06
/joint l_foot 1 0.530959 1.13613 1.99136 1.15192e+06
/joint r_hip 1 0.416088 0.615831 2.08747 1.15192e+06
/joint r_knee 1 0.422151 0.885125 2.0671 1.15192e+06
/joint r_foot 1 0.408736 1.13924 1.99441 1.15192e+06
/joint head 1 0.456756 0.230156 2.24993 1.15195e+06
/joint neck 1 0.459114 0.354832 2.19405 1.15195e+06
/joint l_shoulder 1 0.535629 0.353399 2.19702 1.15195e+06
/joint l_elbow 1 0.573955 0.535774 2.14151 1.15195e+06
/joint l_hand 1 0.576207 0.711825 2.01512 1.15195e+06
/joint r_shoulder 1 0.3826 0.356264 2.19108 1.15195e+06
/joint r_elbow 1 0.353119 0.536847 2.13884 1.15195e+06
/joint r_hand 1 0.350406 0.706592 2.0591 1.15195e+06
/joint torso 1 0.460993 0.485129 2.14188 1.15195e+06
/joint l_hip 1 0.509546 0.614552 2.09152 1.15195e+06
/joint l_knee 1 0.514238 0.883899 2.07119 1.15195e+06
/joint l_foot 1 0.530187 1.13721 1.99404 1.15195e+06
/joint r_hip 1 0.416196 0.6163 2.08789 1.15195e+06
/joint r_knee 1 0.42138 0.885691 2.06949 1.15195e+06
/joint r_foot 1 0.407123 1.13878 1.98976 1.15195e+06
/joint head 1 0.456299 0.231715 2.24908 1.15198e+06
/joint neck 1 0.458957 0.356126 2.19364 1.15198e+06
/joint l_shoulder 1 0.535474 0.354154 2.19495 1.15198e+06
/joint l_elbow 1 0.574076 0.535316 2.14062 1.15198e+06
/joint l_hand 1 0.575082 0.711773 2.01487 1.15198e+06
/joint r_shoulder 1 0.38244 0.358099 2.19233 1.15198e+06
/joint r_elbow 1 0.353112 0.540063 2.13942 1.15198e+06
/joint r_hand 1 0.351602 0.708464 2.05594 1.15198e+06
/joint torso 1 0.46107 0.486366 2.14118 1.15198e+06
/joint l_hip 1 0.50986 0.615402 2.08952 1.15198e+06
/joint l_knee 1 0.515507 0.884595 2.06596 1.15198e+06
/joint l_foot 1 0.527679 1.13896 1.99445 1.15198e+06
/joint r_hip 1 0.416505 0.617809 2.08792 1.15198e+06
/joint r_knee 1 0.421765 0.887272 2.07211 1.15198e+06
/joint r_foot 1 0.40814 1.13927 1.98464 1.15198e+06
/joint head 1 0.457432 0.231227 2.24888 1.15202e+06
/joint neck 1 0.459706 0.355979 2.19378 1.15202e+06
/joint l_shoulder 1 0.536221 0.353921 2.19569 1.15202e+06
/joint l_elbow 1 0.5739 0.535316 2.13867 1.15202e+06
/joint l_hand 1 0.575007 0.71114 2.01195 1.15202e+06
/joint r_shoulder 1 0.383191 0.358037 2.19187 1.15202e+06
/joint r_elbow 1 0.352875 0.541382 2.13618 1.15202e+06
/joint r_hand 1 0.354401 0.709494 2.05395 1.15202e+06
/joint torso 1 0.462002 0.48632 2.14191 1.15202e+06
/joint l_hip 1 0.51097 0.615405 2.09122 1.15202e+06
/joint l_knee 1 0.515895 0.884817 2.07442 1.15202e+06
/joint l_foot 1 0.529793 1.13754 1.99238 1.15202e+06
/joint r_hip 1 0.417624 0.617915 2.08888 1.15202e+06
/joint r_knee 1 0.42249 0.887443 2.07509 1.15202e+06
/joint r_foot 1 0.409044 1.13786 1.97801 1.15202e+06
/joint head 1 0.456845 0.233793 2.24831 1.15205e+06
/joint neck 1 0.459632 0.357967 2.19288 1.15205e+06
/joint l_shoulder 1 0.536143 0.355529 2.19447 1.15205e+06
/joint l_elbow 1 0.573985 0.53609 2.14011 1.15205e+06
/joint l_hand 1 0.575254 0.711212 2.0096 1.15205e+06
/joint r_shoulder 1 0.38312 0.360404 2.19128 1.15205e+06
/joint r_elbow 1 0.352539 0.543986 2.13276 1.15205e+06
/joint r_hand 1 0.352971 0.71258 2.05356 1.15205e+06
/joint torso 1 0.462238 0.488183 2.14037 1.15205e+06
/joint l_hip 1 0.511517 0.616912 2.08884 1.15205e+06
/joint l_knee 1 0.515854 0.886426 2.07468 1.15205e+06
/joint l_foot 1 0.527196 1.13861 1.9873 1.15205e+06
/joint r_hip 1 0.418172 0.619885 2.0869 1.15205e+06
/joint r_knee 1 0.42213 0.889482 2.07519 1.15205e+06
/joint r_foot 1 0.40953 1.13809 1.96795 1.15205e+06
/joint head 1 0.456457 0.233323 2.24903 1.15208e+06
/joint neck 1 0.459438 0.357507 2.1935 1.15208e+06
/joint l_shoulder 1 0.535944 0.354838 2.19308 1.15208e+06
/joint l_elbow 1 0.574106 0.536786 2.13795 1.15208e+06
/joint l_hand 1 0.575523 0.711479 2.00922 1.15208e+06
/joint r_shoulder 1 0.382931 0.360177 2.19391 1.15208e+06
/joint r_elbow 1 0.352447 0.545699 2.13207 1.15208e+06
/joint r_hand 1 0.353235 0.714419 2.05494 1.15208e+06
/joint torso 1 0.461922 0.487756 2.14115 1.15208e+06
/joint l_hip 1 0.51108 0.616377 2.08855 1.15208e+06
/joint l_knee 1 0.514631 0.885809 2.0705 1.15208e+06
/joint l_foot 1 0.52792 1.13902 1.99133 1.15208e+06
/joint r_hip 1 0.417734 0.619634 2.08906 1.15208e+06
/joint r_knee 1 0.420636 0.889161 2.0736 1.15208e+06
/joint r_foot 1 0.408912 1.13971 1.97669 1.15208e+06
/joint head 1 0.456964 0.231565 2.24817 1.15212e+06
/joint neck 1 0.459686 0.356184 2.19359 1.15212e+06
/joint l_shoulder 1 0.5362 0.353879 2.19419 1.15212e+06
/joint l_elbow 1 0.574371 0.536903 2.13813 1.15212e+06
/joint l_hand 1 0.574459 0.710946 2.01037 1.15212e+06
/joint r_shoulder 1 0.383171 0.35849 2.193 1.15212e+06
/joint r_elbow 1 0.353191 0.547285 2.13385 1.15212e+06
/joint r_hand 1 0.356502 0.715831 2.05993 1.15212e+06
/joint torso 1 0.461995 0.486582 2.14205 1.15212e+06
/joint l_hip 1 0.510978 0.615573 2.09088 1.15212e+06
/joint l_knee 1 0.515155 0.885056 2.07485 1.15212e+06
/joint l_foot 1 0.531475 1.13669 1.98726 1.15212e+06
/joint r_hip 1 0.417631 0.618385 2.09015 1.15212e+06
/joint r_knee 1 0.421106 0.887819 2.07173 1.15212e+06
/joint r_foot 1 0.407786 1.13907 1.9795 1.15212e+06
/joint head 1 0.456774 0.230307 2.25723 1.15215e+06
/joint neck 1 0.459569 0.353906 2.19865 1.15215e+06
/joint l_shoulder 1 0.536084 0.351624 2.19981 1.15215e+06
/joint l_elbow 1 0.574296 0.538512 2.13828 1.15215e+06
/joint l_hand 1 0.572755 0.712031 2.01055 1.15215e+06
/joint r_shoulder 1 0.383053 0.356187 2.1975 1.15215e+06
/joint r_elbow 1 0.355359 0.542554 2.13664 1.15215e+06
/joint r_hand 1 0.354496 0.711822 2.06473 1.15215e+06
/joint torso 1 0.461952 0.483626 2.14353 1.15215e+06
/joint l_hip 1 0.511009 0.611953 2.08911 1.15215e+06
/joint l_knee 1 0.516823 0.881363 2.07231 1.15215e+06
/joint l_foot 1 0.529724 1.13307 1.9827 1.15215e+06
/joint r_hip 1 0.417661 0.614737 2.0877 1.15215e+06
/joint r_knee 1 0.421668 0.88402 2.06532 1.15215e+06
/joint r_foot 1 0.405839 1.1372 1.9891 1.15215e+06
/joint head 1 0.457202 0.230893 2.25261 1.15218e+06
/joint neck 1 0.460051 0.355159 2.19629 1.15218e+06
/joint l_shoulder 1 0.536568 0.352908 2.19751 1.15218e+06
/joint l_elbow 1 0.573867 0.539811 2.13622 1.15218e+06
/joint l_hand 1 0.570732 0.712357 2.00662 1.15218e+06
/joint r_shoulder 1 0.383533 0.357409 2.19508 1.15218e+06
/joint r_elbow 1 0.355357 0.538755 2.13862 1.15218e+06
/joint r_hand 1 0.353913 0.708319 2.06705 1.15218e+06
/joint torso 1 0.462414 0.485271 2.14326 1.15218e+06
/joint l_hip 1 0.511452 0.614009 2.09097 1.15218e+06
/joint l_knee 1 0.515601 0.883536 2.07685 1.15218e+06
/joint l_foot 1 0.530923 1.13529 1.98883 1.15218e+06
/joint r_hip 1 0.418101 0.616755 2.08949 1.15218e+06
/joint r_knee 1 0.422268 0.886206 2.07298 1.15218e+06
/joint r_foot 1 0.40724 1.13823 1.98751 1.15218e+06
/joint head 1 0.456726 0.23266 2.25079 1.15222e+06
/joint neck 1 0.459349 0.356871 2.19519 1.15222e+06
/joint l_shoulder 1 0.535858 0.354214 2.19489 1.15222e+06
/joint l_elbow 1 0.573646 0.538891 2.13519 1.15222e+06
/joint l_hand 1 0.572026 0.712047 2.00835 1.15222e+06
/joint r_shoulder 1 0.382839 0.359527 2.19549 1.15222e+06
/joint r_elbow 1 0.355456 0.538774 2.13973 1.15222e+06
/joint r_hand 1 0.354467 0.708181 2.06669 1.15222e+06
/joint torso 1 0.461839 0.487068 2.14261 1.15222e+06
/joint l_hip 1 0.511003 0.615644 2.08984 1.15222e+06
/joint l_knee 1 0.513747 0.885154 2.07366 1.15222e+06
/joint l_foot 1 0.533385 1.1364 1.98592 1.15222e+06
/joint r_hip 1 0.417656 0.618885 2.09021 1.15222e+06
/joint r_knee 1 0.421024 0.888365 2.0734 1.15222e+06
/joint r_foot 1 0.406301 1.14035 1.98666 1.15222e+06
/joint head 1 0.457954 0.230168 2.25021 1.15225e+06
/joint neck 1 0.460447 0.354743 2.19628 1.15225e+06
/joint l_shoulder 1 0.536959 0.352168 2.19695 1.15225e+06
/joint l_elbow 1 0.574117 0.537929 2.13908 1.15225e+06
/joint l_hand 1 0.573041 0.711843 2.01163 1.15225e+06
/joint r_shoulder 1 0.383936 0.357317 2.19561 1.15225e+06
/joint r_elbow 1 0.355593 0.541303 2.14086 1.15225e+06
/joint r_hand 1 0.355149 0.710865 2.0683 1.15225e+06
/joint torso 1 0.463027 0.485108 2.14464 1.15225e+06
/joint l_hip 1 0.51228 0.613903 2.09341 1.15225e+06
/joint l_knee 1 0.515947 0.883294 2.07389 1.15225e+06
/joint l_foot 1 0.535087 1.13659 2.00131 1.15225e+06
/joint r_hip 1 0.418935 0.617044 2.09259 1.15225e+06
/joint r_knee 1 0.422302 0.886435 2.07272 1.15225e+06
/joint r_foot 1 0.409227 1.13888 1.98766 1.15225e+06
/joint head 1 0.45788 0.227392 2.24954 1.15228e+06
/joint neck 1 0.460743 0.352895 2.19747 1.15228e+06
/joint l_shoulder 1 0.537255 0.350545 2.19911 1.15228e+06
/joint l_elbow 1 0.574364 0.536415 2.14139 1.15228e+06
/joint l_hand 1 0.573047 0.711248 2.01299 1.15228e+06
/joint r_shoulder 1 0.384231 0.355246 2.19584 1.15228e+06
/joint r_elbow 1 0.354362 0.542755 2.13902 1.15228e+06
/joint r_hand 1 0.355879 0.71115 2.06463 1.15228e+06
/joint torso 1 0.463269 0.483488 2.14713 1.15228e+06
/joint l_hip 1 0.512468 0.612647 2.09779 1.15228e+06
/joint l_knee 1 0.514633 0.881973 2.07558 1.15228e+06
/joint l_foot 1 0.535368 1.13505 2.00207 1.15228e+06
/joint r_hip 1 0.419121 0.615515 2.09579 1.15228e+06
/joint r_knee 1 0.421754 0.884881 2.07458 1.15228e+06
/joint r_foot 1 0.408963 1.1365 1.98393 1.15228e+06
/joint head 1 0.457386 0.227484 2.24881 1.15232e+06
/joint neck 1 0.460313 0.353249 2.1967 1.15232e+06
/joint l_shoulder 1 0.536824 0.350626 2.19761 1.15232e+06
/joint l_elbow 1 0.573676 0.540016 2.13883 1.15232e+06
/joint l_hand 1 0.571028 0.71487 2.00832 1.15232e+06
/joint r_shoulder 1 0.383802 0.355871 2.19578 1.15232e+06
/joint r_elbow 1 0.353912 0.543557 2.1395 1.15232e+06
/joint r_hand 1 0.356366 0.711361 2.06355 1.15232e+06
/joint torso 1 0.462981 0.483906 2.14674 1.15232e+06
/joint l_hip 1 0.512322 0.612964 2.09735 1.15232e+06
/joint l_knee 1 0.517404 0.882186 2.07466 1.15232e+06
/joint l_foot 1 0.529633 1.13492 1.99313 1.15232e+06
/joint r_hip 1 0.418978 0.616163 2.09623 1.15232e+06
/joint r_knee 1 0.4209 0.88527 2.06892 1.15232e+06
/joint r_foot 1 0.408243 1.13808 1.98619 1.15232e+06
/joint head 1 0.458296 0.228595 2.25052 1.15235e+06
/joint neck 1 0.460456 0.354052 2.19762 1.15235e+06
/joint l_shoulder 1 0.536963 0.351291 2.19696 1.15235e+06
/joint l_elbow 1 0.573755 0.539802 2.13891 1.15235e+06
/joint l_hand 1 0.57017 0.714877 2.00865 1.15235e+06
/joint r_shoulder 1 0.38395 0.356812 2.19827 1.15235e+06
/joint r_elbow 1 0.355087 0.54653 2.13666 1.15235e+06
/joint r_hand 1 0.35488 0.713591 2.06394 1.15235e+06
/joint torso 1 0.462997 0.484575 2.14685 1.15235e+06
/joint l_hip 1 0.512209 0.613414 2.09569 1.15235e+06
/joint l_knee 1 0.515356 0.882688 2.07278 1.15235e+06
/joint l_foot 1 0.532398 1.13571 1.99628 1.15235e+06
/joint r_hip 1 0.418866 0.616782 2.09649 1.15235e+06
/joint r_knee 1 0.420761 0.886043 2.07259 1.15235e+06
/joint r_foot 1 0.408087 1.13833 1.98613 1.15235e+06
/joint head 1 0.45818 0.228664 2.24918 1.15239e+06
/joint neck 1 0.460545 0.354203 2.19745 1.15239e+06
/joint l_shoulder 1 0.537057 0.351572 2.197 1.15239e+06
/joint l_elbow 1 0.573809 0.542027 2.13803 1.15239e+06
/joint l_hand 1 0.571309 0.717633 2.0091 1.15239e+06
/joint r_shoulder 1 0.384033 0.356834 2.19791 1.15239e+06
/joint r_elbow 1 0.355881 0.547682 2.13409 1.15239e+06
/joint r_hand 1 0.357052 0.715397 2.06776 1.15239e+06
/joint torso 1 0.462999 0.484912 2.14776 1.15239e+06
/joint l_hip 1 0.512125 0.614017 2.0978 1.15239e+06
/joint l_knee 1 0.51588 0.883344 2.07634 1.15239e+06
/joint l_foot 1 0.529898 1.13692 2.00066 1.15239e+06
/joint r_hip 1 0.418782 0.617226 2.09835 1.15239e+06
/joint r_knee 1 0.42064 0.886548 2.07568 1.15239e+06
/joint r_foot 1 0.408116 1.13833 1.98575 1.15239e+06
/joint head 1 0.457968 0.228382 2.24829 1.15242e+06
/joint neck 1 0.460873 0.354046 2.19693 1.15242e+06
/joint l_shoulder 1 0.537381 0.351379 2.19787 1.15242e+06
/joint l_elbow 1 0.573408 0.5408 2.13783 1.15242e+06
/joint l_hand 1 0.570308 0.716561 2.01053 1.15242e+06
/joint r_shoulder 1 0.384364 0.356713 2.19599 1.15242e+06
/joint r_elbow 1 0.356048 0.5491 2.13645 1.15242e+06
/joint r_hand 1 0.358512 0.716312 2.06754 1.15242e+06
/joint torso 1 0.463588 0.484827 2.14772 1.15242e+06
/joint l_hip 1 0.512975 0.613982 2.09908 1.15242e+06
/joint l_knee 1 0.518998 0.883285 2.07937 1.15242e+06
/joint l_foot 1 0.529677 1.13622 1.99693 1.15242e+06
/joint r_hip 1 0.419631 0.617236 2.09793 1.15242e+06
/joint r_knee 1 0.421978 0.886342 2.07051 1.15242e+06
/joint r_foot 1 0.408691 1.13924 1.98872 1.15242e+06
/joint head 1 0.458658 0.228992 2.24995 1.15245e+06
/joint neck 1 0.460906 0.354741 2.19796 1.15245e+06
/joint l_shoulder 1 0.537425 0.352541 2.19848 1.15245e+06
/joint l_elbow 1 0.573699 0.543668 2.1381 1.15245e+06
/joint l_hand 1 0.569923 0.718709 2.00793 1.15245e+06
/joint r_shoulder 1 0.384387 0.356941 2.19744 1.15245e+06
/joint r_elbow 1 0.356585 0.543239 2.14256 1.15245e+06
/joint r_hand 1 0.356289 0.711302 2.07012 1.15245e+06
/joint torso 1 0.463104 0.485417 2.14802 1.15245e+06
/joint l_hip 1 0.511979 0.614752 2.09841 1.15245e+06
/joint l_knee 1 0.516271 0.883815 2.07179 1.15245e+06
/joint l_foot 1 0.529128 1.13807 2.00091 1.15245e+06
/joint r_hip 1 0.418625 0.617436 2.09777 1.15245e+06
/joint r_knee 1 0.420479 0.886637 2.07212 1.15245e+06
/joint r_foot 1 0.405334 1.1383 1.98345 1.15245e+06
/joint head 1 0.45847 0.231323 2.24919 1.15249e+06
/joint neck 1 0.460597 0.356896 2.19704 1.15249e+06
/joint l_shoulder 1 0.537112 0.354414 2.19697 1.15249e+06
/joint l_elbow 1 0.573519 0.544169 2.13967 1.15249e+06
/joint l_hand 1 0.571224 0.720524 2.01221 1.15249e+06
/joint r_shoulder 1 0.384081 0.359379 2.19712 1.15249e+06
/joint r_elbow 1 0.356568 0.544369 2.14457 1.15249e+06
/joint r_hand 1 0.356013 0.711069 2.07116 1.15249e+06
/joint torso 1 0.462968 0.487517 2.14681 1.15249e+06
/joint l_hip 1 0.512014 0.616624 2.09653 1.15249e+06
/joint l_knee 1 0.516523 0.885618 2.0679 1.15249e+06
/joint l_foot 1 0.529088 1.14046 2.0008 1.15249e+06
/joint r_hip 1 0.418664 0.619653 2.09662 1.15249e+06
/joint r_knee 1 0.421134 0.888805 2.06988 1.15249e+06
/joint r_foot 1 0.406296 1.14106 1.98462 1.15249e+06
/joint head 1 0.457627 0.233883 2.24842 1.15252e+06
/joint neck 1 0.460412 0.358917 2.19602 1.15252e+06
/joint l_shoulder 1 0.536922 0.356173 2.19526 1.15252e+06
/joint l_elbow 1 0.573446 0.545224 2.13971 1.15252e+06
/joint l_hand 1 0.570601 0.721336 2.01154 1.15252e+06
/joint r_shoulder 1 0.383902 0.361661 2.19678 1.15252e+06
/joint r_elbow 1 0.357504 0.541041 2.14666 1.15252e+06
/joint r_hand 1 0.3553 0.709165 2.07367 1.15252e+06
/joint torso 1 0.46292 0.489456 2.14534 1.15252e+06
/joint l_hip 1 0.5121 0.618322 2.09419 1.15252e+06
/joint l_knee 1 0.518278 0.887384 2.06832 1.15252e+06
/joint l_foot 1 0.528521 1.14193 1.99703 1.15252e+06
/joint r_hip 1 0.418756 0.62167 2.09511 1.15252e+06
/joint r_knee 1 0.420904 0.890969 2.07197 1.15252e+06
/joint r_foot 1 0.40559 1.14092 1.97362 1.15252e+06
/joint head 1 0.458238 0.231552 2.24775 1.15256e+06
/joint neck 1 0.461173 0.357247 2.19651 1.15256e+06
/joint l_shoulder 1 0.53768 0.354338 2.19587 1.15256e+06
/joint l_elbow 1 0.573601 0.545203 2.13842 1.15256e+06
/joint l_hand 1 0.571534 0.72203 2.01456 1.15256e+06
/joint r_shoulder 1 0.384665 0.360157 2.19715 1.15256e+06
/joint r_elbow 1 0.357729 0.54022 2.14755 1.15256e+06
/joint r_hand 1 0.353197 0.708541 2.07258 1.15256e+06
/joint torso 1 0.463865 0.487967 2.14693 1.15256e+06
/joint l_hip 1 0.513226 0.616912 2.09695 1.15256e+06
/joint l_knee 1 0.517256 0.886317 2.08216 1.15256e+06
/joint l_foot 1 0.533496 1.13809 1.99673 1.15256e+06
/joint r_hip 1 0.419887 0.620461 2.09773 1.15256e+06
/joint r_knee 1 0.421779 0.889724 2.07339 1.15256e+06
/joint r_foot 1 0.40769 1.14142 1.98481 1.15256e+06
/joint head 1 0.458404 0.229345 2.24801 1.15259e+06
/joint neck 1 0.461331 0.35553 2.1977 1.15259e+06
/joint l_shoulder 1 0.537839 0.352889 2.19868 1.15259e+06
/joint l_elbow 1 0.573127 0.54579 2.13801 1.15259e+06
/joint l_hand 1 0.571898 0.722106 2.01201 1.15259e+06
/joint r_shoulder 1 0.384822 0.35817 2.19672 1.15259e+06
/joint r_elbow 1 0.3573 0.537517 2.15157 1.15259e+06
/joint r_hand 1 0.353458 0.70558 2.07344 1.15259e+06
/joint torso 1 0.464026 0.48633 2.14859 1.15259e+06
/joint l_hip 1 0.513395 0.615518 2.10007 1.15259e+06
/joint l_knee 1 0.515117 0.884821 2.07952 1.15259e+06
/joint l_foot 1 0.534331 1.13751 2.00247 1.15259e+06
/joint r_hip 1 0.420048 0.61874 2.09888 1.15259e+06
/joint r_knee 1 0.42126 0.888128 2.07786 1.15259e+06
/joint r_foot 1 0.407378 1.13693 1.9732 1.15259e+06
/joint head 1 0.458624 0.231331 2.24776 1.15262e+06
/joint neck 1 0.461356 0.357817 2.1973 1.15262e+06
/joint l_shoulder 1 0.537871 0.355478 2.19704 1.15262e+06
/joint l_elbow 1 0.572932 0.546359 2.13884 1.15262e+06
/joint l_hand 1 0.570457 0.722037 2.00774 1.15262e+06
/joint r_shoulder 1 0.38484 0.360157 2.19757 1.15262e+06
/joint r_elbow 1 0.357402 0.540349 2.15168 1.15262e+06
/joint r_hand 1 0.354795 0.707599 2.07234 1.15262e+06
/joint torso 1 0.463562 0.488617 2.1481 1.15262e+06
/joint l_hip 1 0.512444 0.617989 2.09873 1.15262e+06
/joint l_knee 1 0.513992 0.886874 2.06861 1.15262e+06
/joint l_foot 1 0.530432 1.14146 2.00437 1.15262e+06
/joint r_hip 1 0.419094 0.620843 2.09905 1.15262e+06
/joint r_knee 1 0.420029 0.889973 2.07203 1.15262e+06
/joint r_foot 1 0.407083 1.1418 1.98548 1.15262e+06
/joint head 1 0.458493 0.230382 2.248 1.15266e+06
/joint neck 1 0.460959 0.356981 2.19819 1.15266e+06
/joint l_shoulder 1 0.537482 0.35502 2.19853 1.15266e+06
/joint l_elbow 1 0.573051 0.546956 2.13905 1.15266e+06
/joint l_hand 1 0.571582 0.723311 2.01169 1.15266e+06
/joint r_shoulder 1 0.384436 0.358943 2.19786 1.15266e+06
/joint r_elbow 1 0.358101 0.538086 2.15247 1.15266e+06
/joint r_hand 1 0.354739 0.705899 2.07359 1.15266e+06
/joint torso 1 0.462898 0.487818 2.14916 1.15266e+06
/joint l_hip 1 0.511517 0.617458 2.10033 1.15266e+06
/joint l_knee 1 0.514561 0.886417 2.07102 1.15266e+06
/joint l_foot 1 0.52817 1.14119 2.00476 1.15266e+06
/joint r_hip 1 0.418159 0.61985 2.09992 1.15266e+06
/joint r_knee 1 0.420348 0.888886 2.07092 1.15266e+06
/joint r_foot 1 0.406789 1.14138 1.98765 1.15266e+06
/joint head 1 0.458474 0.230439 2.24785 1.15269e+06
/joint neck 1 0.460805 0.356946 2.19821 1.15269e+06
/joint l_shoulder 1 0.537327 0.354916 2.19886 1.15269e+06
/joint l_elbow 1 0.573199 0.547366 2.14006 1.15269e+06
/joint l_hand 1 0.570288 0.723097 2.00952 1.15269e+06
/joint r_shoulder 1 0.384282 0.358976 2.19757 1.15269e+06
/joint r_elbow 1 0.357524 0.542201 2.14849 1.15269e+06
/joint r_hand 1 0.356678 0.710193 2.07307 1.15269e+06
/joint torso 1 0.46286 0.487906 2.14994 1.15269e+06
/joint l_hip 1 0.511595 0.617627 2.10207 1.15269e+06
/joint l_knee 1 0.515739 0.886533 2.07156 1.15269e+06
/joint l_foot 1 0.529219 1.14124 2.00384 1.15269e+06
/joint r_hip 1 0.418237 0.620104 2.10128 1.15269e+06
/joint r_knee 1 0.42147 0.889284 2.07593 1.15269e+06
/joint r_foot 1 0.406144 1.1404 1.98457 1.15269e+06
/joint head 1 0.459243 0.229337 2.24966 1.15272e+06
/joint neck 1 0.461642 0.355831 2.19993 1.15272e+06
/joint l_shoulder 1 0.53817 0.354298 2.201 1.15272e+06
/joint l_elbow 1 0.5734 0.547488 2.14048 1.15272e+06
/joint l_hand 1 0.571443 0.723804 2.01361 1.15272e+06
/joint r_shoulder 1 0.385114 0.357364 2.19886 1.15272e+06
/joint r_elbow 1 0.356579 0.54575 2.14843 1.15272e+06
/joint r_hand 1 0.357891 0.713936 2.07662 1.15272e+06
/joint torso 1 0.463287 0.486753 2.15137 1.15272e+06
/joint l_hip 1 0.511615 0.616741 2.10346 1.15272e+06
/joint l_knee 1 0.515453 0.885775 2.07507 1.15272e+06
/joint l_foot 1 0.531348 1.13882 1.99683 1.15272e+06
/joint r_hip 1 0.418249 0.618611 2.10216 1.15272e+06
/joint r_knee 1 0.421273 0.887748 2.07542 1.15272e+06
/joint r_foot 1 0.406346 1.13955 1.98757 1.15272e+06
/joint head 1 0.45934 0.229667 2.24899 1.15275e+06
/joint neck 1 0.461655 0.356257 2.20001 1.15275e+06
/joint l_shoulder 1 0.538186 0.354866 2.20026 1.15275e+06
/joint l_elbow 1 0.57328 0.547478 2.14198 1.15275e+06
/joint l_hand 1 0.570615 0.723568 2.01402 1.15275e+06
/joint r_shoulder 1 0.385123 0.357648 2.19977 1.15275e+06
/joint r_elbow 1 0.356471 0.54759 2.14787 1.15275e+06
/joint r_hand 1 0.358703 0.716105 2.07703 1.15275e+06
/joint torso 1 0.463031 0.487156 2.15127 1.15275e+06
/joint l_hip 1 0.511093 0.617206 2.10269 1.15275e+06
/joint l_knee 1 0.515574 0.88622 2.07401 1.15275e+06
/joint l_foot 1 0.52988 1.13936 1.99471 1.15275e+06
/joint r_hip 1 0.417723 0.618903 2.10239 1.15275e+06
/joint r_knee 1 0.420801 0.888015 2.07496 1.15275e+06
/joint r_foot 1 0.406921 1.13958 1.98463 1.15275e+06
/joint head 1 0.459381 0.230127 2.24832 1.15279e+06
/joint neck 1 0.46127 0.356658 2.20015 1.15279e+06
/joint l_shoulder 1 0.53778 0.354745 2.19816 1.15279e+06
/joint l_elbow 1 0.573161 0.547159 2.14201 1.15279e+06
/joint l_hand 1 0.569874 0.723433 2.01421 1.15279e+06
/joint r_shoulder 1 0.38476 0.358572 2.20215 1.15279e+06
/joint r_elbow 1 0.355971 0.549068 2.14701 1.15279e+06
/joint r_hand 1 0.35938 0.716899 2.07282 1.15279e+06
/joint torso 1 0.4628 0.487679 2.15218 1.15279e+06
/joint l_hip 1 0.511008 0.617533 2.103 1.15279e+06
/joint l_knee 1 0.515652 0.886478 2.07288 1.15279e+06
/joint l_foot 1 0.529683 1.14084 2.00295 1.15279e+06
/joint r_hip 1 0.417653 0.619868 2.10543 1.15279e+06
/joint r_knee 1 0.421369 0.888804 2.07475 1.15279e+06
/joint r_foot 1 0.407132 1.14122 1.99019 1.15279e+06
---STOP: 2014-01-19-17-40-18-664---
