Gesto: 1
0 0.557386 0.345516 1.87594 1.29811e+06
0 0.558798 0.342501 1.87825 1.29814e+06
0 0.559685 0.340104 1.87882 1.29817e+06
0 0.561531 0.334609 1.87949 1.29821e+06
0 0.562416 0.330957 1.87537 1.29824e+06
0 0.565157 0.325665 1.878 1.29828e+06
0 0.568126 0.318602 1.87646 1.29831e+06
0 0.570798 0.312505 1.8747 1.29834e+06
0 0.572316 0.308412 1.87356 1.29837e+06
0 0.574334 0.304963 1.8742 1.29841e+06
0 0.577558 0.299009 1.87412 1.29844e+06
0 0.581799 0.292544 1.8774 1.29848e+06
0 0.585662 0.287922 1.87832 1.29851e+06
0 0.588036 0.281598 1.87965 1.29854e+06
0 0.591939 0.275671 1.87949 1.29858e+06
0 0.594555 0.267295 1.87925 1.29861e+06
0 0.597565 0.259775 1.87929 1.29864e+06
0 0.600818 0.25354 1.88547 1.29868e+06
0 0.604785 0.246922 1.88485 1.29871e+06
0 0.608556 0.240153 1.88681 1.29875e+06
0 0.611717 0.23559 1.89278 1.29878e+06
0 0.614819 0.229032 1.89684 1.29881e+06
0 0.615066 0.222535 1.89875 1.29885e+06
0 0.617985 0.21391 1.90216 1.29888e+06
0 0.620174 0.205558 1.91049 1.29892e+06
0 0.622223 0.201032 1.90682 1.29895e+06
0 0.622043 0.200189 1.90934 1.29898e+06
0 0.624241 0.197931 1.91162 1.29902e+06
0 0.62515 0.197351 1.90977 1.29905e+06
0 0.626386 0.19571 1.91465 1.29908e+06
0 0.626419 0.195335 1.91479 1.29912e+06
0 0.628083 0.194819 1.91468 1.29915e+06
0 0.628896 0.195185 1.91195 1.29918e+06
0 0.629082 0.195189 1.90942 1.29922e+06
0 0.628933 0.196426 1.90322 1.29925e+06
0 0.626613 0.205168 1.89268 1.29928e+06
0 0.626724 0.210956 1.88487 1.29932e+06
0 0.626998 0.214634 1.88007 1.29935e+06
0 0.626449 0.223627 1.87345 1.29938e+06
0 0.625959 0.230524 1.8641 1.29942e+06
0 0.626409 0.236158 1.86362 1.29945e+06
0 0.627292 0.246869 1.85412 1.29949e+06
0 0.625677 0.258754 1.84679 1.29952e+06
0 0.62495 0.268895 1.83691 1.29955e+06
0 0.625387 0.281563 1.82746 1.29959e+06
0 0.625218 0.294689 1.82435 1.29960e+06
0 0.625667 0.305653 1.8172 1.29966e+06
0 0.625976 0.318141 1.81208 1.29967e+06
0 0.627298 0.330927 1.80605 1.29971e+06
0 0.627773 0.345037 1.79761 1.29976e+06
0 0.62824 0.35966 1.78936 1.29977e+06
0 0.629457 0.371614 1.78419 1.29981e+06
0 0.631208 0.386878 1.78319 1.29986e+06
0 0.630188 0.40048 1.78008 1.29988e+06
0 0.628712 0.416393 1.78044 1.29991e+06
0 0.629149 0.43132 1.7807 1.29994e+06
0 0.629281 0.447174 1.78101 1.29997e+06
0 0.62934 0.462846 1.78178 1.30001e+06
0 0.62932 0.474587 1.78 1.30006e+06
0 0.630873 0.488517 1.77828 1.30007e+06
0 0.62984 0.501654 1.77697 1.30011e+06
0 0.629245 0.515238 1.77431 1.30016e+06
0 0.629116 0.522948 1.77634 1.30017e+06
0 0.629085 0.534201 1.77569 1.30021e+06
0 0.628929 0.542278 1.77687 1.30024e+06
0 0.628927 0.553117 1.77799 1.30028e+06
0 0.628683 0.559193 1.777 1.30032e+06
0 0.628677 0.563683 1.77685 1.30034e+06
0 0.628954 0.567644 1.78072 1.30038e+06
0 0.628048 0.571614 1.77549 1.30042e+06
0 0.627726 0.573813 1.77002 1.30044e+06
0 0.627862 0.575232 1.76979 1.30048e+06
0 0.627503 0.575933 1.76904 1.30053e+06
0 0.627776 0.574903 1.77239 1.30054e+06

1 0.399585 0.38392 1.79634 1.30262e+06
1 0.400006 0.383488 1.79573 1.30265e+06
1 0.400508 0.383201 1.79473 1.30269e+06
1 0.399722 0.38054 1.79253 1.30272e+06
1 0.40051 0.378712 1.7922 1.30275e+06
1 0.402822 0.374628 1.79154 1.30279e+06
1 0.403967 0.370063 1.79194 1.30282e+06
1 0.406865 0.365934 1.79338 1.30285e+06
1 0.408146 0.357958 1.7919 1.30289e+06
1 0.409379 0.351375 1.79181 1.30292e+06
1 0.411177 0.344049 1.79501 1.30296e+06
1 0.411552 0.336237 1.79267 1.30299e+06
1 0.413543 0.328625 1.79546 1.30302e+06
1 0.415943 0.321847 1.79853 1.30305e+06
1 0.417137 0.318594 1.80122 1.30309e+06
1 0.418741 0.315417 1.80492 1.30312e+06
1 0.420635 0.312392 1.8107 1.30315e+06
1 0.421673 0.308386 1.81148 1.30319e+06
1 0.420941 0.309248 1.81069 1.30322e+06
1 0.421717 0.309619 1.80981 1.30326e+06
1 0.422313 0.310086 1.80977 1.30329e+06
1 0.421749 0.311751 1.80367 1.30332e+06
1 0.422301 0.318062 1.79942 1.30336e+06
1 0.423916 0.324729 1.79706 1.30339e+06
1 0.423437 0.334278 1.79325 1.30342e+06
1 0.42382 0.346836 1.78774 1.30346e+06
1 0.424563 0.357555 1.78451 1.30349e+06
1 0.424522 0.37022 1.78096 1.30352e+06
1 0.425692 0.383068 1.77958 1.30356e+06
1 0.425037 0.396427 1.77799 1.30359e+06
1 0.42474 0.410809 1.77677 1.30362e+06
1 0.425007 0.422737 1.77548 1.30366e+06
1 0.424919 0.433421 1.77457 1.30369e+06
1 0.423826 0.441229 1.77378 1.30371e+06
1 0.42377 0.45023 1.77375 1.30376e+06
1 0.424013 0.455868 1.77405 1.30379e+06
1 0.423923 0.458453 1.77315 1.30383e+06
1 0.423547 0.461366 1.77338 1.30386e+06
1 0.423298 0.462926 1.77395 1.30388e+06
1 0.423454 0.463823 1.77372 1.30391e+06
1 0.423222 0.464638 1.77031 1.30396e+06
1 0.423286 0.464302 1.77085 1.30398e+06
1 0.424025 0.463645 1.77192 1.30403e+06
1 0.424722 0.463023 1.77164 1.30405e+06
1 0.424578 0.462396 1.77229 1.30408e+06

2 0.771869 0.275303 1.73495 1.30699e+06
2 0.771991 0.274794 1.73581 1.30702e+06
2 0.773074 0.274124 1.73731 1.30706e+06
2 0.774436 0.270226 1.73875 1.30709e+06
2 0.774676 0.266975 1.74216 1.30712e+06
2 0.775566 0.262951 1.74349 1.30716e+06
2 0.776622 0.255521 1.74616 1.30719e+06
2 0.778415 0.250131 1.74794 1.30722e+06
2 0.779606 0.241975 1.75131 1.30726e+06
2 0.781092 0.235981 1.75145 1.30729e+06
2 0.781302 0.231491 1.75466 1.30732e+06
2 0.782093 0.229124 1.75516 1.30736e+06
2 0.783906 0.225571 1.75643 1.30739e+06
2 0.783762 0.225528 1.75591 1.30742e+06
2 0.783769 0.226032 1.7564 1.30746e+06
2 0.783705 0.230729 1.75409 1.30749e+06
2 0.784908 0.234555 1.75206 1.30752e+06
2 0.784161 0.242784 1.74927 1.30756e+06
2 0.783628 0.249634 1.74479 1.30759e+06
2 0.783982 0.259677 1.73973 1.30762e+06
2 0.783162 0.273627 1.72918 1.30766e+06
2 0.782252 0.288873 1.72179 1.30769e+06
2 0.781508 0.305556 1.71458 1.30772e+06
2 0.783033 0.327596 1.70824 1.30776e+06
2 0.781705 0.345385 1.69981 1.30779e+06
2 0.779576 0.364398 1.69444 1.30782e+06
2 0.779424 0.375334 1.68838 1.30786e+06
2 0.777647 0.382198 1.68757 1.30789e+06
2 0.776667 0.385912 1.68705 1.30792e+06

3 0.668758 0.372748 1.65432 1.31066e+06
3 0.671358 0.368223 1.65316 1.31069e+06
3 0.671829 0.364451 1.65025 1.31073e+06
3 0.671929 0.358269 1.64938 1.31076e+06
3 0.673557 0.352659 1.65039 1.31079e+06
3 0.674987 0.344229 1.64603 1.31083e+06
3 0.675186 0.337144 1.64958 1.31086e+06
3 0.677269 0.333612 1.65396 1.31089e+06
3 0.677978 0.326629 1.65781 1.31093e+06
3 0.679481 0.318652 1.65956 1.31096e+06
3 0.680511 0.310765 1.66094 1.311e+06
3 0.682285 0.30209 1.66734 1.31103e+06
3 0.682873 0.29632 1.67079 1.31106e+06
3 0.68451 0.292622 1.67283 1.3111e+06
3 0.685439 0.290002 1.67326 1.31113e+06
3 0.6868 0.286593 1.67283 1.31116e+06
3 0.687751 0.284256 1.6734 1.3112e+06
3 0.689799 0.283924 1.67285 1.31123e+06
3 0.68937 0.285223 1.6732 1.31126e+06
3 0.688895 0.286998 1.67136 1.3113e+06
3 0.690264 0.287736 1.674 1.31133e+06
3 0.689474 0.292741 1.66242 1.31137e+06
3 0.688452 0.301368 1.65954 1.3114e+06
3 0.687242 0.308213 1.65241 1.31143e+06
3 0.686838 0.317834 1.64836 1.31146e+06
3 0.685849 0.326861 1.64327 1.3115e+06
3 0.687037 0.338096 1.63831 1.31153e+06
3 0.686839 0.349846 1.63482 1.31156e+06
3 0.685625 0.362338 1.6285 1.3116e+06
3 0.683588 0.375463 1.62718 1.31163e+06
3 0.683429 0.387349 1.62319 1.31167e+06
3 0.682672 0.399591 1.61995 1.3117e+06
3 0.682501 0.411119 1.62099 1.31173e+06
3 0.682696 0.424161 1.6208 1.31176e+06
3 0.681988 0.436641 1.61967 1.3118e+06
3 0.681479 0.447282 1.62097 1.31183e+06
3 0.681948 0.456653 1.62209 1.31186e+06
3 0.681687 0.465316 1.62257 1.3119e+06
3 0.679893 0.474721 1.62466 1.31193e+06
3 0.678857 0.480686 1.6278 1.31197e+06
3 0.68035 0.486906 1.63097 1.312e+06
3 0.679524 0.491135 1.63454 1.31204e+06
3 0.680119 0.493962 1.63426 1.31205e+06
3 0.679828 0.495248 1.63258 1.31209e+06
3 0.679425 0.496035 1.63325 1.31212e+06
3 0.679252 0.497665 1.63556 1.31215e+06

4 0.0942926 0.503191 1.59106 1.31496e+06
4 0.095375 0.503438 1.58782 1.31499e+06
4 0.0974252 0.501782 1.58633 1.31503e+06
4 0.100969 0.500414 1.58669 1.31506e+06
4 0.101778 0.496684 1.58408 1.31509e+06
4 0.103992 0.492741 1.58259 1.31513e+06
4 0.105769 0.488966 1.57828 1.31516e+06
4 0.108798 0.483703 1.57442 1.31519e+06
4 0.112944 0.476079 1.57125 1.31523e+06
4 0.115544 0.460851 1.56441 1.31526e+06
4 0.117347 0.446866 1.55981 1.3153e+06
4 0.121571 0.433534 1.55409 1.31533e+06
4 0.126918 0.420827 1.54969 1.31536e+06
4 0.132244 0.407456 1.5465 1.31539e+06
4 0.137612 0.393242 1.54116 1.31543e+06
4 0.144484 0.377971 1.53734 1.31546e+06
4 0.149639 0.36383 1.53831 1.3155e+06
4 0.15576 0.350549 1.53658 1.31553e+06
4 0.162632 0.335838 1.53848 1.31556e+06
4 0.168229 0.320956 1.54118 1.3156e+06
4 0.173601 0.307983 1.54242 1.31563e+06
4 0.177019 0.292078 1.54576 1.31566e+06
4 0.181071 0.277775 1.5515 1.3157e+06
4 0.186422 0.265706 1.5537 1.31573e+06
4 0.190755 0.253456 1.55972 1.31576e+06
4 0.194226 0.244899 1.56521 1.31579e+06
4 0.198556 0.235391 1.57107 1.31583e+06
4 0.201518 0.228447 1.57647 1.31586e+06
4 0.20365 0.220307 1.57943 1.31589e+06
4 0.205563 0.212439 1.58294 1.31593e+06
4 0.207897 0.205357 1.58616 1.31596e+06
4 0.209601 0.199662 1.58811 1.31601e+06
4 0.209918 0.195485 1.5925 1.31604e+06
4 0.210542 0.191868 1.59618 1.31606e+06
4 0.211426 0.186973 1.59863 1.31611e+06
4 0.213603 0.182945 1.59798 1.31612e+06
4 0.215481 0.179409 1.59942 1.31616e+06
4 0.215839 0.178777 1.60045 1.31621e+06
4 0.217049 0.177359 1.5986 1.31622e+06
4 0.218128 0.179608 1.60365 1.31626e+06
4 0.216722 0.184401 1.60203 1.31631e+06
4 0.21748 0.187799 1.59923 1.31633e+06
4 0.216204 0.192014 1.59265 1.31636e+06
4 0.219761 0.19715 1.58833 1.31639e+06
4 0.220434 0.202722 1.58204 1.31643e+06
4 0.219985 0.211468 1.57207 1.31646e+06
4 0.221288 0.22305 1.56156 1.31649e+06
4 0.224137 0.232046 1.55643 1.31653e+06
4 0.227264 0.248462 1.54814 1.31656e+06
4 0.228708 0.26377 1.53688 1.3166e+06
4 0.23174 0.281299 1.52685 1.31663e+06
4 0.234421 0.29816 1.51648 1.31666e+06
4 0.236764 0.317881 1.50925 1.3167e+06
4 0.23827 0.338043 1.49899 1.31673e+06
4 0.24028 0.359267 1.48947 1.31676e+06
4 0.242459 0.381513 1.48203 1.3168e+06
4 0.243351 0.405055 1.47418 1.31683e+06
4 0.244459 0.428432 1.46795 1.31686e+06
4 0.245156 0.45575 1.46214 1.3169e+06
4 0.246154 0.481897 1.45846 1.31693e+06
4 0.247195 0.511173 1.45573 1.31696e+06
4 0.248546 0.540171 1.45316 1.317e+06
4 0.250042 0.569747 1.45002 1.31703e+06
4 0.250192 0.594305 1.44891 1.31706e+06
4 0.250036 0.618231 1.45246 1.3171e+06
4 0.250803 0.644128 1.45303 1.31713e+06
4 0.2528 0.665532 1.45988 1.31716e+06
4 0.253428 0.686925 1.464 1.3172e+06
4 0.252659 0.706721 1.46731 1.31723e+06
4 0.252951 0.727429 1.47424 1.31726e+06
4 0.2539 0.748419 1.48035 1.3173e+06
4 0.253788 0.765754 1.48995 1.31733e+06
4 0.253508 0.781786 1.50071 1.31736e+06
4 0.253963 0.796349 1.51019 1.3174e+06
4 0.254439 0.809633 1.51512 1.31743e+06
4 0.254386 0.818119 1.52183 1.31746e+06
4 0.254478 0.826876 1.52784 1.3175e+06
4 0.254674 0.832842 1.53541 1.31753e+06
4 0.254497 0.836378 1.54184 1.31756e+06
4 0.253457 0.839329 1.54398 1.3176e+06
4 0.253694 0.840219 1.54757 1.31763e+06
4 0.253454 0.84075 1.55138 1.31766e+06
4 0.252936 0.840793 1.55179 1.3177e+06
4 0.252734 0.837762 1.5523 1.31773e+06

5 0.405731 0.594843 1.82492 1.31947e+06
5 0.405272 0.59355 1.82467 1.3195e+06
5 0.405996 0.592433 1.82537 1.31953e+06
5 0.405787 0.591559 1.82332 1.31957e+06
5 0.408047 0.590382 1.82446 1.3196e+06
5 0.407924 0.587917 1.82281 1.31964e+06
5 0.408113 0.585972 1.82404 1.31967e+06
5 0.409228 0.582626 1.82499 1.3197e+06
5 0.409986 0.580272 1.82696 1.31973e+06
5 0.411404 0.577263 1.82709 1.31977e+06
5 0.412633 0.573689 1.82749 1.3198e+06
5 0.413639 0.568876 1.82199 1.31983e+06
5 0.415562 0.565112 1.8161 1.31987e+06
5 0.416322 0.563284 1.81499 1.3199e+06
5 0.417208 0.560623 1.81579 1.31994e+06
5 0.417727 0.559773 1.81724 1.31997e+06
5 0.418009 0.559013 1.8122 1.32e+06
5 0.418869 0.55988 1.81066 1.32004e+06
5 0.419013 0.56047 1.80938 1.32007e+06
5 0.417273 0.563696 1.81161 1.3201e+06
5 0.417711 0.566521 1.81642 1.32014e+06
5 0.417096 0.572337 1.81997 1.32017e+06
5 0.415877 0.576669 1.82151 1.3202e+06
5 0.414433 0.582456 1.82144 1.32024e+06
5 0.415237 0.590003 1.82716 1.32027e+06
5 0.414962 0.59614 1.82962 1.3203e+06
5 0.415786 0.602582 1.83126 1.32033e+06
5 0.414291 0.609157 1.83071 1.32037e+06
5 0.414375 0.617773 1.82891 1.3204e+06
5 0.415016 0.626234 1.82819 1.32044e+06
5 0.41445 0.633536 1.82785 1.32047e+06
5 0.414919 0.638805 1.82881 1.3205e+06
5 0.414368 0.647561 1.82783 1.32053e+06
5 0.414208 0.653876 1.82896 1.32057e+06
5 0.414586 0.661546 1.82769 1.3206e+06
5 0.414777 0.668251 1.82766 1.32063e+06
5 0.414695 0.672723 1.82855 1.32067e+06

6 0.492399 0.590388 1.70941 1.32995e+06
6 0.492862 0.589876 1.70861 1.32999e+06
6 0.49289 0.588569 1.70688 1.33001e+06
6 0.494512 0.584804 1.70668 1.33006e+06
6 0.495442 0.581777 1.70429 1.33009e+06
6 0.497452 0.578504 1.70448 1.33012e+06
6 0.497599 0.576064 1.70495 1.33015e+06
6 0.49931 0.571352 1.70436 1.33019e+06
6 0.501388 0.567233 1.70593 1.33022e+06
6 0.502442 0.563122 1.70665 1.33026e+06
6 0.503164 0.560898 1.70789 1.33027e+06
6 0.502429 0.554713 1.70053 1.33032e+06
6 0.502687 0.550254 1.6974 1.33034e+06
6 0.502983 0.547866 1.69712 1.33037e+06
6 0.502858 0.546858 1.69591 1.33041e+06
6 0.502838 0.546224 1.69489 1.33044e+06
6 0.502952 0.54594 1.69278 1.33048e+06
6 0.502144 0.550256 1.69099 1.33051e+06
6 0.503529 0.553683 1.69041 1.33054e+06
6 0.503755 0.556987 1.6918 1.33058e+06
6 0.502717 0.561468 1.69389 1.33061e+06
6 0.502942 0.567627 1.69416 1.33064e+06
6 0.502329 0.573132 1.69105 1.33068e+06
6 0.503778 0.580038 1.68918 1.33071e+06
6 0.503449 0.586033 1.69177 1.33074e+06
6 0.503229 0.596905 1.69596 1.33078e+06
6 0.503315 0.603129 1.69888 1.33081e+06
6 0.501723 0.612031 1.6981 1.33084e+06
6 0.502919 0.618632 1.69896 1.33088e+06
6 0.502921 0.624358 1.69683 1.33091e+06
6 0.501477 0.631084 1.70236 1.33095e+06
6 0.501178 0.636993 1.70478 1.33098e+06

7 0.765866 0.616605 1.73068 1.33288e+06
7 0.767309 0.61795 1.72995 1.33291e+06
7 0.76836 0.618184 1.72801 1.33295e+06
7 0.771283 0.616208 1.72372 1.33298e+06
7 0.774189 0.613203 1.72084 1.33301e+06
7 0.775967 0.605359 1.71698 1.33304e+06
7 0.776814 0.599927 1.71835 1.33308e+06
7 0.777852 0.591953 1.71892 1.33311e+06
7 0.779648 0.585832 1.71767 1.33314e+06
7 0.781313 0.578171 1.7201 1.33318e+06
7 0.782944 0.570176 1.72028 1.33321e+06
7 0.784507 0.562266 1.72011 1.33324e+06
7 0.784989 0.55643 1.72359 1.33328e+06
7 0.785624 0.553073 1.72399 1.33331e+06
7 0.785956 0.548517 1.72573 1.33334e+06
7 0.786482 0.543582 1.72419 1.33338e+06
7 0.787221 0.543121 1.72448 1.33341e+06
7 0.787255 0.540756 1.7229 1.33345e+06
7 0.787411 0.540979 1.72243 1.33348e+06
7 0.784666 0.54176 1.72112 1.33352e+06
7 0.784421 0.546062 1.72216 1.33355e+06
7 0.784543 0.55063 1.72034 1.33358e+06
7 0.785701 0.556881 1.71705 1.33361e+06
7 0.785344 0.563868 1.71642 1.33365e+06
7 0.784571 0.574005 1.71586 1.33368e+06
7 0.784912 0.585372 1.71328 1.33372e+06
7 0.784693 0.600646 1.71438 1.33375e+06
7 0.781613 0.616453 1.71526 1.33378e+06
7 0.783101 0.631655 1.71505 1.33382e+06
7 0.782617 0.647711 1.71279 1.33385e+06
7 0.782826 0.664836 1.71255 1.33388e+06
7 0.78028 0.682024 1.71193 1.33392e+06
7 0.779059 0.698946 1.71286 1.33395e+06
7 0.778325 0.716039 1.71311 1.33398e+06
7 0.7775 0.732843 1.71326 1.33402e+06
7 0.776965 0.749218 1.71297 1.33405e+06
7 0.776501 0.763321 1.71345 1.33408e+06
7 0.775395 0.775786 1.71256 1.33412e+06
7 0.774397 0.787617 1.70835 1.33415e+06
7 0.773917 0.795589 1.70664 1.33419e+06
7 0.772163 0.800187 1.7011 1.33422e+06
7 0.769942 0.803727 1.69775 1.33425e+06

8 0.607168 0.649817 1.86339 1.33659e+06
8 0.607398 0.647192 1.86394 1.33662e+06
8 0.607799 0.646366 1.86201 1.33665e+06
8 0.608352 0.646417 1.86546 1.33669e+06
8 0.608033 0.646011 1.86519 1.33672e+06
8 0.608441 0.645097 1.86613 1.33676e+06
8 0.609609 0.642282 1.86608 1.33679e+06
8 0.610135 0.641538 1.86543 1.33682e+06
8 0.610787 0.640464 1.86479 1.33686e+06
8 0.611385 0.639246 1.86178 1.33689e+06
8 0.611772 0.638876 1.86162 1.33692e+06
8 0.614518 0.637596 1.86212 1.33696e+06
8 0.61503 0.6364 1.86242 1.33699e+06
8 0.615392 0.634736 1.86191 1.33702e+06
8 0.616967 0.631482 1.86196 1.33706e+06
8 0.618373 0.627487 1.86246 1.33709e+06
8 0.618898 0.626076 1.86204 1.33712e+06
8 0.620092 0.623433 1.86191 1.33716e+06
8 0.62061 0.622072 1.85987 1.33719e+06
8 0.621066 0.621326 1.859 1.33722e+06
8 0.621573 0.62176 1.86149 1.33726e+06
8 0.621601 0.622053 1.86005 1.33729e+06
8 0.621394 0.620898 1.85823 1.33733e+06
8 0.621233 0.621554 1.85896 1.33736e+06
8 0.620588 0.625031 1.8617 1.33739e+06
8 0.620732 0.630421 1.86081 1.33743e+06
8 0.621024 0.633602 1.85918 1.33746e+06
8 0.620851 0.636863 1.85773 1.3375e+06
8 0.620491 0.641786 1.85883 1.33753e+06
8 0.620968 0.64826 1.85998 1.33756e+06
8 0.620979 0.652786 1.85948 1.33758e+06
8 0.619793 0.66009 1.86066 1.33763e+06
8 0.620125 0.667406 1.85992 1.33766e+06
8 0.619339 0.673767 1.85854 1.33768e+06
8 0.619318 0.686223 1.85718 1.33773e+06
8 0.619325 0.691336 1.8562 1.33775e+06
8 0.61952 0.700196 1.85459 1.33778e+06
8 0.618395 0.710331 1.85459 1.33783e+06
8 0.619189 0.720353 1.85582 1.33785e+06
8 0.618474 0.726891 1.85506 1.33788e+06
8 0.616697 0.735623 1.85718 1.33793e+06
8 0.617313 0.745436 1.8559 1.33795e+06
8 0.617831 0.750678 1.85095 1.33798e+06
8 0.619536 0.756426 1.85261 1.33802e+06
8 0.618571 0.764642 1.85007 1.33805e+06
8 0.616658 0.768735 1.8517 1.33808e+06
8 0.615445 0.772666 1.85389 1.33812e+06
8 0.615288 0.774966 1.85646 1.33815e+06
8 0.614745 0.776861 1.85895 1.33818e+06
8 0.615342 0.775805 1.859 1.33822e+06

9 0.510741 0.726421 1.91152 1.34209e+06
9 0.51151 0.723313 1.9144 1.34213e+06
9 0.511045 0.722221 1.9151 1.34216e+06
9 0.511239 0.718232 1.90975 1.34219e+06
9 0.511258 0.716428 1.91648 1.34222e+06
9 0.514057 0.712146 1.91713 1.34226e+06
9 0.517044 0.708816 1.91688 1.34229e+06
9 0.519027 0.70151 1.91224 1.34232e+06
9 0.519378 0.698477 1.91179 1.34236e+06
9 0.521003 0.695589 1.91067 1.34239e+06
9 0.520801 0.69412 1.91278 1.34242e+06
9 0.521135 0.69407 1.91747 1.34246e+06
9 0.521355 0.693951 1.91632 1.34249e+06
9 0.523929 0.693222 1.91735 1.34252e+06
9 0.522747 0.693498 1.91551 1.34256e+06
9 0.52204 0.693404 1.91326 1.34259e+06
9 0.522099 0.693978 1.91113 1.34262e+06
9 0.521718 0.697395 1.91392 1.34266e+06
9 0.521803 0.704989 1.91671 1.34269e+06
9 0.521309 0.708073 1.91629 1.34272e+06
9 0.521098 0.709775 1.91516 1.34276e+06
9 0.520748 0.711612 1.91691 1.34279e+06
9 0.520166 0.715486 1.91743 1.34282e+06
9 0.519908 0.719803 1.91825 1.34286e+06
9 0.519412 0.725576 1.91783 1.34289e+06
9 0.520005 0.731618 1.92469 1.34292e+06
9 0.519393 0.73406 1.923 1.34295e+06
9 0.519229 0.735444 1.9225 1.343e+06
9 0.517717 0.739755 1.90976 1.34302e+06
9 0.51847 0.740404 1.91801 1.34305e+06
9 0.518716 0.743838 1.92311 1.3431e+06
9 0.51824 0.74642 1.92708 1.34312e+06
9 0.517947 0.745351 1.9283 1.34315e+06
9 0.518054 0.744509 1.92644 1.3432e+06
9 0.518037 0.745954 1.92636 1.34324e+06

