Gesto: 2
0 0.619216 0.269371 1.76532 1.35371e+06
0 0.620597 0.268296 1.76275 1.35375e+06
0 0.621556 0.270317 1.76298 1.35376e+06
0 0.624769 0.272178 1.76337 1.35381e+06
0 0.628503 0.271187 1.76478 1.35383e+06
0 0.630575 0.270199 1.76637 1.35386e+06
0 0.634922 0.270237 1.76741 1.35391e+06
0 0.639714 0.270262 1.76695 1.35395e+06
0 0.646595 0.27019 1.76752 1.35398e+06
0 0.651136 0.269314 1.76919 1.35401e+06
0 0.657521 0.26954 1.76845 1.35403e+06
0 0.665388 0.267373 1.77563 1.35408e+06
0 0.670758 0.267553 1.77481 1.35412e+06
0 0.677609 0.266092 1.77773 1.35413e+06
0 0.683356 0.266085 1.77955 1.35418e+06
0 0.689603 0.267019 1.78261 1.3542e+06
0 0.696541 0.266313 1.78957 1.35424e+06
0 0.702257 0.267058 1.79253 1.35427e+06
0 0.709021 0.266833 1.79408 1.3543e+06
0 0.713883 0.266827 1.79595 1.35433e+06
0 0.720292 0.268606 1.79837 1.35438e+06
0 0.723506 0.27024 1.79723 1.3544e+06
0 0.726527 0.268389 1.79902 1.35443e+06
0 0.729418 0.266133 1.80348 1.35447e+06
0 0.731946 0.27189 1.802 1.3545e+06
0 0.733045 0.270965 1.80341 1.35454e+06
0 0.733766 0.275106 1.79887 1.35457e+06
0 0.732828 0.277459 1.7996 1.3546e+06
0 0.731316 0.279286 1.79772 1.35464e+06
0 0.731955 0.280256 1.7983 1.35467e+06
0 0.730823 0.280632 1.79961 1.3547e+06
0 0.729801 0.281084 1.79878 1.35474e+06
0 0.725934 0.283666 1.79478 1.35477e+06
0 0.721133 0.28376 1.78765 1.35480e+06
0 0.7184 0.289867 1.78417 1.35484e+06
0 0.713196 0.296841 1.7796 1.35487e+06
0 0.707618 0.300961 1.77638 1.35490e+06
0 0.7028 0.30747 1.77106 1.35494e+06
0 0.697025 0.312823 1.76649 1.35497e+06
0 0.690462 0.318205 1.76004 1.35500e+06
0 0.686967 0.325244 1.7544 1.35504e+06
0 0.680094 0.330655 1.74629 1.35507e+06
0 0.67498 0.336448 1.73792 1.3551e+06
0 0.671299 0.343368 1.72761 1.35514e+06
0 0.665463 0.347915 1.72524 1.35517e+06
0 0.660069 0.35434 1.72138 1.35520e+06
0 0.655297 0.362458 1.72013 1.35524e+06
0 0.649085 0.372385 1.71576 1.35527e+06
0 0.645563 0.379094 1.71367 1.35531e+06
0 0.642747 0.386184 1.71296 1.35534e+06
0 0.640217 0.393784 1.71061 1.35537e+06
0 0.637061 0.398408 1.70358 1.35541e+06
0 0.634452 0.406044 1.70313 1.35544e+06
0 0.632882 0.411145 1.69913 1.35547e+06
0 0.631852 0.413779 1.69859 1.35551e+06
0 0.629105 0.416631 1.6976 1.35554e+06
0 0.627717 0.423432 1.70004 1.35557e+06
0 0.628424 0.427226 1.70158 1.35561e+06
0 0.627528 0.428041 1.70179 1.35564e+06
0 0.628706 0.429471 1.70368 1.35567e+06
0 0.631213 0.431552 1.70114 1.35571e+06
0 0.632513 0.431503 1.70468 1.35574e+06
0 0.634633 0.432506 1.70753 1.35577e+06
0 0.638724 0.429551 1.70778 1.35581e+06
0 0.643768 0.425686 1.7091 1.35584e+06
0 0.64982 0.422572 1.7112 1.35587e+06
0 0.654493 0.42037 1.71302 1.35591e+06
0 0.659718 0.419699 1.71944 1.35594e+06
0 0.664776 0.418216 1.72396 1.35598e+06
0 0.669038 0.418753 1.72683 1.35601e+06
0 0.674778 0.41483 1.72876 1.35604e+06
0 0.679293 0.41449 1.73304 1.35608e+06
0 0.686004 0.41085 1.7394 1.35611e+06
0 0.691685 0.408324 1.74262 1.35614e+06
0 0.698375 0.407599 1.74693 1.35618e+06
0 0.703531 0.409156 1.74714 1.35621e+06
0 0.707691 0.40755 1.75056 1.35624e+06
0 0.71184 0.408475 1.75304 1.35628e+06
0 0.715992 0.408853 1.75395 1.35631e+06
0 0.719767 0.411914 1.75765 1.35635e+06
0 0.722272 0.414596 1.7584 1.35638e+06
0 0.726123 0.414361 1.75862 1.35641e+06
0 0.728997 0.412343 1.75853 1.35645e+06
0 0.732147 0.413964 1.76052 1.35648e+06
0 0.734179 0.41602 1.75946 1.35651e+06
0 0.735558 0.416663 1.761 1.35655e+06
0 0.735708 0.416955 1.76066 1.35658e+06
0 0.736218 0.417201 1.76 1.35662e+06

1 0.488013 0.331195 1.64015 1.35851e+06
1 0.489115 0.330654 1.63762 1.35854e+06
1 0.490745 0.331228 1.63645 1.35858e+06
1 0.49291 0.333112 1.63596 1.35861e+06
1 0.496857 0.332551 1.63598 1.35864e+06
1 0.499057 0.331646 1.63448 1.35868e+06
1 0.501334 0.33212 1.63293 1.35871e+06
1 0.506153 0.332228 1.63216 1.35874e+06
1 0.509162 0.331684 1.63007 1.35878e+06
1 0.511244 0.33183 1.62767 1.35881e+06
1 0.516824 0.331837 1.6301 1.35884e+06
1 0.520144 0.331428 1.62989 1.35888e+06
1 0.522206 0.331273 1.62965 1.35891e+06
1 0.524269 0.332148 1.63061 1.35894e+06
1 0.525275 0.332544 1.63173 1.35898e+06
1 0.526667 0.333823 1.63272 1.35901e+06
1 0.527205 0.334584 1.63019 1.35904e+06
1 0.526708 0.334495 1.62895 1.35908e+06
1 0.527332 0.334462 1.62641 1.35911e+06
1 0.526177 0.339082 1.6302 1.35914e+06
1 0.523747 0.342325 1.62944 1.35918e+06
1 0.520039 0.345544 1.62788 1.35921e+06
1 0.51588 0.349892 1.62671 1.35924e+06
1 0.512403 0.352978 1.62333 1.35928e+06
1 0.509872 0.357501 1.62205 1.35931e+06
1 0.50564 0.359538 1.62163 1.35935e+06
1 0.502702 0.36095 1.62065 1.35938e+06
1 0.49789 0.362357 1.61918 1.35942e+06
1 0.494223 0.367687 1.62087 1.35945e+06
1 0.491824 0.37166 1.62087 1.35948e+06
1 0.487551 0.374774 1.6196 1.35952e+06
1 0.486453 0.37574 1.62067 1.35955e+06
1 0.483656 0.379229 1.61991 1.35958e+06
1 0.482768 0.381176 1.62041 1.35962e+06
1 0.483867 0.385424 1.62052 1.35965e+06
1 0.486393 0.387382 1.62166 1.35968e+06
1 0.488248 0.386051 1.62159 1.35972e+06
1 0.491244 0.383447 1.62 1.35975e+06
1 0.496886 0.381722 1.61843 1.35979e+06
1 0.501207 0.380635 1.61496 1.35982e+06
1 0.504394 0.380035 1.61613 1.35985e+06
1 0.509412 0.382155 1.61802 1.35988e+06
1 0.513999 0.382036 1.62035 1.35992e+06
1 0.519611 0.381358 1.62226 1.35995e+06
1 0.522958 0.380878 1.62147 1.35998e+06
1 0.528315 0.382762 1.62376 1.36002e+06
1 0.531025 0.38427 1.62596 1.36005e+06
1 0.534096 0.382721 1.62559 1.36008e+06
1 0.535676 0.381319 1.62327 1.36012e+06
1 0.538039 0.382491 1.62499 1.36015e+06

2 0.0841427 0.296631 1.71447 1.36201e+06
2 0.0874727 0.295423 1.71378 1.36204e+06
2 0.0889161 0.293443 1.71646 1.36208e+06
2 0.0948288 0.293591 1.71246 1.36211e+06
2 0.101503 0.293878 1.70307 1.36214e+06
2 0.109733 0.291641 1.70471 1.36218e+06
2 0.116744 0.292918 1.7026 1.36221e+06
2 0.124432 0.292725 1.70198 1.36224e+06
2 0.134217 0.292112 1.70129 1.36228e+06
2 0.145464 0.292097 1.69571 1.36231e+06
2 0.154713 0.293329 1.69136 1.36234e+06
2 0.166283 0.293284 1.68844 1.36238e+06
2 0.174104 0.294063 1.68238 1.36241e+06
2 0.184507 0.293846 1.68222 1.36245e+06
2 0.196564 0.294486 1.67742 1.36248e+06
2 0.208135 0.294995 1.67317 1.36251e+06
2 0.216442 0.292538 1.67184 1.36255e+06
2 0.224734 0.293962 1.66971 1.36258e+06
2 0.232617 0.292414 1.66518 1.36261e+06
2 0.237905 0.290049 1.66725 1.36265e+06
2 0.24682 0.292116 1.66328 1.36268e+06
2 0.251893 0.293985 1.6612 1.36272e+06
2 0.257847 0.29642 1.65815 1.36275e+06
2 0.261166 0.298102 1.65742 1.36278e+06
2 0.264217 0.299542 1.65475 1.36282e+06
2 0.26682 0.305143 1.65277 1.36285e+06
2 0.268755 0.309553 1.64894 1.36288e+06
2 0.268757 0.313207 1.64531 1.36292e+06
2 0.268399 0.316243 1.63991 1.36295e+06
2 0.264722 0.322527 1.63554 1.36298e+06
2 0.260524 0.328715 1.63279 1.36302e+06
2 0.253968 0.334382 1.63066 1.36305e+06
2 0.247016 0.343729 1.6267 1.36308e+06
2 0.240175 0.354382 1.62219 1.36312e+06
2 0.230838 0.365519 1.61734 1.36315e+06
2 0.222093 0.379356 1.6135 1.36319e+06
2 0.214605 0.393518 1.61068 1.36322e+06
2 0.206242 0.410063 1.61057 1.36325e+06
2 0.197661 0.427159 1.60417 1.36329e+06
2 0.188078 0.446178 1.59914 1.36332e+06
2 0.178409 0.464114 1.59486 1.36335e+06
2 0.170497 0.481401 1.59437 1.36339e+06
2 0.162712 0.498974 1.59158 1.36342e+06
2 0.154864 0.514153 1.58981 1.36346e+06
2 0.14671 0.531637 1.58871 1.36349e+06
2 0.139444 0.549863 1.59343 1.36352e+06
2 0.132487 0.568431 1.59793 1.36356e+06
2 0.126632 0.586615 1.60146 1.36359e+06
2 0.121284 0.604236 1.60717 1.36362e+06
2 0.114624 0.619288 1.61141 1.36366e+06
2 0.107262 0.632684 1.61811 1.36368e+06
2 0.103552 0.653541 1.6266 1.36373e+06
2 0.100638 0.659447 1.62899 1.36376e+06
2 0.0996819 0.673315 1.6364 1.36378e+06
2 0.0995012 0.675306 1.63425 1.36383e+06
2 0.101154 0.677396 1.63255 1.36384e+06
2 0.103159 0.678369 1.62871 1.36388e+06
2 0.108319 0.681004 1.62994 1.36391e+06
2 0.115707 0.683542 1.63134 1.36394e+06
2 0.123686 0.683956 1.62811 1.36398e+06
2 0.131996 0.681875 1.62272 1.36403e+06
2 0.141582 0.681653 1.6187 1.36404e+06
2 0.15183 0.680878 1.61609 1.36408e+06
2 0.164345 0.679718 1.61274 1.36413e+06
2 0.178789 0.678788 1.61332 1.36414e+06
2 0.192882 0.677473 1.61235 1.36418e+06
2 0.205373 0.67632 1.608 1.36421e+06
2 0.218203 0.678156 1.61311 1.36424e+06
2 0.232354 0.679905 1.62039 1.36428e+06
2 0.244362 0.680304 1.62177 1.36431e+06
2 0.25478 0.68153 1.62549 1.36435e+06
2 0.265689 0.68156 1.62631 1.36438e+06
2 0.276179 0.68224 1.62874 1.36441e+06
2 0.284114 0.681033 1.62709 1.36445e+06
2 0.291835 0.680477 1.62712 1.36448e+06
2 0.296239 0.681922 1.62919 1.36451e+06
2 0.299284 0.681462 1.62947 1.36455e+06

3 0.494428 0.519582 1.88111 1.36596e+06
3 0.497319 0.523156 1.8775 1.36599e+06
3 0.498914 0.522315 1.87774 1.36602e+06
3 0.50253 0.522176 1.87885 1.36606e+06
3 0.506636 0.523344 1.87813 1.36609e+06
3 0.509552 0.525348 1.87424 1.36613e+06
3 0.514132 0.526154 1.87157 1.36616e+06
3 0.516955 0.526068 1.86978 1.36619e+06
3 0.518271 0.526189 1.87197 1.36621e+06
3 0.519131 0.526655 1.8717 1.36626e+06
3 0.52005 0.526672 1.87068 1.36628e+06
3 0.520674 0.527524 1.87386 1.36631e+06
3 0.521777 0.530485 1.87492 1.36636e+06
3 0.52095 0.531107 1.87599 1.3664e+06
3 0.518418 0.5339 1.87638 1.36641e+06
3 0.514945 0.534916 1.87593 1.36646e+06
3 0.514841 0.541083 1.87717 1.3665e+06
3 0.51317 0.545783 1.88006 1.36653e+06
3 0.510386 0.546928 1.87904 1.36656e+06
3 0.507905 0.550599 1.87878 1.36659e+06
3 0.504524 0.554415 1.88391 1.36661e+06
3 0.499534 0.558455 1.88746 1.36666e+06
3 0.494964 0.562028 1.88911 1.3667e+06
3 0.491848 0.562979 1.89049 1.36671e+06
3 0.488515 0.567215 1.89245 1.36676e+06
3 0.484204 0.571236 1.88905 1.36678e+06
3 0.482468 0.57503 1.88452 1.36681e+06
3 0.482692 0.57615 1.88416 1.36685e+06
3 0.481654 0.576988 1.8832 1.36688e+06
3 0.481282 0.577484 1.87958 1.36691e+06
3 0.482203 0.575884 1.86426 1.36695e+06
3 0.48155 0.573682 1.8631 1.36698e+06
3 0.480579 0.576201 1.86874 1.36701e+06
3 0.482275 0.581286 1.87744 1.36705e+06
3 0.486474 0.581785 1.88184 1.36708e+06
3 0.487926 0.584839 1.89366 1.36712e+06
3 0.491331 0.586717 1.90021 1.36715e+06
3 0.495946 0.586976 1.90062 1.36718e+06
3 0.500387 0.588104 1.89682 1.36722e+06
3 0.503601 0.586553 1.89493 1.36725e+06
3 0.507817 0.585927 1.8966 1.36728e+06
3 0.510848 0.583219 1.89721 1.36732e+06
3 0.514662 0.58483 1.89714 1.36735e+06
3 0.517246 0.585283 1.89715 1.36738e+06
3 0.519582 0.585967 1.89778 1.36742e+06
3 0.522642 0.583565 1.89664 1.36745e+06
3 0.521667 0.582667 1.89009 1.36748e+06
3 0.523879 0.581385 1.88986 1.36752e+06

4 0.299214 0.404035 1.71699 1.36935e+06
4 0.300645 0.404379 1.71652 1.36939e+06
4 0.303813 0.404618 1.71276 1.36942e+06
4 0.305449 0.40443 1.70906 1.36946e+06
4 0.308497 0.404987 1.70828 1.36949e+06
4 0.310512 0.405414 1.7056 1.36952e+06
4 0.314901 0.405009 1.70389 1.36956e+06
4 0.318635 0.406611 1.70315 1.36959e+06
4 0.321648 0.406053 1.70088 1.36962e+06
4 0.324066 0.406622 1.69801 1.36966e+06
4 0.328684 0.410336 1.69828 1.36969e+06
4 0.331165 0.412944 1.70172 1.36972e+06
4 0.332316 0.414559 1.70294 1.36976e+06
4 0.333999 0.417 1.70437 1.36979e+06
4 0.33555 0.418642 1.70277 1.36982e+06
4 0.337475 0.41851 1.70106 1.36986e+06
4 0.339968 0.418562 1.69729 1.36989e+06
4 0.33996 0.418384 1.69538 1.36992e+06
4 0.339205 0.419288 1.69573 1.36996e+06
4 0.338082 0.419955 1.69663 1.36999e+06
4 0.336173 0.425037 1.69851 1.37002e+06
4 0.335442 0.428498 1.69675 1.37006e+06
4 0.33392 0.431695 1.69499 1.37009e+06
4 0.330918 0.433415 1.69197 1.37012e+06
4 0.328294 0.434814 1.69119 1.37016e+06
4 0.325872 0.437975 1.6892 1.37019e+06
4 0.321092 0.443121 1.68914 1.37022e+06
4 0.316488 0.446033 1.69078 1.37026e+06
4 0.313531 0.448162 1.69125 1.37029e+06
4 0.309212 0.454144 1.69201 1.37032e+06
4 0.304582 0.459025 1.69411 1.37036e+06
4 0.301765 0.461676 1.69446 1.37039e+06
4 0.300335 0.463489 1.69434 1.37042e+06
4 0.297492 0.466116 1.69752 1.37046e+06
4 0.292839 0.469118 1.69687 1.37049e+06
4 0.289881 0.473743 1.69765 1.37052e+06
4 0.28767 0.476374 1.69726 1.37056e+06
4 0.287411 0.480126 1.70065 1.37059e+06
4 0.286295 0.481583 1.69968 1.37062e+06
4 0.286538 0.484658 1.6992 1.37066e+06
4 0.286991 0.486256 1.69759 1.37069e+06
4 0.2875 0.489682 1.6974 1.37072e+06
4 0.288061 0.491608 1.69997 1.37076e+06
4 0.292622 0.493912 1.70061 1.37079e+06
4 0.294937 0.495445 1.70092 1.37082e+06
4 0.297158 0.495734 1.70066 1.37086e+06
4 0.302565 0.49731 1.69932 1.37089e+06
4 0.306198 0.497367 1.69971 1.37092e+06
4 0.308374 0.497264 1.69826 1.37096e+06
4 0.310153 0.495594 1.69804 1.37099e+06
4 0.315739 0.49648 1.69945 1.37102e+06
4 0.319415 0.496071 1.69682 1.37106e+06
4 0.321777 0.495416 1.69241 1.37109e+06
4 0.325102 0.496499 1.69523 1.37112e+06
4 0.327458 0.496624 1.69526 1.37116e+06
4 0.328838 0.496656 1.69487 1.37119e+06
4 0.329549 0.496411 1.69617 1.37123e+06
4 0.330718 0.496336 1.69865 1.37126e+06
4 0.330762 0.496642 1.70121 1.37129e+06

5 0.539607 0.160883 1.72379 1.37386e+06
5 0.542853 0.162381 1.72269 1.37389e+06
5 0.549155 0.163019 1.72276 1.37392e+06
5 0.554309 0.16206 1.7219 1.37396e+06
5 0.559756 0.162864 1.72209 1.37399e+06
5 0.564393 0.163051 1.72155 1.37402e+06
5 0.56966 0.161908 1.72377 1.37406e+06
5 0.573993 0.162635 1.7239 1.37409e+06
5 0.578702 0.162562 1.72769 1.37412e+06
5 0.585567 0.162209 1.7301 1.37416e+06
5 0.589846 0.160726 1.7344 1.37419e+06
5 0.593463 0.157805 1.73978 1.37424e+06
5 0.598212 0.158254 1.73911 1.37426e+06
5 0.600948 0.159142 1.73822 1.37429e+06
5 0.602926 0.157918 1.73238 1.37432e+06
5 0.603593 0.157591 1.73661 1.37436e+06
5 0.60455 0.160018 1.73814 1.37439e+06
5 0.604778 0.162956 1.73542 1.37442e+06
5 0.604783 0.164723 1.73489 1.37446e+06
5 0.603544 0.165003 1.73012 1.37449e+06
5 0.602856 0.17046 1.72806 1.37453e+06
5 0.599801 0.169379 1.72952 1.37456e+06
5 0.596339 0.173001 1.7247 1.37459e+06
5 0.594555 0.176348 1.71905 1.37463e+06
5 0.591046 0.17928 1.71565 1.37466e+06
5 0.588565 0.180498 1.71417 1.3747e+06
5 0.58458 0.181605 1.70902 1.37473e+06
5 0.581488 0.181624 1.70679 1.37476e+06
5 0.579013 0.18444 1.7039 1.3748e+06
5 0.576147 0.187237 1.69999 1.37483e+06
5 0.571716 0.192921 1.69355 1.37486e+06
5 0.569503 0.196823 1.6899 1.3749e+06
5 0.56676 0.20013 1.68759 1.37493e+06
5 0.56378 0.200919 1.68454 1.37496e+06
5 0.560885 0.203573 1.68152 1.37499e+06
5 0.557289 0.204069 1.67753 1.37503e+06
5 0.555943 0.209613 1.67536 1.37506e+06
5 0.554994 0.21525 1.67335 1.37509e+06
5 0.552071 0.218203 1.67386 1.37512e+06
5 0.549358 0.222436 1.67003 1.37516e+06
5 0.547773 0.22423 1.66956 1.37519e+06
5 0.5455 0.229552 1.66445 1.37522e+06
5 0.545402 0.232557 1.66156 1.37526e+06
5 0.543656 0.235929 1.65883 1.37529e+06
5 0.542658 0.238332 1.65673 1.37532e+06
5 0.541613 0.23935 1.65627 1.37536e+06
5 0.541688 0.240206 1.65576 1.37541e+06
5 0.542416 0.242483 1.65547 1.37542e+06
5 0.542833 0.244356 1.65599 1.37546e+06
5 0.544321 0.244899 1.65247 1.37549e+06
5 0.545992 0.244989 1.65224 1.37552e+06
5 0.546138 0.244452 1.65424 1.37556e+06
5 0.547759 0.248716 1.65209 1.37559e+06
5 0.549917 0.251792 1.65308 1.37562e+06
5 0.55371 0.251993 1.65313 1.37566e+06
5 0.55575 0.251744 1.65276 1.37569e+06
5 0.559359 0.253474 1.65011 1.37572e+06
5 0.56312 0.253233 1.65164 1.37576e+06
5 0.5662 0.252255 1.6533 1.37579e+06
5 0.569012 0.252651 1.65461 1.37583e+06
5 0.571045 0.253582 1.65345 1.37586e+06
5 0.574624 0.25458 1.65292 1.37589e+06
5 0.576573 0.255016 1.6526 1.37593e+06
5 0.580732 0.254977 1.65583 1.37596e+06
5 0.583265 0.255079 1.65732 1.37599e+06
5 0.585455 0.254852 1.65982 1.37603e+06
5 0.588336 0.256678 1.66063 1.37606e+06
5 0.590691 0.257552 1.66061 1.37609e+06
5 0.594719 0.256329 1.66304 1.37613e+06
5 0.597672 0.256833 1.66579 1.37616e+06
5 0.599454 0.258093 1.66675 1.37619e+06
5 0.600424 0.258946 1.66789 1.37623e+06
5 0.600513 0.262598 1.66903 1.37626e+06
5 0.601109 0.265421 1.67062 1.37629e+06
5 0.602564 0.266047 1.66862 1.37633e+06
5 0.603522 0.266047 1.6685 1.37636e+06

6 0.644675 0.586221 1.75483 1.3811e+06
6 0.645933 0.586192 1.76003 1.38113e+06
6 0.646517 0.586009 1.76107 1.38116e+06
6 0.648968 0.588252 1.76037 1.3812e+06
6 0.652579 0.589854 1.76115 1.38123e+06
6 0.656675 0.59067 1.76364 1.38127e+06
6 0.661611 0.589357 1.76551 1.3813e+06
6 0.665581 0.590623 1.76466 1.38133e+06
6 0.670016 0.589171 1.76603 1.38137e+06
6 0.673683 0.589735 1.76775 1.3814e+06
6 0.679005 0.590092 1.76884 1.38143e+06
6 0.684201 0.59053 1.76701 1.38147e+06
6 0.687156 0.590198 1.76811 1.3815e+06
6 0.690955 0.591686 1.76785 1.38153e+06
6 0.693822 0.592055 1.76881 1.38157e+06
6 0.696257 0.589495 1.77024 1.3816e+06
6 0.698103 0.58792 1.77192 1.38164e+06
6 0.698849 0.587753 1.76996 1.38167e+06
6 0.699437 0.589632 1.76575 1.3817e+06
6 0.699609 0.589901 1.76529 1.38173e+06
6 0.699246 0.590693 1.7648 1.38176e+06
6 0.698807 0.593293 1.76838 1.3818e+06
6 0.697602 0.594618 1.76812 1.38183e+06
6 0.69393 0.594268 1.76934 1.38187e+06
6 0.691592 0.594277 1.77087 1.3819e+06
6 0.689589 0.595496 1.77036 1.38194e+06
6 0.687398 0.597325 1.76941 1.38197e+06
6 0.686121 0.60169 1.76814 1.382e+06
6 0.683684 0.605014 1.76877 1.38204e+06
6 0.680541 0.608245 1.77126 1.38207e+06
6 0.678474 0.61087 1.7683 1.3821e+06
6 0.673076 0.616452 1.77086 1.38214e+06
6 0.668822 0.621903 1.77304 1.38217e+06
6 0.665092 0.629612 1.77447 1.3822e+06
6 0.661519 0.633044 1.77122 1.38224e+06
6 0.659453 0.641451 1.77456 1.38227e+06
6 0.656214 0.648421 1.77631 1.38231e+06
6 0.654535 0.654803 1.77907 1.38234e+06
6 0.650884 0.660769 1.77946 1.38237e+06
6 0.64802 0.665682 1.78018 1.38241e+06
6 0.645675 0.670054 1.78041 1.38244e+06
6 0.644463 0.672476 1.78339 1.38247e+06
6 0.642035 0.676792 1.78551 1.38251e+06
6 0.638967 0.679545 1.78626 1.38254e+06
6 0.639565 0.679506 1.78524 1.38257e+06
6 0.639216 0.68228 1.78968 1.38261e+06
6 0.638999 0.684242 1.79044 1.38264e+06
6 0.639217 0.685362 1.79265 1.38267e+06
6 0.638903 0.684794 1.79065 1.38271e+06
6 0.640192 0.684435 1.79215 1.38274e+06
6 0.641464 0.683316 1.79252 1.38277e+06
6 0.643854 0.683144 1.79523 1.38281e+06
6 0.647678 0.68484 1.79847 1.38284e+06
6 0.650817 0.682811 1.79417 1.38288e+06
6 0.652523 0.681708 1.79175 1.38291e+06
6 0.656406 0.681248 1.78983 1.38294e+06
6 0.661468 0.682735 1.79758 1.38298e+06
6 0.664314 0.681699 1.79895 1.38301e+06
6 0.666453 0.681269 1.80225 1.38304e+06
6 0.671332 0.683599 1.80136 1.38308e+06
6 0.675168 0.683081 1.80235 1.38311e+06
6 0.677873 0.680811 1.80285 1.38314e+06
6 0.680114 0.681884 1.80627 1.38318e+06
6 0.685921 0.68156 1.80537 1.38321e+06
6 0.687942 0.682187 1.80732 1.38324e+06
6 0.690741 0.68238 1.81007 1.38328e+06
6 0.690905 0.682057 1.80833 1.38331e+06
6 0.691827 0.682878 1.81322 1.38334e+06
6 0.6919 0.680731 1.81443 1.38338e+06
6 0.693004 0.681469 1.81611 1.38341e+06

7 0.796076 0.545209 1.80659 1.38814e+06
7 0.796995 0.545438 1.80665 1.38817e+06
7 0.797417 0.545746 1.80981 1.38821e+06
7 0.79735 0.546392 1.80969 1.38824e+06
7 0.800449 0.546096 1.81118 1.38828e+06
7 0.802518 0.545715 1.81305 1.38831e+06
7 0.803507 0.544778 1.81142 1.38834e+06
7 0.805534 0.544643 1.81569 1.38838e+06
7 0.806467 0.545226 1.81746 1.38841e+06
7 0.807782 0.545695 1.81795 1.38844e+06
7 0.812384 0.544826 1.81957 1.38848e+06
7 0.815521 0.54367 1.82039 1.38851e+06
7 0.817434 0.543845 1.82214 1.38854e+06
7 0.819591 0.545433 1.82586 1.38858e+06
7 0.820226 0.546093 1.82545 1.38861e+06
7 0.821911 0.547529 1.82736 1.38865e+06
7 0.825945 0.546493 1.82591 1.38868e+06
7 0.827299 0.546846 1.82833 1.38871e+06
7 0.82884 0.545686 1.82262 1.38874e+06
7 0.831648 0.546918 1.82382 1.38878e+06
7 0.833201 0.545865 1.83005 1.38881e+06
7 0.834122 0.547183 1.83082 1.38885e+06
7 0.835082 0.548434 1.83002 1.38888e+06
7 0.835879 0.548964 1.83041 1.38891e+06
7 0.836339 0.549121 1.83108 1.38895e+06
7 0.838803 0.548336 1.83249 1.38898e+06
7 0.838104 0.549216 1.83334 1.38901e+06
7 0.837307 0.54973 1.83507 1.38905e+06
7 0.836394 0.550585 1.83434 1.38908e+06
7 0.83651 0.550749 1.83501 1.38911e+06
7 0.83526 0.554753 1.83339 1.38915e+06
7 0.83384 0.557764 1.83104 1.38918e+06
7 0.831156 0.558752 1.82711 1.38921e+06
7 0.82961 0.55997 1.8237 1.38925e+06
7 0.826403 0.562447 1.82352 1.38928e+06
7 0.822993 0.566617 1.82203 1.38932e+06
7 0.820704 0.573306 1.81942 1.38935e+06
7 0.815927 0.577662 1.82031 1.38938e+06
7 0.812659 0.580604 1.81901 1.38941e+06
7 0.809782 0.585175 1.81813 1.38945e+06
7 0.808693 0.592068 1.81686 1.38948e+06
7 0.807594 0.595907 1.81432 1.38952e+06
7 0.805334 0.598734 1.81593 1.38955e+06
7 0.803847 0.601796 1.81733 1.38958e+06
7 0.800243 0.606499 1.81742 1.38962e+06
7 0.798205 0.609192 1.81598 1.38965e+06
7 0.796469 0.609677 1.81332 1.38968e+06
7 0.796622 0.612281 1.81406 1.38972e+06
7 0.796994 0.613866 1.81833 1.38975e+06
7 0.797194 0.615127 1.82106 1.38978e+06
7 0.796859 0.615462 1.82163 1.38982e+06
7 0.796477 0.615315 1.81921 1.38985e+06
7 0.797097 0.615728 1.82177 1.38988e+06
7 0.796923 0.614842 1.81962 1.38992e+06
7 0.798469 0.613098 1.81958 1.38995e+06
7 0.799996 0.612887 1.82161 1.38998e+06
7 0.799736 0.612271 1.82575 1.39002e+06
7 0.802259 0.611333 1.82851 1.39005e+06
7 0.804077 0.609645 1.82627 1.39008e+06
7 0.805528 0.609233 1.82561 1.39012e+06
7 0.806126 0.608503 1.82364 1.39015e+06
7 0.808177 0.605249 1.82597 1.39019e+06
7 0.809735 0.604621 1.82617 1.39022e+06
7 0.810717 0.602626 1.82513 1.39025e+06
7 0.81285 0.601691 1.82291 1.39027e+06
7 0.816565 0.600917 1.82149 1.39032e+06
7 0.819841 0.601888 1.83095 1.39035e+06
7 0.820919 0.601706 1.83379 1.39037e+06
7 0.821739 0.600662 1.83252 1.39040e+06
7 0.823113 0.600431 1.83451 1.39044e+06
7 0.823598 0.600485 1.83298 1.39047e+06
7 0.826283 0.600538 1.83591 1.39052e+06
7 0.826109 0.600309 1.83746 1.39054e+06
7 0.826263 0.600353 1.83949 1.39057e+06
7 0.825931 0.599741 1.83573 1.39061e+06
7 0.829284 0.598429 1.83138 1.39064e+06
7 0.831553 0.598463 1.82419 1.39067e+06
7 0.834261 0.59881 1.82926 1.39072e+06
7 0.833955 0.597472 1.82824 1.39074e+06
7 0.83417 0.600019 1.8307 1.39077e+06
7 0.834192 0.598745 1.83297 1.39081e+06
7 0.834138 0.597778 1.83381 1.39084e+06
7 0.833911 0.597172 1.83248 1.39088e+06
7 0.834384 0.597378 1.83395 1.39091e+06
7 0.832905 0.599235 1.8322 1.39094e+06
7 0.833124 0.59767 1.82974 1.39098e+06
7 0.833562 0.59616 1.82829 1.39101e+06

8 0.811422 0.319524 1.75627 1.39713e+06
8 0.81294 0.319587 1.7566 1.39715e+06
8 0.81439 0.319206 1.75819 1.39718e+06
8 0.815675 0.318902 1.75753 1.39723e+06
8 0.818236 0.318998 1.75929 1.39724e+06
8 0.819744 0.318662 1.75985 1.39728e+06
8 0.820614 0.318659 1.76108 1.39733e+06
8 0.82406 0.319083 1.76216 1.39736e+06
8 0.824782 0.319259 1.76177 1.39739e+06
8 0.826997 0.318153 1.75977 1.39743e+06
8 0.830579 0.317793 1.76213 1.39746e+06
8 0.833171 0.317692 1.76607 1.39749e+06
8 0.834222 0.317691 1.76713 1.39753e+06
8 0.835056 0.318518 1.76486 1.39756e+06
8 0.836979 0.318587 1.76628 1.39758e+06
8 0.840879 0.321003 1.7666 1.39763e+06
8 0.842519 0.319423 1.76466 1.39764e+06
8 0.844561 0.318672 1.76375 1.39768e+06
8 0.845338 0.318414 1.76141 1.39773e+06
8 0.843718 0.317348 1.76076 1.39775e+06
8 0.845127 0.317623 1.761 1.39778e+06
8 0.844701 0.318004 1.76169 1.39783e+06
8 0.846058 0.320051 1.76117 1.39785e+06
8 0.846362 0.321708 1.75862 1.39788e+06
8 0.845482 0.325501 1.75999 1.39793e+06
8 0.843856 0.325781 1.76166 1.39795e+06
8 0.843686 0.328128 1.76147 1.39798e+06
8 0.842147 0.327159 1.76019 1.39803e+06
8 0.841372 0.326579 1.7588 1.39805e+06
8 0.840984 0.328686 1.75641 1.3981e+06
8 0.840616 0.333292 1.75892 1.39811e+06
8 0.837374 0.334663 1.75529 1.39815e+06
8 0.834371 0.337445 1.75374 1.3982e+06
8 0.833215 0.343299 1.75244 1.39823e+06
8 0.832175 0.34738 1.7534 1.39826e+06
8 0.82987 0.352254 1.75067 1.3983e+06
8 0.82835 0.35568 1.74767 1.39833e+06
8 0.825475 0.357561 1.74427 1.39836e+06
8 0.823303 0.362007 1.74164 1.3984e+06
8 0.821432 0.364839 1.74357 1.39841e+06
8 0.819116 0.367247 1.7384 1.39845e+06
8 0.817128 0.370602 1.738 1.3985e+06
8 0.81437 0.376747 1.7419 1.39853e+06
8 0.812078 0.38143 1.74203 1.39856e+06
8 0.811064 0.386019 1.74052 1.3986e+06
8 0.81027 0.388303 1.73987 1.39863e+06
8 0.80986 0.387925 1.73783 1.39866e+06
8 0.808511 0.387432 1.73588 1.3987e+06
8 0.809007 0.392519 1.73648 1.39873e+06
8 0.808821 0.393569 1.73836 1.39876e+06
8 0.809329 0.396593 1.74206 1.3988e+06
8 0.809644 0.398907 1.74101 1.39883e+06
8 0.811179 0.398407 1.73774 1.39886e+06
8 0.80905 0.395491 1.73605 1.39889e+06
8 0.808514 0.391557 1.73417 1.39893e+06
8 0.809074 0.390413 1.734 1.39894e+06
8 0.810965 0.390222 1.73461 1.399e+06
8 0.812809 0.389951 1.73635 1.39901e+06
8 0.814083 0.390196 1.74063 1.39905e+06
8 0.815852 0.388134 1.74027 1.3991e+06
8 0.816956 0.386453 1.74025 1.39912e+06
8 0.818596 0.385855 1.74128 1.39915e+06
8 0.822163 0.385918 1.74626 1.3992e+06
8 0.827891 0.382363 1.75036 1.39921e+06
8 0.829606 0.382754 1.74862 1.39926e+06
8 0.830966 0.383069 1.75013 1.3993e+06
8 0.83333 0.383475 1.7522 1.39931e+06
8 0.834347 0.380085 1.75465 1.39936e+06
8 0.835819 0.381422 1.75464 1.39938e+06
8 0.839211 0.38221 1.75736 1.39942e+06
8 0.840471 0.385393 1.75619 1.39946e+06
8 0.841772 0.386603 1.75937 1.39948e+06
8 0.843453 0.385362 1.76015 1.39952e+06
8 0.844392 0.384636 1.75885 1.39956e+06
8 0.845137 0.38393 1.75976 1.3996e+06
8 0.845629 0.383605 1.76047 1.39963e+06
8 0.845209 0.384014 1.75915 1.39966e+06
8 0.845121 0.383919 1.75741 1.39969e+06

9 0.379262 0.227995 1.62303 1.42731e+06
9 0.381362 0.229048 1.62022 1.42735e+06
9 0.380333 0.22776 1.62111 1.42738e+06
9 0.381965 0.228889 1.61771 1.42741e+06
9 0.384673 0.22862 1.61603 1.42744e+06
9 0.388446 0.229871 1.61033 1.42748e+06
9 0.393036 0.229611 1.61045 1.42751e+06
9 0.396325 0.229957 1.60777 1.42755e+06
9 0.402069 0.230541 1.60692 1.42758e+06
9 0.408667 0.232586 1.6042 1.42761e+06
9 0.414567 0.231813 1.60337 1.42765e+06
9 0.420454 0.232565 1.60103 1.42768e+06
9 0.425193 0.233113 1.59808 1.42771e+06
9 0.427809 0.233587 1.59566 1.42775e+06
9 0.431979 0.235734 1.59435 1.42778e+06
9 0.434383 0.237473 1.59447 1.42781e+06
9 0.43544 0.242013 1.59717 1.42785e+06
9 0.434997 0.24413 1.59789 1.42788e+06
9 0.433018 0.243188 1.5978 1.42792e+06
9 0.431263 0.244798 1.5993 1.42795e+06
9 0.427901 0.247067 1.59871 1.428e+06
9 0.42389 0.252068 1.60391 1.42802e+06
9 0.418889 0.257242 1.60623 1.42805e+06
9 0.413547 0.260492 1.60571 1.42808e+06
9 0.408369 0.26332 1.6045 1.42812e+06
9 0.402945 0.268657 1.60644 1.42815e+06
9 0.396464 0.271897 1.60481 1.42818e+06
9 0.392196 0.276449 1.60419 1.42822e+06
9 0.389128 0.282054 1.60627 1.42825e+06
9 0.3866 0.286589 1.60894 1.42828e+06
9 0.384206 0.290113 1.61006 1.42832e+06
9 0.381565 0.289814 1.61026 1.42835e+06
9 0.379314 0.289428 1.61052 1.42838e+06
9 0.380816 0.289979 1.60932 1.42842e+06
9 0.382478 0.290823 1.60819 1.42845e+06
9 0.382246 0.292081 1.60941 1.42849e+06
9 0.385027 0.291765 1.60025 1.42852e+06
9 0.388933 0.292415 1.59893 1.42855e+06
9 0.392555 0.292613 1.59874 1.42859e+06
9 0.397416 0.293077 1.59828 1.42862e+06
9 0.402768 0.293089 1.59612 1.42866e+06
9 0.409093 0.292766 1.59399 1.42869e+06
9 0.415906 0.291877 1.59007 1.42872e+06
9 0.423956 0.291255 1.58785 1.42876e+06
9 0.433306 0.29096 1.5876 1.42879e+06
9 0.438552 0.291216 1.58672 1.42882e+06
9 0.442382 0.292355 1.58613 1.42886e+06
9 0.4444 0.292741 1.58977 1.42889e+06

