Gesto: 2
0 0.564107 0.256887 1.63681 1.67011e+06
0 0.567529 0.256913 1.63792 1.67015e+06
0 0.570644 0.257639 1.6376 1.67018e+06
0 0.573618 0.257376 1.63739 1.67021e+06
0 0.577207 0.256581 1.63592 1.67025e+06
0 0.581197 0.256772 1.63752 1.67028e+06
0 0.583305 0.257288 1.63894 1.67031e+06
0 0.587347 0.255502 1.6404 1.67035e+06
0 0.591421 0.255848 1.64231 1.67038e+06
0 0.595273 0.256778 1.64181 1.67042e+06
0 0.597724 0.257093 1.64071 1.67045e+06
0 0.601346 0.256645 1.641 1.67048e+06
0 0.604014 0.256801 1.64235 1.67052e+06
0 0.605809 0.256647 1.6461 1.67055e+06
0 0.610287 0.258152 1.6464 1.67058e+06
0 0.613575 0.256963 1.6466 1.67062e+06
0 0.61415 0.257731 1.64651 1.67065e+06
0 0.617815 0.262903 1.6492 1.67068e+06
0 0.619807 0.266587 1.65153 1.67072e+06
0 0.622175 0.268388 1.65332 1.67075e+06
0 0.623476 0.269601 1.65357 1.67078e+06
0 0.624296 0.270229 1.65386 1.67082e+06
0 0.625823 0.268866 1.65486 1.67085e+06
0 0.626544 0.26789 1.65361 1.67088e+06
0 0.626853 0.266867 1.65624 1.67092e+06
0 0.62623 0.267808 1.65719 1.67095e+06
0 0.6267 0.267688 1.65671 1.67098e+06
0 0.625561 0.269104 1.65248 1.67102e+06
0 0.623463 0.270725 1.64841 1.67105e+06
0 0.622391 0.271807 1.64802 1.67108e+06
0 0.621311 0.272023 1.64633 1.67112e+06
0 0.618128 0.276765 1.64183 1.67115e+06
0 0.615764 0.280687 1.63692 1.67118e+06
0 0.614129 0.283898 1.62921 1.67122e+06
0 0.610875 0.286664 1.62494 1.67125e+06
0 0.606323 0.292639 1.62203 1.67128e+06
0 0.601462 0.297947 1.62235 1.67132e+06
0 0.597648 0.301992 1.6165 1.67135e+06
0 0.593696 0.305868 1.61147 1.67138e+06
0 0.589115 0.312391 1.60928 1.67142e+06
0 0.586757 0.317273 1.60639 1.67145e+06
0 0.582463 0.321174 1.60345 1.67148e+06
0 0.579426 0.326552 1.60032 1.67152e+06
0 0.576856 0.330643 1.59665 1.67155e+06
0 0.574493 0.334185 1.59471 1.67158e+06
0 0.572058 0.336486 1.58797 1.67162e+06
0 0.570789 0.338638 1.5869 1.67165e+06
0 0.570409 0.340647 1.58721 1.67168e+06
0 0.568815 0.341565 1.58345 1.67172e+06
0 0.569948 0.34053 1.58285 1.67175e+06
0 0.572968 0.340923 1.58718 1.67178e+06
0 0.574051 0.341742 1.58709 1.67182e+06
0 0.576587 0.339445 1.59009 1.67185e+06
0 0.579107 0.338409 1.59268 1.67188e+06
0 0.581365 0.33774 1.59521 1.67192e+06
0 0.584725 0.336327 1.59665 1.67195e+06
0 0.586813 0.334919 1.59932 1.67198e+06
0 0.588452 0.333792 1.60138 1.67202e+06
0 0.592352 0.33476 1.60427 1.67205e+06
0 0.595375 0.334341 1.60768 1.67208e+06
0 0.598604 0.333259 1.61045 1.67212e+06
0 0.599933 0.332559 1.61171 1.67215e+06
0 0.603966 0.332864 1.61582 1.67218e+06
0 0.607532 0.332396 1.61829 1.67222e+06
0 0.610215 0.331735 1.62195 1.67225e+06
0 0.611764 0.331371 1.6241 1.67228e+06
0 0.613508 0.331581 1.62443 1.67232e+06
0 0.614897 0.331357 1.62576 1.67235e+06
0 0.618825 0.330249 1.63266 1.67238e+06
0 0.619447 0.330989 1.63475 1.67242e+06
0 0.621579 0.330845 1.63432 1.67245e+06
0 0.623586 0.330441 1.63595 1.67248e+06
0 0.624782 0.329942 1.63918 1.67252e+06
0 0.625234 0.329861 1.63891 1.67255e+06
0 0.625667 0.329574 1.63773 1.67258e+06
0 0.626023 0.329168 1.63876 1.67262e+06
0 0.627146 0.329724 1.63914 1.67265e+06
0 0.627033 0.330269 1.63729 1.67268e+06
0 0.626647 0.329886 1.63567 1.67272e+06
0 0.62663 0.329625 1.63725 1.67275e+06
0 0.626773 0.329614 1.63839 1.67278e+06

1 0.566231 0.262371 1.63798 1.67419e+06
1 0.567174 0.262215 1.63615 1.67422e+06
1 0.567647 0.261719 1.63777 1.67426e+06
1 0.56856 0.261649 1.63903 1.67429e+06
1 0.568587 0.262135 1.63782 1.67432e+06
1 0.570534 0.263268 1.63824 1.67436e+06
1 0.572206 0.263834 1.6366 1.67439e+06
1 0.574072 0.267231 1.63629 1.67442e+06
1 0.575599 0.26956 1.63462 1.67446e+06
1 0.57761 0.269421 1.63537 1.67449e+06
1 0.581511 0.270593 1.63628 1.67452e+06
1 0.583766 0.271678 1.63778 1.67456e+06
1 0.586802 0.271499 1.63724 1.67459e+06
1 0.588911 0.270663 1.63671 1.67462e+06
1 0.591134 0.270835 1.63592 1.67466e+06
1 0.594146 0.271496 1.63687 1.67469e+06
1 0.596891 0.27259 1.63724 1.67473e+06
1 0.598094 0.273164 1.63734 1.67474e+06
1 0.599844 0.272484 1.63534 1.67479e+06
1 0.601302 0.27082 1.63553 1.67483e+06
1 0.604128 0.272106 1.63536 1.67484e+06
1 0.605138 0.272276 1.63793 1.67489e+06
1 0.609151 0.271729 1.63818 1.67493e+06
1 0.611897 0.270655 1.63846 1.67496e+06
1 0.614412 0.270846 1.64094 1.675e+06
1 0.615859 0.270845 1.64268 1.67503e+06
1 0.617486 0.271228 1.64439 1.67506e+06
1 0.616885 0.270579 1.64404 1.67508e+06
1 0.616867 0.27105 1.64022 1.67511e+06
1 0.617715 0.271529 1.64083 1.67516e+06
1 0.619083 0.272294 1.6391 1.67518e+06
1 0.618755 0.272568 1.63881 1.67521e+06
1 0.618474 0.272736 1.63816 1.67526e+06
1 0.618512 0.272979 1.63856 1.6753e+06
1 0.619121 0.273211 1.63776 1.67531e+06
1 0.619612 0.273123 1.63782 1.67536e+06
1 0.618939 0.273279 1.63675 1.67538e+06
1 0.617549 0.273396 1.63261 1.67541e+06
1 0.615771 0.277915 1.62916 1.67546e+06
1 0.614408 0.281678 1.62724 1.6755e+06
1 0.612264 0.285455 1.62431 1.67551e+06
1 0.610083 0.288477 1.62063 1.67556e+06
1 0.608815 0.290257 1.618 1.67558e+06
1 0.608426 0.292715 1.61546 1.67561e+06
1 0.60628 0.297612 1.61335 1.67565e+06
1 0.604319 0.301928 1.60858 1.67568e+06
1 0.602538 0.306228 1.60438 1.67572e+06
1 0.600745 0.311734 1.60057 1.67575e+06
1 0.599124 0.314957 1.59929 1.67578e+06
1 0.596605 0.317522 1.59834 1.67582e+06
1 0.594178 0.31956 1.59555 1.67585e+06
1 0.591891 0.321353 1.59273 1.67588e+06
1 0.589389 0.32676 1.59051 1.67592e+06
1 0.58789 0.330217 1.59093 1.67595e+06
1 0.585783 0.333378 1.59031 1.67598e+06
1 0.584373 0.335203 1.58938 1.67602e+06
1 0.583846 0.336473 1.5882 1.67605e+06
1 0.582582 0.337286 1.5836 1.67608e+06
1 0.581749 0.337292 1.58324 1.67612e+06
1 0.581438 0.33764 1.5837 1.67615e+06
1 0.581386 0.338134 1.58495 1.67618e+06
1 0.58347 0.337245 1.58231 1.67622e+06
1 0.584829 0.336229 1.58336 1.67625e+06
1 0.584199 0.336808 1.58301 1.67628e+06
1 0.585024 0.336334 1.58253 1.67632e+06
1 0.585835 0.335775 1.58444 1.67635e+06
1 0.587098 0.335226 1.58493 1.67639e+06
1 0.589427 0.335639 1.58603 1.67642e+06
1 0.591866 0.335723 1.58912 1.67645e+06
1 0.594874 0.33518 1.58696 1.67649e+06
1 0.597742 0.333864 1.59154 1.67652e+06
1 0.599069 0.330927 1.59068 1.67655e+06
1 0.600314 0.331113 1.59626 1.67658e+06
1 0.604605 0.331711 1.59984 1.67662e+06
1 0.60758 0.332186 1.60305 1.67665e+06
1 0.60968 0.332289 1.60387 1.67669e+06
1 0.610884 0.332599 1.60609 1.67672e+06
1 0.612954 0.332515 1.6098 1.67675e+06
1 0.615407 0.333003 1.61468 1.67679e+06
1 0.618783 0.332778 1.61682 1.67682e+06
1 0.620658 0.332413 1.61932 1.67685e+06
1 0.622544 0.332119 1.61891 1.67689e+06
1 0.623634 0.331653 1.62234 1.67692e+06
1 0.624163 0.331548 1.62386 1.67695e+06
1 0.624712 0.331766 1.6251 1.67698e+06
1 0.624895 0.331314 1.62453 1.67702e+06
1 0.625018 0.331291 1.62407 1.67705e+06
1 0.625273 0.331114 1.62502 1.67708e+06
1 0.626516 0.331421 1.62729 1.67712e+06
1 0.626003 0.330813 1.6281 1.67715e+06

2 0.573085 0.259856 1.62734 1.67836e+06
2 0.57421 0.259802 1.62909 1.67839e+06
2 0.57541 0.259573 1.62921 1.67843e+06
2 0.576071 0.259041 1.62999 1.67846e+06
2 0.57641 0.258855 1.62966 1.6785e+06
2 0.578415 0.260834 1.63025 1.67853e+06
2 0.579937 0.261844 1.63248 1.67856e+06
2 0.582653 0.261166 1.63314 1.6786e+06
2 0.584753 0.262628 1.63215 1.67863e+06
2 0.58778 0.262897 1.63096 1.67866e+06
2 0.589289 0.262472 1.63101 1.6787e+06
2 0.593863 0.263189 1.63502 1.67873e+06
2 0.597452 0.263525 1.6359 1.67876e+06
2 0.599881 0.263014 1.63821 1.6788e+06
2 0.601404 0.265185 1.63785 1.67883e+06
2 0.602257 0.264072 1.63864 1.67886e+06
2 0.603848 0.266087 1.63731 1.6789e+06
2 0.606573 0.269309 1.63686 1.67893e+06
2 0.608131 0.270965 1.63918 1.67896e+06
2 0.610401 0.268527 1.63992 1.679e+06
2 0.612547 0.265654 1.63916 1.67903e+06
2 0.613686 0.26656 1.63892 1.67906e+06
2 0.614254 0.267228 1.64034 1.6791e+06
2 0.615646 0.268693 1.64068 1.67913e+06
2 0.617156 0.270392 1.64113 1.67916e+06
2 0.618874 0.271278 1.64071 1.6792e+06
2 0.619643 0.271912 1.63981 1.67923e+06
2 0.621356 0.272277 1.64163 1.67926e+06
2 0.621144 0.272732 1.64198 1.6793e+06
2 0.62297 0.271242 1.64267 1.67933e+06
2 0.622146 0.270887 1.64182 1.67936e+06
2 0.621228 0.271481 1.64104 1.6794e+06
2 0.619774 0.272297 1.63762 1.67943e+06
2 0.61912 0.273146 1.63653 1.67946e+06
2 0.618389 0.273324 1.63504 1.6795e+06
2 0.617059 0.274175 1.62906 1.67953e+06
2 0.615032 0.279163 1.62362 1.67956e+06
2 0.613723 0.282856 1.62153 1.6796e+06
2 0.612772 0.285407 1.61819 1.67963e+06
2 0.609159 0.287962 1.61435 1.67966e+06
2 0.606584 0.290265 1.60941 1.6797e+06
2 0.605399 0.291806 1.60613 1.67973e+06
2 0.602889 0.29698 1.6021 1.67976e+06
2 0.601765 0.300188 1.60134 1.6798e+06
2 0.598462 0.303656 1.59789 1.67983e+06
2 0.595877 0.306244 1.59591 1.67986e+06
2 0.593557 0.307136 1.59351 1.6799e+06
2 0.591049 0.309584 1.59122 1.67993e+06
2 0.5878 0.312355 1.58619 1.67996e+06
2 0.585254 0.317437 1.58351 1.68e+06
2 0.582688 0.320459 1.58094 1.68003e+06
2 0.581111 0.322455 1.57736 1.68006e+06
2 0.578233 0.325541 1.57522 1.6801e+06
2 0.576351 0.327456 1.57438 1.68013e+06
2 0.573769 0.331948 1.57507 1.68016e+06
2 0.572623 0.33545 1.5742 1.6802e+06
2 0.571863 0.337523 1.57398 1.68023e+06
2 0.571237 0.338701 1.57141 1.68027e+06
2 0.57132 0.339357 1.56973 1.6803e+06
2 0.571135 0.339929 1.56737 1.68033e+06
2 0.57185 0.339922 1.56709 1.68037e+06
2 0.573219 0.340025 1.56598 1.68038e+06
2 0.576263 0.339306 1.56816 1.68044e+06
2 0.578098 0.33854 1.5726 1.68045e+06
2 0.580677 0.338806 1.57275 1.68048e+06
2 0.583094 0.337454 1.57452 1.68054e+06
2 0.584607 0.33647 1.57482 1.68055e+06
2 0.58636 0.336024 1.57617 1.68059e+06
2 0.588788 0.33636 1.58019 1.68062e+06
2 0.59237 0.334035 1.58086 1.68066e+06
2 0.596165 0.333906 1.58492 1.68069e+06
2 0.598286 0.331053 1.58612 1.68072e+06
2 0.601184 0.331998 1.5916 1.68076e+06
2 0.604312 0.329852 1.59423 1.68079e+06
2 0.607691 0.328671 1.59902 1.68082e+06
2 0.610738 0.325817 1.60114 1.68086e+06
2 0.614511 0.324466 1.60302 1.68089e+06
2 0.615955 0.324514 1.60546 1.68093e+06
2 0.616721 0.324802 1.60659 1.68096e+06
2 0.62031 0.323412 1.60795 1.68099e+06
2 0.621702 0.324182 1.61167 1.68102e+06
2 0.62304 0.324657 1.61573 1.68106e+06
2 0.623946 0.32754 1.61715 1.68109e+06
2 0.624566 0.329743 1.61725 1.68113e+06
2 0.624593 0.330766 1.61584 1.68116e+06
2 0.624616 0.331112 1.61576 1.68119e+06
2 0.624717 0.331215 1.61379 1.68123e+06
2 0.62482 0.330892 1.61674 1.68126e+06
2 0.624534 0.331209 1.61476 1.68129e+06
2 0.624732 0.331437 1.61559 1.68133e+06

3 0.567958 0.263585 1.60996 1.6824e+06
3 0.569049 0.262513 1.61089 1.68243e+06
3 0.570722 0.262216 1.61264 1.68247e+06
3 0.572407 0.262132 1.61239 1.6825e+06
3 0.572974 0.261543 1.61286 1.68253e+06
3 0.576661 0.26158 1.6112 1.68257e+06
3 0.577354 0.263097 1.61219 1.6826e+06
3 0.579947 0.262378 1.61524 1.68263e+06
3 0.58253 0.26203 1.6187 1.68267e+06
3 0.586257 0.263062 1.61703 1.6827e+06
3 0.589074 0.263721 1.61856 1.68274e+06
3 0.592701 0.262932 1.61998 1.68277e+06
3 0.595197 0.263892 1.62463 1.6828e+06
3 0.596637 0.265065 1.62534 1.68283e+06
3 0.598955 0.26488 1.62591 1.68287e+06
3 0.600576 0.264284 1.62803 1.6829e+06
3 0.601326 0.266709 1.6252 1.68293e+06
3 0.60168 0.268198 1.6254 1.68297e+06
3 0.60425 0.270466 1.62522 1.683e+06
3 0.606585 0.272382 1.62754 1.68303e+06
3 0.6085 0.273574 1.62889 1.68307e+06
3 0.609484 0.274406 1.6279 1.6831e+06
3 0.611787 0.273031 1.62965 1.68312e+06
3 0.614152 0.27285 1.63002 1.68317e+06
3 0.616539 0.272964 1.62936 1.6832e+06
3 0.618424 0.273216 1.63103 1.68322e+06
3 0.618284 0.273264 1.63248 1.68327e+06
3 0.620162 0.27328 1.63431 1.68329e+06
3 0.622972 0.272237 1.63365 1.68334e+06
3 0.623078 0.272542 1.63227 1.68337e+06
3 0.624119 0.274305 1.63368 1.68339e+06
3 0.623872 0.274285 1.63456 1.68344e+06
3 0.62343 0.276343 1.63216 1.68347e+06
3 0.623261 0.275789 1.63079 1.6835e+06
3 0.622296 0.275575 1.62858 1.68354e+06
3 0.620981 0.275979 1.62537 1.68357e+06
3 0.620079 0.276159 1.62317 1.68359e+06
3 0.618639 0.275474 1.62053 1.68364e+06
3 0.616027 0.279843 1.61737 1.68367e+06
3 0.614292 0.283616 1.61651 1.6837e+06
3 0.612059 0.287753 1.61206 1.68374e+06
3 0.608575 0.28967 1.60966 1.68377e+06
3 0.605586 0.290809 1.6053 1.6838e+06
3 0.604038 0.291436 1.60292 1.68384e+06
3 0.601657 0.293972 1.60184 1.68387e+06
3 0.600081 0.298845 1.59961 1.6839e+06
3 0.597594 0.303044 1.59696 1.68394e+06
3 0.594595 0.305126 1.59549 1.68397e+06
3 0.592659 0.306751 1.59211 1.684e+06
3 0.58986 0.30971 1.58909 1.68404e+06
3 0.588009 0.311989 1.58583 1.68407e+06
3 0.58584 0.317209 1.58371 1.68409e+06
3 0.584361 0.320509 1.5806 1.68414e+06
3 0.58219 0.322048 1.5796 1.68417e+06
3 0.581607 0.323921 1.57617 1.68419e+06
3 0.580987 0.324218 1.57633 1.68424e+06
3 0.580065 0.324129 1.57451 1.68426e+06
3 0.578595 0.325597 1.57434 1.68429e+06
3 0.577801 0.327013 1.57289 1.68434e+06
3 0.577621 0.330238 1.57337 1.68437e+06
3 0.577402 0.332572 1.57189 1.6844e+06
3 0.577451 0.333785 1.57311 1.68444e+06
3 0.577376 0.334484 1.57318 1.68447e+06
3 0.577259 0.335025 1.5721 1.6845e+06
3 0.580107 0.33618 1.57509 1.68454e+06
3 0.58288 0.335815 1.57789 1.68457e+06
3 0.584373 0.33573 1.57902 1.6846e+06
3 0.588508 0.336233 1.58183 1.68464e+06
3 0.588735 0.335612 1.58203 1.68467e+06
3 0.591401 0.33589 1.58571 1.6847e+06
3 0.594511 0.333323 1.58328 1.68474e+06
3 0.597282 0.333088 1.58671 1.68477e+06
3 0.598723 0.330887 1.58515 1.6848e+06
3 0.60136 0.331742 1.58963 1.68484e+06
3 0.605088 0.33236 1.59228 1.68487e+06
3 0.60734 0.332367 1.59638 1.6849e+06
3 0.609248 0.333128 1.5975 1.68494e+06
3 0.61065 0.333398 1.60022 1.68497e+06
3 0.611783 0.333223 1.60192 1.685e+06
3 0.616152 0.333518 1.60538 1.68504e+06
3 0.618725 0.333491 1.61019 1.68507e+06
3 0.620572 0.333474 1.61064 1.6851e+06
3 0.622263 0.332787 1.61278 1.68514e+06
3 0.623056 0.332271 1.61325 1.68517e+06
3 0.623654 0.332678 1.61364 1.6852e+06
3 0.623965 0.332254 1.61361 1.68524e+06
3 0.624317 0.331802 1.61466 1.68527e+06
3 0.624534 0.331835 1.61427 1.6853e+06
3 0.624697 0.331418 1.61548 1.68534e+06
3 0.626069 0.331747 1.61451 1.68537e+06
3 0.625223 0.331247 1.615 1.6854e+06

4 0.563624 0.260785 1.60611 1.6864e+06
4 0.564048 0.260911 1.60572 1.68644e+06
4 0.565368 0.259905 1.60625 1.68647e+06
4 0.566018 0.262089 1.60534 1.6865e+06
4 0.569148 0.262407 1.60831 1.68654e+06
4 0.57064 0.26257 1.6072 1.68657e+06
4 0.571853 0.261823 1.60809 1.6866e+06
4 0.575379 0.260784 1.60941 1.68664e+06
4 0.577805 0.262512 1.61068 1.68667e+06
4 0.581099 0.262736 1.61158 1.6867e+06
4 0.583743 0.262507 1.61271 1.68674e+06
4 0.587838 0.263699 1.61422 1.68677e+06
4 0.590843 0.26269 1.61724 1.6868e+06
4 0.595332 0.262953 1.6222 1.68684e+06
4 0.597669 0.263912 1.62248 1.68687e+06
4 0.59954 0.264165 1.62351 1.6869e+06
4 0.600798 0.264217 1.62325 1.68694e+06
4 0.602643 0.266823 1.6248 1.68697e+06
4 0.604941 0.269805 1.6243 1.687e+06
4 0.606892 0.269086 1.62336 1.68704e+06
4 0.609902 0.269824 1.62546 1.68707e+06
4 0.611633 0.267889 1.62454 1.6871e+06
4 0.612776 0.26619 1.62469 1.68714e+06
4 0.615736 0.268656 1.62627 1.68717e+06
4 0.615967 0.270571 1.62678 1.6872e+06
4 0.616977 0.272283 1.62814 1.68724e+06
4 0.618403 0.273519 1.62756 1.68727e+06
4 0.620349 0.274076 1.62888 1.6873e+06
4 0.621454 0.27383 1.62871 1.68734e+06
4 0.623364 0.272393 1.63057 1.68737e+06
4 0.624345 0.271591 1.6307 1.6874e+06
4 0.623742 0.272076 1.63202 1.68744e+06
4 0.624476 0.271812 1.62999 1.68747e+06
4 0.622745 0.272464 1.62877 1.6875e+06
4 0.621023 0.273191 1.62849 1.68754e+06
4 0.619915 0.274031 1.62577 1.68757e+06
4 0.618564 0.274619 1.62427 1.68760e+06
4 0.616669 0.274772 1.62098 1.68764e+06
4 0.614515 0.276937 1.61771 1.68767e+06
4 0.612834 0.279052 1.61418 1.68771e+06
4 0.609173 0.284017 1.61099 1.68774e+06
4 0.606726 0.287859 1.60766 1.68778e+06
4 0.604415 0.290005 1.60647 1.68779e+06
4 0.601785 0.293264 1.60388 1.68784e+06
4 0.598813 0.295422 1.60093 1.68786e+06
4 0.596687 0.300106 1.59775 1.68789e+06
4 0.594228 0.303 1.59686 1.68793e+06
4 0.591189 0.304583 1.59405 1.68796e+06
4 0.588009 0.308106 1.59336 1.688e+06
4 0.586378 0.309719 1.5879 1.68803e+06
4 0.584898 0.314629 1.58935 1.68806e+06
4 0.582341 0.318045 1.58888 1.6881e+06
4 0.57991 0.319247 1.58646 1.68813e+06
4 0.579788 0.320693 1.58536 1.68816e+06
4 0.577727 0.323503 1.58419 1.6882e+06
4 0.57816 0.323916 1.58108 1.68823e+06
4 0.57576 0.326113 1.58032 1.68826e+06
4 0.575025 0.330003 1.58208 1.6883e+06
4 0.573403 0.333569 1.58263 1.68833e+06
4 0.572575 0.335463 1.5822 1.68836e+06
4 0.572432 0.336468 1.58187 1.6884e+06
4 0.572493 0.337182 1.58149 1.68843e+06
4 0.574255 0.336544 1.58155 1.68846e+06
4 0.576648 0.33605 1.58389 1.6885e+06
4 0.577342 0.336036 1.58112 1.68853e+06
4 0.577315 0.335047 1.58019 1.68856e+06
4 0.580344 0.335487 1.58613 1.6886e+06
4 0.583394 0.335354 1.58961 1.68863e+06
4 0.585162 0.335427 1.59101 1.68866e+06
4 0.587054 0.334933 1.59273 1.6887e+06
4 0.589484 0.334437 1.59365 1.68873e+06
4 0.591693 0.331825 1.59246 1.68876e+06
4 0.595179 0.32967 1.59249 1.6888e+06
4 0.597816 0.328091 1.59335 1.68883e+06
4 0.599283 0.326788 1.59414 1.68886e+06
4 0.60028 0.326057 1.59661 1.6889e+06
4 0.605389 0.326363 1.59928 1.68893e+06
4 0.606974 0.325669 1.60127 1.68896e+06
4 0.609152 0.325867 1.60457 1.689e+06
4 0.610737 0.325593 1.60562 1.68903e+06
4 0.613776 0.325632 1.60817 1.68906e+06
4 0.615577 0.325771 1.60873 1.6891e+06
4 0.61764 0.325892 1.61183 1.68913e+06
4 0.620024 0.325365 1.61606 1.68916e+06
4 0.621812 0.327736 1.61987 1.6892e+06
4 0.623384 0.329397 1.62272 1.68923e+06
4 0.624039 0.330154 1.62189 1.68927e+06
4 0.62429 0.330224 1.62196 1.6893e+06
4 0.624651 0.330597 1.62148 1.68933e+06
4 0.625987 0.331434 1.62147 1.68936e+06
4 0.625754 0.3313 1.62086 1.6894e+06

5 0.572954 0.261378 1.61242 1.69041e+06
5 0.574392 0.261237 1.61245 1.69044e+06
5 0.575231 0.26087 1.61445 1.69048e+06
5 0.576819 0.259588 1.61276 1.69051e+06
5 0.579419 0.259955 1.61329 1.69054e+06
5 0.581984 0.260494 1.61565 1.69058e+06
5 0.584292 0.260685 1.61723 1.69061e+06
5 0.587965 0.262609 1.61792 1.69064e+06
5 0.591788 0.262181 1.61857 1.69068e+06
5 0.596032 0.263358 1.62214 1.69071e+06
5 0.598959 0.264026 1.62382 1.69074e+06
5 0.600481 0.263964 1.62437 1.69078e+06
5 0.603263 0.262074 1.6275 1.69081e+06
5 0.606456 0.262942 1.62836 1.69084e+06
5 0.608815 0.264077 1.62784 1.69088e+06
5 0.612401 0.264001 1.63085 1.69091e+06
5 0.61471 0.266935 1.63228 1.69094e+06
5 0.61758 0.269785 1.63403 1.69098e+06
5 0.61895 0.271585 1.63312 1.69101e+06
5 0.619622 0.272364 1.63355 1.69104e+06
5 0.622302 0.271181 1.63314 1.69108e+06
5 0.622929 0.272213 1.63259 1.69109e+06
5 0.623414 0.272712 1.63521 1.69114e+06
5 0.624454 0.271504 1.63492 1.69118e+06
5 0.626157 0.271779 1.63458 1.6912e+06
5 0.625948 0.270749 1.63486 1.69124e+06
5 0.625901 0.273342 1.63464 1.69128e+06
5 0.624483 0.274301 1.62961 1.69129e+06
5 0.622734 0.274473 1.62899 1.69134e+06
5 0.620853 0.274798 1.62679 1.69138e+06
5 0.619975 0.274903 1.62615 1.6914e+06
5 0.61942 0.275057 1.62456 1.69145e+06
5 0.616255 0.27997 1.61911 1.69146e+06
5 0.614466 0.283379 1.61609 1.6915e+06
5 0.612031 0.287402 1.6125 1.69155e+06
5 0.608481 0.289446 1.61005 1.69158e+06
5 0.60629 0.290769 1.60758 1.6916e+06
5 0.602673 0.293671 1.60374 1.69165e+06
5 0.600437 0.298186 1.60361 1.69166e+06
5 0.59801 0.30274 1.60168 1.69171e+06
5 0.595451 0.305494 1.59881 1.69174e+06
5 0.593533 0.306701 1.59619 1.69178e+06
5 0.591125 0.309796 1.59046 1.69181e+06
5 0.588274 0.315212 1.58947 1.69184e+06
5 0.587835 0.318012 1.58883 1.69188e+06
5 0.585696 0.32087 1.58502 1.69191e+06
5 0.583229 0.322795 1.58126 1.69194e+06
5 0.582737 0.325182 1.5804 1.69198e+06
5 0.579879 0.326513 1.57865 1.69201e+06
5 0.578558 0.329912 1.57713 1.69205e+06
5 0.577891 0.332015 1.57615 1.69206e+06
5 0.577946 0.33373 1.57609 1.69211e+06
5 0.577488 0.334632 1.57409 1.69213e+06
5 0.578191 0.334703 1.57417 1.69216e+06
5 0.577887 0.335352 1.57104 1.69221e+06
5 0.578776 0.335717 1.57404 1.69225e+06
5 0.580979 0.336785 1.57707 1.69226e+06
5 0.582216 0.337009 1.58067 1.69231e+06
5 0.583993 0.336525 1.58083 1.69233e+06
5 0.585243 0.333484 1.5812 1.69236e+06
5 0.586847 0.330792 1.57966 1.69241e+06
5 0.588398 0.329495 1.57847 1.69245e+06
5 0.590444 0.327097 1.5798 1.69246e+06
5 0.59455 0.327265 1.58174 1.69251e+06
5 0.597526 0.32694 1.58567 1.69255e+06
5 0.599953 0.324961 1.58777 1.69256e+06
5 0.602226 0.32419 1.59114 1.69261e+06
5 0.605168 0.325307 1.59221 1.69265e+06
5 0.607636 0.325591 1.59621 1.69266e+06
5 0.609017 0.325833 1.59882 1.69271e+06
5 0.612234 0.329232 1.60169 1.69274e+06
5 0.612316 0.330678 1.60399 1.69278e+06
5 0.61359 0.332293 1.60644 1.69281e+06
5 0.616458 0.333911 1.60895 1.69284e+06
5 0.6181 0.334932 1.61063 1.69288e+06
5 0.620694 0.334039 1.61275 1.69291e+06
5 0.62222 0.333235 1.61335 1.69294e+06
5 0.623135 0.332529 1.6133 1.69298e+06
5 0.623866 0.33247 1.61406 1.69301e+06
5 0.625239 0.332694 1.61651 1.69304e+06
5 0.625958 0.333362 1.61582 1.69308e+06
5 0.626793 0.334176 1.61634 1.69311e+06
5 0.626997 0.334121 1.61777 1.69315e+06

6 0.573761 0.26437 1.59666 1.69424e+06
6 0.574476 0.264006 1.59693 1.69428e+06
6 0.576259 0.263093 1.59496 1.69431e+06
6 0.57894 0.263163 1.59679 1.69434e+06
6 0.581452 0.263643 1.59937 1.69438e+06
6 0.585298 0.265047 1.6001 1.69441e+06
6 0.58903 0.264234 1.60359 1.69444e+06
6 0.59121 0.263925 1.60475 1.69448e+06
6 0.595156 0.26527 1.60627 1.69451e+06
6 0.598014 0.265413 1.60868 1.69454e+06
6 0.601297 0.264162 1.61062 1.69458e+06
6 0.606111 0.26476 1.61371 1.69461e+06
6 0.607578 0.266045 1.61447 1.69465e+06
6 0.61141 0.265826 1.61866 1.69468e+06
6 0.614277 0.266143 1.61963 1.69471e+06
6 0.616881 0.269746 1.62078 1.69475e+06
6 0.618184 0.27215 1.62124 1.69478e+06
6 0.619486 0.273383 1.62157 1.69481e+06
6 0.622023 0.272564 1.6221 1.69485e+06
6 0.623404 0.271828 1.62279 1.69488e+06
6 0.624213 0.271515 1.62333 1.69491e+06
6 0.625605 0.272233 1.62422 1.69494e+06
6 0.626529 0.272644 1.62534 1.69498e+06
6 0.62704 0.273038 1.62576 1.69501e+06
6 0.627311 0.273283 1.62627 1.69504e+06
6 0.6273 0.273406 1.62603 1.69508e+06
6 0.62625 0.27246 1.62578 1.69511e+06
6 0.624519 0.273336 1.62411 1.69515e+06
6 0.624472 0.272977 1.62261 1.69518e+06
6 0.62411 0.272124 1.61956 1.69521e+06
6 0.622624 0.273478 1.61852 1.69525e+06
6 0.619447 0.274529 1.61601 1.69528e+06
6 0.617217 0.274861 1.61511 1.69532e+06
6 0.614643 0.277916 1.60988 1.69535e+06
6 0.611476 0.280353 1.60877 1.69538e+06
6 0.609027 0.285227 1.60632 1.69542e+06
6 0.605902 0.288534 1.6034 1.69545e+06
6 0.602701 0.289545 1.60147 1.69548e+06
6 0.599836 0.291669 1.59771 1.69552e+06
6 0.597812 0.295355 1.59346 1.69555e+06
6 0.595837 0.300549 1.59118 1.69557e+06
6 0.593359 0.303962 1.58903 1.69562e+06
6 0.591758 0.306229 1.58671 1.69563e+06
6 0.588374 0.310231 1.58302 1.69567e+06
6 0.586042 0.313024 1.57833 1.69572e+06
6 0.584217 0.317555 1.57774 1.69574e+06
6 0.583514 0.321028 1.57757 1.69577e+06
6 0.581408 0.322567 1.57563 1.6958e+06
6 0.579919 0.323158 1.57344 1.69584e+06
6 0.578986 0.325524 1.57362 1.69587e+06
6 0.578035 0.327596 1.57069 1.69592e+06
6 0.578276 0.330881 1.57239 1.69594e+06
6 0.57768 0.33319 1.57202 1.69597e+06
6 0.578371 0.334978 1.56973 1.696e+06
6 0.578012 0.335345 1.57006 1.69604e+06
6 0.577407 0.335503 1.56984 1.69607e+06
6 0.58068 0.33431 1.57119 1.6961e+06
6 0.583444 0.332322 1.57224 1.69614e+06
6 0.58494 0.330876 1.57365 1.69617e+06
6 0.585959 0.329999 1.57535 1.69620e+06
6 0.587204 0.329838 1.57507 1.69624e+06
6 0.589714 0.327703 1.57672 1.69627e+06
6 0.590852 0.326153 1.57721 1.69631e+06
6 0.594687 0.324145 1.58037 1.69634e+06
6 0.598525 0.323463 1.5832 1.69637e+06
6 0.600647 0.323102 1.58598 1.69641e+06
6 0.603597 0.323537 1.58919 1.69644e+06
6 0.606384 0.322606 1.59139 1.69648e+06
6 0.609399 0.322229 1.59439 1.69651e+06
6 0.611281 0.322452 1.59454 1.69654e+06
6 0.612866 0.324105 1.59384 1.69658e+06
6 0.616805 0.325094 1.59818 1.69661e+06
6 0.619049 0.325772 1.60057 1.69664e+06
6 0.621267 0.328881 1.60363 1.69668e+06
6 0.622364 0.331442 1.60375 1.69671e+06
6 0.622842 0.332144 1.6031 1.69674e+06
6 0.62591 0.333164 1.60491 1.69678e+06
6 0.627843 0.333966 1.60674 1.69681e+06
6 0.627143 0.334106 1.6087 1.69684e+06
6 0.628036 0.334689 1.60813 1.69688e+06
6 0.628665 0.3346 1.60924 1.69691e+06
6 0.628948 0.334586 1.61003 1.69694e+06

7 0.57062 0.265849 1.58746 1.69798e+06
7 0.573619 0.267372 1.58863 1.69801e+06
7 0.576134 0.268464 1.59034 1.69804e+06
7 0.578654 0.266818 1.59352 1.69808e+06
7 0.581992 0.266022 1.595 1.69811e+06
7 0.585605 0.266842 1.59496 1.69815e+06
7 0.589138 0.265458 1.59855 1.69818e+06
7 0.592051 0.265259 1.59999 1.69821e+06
7 0.596083 0.266037 1.60238 1.69824e+06
7 0.598514 0.266384 1.60358 1.69828e+06
7 0.602367 0.267806 1.60383 1.69831e+06
7 0.604863 0.271428 1.60594 1.69834e+06
7 0.607316 0.271107 1.60762 1.69838e+06
7 0.61119 0.272798 1.61033 1.69841e+06
7 0.613826 0.274267 1.61241 1.69845e+06
7 0.615097 0.275461 1.61226 1.69848e+06
7 0.615689 0.2761 1.61225 1.69851e+06
7 0.616113 0.276273 1.61262 1.69855e+06
7 0.618682 0.27671 1.61221 1.69858e+06
7 0.62025 0.276449 1.6141 1.69862e+06
7 0.620727 0.276589 1.61275 1.69865e+06
7 0.621094 0.276484 1.61267 1.69868e+06
7 0.621286 0.276807 1.6108 1.69872e+06
7 0.621387 0.276962 1.61058 1.69875e+06
7 0.621495 0.276767 1.61193 1.69878e+06
7 0.619998 0.277549 1.61008 1.69882e+06
7 0.618207 0.27741 1.61021 1.69885e+06
7 0.617118 0.277572 1.60913 1.69888e+06
7 0.61561 0.277534 1.60518 1.69892e+06
7 0.613755 0.279202 1.60245 1.69895e+06
7 0.611814 0.281327 1.60019 1.69898e+06
7 0.609385 0.286524 1.59868 1.69902e+06
7 0.6068 0.290224 1.59581 1.69905e+06
7 0.603681 0.292388 1.59157 1.69909e+06
7 0.60084 0.295233 1.59 1.69912e+06
7 0.597861 0.30114 1.58745 1.69915e+06
7 0.594273 0.304748 1.58435 1.69917e+06
7 0.592102 0.307557 1.58045 1.69922e+06
7 0.589753 0.311192 1.57363 1.69924e+06
7 0.586198 0.317201 1.57093 1.69927e+06
7 0.584254 0.321633 1.56732 1.69932e+06
7 0.582106 0.324205 1.56541 1.69934e+06
7 0.579436 0.327375 1.56311 1.69937e+06
7 0.578061 0.331638 1.5622 1.69941e+06
7 0.577197 0.334347 1.5599 1.69944e+06
7 0.576791 0.335949 1.55854 1.69947e+06
7 0.577468 0.337038 1.5577 1.69951e+06
7 0.577873 0.337445 1.55757 1.69954e+06
7 0.576839 0.33753 1.55566 1.69958e+06
7 0.576376 0.337345 1.55446 1.69961e+06
7 0.578071 0.33831 1.55819 1.69964e+06
7 0.580208 0.339125 1.5612 1.69968e+06
7 0.581253 0.339388 1.56437 1.69971e+06
7 0.583072 0.338711 1.56565 1.69974e+06
7 0.58515 0.335551 1.56433 1.69978e+06
7 0.588073 0.331487 1.56572 1.69981e+06
7 0.589646 0.328758 1.56576 1.69984e+06
7 0.591728 0.327381 1.56632 1.69988e+06
7 0.59486 0.327902 1.56889 1.69991e+06
7 0.598097 0.326076 1.57338 1.69995e+06
7 0.601349 0.325137 1.57442 1.69998e+06
7 0.60348 0.324843 1.57613 1.70001e+06
7 0.605432 0.324568 1.57931 1.70005e+06
7 0.607463 0.325316 1.58382 1.70008e+06
7 0.610385 0.325246 1.58479 1.70011e+06
7 0.612983 0.326048 1.58662 1.70015e+06
7 0.61456 0.326445 1.59092 1.70018e+06
7 0.617614 0.326885 1.59527 1.70022e+06
7 0.619656 0.329863 1.59855 1.70025e+06
7 0.621391 0.331472 1.6016 1.70028e+06
7 0.622489 0.33239 1.60193 1.70032e+06
7 0.622929 0.332548 1.60224 1.70035e+06
7 0.624576 0.333562 1.6048 1.70038e+06
7 0.626642 0.334368 1.60602 1.70042e+06
7 0.628059 0.334639 1.60744 1.70045e+06
7 0.628765 0.33472 1.60756 1.70048e+06
7 0.629054 0.33487 1.60697 1.70052e+06
7 0.629209 0.334776 1.60753 1.70055e+06
7 0.628454 0.334018 1.60897 1.70059e+06

8 0.579524 0.263413 1.59011 1.70165e+06
8 0.581219 0.263951 1.59101 1.70168e+06
8 0.581402 0.264653 1.59158 1.70171e+06
8 0.583306 0.264936 1.59287 1.70175e+06
8 0.585233 0.266689 1.59405 1.70178e+06
8 0.587111 0.267297 1.59503 1.70181e+06
8 0.589604 0.265806 1.59804 1.70184e+06
8 0.59228 0.265765 1.598 1.70188e+06
8 0.594693 0.265293 1.59917 1.70191e+06
8 0.597415 0.266286 1.60085 1.70195e+06
8 0.600849 0.26514 1.60367 1.70198e+06
8 0.603083 0.26596 1.60433 1.70201e+06
8 0.605589 0.26743 1.60467 1.70205e+06
8 0.607684 0.268283 1.60556 1.70208e+06
8 0.610975 0.267441 1.61067 1.70212e+06
8 0.614631 0.270809 1.61165 1.70215e+06
8 0.616713 0.273128 1.61323 1.70218e+06
8 0.617881 0.274573 1.6145 1.70222e+06
8 0.618579 0.275327 1.61572 1.70225e+06
8 0.617678 0.275789 1.61437 1.70228e+06
8 0.617123 0.275751 1.61589 1.70232e+06
8 0.616827 0.275748 1.61698 1.70235e+06
8 0.61666 0.27572 1.61635 1.70238e+06
8 0.616877 0.275857 1.61454 1.70242e+06
8 0.616796 0.27618 1.61413 1.70245e+06
8 0.616606 0.27586 1.61445 1.70249e+06
8 0.616446 0.275969 1.61531 1.70252e+06
8 0.617611 0.276357 1.61528 1.70255e+06
8 0.617032 0.276416 1.61366 1.70259e+06
8 0.615982 0.276018 1.61339 1.70262e+06
8 0.615272 0.27575 1.61387 1.70266e+06
8 0.612888 0.278361 1.60854 1.70269e+06
8 0.611344 0.280422 1.605 1.70272e+06
8 0.609202 0.281898 1.602 1.70276e+06
8 0.604748 0.284812 1.6 1.70279e+06
8 0.602581 0.28794 1.59805 1.70282e+06
8 0.599553 0.29119 1.59336 1.70286e+06
8 0.597681 0.295556 1.58798 1.70289e+06
8 0.596367 0.298164 1.58566 1.70292e+06
8 0.594727 0.30252 1.58345 1.70296e+06
8 0.592549 0.305753 1.58019 1.70297e+06
8 0.590636 0.308211 1.57619 1.70302e+06
8 0.587406 0.312069 1.57342 1.70306e+06
8 0.585668 0.314781 1.57262 1.70309e+06
8 0.58367 0.318817 1.57115 1.70312e+06
8 0.582362 0.321254 1.56891 1.70314e+06
8 0.580627 0.322879 1.56735 1.70318e+06
8 0.578618 0.32279 1.56593 1.70321e+06
8 0.578668 0.323675 1.56468 1.70324e+06
8 0.578025 0.324923 1.56716 1.70328e+06
8 0.577323 0.327551 1.56591 1.70331e+06
8 0.574295 0.33266 1.5664 1.70334e+06
8 0.573664 0.335186 1.56729 1.70338e+06
8 0.572645 0.337258 1.5693 1.70341e+06
8 0.572186 0.338587 1.56875 1.70345e+06
8 0.575463 0.338025 1.56718 1.70348e+06
8 0.575985 0.33743 1.56496 1.70351e+06
8 0.577904 0.337265 1.56611 1.70355e+06
8 0.580673 0.335095 1.56727 1.70358e+06
8 0.58191 0.336061 1.57168 1.70362e+06
8 0.584038 0.334437 1.57135 1.70365e+06
8 0.586645 0.332331 1.57034 1.70368e+06
8 0.588888 0.32949 1.56818 1.70371e+06
8 0.592328 0.329237 1.5703 1.70375e+06
8 0.595672 0.328856 1.57474 1.70378e+06
8 0.597706 0.328453 1.57662 1.70382e+06
8 0.59969 0.328402 1.57904 1.70385e+06
8 0.604249 0.327986 1.58289 1.70388e+06
8 0.607313 0.330394 1.58892 1.70392e+06
8 0.609233 0.33216 1.59085 1.70395e+06
8 0.611704 0.333288 1.59445 1.70398e+06
8 0.614575 0.335365 1.59749 1.70402e+06
8 0.617492 0.335138 1.59989 1.70405e+06
8 0.619982 0.334533 1.60048 1.70408e+06
8 0.621982 0.333882 1.602 1.70412e+06
8 0.622856 0.333378 1.60278 1.70415e+06
8 0.624486 0.333927 1.60419 1.70419e+06
8 0.627289 0.335222 1.60605 1.70422e+06
8 0.628243 0.334764 1.60733 1.70425e+06
8 0.629591 0.335241 1.61082 1.70429e+06
8 0.628466 0.335259 1.61271 1.70432e+06
8 0.629109 0.335427 1.61307 1.70435e+06

9 0.571468 0.265346 1.59256 1.70539e+06
9 0.572286 0.265108 1.59102 1.70541e+06
9 0.572727 0.264668 1.59158 1.70546e+06
9 0.574926 0.263495 1.5911 1.70548e+06
9 0.577237 0.263451 1.5923 1.70551e+06
9 0.579352 0.263813 1.59368 1.70556e+06
9 0.581535 0.264169 1.59447 1.70558e+06
9 0.584395 0.266178 1.59631 1.70561e+06
9 0.586696 0.267008 1.59748 1.70566e+06
9 0.588765 0.267316 1.59923 1.70569e+06
9 0.59071 0.266 1.60004 1.70571e+06
9 0.592847 0.265421 1.60021 1.70576e+06
9 0.596519 0.266251 1.60154 1.70579e+06
9 0.599813 0.264359 1.60634 1.70583e+06
9 0.602462 0.263592 1.6093 1.70586e+06
9 0.604735 0.265222 1.61112 1.70589e+06
9 0.607368 0.266684 1.61086 1.70591e+06
9 0.60927 0.267026 1.61215 1.70596e+06
9 0.611268 0.266488 1.61489 1.70599e+06
9 0.613555 0.269371 1.61732 1.70603e+06
9 0.614579 0.271673 1.61806 1.70606e+06
9 0.615795 0.273532 1.6182 1.70608e+06
9 0.616319 0.274669 1.61785 1.70613e+06
9 0.616652 0.275326 1.6183 1.70616e+06
9 0.616825 0.275595 1.61778 1.70619e+06
9 0.616747 0.27582 1.61702 1.70623e+06
9 0.616821 0.275744 1.6172 1.70626e+06
9 0.616816 0.275872 1.61711 1.70629e+06
9 0.616885 0.276297 1.61559 1.70633e+06
9 0.617851 0.276187 1.61617 1.70636e+06
9 0.617533 0.275962 1.61737 1.70638e+06
9 0.616795 0.276112 1.61689 1.70643e+06
9 0.616955 0.276559 1.60986 1.70645e+06
9 0.616057 0.275564 1.61373 1.70648e+06
9 0.612692 0.276728 1.60956 1.70651e+06
9 0.610519 0.279286 1.60802 1.70655e+06
9 0.608791 0.281136 1.60446 1.70658e+06
9 0.604608 0.2842 1.60329 1.70662e+06
9 0.602016 0.287019 1.60022 1.70665e+06
9 0.600591 0.288832 1.59794 1.70668e+06
9 0.596854 0.290977 1.59648 1.70672e+06
9 0.595107 0.292492 1.59151 1.70675e+06
9 0.591706 0.29513 1.58737 1.70678e+06
9 0.588315 0.297595 1.58773 1.70682e+06
9 0.585614 0.302581 1.58419 1.70685e+06
9 0.584102 0.306087 1.58145 1.70688e+06
9 0.582365 0.308426 1.57949 1.70692e+06
9 0.58069 0.309537 1.57445 1.70695e+06
9 0.578055 0.312041 1.57306 1.70698e+06
9 0.576146 0.31655 1.57276 1.70702e+06
9 0.574879 0.319335 1.57119 1.70705e+06
9 0.574294 0.320981 1.56842 1.70708e+06
9 0.572727 0.322657 1.56874 1.70712e+06
9 0.570867 0.324124 1.56744 1.70715e+06
9 0.569722 0.325362 1.56568 1.70719e+06
9 0.569362 0.32634 1.56238 1.70722e+06
9 0.569197 0.326676 1.56306 1.70725e+06
9 0.568073 0.328668 1.56232 1.70728e+06
9 0.569739 0.333317 1.56428 1.70732e+06
9 0.570553 0.336421 1.56597 1.70735e+06
9 0.569901 0.337065 1.56719 1.70739e+06
9 0.570688 0.337695 1.56938 1.70742e+06
9 0.572335 0.335185 1.57105 1.70745e+06
9 0.574336 0.332987 1.571 1.70749e+06
9 0.575596 0.331168 1.57011 1.70752e+06
9 0.57736 0.328256 1.56945 1.70756e+06
9 0.579531 0.328691 1.57039 1.70759e+06
9 0.583041 0.329022 1.57295 1.70762e+06
9 0.585535 0.32911 1.57455 1.70766e+06
9 0.588742 0.327693 1.57511 1.70769e+06
9 0.590088 0.326566 1.57306 1.70772e+06
9 0.594208 0.326941 1.57672 1.70776e+06
9 0.596917 0.327459 1.57712 1.70779e+06
9 0.60004 0.329912 1.58425 1.70782e+06
9 0.604599 0.332499 1.58751 1.70786e+06
9 0.607029 0.333661 1.589 1.70789e+06
9 0.609204 0.333974 1.59117 1.70793e+06
9 0.612121 0.33572 1.59521 1.70796e+06
9 0.613358 0.336133 1.5977 1.70799e+06
9 0.617769 0.335681 1.59835 1.70802e+06
9 0.621783 0.335671 1.6004 1.70806e+06
9 0.623912 0.336053 1.6023 1.70809e+06
9 0.625242 0.336483 1.60373 1.70813e+06
9 0.625683 0.336676 1.60329 1.70816e+06
9 0.627594 0.337249 1.60469 1.7082e+06
9 0.629061 0.338981 1.60446 1.70823e+06
9 0.631005 0.339787 1.6047 1.70825e+06
9 0.632363 0.340888 1.60311 1.7083e+06
9 0.633024 0.340534 1.60468 1.70833e+06

