Gesto: 3
0 0.561156 0.178655 1.56094 1.44447e+06
0 0.562807 0.175858 1.56129 1.4445e+06
0 0.563857 0.173902 1.56306 1.44454e+06
0 0.564809 0.173206 1.55926 1.44457e+06
0 0.568038 0.176528 1.56135 1.4446e+06
0 0.570438 0.175568 1.56483 1.44464e+06
0 0.572992 0.174133 1.56657 1.44467e+06
0 0.576973 0.176801 1.56687 1.4447e+06
0 0.580885 0.178319 1.5663 1.44474e+06
0 0.585826 0.179537 1.56829 1.44477e+06
0 0.589226 0.180642 1.56868 1.4448e+06
0 0.590651 0.182259 1.56534 1.44484e+06
0 0.593493 0.187146 1.56381 1.44487e+06
0 0.597221 0.191471 1.56361 1.4449e+06
0 0.599431 0.194492 1.56349 1.44494e+06
0 0.602149 0.196907 1.56036 1.44497e+06
0 0.603246 0.200294 1.55887 1.445e+06
0 0.605152 0.204655 1.55636 1.44504e+06
0 0.604727 0.209258 1.55208 1.44507e+06
0 0.605739 0.214222 1.54691 1.4451e+06
0 0.605938 0.220091 1.54288 1.44514e+06
0 0.603701 0.225779 1.53782 1.44517e+06
0 0.602381 0.229718 1.53293 1.4452e+06
0 0.600148 0.231694 1.52855 1.44524e+06
0 0.597745 0.237045 1.52448 1.44527e+06
0 0.594455 0.242378 1.52103 1.4453e+06
0 0.590917 0.245823 1.51831 1.44534e+06
0 0.588611 0.247976 1.51628 1.44537e+06
0 0.585387 0.248054 1.5141 1.44540e+06
0 0.581197 0.249185 1.51205 1.44544e+06
0 0.576511 0.248856 1.51185 1.44547e+06
0 0.573276 0.24652 1.50961 1.44551e+06
0 0.569503 0.242903 1.50833 1.44554e+06
0 0.565868 0.241629 1.50774 1.44557e+06
0 0.561266 0.240362 1.50607 1.44561e+06
0 0.559124 0.239532 1.50605 1.44564e+06
0 0.558065 0.239052 1.50599 1.44567e+06
0 0.557589 0.238656 1.5069 1.44571e+06
0 0.557248 0.238455 1.50624 1.44574e+06
0 0.558553 0.239521 1.5087 1.44577e+06
0 0.56182 0.23838 1.50846 1.44581e+06
0 0.564676 0.237581 1.51035 1.44584e+06
0 0.567118 0.237011 1.51361 1.44587e+06
0 0.570873 0.238305 1.51737 1.44590e+06
0 0.574851 0.237641 1.5183 1.44594e+06
0 0.579379 0.23763 1.52195 1.44597e+06
0 0.583914 0.241546 1.52415 1.44601e+06
0 0.588225 0.243384 1.52585 1.44604e+06
0 0.590971 0.247052 1.52681 1.44607e+06
0 0.594952 0.247789 1.5271 1.44611e+06
0 0.598013 0.248368 1.52717 1.44614e+06
0 0.600524 0.25 1.52522 1.44617e+06
0 0.603026 0.253299 1.52666 1.44621e+06
0 0.603913 0.258611 1.52686 1.44624e+06
0 0.604134 0.262383 1.52749 1.44627e+06
0 0.604674 0.267095 1.5263 1.44631e+06
0 0.605753 0.271156 1.52542 1.44634e+06
0 0.605014 0.275755 1.52256 1.44637e+06
0 0.604147 0.281592 1.51959 1.44641e+06
0 0.602495 0.286335 1.51582 1.44644e+06
0 0.600162 0.289908 1.51092 1.44648e+06
0 0.597971 0.293404 1.50544 1.44651e+06
0 0.594827 0.298095 1.50117 1.44654e+06
0 0.590632 0.302107 1.49771 1.44658e+06
0 0.58437 0.305047 1.49225 1.44661e+06
0 0.579952 0.306455 1.48892 1.44664e+06
0 0.573611 0.307582 1.4868 1.44668e+06
0 0.569062 0.308353 1.48573 1.44671e+06
0 0.563416 0.309097 1.48272 1.44674e+06
0 0.558809 0.309931 1.48133 1.44678e+06
0 0.553906 0.309152 1.4794 1.44681e+06
0 0.548477 0.310046 1.47757 1.44684e+06
0 0.543747 0.309743 1.47403 1.44688e+06
0 0.539521 0.310024 1.473 1.44691e+06
0 0.535532 0.309085 1.47196 1.44695e+06

1 0.369524 0.192957 1.46228 1.44871e+06
1 0.37109 0.192581 1.45975 1.44874e+06
1 0.373355 0.193174 1.4564 1.44878e+06
1 0.376611 0.191989 1.45542 1.44881e+06
1 0.380524 0.193028 1.45322 1.44884e+06
1 0.385482 0.192316 1.452 1.44888e+06
1 0.389934 0.193714 1.44906 1.44891e+06
1 0.395872 0.194823 1.44612 1.44894e+06
1 0.401214 0.195366 1.44594 1.44898e+06
1 0.406493 0.197814 1.44351 1.44901e+06
1 0.412551 0.201995 1.4431 1.44904e+06
1 0.418662 0.206708 1.43764 1.44908e+06
1 0.423621 0.213279 1.4344 1.44911e+06
1 0.42713 0.219593 1.4343 1.44914e+06
1 0.429267 0.226744 1.43107 1.44918e+06
1 0.432341 0.23309 1.42667 1.44921e+06
1 0.434759 0.241577 1.42394 1.44925e+06
1 0.435359 0.248109 1.41963 1.44928e+06
1 0.434896 0.256635 1.41528 1.44931e+06
1 0.433133 0.264024 1.41174 1.44935e+06
1 0.432217 0.271419 1.40783 1.44938e+06
1 0.429227 0.279156 1.40255 1.44942e+06
1 0.425444 0.285986 1.39922 1.44945e+06
1 0.421248 0.291046 1.39564 1.44948e+06
1 0.416167 0.294877 1.39191 1.44952e+06
1 0.410927 0.298405 1.38819 1.44955e+06
1 0.404675 0.301822 1.38773 1.44957e+06
1 0.3995 0.301342 1.38504 1.44962e+06
1 0.393639 0.30177 1.38226 1.44964e+06
1 0.388318 0.300676 1.38173 1.44967e+06
1 0.383293 0.301477 1.3802 1.44972e+06
1 0.377597 0.301323 1.37825 1.44975e+06
1 0.372409 0.304107 1.37993 1.44977e+06
1 0.369156 0.303921 1.38114 1.4498e+06
1 0.367579 0.303703 1.38 1.44984e+06
1 0.367262 0.303534 1.37937 1.44989e+06
1 0.367732 0.303083 1.37986 1.4499e+06
1 0.371052 0.301487 1.37447 1.44995e+06
1 0.376009 0.301336 1.37967 1.44997e+06
1 0.380169 0.301883 1.37874 1.45e+06
1 0.387005 0.30401 1.38353 1.45004e+06
1 0.391764 0.30579 1.38555 1.45007e+06
1 0.397545 0.307781 1.38532 1.4501e+06
1 0.404041 0.312493 1.39082 1.45014e+06
1 0.410734 0.316552 1.39427 1.45017e+06
1 0.417887 0.322713 1.39743 1.4502e+06
1 0.423334 0.327994 1.40023 1.45024e+06
1 0.428542 0.334849 1.4015 1.45027e+06
1 0.433124 0.340395 1.39997 1.45031e+06
1 0.436141 0.348544 1.40283 1.45034e+06
1 0.438221 0.357814 1.40375 1.45037e+06
1 0.438877 0.365157 1.40268 1.45041e+06
1 0.438671 0.374526 1.39872 1.45044e+06
1 0.438623 0.384992 1.39537 1.45047e+06
1 0.437034 0.395467 1.39121 1.45051e+06
1 0.434168 0.403251 1.38913 1.45054e+06
1 0.428119 0.411854 1.38556 1.45057e+06
1 0.422058 0.417765 1.38015 1.45061e+06
1 0.414659 0.422544 1.37844 1.45064e+06
1 0.405365 0.425849 1.37645 1.45069e+06
1 0.396679 0.426732 1.37407 1.4507e+06
1 0.387928 0.427167 1.37376 1.45074e+06
1 0.380147 0.426114 1.3732 1.45079e+06
1 0.373196 0.424888 1.37133 1.4508e+06
1 0.366379 0.422966 1.37112 1.45084e+06
1 0.362005 0.420078 1.37109 1.45088e+06
1 0.358085 0.415758 1.37252 1.45092e+06

2 0.169589 0.210912 1.48595 1.45301e+06
2 0.170844 0.213186 1.48421 1.45304e+06
2 0.17176 0.215123 1.4844 1.45308e+06
2 0.174697 0.214873 1.48389 1.45311e+06
2 0.176219 0.214702 1.48345 1.45314e+06
2 0.177101 0.213558 1.48186 1.45318e+06
2 0.181489 0.213423 1.48179 1.45321e+06
2 0.185657 0.213807 1.48047 1.45325e+06
2 0.190117 0.213149 1.48028 1.45328e+06
2 0.19504 0.213488 1.47789 1.45331e+06
2 0.198 0.214409 1.47598 1.45335e+06
2 0.20324 0.216385 1.47396 1.45338e+06
2 0.208757 0.220514 1.47296 1.45341e+06
2 0.215609 0.224509 1.46908 1.45345e+06
2 0.220115 0.228365 1.46416 1.45348e+06
2 0.225918 0.235763 1.46095 1.45351e+06
2 0.229413 0.24147 1.45809 1.45355e+06
2 0.234079 0.24632 1.45479 1.45358e+06
2 0.236293 0.251808 1.45165 1.45361e+06
2 0.236306 0.256876 1.44914 1.45365e+06
2 0.235858 0.261519 1.44649 1.45368e+06
2 0.23512 0.267934 1.44272 1.45371e+06
2 0.234213 0.273724 1.4397 1.45375e+06
2 0.232743 0.280363 1.43659 1.45378e+06
2 0.228005 0.282681 1.43054 1.45381e+06
2 0.224291 0.287983 1.42895 1.45384e+06
2 0.219064 0.292452 1.42731 1.45388e+06
2 0.215858 0.297038 1.42793 1.45391e+06
2 0.210482 0.2999 1.4263 1.45394e+06
2 0.205508 0.302472 1.42666 1.45398e+06
2 0.200178 0.302884 1.42619 1.45401e+06
2 0.196705 0.302757 1.42814 1.45404e+06
2 0.191454 0.302232 1.42897 1.45408e+06
2 0.188583 0.301551 1.42789 1.45411e+06
2 0.186349 0.301371 1.42848 1.45415e+06
2 0.184255 0.300941 1.43196 1.45418e+06
2 0.183659 0.300243 1.4336 1.45421e+06
2 0.182162 0.29788 1.43744 1.45425e+06
2 0.181726 0.295797 1.43883 1.45428e+06
2 0.181181 0.297123 1.44063 1.45431e+06
2 0.181963 0.295891 1.44002 1.45435e+06
2 0.183098 0.293305 1.44147 1.45438e+06
2 0.186377 0.292009 1.43743 1.45442e+06
2 0.190003 0.292327 1.43554 1.45445e+06
2 0.194495 0.293076 1.43473 1.45448e+06
2 0.199104 0.294652 1.4373 1.45451e+06
2 0.205449 0.297152 1.43603 1.45455e+06
2 0.212713 0.299735 1.4338 1.45458e+06
2 0.221561 0.305044 1.43553 1.45462e+06
2 0.228101 0.308355 1.43475 1.45465e+06
2 0.235027 0.311477 1.43254 1.45468e+06
2 0.2397 0.313556 1.42968 1.45472e+06
2 0.245105 0.319351 1.42944 1.45475e+06
2 0.248687 0.324487 1.42861 1.45478e+06
2 0.251174 0.331631 1.42737 1.45482e+06
2 0.25405 0.337703 1.42555 1.45485e+06
2 0.254788 0.344315 1.42709 1.45488e+06
2 0.254696 0.349788 1.42294 1.45492e+06
2 0.252947 0.35757 1.42085 1.45495e+06
2 0.250181 0.362208 1.42036 1.45498e+06
2 0.24752 0.366941 1.41443 1.45502e+06
2 0.24329 0.372615 1.41322 1.45505e+06
2 0.238335 0.377258 1.41188 1.45508e+06
2 0.233362 0.381466 1.41203 1.45512e+06
2 0.227818 0.387598 1.41167 1.45515e+06
2 0.221103 0.391181 1.41212 1.45518e+06
2 0.215133 0.393066 1.4113 1.45522e+06
2 0.208035 0.393486 1.40943 1.45525e+06
2 0.201274 0.393541 1.40701 1.45529e+06
2 0.195045 0.393416 1.40594 1.45532e+06
2 0.187661 0.392953 1.40868 1.45536e+06
2 0.18221 0.39323 1.41198 1.45539e+06
2 0.175105 0.390139 1.41409 1.45542e+06
2 0.17015 0.387272 1.41603 1.45546e+06
2 0.166116 0.38453 1.41933 1.45549e+06
2 0.164872 0.382912 1.42254 1.45552e+06

3 0.83776 0.177621 1.67143 1.45843e+06
3 0.838036 0.176957 1.67523 1.45844e+06
3 0.839555 0.177918 1.67397 1.45849e+06
3 0.840487 0.180348 1.67838 1.45851e+06
3 0.844181 0.183408 1.67613 1.45854e+06
3 0.845347 0.18611 1.67717 1.45859e+06
3 0.85012 0.186097 1.68449 1.45863e+06
3 0.852037 0.186445 1.68572 1.45864e+06
3 0.856332 0.188874 1.68845 1.45868e+06
3 0.860069 0.192771 1.69322 1.45871e+06
3 0.863259 0.192036 1.68786 1.45875e+06
3 0.866306 0.195616 1.69028 1.45878e+06
3 0.870606 0.203654 1.69066 1.45882e+06
3 0.874059 0.209946 1.6892 1.45885e+06
3 0.875843 0.216167 1.68465 1.45888e+06
3 0.876452 0.220354 1.68059 1.45892e+06
3 0.875321 0.227293 1.67459 1.45895e+06
3 0.874712 0.231607 1.67263 1.45898e+06
3 0.873255 0.234992 1.66757 1.45902e+06
3 0.872581 0.236578 1.66551 1.45905e+06
3 0.871918 0.237944 1.66268 1.45908e+06
3 0.869371 0.240891 1.66162 1.45912e+06
3 0.8669 0.242832 1.65838 1.45915e+06
3 0.864537 0.24264 1.65683 1.45919e+06
3 0.860959 0.24198 1.65147 1.45922e+06
3 0.858845 0.241503 1.64899 1.45925e+06
3 0.856406 0.243364 1.64693 1.45929e+06
3 0.8548 0.241 1.64807 1.45932e+06
3 0.852981 0.237675 1.64718 1.45936e+06
3 0.847968 0.237342 1.64365 1.45939e+06
3 0.847146 0.234161 1.64576 1.45942e+06
3 0.843995 0.235546 1.64404 1.45945e+06
3 0.843471 0.234709 1.64018 1.45949e+06
3 0.841637 0.234003 1.63815 1.45952e+06
3 0.840175 0.233943 1.63638 1.45955e+06
3 0.840211 0.233438 1.63801 1.45959e+06
3 0.84154 0.232547 1.64104 1.45962e+06
3 0.84449 0.230928 1.64639 1.45966e+06
3 0.846811 0.231294 1.64559 1.45969e+06
3 0.848128 0.23413 1.6476 1.45972e+06
3 0.850812 0.237728 1.65184 1.45976e+06
3 0.854531 0.238746 1.65463 1.45979e+06
3 0.857138 0.239166 1.6574 1.45982e+06
3 0.859003 0.238882 1.65885 1.45986e+06
3 0.861926 0.240146 1.66228 1.45989e+06
3 0.86242 0.244642 1.66545 1.45992e+06
3 0.863409 0.24866 1.66644 1.45996e+06
3 0.863896 0.251873 1.66903 1.45999e+06
3 0.86436 0.254873 1.66735 1.46003e+06
3 0.867306 0.257076 1.66751 1.46006e+06
3 0.868312 0.260979 1.66516 1.46009e+06
3 0.867636 0.263692 1.66193 1.46013e+06
3 0.865758 0.268296 1.65943 1.46016e+06
3 0.864491 0.271615 1.65924 1.46019e+06
3 0.861036 0.27649 1.65581 1.46023e+06
3 0.857937 0.280582 1.64911 1.46026e+06
3 0.856497 0.283598 1.6433 1.4603e+06
3 0.852932 0.284912 1.63804 1.46033e+06
3 0.848305 0.288254 1.63376 1.46036e+06
3 0.842766 0.294395 1.62599 1.4604e+06
3 0.837135 0.298318 1.6166 1.46043e+06
3 0.830374 0.301438 1.60874 1.46046e+06
3 0.825397 0.303329 1.60273 1.46049e+06
3 0.819293 0.305375 1.59675 1.46053e+06
3 0.814805 0.305751 1.59439 1.46056e+06
3 0.811412 0.305996 1.59224 1.4606e+06

4 0.657054 0.392349 1.63238 1.46435e+06
4 0.65958 0.392479 1.63179 1.46439e+06
4 0.660863 0.392125 1.63178 1.46444e+06
4 0.663031 0.392108 1.63338 1.46447e+06
4 0.666495 0.391798 1.63274 1.4645e+06
4 0.669187 0.390901 1.63476 1.46453e+06
4 0.673466 0.391868 1.6351 1.46456e+06
4 0.677149 0.392219 1.63487 1.4646e+06
4 0.681898 0.393085 1.63477 1.46463e+06
4 0.687729 0.393078 1.63284 1.46467e+06
4 0.691117 0.398277 1.63083 1.4647e+06
4 0.697417 0.402782 1.62832 1.46473e+06
4 0.704508 0.410355 1.62819 1.46476e+06
4 0.709821 0.417149 1.62627 1.4648e+06
4 0.717611 0.424997 1.62381 1.46483e+06
4 0.722079 0.435142 1.62132 1.46486e+06
4 0.726318 0.446084 1.61841 1.4649e+06
4 0.731499 0.457743 1.6154 1.46493e+06
4 0.734218 0.471237 1.61143 1.46496e+06
4 0.735508 0.484925 1.60981 1.465e+06
4 0.735912 0.499091 1.60684 1.46503e+06
4 0.735889 0.513423 1.60423 1.46506e+06
4 0.734798 0.527127 1.59978 1.46509e+06
4 0.732693 0.537874 1.59545 1.46513e+06
4 0.727686 0.548562 1.59147 1.46516e+06
4 0.721136 0.560431 1.58844 1.4652e+06
4 0.715246 0.57179 1.58302 1.46523e+06
4 0.707713 0.579654 1.57812 1.46526e+06
4 0.700324 0.588037 1.57489 1.4653e+06
4 0.692664 0.593549 1.57141 1.46533e+06
4 0.684303 0.599893 1.57173 1.46536e+06
4 0.674919 0.603632 1.57181 1.4654e+06
4 0.66463 0.607383 1.56755 1.46543e+06
4 0.655725 0.61032 1.56537 1.46546e+06
4 0.649031 0.612259 1.56261 1.4655e+06
4 0.643372 0.610838 1.55608 1.46553e+06
4 0.639139 0.610866 1.55786 1.46556e+06
4 0.637819 0.608446 1.55949 1.4656e+06
4 0.639536 0.604938 1.56035 1.46563e+06
4 0.641959 0.602389 1.55989 1.46566e+06
4 0.64712 0.599824 1.56555 1.4657e+06
4 0.652635 0.596299 1.57069 1.46573e+06
4 0.65912 0.592675 1.57642 1.46576e+06
4 0.666644 0.591131 1.57868 1.4658e+06
4 0.673453 0.589862 1.58354 1.46583e+06
4 0.681673 0.589104 1.58658 1.46586e+06
4 0.687622 0.590368 1.59125 1.4659e+06
4 0.693984 0.59201 1.5976 1.46593e+06
4 0.699592 0.591191 1.60262 1.46596e+06
4 0.703405 0.596479 1.60987 1.46599e+06
4 0.708431 0.601884 1.61794 1.46602e+06
4 0.713532 0.606773 1.62685 1.46606e+06
4 0.716575 0.613284 1.6295 1.46609e+06
4 0.721449 0.619672 1.63378 1.46612e+06
4 0.725688 0.627631 1.63539 1.46616e+06
4 0.727913 0.636925 1.63814 1.46619e+06
4 0.728636 0.647594 1.6407 1.46622e+06
4 0.728701 0.660547 1.64362 1.46626e+06
4 0.727295 0.671657 1.64249 1.46629e+06
4 0.724188 0.683088 1.64263 1.46633e+06
4 0.721338 0.692014 1.63869 1.46636e+06
4 0.718113 0.704361 1.6387 1.46639e+06
4 0.714987 0.71569 1.63522 1.46643e+06
4 0.711175 0.729263 1.63362 1.46646e+06
4 0.704011 0.740121 1.6309 1.46649e+06
4 0.69668 0.750144 1.62672 1.46653e+06
4 0.69009 0.760034 1.62259 1.46656e+06
4 0.681662 0.768942 1.62167 1.4666e+06
4 0.672169 0.775436 1.6199 1.46663e+06
4 0.665086 0.780478 1.61741 1.46666e+06
4 0.656631 0.783214 1.60994 1.46669e+06
4 0.650057 0.786667 1.60112 1.46673e+06
4 0.642732 0.785383 1.59722 1.46676e+06
4 0.6371 0.784022 1.59268 1.46679e+06
4 0.631191 0.781479 1.59084 1.46683e+06
4 0.626691 0.776525 1.58629 1.46686e+06

5 0.542905 0.441035 1.93464 1.46906e+06
5 0.545691 0.438558 1.93695 1.46909e+06
5 0.549522 0.440212 1.93741 1.46912e+06
5 0.551817 0.441344 1.94346 1.46916e+06
5 0.553535 0.444452 1.95022 1.46919e+06
5 0.558957 0.445345 1.95611 1.46922e+06
5 0.563229 0.44611 1.95985 1.46926e+06
5 0.564515 0.446278 1.95134 1.46929e+06
5 0.570364 0.449563 1.95538 1.46933e+06
5 0.576237 0.454693 1.9611 1.46936e+06
5 0.580483 0.456745 1.96715 1.46939e+06
5 0.580602 0.459418 1.96306 1.46943e+06
5 0.583658 0.465093 1.96626 1.46946e+06
5 0.584703 0.469914 1.96672 1.46949e+06
5 0.585263 0.472492 1.96698 1.46953e+06
5 0.583709 0.476551 1.96812 1.46956e+06
5 0.585184 0.482783 1.96902 1.46959e+06
5 0.583308 0.488102 1.9658 1.46962e+06
5 0.578998 0.491824 1.96512 1.46966e+06
5 0.574508 0.498129 1.96461 1.46969e+06
5 0.570131 0.50341 1.96284 1.46972e+06
5 0.563829 0.505797 1.9635 1.46977e+06
5 0.557691 0.508269 1.96504 1.46979e+06
5 0.553871 0.508892 1.96517 1.46982e+06
5 0.549324 0.509794 1.9582 1.46987e+06
5 0.542073 0.509735 1.95248 1.46989e+06
5 0.539139 0.509424 1.95395 1.46992e+06
5 0.537865 0.509481 1.9567 1.46997e+06
5 0.535534 0.508306 1.9593 1.47001e+06
5 0.535872 0.508575 1.96089 1.47002e+06
5 0.536201 0.50908 1.95889 1.47006e+06
5 0.536752 0.509641 1.96137 1.47009e+06
5 0.538533 0.507959 1.96309 1.47013e+06
5 0.543063 0.507091 1.95988 1.47016e+06
5 0.545523 0.506353 1.95775 1.4702e+06
5 0.548147 0.507425 1.96292 1.47023e+06
5 0.552503 0.509385 1.96773 1.47026e+06
5 0.555508 0.509854 1.97165 1.4703e+06
5 0.559312 0.508887 1.97051 1.47033e+06
5 0.562594 0.508909 1.97157 1.47036e+06
5 0.565065 0.51065 1.97449 1.4704e+06
5 0.568894 0.50947 1.9735 1.47043e+06
5 0.571188 0.510683 1.97762 1.47046e+06
5 0.57305 0.513212 1.97867 1.4705e+06
5 0.574106 0.518813 1.982 1.47053e+06
5 0.574635 0.526107 1.99059 1.47056e+06
5 0.576481 0.527792 1.99006 1.4706e+06
5 0.577689 0.534253 1.98633 1.47063e+06
5 0.577217 0.539137 1.98844 1.47066e+06
5 0.575515 0.543886 1.99506 1.4707e+06
5 0.573611 0.549992 1.99556 1.47073e+06
5 0.571311 0.555157 1.99284 1.47077e+06
5 0.570669 0.56092 1.99021 1.4708e+06
5 0.568705 0.563133 1.98758 1.47083e+06
5 0.564506 0.563787 1.9839 1.47086e+06
5 0.561473 0.568134 1.98178 1.4709e+06
5 0.555954 0.573247 1.9802 1.47093e+06
5 0.552928 0.57646 1.98013 1.47097e+06
5 0.550017 0.578495 1.97711 1.471e+06
5 0.544768 0.581476 1.98032 1.47103e+06
5 0.539979 0.582621 1.97482 1.47106e+06
5 0.535322 0.583504 1.97094 1.4711e+06
5 0.53335 0.583578 1.973 1.47113e+06

6 0.395299 0.529108 1.88549 1.47344e+06
6 0.39671 0.52845 1.88318 1.47347e+06
6 0.3967 0.527836 1.88137 1.4735e+06
6 0.401211 0.527602 1.88356 1.47353e+06
6 0.403754 0.527753 1.88345 1.47357e+06
6 0.408501 0.527066 1.88243 1.4736e+06
6 0.412566 0.526264 1.88624 1.47364e+06
6 0.416532 0.5285 1.88904 1.47367e+06
6 0.420494 0.528192 1.88612 1.4737e+06
6 0.425466 0.529333 1.89211 1.47374e+06
6 0.428131 0.536028 1.8957 1.47377e+06
6 0.431806 0.542377 1.90203 1.47381e+06
6 0.434972 0.547 1.90581 1.47384e+06
6 0.437546 0.553674 1.90656 1.47387e+06
6 0.43809 0.558313 1.90939 1.47391e+06
6 0.436857 0.56468 1.91131 1.47394e+06
6 0.436275 0.572673 1.91145 1.47398e+06
6 0.43453 0.579309 1.91761 1.47401e+06
6 0.432631 0.588722 1.91886 1.47404e+06
6 0.429462 0.594072 1.91969 1.47408e+06
6 0.425858 0.600756 1.92245 1.47411e+06
6 0.420075 0.606453 1.91604 1.47413e+06
6 0.415189 0.612254 1.91799 1.47418e+06
6 0.409528 0.617861 1.91778 1.47421e+06
6 0.4032 0.623386 1.91873 1.47424e+06
6 0.396999 0.627624 1.91825 1.47428e+06
6 0.392556 0.62927 1.91212 1.47431e+06
6 0.38924 0.631724 1.91396 1.47434e+06
6 0.386605 0.633027 1.91284 1.47438e+06
6 0.383862 0.634185 1.91281 1.47441e+06
6 0.382704 0.633472 1.91212 1.47444e+06
6 0.382156 0.633469 1.91331 1.47448e+06
6 0.383133 0.632393 1.90994 1.47451e+06
6 0.387111 0.631647 1.91018 1.47454e+06
6 0.38967 0.628954 1.91521 1.47458e+06
6 0.395465 0.629222 1.9164 1.47461e+06
6 0.40042 0.626101 1.91665 1.47464e+06
6 0.407948 0.624551 1.9174 1.47467e+06
6 0.414663 0.621973 1.91136 1.47471e+06
6 0.422312 0.623996 1.92217 1.47474e+06
6 0.429084 0.626702 1.92544 1.47478e+06
6 0.43459 0.626724 1.9311 1.47481e+06
6 0.437991 0.630509 1.93599 1.47484e+06
6 0.441829 0.634848 1.94103 1.47488e+06
6 0.446752 0.638778 1.94769 1.47491e+06
6 0.450285 0.645424 1.94789 1.47494e+06
6 0.451867 0.652921 1.95618 1.47498e+06
6 0.453044 0.658618 1.9603 1.47499e+06
6 0.454725 0.670003 1.95508 1.47504e+06
6 0.455074 0.677585 1.96039 1.47508e+06
6 0.453817 0.686427 1.95937 1.4751e+06
6 0.452214 0.69224 1.9574 1.47515e+06
6 0.44768 0.701097 1.95487 1.47518e+06
6 0.444044 0.708963 1.955 1.4752e+06
6 0.43843 0.712934 1.95657 1.47524e+06
6 0.433624 0.717422 1.95048 1.47528e+06
6 0.429852 0.721647 1.95194 1.4753e+06
6 0.4224 0.724178 1.95067 1.47534e+06
6 0.416973 0.725869 1.95148 1.47538e+06
6 0.409476 0.72675 1.95129 1.4754e+06
6 0.404182 0.725953 1.9473 1.47545e+06
6 0.399163 0.726314 1.94513 1.47546e+06
6 0.393926 0.724033 1.93761 1.4755e+06
6 0.391068 0.722088 1.93249 1.47555e+06
6 0.386875 0.719918 1.93308 1.47558e+06
6 0.383918 0.720346 1.93561 1.4756e+06
6 0.383507 0.718137 1.9389 1.47565e+06
6 0.382073 0.715797 1.93549 1.47566e+06
6 0.384724 0.713933 1.93937 1.47572e+06
6 0.382632 0.709851 1.93113 1.47573e+06
6 0.381305 0.707265 1.92824 1.47576e+06

7 0.278463 0.527003 1.67347 1.48682e+06
7 0.281252 0.526981 1.67505 1.48686e+06
7 0.284303 0.527542 1.67546 1.48688e+06
7 0.287128 0.52765 1.67139 1.48693e+06
7 0.292248 0.529078 1.67246 1.48694e+06
7 0.297143 0.530999 1.6751 1.48698e+06
7 0.300911 0.532117 1.67559 1.48701e+06
7 0.307115 0.537132 1.67505 1.48704e+06
7 0.311764 0.540929 1.67854 1.48708e+06
7 0.317177 0.544197 1.68008 1.48713e+06
7 0.321538 0.547183 1.68032 1.48716e+06
7 0.324052 0.550995 1.68064 1.48718e+06
7 0.328749 0.554519 1.67923 1.48723e+06
7 0.330891 0.557471 1.67785 1.48724e+06
7 0.332849 0.563542 1.67984 1.48728e+06
7 0.333498 0.568846 1.67957 1.48731e+06
7 0.332832 0.572388 1.67926 1.48734e+06
7 0.331626 0.581881 1.68509 1.48738e+06
7 0.329724 0.587903 1.68604 1.48741e+06
7 0.327051 0.59379 1.69024 1.48745e+06
7 0.323866 0.59993 1.69313 1.48748e+06
7 0.318839 0.602268 1.69273 1.48751e+06
7 0.315006 0.604261 1.69453 1.48755e+06
7 0.311584 0.606995 1.69619 1.48758e+06
7 0.306754 0.60798 1.69563 1.48761e+06
7 0.302486 0.607679 1.69385 1.48765e+06
7 0.299144 0.607911 1.69547 1.48768e+06
7 0.295486 0.608527 1.69402 1.48772e+06
7 0.293151 0.608248 1.69303 1.48775e+06
7 0.290455 0.606097 1.6839 1.48778e+06
7 0.289652 0.602461 1.67946 1.48782e+06
7 0.288505 0.602284 1.67749 1.48785e+06
7 0.288149 0.601633 1.67627 1.48788e+06
7 0.28887 0.600691 1.67491 1.48792e+06
7 0.291359 0.601702 1.67912 1.48795e+06
7 0.293668 0.604024 1.68624 1.48798e+06
7 0.295571 0.604507 1.68907 1.48802e+06
7 0.296873 0.604655 1.69101 1.48805e+06
7 0.302042 0.606054 1.69464 1.48808e+06
7 0.30603 0.60633 1.69622 1.48812e+06
7 0.3106 0.607367 1.69645 1.48815e+06
7 0.314942 0.608373 1.69711 1.48819e+06
7 0.320347 0.609079 1.69781 1.48822e+06
7 0.324252 0.614572 1.69872 1.48825e+06
7 0.3268 0.617591 1.69752 1.48829e+06
7 0.331506 0.618088 1.69335 1.48832e+06
7 0.334506 0.620557 1.69535 1.48835e+06
7 0.335686 0.621516 1.69772 1.48839e+06
7 0.334366 0.626007 1.69785 1.48842e+06
7 0.335389 0.632668 1.70528 1.48845e+06
7 0.33619 0.636814 1.70742 1.48849e+06
7 0.335423 0.641234 1.70708 1.48852e+06
7 0.33344 0.648044 1.71121 1.48855e+06
7 0.328862 0.653445 1.71473 1.48859e+06
7 0.326628 0.656679 1.71598 1.48862e+06
7 0.324261 0.659826 1.71606 1.48865e+06
7 0.321115 0.665498 1.71767 1.48869e+06
7 0.31627 0.669548 1.72226 1.48872e+06
7 0.313891 0.672353 1.72195 1.48876e+06
7 0.309105 0.6743 1.72332 1.48879e+06
7 0.303169 0.675891 1.72323 1.48882e+06
7 0.298248 0.67526 1.7191 1.48886e+06
7 0.294879 0.674991 1.72802 1.48889e+06
7 0.289577 0.67595 1.72738 1.48892e+06
7 0.285716 0.673892 1.72243 1.48896e+06
7 0.28204 0.675228 1.71843 1.48899e+06
7 0.278189 0.673649 1.71597 1.48902e+06
7 0.273892 0.673132 1.71712 1.48906e+06
7 0.272751 0.667803 1.72198 1.48909e+06
7 0.272162 0.664233 1.72267 1.48912e+06

8 0.715999 0.142081 2.03112 1.49291e+06
8 0.720593 0.142574 2.02872 1.49296e+06
8 0.72472 0.142776 2.0287 1.493e+06
8 0.728135 0.144868 2.02187 1.49303e+06
8 0.734004 0.150722 2.02473 1.49306e+06
8 0.740893 0.152648 2.031 1.4931e+06
8 0.747418 0.155388 2.03645 1.49313e+06
8 0.753819 0.156581 2.03198 1.49316e+06
8 0.760438 0.16201 2.04512 1.4932e+06
8 0.768809 0.171659 2.05232 1.49323e+06
8 0.773455 0.180266 2.05237 1.49326e+06
8 0.779004 0.193074 2.04198 1.4933e+06
8 0.780283 0.201934 2.03604 1.49333e+06
8 0.7809 0.213088 2.0246 1.49336e+06
8 0.78241 0.220365 2.02201 1.4934e+06
8 0.778562 0.227507 2.00893 1.49343e+06
8 0.773785 0.239134 1.99402 1.49346e+06
8 0.770373 0.247559 1.98435 1.4935e+06
8 0.766108 0.255975 1.97201 1.49353e+06
8 0.763102 0.260675 1.96547 1.49356e+06
8 0.757131 0.26355 1.94963 1.4936e+06
8 0.752874 0.269861 1.94298 1.49363e+06
8 0.749255 0.268294 1.93636 1.49366e+06
8 0.747167 0.266691 1.9293 1.4937e+06
8 0.747069 0.26484 1.93207 1.49373e+06
8 0.747036 0.263486 1.93419 1.49376e+06
8 0.749482 0.262809 1.94003 1.4938e+06
8 0.749099 0.261831 1.94347 1.49383e+06
8 0.752006 0.261169 1.94895 1.49386e+06
8 0.756224 0.258 1.95846 1.4939e+06
8 0.760721 0.256482 1.96507 1.49393e+06
8 0.764416 0.255693 1.97575 1.49396e+06
8 0.767056 0.255106 1.98675 1.494e+06
8 0.773049 0.256287 1.99701 1.49403e+06
8 0.779915 0.256773 2.00737 1.49406e+06
8 0.782229 0.260288 2.01498 1.4941e+06
8 0.784962 0.26446 2.01966 1.49413e+06
8 0.787081 0.266364 2.02634 1.49417e+06
8 0.788705 0.269089 2.02919 1.49418e+06
8 0.790004 0.271226 2.03433 1.49423e+06
8 0.793245 0.27825 2.03969 1.49425e+06
8 0.795466 0.282476 2.04383 1.49428e+06
8 0.798609 0.283891 2.04383 1.49433e+06
8 0.800846 0.291763 2.04197 1.49435e+06
8 0.799658 0.297406 2.03203 1.49438e+06
8 0.801772 0.302273 2.0306 1.49442e+06
8 0.800126 0.311633 2.01876 1.49445e+06
8 0.797033 0.316364 2.01228 1.49448e+06
8 0.791009 0.328788 2.00034 1.49452e+06
8 0.785926 0.33719 1.98784 1.49455e+06
8 0.783727 0.3426 1.96317 1.49458e+06
8 0.782005 0.347134 1.95936 1.49464e+06
8 0.776861 0.354475 1.94976 1.49465e+06
8 0.77002 0.363566 1.93666 1.49468e+06
8 0.763271 0.368887 1.91813 1.49474e+06
8 0.758558 0.373577 1.9057 1.49475e+06
8 0.75049 0.381065 1.89261 1.4948e+06
8 0.742799 0.38525 1.87954 1.49483e+06
8 0.737803 0.387896 1.86563 1.49485e+06
8 0.730113 0.390012 1.8578 1.4949e+06
8 0.723543 0.39074 1.85191 1.49492e+06
8 0.715542 0.392561 1.83692 1.49495e+06
8 0.710045 0.393407 1.82507 1.495e+06
8 0.702576 0.389884 1.82195 1.49503e+06
8 0.696726 0.388182 1.82075 1.49505e+06
8 0.691495 0.390656 1.818 1.4951e+06
8 0.688036 0.387709 1.81211 1.49512e+06
8 0.684131 0.383822 1.80997 1.49515e+06

9 0.660971 0.209756 2.02036 1.51034e+06
9 0.663467 0.21082 2.02287 1.51037e+06
9 0.664192 0.211655 2.0209 1.51040e+06
9 0.664649 0.211601 2.0232 1.51044e+06
9 0.666529 0.210721 2.02315 1.51047e+06
9 0.671481 0.209207 2.02784 1.51051e+06
9 0.673977 0.208953 2.02795 1.51054e+06
9 0.676665 0.210099 2.02648 1.51057e+06
9 0.680311 0.212782 2.02812 1.51061e+06
9 0.684164 0.21411 2.02933 1.51064e+06
9 0.68961 0.211453 2.04124 1.51067e+06
9 0.694589 0.216461 2.04036 1.51071e+06
9 0.696796 0.223847 2.03793 1.51074e+06
9 0.701 0.226336 2.03894 1.51078e+06
9 0.704678 0.2267 2.04291 1.51081e+06
9 0.7075 0.229593 2.03985 1.51084e+06
9 0.710006 0.239624 2.03317 1.51088e+06
9 0.712092 0.24688 2.02785 1.51091e+06
9 0.715584 0.256842 2.02413 1.51094e+06
9 0.718234 0.262636 2.02283 1.51098e+06
9 0.721313 0.268897 2.01489 1.51101e+06
9 0.723061 0.272926 2.0115 1.51104e+06
9 0.725993 0.279559 2.0105 1.51108e+06
9 0.724901 0.287103 2.0024 1.51111e+06
9 0.721634 0.292239 1.99107 1.51115e+06
9 0.718021 0.299037 1.98605 1.51118e+06
9 0.714457 0.304766 1.9804 1.51121e+06
9 0.712453 0.308239 1.97764 1.51125e+06
9 0.707995 0.310998 1.97308 1.51128e+06
9 0.702635 0.312375 1.97019 1.51131e+06
9 0.69872 0.312635 1.96778 1.51135e+06
9 0.692838 0.31368 1.95853 1.51138e+06
9 0.686986 0.313035 1.95776 1.51142e+06
9 0.683335 0.313656 1.95509 1.51145e+06
9 0.680125 0.30922 1.95533 1.51148e+06
9 0.67432 0.304664 1.94571 1.5115e+06
9 0.667984 0.3035 1.9421 1.51155e+06
9 0.664372 0.303696 1.93602 1.51157e+06
9 0.6598 0.301805 1.93053 1.5116e+06
9 0.656859 0.299476 1.93282 1.51165e+06
9 0.652749 0.301901 1.92558 1.51168e+06
9 0.652186 0.301284 1.92315 1.5117e+06
9 0.654235 0.29999 1.92316 1.51175e+06
9 0.655588 0.299282 1.9244 1.51177e+06
9 0.656484 0.299038 1.92632 1.5118e+06
9 0.66158 0.298232 1.93121 1.51184e+06
9 0.665148 0.297747 1.93137 1.51187e+06
9 0.668878 0.299428 1.93421 1.5119e+06
9 0.67461 0.305342 1.94193 1.51194e+06
9 0.676254 0.305651 1.93948 1.51197e+06
9 0.678922 0.308007 1.94081 1.51200e+06
9 0.684676 0.308965 1.94829 1.51204e+06
9 0.689865 0.310659 1.95368 1.51207e+06
9 0.692322 0.313767 1.959 1.51211e+06
9 0.696667 0.321067 1.95901 1.51214e+06
9 0.699286 0.325465 1.96045 1.51218e+06
9 0.702449 0.330438 1.95977 1.51221e+06
9 0.703027 0.331482 1.96295 1.51224e+06
9 0.706019 0.331984 1.96442 1.51228e+06
9 0.707625 0.332004 1.96307 1.51231e+06
9 0.708677 0.331485 1.96469 1.51234e+06
9 0.709849 0.331461 1.96228 1.51238e+06
9 0.709657 0.333515 1.96501 1.51241e+06
9 0.709435 0.335741 1.96438 1.51244e+06
9 0.709639 0.341577 1.96016 1.51248e+06
9 0.709529 0.345518 1.95842 1.51251e+06
9 0.70521 0.348004 1.95972 1.51255e+06
9 0.701722 0.35117 1.95625 1.51258e+06
9 0.697948 0.358727 1.94654 1.51261e+06
9 0.695084 0.363547 1.94223 1.51265e+06
9 0.691465 0.369496 1.93223 1.51268e+06
9 0.684509 0.370241 1.92735 1.51272e+06
9 0.679545 0.373578 1.92004 1.51275e+06
9 0.674195 0.376244 1.91569 1.51278e+06
9 0.667622 0.377488 1.90576 1.51281e+06
9 0.660755 0.376206 1.8942 1.51285e+06
9 0.655214 0.377546 1.8849 1.51288e+06
9 0.64972 0.377374 1.87994 1.51292e+06
9 0.64385 0.376152 1.8775 1.51295e+06
9 0.637119 0.376854 1.87526 1.51298e+06
9 0.630425 0.375295 1.87264 1.51302e+06
9 0.623855 0.373354 1.87171 1.51305e+06
9 0.620181 0.372357 1.87226 1.51308e+06
9 0.617101 0.373092 1.87127 1.51312e+06

