Gesto: 8
0 0.607499 0.213998 1.57363 1.53497e+06
0 0.608299 0.213371 1.57404 1.53500e+06
0 0.606389 0.214542 1.57324 1.53504e+06
0 0.604269 0.213685 1.57269 1.53507e+06
0 0.602064 0.214044 1.5725 1.53510e+06
0 0.599885 0.21456 1.56918 1.53514e+06
0 0.596833 0.219028 1.56609 1.53517e+06
0 0.595019 0.222704 1.5635 1.5352e+06
0 0.593056 0.226068 1.55875 1.53524e+06
0 0.591669 0.233371 1.55308 1.53527e+06
0 0.592689 0.237925 1.54736 1.5353e+06
0 0.594328 0.244827 1.54551 1.53534e+06
0 0.595718 0.252758 1.54212 1.53537e+06
0 0.598215 0.262006 1.53868 1.5354e+06
0 0.600938 0.268632 1.5359 1.53544e+06
0 0.603339 0.273679 1.52844 1.53547e+06
0 0.607252 0.280268 1.52654 1.5355e+06
0 0.611799 0.289088 1.52617 1.53554e+06
0 0.616249 0.295948 1.52637 1.53557e+06
0 0.62049 0.304769 1.52788 1.53561e+06
0 0.625773 0.310582 1.52776 1.53564e+06
0 0.631282 0.317961 1.52877 1.53567e+06
0 0.636901 0.323781 1.53068 1.53571e+06
0 0.642805 0.331066 1.53482 1.53574e+06
0 0.6443 0.3371 1.53609 1.53578e+06
0 0.646595 0.344636 1.53781 1.53581e+06
0 0.647409 0.351742 1.53992 1.53584e+06
0 0.64668 0.360555 1.53865 1.53588e+06
0 0.644346 0.365354 1.53911 1.53591e+06
0 0.641504 0.370187 1.53737 1.53594e+06
0 0.638104 0.376051 1.53688 1.53596e+06
0 0.634493 0.376029 1.53614 1.53601e+06
0 0.630551 0.378556 1.53418 1.53604e+06
0 0.626646 0.375729 1.52999 1.53606e+06
0 0.622623 0.374216 1.52408 1.53611e+06
0 0.618432 0.372261 1.51987 1.53614e+06
0 0.614672 0.366961 1.51619 1.53616e+06
0 0.609543 0.360229 1.50901 1.53621e+06
0 0.606504 0.352972 1.50581 1.53623e+06
0 0.60441 0.348369 1.50553 1.53626e+06
0 0.602827 0.340897 1.50358 1.5363e+06
0 0.601275 0.332143 1.50279 1.53633e+06
0 0.600843 0.323741 1.50176 1.53636e+06
0 0.5994 0.314071 1.4972 1.5364e+06
0 0.599383 0.305247 1.49718 1.53643e+06
0 0.601267 0.298381 1.4988 1.53646e+06
0 0.603472 0.291455 1.50048 1.5365e+06
0 0.605549 0.285406 1.50343 1.53653e+06
0 0.607751 0.281668 1.50584 1.53657e+06
0 0.609587 0.276505 1.50778 1.5366e+06
0 0.612193 0.270296 1.50699 1.53663e+06
0 0.613509 0.26566 1.51104 1.53667e+06
0 0.614858 0.262702 1.51402 1.5367e+06
0 0.615704 0.260733 1.5164 1.53673e+06
0 0.616805 0.257784 1.51652 1.53677e+06
0 0.617885 0.254083 1.51578 1.5368e+06
0 0.618487 0.252564 1.51477 1.53683e+06
0 0.618778 0.250859 1.51562 1.53687e+06
0 0.618154 0.247111 1.51373 1.5369e+06
0 0.61643 0.244089 1.51109 1.53693e+06
0 0.614812 0.24273 1.51203 1.53697e+06
0 0.612617 0.240482 1.51297 1.537e+06
0 0.610543 0.238875 1.51272 1.53704e+06
0 0.609391 0.237927 1.51149 1.53707e+06
0 0.607563 0.236153 1.50982 1.5371e+06
0 0.604182 0.236529 1.50797 1.53714e+06
0 0.601491 0.236982 1.50636 1.53717e+06
0 0.599164 0.232692 1.50302 1.5372e+06
0 0.596231 0.229197 1.50155 1.53724e+06
0 0.593096 0.227182 1.50104 1.53727e+06
0 0.589756 0.226246 1.50051 1.5373e+06
0 0.587651 0.224792 1.49846 1.53734e+06

1 0.455363 0.192473 1.5175 1.53915e+06
1 0.4538 0.193555 1.51418 1.53917e+06
1 0.452257 0.194306 1.51219 1.53922e+06
1 0.448329 0.194985 1.50822 1.53925e+06
1 0.444364 0.196447 1.50262 1.53927e+06
1 0.441676 0.198766 1.50007 1.53932e+06
1 0.439166 0.202793 1.49794 1.53935e+06
1 0.436314 0.207785 1.49326 1.53937e+06
1 0.432817 0.213472 1.48589 1.53942e+06
1 0.429879 0.220648 1.47863 1.53943e+06
1 0.427815 0.226121 1.47181 1.53947e+06
1 0.426293 0.234443 1.46554 1.5395e+06
1 0.42735 0.241378 1.46234 1.53954e+06
1 0.42837 0.248937 1.45636 1.53957e+06
1 0.429423 0.256273 1.45164 1.5396e+06
1 0.433482 0.263632 1.44926 1.53964e+06
1 0.438047 0.270073 1.45234 1.53967e+06
1 0.443232 0.27674 1.45223 1.5397e+06
1 0.448729 0.281824 1.45147 1.53974e+06
1 0.455023 0.286086 1.45145 1.53977e+06
1 0.460946 0.29099 1.45406 1.5398e+06
1 0.466161 0.294325 1.45373 1.53984e+06
1 0.471246 0.297091 1.4546 1.53987e+06
1 0.478047 0.303195 1.45862 1.5399e+06
1 0.482705 0.30822 1.45687 1.53994e+06
1 0.486589 0.314122 1.4584 1.53997e+06
1 0.489486 0.319051 1.46174 1.54e+06
1 0.492096 0.327771 1.46066 1.54004e+06
1 0.491949 0.335282 1.46295 1.54007e+06
1 0.49213 0.343161 1.4619 1.5401e+06
1 0.490411 0.347271 1.46016 1.54014e+06
1 0.486522 0.351665 1.45662 1.54017e+06
1 0.482467 0.354424 1.4548 1.5402e+06
1 0.476965 0.358211 1.45234 1.54024e+06
1 0.471624 0.360917 1.45184 1.54027e+06
1 0.464579 0.360839 1.44762 1.54030e+06
1 0.457945 0.35876 1.44553 1.54034e+06
1 0.451127 0.357564 1.44312 1.54037e+06
1 0.443111 0.356515 1.44105 1.54041e+06
1 0.437302 0.351749 1.43597 1.54044e+06
1 0.432397 0.346798 1.4335 1.54047e+06
1 0.427863 0.340118 1.42867 1.54051e+06
1 0.42479 0.33251 1.42567 1.54054e+06
1 0.423224 0.325088 1.42241 1.54057e+06
1 0.422619 0.315956 1.41749 1.54061e+06
1 0.422967 0.309381 1.4154 1.54064e+06
1 0.425033 0.300929 1.41501 1.54067e+06
1 0.429682 0.29466 1.41693 1.54071e+06
1 0.432628 0.288168 1.41631 1.54074e+06
1 0.437586 0.282494 1.41785 1.54078e+06
1 0.44263 0.275791 1.41971 1.54081e+06
1 0.448658 0.270871 1.42243 1.54084e+06
1 0.454397 0.264709 1.42105 1.54088e+06
1 0.45924 0.260684 1.42585 1.54091e+06
1 0.462888 0.256612 1.42977 1.54094e+06
1 0.46726 0.252411 1.43466 1.54098e+06
1 0.471135 0.246619 1.4373 1.54101e+06
1 0.474227 0.241552 1.44125 1.54104e+06
1 0.476771 0.236818 1.44579 1.54108e+06
1 0.47849 0.231921 1.44838 1.54111e+06
1 0.479809 0.226107 1.45042 1.54115e+06
1 0.479339 0.219376 1.45351 1.54118e+06
1 0.477194 0.213347 1.45658 1.54121e+06
1 0.476165 0.207211 1.45857 1.54125e+06
1 0.47449 0.200647 1.46107 1.54128e+06
1 0.472133 0.196805 1.46092 1.54131e+06
1 0.469409 0.194492 1.46394 1.54135e+06
1 0.466321 0.192645 1.46543 1.54138e+06
1 0.463787 0.188693 1.46558 1.54142e+06
1 0.460327 0.184426 1.46576 1.54145e+06
1 0.456175 0.182006 1.46362 1.54148e+06
1 0.453632 0.180684 1.46368 1.54152e+06
1 0.449311 0.180273 1.46043 1.54155e+06
1 0.445035 0.183931 1.4589 1.54158e+06
1 0.44239 0.186819 1.45767 1.54162e+06

2 0.299533 0.231943 1.48128 1.54312e+06
2 0.297212 0.232763 1.47789 1.54315e+06
2 0.295581 0.233698 1.47317 1.54317e+06
2 0.291557 0.236791 1.47185 1.54322e+06
2 0.288344 0.238746 1.47 1.54325e+06
2 0.282472 0.238696 1.46608 1.54328e+06
2 0.279971 0.240425 1.46313 1.54332e+06
2 0.27701 0.247184 1.45981 1.54335e+06
2 0.274398 0.253349 1.45611 1.54338e+06
2 0.271774 0.261097 1.45399 1.54342e+06
2 0.272059 0.267411 1.45085 1.54345e+06
2 0.275448 0.275555 1.44571 1.54348e+06
2 0.278489 0.280632 1.4433 1.54352e+06
2 0.281901 0.286051 1.44209 1.54355e+06
2 0.287761 0.292863 1.43993 1.54358e+06
2 0.292643 0.296863 1.43892 1.54362e+06
2 0.298105 0.302542 1.43853 1.54365e+06
2 0.3046 0.307197 1.4399 1.54368e+06
2 0.31173 0.310875 1.43851 1.54372e+06
2 0.319196 0.317284 1.44134 1.54375e+06
2 0.326435 0.322286 1.44539 1.54378e+06
2 0.333215 0.32904 1.44704 1.54382e+06
2 0.338789 0.334433 1.44859 1.54385e+06
2 0.344041 0.341619 1.45096 1.54388e+06
2 0.348448 0.346965 1.4544 1.54392e+06
2 0.351981 0.355059 1.45403 1.54395e+06
2 0.353861 0.360363 1.45402 1.54398e+06
2 0.355362 0.365155 1.45403 1.54402e+06
2 0.35431 0.371536 1.4546 1.54405e+06
2 0.351894 0.379079 1.45441 1.54408e+06
2 0.349507 0.384022 1.45461 1.54412e+06
2 0.344498 0.389485 1.45257 1.54415e+06
2 0.338931 0.394955 1.45333 1.54418e+06
2 0.333354 0.398564 1.45388 1.54422e+06
2 0.325693 0.40057 1.45332 1.54425e+06
2 0.318304 0.399913 1.45137 1.54428e+06
2 0.311377 0.397572 1.4471 1.54432e+06
2 0.305334 0.394811 1.44329 1.54435e+06
2 0.299291 0.390754 1.44087 1.54438e+06
2 0.295056 0.386346 1.43555 1.54442e+06
2 0.291298 0.382263 1.43266 1.54445e+06
2 0.289078 0.374815 1.42718 1.54448e+06
2 0.288007 0.36665 1.42451 1.54452e+06
2 0.28763 0.359823 1.42429 1.54455e+06
2 0.290262 0.351665 1.4242 1.54458e+06
2 0.292845 0.344237 1.42318 1.54462e+06
2 0.296721 0.336915 1.4226 1.54465e+06
2 0.301541 0.328865 1.42165 1.54468e+06
2 0.306981 0.320412 1.41948 1.54472e+06
2 0.312023 0.31334 1.41949 1.54475e+06
2 0.317921 0.307805 1.4227 1.54478e+06
2 0.322482 0.301275 1.42326 1.54481e+06
2 0.327128 0.295212 1.42375 1.54485e+06
2 0.331402 0.288611 1.42334 1.54488e+06
2 0.334033 0.283778 1.4255 1.54491e+06
2 0.335917 0.273901 1.42873 1.54495e+06
2 0.339222 0.268335 1.42922 1.54498e+06
2 0.339862 0.259948 1.43193 1.54501e+06
2 0.340324 0.253967 1.43251 1.54505e+06
2 0.340325 0.251845 1.43457 1.54508e+06
2 0.33837 0.245964 1.43566 1.54511e+06
2 0.337528 0.242321 1.43601 1.54514e+06
2 0.334633 0.235377 1.43854 1.54518e+06
2 0.332254 0.23002 1.4405 1.54521e+06
2 0.328539 0.22686 1.44127 1.54524e+06
2 0.325032 0.226573 1.44197 1.54528e+06
2 0.320978 0.225331 1.44262 1.54531e+06
2 0.316431 0.22314 1.44279 1.54535e+06
2 0.312753 0.222957 1.44245 1.54538e+06
2 0.307739 0.224283 1.4428 1.54541e+06
2 0.303775 0.22806 1.44234 1.54545e+06
2 0.29817 0.23077 1.44004 1.54548e+06
2 0.294442 0.232815 1.43804 1.54551e+06
2 0.291951 0.235299 1.43329 1.54554e+06
2 0.288348 0.241478 1.43316 1.54558e+06
2 0.285349 0.244213 1.4351 1.54561e+06

3 0.790639 0.223704 1.58268 1.54908e+06
3 0.789049 0.223095 1.58059 1.54911e+06
3 0.788131 0.222774 1.57893 1.54915e+06
3 0.786175 0.22389 1.57435 1.54918e+06
3 0.78379 0.22412 1.56911 1.54922e+06
3 0.780147 0.225492 1.56373 1.54925e+06
3 0.776976 0.226476 1.55978 1.54928e+06
3 0.772507 0.226771 1.55516 1.54931e+06
3 0.767284 0.229194 1.546 1.54934e+06
3 0.763891 0.235318 1.54093 1.54938e+06
3 0.760398 0.240069 1.53477 1.54941e+06
3 0.756796 0.247995 1.52708 1.54945e+06
3 0.753898 0.254154 1.52327 1.54948e+06
3 0.752829 0.260461 1.51768 1.54951e+06
3 0.753501 0.268087 1.51009 1.54955e+06
3 0.75565 0.277921 1.51008 1.54958e+06
3 0.759427 0.288855 1.50989 1.54961e+06
3 0.76279 0.297067 1.50837 1.54965e+06
3 0.76727 0.305373 1.50855 1.54968e+06
3 0.774266 0.313794 1.51163 1.54972e+06
3 0.778864 0.321872 1.51602 1.54975e+06
3 0.785895 0.330705 1.51915 1.54978e+06
3 0.791681 0.33641 1.52396 1.54982e+06
3 0.799357 0.340073 1.52603 1.54985e+06
3 0.805519 0.346032 1.5342 1.54988e+06
3 0.811284 0.35274 1.54441 1.54992e+06
3 0.815988 0.359349 1.54732 1.54995e+06
3 0.819701 0.365093 1.55316 1.54998e+06
3 0.823238 0.373028 1.55661 1.55002e+06
3 0.825377 0.377382 1.56114 1.55005e+06
3 0.825165 0.384412 1.56424 1.55008e+06
3 0.82564 0.389987 1.56421 1.55012e+06
3 0.823001 0.399006 1.56626 1.55015e+06
3 0.819829 0.405405 1.56425 1.55018e+06
3 0.815327 0.414465 1.56511 1.55022e+06
3 0.809093 0.419109 1.56028 1.55025e+06
3 0.801641 0.42259 1.55705 1.55028e+06
3 0.795965 0.42533 1.55244 1.55032e+06
3 0.787659 0.4267 1.54345 1.55035e+06
3 0.779759 0.428231 1.53694 1.55038e+06
3 0.772594 0.427561 1.53045 1.55042e+06
3 0.764858 0.424676 1.52307 1.55045e+06
3 0.758114 0.419821 1.51702 1.55048e+06
3 0.750447 0.414253 1.51187 1.55052e+06
3 0.744492 0.408186 1.50629 1.55055e+06
3 0.740734 0.401717 1.4998 1.55058e+06
3 0.737473 0.395455 1.49421 1.55061e+06
3 0.736285 0.386169 1.49096 1.55065e+06
3 0.736238 0.37986 1.48798 1.55068e+06
3 0.737613 0.371049 1.48605 1.55071e+06
3 0.739221 0.361521 1.4847 1.55075e+06
3 0.742599 0.354291 1.48486 1.55078e+06
3 0.744293 0.345382 1.48195 1.55082e+06
3 0.747825 0.33948 1.48306 1.55085e+06
3 0.752687 0.3338 1.48585 1.55088e+06
3 0.757383 0.328862 1.48893 1.55091e+06
3 0.76091 0.324053 1.4886 1.55095e+06
3 0.765568 0.317105 1.49089 1.55098e+06
3 0.76858 0.309805 1.4873 1.55101e+06
3 0.772564 0.30434 1.49103 1.55105e+06
3 0.775926 0.299544 1.49584 1.5511e+06
3 0.778854 0.295339 1.49957 1.55111e+06
3 0.780607 0.288549 1.50054 1.55115e+06
3 0.782561 0.284405 1.50161 1.5512e+06
3 0.784207 0.280849 1.50497 1.55121e+06
3 0.787608 0.27562 1.50836 1.55126e+06
3 0.788651 0.270046 1.51115 1.5513e+06
3 0.790895 0.265388 1.51538 1.55131e+06
3 0.790408 0.258391 1.5158 1.55135e+06
3 0.789436 0.25386 1.51639 1.55138e+06
3 0.789358 0.248606 1.51845 1.55141e+06
3 0.787696 0.246964 1.5196 1.55145e+06
3 0.785556 0.244077 1.51965 1.55148e+06
3 0.783858 0.240334 1.52008 1.55152e+06
3 0.781797 0.237548 1.5187 1.55155e+06
3 0.778864 0.232417 1.51974 1.55158e+06
3 0.776585 0.22804 1.51592 1.55162e+06
3 0.774626 0.225638 1.51369 1.55165e+06
3 0.771205 0.223756 1.51247 1.55168e+06
3 0.766563 0.221796 1.5109 1.55172e+06

4 0.538359 0.43039 1.54294 1.55359e+06
4 0.537093 0.429957 1.54333 1.55362e+06
4 0.53577 0.431665 1.54341 1.55366e+06
4 0.533924 0.434563 1.54381 1.55369e+06
4 0.532632 0.43652 1.54248 1.55372e+06
4 0.531803 0.438103 1.54188 1.55376e+06
4 0.531413 0.444467 1.54027 1.55379e+06
4 0.531015 0.448908 1.53802 1.55382e+06
4 0.532031 0.452905 1.53737 1.55386e+06
4 0.531856 0.459474 1.53735 1.55389e+06
4 0.533245 0.465323 1.5395 1.55392e+06
4 0.537317 0.472946 1.53713 1.55396e+06
4 0.541395 0.478705 1.53981 1.55399e+06
4 0.54525 0.487375 1.54258 1.55402e+06
4 0.550473 0.493512 1.54383 1.55406e+06
4 0.555688 0.500525 1.54688 1.55409e+06
4 0.56008 0.504173 1.54935 1.55412e+06
4 0.566139 0.509613 1.55447 1.55416e+06
4 0.572551 0.512672 1.55821 1.55419e+06
4 0.578735 0.515939 1.56014 1.55422e+06
4 0.582551 0.520164 1.56465 1.55426e+06
4 0.586712 0.523841 1.56773 1.55429e+06
4 0.589304 0.527537 1.56937 1.55432e+06
4 0.591581 0.532081 1.57571 1.55435e+06
4 0.592052 0.537839 1.58027 1.55439e+06
4 0.591953 0.542614 1.58166 1.55442e+06
4 0.590821 0.550571 1.58832 1.55445e+06
4 0.58731 0.554664 1.58998 1.55449e+06
4 0.584631 0.557824 1.59502 1.55452e+06
4 0.581713 0.56192 1.59271 1.55455e+06
4 0.57718 0.566608 1.59023 1.55459e+06
4 0.572571 0.569701 1.59114 1.55462e+06
4 0.565614 0.572322 1.59322 1.55465e+06
4 0.557954 0.573819 1.58947 1.55469e+06
4 0.551726 0.573815 1.58497 1.55472e+06
4 0.543745 0.575461 1.58145 1.55475e+06
4 0.538029 0.576032 1.57644 1.55478e+06
4 0.53057 0.574699 1.57153 1.55482e+06
4 0.526651 0.573551 1.5649 1.55485e+06
4 0.521911 0.573313 1.55949 1.55488e+06
4 0.519871 0.57058 1.55377 1.55492e+06
4 0.517868 0.566529 1.54895 1.55495e+06
4 0.517671 0.560691 1.54532 1.55499e+06
4 0.519109 0.556668 1.53876 1.55502e+06
4 0.521549 0.550107 1.53432 1.55505e+06
4 0.523802 0.545286 1.52903 1.55509e+06
4 0.528535 0.53829 1.52506 1.55512e+06
4 0.532574 0.532171 1.52403 1.55515e+06
4 0.537314 0.528132 1.52389 1.55519e+06
4 0.540676 0.522997 1.52111 1.55522e+06
4 0.545605 0.518641 1.52096 1.55525e+06
4 0.54995 0.513935 1.51624 1.55528e+06
4 0.553384 0.510065 1.51342 1.55532e+06
4 0.557183 0.5038 1.51402 1.55535e+06
4 0.560607 0.498001 1.5131 1.55538e+06
4 0.56335 0.491975 1.51117 1.55542e+06
4 0.565701 0.487235 1.50967 1.55545e+06
4 0.566732 0.480979 1.51155 1.55549e+06
4 0.567751 0.475587 1.50875 1.55552e+06
4 0.570035 0.469272 1.50669 1.55555e+06
4 0.570045 0.463315 1.50506 1.55558e+06
4 0.56912 0.456937 1.50237 1.55562e+06
4 0.568628 0.450616 1.50041 1.55565e+06
4 0.566355 0.445287 1.49905 1.55568e+06
4 0.565441 0.438329 1.49644 1.55572e+06
4 0.563697 0.432913 1.49428 1.55575e+06
4 0.561603 0.428735 1.49415 1.55579e+06
4 0.558771 0.423909 1.4928 1.55582e+06
4 0.556301 0.420796 1.49257 1.55585e+06
4 0.553055 0.420723 1.49401 1.55589e+06
4 0.548371 0.419263 1.49256 1.55592e+06
4 0.545092 0.418906 1.49331 1.55595e+06
4 0.541229 0.420349 1.49395 1.55599e+06
4 0.535799 0.422905 1.48974 1.55602e+06
4 0.530347 0.424334 1.48928 1.55605e+06
4 0.525251 0.42609 1.48804 1.55609e+06
4 0.522131 0.429557 1.4877 1.55612e+06
4 0.520636 0.434519 1.48858 1.55617e+06

5 0.323607 0.525171 1.62143 1.55796e+06
5 0.320985 0.526082 1.62124 1.55799e+06
5 0.316257 0.527791 1.6198 1.55803e+06
5 0.312876 0.529954 1.61846 1.55806e+06
5 0.309309 0.535639 1.62048 1.5581e+06
5 0.307784 0.542429 1.62485 1.55813e+06
5 0.307481 0.549592 1.62522 1.55816e+06
5 0.308408 0.558219 1.62778 1.5582e+06
5 0.311334 0.566087 1.62915 1.55823e+06
5 0.314681 0.576658 1.62647 1.55826e+06
5 0.320069 0.585963 1.6279 1.5583e+06
5 0.325642 0.592562 1.6326 1.55833e+06
5 0.33311 0.600588 1.63518 1.55836e+06
5 0.340832 0.60943 1.63813 1.5584e+06
5 0.349555 0.618713 1.64242 1.55843e+06
5 0.359215 0.624957 1.64935 1.55846e+06
5 0.367152 0.631876 1.65473 1.5585e+06
5 0.376377 0.6365 1.65968 1.55853e+06
5 0.384197 0.641164 1.66355 1.55856e+06
5 0.392821 0.646807 1.6698 1.5586e+06
5 0.399875 0.652836 1.67861 1.55863e+06
5 0.404363 0.657968 1.68415 1.55866e+06
5 0.407254 0.66504 1.69191 1.5587e+06
5 0.40985 0.675612 1.69481 1.55873e+06
5 0.410431 0.685091 1.69653 1.55876e+06
5 0.408907 0.694848 1.70501 1.55879e+06
5 0.406316 0.702048 1.71464 1.55883e+06
5 0.401082 0.708111 1.71875 1.55886e+06
5 0.396165 0.715854 1.72431 1.5589e+06
5 0.389141 0.721967 1.72678 1.55893e+06
5 0.381982 0.72463 1.72813 1.55896e+06
5 0.373086 0.725706 1.7292 1.55899e+06
5 0.363917 0.727257 1.7261 1.55903e+06
5 0.353581 0.726038 1.71881 1.55906e+06
5 0.345304 0.72445 1.71065 1.55909e+06
5 0.336948 0.720261 1.70291 1.55913e+06
5 0.331659 0.712623 1.69549 1.55916e+06
5 0.328528 0.706495 1.68605 1.55919e+06
5 0.326587 0.698186 1.67445 1.55923e+06
5 0.32601 0.689006 1.66618 1.55926e+06
5 0.328094 0.67937 1.65698 1.55929e+06
5 0.332694 0.6706 1.64596 1.55933e+06
5 0.337251 0.661575 1.63722 1.55936e+06
5 0.342513 0.651971 1.6329 1.5594e+06
5 0.348523 0.643883 1.62812 1.55943e+06
5 0.35626 0.633893 1.62462 1.55946e+06
5 0.362701 0.627264 1.62498 1.5595e+06
5 0.368772 0.618916 1.62472 1.55953e+06
5 0.373174 0.611263 1.62379 1.55956e+06
5 0.375873 0.60169 1.62179 1.5596e+06
5 0.379951 0.59296 1.61904 1.55963e+06
5 0.381532 0.583863 1.61734 1.55966e+06
5 0.380475 0.574313 1.61585 1.5597e+06
5 0.379999 0.56602 1.61271 1.55973e+06
5 0.377942 0.557561 1.61095 1.55977e+06
5 0.374429 0.550327 1.60907 1.5598e+06
5 0.370308 0.542084 1.6079 1.55983e+06
5 0.366803 0.534648 1.60575 1.55986e+06
5 0.361728 0.525974 1.59846 1.5599e+06
5 0.356019 0.519037 1.59602 1.55993e+06
5 0.349482 0.514293 1.59638 1.55997e+06
5 0.343738 0.507404 1.5947 1.56e+06
5 0.33797 0.503532 1.59351 1.56004e+06
5 0.331904 0.501339 1.5913 1.56007e+06
5 0.326842 0.499295 1.59358 1.5601e+06
5 0.321408 0.500978 1.59544 1.56013e+06
5 0.315205 0.50514 1.59976 1.56017e+06
5 0.310859 0.509264 1.60085 1.5602e+06
5 0.306009 0.515165 1.60067 1.56022e+06
5 0.305617 0.521732 1.60523 1.56027e+06
5 0.30747 0.528296 1.61273 1.56029e+06
5 0.311919 0.535327 1.61817 1.56032e+06
5 0.316264 0.541206 1.62334 1.56037e+06
5 0.322407 0.543462 1.62771 1.56039e+06
5 0.328913 0.542212 1.63791 1.56044e+06

6 0.746857 0.520049 1.56542 1.56367e+06
6 0.746737 0.522721 1.56609 1.5637e+06
6 0.746076 0.524849 1.56515 1.56373e+06
6 0.745333 0.52621 1.56351 1.56377e+06
6 0.742703 0.527445 1.56239 1.5638e+06
6 0.739872 0.532743 1.55968 1.56383e+06
6 0.737115 0.537904 1.55918 1.56387e+06
6 0.735082 0.54412 1.55794 1.5639e+06
6 0.732531 0.550611 1.55721 1.56394e+06
6 0.733546 0.560381 1.56004 1.56397e+06
6 0.733388 0.568912 1.56198 1.564e+06
6 0.734182 0.579328 1.56386 1.56404e+06
6 0.736919 0.587114 1.57038 1.56407e+06
6 0.740244 0.596924 1.57872 1.5641e+06
6 0.744025 0.605828 1.58448 1.56414e+06
6 0.748729 0.61331 1.58944 1.56417e+06
6 0.753215 0.621872 1.59303 1.56421e+06
6 0.75719 0.628115 1.59917 1.56424e+06
6 0.764193 0.63232 1.60937 1.56427e+06
6 0.771359 0.634699 1.61217 1.56429e+06
6 0.778222 0.639499 1.6221 1.56434e+06
6 0.783253 0.645554 1.63103 1.56438e+06
6 0.787599 0.650633 1.64407 1.56439e+06
6 0.792777 0.653092 1.65374 1.56444e+06
6 0.797403 0.65892 1.6601 1.56446e+06
6 0.801225 0.663333 1.66847 1.56449e+06
6 0.802195 0.671651 1.67799 1.56454e+06
6 0.80122 0.679319 1.68447 1.56456e+06
6 0.799878 0.686642 1.69207 1.56459e+06
6 0.799422 0.695683 1.6997 1.56464e+06
6 0.795624 0.705106 1.7067 1.56466e+06
6 0.790389 0.713342 1.71193 1.56469e+06
6 0.783381 0.720463 1.71436 1.56474e+06
6 0.774406 0.730404 1.71503 1.56476e+06
6 0.766342 0.735053 1.71328 1.56479e+06
6 0.756511 0.738385 1.71304 1.56484e+06
6 0.746244 0.740878 1.71227 1.56486e+06
6 0.735377 0.742188 1.70701 1.56489e+06
6 0.727598 0.742033 1.70069 1.56493e+06
6 0.7177 0.741377 1.69174 1.56496e+06
6 0.710738 0.738904 1.68391 1.565e+06
6 0.705423 0.736692 1.67664 1.56503e+06
6 0.701022 0.733692 1.66035 1.56506e+06
6 0.70117 0.728167 1.64886 1.5651e+06
6 0.701847 0.720989 1.64163 1.56513e+06
6 0.702814 0.714517 1.63376 1.56516e+06
6 0.706357 0.709099 1.62718 1.5652e+06
6 0.711172 0.702832 1.61835 1.56523e+06
6 0.716429 0.698621 1.61446 1.56526e+06
6 0.722131 0.692067 1.61681 1.5653e+06
6 0.729781 0.687588 1.61957 1.56533e+06
6 0.736944 0.681531 1.62294 1.56536e+06
6 0.743589 0.676421 1.62319 1.56541e+06
6 0.750754 0.670574 1.62424 1.56543e+06
6 0.757592 0.665712 1.62571 1.56546e+06
6 0.764342 0.658146 1.62991 1.5655e+06
6 0.769532 0.649838 1.63386 1.56553e+06
6 0.775328 0.643852 1.63548 1.56556e+06
6 0.780786 0.639437 1.63579 1.5656e+06
6 0.786772 0.633235 1.63715 1.56563e+06
6 0.791655 0.624482 1.6388 1.56566e+06
6 0.797472 0.616681 1.64148 1.5657e+06
6 0.801185 0.609241 1.63997 1.56573e+06
6 0.804262 0.601807 1.63974 1.56576e+06
6 0.806791 0.595984 1.63892 1.5658e+06
6 0.807506 0.589396 1.63943 1.56583e+06
6 0.808689 0.582336 1.63891 1.56587e+06
6 0.808109 0.576812 1.63473 1.5659e+06
6 0.807232 0.571805 1.63338 1.56594e+06
6 0.805001 0.565813 1.63003 1.56597e+06
6 0.803776 0.562688 1.6302 1.566e+06
6 0.800917 0.560741 1.63067 1.56604e+06
6 0.797957 0.557839 1.62995 1.56607e+06
6 0.796048 0.553427 1.62989 1.5661e+06
6 0.792755 0.553923 1.62624 1.56614e+06
6 0.788076 0.551531 1.62441 1.56617e+06
6 0.784133 0.55136 1.6219 1.5662e+06
6 0.779869 0.550893 1.61785 1.56624e+06
6 0.77597 0.550571 1.61557 1.56627e+06
6 0.77276 0.548425 1.61476 1.56630e+06
6 0.76857 0.547335 1.61044 1.56634e+06
6 0.763997 0.54744 1.61059 1.56637e+06
6 0.760588 0.546738 1.60685 1.56641e+06
6 0.756934 0.546787 1.6052 1.56644e+06
6 0.75209 0.545751 1.60408 1.56647e+06
6 0.749381 0.547753 1.59799 1.56651e+06
6 0.74747 0.546276 1.59723 1.56654e+06
6 0.745525 0.543731 1.59594 1.56657e+06
6 0.740732 0.542805 1.59496 1.56661e+06
6 0.738036 0.542695 1.59486 1.56664e+06
6 0.735606 0.54198 1.59301 1.56668e+06
6 0.733138 0.539511 1.5898 1.56671e+06
6 0.730267 0.538718 1.59337 1.56674e+06
6 0.729587 0.538102 1.59474 1.56678e+06

7 0.164867 0.372107 1.49871 1.57536e+06
7 0.165046 0.371471 1.49929 1.57537e+06
7 0.164304 0.374006 1.50083 1.57540e+06
7 0.161408 0.374233 1.50139 1.57546e+06
7 0.159404 0.375264 1.49854 1.57547e+06
7 0.158424 0.377959 1.49827 1.57550e+06
7 0.157409 0.383376 1.49761 1.57554e+06
7 0.155385 0.387288 1.49639 1.57557e+06
7 0.152105 0.394546 1.49424 1.57561e+06
7 0.150626 0.401844 1.49267 1.57564e+06
7 0.149734 0.408759 1.49299 1.57567e+06
7 0.149466 0.417916 1.49093 1.57571e+06
7 0.150626 0.425961 1.49028 1.57575e+06
7 0.151617 0.436199 1.49137 1.57579e+06
7 0.156014 0.443096 1.48875 1.57582e+06
7 0.160871 0.453112 1.48794 1.57585e+06
7 0.166492 0.461248 1.48396 1.57588e+06
7 0.174266 0.470724 1.48071 1.57592e+06
7 0.182261 0.480258 1.4775 1.57595e+06
7 0.191741 0.488187 1.47631 1.57599e+06
7 0.201563 0.499209 1.47559 1.57602e+06
7 0.209767 0.50895 1.47708 1.57605e+06
7 0.218109 0.519493 1.47771 1.57609e+06
7 0.226536 0.530385 1.47874 1.57612e+06
7 0.235343 0.543106 1.48154 1.57615e+06
7 0.242932 0.555082 1.48798 1.57619e+06
7 0.248748 0.565945 1.48983 1.57622e+06
7 0.253688 0.578129 1.49429 1.57625e+06
7 0.256337 0.589884 1.4978 1.57628e+06
7 0.257599 0.600353 1.50522 1.57632e+06
7 0.257169 0.610376 1.51238 1.57635e+06
7 0.254174 0.618872 1.51754 1.57638e+06
7 0.248579 0.628211 1.52025 1.57642e+06
7 0.242613 0.636347 1.52343 1.57645e+06
7 0.23619 0.64355 1.52741 1.57649e+06
7 0.229882 0.650923 1.52992 1.57652e+06
7 0.221877 0.655253 1.53368 1.57656e+06
7 0.211169 0.658278 1.53393 1.57657e+06
7 0.200233 0.660099 1.53476 1.57662e+06
7 0.190259 0.661867 1.53212 1.57664e+06
7 0.182863 0.659737 1.52977 1.57667e+06
7 0.176445 0.656332 1.52564 1.57672e+06
7 0.171703 0.651609 1.51921 1.57674e+06
7 0.167745 0.644743 1.51101 1.57677e+06
7 0.164732 0.635673 1.5003 1.57682e+06
7 0.163053 0.625715 1.48933 1.57684e+06
7 0.162164 0.614111 1.47561 1.57687e+06
7 0.164956 0.601147 1.46601 1.57692e+06
7 0.168318 0.589258 1.45765 1.57694e+06
7 0.172388 0.575021 1.44879 1.57697e+06
7 0.178747 0.562192 1.44151 1.57702e+06
7 0.183307 0.550024 1.43329 1.57704e+06
7 0.189652 0.534781 1.42856 1.57709e+06
7 0.195652 0.519785 1.42279 1.57712e+06
7 0.2028 0.505384 1.41906 1.57714e+06
7 0.20804 0.489718 1.41527 1.57719e+06
7 0.21265 0.474474 1.41131 1.57722e+06
7 0.215498 0.458572 1.4107 1.57725e+06
7 0.217895 0.441608 1.41312 1.57729e+06
7 0.218952 0.426799 1.41631 1.57732e+06
7 0.219514 0.41172 1.42058 1.57735e+06
7 0.218089 0.39719 1.42293 1.57738e+06
7 0.216467 0.382999 1.42661 1.57742e+06
7 0.212474 0.369647 1.43136 1.57745e+06
7 0.208437 0.35862 1.43512 1.57749e+06
7 0.204232 0.349892 1.44091 1.57752e+06
7 0.199522 0.34029 1.44906 1.57756e+06
7 0.19427 0.334461 1.45695 1.57759e+06
7 0.188044 0.330539 1.46189 1.57762e+06
7 0.181864 0.330121 1.46799 1.57764e+06
7 0.174496 0.332239 1.46971 1.57769e+06
7 0.168414 0.333852 1.47382 1.57772e+06
7 0.163059 0.336095 1.47652 1.57776e+06
7 0.158217 0.342734 1.48036 1.57779e+06
7 0.153737 0.348491 1.48402 1.57782e+06
7 0.152232 0.357092 1.48429 1.57785e+06
7 0.149805 0.366498 1.48002 1.57789e+06
7 0.150108 0.373251 1.48171 1.57792e+06
7 0.15053 0.379999 1.48345 1.57795e+06

8 0.488935 0.393045 1.5808 1.58041e+06
8 0.485863 0.394507 1.57795 1.58045e+06
8 0.483186 0.395861 1.57356 1.58048e+06
8 0.48087 0.397614 1.57058 1.58051e+06
8 0.47639 0.404313 1.56785 1.58055e+06
8 0.472223 0.410026 1.56202 1.58058e+06
8 0.466841 0.418347 1.55661 1.58061e+06
8 0.462098 0.428491 1.55063 1.58065e+06
8 0.459092 0.438021 1.54465 1.58068e+06
8 0.454572 0.451391 1.54212 1.58072e+06
8 0.452799 0.464318 1.54118 1.58075e+06
8 0.452085 0.476818 1.54064 1.58078e+06
8 0.453488 0.489835 1.5387 1.58082e+06
8 0.456655 0.502153 1.53862 1.58085e+06
8 0.4603 0.516463 1.54023 1.58088e+06
8 0.464608 0.529342 1.54138 1.58092e+06
8 0.470069 0.541388 1.54536 1.58095e+06
8 0.477826 0.552699 1.55144 1.58098e+06
8 0.485361 0.563027 1.55643 1.58102e+06
8 0.49377 0.573713 1.56161 1.58105e+06
8 0.503714 0.582876 1.56922 1.58108e+06
8 0.512803 0.592846 1.57975 1.58112e+06
8 0.519068 0.600919 1.58642 1.58115e+06
8 0.523965 0.610607 1.59769 1.58118e+06
8 0.530005 0.619902 1.60432 1.58122e+06
8 0.533788 0.62797 1.61363 1.58125e+06
8 0.535627 0.635703 1.62342 1.58129e+06
8 0.537299 0.644108 1.63116 1.58132e+06
8 0.536346 0.65367 1.6387 1.58135e+06
8 0.535668 0.660689 1.6453 1.58139e+06
8 0.532303 0.671094 1.64714 1.58142e+06
8 0.528453 0.679613 1.64668 1.58145e+06
8 0.521658 0.687978 1.64607 1.58149e+06
8 0.515259 0.694454 1.64731 1.58152e+06
8 0.507923 0.70278 1.6474 1.58156e+06
8 0.498735 0.710988 1.64522 1.58159e+06
8 0.487904 0.719119 1.64581 1.58162e+06
8 0.476975 0.725849 1.64099 1.58165e+06
8 0.467452 0.733051 1.63306 1.58169e+06
8 0.457916 0.737225 1.62556 1.58172e+06
8 0.44983 0.739136 1.61593 1.58175e+06
8 0.442103 0.737958 1.60657 1.58179e+06
8 0.434235 0.735643 1.59338 1.58182e+06
8 0.428266 0.729466 1.57795 1.58185e+06
8 0.42397 0.723622 1.56395 1.58189e+06
8 0.422534 0.715613 1.55138 1.58192e+06
8 0.422011 0.706344 1.53724 1.58195e+06
8 0.423121 0.695346 1.52288 1.58199e+06
8 0.426859 0.684489 1.51257 1.58202e+06
8 0.429668 0.670797 1.50066 1.58206e+06
8 0.433452 0.658482 1.48973 1.58209e+06
8 0.436992 0.645883 1.48012 1.58212e+06
8 0.441229 0.630538 1.47202 1.58216e+06
8 0.445818 0.615001 1.46343 1.58219e+06
8 0.452311 0.601148 1.45804 1.58222e+06
8 0.457535 0.585431 1.45545 1.58226e+06
8 0.463811 0.570742 1.45358 1.58229e+06
8 0.468647 0.555767 1.44973 1.58233e+06
8 0.475044 0.541831 1.44928 1.58236e+06
8 0.479336 0.528188 1.44799 1.58239e+06
8 0.484105 0.513355 1.44581 1.58243e+06
8 0.488049 0.500302 1.44516 1.58246e+06
8 0.4918 0.487073 1.44405 1.58248e+06
8 0.494296 0.473929 1.44446 1.58251e+06
8 0.496854 0.460503 1.44334 1.58256e+06
8 0.498825 0.446713 1.44247 1.58258e+06
8 0.500002 0.434382 1.44582 1.58261e+06
8 0.501134 0.422159 1.44592 1.58266e+06
8 0.501091 0.412893 1.44632 1.58268e+06
8 0.501522 0.403429 1.44728 1.58271e+06
8 0.500486 0.394391 1.44822 1.58276e+06
8 0.497632 0.386591 1.44909 1.5828e+06
8 0.495903 0.37924 1.44919 1.58281e+06
8 0.494544 0.374319 1.44619 1.58286e+06
8 0.492008 0.369974 1.44867 1.58288e+06
8 0.490727 0.367705 1.44706 1.58291e+06
8 0.485064 0.370401 1.45085 1.58295e+06
8 0.480766 0.373286 1.45682 1.58298e+06
8 0.477078 0.376471 1.45988 1.58303e+06
8 0.474385 0.383044 1.4598 1.58305e+06
8 0.472084 0.391052 1.4603 1.58308e+06
8 0.472088 0.396812 1.46546 1.58312e+06

9 0.718781 0.160004 1.60099 1.58578e+06
9 0.717903 0.161504 1.59544 1.58582e+06
9 0.717296 0.162653 1.59139 1.58586e+06
9 0.715101 0.163157 1.58907 1.58588e+06
9 0.712984 0.163378 1.58486 1.58592e+06
9 0.708983 0.164504 1.57892 1.58597e+06
9 0.704537 0.166922 1.56944 1.58598e+06
9 0.701189 0.169176 1.56193 1.58602e+06
9 0.69801 0.172164 1.55736 1.58607e+06
9 0.693714 0.17768 1.54987 1.58608e+06
9 0.689333 0.183841 1.5387 1.58612e+06
9 0.685238 0.189905 1.52958 1.58617e+06
9 0.682946 0.196789 1.52083 1.58618e+06
9 0.681032 0.204495 1.5131 1.58622e+06
9 0.680969 0.21351 1.50442 1.58627e+06
9 0.682625 0.219297 1.49618 1.58628e+06
9 0.687435 0.228027 1.49098 1.58632e+06
9 0.692649 0.235819 1.48801 1.58636e+06
9 0.699095 0.243612 1.4879 1.58638e+06
9 0.706957 0.252668 1.48844 1.58643e+06
9 0.716248 0.259672 1.49044 1.58646e+06
9 0.725512 0.268111 1.49461 1.5865e+06
9 0.732623 0.277543 1.49945 1.58652e+06
9 0.742011 0.288175 1.50642 1.58657e+06
9 0.748507 0.295893 1.51033 1.5866e+06
9 0.754187 0.305511 1.51725 1.58663e+06
9 0.760554 0.315554 1.5253 1.58666e+06
9 0.764932 0.32664 1.53303 1.5867e+06
9 0.767821 0.338317 1.54086 1.58673e+06
9 0.767995 0.350237 1.54603 1.58677e+06
9 0.765903 0.360156 1.54955 1.58678e+06
9 0.764653 0.374533 1.5506 1.58682e+06
9 0.762066 0.386449 1.54852 1.58685e+06
9 0.755221 0.399233 1.54413 1.58689e+06
9 0.745824 0.413195 1.53529 1.58692e+06
9 0.734894 0.427279 1.52671 1.58695e+06
9 0.722592 0.438824 1.51895 1.58698e+06
9 0.709921 0.448639 1.50692 1.58702e+06
9 0.695799 0.456447 1.49536 1.58705e+06
9 0.682609 0.459491 1.4814 1.58709e+06
9 0.670708 0.460087 1.46836 1.58712e+06
9 0.659823 0.456495 1.45466 1.58715e+06
9 0.652833 0.450923 1.44539 1.58719e+06
9 0.648652 0.438336 1.43511 1.58722e+06
9 0.646527 0.424309 1.4219 1.58726e+06
9 0.64619 0.410534 1.41365 1.58729e+06
9 0.649071 0.396263 1.407 1.58732e+06
9 0.653189 0.380382 1.40301 1.58736e+06
9 0.659312 0.365398 1.39984 1.58739e+06
9 0.666091 0.350787 1.40106 1.58742e+06
9 0.672656 0.337335 1.40358 1.58746e+06
9 0.679398 0.324782 1.40748 1.58749e+06
9 0.687488 0.314055 1.41546 1.58752e+06
9 0.694411 0.303722 1.42404 1.58756e+06
9 0.701191 0.293901 1.43041 1.58759e+06
9 0.707631 0.285222 1.43756 1.58762e+06
9 0.714133 0.276008 1.44619 1.58766e+06
9 0.71831 0.265523 1.45197 1.58769e+06
9 0.7228 0.256712 1.4583 1.58773e+06
9 0.726706 0.248682 1.46356 1.58776e+06
9 0.729476 0.240153 1.46936 1.58779e+06
9 0.732484 0.230567 1.47754 1.58783e+06
9 0.734505 0.224469 1.4828 1.58786e+06
9 0.734432 0.21908 1.48703 1.5879e+06
9 0.73323 0.211109 1.49047 1.58793e+06
9 0.731936 0.204039 1.49428 1.58796e+06
9 0.729922 0.197617 1.49435 1.588e+06
9 0.728786 0.190343 1.49533 1.58803e+06
9 0.725835 0.183063 1.49302 1.58806e+06
9 0.721064 0.179466 1.49261 1.5881e+06
9 0.717629 0.176534 1.49112 1.58813e+06
9 0.71289 0.173195 1.49067 1.58816e+06
9 0.709165 0.171496 1.48889 1.5882e+06
9 0.705305 0.171853 1.4865 1.58823e+06
9 0.69958 0.171699 1.48282 1.58826e+06
9 0.693921 0.170849 1.47692 1.5883e+06
9 0.689578 0.166125 1.4752 1.58833e+06
9 0.683902 0.16527 1.47051 1.58837e+06
9 0.678401 0.164084 1.4669 1.5884e+06

