Gesto: 9
0 0.709732 0.590975 1.935 1.18756e+06
0 0.710291 0.591452 1.93606 1.18759e+06
0 0.711022 0.592561 1.93335 1.18762e+06
0 0.71224 0.593405 1.93412 1.18766e+06
0 0.713004 0.594322 1.93408 1.18769e+06
0 0.713198 0.594309 1.9357 1.18772e+06
0 0.713644 0.594811 1.93608 1.18776e+06
0 0.714971 0.594584 1.9357 1.18779e+06
0 0.714718 0.595249 1.93532 1.18782e+06
0 0.714011 0.594953 1.93709 1.18786e+06
0 0.713804 0.595042 1.93499 1.18789e+06
0 0.714674 0.593542 1.93379 1.18792e+06
0 0.714101 0.59406 1.93296 1.18796e+06
0 0.713642 0.594767 1.93378 1.18799e+06
0 0.715903 0.598567 1.9391 1.18802e+06
0 0.715604 0.597583 1.93684 1.18806e+06
0 0.716702 0.595521 1.93884 1.18809e+06
0 0.716719 0.594492 1.94103 1.18812e+06
0 0.717185 0.593838 1.94168 1.18816e+06
0 0.717879 0.593531 1.94403 1.18819e+06
0 0.717709 0.592968 1.94153 1.18822e+06
0 0.717177 0.593021 1.94144 1.18826e+06
0 0.717405 0.592601 1.94022 1.18829e+06
0 0.71708 0.593395 1.94132 1.18832e+06
0 0.71659 0.593207 1.94081 1.18836e+06
0 0.716648 0.593407 1.94291 1.18839e+06
0 0.716337 0.592926 1.94147 1.18842e+06
0 0.716044 0.592925 1.94019 1.18846e+06
0 0.715658 0.592777 1.94006 1.18849e+06
0 0.715765 0.592551 1.94024 1.18852e+06
0 0.716732 0.592513 1.9418 1.18856e+06
0 0.716094 0.592517 1.93966 1.18859e+06
0 0.717169 0.59262 1.94275 1.18862e+06
0 0.717718 0.592738 1.944 1.18866e+06
0 0.717161 0.592995 1.94263 1.18869e+06
0 0.716827 0.592835 1.94191 1.18873e+06
0 0.717262 0.592776 1.94038 1.18876e+06
0 0.716856 0.593019 1.9391 1.18879e+06
0 0.71768 0.593074 1.94172 1.18883e+06
0 0.716713 0.592895 1.94102 1.18886e+06
0 0.715996 0.593723 1.94058 1.18889e+06
0 0.715575 0.594074 1.9402 1.18893e+06
0 0.717044 0.593562 1.94325 1.18896e+06
0 0.717705 0.593295 1.94216 1.189e+06
0 0.718353 0.593293 1.94519 1.18903e+06
0 0.718539 0.593064 1.94686 1.18906e+06
0 0.718488 0.592807 1.94486 1.1891e+06
0 0.718488 0.592744 1.94492 1.18913e+06
0 0.718469 0.592859 1.94468 1.18916e+06
0 0.71712 0.593026 1.94126 1.1892e+06
0 0.718428 0.593522 1.94466 1.18923e+06
0 0.71642 0.594464 1.9416 1.18926e+06
0 0.717343 0.593855 1.94441 1.1893e+06
0 0.716947 0.593599 1.94405 1.18933e+06
0 0.717146 0.593994 1.94548 1.18937e+06
0 0.715978 0.594814 1.94305 1.1894e+06
0 0.714811 0.594845 1.9412 1.18943e+06
0 0.714119 0.594911 1.93889 1.18947e+06
0 0.712806 0.595616 1.93638 1.1895e+06
0 0.713505 0.595434 1.93847 1.18954e+06
0 0.71357 0.595177 1.94168 1.18957e+06
0 0.713734 0.594595 1.94198 1.1896e+06
0 0.713843 0.594829 1.94287 1.18964e+06
0 0.71395 0.59481 1.94182 1.18967e+06
0 0.712809 0.595835 1.93879 1.1897e+06
0 0.713751 0.596389 1.93959 1.18973e+06
0 0.714057 0.595607 1.93984 1.18977e+06
0 0.714095 0.595095 1.94175 1.1898e+06
0 0.713995 0.595158 1.94118 1.18984e+06
0 0.714279 0.59542 1.94223 1.18987e+06
0 0.712063 0.592595 1.93881 1.1899e+06
0 0.710041 0.591115 1.93984 1.18994e+06
0 0.708678 0.590318 1.94054 1.18997e+06
0 0.708163 0.589998 1.9406 1.19e+06
0 0.709876 0.589916 1.94173 1.19004e+06
0 0.710861 0.589965 1.9396 1.19007e+06
0 0.712402 0.589121 1.93769 1.1901e+06
0 0.710312 0.590096 1.93921 1.19014e+06
0 0.708685 0.590219 1.93859 1.19017e+06
0 0.709858 0.588746 1.94157 1.1902e+06
0 0.709159 0.588885 1.94176 1.19024e+06
0 0.708506 0.589146 1.94313 1.19026e+06
0 0.708238 0.588922 1.94287 1.19030e+06
0 0.708072 0.589332 1.94565 1.19034e+06
0 0.707682 0.589171 1.94396 1.19036e+06
0 0.711258 0.588355 1.94527 1.19041e+06
0 0.712219 0.589111 1.94323 1.19042e+06
0 0.712761 0.589816 1.94592 1.19047e+06
0 0.711008 0.590305 1.94663 1.19051e+06
0 0.712034 0.589956 1.94489 1.19052e+06
0 0.710019 0.590322 1.9435 1.19057e+06
0 0.709309 0.590099 1.94631 1.19061e+06
0 0.70872 0.589806 1.94481 1.19062e+06
0 0.708536 0.58955 1.94536 1.19067e+06
0 0.707536 0.589807 1.94418 1.19069e+06
0 0.70792 0.589561 1.94683 1.19072e+06
0 0.708099 0.589556 1.94843 1.19076e+06
0 0.708634 0.589589 1.95151 1.19079e+06
0 0.710993 0.591787 1.95017 1.19082e+06
0 0.712943 0.593668 1.95216 1.19086e+06
0 0.71476 0.593609 1.9502 1.19089e+06

