Gesto: 0
0 0.535646 0.348887 1.61085 255222
0 0.53402 0.348469 1.61015 255256
0 0.532471 0.348091 1.60667 255288
0 0.531529 0.347118 1.60742 255319
0 0.532726 0.346598 1.60455 255369
0 0.533399 0.343461 1.5995 255402
0 0.532468 0.338795 1.59794 255435
0 0.533548 0.334933 1.59083 255468
0 0.534698 0.327896 1.58978 255502
0 0.536409 0.320212 1.58823 255520
0 0.538794 0.313836 1.58744 255569
0 0.542642 0.308217 1.58269 255602
0 0.547068 0.300509 1.5821 255634
0 0.551456 0.292966 1.57994 255667
0 0.554549 0.28791 1.57966 255700
0 0.55903 0.283241 1.57856 255733
0 0.566107 0.280489 1.5765 255764
0 0.572034 0.278179 1.57649 255798
0 0.57858 0.277889 1.57523 255830
0 0.585555 0.277967 1.57735 255863
0 0.592173 0.277094 1.57652 255897
0 0.599833 0.277299 1.57827 255929
0 0.60785 0.282049 1.58151 255962
0 0.61327 0.286737 1.58138 255994
0 0.619232 0.291168 1.58093 256027
0 0.625043 0.297727 1.58531 256061
0 0.63044 0.304305 1.5876 256093
0 0.633091 0.313557 1.59179 256125
0 0.636825 0.324434 1.59131 256158
0 0.638699 0.336235 1.59318 256192
0 0.637621 0.34606 1.5955 256225
0 0.636482 0.356661 1.59987 256257
0 0.633838 0.367948 1.60242 256290
0 0.629734 0.378742 1.606 256323
0 0.627083 0.38842 1.6056 256357
0 0.621919 0.396627 1.60619 256390
0 0.616653 0.401869 1.60637 256423
0 0.611223 0.406006 1.60601 256457
0 0.605876 0.40879 1.60694 256490
0 0.597588 0.41051 1.60522 256539
0 0.591328 0.410582 1.60339 256556
0 0.586361 0.41147 1.60334 256590
0 0.580456 0.41077 1.60031 256624
0 0.574361 0.409445 1.59568 256655
0 0.569095 0.403865 1.5916 256689
0 0.564841 0.401659 1.58738 256739
0 0.559874 0.398134 1.58518 256757
0 0.556814 0.39566 1.58291 256789
0 0.553893 0.390758 1.57889 256823
0 0.551424 0.386879 1.5748 256856
0 0.549941 0.379501 1.57186 256907
0 0.54862 0.375768 1.57213 256924
0 0.546289 0.370746 1.57196 256958
0 0.545075 0.365202 1.56576 256992
0 0.543168 0.35937 1.56354 257027
0 0.542873 0.35494 1.56057 257060

1 0.597573 0.339022 1.55181 259869
1 0.598272 0.337441 1.54656 259904
1 0.59893 0.334654 1.54502 259937
1 0.597871 0.33082 1.54561 259971
1 0.6009 0.328584 1.54076 260003
1 0.602185 0.322938 1.54039 260036
1 0.604872 0.318007 1.53732 260068
1 0.606674 0.312204 1.53399 260102
1 0.609774 0.306692 1.5302 260136
1 0.612667 0.29881 1.52739 260168
1 0.615731 0.292164 1.5268 260202
1 0.621414 0.288223 1.52602 260234
1 0.626572 0.282274 1.52654 260267
1 0.633125 0.277019 1.52535 260299
1 0.640598 0.273459 1.52587 260332
1 0.64854 0.271399 1.52871 260365
1 0.655445 0.269966 1.53302 260398
1 0.663827 0.269766 1.53467 260436
1 0.6702 0.270577 1.53685 260478
1 0.679857 0.271096 1.53901 260494
1 0.687644 0.272963 1.54391 260527
1 0.6962 0.27947 1.54842 260561
1 0.703583 0.28659 1.55339 260595
1 0.709635 0.297346 1.55939 260629
1 0.714253 0.306533 1.56325 260661
1 0.717414 0.317185 1.56816 260694
1 0.719552 0.327161 1.57299 260727
1 0.720643 0.339046 1.57275 260761
1 0.720576 0.348494 1.57334 260795
1 0.716871 0.356989 1.57309 260829
1 0.714073 0.367729 1.5721 260863
1 0.70814 0.373718 1.57153 260897
1 0.70433 0.378021 1.57164 260931
1 0.700042 0.386406 1.57356 260965
1 0.69512 0.39103 1.57101 260998
1 0.689449 0.39424 1.56703 261032
1 0.683373 0.395742 1.5654 261066
1 0.67775 0.397171 1.56355 261099
1 0.672255 0.397993 1.55999 261133
1 0.666487 0.397869 1.55636 261167
1 0.660688 0.397138 1.5532 261201
1 0.656261 0.394464 1.54784 261234
1 0.650371 0.391165 1.54348 261267
1 0.646524 0.388543 1.54148 261301
1 0.642751 0.384878 1.53735 261335
1 0.639541 0.381193 1.53261 261369
1 0.635529 0.37687 1.52964 261403
1 0.632948 0.374143 1.52272 261436
1 0.630013 0.369236 1.51675 261470
1 0.627394 0.364369 1.5144 261504
1 0.62466 0.359015 1.51033 261538
1 0.622955 0.353101 1.50865 261572
1 0.621663 0.349256 1.50739 261606
1 0.620544 0.346866 1.50731 261640
1 0.618767 0.342371 1.50886 261674
1 0.618901 0.338688 1.50797 261708
1 0.616917 0.335861 1.50766 261742
1 0.615826 0.331882 1.50577 261776
1 0.615288 0.329002 1.50579 261793
1 0.614651 0.325085 1.50388 261826

2 0.693038 0.350817 1.56988 264530
2 0.690629 0.346742 1.56815 264564
2 0.689834 0.343979 1.57096 264598
2 0.689253 0.341794 1.56414 264633
2 0.688404 0.339292 1.55985 264666
2 0.689084 0.333883 1.55921 264698
2 0.689695 0.329914 1.55957 264732
2 0.692013 0.326299 1.55416 264766
2 0.692038 0.319717 1.55281 264799
2 0.692656 0.315524 1.55363 264833
2 0.696321 0.31325 1.55503 264867
2 0.698154 0.311436 1.55658 264901
2 0.703168 0.309413 1.55755 264934
2 0.707574 0.306034 1.55824 264973
2 0.710979 0.302094 1.55875 265011
2 0.715834 0.299949 1.55757 265043
2 0.720639 0.298851 1.55682 265060
2 0.724088 0.299309 1.55849 265110
2 0.730204 0.298869 1.55678 265144
2 0.734039 0.298271 1.55754 265162
2 0.739742 0.302365 1.56101 265212
2 0.744505 0.306149 1.56411 265229
2 0.748825 0.309927 1.5681 265277
2 0.754129 0.315336 1.57199 265310
2 0.757566 0.319426 1.57435 265344
2 0.761111 0.326185 1.58029 265378
2 0.764069 0.334148 1.58613 265412
2 0.764754 0.343668 1.59041 265429
2 0.766779 0.352868 1.59498 265480
2 0.766223 0.360205 1.59626 265497
2 0.76555 0.368143 1.60029 265530
2 0.762986 0.37284 1.59959 265581
2 0.76267 0.376547 1.59925 265598
2 0.760232 0.380523 1.59426 265631
2 0.757548 0.386092 1.59485 265665
2 0.754567 0.389674 1.59221 265699
2 0.751216 0.39329 1.59394 265733
2 0.749537 0.394931 1.59486 265766
2 0.747212 0.396496 1.59619 265799
2 0.743038 0.400033 1.59491 265832
2 0.739459 0.399036 1.59481 265866
2 0.737635 0.400936 1.59621 265900
2 0.735061 0.401532 1.59949 265933
2 0.730142 0.397811 1.59546 265967
2 0.727007 0.397424 1.59062 266001
2 0.722948 0.395799 1.58846 266035
2 0.720908 0.394931 1.586 266068
2 0.71908 0.393617 1.58539 266102
2 0.715982 0.388684 1.58309 266136
2 0.713849 0.387909 1.58091 266169
2 0.710819 0.385997 1.57435 266203
2 0.707928 0.382714 1.57348 266237
2 0.706267 0.37924 1.57184 266270
2 0.703896 0.373704 1.56943 266303
2 0.701941 0.370559 1.5672 266336
2 0.700764 0.368599 1.56504 266368
2 0.699521 0.366452 1.56423 266401
2 0.698306 0.362317 1.56412 266436
2 0.696136 0.358891 1.56037 266469
2 0.695467 0.357042 1.56058 266502
2 0.694256 0.355479 1.56175 266535
2 0.692046 0.353909 1.56004 266569
2 0.690561 0.347739 1.55897 266603

3 0.612609 0.490745 1.62135 279490
3 0.610937 0.492483 1.62119 279511
3 0.609179 0.491845 1.62011 279545
3 0.607116 0.492093 1.62007 279579
3 0.604802 0.493256 1.62058 279613
3 0.602899 0.492207 1.62342 279647
3 0.600171 0.493433 1.61946 279681
3 0.595609 0.491175 1.61789 279715
3 0.593368 0.490041 1.6164 279749
3 0.590551 0.486101 1.61492 279783
3 0.587881 0.482678 1.60705 279817
3 0.583807 0.476435 1.59995 279851
3 0.580889 0.468392 1.59716 279884
3 0.579666 0.461981 1.59215 279917
3 0.57965 0.45482 1.5885 279950
3 0.580617 0.449166 1.58515 279984
3 0.580017 0.439698 1.57893 280017
3 0.582442 0.432615 1.57765 280051
3 0.585519 0.426132 1.57523 280083
3 0.589064 0.420508 1.57045 280117
3 0.592879 0.415164 1.56876 280151
3 0.598289 0.4116 1.56768 280185
3 0.602962 0.408192 1.56834 280219
3 0.60898 0.402807 1.55841 280253
3 0.614645 0.400971 1.56049 280287
3 0.619561 0.398355 1.56097 280321
3 0.625133 0.395808 1.5626 280355
3 0.63219 0.395499 1.56416 280389
3 0.638631 0.397689 1.56931 280423
3 0.64382 0.402085 1.57096 280457
3 0.65015 0.40734 1.57902 280491
3 0.653577 0.411642 1.58633 280525
3 0.657151 0.41845 1.59252 280541
3 0.658298 0.425683 1.5991 280592
3 0.66056 0.433243 1.60403 280609
3 0.663495 0.443047 1.61409 280641
3 0.662814 0.452955 1.61691 280692
3 0.661969 0.462363 1.62119 280724
3 0.661946 0.472003 1.62716 280757
3 0.659888 0.478282 1.63144 280791
3 0.655939 0.487922 1.63564 280824
3 0.652146 0.495207 1.6342 280857
3 0.649496 0.502465 1.63586 280890
3 0.644514 0.509815 1.6364 280923
3 0.641294 0.51759 1.63686 280956
3 0.638601 0.522628 1.63302 280990
3 0.633873 0.52633 1.63294 281025
3 0.630177 0.528178 1.63101 281057
3 0.627822 0.528162 1.62457 281091
3 0.622805 0.528754 1.62542 281108
3 0.617545 0.528167 1.61859 281159
3 0.616221 0.528414 1.62112 281192
3 0.613253 0.524487 1.61898 281208
3 0.609711 0.518831 1.61515 281258
3 0.60811 0.515895 1.61707 281290
3 0.605709 0.50891 1.61331 281322
3 0.604255 0.504681 1.60753 281356
3 0.603062 0.499381 1.60422 281389
3 0.603073 0.49554 1.60845 281423
3 0.600854 0.489162 1.60382 281455
3 0.598712 0.481716 1.60145 281487

4 0.697022 0.44689 1.62353 283854
4 0.695787 0.445673 1.62065 283888
4 0.694976 0.447983 1.61899 283922
4 0.692635 0.446902 1.61544 283956
4 0.69212 0.446552 1.61568 283990
4 0.691473 0.444669 1.61433 284024
4 0.691219 0.441932 1.60687 284057
4 0.68974 0.437967 1.60053 284091
4 0.690114 0.436091 1.59945 284125
4 0.691323 0.432167 1.59962 284159
4 0.693484 0.427271 1.59855 284193
4 0.693987 0.42223 1.59568 284227
4 0.696606 0.417269 1.59476 284243
4 0.700075 0.412979 1.59214 284293
4 0.703044 0.410077 1.58976 284326
4 0.707018 0.405319 1.59043 284359
4 0.711574 0.401089 1.59032 284393
4 0.716963 0.399548 1.59273 284426
4 0.72201 0.398804 1.59344 284460
4 0.72795 0.398349 1.595 284494
4 0.732063 0.398605 1.59641 284528
4 0.738773 0.400988 1.59876 284562
4 0.742675 0.400655 1.59934 284596
4 0.747209 0.403575 1.60523 284613
4 0.751019 0.408014 1.61104 284647
4 0.755227 0.41354 1.61448 284682
4 0.757911 0.416214 1.61954 284714
4 0.759574 0.422331 1.62158 284747
4 0.761064 0.428819 1.62764 284779
4 0.760488 0.434797 1.63057 284812
4 0.759998 0.438856 1.63061 284863
4 0.759551 0.446028 1.63318 284880
4 0.7589 0.451478 1.63636 284914
4 0.755325 0.456485 1.64048 284947
4 0.754128 0.461157 1.64337 284981
4 0.750909 0.464658 1.6529 285014
4 0.74633 0.466051 1.65173 285048
4 0.743437 0.46785 1.65023 285082
4 0.739157 0.472247 1.65192 285117
4 0.735927 0.471417 1.65241 285150
4 0.732715 0.470131 1.65058 285183
4 0.729602 0.469278 1.64707 285216
4 0.72516 0.471325 1.64959 285249
4 0.722012 0.470173 1.64723 285282
4 0.720072 0.47037 1.64398 285315
4 0.715478 0.46919 1.64084 285348
4 0.711498 0.467808 1.63847 285382
4 0.709019 0.466169 1.63708 285414
4 0.707483 0.466068 1.63241 285448
4 0.705166 0.464353 1.62835 285482
4 0.700578 0.461222 1.61822 285515
4 0.696835 0.458776 1.6121 285550
4 0.694252 0.456851 1.60802 285581
4 0.693517 0.454608 1.60585 285631
4 0.693347 0.453322 1.60242 285648

5 0.425896 0.381656 1.54458 291961
5 0.425035 0.381828 1.54613 292002
5 0.420566 0.381285 1.54584 292024
5 0.41784 0.380548 1.54507 292058
5 0.415388 0.380259 1.5434 292092
5 0.414054 0.379809 1.54442 292126
5 0.410934 0.377066 1.54571 292158
5 0.408893 0.373901 1.54631 292192
5 0.406281 0.37045 1.54546 292226
5 0.40457 0.368164 1.54496 292258
5 0.401178 0.362816 1.54173 292291
5 0.39799 0.358106 1.53642 292324
5 0.39776 0.350801 1.53455 292357
5 0.397915 0.347057 1.5357 292389
5 0.398418 0.339204 1.53153 292422
5 0.3973 0.333147 1.52875 292454
5 0.398546 0.325616 1.52238 292488
5 0.400885 0.319991 1.52127 292521
5 0.403133 0.314058 1.51889 292556
5 0.404933 0.307169 1.51523 292589
5 0.407373 0.299228 1.51376 292623
5 0.411126 0.293244 1.51363 292658
5 0.414628 0.286141 1.51129 292691
5 0.419185 0.28141 1.50966 292725
5 0.422678 0.277687 1.50832 292758
5 0.425435 0.2751 1.50827 292792
5 0.430392 0.273849 1.50945 292826
5 0.43445 0.273073 1.50925 292859
5 0.438388 0.272147 1.51013 292893
5 0.442728 0.272755 1.50901 292926
5 0.447482 0.274262 1.50764 292960
5 0.452214 0.275408 1.50766 292994
5 0.454799 0.280552 1.50698 293028
5 0.460014 0.284476 1.50661 293062
5 0.463656 0.288639 1.5078 293094
5 0.465727 0.294264 1.50833 293127
5 0.466988 0.302785 1.50928 293161
5 0.467865 0.308047 1.50969 293194
5 0.469084 0.313277 1.50906 293227
5 0.470246 0.320487 1.51248 293261
5 0.470341 0.327599 1.51593 293292
5 0.470342 0.334743 1.51917 293325
5 0.469983 0.3415 1.52103 293359
5 0.469046 0.347502 1.52222 293391
5 0.467254 0.351902 1.52023 293424
5 0.465114 0.354648 1.52056 293457
5 0.461912 0.360234 1.5204 293488
5 0.459967 0.363559 1.52085 293521
5 0.458715 0.365606 1.52086 293553
5 0.457632 0.36713 1.52413 293587
5 0.456312 0.369045 1.52432 293621
5 0.454489 0.370406 1.52575 293655
5 0.452098 0.371572 1.52365 293689
5 0.449783 0.373172 1.52466 293723
5 0.447649 0.373619 1.5234 293756
5 0.445857 0.372856 1.5205 293789
5 0.443269 0.372505 1.52201 293822
5 0.441419 0.372454 1.52263 293856
5 0.43866 0.371754 1.52649 293890
5 0.437334 0.371546 1.52494 293924
5 0.435688 0.372361 1.52387 293958
5 0.434738 0.372696 1.52488 293991
5 0.431914 0.373266 1.52291 294025
5 0.430301 0.373531 1.51912 294057
5 0.429209 0.37331 1.51705 294090
5 0.4276 0.372046 1.51771 294123
5 0.426999 0.371711 1.51745 294158
5 0.425535 0.37234 1.51864 294191
5 0.424948 0.373015 1.51892 294223

6 0.486335 0.500044 1.59329 298307
6 0.485552 0.502286 1.59238 298324
6 0.485571 0.504069 1.59362 298358
6 0.483194 0.50277 1.58916 298392
6 0.481057 0.502765 1.58946 298426
6 0.478741 0.501418 1.58709 298460
6 0.475097 0.499823 1.58473 298494
6 0.471194 0.497702 1.57917 298528
6 0.469349 0.494525 1.57785 298562
6 0.468536 0.490888 1.57597 298595
6 0.466452 0.487544 1.57556 298629
6 0.464449 0.48167 1.57197 298663
6 0.462809 0.476013 1.57025 298697
6 0.463605 0.472175 1.56654 298730
6 0.464666 0.464035 1.56259 298764
6 0.466175 0.458274 1.55929 298797
6 0.466687 0.450129 1.55437 298831
6 0.467717 0.442651 1.55277 298863
6 0.471554 0.43519 1.55324 298895
6 0.475015 0.427208 1.55145 298928
6 0.479803 0.420471 1.54925 298961
6 0.483989 0.414751 1.55009 298994
6 0.488178 0.408186 1.54841 299027
6 0.493633 0.402711 1.54779 299061
6 0.498487 0.399637 1.54727 299094
6 0.504325 0.398021 1.54734 299129
6 0.510102 0.398684 1.54609 299162
6 0.514467 0.398597 1.54339 299194
6 0.517519 0.400355 1.54344 299228
6 0.520216 0.405231 1.54168 299261
6 0.525341 0.412133 1.55024 299295
6 0.527442 0.41785 1.55384 299327
6 0.528195 0.426711 1.55651 299361
6 0.528806 0.435635 1.56245 299395
6 0.528369 0.444622 1.56611 299428
6 0.527109 0.452444 1.56709 299462
6 0.525693 0.460145 1.57181 299495
6 0.526083 0.470515 1.57735 299528
6 0.524123 0.475688 1.57819 299559
6 0.521417 0.481343 1.58215 299593
6 0.518817 0.485959 1.58305 299627
6 0.517307 0.491447 1.58425 299661
6 0.516556 0.495916 1.58739 299695
6 0.515578 0.498401 1.58533 299728
6 0.513274 0.500227 1.58283 299761
6 0.511002 0.501541 1.58002 299794
6 0.507858 0.502396 1.58314 299827
6 0.504853 0.505012 1.58486 299861
6 0.503052 0.504269 1.58332 299895
6 0.501852 0.504929 1.57871 299929
6 0.50145 0.503964 1.57644 299963
6 0.500588 0.504905 1.57735 299996
6 0.498311 0.502865 1.57696 300028

7 0.772587 0.36837 1.47402 334926
7 0.77156 0.368809 1.47338 334961
7 0.77118 0.368567 1.47501 334994
7 0.771737 0.368607 1.47534 335028
7 0.770931 0.367089 1.47455 335062
7 0.769114 0.364953 1.47076 335096
7 0.767256 0.363721 1.46741 335130
7 0.765676 0.359855 1.46537 335164
7 0.764138 0.356187 1.46166 335198
7 0.76059 0.353058 1.45829 335232
7 0.757533 0.347831 1.45377 335266
7 0.755606 0.342919 1.45132 335300
7 0.754535 0.336655 1.44887 335333
7 0.75361 0.327735 1.44367 335367
7 0.753003 0.31936 1.43862 335401
7 0.753793 0.311042 1.43591 335435
7 0.755545 0.303678 1.43233 335469
7 0.757348 0.29658 1.42877 335503
7 0.75919 0.289976 1.42771 335537
7 0.763122 0.283537 1.42637 335554
7 0.766601 0.276121 1.42453 335604
7 0.76948 0.269098 1.42116 335621
7 0.77517 0.264562 1.42216 335671
7 0.78241 0.262569 1.42455 335705
7 0.788638 0.26027 1.42988 335723
7 0.794391 0.256646 1.43021 335773
7 0.798931 0.25431 1.43128 335791
7 0.803978 0.253506 1.43141 335824
7 0.809283 0.256253 1.43482 335858
7 0.814657 0.259816 1.43596 335891
7 0.821503 0.265447 1.44174 335925
7 0.825653 0.271579 1.4438 335958
7 0.830079 0.277941 1.44633 335992
7 0.832461 0.286251 1.44973 336024
7 0.833254 0.296701 1.45066 336066
7 0.834001 0.30431 1.44903 336103
7 0.835163 0.313121 1.45034 336136
7 0.83491 0.323415 1.45259 336171
7 0.834892 0.33456 1.45405 336204
7 0.833928 0.342658 1.4637 336237
7 0.831509 0.351844 1.46746 336270
7 0.829846 0.358385 1.4682 336304
7 0.825856 0.367221 1.46965 336336
7 0.821698 0.372422 1.46735 336370
7 0.817972 0.38009 1.46982 336404
7 0.815127 0.385081 1.47228 336438
7 0.81155 0.388764 1.47523 336471
7 0.807659 0.392594 1.47086 336504
7 0.804182 0.39699 1.47297 336537
7 0.800221 0.399724 1.47077 336570
7 0.795251 0.40021 1.46775 336603
7 0.7905 0.401312 1.46784 336636
7 0.786062 0.401385 1.46399 336669
7 0.783135 0.400077 1.46134 336702
7 0.778533 0.397163 1.45468 336735
7 0.775615 0.395361 1.45387 336769
7 0.772104 0.393318 1.45232 336800
7 0.768463 0.392025 1.44714 336834
7 0.765779 0.38737 1.44404 336867
7 0.764631 0.384369 1.44242 336901
7 0.762494 0.381765 1.43917 336934
7 0.76001 0.377613 1.43473 336968
7 0.756954 0.37501 1.43568 337001
7 0.755413 0.37327 1.43489 337035
7 0.753929 0.372038 1.43475 337068

8 0.551377 0.315828 1.72389 359347
8 0.549844 0.315471 1.72683 359379
8 0.5484 0.316212 1.72938 359412
8 0.547514 0.31645 1.7296 359445
8 0.544218 0.315494 1.72799 359479
8 0.538982 0.31052 1.72339 359512
8 0.536568 0.306073 1.72511 359545
8 0.532699 0.302265 1.72793 359577
8 0.528996 0.295146 1.72719 359610
8 0.526083 0.290599 1.72711 359643
8 0.524328 0.281577 1.72686 359677
8 0.523721 0.27535 1.72948 359710
8 0.523242 0.26607 1.72915 359743
8 0.524231 0.255834 1.73214 359776
8 0.527867 0.247723 1.73474 359827
8 0.531728 0.239636 1.73542 359844
8 0.534146 0.231137 1.73526 359878
8 0.537821 0.221752 1.74267 359912
8 0.541256 0.213908 1.74657 359946
8 0.548079 0.209813 1.74497 359980
8 0.553796 0.206862 1.74613 360013
8 0.558295 0.204377 1.74402 360046
8 0.564039 0.203795 1.74321 360080
8 0.571868 0.204326 1.74349 360114
8 0.579648 0.205732 1.744 360148
8 0.586241 0.208826 1.74035 360180
8 0.590437 0.213996 1.7384 360214
8 0.59327 0.220473 1.73175 360248
8 0.598036 0.228756 1.72943 360282
8 0.599956 0.235142 1.72476 360316
8 0.601582 0.244243 1.7241 360350
8 0.60192 0.256677 1.72372 360384
8 0.602407 0.265456 1.7195 360418
8 0.600491 0.274853 1.71949 360452
8 0.599441 0.282132 1.71734 360486
8 0.596489 0.292022 1.71474 360521
8 0.593678 0.298963 1.7106 360554
8 0.591174 0.30322 1.70542 360588
8 0.587647 0.309734 1.70612 360621
8 0.586514 0.313742 1.70628 360654
8 0.582871 0.31804 1.70243 360688
8 0.580494 0.319793 1.69773 360722
8 0.578143 0.322802 1.69329 360755
8 0.576112 0.324351 1.69198 360789
8 0.574064 0.328421 1.69545 360823
8 0.572878 0.331561 1.69776 360857
8 0.570001 0.329514 1.69538 360890
8 0.568332 0.327639 1.69282 360923
8 0.564478 0.324992 1.69167 360957
8 0.561579 0.322849 1.69098 360991
8 0.56065 0.322031 1.69107 361023
8 0.55823 0.317063 1.68856 361056
8 0.555501 0.313504 1.68661 361090
8 0.553404 0.312558 1.68668 361124
8 0.549848 0.309686 1.68721 361158
8 0.547589 0.308321 1.69142 361190
8 0.546877 0.307743 1.69279 361223
8 0.546291 0.307378 1.69537 361257

9 0.716373 0.30955 1.6791 363854
9 0.714299 0.309679 1.67525 363888
9 0.711004 0.309329 1.67375 363921
9 0.709087 0.308889 1.67383 363954
9 0.707825 0.309091 1.67523 363987
9 0.70397 0.30894 1.6717 364021
9 0.698929 0.309286 1.66841 364054
9 0.693654 0.308884 1.66671 364086
9 0.688887 0.306662 1.66072 364119
9 0.686566 0.307076 1.66174 364153
9 0.683825 0.304292 1.65972 364187
9 0.677257 0.301779 1.65913 364221
9 0.67332 0.299776 1.65799 364255
9 0.668634 0.297501 1.65482 364289
9 0.663487 0.291896 1.65327 364322
9 0.661667 0.287142 1.6525 364356
9 0.65803 0.280183 1.64959 364388
9 0.654907 0.273649 1.64737 364422
9 0.653003 0.266655 1.64796 364456
9 0.651754 0.259566 1.64773 364490
9 0.651327 0.253101 1.64358 364524
9 0.651861 0.244997 1.64432 364557
9 0.652817 0.240091 1.64729 364590
9 0.654582 0.232964 1.64655 364624
9 0.657589 0.227352 1.64414 364658
9 0.659082 0.221802 1.64319 364692
9 0.662126 0.216269 1.64371 364725
9 0.663629 0.211159 1.64079 364759
9 0.667099 0.208582 1.64315 364792
9 0.671253 0.203699 1.64472 364826
9 0.673852 0.199967 1.64253 364860
9 0.677018 0.19615 1.64582 364894
9 0.681444 0.195483 1.64689 364927
9 0.687917 0.196003 1.6499 364959
9 0.69336 0.198678 1.65213 364992
9 0.699625 0.201241 1.65434 365025
9 0.702147 0.204321 1.65531 365059
9 0.70457 0.208153 1.65505 365093
9 0.709381 0.213955 1.6539 365126
9 0.713807 0.220367 1.65413 365161
9 0.71573 0.227288 1.65431 365192
9 0.717014 0.235045 1.65243 365226
9 0.717469 0.242806 1.64948 365259
9 0.720717 0.247222 1.65044 365292
9 0.72284 0.256271 1.64786 365325
9 0.722778 0.262496 1.64496 365358
9 0.722424 0.272251 1.64584 365392
9 0.720697 0.278117 1.64286 365425
9 0.719975 0.282197 1.6431 365459
9 0.718341 0.286475 1.64129 365491
9 0.716979 0.291344 1.64054 365523
9 0.712317 0.294703 1.63796 365557
9 0.710538 0.298024 1.64042 365589
9 0.706648 0.300541 1.63788 365622
9 0.704134 0.301571 1.63547 365656
9 0.703827 0.303785 1.63562 365690
9 0.702252 0.309108 1.63272 365725
9 0.698707 0.311704 1.63095 365758
9 0.695238 0.313271 1.62882 365793
9 0.69355 0.31401 1.62757 365825

