Gesto: 0
0 0.553423 0.322722 1.28206 1.6432e+06
0 0.553204 0.322617 1.28119 1.64323e+06
0 0.55313 0.320249 1.27785 1.64327e+06
0 0.553858 0.317502 1.27872 1.6433e+06
0 0.554421 0.311708 1.27893 1.64333e+06
0 0.556574 0.304519 1.28023 1.64337e+06
0 0.56105 0.295386 1.28143 1.6434e+06
0 0.565571 0.28877 1.28177 1.64344e+06
0 0.572236 0.283898 1.28771 1.64347e+06
0 0.58078 0.279186 1.29467 1.6435e+06
0 0.590067 0.277747 1.29736 1.64354e+06
0 0.599761 0.282003 1.29886 1.64357e+06
0 0.608867 0.289785 1.30059 1.6436e+06
0 0.616864 0.299281 1.30227 1.64364e+06
0 0.623313 0.313217 1.30262 1.64367e+06
0 0.626868 0.330041 1.30327 1.64369e+06
0 0.627916 0.345448 1.30163 1.64374e+06
0 0.626284 0.362219 1.30096 1.64377e+06
0 0.622059 0.377082 1.2971 1.64379e+06
0 0.615121 0.387875 1.29355 1.64384e+06
0 0.60652 0.394698 1.28879 1.64387e+06
0 0.595451 0.396719 1.28136 1.64391e+06
0 0.584185 0.393308 1.27717 1.64394e+06
0 0.572579 0.384695 1.27185 1.64396e+06
0 0.56335 0.370939 1.26709 1.64401e+06
0 0.555479 0.356615 1.26361 1.64402e+06
0 0.550547 0.339889 1.26101 1.64406e+06
0 0.548219 0.323196 1.26112 1.64411e+06
0 0.547925 0.30655 1.26279 1.64413e+06
0 0.549665 0.29089 1.26492 1.64416e+06
0 0.551824 0.276746 1.26877 1.64419e+06
0 0.554499 0.266114 1.27206 1.64423e+06
0 0.55914 0.256076 1.275 1.64426e+06

1 0.706726 0.299147 1.33456 1.64651e+06
1 0.706587 0.29393 1.33426 1.64654e+06
1 0.708591 0.290651 1.33182 1.64657e+06
1 0.71059 0.290158 1.33248 1.64661e+06
1 0.714497 0.291621 1.3342 1.64664e+06
1 0.717545 0.294079 1.33543 1.64668e+06
1 0.72231 0.298745 1.33698 1.64669e+06
1 0.728583 0.303449 1.34157 1.64674e+06
1 0.733769 0.312949 1.34395 1.64676e+06
1 0.738771 0.325427 1.34756 1.6468e+06
1 0.742751 0.339089 1.34842 1.64684e+06
1 0.744765 0.353078 1.35052 1.64686e+06
1 0.745323 0.366753 1.35219 1.6469e+06
1 0.744442 0.383258 1.35322 1.64694e+06
1 0.741609 0.396158 1.35237 1.64696e+06
1 0.736616 0.409219 1.35081 1.647e+06
1 0.729867 0.419542 1.34609 1.64703e+06
1 0.720561 0.430675 1.33834 1.64706e+06
1 0.711451 0.437678 1.33132 1.6471e+06
1 0.703699 0.438828 1.32 1.64713e+06
1 0.693421 0.441198 1.31218 1.64717e+06
1 0.682329 0.436997 1.30375 1.6472e+06
1 0.673923 0.429815 1.29646 1.64723e+06
1 0.667593 0.4198 1.28954 1.64727e+06
1 0.662096 0.406368 1.28415 1.6473e+06
1 0.659122 0.392057 1.28168 1.64734e+06
1 0.658133 0.378148 1.28052 1.64737e+06
1 0.659145 0.364965 1.27845 1.6474e+06
1 0.660563 0.352651 1.27868 1.64744e+06
1 0.663047 0.34217 1.28234 1.64747e+06
1 0.668372 0.331432 1.28674 1.64751e+06
1 0.671919 0.324044 1.29427 1.64754e+06
1 0.677527 0.318219 1.29955 1.64757e+06
1 0.682691 0.314821 1.30392 1.64761e+06
1 0.687703 0.313717 1.30794 1.64764e+06
1 0.691694 0.314153 1.3126 1.64768e+06
1 0.696646 0.317504 1.31409 1.64771e+06
1 0.700271 0.320984 1.3173 1.64774e+06
1 0.703123 0.32749 1.31945 1.64778e+06

2 0.621275 0.266446 1.29106 1.65808e+06
2 0.620282 0.265896 1.28872 1.65812e+06
2 0.619206 0.264264 1.28854 1.65815e+06
2 0.617932 0.263268 1.28748 1.65819e+06
2 0.615597 0.261255 1.28473 1.65822e+06
2 0.613527 0.257637 1.28663 1.65825e+06
2 0.612607 0.253597 1.28534 1.65827e+06
2 0.611685 0.248228 1.28619 1.65831e+06
2 0.611125 0.24454 1.28782 1.65834e+06
2 0.610657 0.239631 1.28961 1.65837e+06
2 0.61095 0.233792 1.29342 1.65841e+06
2 0.611189 0.227933 1.2979 1.65844e+06
2 0.612463 0.221793 1.30074 1.65847e+06
2 0.613687 0.216911 1.30459 1.65851e+06
2 0.614933 0.21127 1.30982 1.65854e+06
2 0.616818 0.207248 1.31344 1.65857e+06
2 0.61808 0.204144 1.31896 1.65861e+06
2 0.620688 0.200415 1.32314 1.65864e+06
2 0.623184 0.197785 1.32786 1.65867e+06
2 0.626126 0.196968 1.33464 1.65871e+06
2 0.629648 0.195961 1.34108 1.65874e+06
2 0.632302 0.193996 1.34436 1.65877e+06
2 0.635759 0.193943 1.34751 1.65881e+06
2 0.639777 0.194836 1.3489 1.65884e+06
2 0.642814 0.195647 1.35095 1.65888e+06
2 0.645754 0.199395 1.35511 1.65891e+06
2 0.648188 0.203027 1.35621 1.65894e+06
2 0.651536 0.207978 1.35639 1.65898e+06
2 0.654936 0.212774 1.35731 1.65901e+06
2 0.658376 0.219148 1.3578 1.65904e+06
2 0.661505 0.223635 1.35735 1.65908e+06
2 0.664294 0.228412 1.35393 1.65911e+06
2 0.666576 0.234495 1.35111 1.65914e+06
2 0.666569 0.242176 1.34927 1.65918e+06
2 0.667132 0.25005 1.34695 1.65921e+06
2 0.666955 0.256765 1.34459 1.65924e+06
2 0.665329 0.262753 1.3391 1.65928e+06
2 0.664282 0.267982 1.33681 1.65931e+06
2 0.662936 0.272604 1.33315 1.65934e+06
2 0.661665 0.278491 1.33126 1.65938e+06
2 0.659581 0.284517 1.33042 1.65941e+06
2 0.655565 0.28952 1.32764 1.65944e+06
2 0.651905 0.294271 1.32417 1.65948e+06
2 0.646899 0.295604 1.31925 1.65951e+06
2 0.643109 0.297587 1.31512 1.65954e+06
2 0.638943 0.299022 1.31127 1.65958e+06
2 0.634567 0.298826 1.30851 1.65961e+06
2 0.630302 0.297464 1.30724 1.65964e+06
2 0.626373 0.296997 1.30477 1.65968e+06
2 0.623057 0.294266 1.30081 1.65971e+06
2 0.618723 0.291425 1.29754 1.65974e+06
2 0.614644 0.290203 1.29912 1.65978e+06
2 0.61143 0.287941 1.30088 1.65981e+06
2 0.609282 0.284022 1.29951 1.65984e+06
2 0.606966 0.279615 1.29869 1.65988e+06
2 0.606314 0.275647 1.29939 1.65991e+06
2 0.606059 0.271567 1.29903 1.65994e+06
2 0.607018 0.266628 1.29998 1.65998e+06
2 0.607967 0.2617 1.29836 1.66001e+06
2 0.609171 0.257949 1.29819 1.66004e+06
2 0.610539 0.254581 1.2991 1.66008e+06
2 0.612763 0.25232 1.30221 1.66011e+06

3 0.735221 0.215199 1.4324 1.66188e+06
3 0.736385 0.214808 1.43265 1.66192e+06
3 0.737574 0.217129 1.4343 1.66195e+06
3 0.739886 0.21992 1.43689 1.66198e+06
3 0.745107 0.221372 1.43937 1.66202e+06
3 0.748619 0.227554 1.44121 1.66205e+06
3 0.751613 0.234911 1.44081 1.66209e+06
3 0.754499 0.23971 1.44427 1.66212e+06
3 0.755777 0.249301 1.44517 1.66215e+06
3 0.755791 0.257174 1.44178 1.66219e+06
3 0.754063 0.266126 1.44021 1.66222e+06
3 0.75196 0.276319 1.43699 1.66226e+06
3 0.74997 0.283669 1.43118 1.66227e+06
3 0.746038 0.293184 1.42338 1.66232e+06
3 0.741283 0.299567 1.41624 1.66234e+06
3 0.735851 0.30432 1.40645 1.66238e+06
3 0.729748 0.306062 1.40004 1.66241e+06
3 0.723195 0.303639 1.38812 1.66244e+06
3 0.715499 0.299422 1.38186 1.66248e+06
3 0.709422 0.29035 1.37517 1.66251e+06
3 0.70466 0.279245 1.36749 1.66254e+06
3 0.700774 0.268 1.36668 1.66258e+06
3 0.700015 0.255748 1.36591 1.66261e+06
3 0.700609 0.246936 1.36635 1.66265e+06
3 0.703507 0.240663 1.36723 1.66268e+06
3 0.70643 0.235995 1.37267 1.66271e+06
3 0.709492 0.233036 1.37428 1.66275e+06
3 0.714372 0.232168 1.37909 1.66278e+06
3 0.718628 0.234348 1.38083 1.66281e+06
3 0.720818 0.235803 1.3824 1.66285e+06
3 0.722956 0.239678 1.38715 1.66288e+06
3 0.726483 0.242814 1.38706 1.66292e+06
3 0.728359 0.247366 1.39078 1.66295e+06
3 0.729939 0.250431 1.39337 1.66298e+06
3 0.731687 0.254136 1.39389 1.66302e+06
3 0.733056 0.257832 1.39366 1.66305e+06
3 0.733209 0.261698 1.39604 1.66308e+06
3 0.73358 0.264361 1.39988 1.66311e+06
3 0.733602 0.26499 1.40263 1.66315e+06

4 0.671958 0.578661 1.33436 1.66739e+06
4 0.671216 0.577349 1.3316 1.66742e+06
4 0.670205 0.576463 1.32854 1.66745e+06
4 0.666742 0.574581 1.32049 1.66749e+06
4 0.663813 0.571996 1.31288 1.66752e+06
4 0.661738 0.566784 1.30414 1.66755e+06
4 0.660133 0.560902 1.29487 1.66759e+06
4 0.660301 0.552049 1.28446 1.66762e+06
4 0.661473 0.542704 1.27442 1.66765e+06
4 0.662708 0.533141 1.2671 1.66768e+06
4 0.664989 0.523847 1.26156 1.66772e+06
4 0.66872 0.512905 1.25831 1.66775e+06
4 0.672849 0.503675 1.25565 1.66778e+06
4 0.678201 0.496215 1.25431 1.66782e+06
4 0.682952 0.489604 1.2557 1.66785e+06
4 0.688581 0.485572 1.25699 1.66788e+06
4 0.693223 0.483328 1.25903 1.66792e+06
4 0.698911 0.480863 1.26275 1.66795e+06
4 0.703005 0.480354 1.26821 1.66798e+06
4 0.707074 0.481075 1.27355 1.66802e+06
4 0.71216 0.483793 1.2785 1.66805e+06
4 0.717314 0.487612 1.28454 1.66808e+06
4 0.720933 0.495574 1.29156 1.66812e+06
4 0.723508 0.503779 1.30077 1.66815e+06
4 0.725517 0.513991 1.30964 1.66818e+06
4 0.727155 0.524448 1.31807 1.66822e+06
4 0.727375 0.534701 1.32678 1.66825e+06
4 0.725161 0.544999 1.33444 1.66828e+06
4 0.721942 0.553908 1.341 1.66832e+06
4 0.717895 0.563816 1.34558 1.66835e+06
4 0.712967 0.572115 1.34852 1.66838e+06
4 0.708012 0.578071 1.34953 1.66842e+06
4 0.701341 0.582958 1.35027 1.66845e+06
4 0.695699 0.588421 1.34691 1.66848e+06
4 0.689267 0.589723 1.34149 1.66852e+06
4 0.680338 0.59117 1.33145 1.66855e+06
4 0.674335 0.589075 1.32363 1.66858e+06
4 0.667666 0.586136 1.31159 1.66862e+06
4 0.662399 0.582146 1.30033 1.66865e+06
4 0.658399 0.575505 1.28975 1.66869e+06
4 0.65645 0.567166 1.28083 1.66872e+06
4 0.655007 0.558668 1.27155 1.66875e+06

5 0.517729 0.37725 1.28581 1.67562e+06
5 0.514943 0.382095 1.28499 1.67567e+06
5 0.511566 0.38585 1.2832 1.67568e+06
5 0.506116 0.387754 1.28128 1.67572e+06
5 0.498767 0.388551 1.28009 1.67577e+06
5 0.487905 0.384783 1.27844 1.6758e+06
5 0.476861 0.379575 1.27902 1.67582e+06
5 0.465947 0.371894 1.28099 1.67587e+06
5 0.457303 0.361335 1.28272 1.6759e+06
5 0.449709 0.346681 1.28571 1.67592e+06
5 0.444786 0.331221 1.28848 1.67597e+06
5 0.442736 0.310808 1.29335 1.67598e+06
5 0.443581 0.289766 1.29807 1.67602e+06
5 0.447568 0.267388 1.30566 1.67605e+06
5 0.454342 0.242738 1.31398 1.67608e+06
5 0.463899 0.220302 1.32219 1.67614e+06
5 0.475462 0.200272 1.33209 1.67615e+06
5 0.487553 0.185059 1.34084 1.67619e+06
5 0.501036 0.172903 1.34729 1.67624e+06
5 0.516036 0.165965 1.35369 1.67625e+06
5 0.530379 0.165972 1.35802 1.67628e+06
5 0.545681 0.170395 1.35835 1.67634e+06
5 0.559353 0.178365 1.35422 1.67635e+06
5 0.570098 0.194089 1.34829 1.67639e+06
5 0.578943 0.215398 1.33522 1.67642e+06
5 0.586033 0.240692 1.32433 1.67646e+06
5 0.589653 0.2717 1.30915 1.67649e+06
5 0.588093 0.303344 1.29299 1.67652e+06
5 0.581687 0.333279 1.27896 1.67656e+06
5 0.570901 0.359571 1.26926 1.67659e+06
5 0.55558 0.3791 1.2613 1.67662e+06
5 0.540282 0.391138 1.25586 1.67666e+06
5 0.525658 0.395252 1.25412 1.67669e+06
5 0.51289 0.393184 1.25264 1.67673e+06
5 0.500753 0.385065 1.25205 1.67676e+06
5 0.490059 0.373697 1.25116 1.67679e+06

6 0.705645 0.270424 1.30162 1.67833e+06
6 0.699594 0.257583 1.29839 1.67836e+06
6 0.695146 0.242366 1.29916 1.67839e+06
6 0.69356 0.222371 1.3013 1.67843e+06
6 0.694943 0.205118 1.31358 1.67846e+06
6 0.699026 0.188447 1.33003 1.67849e+06
6 0.707044 0.176585 1.35212 1.67853e+06
6 0.717391 0.17044 1.37331 1.67856e+06
6 0.729864 0.171385 1.39333 1.6786e+06
6 0.744002 0.177247 1.41102 1.67863e+06
6 0.762455 0.178625 1.41925 1.67866e+06
6 0.779911 0.188543 1.42893 1.6787e+06
6 0.798188 0.207647 1.43839 1.67873e+06
6 0.814157 0.239404 1.44238 1.67876e+06
6 0.824384 0.269647 1.44539 1.67879e+06
6 0.830123 0.305823 1.43865 1.67882e+06
6 0.830468 0.346924 1.42487 1.67886e+06
6 0.821584 0.386628 1.40553 1.67889e+06
6 0.806486 0.42065 1.38314 1.67892e+06
6 0.789508 0.443847 1.35759 1.67897e+06
6 0.769267 0.458144 1.32903 1.67899e+06
6 0.74844 0.459311 1.30288 1.67902e+06
6 0.728535 0.450416 1.27941 1.67906e+06
6 0.709521 0.432856 1.26029 1.67909e+06
6 0.693882 0.407793 1.24564 1.67912e+06
6 0.682085 0.377953 1.23518 1.67916e+06
6 0.673671 0.348627 1.23267 1.67919e+06
6 0.668681 0.318234 1.23286 1.67922e+06
6 0.667779 0.287712 1.23726 1.67926e+06
6 0.668491 0.261619 1.24674 1.67929e+06
6 0.673752 0.238505 1.2584 1.67933e+06
6 0.681187 0.219691 1.27269 1.67936e+06
6 0.690678 0.20732 1.28855 1.67939e+06
6 0.700411 0.199691 1.30306 1.67943e+06
6 0.710492 0.196706 1.31749 1.67946e+06
6 0.718477 0.198617 1.32993 1.6795e+06
6 0.727798 0.197502 1.33248 1.67953e+06

7 0.641944 0.549019 1.27079 1.68116e+06
7 0.636151 0.537583 1.25395 1.6812e+06
7 0.6292 0.520325 1.23805 1.68123e+06
7 0.623567 0.496754 1.2213 1.68126e+06
7 0.617871 0.466142 1.20817 1.68129e+06
7 0.616199 0.426908 1.19464 1.68133e+06
7 0.61314 0.38762 1.18425 1.68136e+06
7 0.614008 0.348605 1.18431 1.68139e+06
7 0.618324 0.310887 1.19273 1.68143e+06
7 0.624684 0.274645 1.20723 1.68146e+06
7 0.635239 0.244034 1.22695 1.6815e+06
7 0.64707 0.221043 1.24757 1.68153e+06
7 0.660435 0.205919 1.26701 1.68156e+06
7 0.674761 0.198553 1.28676 1.6816e+06
7 0.689213 0.198225 1.30102 1.68163e+06
7 0.704007 0.199733 1.30613 1.68166e+06
7 0.718007 0.206373 1.30955 1.6817e+06
7 0.733127 0.221965 1.31321 1.68173e+06
7 0.746822 0.245385 1.31482 1.68176e+06
7 0.758304 0.276528 1.31935 1.6818e+06
7 0.766685 0.311443 1.31901 1.68183e+06
7 0.771917 0.351681 1.31928 1.68186e+06
7 0.769877 0.392539 1.31775 1.6819e+06
7 0.762332 0.429512 1.31621 1.68193e+06
7 0.750793 0.460843 1.31213 1.68196e+06
7 0.73583 0.485286 1.30424 1.68199e+06
7 0.720455 0.503432 1.29584 1.68202e+06
7 0.704084 0.513772 1.28635 1.68206e+06
7 0.686422 0.518775 1.27353 1.68211e+06
7 0.67062 0.518811 1.25969 1.68212e+06
7 0.655995 0.513995 1.24734 1.68217e+06
7 0.64377 0.506441 1.23502 1.68220e+06
7 0.632946 0.49504 1.22622 1.68224e+06
7 0.624595 0.481678 1.21704 1.68227e+06
7 0.618033 0.465254 1.21067 1.6823e+06
7 0.614811 0.449652 1.20644 1.68234e+06
7 0.611912 0.432548 1.20251 1.68237e+06

8 0.314554 0.274833 1.27654 1.68426e+06
8 0.317836 0.252789 1.28055 1.6843e+06
8 0.323143 0.230231 1.28464 1.68433e+06
8 0.331881 0.206751 1.29011 1.68436e+06
8 0.346765 0.185519 1.29101 1.6844e+06
8 0.359088 0.167057 1.28975 1.68443e+06
8 0.373794 0.155968 1.28479 1.68446e+06
8 0.388466 0.145184 1.27468 1.6845e+06
8 0.402954 0.137819 1.26226 1.68453e+06
8 0.417857 0.135967 1.24749 1.68457e+06
8 0.429792 0.1409 1.22708 1.6846e+06
8 0.440264 0.151712 1.20263 1.68463e+06
8 0.449963 0.169466 1.17341 1.68467e+06
8 0.457731 0.196442 1.14493 1.6847e+06
8 0.464298 0.234525 1.13572 1.68474e+06
8 0.469842 0.278944 1.12825 1.68477e+06
8 0.46943 0.319575 1.12328 1.6848e+06
8 0.461239 0.350943 1.12043 1.68484e+06
8 0.447292 0.370764 1.1215 1.68487e+06
8 0.429246 0.38025 1.12763 1.6849e+06
8 0.410238 0.381806 1.13477 1.68494e+06
8 0.39213 0.376274 1.14226 1.68497e+06
8 0.375439 0.366027 1.14992 1.685e+06
8 0.361239 0.35138 1.15958 1.68503e+06
8 0.349216 0.3327 1.1699 1.68507e+06
8 0.340449 0.31474 1.18003 1.6851e+06
8 0.333715 0.294418 1.19182 1.68513e+06
8 0.329733 0.272309 1.20224 1.68516e+06
8 0.328807 0.250681 1.21015 1.6852e+06
8 0.330581 0.230298 1.21614 1.68523e+06
8 0.339114 0.212467 1.22041 1.68526e+06
8 0.348543 0.19701 1.2245 1.6853e+06
8 0.358372 0.184258 1.22758 1.68533e+06
8 0.36905 0.17464 1.2294 1.68536e+06
8 0.379793 0.167664 1.23153 1.6854e+06
8 0.389644 0.163761 1.23191 1.68543e+06

9 0.560965 0.668264 1.16899 1.68774e+06
9 0.554801 0.665812 1.15219 1.68777e+06
9 0.549182 0.659522 1.13384 1.68780e+06
9 0.545363 0.648064 1.11364 1.68784e+06
9 0.542707 0.63083 1.09316 1.68787e+06
9 0.543615 0.609344 1.07446 1.6879e+06
9 0.546992 0.587164 1.06233 1.68794e+06
9 0.555929 0.557049 1.05616 1.68796e+06
9 0.568451 0.531292 1.05421 1.688e+06
9 0.583387 0.510201 1.05718 1.68804e+06
9 0.599419 0.49764 1.06612 1.68807e+06
9 0.617142 0.490386 1.07913 1.68811e+06
9 0.635623 0.491206 1.09828 1.68814e+06
9 0.651422 0.500112 1.11759 1.68817e+06
9 0.663554 0.515898 1.13593 1.68821e+06
9 0.672408 0.539162 1.15451 1.68824e+06
9 0.676268 0.564874 1.1721 1.68828e+06
9 0.67369 0.589619 1.18467 1.68831e+06
9 0.664075 0.612404 1.18855 1.68834e+06
9 0.650751 0.630451 1.18741 1.68838e+06
9 0.633772 0.644683 1.17728 1.68841e+06
9 0.615337 0.654652 1.16379 1.68844e+06
9 0.598488 0.658917 1.14796 1.68848e+06
9 0.580923 0.658176 1.13053 1.68851e+06
9 0.565733 0.651605 1.11201 1.68855e+06
9 0.551999 0.640548 1.09334 1.68856e+06
9 0.541275 0.623793 1.07602 1.68861e+06
9 0.53352 0.604192 1.06139 1.68863e+06
9 0.529408 0.581639 1.05032 1.68866e+06
9 0.527953 0.560291 1.0395 1.6887e+06

