Gesto: 0
0 0.569526 0.327468 1.68443 351763
0 0.56901 0.327649 1.6871 351781
0 0.568966 0.327844 1.68727 351815
0 0.568986 0.326218 1.68737 351848
0 0.568984 0.325001 1.68265 351882
0 0.568809 0.323667 1.67836 351917
0 0.568898 0.322915 1.67475 351950
0 0.564539 0.322938 1.67329 351984
0 0.56339 0.322522 1.6738 352019
0 0.562876 0.322406 1.67223 352053
0 0.560538 0.319178 1.66834 352087
0 0.558026 0.315561 1.6637 352120
0 0.556685 0.312945 1.66215 352153
0 0.556009 0.311069 1.66139 352186
0 0.555535 0.309723 1.66114 352220
0 0.554475 0.305949 1.66144 352254
0 0.552796 0.301766 1.65662 352288
0 0.551462 0.299054 1.65429 352321
0 0.551731 0.291536 1.65211 352355
0 0.549378 0.286493 1.64758 352389
0 0.548672 0.282917 1.64761 352423
0 0.548557 0.276765 1.64676 352457
0 0.549042 0.272368 1.64763 352491
0 0.551073 0.265254 1.64793 352524
0 0.551904 0.260431 1.64578 352558
0 0.553467 0.255515 1.64854 352591
0 0.554293 0.248202 1.64704 352624
0 0.555529 0.242004 1.64564 352657
0 0.556372 0.238205 1.6473 352691
0 0.560843 0.23397 1.64995 352725
0 0.562736 0.229566 1.65034 352759
0 0.566784 0.225526 1.65452 352794
0 0.569158 0.223151 1.65742 352826
0 0.574277 0.221323 1.65865 352858
0 0.577006 0.219774 1.66219 352892
0 0.579241 0.218714 1.66348 352925
0 0.583184 0.219012 1.66794 352960
0 0.586524 0.219691 1.67089 352991
0 0.590712 0.222198 1.67235 353026
0 0.594771 0.225373 1.67739 353059
0 0.600105 0.227294 1.6841 353093
0 0.603214 0.22886 1.68759 353128
0 0.6053 0.230959 1.68681 353161
0 0.607825 0.233889 1.68784 353195
0 0.61136 0.239532 1.69504 353229
0 0.61267 0.243844 1.69789 353262
0 0.615205 0.246716 1.70159 353296
0 0.615885 0.250534 1.70472 353328
0 0.616529 0.255597 1.70424 353362
0 0.617631 0.260133 1.70432 353393
0 0.618506 0.265378 1.70801 353425
0 0.616928 0.270296 1.70674 353457
0 0.614725 0.273677 1.70174 353492
0 0.612854 0.280693 1.70134 353524
0 0.613359 0.285545 1.70373 353557
0 0.612073 0.288135 1.70095 353590
0 0.610416 0.292319 1.69984 353624
0 0.610062 0.297763 1.69636 353658
0 0.608742 0.301401 1.69751 353691
0 0.604627 0.304637 1.6979 353724
0 0.602771 0.309058 1.69556 353757
0 0.599268 0.311123 1.69419 353790
0 0.597237 0.313715 1.69077 353824
0 0.595092 0.317057 1.6879 353857
0 0.590564 0.320477 1.68424 353890
0 0.586856 0.323162 1.68057 353923
0 0.582717 0.324976 1.6772 353955
0 0.578879 0.327228 1.67334 353989
0 0.576749 0.329053 1.66941 354022
0 0.572772 0.329436 1.66464 354057
0 0.570708 0.33036 1.65982 354090
0 0.56788 0.33074 1.65437 354123
0 0.563534 0.331395 1.64901 354157
0 0.560007 0.332247 1.64843 354190
0 0.556922 0.331138 1.64316 354224

1 0.602046 0.409408 1.63938 357698
1 0.600703 0.40814 1.63982 357732
1 0.60132 0.406243 1.64133 357765
1 0.601982 0.405048 1.63853 357799
1 0.600974 0.405853 1.6356 357833
1 0.599931 0.403639 1.63456 357868
1 0.598418 0.399216 1.63147 357901
1 0.598725 0.39733 1.6319 357917
1 0.599142 0.395127 1.62827 357966
1 0.599965 0.392644 1.63033 357999
1 0.600145 0.390069 1.62997 358033
1 0.601017 0.386271 1.62956 358067
1 0.601897 0.384592 1.62506 358099
1 0.603087 0.380973 1.6248 358131
1 0.604014 0.378456 1.62557 358165
1 0.604574 0.374738 1.62663 358199
1 0.606492 0.370758 1.62689 358233
1 0.608987 0.367987 1.62431 358265
1 0.611773 0.364972 1.62575 358299
1 0.61353 0.363385 1.62697 358333
1 0.615176 0.36171 1.63168 358367
1 0.617869 0.361045 1.63387 358401
1 0.619488 0.360372 1.63643 358419
1 0.620868 0.360361 1.64017 358469
1 0.62324 0.359519 1.64447 358486
1 0.623805 0.36026 1.6443 358520
1 0.625589 0.361649 1.64733 358554
1 0.626881 0.361744 1.65224 358588
1 0.62756 0.362794 1.65356 358622
1 0.628632 0.364764 1.66076 358656
1 0.629402 0.365846 1.66501 358689
1 0.630669 0.369603 1.66432 358723
1 0.633669 0.371491 1.66775 358756
1 0.635607 0.372643 1.67176 358790
1 0.634909 0.372763 1.67241 358825
1 0.635826 0.376556 1.68221 358858
1 0.63676 0.382642 1.68451 358892
1 0.637525 0.385332 1.68672 358926
1 0.63825 0.387186 1.68928 358961
1 0.638227 0.39018 1.69399 358994
1 0.635904 0.391732 1.69667 359028
1 0.635597 0.39721 1.70177 359063
1 0.637139 0.401089 1.69965 359096
1 0.638104 0.402716 1.70348 359130
1 0.63652 0.403303 1.70204 359164
1 0.634464 0.405908 1.70476 359198
1 0.633663 0.409228 1.7022 359232
1 0.632201 0.410563 1.70049 359266
1 0.631663 0.413779 1.70054 359300
1 0.629927 0.417006 1.69708 359334
1 0.629409 0.418611 1.69697 359367
1 0.628557 0.419578 1.69828 359401
1 0.627133 0.419875 1.69901 359435
1 0.624555 0.420144 1.69834 359468
1 0.62129 0.419706 1.69731 359485
1 0.619695 0.419103 1.69469 359536
1 0.617983 0.419898 1.69046 359553
1 0.617245 0.42051 1.68652 359586
1 0.616329 0.420346 1.68482 359637
1 0.615536 0.4206 1.68169 359655
1 0.61247 0.418729 1.68281 359688
1 0.610673 0.420017 1.68233 359737
1 0.609146 0.419322 1.67808 359755
1 0.607891 0.419531 1.67276 359788
1 0.607754 0.419016 1.6743 359822
1 0.607452 0.418589 1.67111 359857
1 0.607035 0.418199 1.66655 359890
1 0.606733 0.417134 1.66509 359924
1 0.605573 0.414873 1.66582 359958
1 0.602983 0.412069 1.66708 359991

2 0.669962 0.271638 1.63243 361593
2 0.66821 0.272049 1.62791 361626
2 0.667218 0.273819 1.62724 361659
2 0.665359 0.274698 1.62523 361694
2 0.663645 0.274513 1.62191 361726
2 0.66177 0.272879 1.62226 361760
2 0.661043 0.271852 1.62314 361794
2 0.659655 0.270272 1.62054 361826
2 0.657735 0.265789 1.61806 361860
2 0.657839 0.262646 1.61531 361894
2 0.656686 0.259226 1.6112 361928
2 0.655904 0.253405 1.61038 361960
2 0.656427 0.248017 1.61174 361994
2 0.65634 0.243889 1.61133 362028
2 0.655772 0.237988 1.61078 362063
2 0.655288 0.234378 1.61222 362097
2 0.656007 0.231325 1.60978 362129
2 0.656619 0.226555 1.60893 362163
2 0.656419 0.221717 1.6109 362197
2 0.656846 0.217374 1.61181 362231
2 0.659374 0.213492 1.61107 362265
2 0.661443 0.20929 1.61397 362299
2 0.664695 0.208907 1.61595 362331
2 0.665148 0.207768 1.61869 362365
2 0.665127 0.204841 1.62305 362399
2 0.667057 0.203301 1.62528 362432
2 0.668881 0.201655 1.63024 362466
2 0.670883 0.201821 1.63466 362498
2 0.675429 0.20016 1.63756 362532
2 0.679729 0.202509 1.64254 362566
2 0.681271 0.204954 1.65138 362600
2 0.684092 0.206505 1.65189 362633
2 0.684934 0.209436 1.65421 362667
2 0.686127 0.211345 1.6596 362701
2 0.690318 0.212136 1.66624 362736
2 0.692139 0.215254 1.67105 362769
2 0.693945 0.219557 1.67143 362804
2 0.695349 0.221824 1.67277 362837
2 0.697378 0.226123 1.67529 362871
2 0.696975 0.229456 1.67767 362888
2 0.69724 0.233255 1.67834 362939
2 0.698524 0.236248 1.68149 362972
2 0.698926 0.240173 1.68245 362989
2 0.69737 0.244745 1.67915 363040
2 0.694098 0.248845 1.67985 363058
2 0.694659 0.253859 1.68065 363092
2 0.694328 0.258766 1.67898 363126
2 0.692226 0.261201 1.67915 363159
2 0.690532 0.262899 1.67843 363193
2 0.688128 0.266091 1.67525 363227
2 0.686314 0.267726 1.67191 363260
2 0.683665 0.269777 1.66592 363294
2 0.680297 0.272534 1.66285 363328
2 0.676816 0.273091 1.65938 363361
2 0.67448 0.274136 1.65324 363395
2 0.673398 0.275067 1.64766 363430
2 0.672531 0.275354 1.6448 363464
2 0.670697 0.274998 1.64064 363499
2 0.669241 0.275797 1.64071 363532
2 0.665958 0.27681 1.63811 363565
2 0.662931 0.276749 1.63431 363598
2 0.661467 0.276585 1.63133 363632

3 0.418537 0.400319 1.82521 376182
3 0.416558 0.402011 1.82814 376215
3 0.414673 0.400412 1.82965 376248
3 0.413532 0.399503 1.82948 376282
3 0.413817 0.396899 1.82896 376316
3 0.410649 0.393095 1.82809 376333
3 0.410054 0.38901 1.8262 376383
3 0.410523 0.382434 1.82652 376400
3 0.409717 0.377809 1.82617 376433
3 0.408949 0.372983 1.82305 376483
3 0.40881 0.367473 1.82169 376501
3 0.410781 0.362017 1.82344 376534
3 0.411898 0.355877 1.82445 376568
3 0.412533 0.349925 1.8277 376602
3 0.413275 0.345424 1.82709 376636
3 0.414496 0.341028 1.82895 376670
3 0.418302 0.338849 1.82928 376703
3 0.420923 0.335424 1.83541 376736
3 0.422699 0.332262 1.83989 376770
3 0.423753 0.330242 1.84192 376804
3 0.428801 0.332042 1.84562 376838
3 0.433041 0.330059 1.84842 376871
3 0.438917 0.329417 1.85203 376904
3 0.444524 0.331583 1.85782 376937
3 0.448255 0.333508 1.86462 376972
3 0.454053 0.336963 1.8699 377006
3 0.457235 0.33783 1.87899 377039
3 0.460097 0.340192 1.8832 377073
3 0.462662 0.345923 1.88942 377107
3 0.464247 0.349864 1.89393 377141
3 0.465234 0.354592 1.90297 377174
3 0.465535 0.360356 1.91192 377207
3 0.465074 0.364486 1.91405 377241
3 0.464317 0.370575 1.91491 377275
3 0.462417 0.37148 1.91288 377309
3 0.462371 0.37975 1.9144 377341
3 0.459173 0.385335 1.91217 377374
3 0.456951 0.388779 1.91341 377407
3 0.454236 0.391957 1.91132 377440
3 0.451182 0.392171 1.91141 377474
3 0.449407 0.395218 1.90648 377508
3 0.446492 0.396488 1.9057 377542
3 0.44738 0.401613 1.89535 377576
3 0.445035 0.402896 1.88697 377609
3 0.442196 0.404244 1.88369 377642
3 0.435704 0.403439 1.88546 377677
3 0.431442 0.403333 1.88241 377712
3 0.428663 0.403538 1.87531 377745
3 0.425197 0.39875 1.87156 377780
3 0.423063 0.399459 1.86582 377815
3 0.418853 0.39835 1.86343 377848
3 0.414988 0.398509 1.86023 377881
3 0.412732 0.396951 1.85235 377915
3 0.410541 0.396361 1.84802 377949
3 0.408114 0.395384 1.84597 377983
3 0.405068 0.392003 1.8427 378000

4 0.528593 0.590926 1.34186 397359
4 0.528455 0.595702 1.34347 397393
4 0.528357 0.600927 1.34202 397427
4 0.527666 0.60224 1.34156 397461
4 0.52777 0.60158 1.34261 397494
4 0.527516 0.60101 1.34395 397526
4 0.52742 0.600612 1.34493 397559
4 0.526743 0.599338 1.3448 397591
4 0.524092 0.597591 1.34351 397624
4 0.52253 0.595988 1.34336 397659
4 0.521132 0.591771 1.34423 397692
4 0.52011 0.588495 1.34316 397724
4 0.519161 0.583206 1.34277 397759
4 0.519026 0.578481 1.34208 397792
4 0.517557 0.572573 1.3426 397824
4 0.51624 0.568194 1.34036 397857
4 0.514545 0.563393 1.33796 397890
4 0.513151 0.560143 1.33623 397923
4 0.512279 0.553963 1.33442 397955
4 0.512087 0.548838 1.33542 397987
4 0.511551 0.542977 1.33416 398020
4 0.511698 0.536169 1.33327 398054
4 0.511391 0.529692 1.33133 398087
4 0.511368 0.52241 1.33103 398121
4 0.512201 0.517603 1.33053 398153
4 0.514135 0.510556 1.3318 398186
4 0.516101 0.505445 1.33267 398220
4 0.51808 0.501598 1.33462 398253
4 0.52121 0.49511 1.33363 398302
4 0.524368 0.490868 1.33335 398319
4 0.526893 0.487817 1.33337 398352
4 0.532289 0.485986 1.3364 398401
4 0.537583 0.482237 1.33831 398418
4 0.543089 0.479933 1.34046 398466
4 0.547574 0.478172 1.33875 398498
4 0.552508 0.47836 1.34073 398531
4 0.558138 0.481398 1.3428 398564
4 0.562785 0.48334 1.34494 398599
4 0.566963 0.486465 1.34808 398632
4 0.572652 0.491226 1.34971 398664
4 0.575517 0.495217 1.35061 398698
4 0.5795 0.498811 1.35148 398732
4 0.583142 0.50418 1.35024 398766
4 0.585773 0.509163 1.35129 398800
4 0.589356 0.515928 1.35213 398834
4 0.592348 0.522191 1.35487 398867
4 0.594856 0.529639 1.35633 398901
4 0.597317 0.537916 1.35621 398918
4 0.599451 0.544354 1.35704 398969
4 0.599411 0.55069 1.35659 398986
4 0.598883 0.557436 1.35434 399019
4 0.597631 0.565593 1.35244 399069
4 0.595992 0.570883 1.35026 399086
4 0.593321 0.578245 1.34682 399120
4 0.589024 0.582627 1.34434 399169
4 0.585077 0.586015 1.3404 399202
4 0.580477 0.588912 1.33794 399236
4 0.575661 0.592806 1.33371 399269
4 0.570101 0.596189 1.33091 399286
4 0.565716 0.597407 1.32649 399319
4 0.56066 0.59805 1.32273 399369
4 0.556382 0.598123 1.31864 399402
4 0.551402 0.598067 1.3158 399418
4 0.546022 0.597867 1.31091 399469
4 0.542138 0.59693 1.3081 399486
4 0.538642 0.597315 1.30513 399519
4 0.536334 0.597476 1.30496 399554
4 0.532022 0.597285 1.30228 399587
4 0.529269 0.597314 1.29883 399621
4 0.527846 0.597567 1.29851 399655
4 0.52669 0.597557 1.30006 399687

5 0.710839 0.557522 1.41034 401964
5 0.708473 0.556721 1.40664 401998
5 0.709185 0.554882 1.40573 402032
5 0.706681 0.555163 1.4068 402067
5 0.704158 0.555958 1.40564 402100
5 0.702558 0.556044 1.40393 402133
5 0.701582 0.556268 1.40536 402165
5 0.701257 0.558488 1.4053 402199
5 0.699006 0.554973 1.39876 402233
5 0.697237 0.55182 1.39545 402267
5 0.695214 0.549778 1.39251 402300
5 0.695049 0.547755 1.39046 402334
5 0.693395 0.542211 1.38789 402367
5 0.692924 0.538833 1.38573 402400
5 0.691369 0.537019 1.38555 402435
5 0.691213 0.530651 1.3842 402468
5 0.69113 0.526681 1.38314 402502
5 0.690674 0.521569 1.38284 402537
5 0.691434 0.516495 1.38185 402570
5 0.692075 0.510195 1.38062 402603
5 0.69218 0.505158 1.38074 402637
5 0.693232 0.501262 1.38206 402671
5 0.693015 0.496718 1.38201 402704
5 0.693257 0.491515 1.38321 402721
5 0.695308 0.484783 1.38657 402771
5 0.697306 0.479431 1.38718 402805
5 0.699557 0.475601 1.38785 402821
5 0.702795 0.469852 1.38973 402871
5 0.705187 0.464135 1.39335 402905
5 0.708063 0.461465 1.39762 402922
5 0.712436 0.456443 1.40126 402972
5 0.714452 0.45269 1.40586 403005
5 0.718436 0.449431 1.40914 403022
5 0.723509 0.447207 1.41364 403071
5 0.728265 0.445677 1.41992 403105
5 0.732891 0.445376 1.42305 403121
5 0.737949 0.447687 1.4308 403172
5 0.741624 0.449677 1.43588 403189
5 0.745417 0.453137 1.43834 403241
5 0.750197 0.456678 1.44123 403258
5 0.75409 0.462671 1.44612 403291
5 0.757328 0.467293 1.44581 403326
5 0.760796 0.474831 1.44809 403359
5 0.764713 0.481227 1.45206 403393
5 0.768156 0.489125 1.45319 403428
5 0.769208 0.495672 1.45439 403461
5 0.770869 0.502985 1.45444 403495
5 0.770875 0.509552 1.45573 403528
5 0.771244 0.516658 1.45202 403562
5 0.77067 0.522874 1.45184 403596
5 0.769339 0.530431 1.45074 403630
5 0.767935 0.537817 1.44743 403664
5 0.76526 0.542579 1.44524 403697
5 0.76173 0.546866 1.43975 403730
5 0.759422 0.550394 1.43899 403764
5 0.753464 0.553019 1.43455 403796
5 0.749237 0.555796 1.4305 403830
5 0.745533 0.557197 1.42413 403863
5 0.741894 0.55999 1.41977 403896
5 0.738415 0.561485 1.41764 403930
5 0.735288 0.562681 1.41441 403963
5 0.73204 0.562182 1.41045 403996
5 0.72728 0.562418 1.40685 404029
5 0.723938 0.561928 1.4047 404062
5 0.721365 0.561351 1.39944 404095
5 0.716796 0.561045 1.39751 404128
5 0.714133 0.558209 1.3957 404161
5 0.711065 0.557308 1.39078 404194
5 0.708399 0.555933 1.38678 404226
5 0.704819 0.555186 1.38608 404261
5 0.702086 0.55453 1.38416 404294
5 0.69866 0.554865 1.3823 404327
5 0.6969 0.553402 1.38085 404360
5 0.695161 0.551608 1.37886 404394

6 0.305401 0.631923 1.21641 407135
6 0.302823 0.632644 1.21827 407168
6 0.300914 0.63356 1.21997 407202
6 0.298402 0.634464 1.22131 407236
6 0.295628 0.634097 1.22165 407269
6 0.291894 0.634513 1.22141 407303
6 0.289382 0.634743 1.22371 407338
6 0.286126 0.633341 1.22591 407371
6 0.282818 0.631759 1.22703 407404
6 0.279599 0.629567 1.22816 407438
6 0.276822 0.627027 1.22918 407472
6 0.273291 0.623071 1.23054 407504
6 0.27129 0.619537 1.23091 407539
6 0.269299 0.615912 1.2303 407572
6 0.266195 0.611428 1.23015 407604
6 0.262933 0.606446 1.22897 407638
6 0.261722 0.600325 1.22837 407672
6 0.261155 0.596193 1.22951 407704
6 0.259219 0.592027 1.23116 407738
6 0.258199 0.586505 1.23075 407771
6 0.257522 0.582731 1.22961 407804
6 0.256404 0.576502 1.22724 407838
6 0.256194 0.571442 1.2251 407871
6 0.257112 0.56835 1.22441 407904
6 0.258511 0.562628 1.22324 407936
6 0.260208 0.557828 1.22108 407970
6 0.262103 0.552049 1.21955 408003
6 0.265015 0.548004 1.21828 408036
6 0.26783 0.544157 1.21768 408069
6 0.270778 0.538725 1.21637 408103
6 0.275044 0.534701 1.21532 408137
6 0.280937 0.53195 1.21622 408171
6 0.285718 0.528087 1.21922 408205
6 0.291134 0.525118 1.21856 408239
6 0.296339 0.523392 1.21617 408272
6 0.301783 0.523035 1.21614 408306
6 0.30704 0.523161 1.21598 408339
6 0.3117 0.523236 1.21516 408372
6 0.317914 0.52278 1.21591 408405
6 0.322288 0.522465 1.21481 408439
6 0.328058 0.523448 1.21708 408472
6 0.331671 0.526578 1.2186 408505
6 0.335828 0.529706 1.21961 408538
6 0.339338 0.532827 1.22218 408573
6 0.342186 0.535045 1.22287 408608
6 0.345036 0.539262 1.22376 408642
6 0.347983 0.542985 1.22462 408677
6 0.349681 0.547388 1.22557 408710
6 0.351512 0.551749 1.22632 408744
6 0.353085 0.554744 1.22848 408760
6 0.353466 0.559102 1.22896 408810
6 0.353153 0.56292 1.22856 408843
6 0.352678 0.566129 1.22815 408860
6 0.350968 0.56944 1.2293 408910
6 0.349928 0.573271 1.22792 408943
6 0.348561 0.576136 1.22619 408960
6 0.347095 0.578656 1.22794 409010
6 0.346523 0.581288 1.22908 409027
6 0.344986 0.584168 1.22932 409061
6 0.343565 0.587626 1.22851 409095
6 0.341622 0.589492 1.22708 409127
6 0.340173 0.591049 1.22707 409177
6 0.337636 0.59221 1.22447 409210
6 0.335249 0.594108 1.22329 409243
6 0.333625 0.596631 1.22135 409276
6 0.332755 0.598137 1.2214 409308
6 0.331862 0.599391 1.22064 409341
6 0.330699 0.600621 1.22064 409373
6 0.329 0.601798 1.22048 409406
6 0.327861 0.602579 1.22029 409441
6 0.32657 0.603721 1.22025 409474
6 0.325228 0.605057 1.22151 409509
6 0.323506 0.607232 1.22323 409541
6 0.321063 0.610059 1.22361 409575
6 0.319198 0.612419 1.22459 409609
6 0.318246 0.613865 1.2255 409642
6 0.31623 0.616685 1.22583 409676
6 0.313847 0.61887 1.2256 409709
6 0.312193 0.621699 1.2263 409741
6 0.310156 0.624408 1.22885 409776
6 0.307837 0.628978 1.22875 409809
6 0.304889 0.63269 1.22961 409843
6 0.301121 0.634643 1.23208 409877
6 0.296889 0.636008 1.23501 409911
6 0.294251 0.634529 1.23845 409928
6 0.292319 0.629426 1.24284 409980
6 0.29148 0.622624 1.24651 409997

7 0.645651 0.772677 1.40509 420036
7 0.643629 0.772773 1.40441 420086
7 0.640538 0.772488 1.40336 420121
7 0.638243 0.772044 1.40164 420137
7 0.634719 0.771597 1.39776 420172
7 0.630829 0.770768 1.39414 420205
7 0.627435 0.768729 1.39153 420238
7 0.625387 0.765112 1.39071 420273
7 0.622432 0.760614 1.38601 420305
7 0.619799 0.757769 1.38086 420340
7 0.617431 0.751892 1.3799 420372
7 0.616001 0.746685 1.37677 420406
7 0.614331 0.742858 1.37123 420440
7 0.613303 0.737357 1.36715 420474
7 0.613224 0.732343 1.36474 420508
7 0.613484 0.724709 1.36364 420541
7 0.613458 0.720449 1.36131 420575
7 0.614325 0.716179 1.3586 420609
7 0.615583 0.710844 1.35924 420642
7 0.616809 0.70541 1.35763 420675
7 0.619312 0.700696 1.35622 420709
7 0.619922 0.696563 1.35514 420744
7 0.621421 0.692122 1.35653 420777
7 0.62425 0.689296 1.35714 420809
7 0.627375 0.687124 1.35749 420843
7 0.630307 0.683514 1.3585 420876
7 0.633535 0.681764 1.36222 420910
7 0.636442 0.680552 1.36213 420943
7 0.638794 0.67886 1.3637 420976
7 0.642065 0.678784 1.36731 421008
7 0.645232 0.680812 1.37024 421042
7 0.648496 0.682766 1.37576 421075
7 0.651044 0.685282 1.37787 421108
7 0.653853 0.688206 1.38231 421141
7 0.655485 0.690808 1.38412 421174
7 0.657512 0.693338 1.38591 421208
7 0.658244 0.697523 1.38803 421242
7 0.661112 0.700796 1.39253 421276
7 0.663217 0.704503 1.39613 421309
7 0.664231 0.707549 1.4004 421343
7 0.665158 0.709483 1.40447 421377
7 0.665614 0.711229 1.40844 421411
7 0.665967 0.715607 1.40793 421444
7 0.666013 0.719321 1.40718 421478
7 0.666222 0.721681 1.40712 421511
7 0.666446 0.723539 1.4102 421545
7 0.666814 0.72463 1.41316 421578
7 0.666787 0.727261 1.41797 421611
7 0.664752 0.731281 1.41575 421644
7 0.665168 0.734833 1.41331 421678
7 0.665674 0.737326 1.41467 421712
7 0.6649 0.739312 1.41608 421746
7 0.66212 0.740346 1.41928 421780
7 0.660102 0.744614 1.41777 421814
7 0.658968 0.747682 1.41822 421847
7 0.657426 0.749783 1.41651 421879
7 0.655752 0.750382 1.41938 421912
7 0.655525 0.751113 1.41892 421946
7 0.655807 0.751725 1.41888 421979
7 0.654876 0.754227 1.42264 422011
7 0.651986 0.755446 1.42391 422045
7 0.650805 0.757683 1.42452 422079
7 0.649779 0.759961 1.42421 422112
7 0.649054 0.761337 1.42261 422146
7 0.645704 0.762696 1.42483 422180
7 0.642374 0.765385 1.42606 422214
7 0.639799 0.768313 1.42503 422248
7 0.638794 0.772125 1.42315 422281
7 0.636666 0.774254 1.4229 422315
7 0.633981 0.775982 1.4274 422348

8 0.420357 0.761822 1.32275 430722
8 0.420302 0.761681 1.32381 430756
8 0.419824 0.762743 1.32523 430790
8 0.419381 0.763641 1.32646 430825
8 0.419056 0.763999 1.32596 430858
8 0.41709 0.763646 1.32444 430891
8 0.414262 0.763337 1.32397 430924
8 0.41292 0.762094 1.32292 430957
8 0.411221 0.760006 1.32173 430991
8 0.407732 0.757028 1.32049 431025
8 0.405445 0.754912 1.31973 431058
8 0.404139 0.751646 1.32075 431091
8 0.402925 0.747908 1.321 431124
8 0.402832 0.744224 1.32017 431157
8 0.401793 0.739419 1.3219 431192
8 0.401699 0.735182 1.32083 431224
8 0.402151 0.731222 1.31815 431258
8 0.402277 0.724896 1.31704 431290
8 0.402728 0.720425 1.31568 431321
8 0.403209 0.715671 1.31406 431356
8 0.404602 0.71158 1.31229 431389
8 0.407418 0.70876 1.31336 431423
8 0.409847 0.705934 1.31098 431456
8 0.412022 0.703684 1.3089 431489
8 0.413901 0.700531 1.3075 431522
8 0.417323 0.698715 1.30768 431556
8 0.420812 0.696693 1.30779 431591
8 0.424777 0.694676 1.30822 431623
8 0.427973 0.694672 1.30875 431655
8 0.430136 0.694955 1.30753 431689
8 0.433096 0.697852 1.30567 431723
8 0.435381 0.699999 1.30499 431757
8 0.438829 0.702488 1.30682 431790
8 0.441561 0.7055 1.30806 431825
8 0.443153 0.709837 1.30722 431858
8 0.444066 0.713095 1.30802 431892
8 0.444217 0.715653 1.30767 431925
8 0.444906 0.72037 1.30616 431957
8 0.445442 0.72399 1.30709 431991
8 0.446421 0.727875 1.30864 432025
8 0.446842 0.73038 1.30929 432058
8 0.446836 0.733841 1.30966 432092
8 0.44626 0.737232 1.3106 432127
8 0.445896 0.739004 1.31007 432160
8 0.445699 0.740288 1.31023 432193
8 0.44542 0.741682 1.31103 432227
8 0.4442 0.743722 1.31149 432261
8 0.442761 0.746278 1.31223 432295
8 0.442412 0.748659 1.31336 432328
8 0.440328 0.749008 1.31271 432362
8 0.438856 0.750088 1.31157 432395
8 0.437833 0.751859 1.31227 432428
8 0.435463 0.753415 1.3142 432462
8 0.433169 0.755061 1.31525 432496
8 0.431755 0.7564 1.31687 432528
8 0.42953 0.756524 1.31822 432562
8 0.428719 0.756572 1.32008 432596
8 0.427046 0.757334 1.32131 432613
8 0.426701 0.757569 1.32225 432663
8 0.426279 0.759107 1.32613 432696
8 0.424794 0.761311 1.32565 432713
8 0.421992 0.762353 1.32491 432763

9 0.767652 0.748669 1.22539 436420
9 0.767519 0.748942 1.22571 436454
9 0.765997 0.748919 1.22548 436488
9 0.763763 0.748288 1.2261 436521
9 0.762958 0.748253 1.22568 436553
9 0.761401 0.747834 1.22386 436587
9 0.760758 0.746702 1.22431 436620
9 0.758857 0.74501 1.22295 436654
9 0.756771 0.742847 1.2224 436686
9 0.753995 0.739766 1.21994 436719
9 0.752439 0.737107 1.21683 436752
9 0.750962 0.733024 1.21723 436785
9 0.748796 0.728686 1.21419 436837
9 0.746093 0.726013 1.21165 436854
9 0.745165 0.721329 1.21096 436887
9 0.744439 0.717615 1.20953 436922
9 0.743978 0.713035 1.20933 436955
9 0.74343 0.708297 1.20997 436990
9 0.74323 0.704953 1.21197 437023
9 0.7418 0.700951 1.21042 437056
9 0.741539 0.696902 1.20965 437089
9 0.742008 0.692876 1.21025 437123
9 0.742654 0.68859 1.21128 437156
9 0.743427 0.684825 1.21109 437189
9 0.744948 0.681209 1.21144 437224
9 0.746076 0.677574 1.21243 437256
9 0.74833 0.674734 1.2127 437289
9 0.750828 0.672714 1.21292 437322
9 0.752297 0.67179 1.21418 437355
9 0.754924 0.670737 1.21531 437390
9 0.757747 0.670628 1.21426 437423
9 0.76009 0.671029 1.21428 437457
9 0.762781 0.670663 1.21484 437491
9 0.765976 0.671623 1.21578 437524
9 0.769157 0.672778 1.21789 437558
9 0.772456 0.675106 1.21935 437591
9 0.774861 0.677734 1.22011 437624
9 0.777387 0.680041 1.22189 437657
9 0.77968 0.68228 1.22248 437690
9 0.78228 0.683868 1.22217 437723
9 0.784254 0.68679 1.2238 437757
9 0.786824 0.689848 1.2267 437790
9 0.788383 0.692926 1.22953 437824
9 0.790507 0.695809 1.23242 437856
9 0.791619 0.698439 1.23285 437889
9 0.792425 0.70255 1.23373 437923
9 0.793309 0.706069 1.23705 437957
9 0.794523 0.709393 1.23752 437989
9 0.793753 0.712501 1.23829 438022
9 0.793364 0.716575 1.24044 438056
9 0.792834 0.720105 1.24357 438088
9 0.791966 0.723927 1.24366 438122
9 0.790233 0.727107 1.24308 438156
9 0.788305 0.730676 1.24172 438189
9 0.787453 0.733 1.24223 438223
9 0.786951 0.735695 1.24294 438257
9 0.784477 0.738752 1.24192 438290
9 0.781881 0.740178 1.2399 438322
9 0.780836 0.741805 1.23888 438356
9 0.778602 0.744832 1.23887 438389
9 0.776067 0.746713 1.24226 438422
9 0.77356 0.748488 1.24294 438456
9 0.771827 0.750277 1.24429 438489
9 0.769431 0.751551 1.24292 438523
9 0.766127 0.753052 1.2429 438557
9 0.763829 0.754152 1.24471 438590
9 0.760096 0.754875 1.24414 438623

