Gesto: 0
0 0.665917 0.379598 1.80739 219963
0 0.665655 0.378841 1.80762 219997
0 0.666037 0.378428 1.80937 220029
0 0.666423 0.37899 1.80811 220063
0 0.666329 0.378517 1.8052 220097
0 0.667228 0.378198 1.80639 220131
0 0.667729 0.378097 1.80959 220165
0 0.669121 0.377942 1.80613 220198
0 0.67014 0.375719 1.80593 220231
0 0.671129 0.374937 1.8026 220264
0 0.671387 0.373883 1.80299 220298
0 0.668937 0.374191 1.80648 220332
0 0.669906 0.374109 1.80807 220365
0 0.672295 0.373631 1.80439 220399
0 0.671496 0.36992 1.80403 220432
0 0.671976 0.368486 1.80492 220466
0 0.672111 0.367953 1.80638 220498
0 0.6724 0.36701 1.80431 220532
0 0.673055 0.365513 1.80672 220565
0 0.673608 0.363223 1.80631 220599
0 0.673254 0.361622 1.80714 220633
0 0.674242 0.360612 1.80829 220667
0 0.674699 0.358989 1.81033 220702
0 0.676332 0.354368 1.81083 220735
0 0.677359 0.350792 1.81087 220768
0 0.678632 0.348002 1.81261 220802
0 0.679344 0.346077 1.81613 220836
0 0.680006 0.345142 1.81615 220869
0 0.682279 0.342973 1.81657 220908
0 0.684447 0.341851 1.81748 220929
0 0.686869 0.341019 1.81984 220963
0 0.688816 0.342277 1.82062 220997
0 0.689527 0.342272 1.82176 221031
0 0.692074 0.343272 1.828 221064
0 0.694607 0.343666 1.82895 221097
0 0.693259 0.347798 1.83044 221132
0 0.69718 0.349162 1.83359 221165
0 0.696294 0.352977 1.83183 221199
0 0.698608 0.353405 1.83463 221233
0 0.700057 0.356921 1.83632 221266
0 0.701307 0.359214 1.84127 221300
0 0.704545 0.362252 1.84047 221333
0 0.706162 0.365495 1.84545 221366
0 0.706299 0.369099 1.84423 221398
0 0.707991 0.371817 1.85017 221431
0 0.709454 0.377055 1.85428 221462
0 0.709452 0.382839 1.85352 221496
0 0.710008 0.385679 1.85561 221529
0 0.711049 0.391185 1.85987 221560
0 0.71199 0.395244 1.8582 221593
0 0.713916 0.401632 1.85535 221625
0 0.712994 0.404341 1.85988 221659
0 0.711313 0.40953 1.86074 221692
0 0.709601 0.413746 1.85964 221725
0 0.708683 0.418144 1.85876 221758
0 0.708452 0.420872 1.85615 221792
0 0.705489 0.424789 1.85684 221841
0 0.702716 0.426386 1.85814 221857
0 0.699876 0.429068 1.85436 221891
0 0.697771 0.432932 1.85063 221940
0 0.695471 0.434415 1.84821 221974
0 0.693657 0.433906 1.84442 221990
0 0.691159 0.431185 1.8421 222040
0 0.689783 0.431651 1.83916 222074
0 0.689014 0.432652 1.83178 222090
0 0.686399 0.433249 1.83061 222141
0 0.683629 0.430061 1.83081 222157
0 0.681202 0.429325 1.82743 222190
0 0.67998 0.428036 1.82308 222240
0 0.678822 0.426918 1.81822 222257
0 0.678316 0.425935 1.8141 222291
0 0.67778 0.424466 1.81229 222325
0 0.67501 0.420471 1.81084 222359
0 0.673166 0.417554 1.80888 222390
0 0.6701 0.414978 1.80607 222441
0 0.667895 0.414398 1.80011 222473
0 0.665426 0.408826 1.79858 222489
0 0.664742 0.405469 1.79547 222540
0 0.666588 0.402901 1.79206 222558
0 0.666226 0.400232 1.79119 222590
0 0.664593 0.396821 1.78314 222641
0 0.664852 0.395913 1.78245 222673
0 0.663626 0.391838 1.78529 222690
0 0.663598 0.391596 1.78396 222740
0 0.663547 0.387677 1.78302 222757
0 0.663809 0.385701 1.78224 222808
0 0.664073 0.383406 1.78283 222825
0 0.663766 0.381227 1.78291 222858
0 0.666499 0.379011 1.78116 222892
0 0.667189 0.377438 1.78437 222941
0 0.66556 0.377648 1.78399 222959

1 0.673561 0.329806 1.79873 254926
1 0.672633 0.329725 1.79778 254960
1 0.673202 0.329739 1.79857 254993
1 0.673377 0.3292 1.80195 255027
1 0.672619 0.328928 1.80285 255061
1 0.673047 0.329603 1.80471 255093
1 0.672169 0.329678 1.80337 255127
1 0.672937 0.329708 1.80014 255162
1 0.67398 0.328442 1.8012 255196
1 0.674226 0.327831 1.80177 255230
1 0.676097 0.327776 1.80433 255263
1 0.677236 0.327674 1.80275 255296
1 0.67803 0.326915 1.80338 255330
1 0.678605 0.326146 1.80488 255364
1 0.682501 0.325018 1.80558 255398
1 0.685734 0.321796 1.80653 255432
1 0.689588 0.320473 1.81444 255466
1 0.690495 0.32234 1.81604 255500
1 0.692129 0.324101 1.81823 255534
1 0.6932 0.324554 1.82321 255568
1 0.694989 0.325835 1.82563 255585
1 0.699532 0.326547 1.82758 255636
1 0.700872 0.32902 1.83197 255669
1 0.701199 0.332824 1.83309 255685
1 0.701927 0.335986 1.83952 255733
1 0.703521 0.33956 1.83662 255768
1 0.704378 0.34417 1.83354 255800
1 0.704679 0.349226 1.82548 255834
1 0.703901 0.352707 1.82892 255868
1 0.70007 0.35685 1.82613 255886
1 0.70088 0.362244 1.82504 255920
1 0.697917 0.367478 1.82495 255954
1 0.695087 0.370739 1.8262 255988
1 0.693636 0.372433 1.82646 256021
1 0.692795 0.374412 1.8259 256056
1 0.69039 0.377779 1.82364 256088
1 0.689682 0.377571 1.81953 256122
1 0.687915 0.382285 1.80952 256156
1 0.685025 0.384269 1.8084 256190
1 0.682507 0.383972 1.81004 256225
1 0.67977 0.38567 1.81023 256258
1 0.67821 0.387151 1.80637 256292
1 0.675658 0.385336 1.80435 256326
1 0.676007 0.38381 1.79954 256360
1 0.673712 0.381147 1.799 256391
1 0.672248 0.378198 1.79959 256425
1 0.671946 0.375421 1.79675 256466
1 0.671382 0.371011 1.79546 256489
1 0.668592 0.36793 1.7993 256522
1 0.668392 0.366118 1.7967 256556
1 0.668797 0.361755 1.79329 256590
1 0.669325 0.357144 1.78776 256624
1 0.668197 0.352712 1.7883 256658
1 0.667834 0.350626 1.79128 256691
1 0.669396 0.348394 1.79031 256725
1 0.67184 0.347335 1.78835 256759
1 0.672704 0.345721 1.7872 256792
1 0.673457 0.34478 1.78504 256825
1 0.673382 0.340954 1.78414 256859
1 0.674377 0.338629 1.78681 256893
1 0.674637 0.33818 1.7878 256926
1 0.676385 0.335903 1.79144 256960

2 0.653004 0.33402 1.79108 267109
2 0.652796 0.333578 1.79186 267143
2 0.652459 0.333737 1.78919 267177
2 0.65279 0.333074 1.78804 267211
2 0.653016 0.332971 1.7906 267244
2 0.652885 0.333023 1.78991 267276
2 0.652962 0.332778 1.78728 267308
2 0.652115 0.332102 1.78904 267342
2 0.651561 0.331363 1.78901 267376
2 0.651554 0.331308 1.78865 267410
2 0.651435 0.330941 1.78666 267445
2 0.650609 0.329811 1.78461 267461
2 0.649873 0.329053 1.78409 267512
2 0.65067 0.325857 1.77829 267529
2 0.651546 0.321029 1.77652 267563
2 0.651951 0.31732 1.78195 267597
2 0.652314 0.31651 1.78098 267631
2 0.654132 0.315291 1.78349 267665
2 0.658316 0.315351 1.78357 267699
2 0.660481 0.314456 1.78475 267732
2 0.662641 0.316959 1.78347 267766
2 0.664748 0.318472 1.78948 267800
2 0.666325 0.321346 1.79201 267833
2 0.669617 0.325747 1.79041 267866
2 0.671164 0.330074 1.79169 267900
2 0.671445 0.335356 1.79384 267935
2 0.668396 0.340846 1.79988 267968
2 0.666256 0.345332 1.79864 268002
2 0.664026 0.348196 1.79703 268034
2 0.662572 0.351527 1.79619 268068
2 0.660271 0.353666 1.78869 268102
2 0.655601 0.352709 1.78873 268136
2 0.652661 0.350874 1.7849 268170
2 0.650971 0.349517 1.78091 268204
2 0.647411 0.34753 1.77766 268238
2 0.643962 0.343283 1.77307 268271
2 0.641312 0.337947 1.77251 268305
2 0.640373 0.33175 1.76962 268338
2 0.639807 0.327899 1.76696 268372
2 0.639526 0.324361 1.76709 268406
2 0.638633 0.320147 1.76796 268439
2 0.638716 0.314774 1.7614 268471
2 0.639866 0.307479 1.76366 268505
2 0.642852 0.302548 1.76525 268537
2 0.645702 0.299771 1.76488 268571
2 0.64738 0.297526 1.76802 268603
2 0.648904 0.296225 1.76893 268636
2 0.650561 0.290954 1.77375 268670
2 0.652514 0.289667 1.78296 268704
2 0.655942 0.289388 1.78331 268736
2 0.660371 0.288496 1.78693 268771
2 0.6624 0.290069 1.79126 268804
2 0.663846 0.292017 1.79539 268836
2 0.665263 0.293065 1.8002 268869
2 0.66699 0.294538 1.8032 268901

3 0.674566 0.319408 1.79712 273308
3 0.677242 0.319782 1.7925 273342
3 0.674595 0.317819 1.7876 273375
3 0.676216 0.31924 1.79264 273410
3 0.675635 0.317546 1.7925 273442
3 0.676157 0.317099 1.79176 273482
3 0.676838 0.316589 1.79173 273504
3 0.677321 0.318105 1.79423 273538
3 0.678561 0.317562 1.79152 273572
3 0.678734 0.318755 1.78966 273605
3 0.678096 0.317268 1.78782 273638
3 0.677869 0.31606 1.79165 273671
3 0.677739 0.312039 1.79583 273704
3 0.677908 0.311553 1.79613 273737
3 0.680097 0.306017 1.79794 273770
3 0.683594 0.301183 1.79766 273804
3 0.687186 0.298752 1.8001 273838
3 0.68947 0.298271 1.80219 273871
3 0.693102 0.296964 1.80824 273903
3 0.697356 0.294875 1.81335 273937
3 0.700334 0.294147 1.81571 273971
3 0.702966 0.293471 1.82023 274003
3 0.707848 0.296076 1.8229 274036
3 0.710655 0.299488 1.82851 274069
3 0.714485 0.303006 1.83382 274103
3 0.717314 0.306215 1.83547 274151
3 0.718257 0.31014 1.83927 274168
3 0.719777 0.315587 1.84774 274203
3 0.720845 0.32054 1.85183 274236
3 0.720961 0.325798 1.85313 274270
3 0.72341 0.333648 1.8501 274302
3 0.722961 0.340962 1.85304 274335
3 0.722809 0.347991 1.8546 274369
3 0.724905 0.354586 1.85265 274403
3 0.723582 0.360309 1.85446 274436
3 0.722587 0.366289 1.85858 274470
3 0.721659 0.370459 1.85985 274504
3 0.720775 0.376599 1.85737 274538
3 0.719782 0.383763 1.85348 274572
3 0.719315 0.385988 1.85238 274605
3 0.714683 0.387319 1.85218 274639
3 0.710303 0.389403 1.84885 274672
3 0.708648 0.393225 1.84158 274706
3 0.706514 0.393435 1.83519 274740
3 0.700816 0.392773 1.83302 274774
3 0.697059 0.392162 1.83064 274808
3 0.693851 0.392188 1.82201 274842
3 0.691055 0.390166 1.81705 274876
3 0.688919 0.38786 1.81208 274910
3 0.686024 0.385323 1.81097 274944
3 0.682628 0.383079 1.80758 274978
3 0.679561 0.381937 1.79908 275012
3 0.676636 0.378819 1.79507 275047
3 0.675418 0.373106 1.78945 275080
3 0.6743 0.368918 1.78558 275114
3 0.673222 0.365663 1.77883 275147
3 0.672457 0.362728 1.77442 275181
3 0.670772 0.358349 1.77029 275214
3 0.668463 0.353654 1.7701 275247
3 0.669788 0.35064 1.76408 275280
3 0.668915 0.344717 1.76114 275314
3 0.669139 0.340906 1.76162 275348
3 0.668294 0.337198 1.76324 275382
3 0.668938 0.334011 1.7629 275415
3 0.668916 0.329606 1.76092 275447

4 0.687726 0.300633 1.76709 281108
4 0.687243 0.300689 1.76444 281142
4 0.687427 0.301397 1.76184 281174
4 0.685803 0.300752 1.76001 281207
4 0.685771 0.298785 1.76126 281257
4 0.686501 0.29909 1.76132 281273
4 0.687029 0.295619 1.76293 281323
4 0.686339 0.29233 1.76065 281357
4 0.686591 0.290217 1.75589 281389
4 0.686015 0.287532 1.75508 281422
4 0.685784 0.285288 1.75813 281457
4 0.686903 0.280965 1.76221 281479
4 0.687635 0.278237 1.76357 281523
4 0.688456 0.274724 1.76525 281556
4 0.690412 0.270085 1.76565 281573
4 0.691359 0.264157 1.76502 281624
4 0.694684 0.258314 1.76589 281642
4 0.696961 0.254661 1.76949 281674
4 0.69787 0.251442 1.7735 281725
4 0.699294 0.24918 1.77893 281742
4 0.704936 0.247054 1.78586 281776
4 0.708522 0.245521 1.79241 281809
4 0.713925 0.245095 1.79926 281843
4 0.719812 0.243656 1.80405 281877
4 0.724433 0.242878 1.81132 281911
4 0.72933 0.243175 1.8215 281944
4 0.734539 0.245827 1.83071 281977
4 0.740477 0.250705 1.83819 282011
4 0.743881 0.253096 1.84708 282044
4 0.747056 0.260947 1.85577 282078
4 0.74907 0.267224 1.85828 282112
4 0.751601 0.273511 1.8668 282146
4 0.751879 0.282038 1.86524 282180
4 0.751141 0.294247 1.86119 282213
4 0.750425 0.302586 1.85978 282246
4 0.748559 0.312542 1.85343 282280
4 0.745921 0.321068 1.85077 282314
4 0.740453 0.331959 1.84535 282348
4 0.735409 0.337396 1.83878 282382
4 0.730541 0.345827 1.8279 282415
4 0.72674 0.353955 1.81128 282449
4 0.721633 0.356982 1.80205 282483
4 0.7159 0.357794 1.79821 282517
4 0.709971 0.357316 1.79356 282550
4 0.705409 0.356729 1.78662 282584
4 0.70137 0.357256 1.77695 282618
4 0.694863 0.354264 1.77095 282652
4 0.690708 0.350195 1.76697 282686
4 0.686802 0.34356 1.76144 282720
4 0.683478 0.336477 1.75536 282754
4 0.680292 0.329344 1.75223 282788
4 0.676977 0.321515 1.74749 282821
4 0.674792 0.314673 1.74156 282855
4 0.67417 0.305706 1.74229 282889
4 0.673113 0.299045 1.7398 282923
4 0.671842 0.292829 1.73904 282956
4 0.671106 0.289198 1.73761 282990
4 0.671362 0.281833 1.73758 283024
4 0.670963 0.275365 1.74156 283041
4 0.671059 0.272139 1.74107 283092
4 0.672087 0.264921 1.7445 283110
4 0.673076 0.260174 1.74891 283143
4 0.672642 0.256047 1.75329 283177
4 0.673376 0.254758 1.75483 283210
4 0.674464 0.253601 1.75704 283244
4 0.675279 0.252869 1.75899 283278
4 0.67584 0.252303 1.7614 283311
4 0.676646 0.254159 1.75947 283343
4 0.677007 0.258849 1.76348 283377
4 0.680594 0.261903 1.76714 283410
4 0.682512 0.263231 1.76834 283442
4 0.684625 0.26369 1.77403 283482
4 0.686697 0.265352 1.77557 283525
4 0.688372 0.265751 1.77947 283543
4 0.69025 0.267184 1.78419 283593
4 0.691232 0.269286 1.78702 283609
4 0.694098 0.270684 1.78763 283659
4 0.6939 0.273801 1.79375 283691
4 0.694651 0.276728 1.79571 283722
4 0.696613 0.277496 1.7937 283757
4 0.698013 0.277605 1.79231 283789
4 0.698621 0.27755 1.79178 283822
4 0.697071 0.278935 1.79082 283855
4 0.697662 0.278059 1.79361 283888

5 0.746241 0.360124 1.86377 288789
5 0.74765 0.358984 1.86327 288822
5 0.748002 0.35813 1.8634 288856
5 0.748607 0.358952 1.86687 288889
5 0.749293 0.358481 1.86723 288922
5 0.74912 0.357922 1.86937 288956
5 0.747348 0.358438 1.87186 288990
5 0.748794 0.358345 1.87331 289023
5 0.749901 0.357023 1.87764 289055
5 0.74922 0.358661 1.87769 289089
5 0.749788 0.35882 1.88607 289124
5 0.752086 0.358546 1.89235 289156
5 0.753599 0.356843 1.89697 289190
5 0.757382 0.357823 1.89823 289222
5 0.757276 0.363337 1.90164 289256
5 0.759874 0.368475 1.90803 289290
5 0.759747 0.372089 1.91128 289325
5 0.760333 0.374815 1.91581 289358
5 0.762506 0.381704 1.91798 289392
5 0.765075 0.385429 1.9219 289426
5 0.764115 0.388387 1.92976 289460
5 0.764876 0.396946 1.93017 289493
5 0.764068 0.402961 1.93762 289527
5 0.762982 0.40665 1.9416 289559
5 0.761549 0.413246 1.94264 289593
5 0.760619 0.416936 1.94642 289627
5 0.759463 0.423947 1.9469 289661
5 0.759629 0.430665 1.94601 289693
5 0.754224 0.436027 1.94335 289727
5 0.750107 0.439243 1.94323 289761
5 0.747518 0.444871 1.94018 289795
5 0.744078 0.448666 1.93173 289828
5 0.741958 0.448298 1.93105 289862
5 0.737063 0.452668 1.92442 289897
5 0.733288 0.454414 1.91676 289929
5 0.730668 0.453642 1.91133 289963
5 0.727223 0.450901 1.90711 289996
5 0.724169 0.449255 1.8969 290030
5 0.719287 0.445723 1.89169 290047
5 0.718137 0.442094 1.88641 290097
5 0.715983 0.437087 1.88155 290131
5 0.713179 0.43181 1.87347 290148
5 0.712673 0.425174 1.87235 290199
5 0.710793 0.417324 1.86403 290217
5 0.710505 0.408903 1.86238 290250
5 0.710322 0.401893 1.8582 290284
5 0.709846 0.39221 1.85529 290316
5 0.71104 0.386082 1.84538 290350
5 0.712996 0.378256 1.84215 290382
5 0.715096 0.368419 1.84104 290415
5 0.717124 0.36283 1.84116 290448
5 0.718373 0.359271 1.84094 290498
5 0.722552 0.352574 1.84368 290530
5 0.725728 0.348789 1.84564 290547
5 0.729796 0.345134 1.84966 290597
5 0.733305 0.343423 1.85355 290630
5 0.735447 0.342288 1.85715 290662
5 0.74122 0.340006 1.86469 290695
5 0.746711 0.339593 1.8742 290727
5 0.750185 0.340625 1.87859 290760
5 0.755724 0.343126 1.88681 290793
5 0.758612 0.349262 1.89211 290827
5 0.762678 0.351285 1.89927 290860
5 0.764472 0.358524 1.90586 290892
5 0.76576 0.364436 1.9086 290924
5 0.766822 0.371551 1.91246 290957
5 0.767606 0.37967 1.9143 290991
5 0.766533 0.386163 1.91557 291024
5 0.765218 0.397744 1.91052 291056
5 0.761579 0.404289 1.9085 291089
5 0.758205 0.41263 1.90581 291122
5 0.75573 0.417211 1.90363 291156
5 0.754067 0.41966 1.90305 291187
5 0.74851 0.424222 1.89934 291221
5 0.744625 0.427277 1.89333 291255

6 0.661808 0.432205 1.87901 298065
6 0.661381 0.433072 1.88191 298099
6 0.660675 0.431952 1.87878 298134
6 0.660298 0.429503 1.8807 298167
6 0.660592 0.428015 1.87719 298201
6 0.664513 0.425288 1.87388 298235
6 0.666584 0.42365 1.87761 298268
6 0.667106 0.420176 1.87594 298300
6 0.669789 0.416 1.87929 298333
6 0.672323 0.414353 1.88053 298365
6 0.674105 0.412133 1.88341 298398
6 0.678436 0.413687 1.87767 298431
6 0.683351 0.412442 1.88112 298463
6 0.686651 0.412844 1.88586 298505
6 0.688443 0.412714 1.89091 298527
6 0.692225 0.415387 1.89752 298562
6 0.696322 0.419433 1.90277 298595
6 0.699994 0.426488 1.90946 298627
6 0.701364 0.433446 1.91304 298660
6 0.703359 0.440251 1.91664 298693
6 0.704787 0.448333 1.91959 298727
6 0.706014 0.45786 1.92409 298760
6 0.705885 0.464654 1.93057 298794
6 0.701559 0.474654 1.92783 298827
6 0.699329 0.480731 1.93586 298859
6 0.69692 0.489848 1.94151 298892
6 0.692957 0.49719 1.94351 298924
6 0.688528 0.501055 1.94698 298958
6 0.683924 0.508053 1.94734 298990
6 0.683034 0.514394 1.94906 299024
6 0.681151 0.518894 1.94554 299057
6 0.675307 0.521367 1.94252 299091
6 0.671247 0.522248 1.93761 299126
6 0.668467 0.522482 1.9308 299158
6 0.665954 0.523294 1.92439 299192
6 0.664767 0.522159 1.9171 299240
6 0.663046 0.514672 1.91252 299256
6 0.658969 0.509449 1.91191 299289
6 0.657596 0.505197 1.90887 299340
6 0.656832 0.494734 1.89954 299357
6 0.65746 0.488856 1.89657 299391
6 0.658235 0.48369 1.88845 299441
6 0.657643 0.476145 1.88004 299473
6 0.657913 0.470398 1.87734 299490
6 0.658788 0.465053 1.87214 299524
6 0.659991 0.461705 1.86562 299558
6 0.661638 0.456334 1.87002 299592
6 0.661843 0.452727 1.86788 299625
6 0.66212 0.449254 1.86866 299659
6 0.664612 0.446367 1.86737 299692
6 0.666621 0.441004 1.86542 299726
6 0.667455 0.437027 1.86324 299760
6 0.66929 0.434075 1.86239 299793
6 0.670988 0.431912 1.86103 299827
6 0.672914 0.430168 1.8617 299861
6 0.673903 0.429366 1.86217 299895
6 0.674858 0.428669 1.86463 299928
6 0.67519 0.428282 1.86608 299962
6 0.677909 0.426605 1.86776 299995
6 0.679662 0.425514 1.86931 300028
6 0.680407 0.425256 1.87012 300061
6 0.680967 0.424976 1.87173 300094
6 0.680418 0.425458 1.87661 300127
6 0.680529 0.425811 1.87635 300161
6 0.680733 0.425565 1.87675 300194
6 0.681163 0.424461 1.88091 300228
6 0.68136 0.424448 1.88065 300261
6 0.682791 0.425182 1.87434 300294

7 0.591257 0.426188 1.87554 304331
7 0.591215 0.42583 1.87328 304365
7 0.59226 0.425012 1.87547 304399
7 0.592726 0.423209 1.8748 304433
7 0.594374 0.418838 1.87861 304467
7 0.597251 0.416022 1.88432 304500
7 0.59875 0.413562 1.88266 304534
7 0.599873 0.41258 1.88187 304568
7 0.599906 0.412871 1.88137 304601
7 0.600374 0.412506 1.88379 304635
7 0.601434 0.411503 1.88712 304667
7 0.601504 0.411569 1.88563 304701
7 0.601416 0.41075 1.88543 304735
7 0.602914 0.408462 1.88055 304769
7 0.602682 0.407399 1.87783 304803
7 0.602564 0.406679 1.87345 304836
7 0.60327 0.4062 1.87132 304870
7 0.605685 0.403928 1.86979 304904
7 0.606057 0.402242 1.8687 304938
7 0.607459 0.398933 1.86555 304972
7 0.608384 0.396704 1.86606 305005
7 0.609345 0.395904 1.8653 305038
7 0.612593 0.393301 1.86778 305072
7 0.61576 0.390772 1.86392 305106
7 0.618573 0.390553 1.86162 305140
7 0.620831 0.38948 1.86478 305174
7 0.622163 0.387431 1.86325 305208
7 0.625853 0.385601 1.86551 305242
7 0.62743 0.386246 1.86711 305275
7 0.630166 0.382203 1.86743 305308
7 0.63439 0.380743 1.86805 305341
7 0.635059 0.379773 1.86898 305373
7 0.640103 0.376947 1.86852 305406
7 0.643234 0.376907 1.86887 305438
7 0.646202 0.376496 1.86622 305470
7 0.648694 0.377205 1.86796 305502
7 0.650521 0.37953 1.87394 305535
7 0.65182 0.383886 1.87179 305569
7 0.655954 0.386593 1.87057 305602
7 0.656851 0.391735 1.87284 305634
7 0.656626 0.395582 1.87246 305666
7 0.656362 0.397384 1.87526 305699
7 0.654586 0.403466 1.88084 305733
7 0.654547 0.410901 1.88696 305768
7 0.65237 0.416487 1.88743 305801
7 0.651214 0.423441 1.88793 305833
7 0.649773 0.430746 1.89077 305867
7 0.649295 0.435489 1.88887 305901
7 0.648825 0.440772 1.89251 305934
7 0.645438 0.445178 1.89715 305969
7 0.641975 0.453206 1.90126 306002
7 0.640444 0.458987 1.90314 306035
7 0.63838 0.463497 1.90444 306068
7 0.634582 0.467117 1.90338 306100
7 0.629438 0.469882 1.90494 306133
7 0.625675 0.474251 1.90466 306165
7 0.62285 0.477817 1.90158 306199
7 0.620737 0.480023 1.89938 306232
7 0.618513 0.481231 1.89906 306264
7 0.61543 0.482398 1.89662 306297
7 0.612916 0.483568 1.89212 306330
7 0.609666 0.483195 1.89214 306364
7 0.606544 0.481207 1.89109 306396
7 0.603841 0.479889 1.8862 306430
7 0.60013 0.475568 1.88033 306464
7 0.597827 0.474402 1.87692 306498
7 0.596367 0.473771 1.87281 306539
7 0.594025 0.472611 1.8723 306574
7 0.591572 0.469991 1.87117 306608
7 0.590214 0.468473 1.86702 306641
7 0.588797 0.464901 1.86356 306674
7 0.589047 0.461755 1.85984 306708
7 0.587377 0.458971 1.85128 306740
7 0.585354 0.45372 1.84876 306773
7 0.585989 0.45 1.85009 306806
7 0.587222 0.44777 1.85573 306840
7 0.587615 0.444755 1.85112 306873
7 0.587835 0.442944 1.84349 306907
7 0.588151 0.441763 1.83982 306941
7 0.588941 0.440303 1.83914 306975
7 0.59109 0.435986 1.83527 307008
7 0.593521 0.434131 1.83643 307041
7 0.595047 0.433615 1.83657 307075
7 0.597593 0.43172 1.84049 307107
7 0.599592 0.431274 1.84609 307140

8 0.757254 0.285715 1.91084 310242
8 0.757033 0.285888 1.90805 310274
8 0.757162 0.28581 1.90904 310308
8 0.756636 0.284203 1.91007 310341
8 0.758715 0.285219 1.90585 310374
8 0.760473 0.285696 1.90036 310407
8 0.760094 0.283475 1.90882 310440
8 0.762737 0.277952 1.91465 310472
8 0.765214 0.274064 1.9207 310506
8 0.768186 0.272568 1.92711 310540
8 0.774134 0.27279 1.93269 310574
8 0.780942 0.2753 1.94132 310607
8 0.787939 0.277176 1.95074 310640
8 0.790588 0.28509 1.9587 310673
8 0.794701 0.299059 1.9638 310707
8 0.799192 0.311482 1.96782 310739
8 0.799924 0.324842 1.96956 310771
8 0.796584 0.338625 1.96607 310805
8 0.793633 0.356797 1.96489 310838
8 0.786075 0.373729 1.95523 310871
8 0.780215 0.390711 1.94576 310904
8 0.77204 0.406336 1.92386 310937
8 0.761644 0.418042 1.9138 310971
8 0.750213 0.423021 1.90141 311005
8 0.741838 0.426345 1.88712 311038
8 0.732015 0.428811 1.86818 311072
8 0.723548 0.425025 1.84748 311105
8 0.716889 0.416952 1.82882 311138
8 0.710724 0.403407 1.81954 311171
8 0.706746 0.388164 1.80923 311205
8 0.708386 0.370979 1.80369 311238
8 0.709873 0.352458 1.79867 311271
8 0.714606 0.336103 1.80392 311305
8 0.721739 0.320995 1.81216 311339
8 0.726979 0.308715 1.82049 311373
8 0.73482 0.300332 1.82973 311407
8 0.741397 0.295108 1.8427 311441
8 0.750587 0.29021 1.8582 311475
8 0.75824 0.28775 1.87395 311508
8 0.7657 0.28373 1.886 311542
8 0.773367 0.282147 1.89885 311575
8 0.779872 0.28134 1.91646 311609
8 0.787242 0.283415 1.92619 311644
8 0.792894 0.290097 1.93968 311678
8 0.79612 0.296979 1.94509 311712

9 0.712104 0.494534 2.01874 313881
9 0.712003 0.496701 2.01045 313915
9 0.714924 0.494575 2.00897 313947
9 0.718123 0.488994 2.01409 313980
9 0.720311 0.486186 2.01682 314013
9 0.722131 0.484457 2.02046 314047
9 0.724934 0.481495 2.02225 314080
9 0.727381 0.479026 2.02725 314113
9 0.732694 0.475011 2.03586 314148
9 0.738395 0.474061 2.03913 314181
9 0.74203 0.474106 2.04163 314213
9 0.745659 0.473298 2.05078 314247
9 0.748017 0.477922 2.05482 314280
9 0.750471 0.480445 2.06644 314314
9 0.751378 0.482145 2.07454 314347
9 0.753392 0.490071 2.08301 314380
9 0.75408 0.49686 2.09237 314414
9 0.753868 0.502404 2.09812 314447
9 0.754567 0.51251 2.10553 314481
9 0.749536 0.521189 2.11332 314514
9 0.746154 0.532361 2.11989 314548
9 0.742858 0.540268 2.11762 314581
9 0.736619 0.552292 2.12034 314614
9 0.731731 0.564468 2.11432 314647
9 0.723304 0.568115 2.1148 314680
9 0.717321 0.575168 2.10782 314714
9 0.712626 0.581249 2.10296 314747
9 0.707626 0.589248 2.09483 314780
9 0.701419 0.595997 2.0874 314811
9 0.693758 0.599005 2.08069 314844
9 0.686302 0.600475 2.06584 314877
9 0.680294 0.60241 2.05312 314911
9 0.677352 0.602397 2.03852 314945
9 0.675958 0.600284 2.02671 314979
9 0.675292 0.596375 2.01517 315013
9 0.674213 0.592421 1.99544 315047
9 0.673481 0.584327 1.98145 315081
9 0.675627 0.570359 1.97154 315114
9 0.677622 0.557049 1.9643 315147
9 0.679748 0.548243 1.9568 315180
9 0.684245 0.53394 1.95319 315213
9 0.687968 0.524018 1.95282 315246
9 0.695256 0.511202 1.94939 315280
9 0.700817 0.503486 1.95019 315314
9 0.707535 0.493892 1.95492 315347
9 0.716466 0.484447 1.96148 315380
9 0.723153 0.474461 1.96493 315413
9 0.729782 0.468593 1.96688 315447
9 0.738649 0.463462 1.97245 315481
9 0.74775 0.45954 1.97992 315515
9 0.756856 0.455633 1.98905 315548

