Gesto: 0
0 0.632366 0.200854 2.23847 314719
0 0.631694 0.202798 2.22722 314753
0 0.634154 0.202319 2.2304 314787
0 0.634703 0.196293 2.22117 314821
0 0.632693 0.193167 2.21832 314855
0 0.632317 0.19083 2.21521 314889
0 0.633741 0.189376 2.21131 314923
0 0.63577 0.187538 2.21493 314957
0 0.636747 0.187146 2.22984 314992
0 0.638387 0.185028 2.23545 315025
0 0.640678 0.180643 2.24236 315059
0 0.643429 0.17608 2.2414 315093
0 0.648411 0.177074 2.24749 315110
0 0.653636 0.170852 2.25115 315159
0 0.659031 0.168567 2.26222 315191
0 0.665344 0.165903 2.27042 315224
0 0.674023 0.163657 2.28243 315256
0 0.677445 0.166718 2.29173 315289
0 0.685681 0.169559 2.29798 315322
0 0.690498 0.170959 2.30082 315356
0 0.700433 0.172299 2.29553 315389
0 0.709313 0.175481 2.2934 315422
0 0.720729 0.177596 2.30238 315455
0 0.729296 0.183006 2.3032 315488
0 0.739045 0.191459 2.30506 315521
0 0.747666 0.199613 2.31301 315554
0 0.753296 0.213532 2.32097 315587
0 0.758364 0.230607 2.33161 315620
0 0.761714 0.251761 2.33591 315653
0 0.768287 0.272934 2.33898 315687
0 0.768421 0.290178 2.3338 315719
0 0.770842 0.313558 2.31901 315752
0 0.771656 0.338079 2.30863 315784
0 0.765949 0.359147 2.30616 315816
0 0.760229 0.37608 2.30655 315849
0 0.75571 0.394975 2.301 315882
0 0.748493 0.411709 2.29638 315915
0 0.739348 0.429613 2.29295 315948
0 0.732608 0.441385 2.28889 315981
0 0.72279 0.453459 2.29071 316014
0 0.716827 0.462218 2.29147 316046
0 0.704813 0.469528 2.28411 316081
0 0.694568 0.473948 2.27325 316113
0 0.684676 0.477695 2.26136 316146
0 0.672314 0.479859 2.25668 316179
0 0.662643 0.475509 2.26109 316229
0 0.653528 0.470939 2.25736 316246
0 0.644719 0.463134 2.25301 316279
0 0.635568 0.454853 2.24042 316329
0 0.628192 0.449913 2.23352 316346
0 0.621705 0.442989 2.22898 316379
0 0.618054 0.430145 2.22838 316414
0 0.616046 0.418044 2.22734 316448
0 0.613663 0.404046 2.22617 316481
0 0.611181 0.392384 2.22243 316516
0 0.603043 0.383298 2.22052 316549
0 0.599374 0.372463 2.21916 316582
0 0.597677 0.361045 2.22043 316614
0 0.595131 0.347333 2.21735 316647
0 0.596759 0.336496 2.21178 316679
0 0.597594 0.327988 2.20876 316713
0 0.595789 0.316894 2.20689 316747
0 0.595541 0.305127 2.21026 316781
0 0.597403 0.294701 2.21403 316815
0 0.596667 0.284085 2.20029 316847
0 0.59645 0.273026 2.20027 316881
0 0.595117 0.266855 2.20049 316915
0 0.595222 0.254492 2.21645 316949
0 0.601276 0.248998 2.22353 316984
0 0.606568 0.237071 2.2275 317017
0 0.614058 0.229158 2.23283 317050
0 0.61775 0.221281 2.23372 317083
0 0.619727 0.213954 2.23584 317116
0 0.623437 0.20778 2.23474 317150
0 0.626476 0.202326 2.24051 317183
0 0.630095 0.194449 2.24064 317217
0 0.632387 0.189378 2.23948 317251

1 0.637651 0.221901 2.22643 319253
1 0.638664 0.222597 2.23119 319287
1 0.639572 0.222356 2.22951 319321
1 0.642039 0.216669 2.22152 319354
1 0.645142 0.210227 2.21143 319387
1 0.648091 0.206038 2.22696 319420
1 0.648559 0.206642 2.22899 319453
1 0.651144 0.20621 2.23206 319486
1 0.654424 0.202601 2.24265 319517
1 0.655505 0.19568 2.25092 319550
1 0.660784 0.193198 2.25766 319583
1 0.663024 0.189417 2.25718 319617
1 0.66874 0.182015 2.2618 319649
1 0.67561 0.178344 2.28184 319682
1 0.682997 0.177842 2.2865 319716
1 0.688931 0.175806 2.29094 319750
1 0.700493 0.175832 2.29444 319784
1 0.70843 0.17807 2.29835 319817
1 0.711894 0.184389 2.30427 319851
1 0.71911 0.187924 2.30309 319883
1 0.724896 0.198451 2.30949 319915
1 0.731911 0.204592 2.30412 319947
1 0.73864 0.216069 2.31256 319981
1 0.739887 0.223907 2.307 320015
1 0.743953 0.23576 2.313 320049
1 0.744851 0.246632 2.30708 320083
1 0.746058 0.258563 2.31349 320115
1 0.74622 0.269385 2.31099 320150
1 0.752102 0.281376 2.31709 320183
1 0.754796 0.296928 2.31077 320217
1 0.752332 0.310169 2.30755 320250
1 0.754131 0.32401 2.30502 320284
1 0.755153 0.340712 2.29671 320319
1 0.750845 0.353364 2.2974 320353
1 0.745027 0.367708 2.29581 320385
1 0.7413 0.379855 2.28955 320419
1 0.732383 0.39127 2.28245 320453
1 0.72815 0.403109 2.28594 320486
1 0.719275 0.414716 2.29037 320519
1 0.714189 0.421849 2.28788 320552
1 0.708292 0.430114 2.27201 320586
1 0.699968 0.435662 2.25788 320620
1 0.688809 0.441818 2.25487 320654
1 0.681848 0.445589 2.25289 320686
1 0.671922 0.444561 2.25092 320718
1 0.663184 0.442859 2.25166 320751
1 0.656357 0.44188 2.2411 320784
1 0.647063 0.439029 2.23906 320818
1 0.636885 0.437463 2.22989 320850
1 0.631824 0.431286 2.22695 320884
1 0.626685 0.420836 2.2254 320917
1 0.621586 0.409694 2.2203 320949
1 0.616808 0.401405 2.21374 320983
1 0.614342 0.390757 2.20855 321017
1 0.606171 0.380829 2.19805 321049
1 0.601581 0.37416 2.19766 321099
1 0.598154 0.362629 2.20424 321115
1 0.598321 0.350836 2.20816 321149
1 0.597868 0.340644 2.20634 321199
1 0.596669 0.333702 2.20125 321215
1 0.595935 0.322668 2.19873 321249
1 0.596231 0.314391 2.19939 321299
1 0.598753 0.305625 2.19627 321317
1 0.597894 0.294857 2.20095 321350
1 0.600291 0.287685 2.20875 321383
1 0.602329 0.280792 2.20894 321417
1 0.608045 0.26746 2.20071 321450
1 0.612618 0.258856 2.19633 321484
1 0.612205 0.252008 2.20065 321518
1 0.61779 0.2464 2.2165 321552
1 0.618708 0.243801 2.22286 321585
1 0.625311 0.236561 2.22202 321619
1 0.628866 0.231927 2.22426 321651
1 0.631554 0.229858 2.22672 321685
1 0.635573 0.23165 2.23914 321719

2 0.643272 0.224636 2.2286 324163
2 0.643563 0.223664 2.22429 324197
2 0.647764 0.218579 2.20379 324231
2 0.645932 0.217985 2.21341 324265
2 0.646083 0.215449 2.2047 324300
2 0.65083 0.21307 2.19812 324333
2 0.65056 0.209531 2.19854 324350
2 0.648937 0.206922 2.18836 324400
2 0.655867 0.204302 2.20735 324434
2 0.65923 0.203631 2.21971 324451
2 0.667107 0.201959 2.23314 324500
2 0.671204 0.199664 2.24184 324533
2 0.674376 0.197099 2.2491 324550
2 0.681657 0.19505 2.26628 324600
2 0.691125 0.195602 2.26209 324633
2 0.700207 0.195766 2.27087 324667
2 0.708607 0.197005 2.28361 324700
2 0.717397 0.199296 2.28595 324734
2 0.722852 0.206342 2.29362 324751
2 0.727515 0.211903 2.29243 324801
2 0.733743 0.222063 2.28982 324818
2 0.738107 0.230638 2.29003 324852
2 0.74031 0.241796 2.28684 324902
2 0.742391 0.250233 2.28999 324918
2 0.744184 0.26488 2.29411 324950
2 0.744854 0.283161 2.2936 325000
2 0.747433 0.297921 2.29 325033
2 0.745657 0.311439 2.28808 325050
2 0.744305 0.326862 2.28811 325101
2 0.739881 0.340606 2.28522 325118
2 0.737734 0.353196 2.28393 325152
2 0.734879 0.364858 2.27521 325202
2 0.730807 0.377313 2.27348 325220
2 0.725176 0.390114 2.26135 325254
2 0.720427 0.40242 2.24825 325287
2 0.713766 0.411341 2.23356 325321
2 0.703321 0.416378 2.23694 325355
2 0.695304 0.417464 2.23765 325388
2 0.685231 0.421703 2.23853 325423
2 0.675395 0.424874 2.23058 325456
2 0.666363 0.424028 2.23263 325490
2 0.657912 0.419706 2.22822 325524
2 0.648623 0.414463 2.22413 325558
2 0.637337 0.406556 2.21414 325592
2 0.631698 0.401334 2.21389 325626
2 0.625605 0.391554 2.20954 325659
2 0.618815 0.38303 2.20581 325693
2 0.613993 0.373207 2.20452 325727
2 0.610426 0.365295 2.20558 325762
2 0.607686 0.355271 2.20133 325795
2 0.602537 0.343491 2.18746 325827
2 0.599949 0.33369 2.18407 325860
2 0.598339 0.321517 2.17807 325893
2 0.597405 0.312204 2.18406 325928
2 0.597653 0.301871 2.18779 325962
2 0.601249 0.294555 2.18642 325995
2 0.599594 0.285907 2.18771 326028
2 0.604744 0.275421 2.19042 326061
2 0.609728 0.26906 2.20062 326096
2 0.612029 0.259772 2.20287 326128
2 0.614991 0.25204 2.20807 326160
2 0.615809 0.249951 2.20668 326194
2 0.620831 0.241974 2.202 326228
2 0.625827 0.236288 2.21271 326261
2 0.627801 0.230813 2.21403 326294
2 0.633077 0.226798 2.21743 326327
2 0.636436 0.224883 2.2263 326359
2 0.6393 0.224635 2.22137 326392
2 0.642053 0.222208 2.22334 326427
2 0.644372 0.216392 2.20811 326460

3 0.665853 0.322927 2.23827 332362
3 0.665491 0.323039 2.2382 332396
3 0.665307 0.322987 2.23814 332430
3 0.664607 0.322572 2.24424 332463
3 0.664348 0.31608 2.24294 332497
3 0.663569 0.310615 2.24181 332530
3 0.662166 0.298776 2.24207 332564
3 0.662405 0.28434 2.24837 332597
3 0.663097 0.270809 2.25387 332631
3 0.664956 0.253904 2.2655 332665
3 0.671854 0.24034 2.27345 332697
3 0.677886 0.228778 2.2832 332730
3 0.688833 0.213824 2.29927 332764
3 0.698478 0.203886 2.31448 332798
3 0.70942 0.197294 2.32685 332831
3 0.721291 0.192297 2.34049 332865
3 0.733465 0.189429 2.34701 332899
3 0.741358 0.194545 2.3548 332931
3 0.753997 0.201962 2.36026 332965
3 0.767315 0.212229 2.37096 332999
3 0.775646 0.227576 2.3765 333033
3 0.780887 0.24629 2.3799 333066
3 0.78473 0.271439 2.38203 333100
3 0.785691 0.294451 2.38138 333133
3 0.788569 0.320886 2.36477 333166
3 0.788713 0.346897 2.37078 333199
3 0.784277 0.372056 2.36872 333233
3 0.781668 0.399268 2.36332 333266
3 0.771949 0.419346 2.35543 333299
3 0.765711 0.437914 2.33837 333332
3 0.75303 0.45743 2.34056 333365
3 0.739093 0.469439 2.33451 333397
3 0.72548 0.477168 2.33047 333430
3 0.711652 0.476571 2.3172 333462
3 0.702233 0.478318 2.30548 333495
3 0.690974 0.475203 2.30226 333528
3 0.679094 0.471111 2.29767 333561
3 0.669964 0.45832 2.28678 333594
3 0.66234 0.445184 2.28118 333626
3 0.654972 0.422827 2.27116 333660
3 0.646061 0.4017 2.27174 333693
3 0.641923 0.38143 2.26634 333742
3 0.645781 0.356889 2.25665 333775
3 0.646601 0.339706 2.25466 333792
3 0.647001 0.321901 2.25181 333841
3 0.648027 0.302561 2.25058 333874
3 0.650413 0.285317 2.24707 333908
3 0.65607 0.271974 2.2443 333941

4 0.673068 0.293588 2.2368 336471
4 0.673865 0.289928 2.23959 336505
4 0.67313 0.287206 2.24753 336539
4 0.668437 0.277554 2.24561 336572
4 0.665047 0.269973 2.24899 336606
4 0.667008 0.258652 2.25088 336639
4 0.665866 0.247267 2.26227 336672
4 0.669095 0.232613 2.27016 336706
4 0.679277 0.217454 2.27422 336740
4 0.68654 0.206421 2.28376 336774
4 0.696577 0.199031 2.29402 336807
4 0.705139 0.195729 2.2996 336841
4 0.715865 0.188162 2.30761 336874
4 0.723704 0.188954 2.311 336908
4 0.735074 0.19227 2.31868 336943
4 0.745874 0.199612 2.32448 336976
4 0.755194 0.208384 2.32078 337010
4 0.766577 0.217021 2.3378 337027
4 0.772825 0.232239 2.34496 337076
4 0.778762 0.253193 2.35325 337110
4 0.781997 0.273801 2.35938 337127
4 0.787226 0.29392 2.36267 337176
4 0.78505 0.313899 2.35527 337209
4 0.786599 0.335038 2.34277 337243
4 0.783634 0.359334 2.33997 337277
4 0.778555 0.38 2.3295 337310
4 0.768334 0.398016 2.31664 337343
4 0.75676 0.414573 2.31141 337375
4 0.743427 0.42355 2.30563 337408
4 0.733665 0.433527 2.3023 337441
4 0.723125 0.443071 2.29682 337475
4 0.709624 0.445978 2.29735 337509
4 0.69476 0.447697 2.28777 337543
4 0.681535 0.445467 2.27979 337575
4 0.670911 0.439151 2.27476 337608
4 0.662437 0.431629 2.27069 337640
4 0.653906 0.419909 2.26307 337674
4 0.645152 0.402272 2.25666 337707
4 0.639136 0.388482 2.25344 337740
4 0.632371 0.373086 2.25527 337773
4 0.629115 0.358005 2.25718 337806
4 0.62886 0.340809 2.26379 337839
4 0.630339 0.322818 2.25701 337872
4 0.631595 0.306025 2.25228 337905
4 0.632499 0.288753 2.24633 337939
4 0.631584 0.275341 2.24494 337972
4 0.633897 0.265328 2.2541 338006
4 0.639391 0.255264 2.2612 338039
4 0.642409 0.247523 2.25481 338072
4 0.64662 0.241888 2.26307 338106

5 0.500372 0.140694 2.23458 380933
5 0.502486 0.142247 2.23016 380983
5 0.502381 0.142341 2.22812 381001
5 0.503218 0.141945 2.232 381034
5 0.505133 0.136838 2.22135 381067
5 0.506336 0.137806 2.22217 381101
5 0.508108 0.136195 2.20974 381134
5 0.508286 0.133611 2.20242 381182
5 0.508578 0.130756 2.20894 381215
5 0.512037 0.12675 2.21985 381232
5 0.514158 0.125647 2.20854 381283
5 0.515487 0.121098 2.21816 381300
5 0.524469 0.117765 2.22767 381333
5 0.529515 0.111984 2.21963 381382
5 0.540023 0.101055 2.22832 381399
5 0.546542 0.0932196 2.23326 381432
5 0.554862 0.0895128 2.23628 381483
5 0.562576 0.0902516 2.25024 381499
5 0.572703 0.0871745 2.25339 381551
5 0.586436 0.0851609 2.25549 381567
5 0.599822 0.0829309 2.26188 381599
5 0.608418 0.0802815 2.27222 381649
5 0.617562 0.0837667 2.28114 381682
5 0.631669 0.087328 2.29156 381698
5 0.645265 0.0925756 2.29798 381747
5 0.653344 0.100869 2.30246 381780
5 0.666642 0.105433 2.30881 381814
5 0.680419 0.115946 2.31566 381847
5 0.689751 0.129088 2.32453 381880
5 0.699403 0.138895 2.3254 381913
5 0.711558 0.151922 2.32575 381946
5 0.721656 0.163571 2.32498 381978
5 0.731317 0.182343 2.3265 382011
5 0.737152 0.200573 2.32951 382043
5 0.746502 0.220123 2.34089 382076
5 0.75157 0.240257 2.34481 382108
5 0.755722 0.26228 2.35528 382142
5 0.757392 0.284617 2.35257 382175
5 0.763978 0.311383 2.3392 382207
5 0.764648 0.339482 2.33253 382241
5 0.764937 0.36137 2.3434 382274
5 0.761776 0.386906 2.34067 382306
5 0.75529 0.408095 2.34529 382338
5 0.749583 0.429339 2.34181 382371
5 0.741127 0.445981 2.33791 382405
5 0.73478 0.470931 2.33554 382437
5 0.725373 0.492898 2.33414 382470
5 0.71752 0.514331 2.33072 382502
5 0.705719 0.527799 2.3277 382536
5 0.692867 0.542044 2.32439 382569
5 0.682632 0.557101 2.31265 382602
5 0.668471 0.570558 2.31614 382635
5 0.654841 0.577893 2.31817 382667
5 0.640809 0.588015 2.31461 382716
5 0.62647 0.59465 2.31105 382750
5 0.612466 0.598164 2.3011 382767
5 0.598076 0.599616 2.29531 382816
5 0.58467 0.596035 2.29035 382849
5 0.575531 0.589606 2.28692 382883
5 0.562847 0.584738 2.2747 382915
5 0.554734 0.573579 2.27002 382949
5 0.544654 0.563179 2.25897 382982
5 0.533943 0.551366 2.24384 383014
5 0.524997 0.540764 2.23748 383047
5 0.520569 0.526559 2.2359 383081
5 0.516348 0.511769 2.22973 383115
5 0.512089 0.493792 2.22809 383149
5 0.507811 0.481848 2.21957 383166
5 0.500961 0.470202 2.19962 383216
5 0.495881 0.458592 2.19195 383250
5 0.492212 0.447482 2.18139 383267
5 0.490249 0.431938 2.17938 383317
5 0.490873 0.420611 2.17854 383334
5 0.490878 0.406857 2.17616 383368
5 0.489551 0.39108 2.17689 383402
5 0.490399 0.377476 2.17872 383435
5 0.490297 0.363836 2.17858 383468
5 0.490011 0.34931 2.1767 383518
5 0.490035 0.334809 2.17927 383534
5 0.486423 0.319742 2.17511 383567
5 0.484127 0.304724 2.17565 383614
5 0.483223 0.294069 2.17644 383648
5 0.482711 0.279002 2.17763 383681
5 0.485518 0.26621 2.18249 383715
5 0.487625 0.249599 2.18295 383749
5 0.488279 0.231878 2.18383 383766
5 0.489331 0.220044 2.18654 383816
5 0.490165 0.206756 2.19127 383849
5 0.492348 0.194184 2.18947 383883
5 0.497235 0.182939 2.19342 383916
5 0.501395 0.177923 2.19616 383950
5 0.506073 0.171864 2.20651 383982
5 0.510439 0.163958 2.20521 384016
5 0.513785 0.156729 2.20344 384050
5 0.516391 0.151477 2.19731 384082

6 0.564025 0.135548 2.26345 387716
6 0.564182 0.136216 2.26748 387749
6 0.562859 0.136381 2.26862 387782
6 0.563432 0.13649 2.26808 387817
6 0.562551 0.137884 2.26568 387850
6 0.562725 0.137517 2.26312 387885
6 0.563732 0.135872 2.25636 387919
6 0.565083 0.133989 2.25532 387952
6 0.565503 0.133523 2.26078 387987
6 0.565367 0.132162 2.26371 388020
6 0.571524 0.13213 2.27079 388053
6 0.57502 0.124566 2.27959 388087
6 0.577202 0.121094 2.2744 388120
6 0.579989 0.117953 2.26909 388138
6 0.585163 0.117566 2.27118 388188
6 0.589093 0.116003 2.27938 388204
6 0.593782 0.110462 2.27573 388238
6 0.597226 0.107682 2.26742 388273
6 0.603944 0.105317 2.25432 388306
6 0.611011 0.101529 2.25536 388339
6 0.612206 0.104442 2.27244 388389
6 0.615732 0.10775 2.27974 388405
6 0.620321 0.109979 2.28453 388440
6 0.623297 0.110817 2.28608 388474
6 0.62609 0.115721 2.2797 388507
6 0.628806 0.121438 2.28516 388540
6 0.632016 0.127503 2.28621 388574
6 0.63792 0.132148 2.27676 388607
6 0.64285 0.137072 2.2748 388641
6 0.642958 0.146471 2.26822 388674
6 0.646797 0.150407 2.27268 388707
6 0.645218 0.1563 2.26718 388757
6 0.649302 0.164871 2.27004 388790
6 0.651344 0.173344 2.26163 388806
6 0.65261 0.17763 2.25516 388855
6 0.654186 0.186363 2.25403 388888
6 0.654539 0.194519 2.2479 388906
6 0.652971 0.20126 2.24126 388954
6 0.648705 0.206251 2.23991 388987
6 0.647687 0.212661 2.24353 389021
6 0.64502 0.218161 2.23877 389055
6 0.642561 0.221576 2.22759 389088
6 0.636806 0.225299 2.22406 389105
6 0.635124 0.231486 2.22369 389156
6 0.629103 0.23519 2.22752 389173
6 0.626549 0.239987 2.23081 389205
6 0.620214 0.243972 2.22973 389255
6 0.614658 0.245563 2.22158 389288
6 0.60842 0.246579 2.22288 389305
6 0.605242 0.24783 2.22224 389356
6 0.600556 0.24798 2.22136 389373
6 0.595316 0.24932 2.21645 389406
6 0.592099 0.246969 2.21737 389455
6 0.588555 0.242393 2.21557 389472
6 0.585128 0.237252 2.21426 389505
6 0.582786 0.23384 2.2111 389556
6 0.58177 0.230866 2.21029 389589
6 0.58033 0.228829 2.21046 389606
6 0.575854 0.222798 2.20661 389654
6 0.571707 0.216868 2.20215 389688
6 0.569332 0.2164 2.19676 389704
6 0.56832 0.210263 2.2057 389754
6 0.568395 0.204374 2.20802 389786
6 0.566887 0.196665 2.20576 389818
6 0.566133 0.191838 2.21244 389852
6 0.568243 0.187698 2.21846 389885
6 0.569405 0.182675 2.22438 389917
6 0.568074 0.173553 2.23039 389950
6 0.56826 0.167929 2.23169 389983
6 0.56923 0.164363 2.23465 390018
6 0.569823 0.1609 2.24064 390051
6 0.571195 0.155356 2.23455 390084
6 0.571165 0.151572 2.23189 390118
6 0.574194 0.146776 2.23479 390150
6 0.576899 0.142545 2.23661 390182
6 0.578496 0.14077 2.23633 390216
6 0.58037 0.140656 2.22531 390249
6 0.580065 0.138431 2.22471 390283
6 0.58371 0.133577 2.23219 390317
6 0.586557 0.129118 2.24574 390352
6 0.587637 0.128753 2.24273 390384
6 0.58777 0.128439 2.24182 390417

7 0.649899 0.36949 2.26973 400325
7 0.649859 0.368913 2.26714 400359
7 0.649751 0.370071 2.2603 400392
7 0.649164 0.368888 2.26165 400425
7 0.647853 0.362607 2.26764 400457
7 0.646311 0.358883 2.27015 400491
7 0.646006 0.354397 2.27745 400524
7 0.646677 0.352172 2.2791 400557
7 0.652081 0.350477 2.27779 400590
7 0.656667 0.347133 2.27165 400623
7 0.658692 0.343583 2.26783 400657
7 0.661031 0.341204 2.27305 400691
7 0.663696 0.336469 2.27217 400724
7 0.666974 0.334582 2.27556 400756
7 0.669797 0.330202 2.28018 400789
7 0.674432 0.327918 2.28288 400822
7 0.679166 0.328128 2.28724 400855
7 0.684154 0.32578 2.28998 400888
7 0.68932 0.325414 2.294 400922
7 0.696501 0.32587 2.2995 400956
7 0.700767 0.327257 2.30525 400989
7 0.703999 0.328802 2.31274 401021
7 0.706183 0.331403 2.31267 401055
7 0.709226 0.336604 2.31705 401089
7 0.713777 0.341523 2.31874 401123
7 0.718586 0.346866 2.32159 401155
7 0.723622 0.356401 2.31755 401188
7 0.726274 0.361024 2.32167 401223
7 0.730426 0.368526 2.32386 401256
7 0.730526 0.378547 2.32209 401289
7 0.732745 0.388189 2.3208 401321
7 0.732727 0.398127 2.32234 401354
7 0.73588 0.408988 2.321 401387
7 0.734814 0.419327 2.31711 401420
7 0.73487 0.424399 2.32403 401455
7 0.733339 0.436391 2.32466 401489
7 0.732321 0.444289 2.33168 401522
7 0.730027 0.450785 2.34161 401554
7 0.727174 0.453532 2.34537 401588
7 0.72146 0.462774 2.34195 401622
7 0.722245 0.471852 2.33885 401656
7 0.718056 0.483144 2.32975 401691
7 0.714779 0.491459 2.32274 401724
7 0.708006 0.495987 2.32473 401757
7 0.703061 0.498888 2.3249 401789
7 0.696137 0.504548 2.32409 401823
7 0.690108 0.508596 2.32189 401856
7 0.685111 0.512852 2.31785 401891
7 0.682394 0.515938 2.30966 401924
7 0.679962 0.51939 2.29489 401957
7 0.674516 0.516842 2.30077 401990
7 0.6669 0.509753 2.30475 402023
7 0.660943 0.50738 2.30528 402056
7 0.654113 0.503274 2.30423 402090
7 0.649026 0.498925 2.30197 402124
7 0.641875 0.492634 2.30297 402158
7 0.640038 0.488559 2.30281 402192
7 0.633838 0.482918 2.29339 402226
7 0.629967 0.4788 2.28571 402261
7 0.630182 0.468662 2.28475 402294
7 0.626663 0.460541 2.27861 402329
7 0.625412 0.453328 2.28516 402362
7 0.623202 0.446657 2.27939 402396
7 0.625984 0.440034 2.27845 402430
7 0.62489 0.429192 2.27454 402464
7 0.623213 0.421724 2.27147 402497
7 0.623997 0.417263 2.2684 402530
7 0.623722 0.408696 2.26692 402564
7 0.623682 0.402796 2.26176 402598
7 0.62402 0.397238 2.26417 402633
7 0.621358 0.390739 2.26714 402649
7 0.620636 0.385005 2.26772 402698
7 0.622137 0.380578 2.25863 402732
7 0.625347 0.376126 2.25556 402765

8 0.585642 0.314383 2.15682 408170
8 0.587844 0.311888 2.15083 408203
8 0.586892 0.306874 2.15263 408235
8 0.588597 0.303417 2.1533 408269
8 0.58862 0.298754 2.1526 408302
8 0.589845 0.286762 2.15608 408336
8 0.589455 0.278198 2.15985 408368
8 0.589992 0.267753 2.16443 408401
8 0.589524 0.25848 2.17491 408435
8 0.588587 0.246542 2.17655 408468
8 0.593936 0.236263 2.17997 408501
8 0.597321 0.222577 2.18101 408533
8 0.601409 0.207745 2.1828 408567
8 0.605115 0.19856 2.18082 408599
8 0.6102 0.186014 2.18111 408633
8 0.612732 0.177659 2.18093 408667
8 0.618174 0.170445 2.19822 408701
8 0.622249 0.166484 2.21647 408733
8 0.630508 0.158366 2.2359 408767
8 0.636188 0.154363 2.23997 408800
8 0.644981 0.147836 2.24521 408833
8 0.6528 0.1443 2.25698 408866
8 0.655387 0.149295 2.26362 408899
8 0.659321 0.151507 2.27847 408932
8 0.663849 0.151248 2.29 408965
8 0.668542 0.151117 2.29426 408997
8 0.675637 0.150085 2.30022 409031
8 0.685375 0.151597 2.30006 409065
8 0.691429 0.151082 2.30565 409099
8 0.696596 0.157541 2.31819 409133
8 0.704138 0.162244 2.33294 409168
8 0.70884 0.165022 2.3367 409201
8 0.717371 0.165452 2.34515 409235
8 0.723727 0.173853 2.35272 409269
8 0.729286 0.180232 2.36179 409303
8 0.734701 0.189589 2.35833 409337
8 0.741562 0.198004 2.36241 409370
8 0.743587 0.205756 2.37135 409403
8 0.746743 0.217854 2.37428 409437
8 0.751988 0.229444 2.37844 409471
8 0.757119 0.239733 2.37268 409504
8 0.76116 0.254204 2.37576 409538
8 0.761388 0.268807 2.37212 409555
8 0.763533 0.282618 2.36561 409604
8 0.763843 0.296998 2.36662 409638
8 0.762466 0.311125 2.36383 409655
8 0.764036 0.327138 2.36181 409706
8 0.761568 0.340641 2.3552 409723
8 0.759943 0.355778 2.34061 409758
8 0.755943 0.370831 2.34436 409792
8 0.749576 0.386289 2.33971 409825
8 0.74766 0.398976 2.33763 409857
8 0.742691 0.411513 2.3242 409907
8 0.741416 0.424107 2.31875 409925
8 0.735183 0.43895 2.30991 409959
8 0.730287 0.448808 2.30904 409991
8 0.726454 0.454148 2.30571 410025
8 0.719424 0.455118 2.31335 410060
8 0.711939 0.463433 2.30682 410093
8 0.704011 0.46755 2.30658 410126
8 0.698522 0.469737 2.30322 410160
8 0.690051 0.469933 2.29652 410193
8 0.683435 0.472108 2.28631 410228
8 0.676923 0.47061 2.27686 410261
8 0.670297 0.46829 2.27465 410294
8 0.663812 0.463747 2.26353 410326
8 0.658635 0.461235 2.25456 410359
8 0.650868 0.457325 2.25137 410392
8 0.645206 0.453122 2.24797 410425
8 0.639246 0.448527 2.23847 410459
8 0.633677 0.440377 2.23745 410493
8 0.629234 0.434867 2.22906 410525
8 0.624775 0.425511 2.22409 410574
8 0.621572 0.41544 2.2264 410606
8 0.618431 0.408607 2.22447 410639
8 0.614977 0.399159 2.21604 410671
8 0.61166 0.391711 2.20897 410704
8 0.608864 0.384447 2.20369 410737
8 0.60684 0.375338 2.20486 410771
8 0.602483 0.364652 2.20876 410804
8 0.600587 0.355876 2.20537 410837
8 0.599543 0.347863 2.19269 410870
8 0.59672 0.341003 2.18625 410904
8 0.594651 0.331454 2.18234 410937
8 0.593856 0.323764 2.18205 410970
8 0.590409 0.313333 2.1756 411004
8 0.590462 0.305305 2.1741 411037
8 0.592179 0.297873 2.17425 411070
8 0.591683 0.288874 2.1757 411102
8 0.592939 0.28035 2.18209 411136
8 0.593357 0.274522 2.17887 411170
8 0.5934 0.268212 2.18117 411202
8 0.59527 0.261597 2.18849 411236
8 0.596581 0.256934 2.18997 411269

9 0.613288 0.238582 2.17454 414828
9 0.61293 0.238984 2.17048 414876
9 0.612637 0.240025 2.16958 414893
9 0.612446 0.240426 2.16936 414944
9 0.614724 0.238913 2.17578 414978
9 0.615257 0.234417 2.18075 414994
9 0.618662 0.233162 2.18456 415044
9 0.620867 0.229413 2.18487 415077
9 0.623153 0.22202 2.1836 415094
9 0.626411 0.213019 2.19472 415143
9 0.62984 0.204004 2.19744 415176
9 0.63478 0.194743 2.20803 415210
9 0.637404 0.189651 2.2169 415243
9 0.643007 0.180093 2.22854 415276
9 0.646735 0.175431 2.23376 415293
9 0.651492 0.170381 2.23994 415343
9 0.661208 0.166201 2.23501 415376
9 0.668802 0.162828 2.23819 415409
9 0.672102 0.160223 2.24272 415441
9 0.67638 0.15728 2.25863 415474
9 0.68017 0.162404 2.27676 415507
9 0.686292 0.167111 2.29388 415542
9 0.696251 0.170536 2.29963 415574
9 0.703509 0.17216 2.30297 415607
9 0.711427 0.175001 2.30626 415641
9 0.718323 0.180935 2.31472 415674
9 0.724559 0.184852 2.32564 415707
9 0.732082 0.188026 2.32372 415739
9 0.737554 0.197758 2.32362 415773
9 0.742864 0.204652 2.32958 415806
9 0.746398 0.216842 2.34109 415839
9 0.750839 0.222923 2.34105 415871
9 0.756458 0.235466 2.34764 415905
9 0.760447 0.246612 2.34454 415939
9 0.762182 0.259508 2.3482 415972
9 0.766799 0.273056 2.34716 416005
9 0.766175 0.286596 2.34981 416037
9 0.763059 0.299219 2.34965 416071
9 0.760304 0.313699 2.33807 416104
9 0.761079 0.328782 2.33519 416137
9 0.758513 0.340244 2.33013 416171
9 0.756595 0.355303 2.32201 416205
9 0.750567 0.372307 2.31787 416239
9 0.745649 0.383809 2.31912 416272
9 0.742963 0.396071 2.31287 416305
9 0.740413 0.405639 2.31042 416339
9 0.733964 0.417151 2.31216 416371
9 0.727602 0.427113 2.31187 416405
9 0.719641 0.436762 2.30822 416437
9 0.713722 0.444061 2.30513 416470
9 0.707057 0.451175 2.29003 416504
9 0.69981 0.455534 2.27896 416539
9 0.692873 0.458091 2.27051 416573
9 0.686263 0.464989 2.26011 416605
9 0.679775 0.467323 2.2559 416639
9 0.672887 0.467295 2.25224 416672
9 0.665334 0.461547 2.24805 416705
9 0.660773 0.457169 2.24678 416738
9 0.652873 0.453193 2.24238 416772
9 0.644774 0.448047 2.23882 416806
9 0.63882 0.441444 2.23145 416840
9 0.633071 0.431469 2.22616 416873
9 0.628712 0.429303 2.21796 416907
9 0.623883 0.421148 2.2122 416941
9 0.61966 0.416563 2.20793 416974
9 0.615218 0.410676 2.19664 417007
9 0.61197 0.40396 2.18815 417040
9 0.60952 0.393157 2.18206 417073
9 0.606383 0.38501 2.18103 417107
9 0.602609 0.375006 2.17709 417140
9 0.602348 0.364511 2.17698 417174
9 0.59913 0.353156 2.16992 417208
9 0.598626 0.343084 2.16748 417241
9 0.596186 0.331234 2.16384 417274
9 0.596131 0.32037 2.16175 417308
9 0.594348 0.309911 2.16415 417341
9 0.595424 0.300128 2.16671 417375
9 0.597433 0.288372 2.17013 417408
9 0.598635 0.278951 2.16975 417443
9 0.600994 0.267266 2.17177 417475
9 0.603417 0.260712 2.16942 417509
9 0.606472 0.249571 2.16602 417541
9 0.608593 0.241222 2.16653 417576
9 0.609505 0.234965 2.16746 417609
9 0.612738 0.227923 2.16715 417643
9 0.615148 0.221321 2.1635 417677
9 0.618267 0.216623 2.16318 417710
9 0.620473 0.212614 2.16313 417744

