Gesto: 0
0 0.561315 0.203421 1.94895 1.03831e+06
0 0.560968 0.202591 1.94671 1.03834e+06
0 0.557875 0.199659 1.95592 1.03837e+06
0 0.555068 0.199279 1.96255 1.03840e+06
0 0.554491 0.192772 1.95974 1.03844e+06
0 0.555042 0.185993 1.96173 1.03847e+06
0 0.559527 0.18034 1.95918 1.03851e+06
0 0.561638 0.172769 1.96319 1.03854e+06
0 0.562406 0.162885 1.96288 1.03857e+06
0 0.563857 0.154857 1.96326 1.03861e+06
0 0.567006 0.145201 1.96408 1.03864e+06
0 0.575074 0.138835 1.96201 1.03867e+06
0 0.585566 0.133878 1.96309 1.03871e+06
0 0.593831 0.131477 1.95667 1.03874e+06
0 0.600269 0.135774 1.9623 1.03877e+06
0 0.608576 0.141239 1.95868 1.03881e+06
0 0.616845 0.151518 1.96207 1.03884e+06
0 0.621109 0.166085 1.95932 1.03887e+06
0 0.623709 0.181787 1.96336 1.03891e+06
0 0.620667 0.200197 1.95708 1.03894e+06
0 0.617452 0.217287 1.95664 1.03897e+06
0 0.612324 0.233156 1.96029 1.03900e+06
0 0.603598 0.242213 1.96723 1.03904e+06
0 0.596867 0.249062 1.96464 1.03907e+06
0 0.587301 0.250519 1.96832 1.0391e+06
0 0.579097 0.245012 1.97024 1.03914e+06
0 0.572538 0.23885 1.97237 1.03917e+06
0 0.566523 0.224741 1.97347 1.0392e+06
0 0.562503 0.213068 1.97468 1.03924e+06
0 0.562738 0.198509 1.97784 1.03927e+06
0 0.562793 0.188753 1.98289 1.0393e+06
0 0.56248 0.177269 1.98215 1.03935e+06

1 0.465664 0.203875 1.98922 1.04024e+06
1 0.464893 0.201179 1.98933 1.04027e+06
1 0.461774 0.198591 1.98807 1.04031e+06
1 0.459757 0.197359 1.98382 1.04034e+06
1 0.457118 0.196901 1.98481 1.04038e+06
1 0.451817 0.192109 1.98895 1.04041e+06
1 0.449047 0.187839 1.9898 1.04044e+06
1 0.447541 0.182451 1.99035 1.04048e+06
1 0.44549 0.172533 1.98864 1.04051e+06
1 0.444866 0.162032 1.98856 1.04054e+06
1 0.443857 0.15303 1.98505 1.04058e+06
1 0.447134 0.141971 1.98651 1.04061e+06
1 0.453538 0.135355 1.98315 1.04064e+06
1 0.460593 0.13044 1.98264 1.04068e+06
1 0.469642 0.128802 1.97766 1.04071e+06
1 0.480611 0.136121 1.96697 1.04074e+06
1 0.487292 0.143665 1.95258 1.04078e+06
1 0.493001 0.150279 1.94019 1.04081e+06
1 0.49783 0.161378 1.93308 1.04085e+06
1 0.501126 0.180429 1.9297 1.04088e+06
1 0.50467 0.196283 1.92592 1.04091e+06
1 0.500203 0.215477 1.93316 1.04095e+06
1 0.493912 0.228125 1.94334 1.04098e+06
1 0.487215 0.233259 1.96004 1.04101e+06
1 0.477903 0.235237 1.96581 1.04105e+06
1 0.469149 0.232956 1.97228 1.04108e+06
1 0.461123 0.226959 1.98086 1.04112e+06
1 0.454752 0.215493 1.98445 1.04115e+06
1 0.448507 0.20611 1.99091 1.04118e+06
1 0.44652 0.199045 1.99675 1.04122e+06

2 0.516385 0.338529 1.98181 1.04172e+06
2 0.518173 0.348255 1.98308 1.04175e+06
2 0.519263 0.34785 1.98085 1.04178e+06
2 0.520337 0.345116 1.98561 1.04182e+06
2 0.520207 0.342792 1.9834 1.04185e+06
2 0.52132 0.333162 1.98028 1.04188e+06
2 0.521496 0.321649 1.97246 1.04192e+06
2 0.523226 0.308526 1.97206 1.04195e+06
2 0.527193 0.295397 1.97248 1.04198e+06
2 0.532252 0.28758 1.96888 1.04202e+06
2 0.539274 0.279742 1.96289 1.04205e+06
2 0.544493 0.275523 1.95817 1.04208e+06
2 0.552985 0.273099 1.95952 1.04212e+06
2 0.559667 0.279734 1.96273 1.04215e+06
2 0.569587 0.287301 1.95854 1.04218e+06
2 0.578173 0.29762 1.96281 1.04222e+06
2 0.581707 0.311472 1.9693 1.04225e+06
2 0.58425 0.326046 1.98607 1.04228e+06
2 0.581714 0.340378 1.99016 1.04232e+06
2 0.574508 0.355155 1.99531 1.04235e+06
2 0.562456 0.365383 1.99112 1.04238e+06
2 0.554663 0.366543 1.99158 1.04241e+06
2 0.544456 0.36536 1.99376 1.04245e+06
2 0.535233 0.35808 1.99512 1.04248e+06
2 0.528351 0.349422 1.99936 1.04252e+06
2 0.524599 0.337151 1.99711 1.04255e+06
2 0.524108 0.327913 2.00052 1.04258e+06
2 0.523673 0.32066 2.00351 1.04262e+06
2 0.525621 0.315821 2.00631 1.04265e+06

3 0.659243 0.348242 2.07352 1.04315e+06
3 0.661809 0.347293 2.07468 1.04318e+06
3 0.662286 0.341991 2.0787 1.04322e+06
3 0.661844 0.337879 2.07288 1.04325e+06
3 0.658494 0.329207 2.0734 1.04329e+06
3 0.655968 0.317083 2.06828 1.04332e+06
3 0.657155 0.307165 2.0666 1.04335e+06
3 0.65878 0.297385 2.06939 1.04338e+06
3 0.66101 0.283196 2.06122 1.04342e+06
3 0.665723 0.273689 2.06125 1.04345e+06
3 0.672091 0.267713 2.06361 1.04348e+06
3 0.678426 0.264688 2.06879 1.04352e+06
3 0.687345 0.266616 2.07241 1.04355e+06
3 0.694151 0.273447 2.0789 1.04358e+06
3 0.700861 0.284346 2.0819 1.04362e+06
3 0.706111 0.299154 2.07822 1.04365e+06
3 0.709103 0.315756 2.08067 1.04367e+06
3 0.705695 0.329863 2.08167 1.0437e+06
3 0.700831 0.343591 2.0815 1.04375e+06
3 0.691767 0.35332 2.08401 1.04377e+06
3 0.681546 0.356828 2.08049 1.04382e+06
3 0.672533 0.354654 2.0828 1.04384e+06
3 0.664846 0.348938 2.079 1.04387e+06
3 0.658291 0.337814 2.07636 1.04391e+06
3 0.652481 0.321554 2.06798 1.04394e+06
3 0.652517 0.30733 2.07054 1.04398e+06

4 0.427386 0.349881 2.09076 1.04475e+06
4 0.413008 0.350149 2.09531 1.04478e+06
4 0.403227 0.344149 2.10165 1.04482e+06
4 0.39322 0.334922 2.10694 1.04485e+06
4 0.386265 0.325382 2.10282 1.04488e+06
4 0.382697 0.312756 2.09648 1.04492e+06
4 0.381837 0.297798 2.08523 1.04495e+06
4 0.383078 0.284377 2.07255 1.04498e+06
4 0.38771 0.273925 2.06053 1.04502e+06
4 0.395059 0.270269 2.05699 1.04505e+06
4 0.402397 0.273431 2.04763 1.04508e+06
4 0.406375 0.279105 2.03437 1.04511e+06
4 0.412913 0.290223 2.03544 1.04515e+06
4 0.417119 0.304923 2.04148 1.04518e+06
4 0.419207 0.321385 2.04179 1.04521e+06
4 0.419818 0.338919 2.04552 1.04525e+06
4 0.420062 0.347404 2.04939 1.04528e+06
4 0.413119 0.359734 2.07378 1.04532e+06
4 0.403474 0.366421 2.08555 1.04535e+06
4 0.393947 0.364253 2.09804 1.04538e+06
4 0.38554 0.358255 2.10813 1.04542e+06
4 0.380297 0.349087 2.11611 1.04545e+06
4 0.376612 0.336413 2.12046 1.04548e+06
4 0.371756 0.323823 2.12227 1.04552e+06
4 0.37191 0.317648 2.12354 1.04555e+06

5 0.570753 0.465899 2.09463 1.04772e+06
5 0.567841 0.460416 2.09043 1.04776e+06
5 0.56825 0.455831 2.08827 1.04777e+06
5 0.566871 0.4457 2.08381 1.04782e+06
5 0.565055 0.432545 2.07394 1.04784e+06
5 0.565992 0.421954 2.0695 1.04788e+06
5 0.565198 0.409518 2.05312 1.04791e+06
5 0.571609 0.399312 2.04438 1.04794e+06
5 0.576028 0.388774 2.04373 1.04798e+06
5 0.580158 0.384042 2.04061 1.04803e+06
5 0.587039 0.383837 2.04388 1.04804e+06
5 0.59896 0.385874 2.0486 1.04808e+06
5 0.607802 0.389195 2.05357 1.04811e+06
5 0.616043 0.399255 2.07036 1.04814e+06
5 0.623663 0.411937 2.07721 1.04818e+06
5 0.629035 0.4287 2.08443 1.04821e+06
5 0.627178 0.44581 2.09616 1.04825e+06
5 0.620585 0.458669 2.1031 1.04828e+06
5 0.612788 0.473938 2.11988 1.04831e+06
5 0.603538 0.483912 2.11924 1.04835e+06
5 0.594609 0.489993 2.1175 1.04838e+06
5 0.58802 0.496078 2.11469 1.04842e+06
5 0.578359 0.492917 2.11424 1.04845e+06
5 0.564182 0.482259 2.10613 1.04848e+06
5 0.556705 0.471008 2.1009 1.04852e+06
5 0.553033 0.461566 2.09842 1.04855e+06

6 0.711087 0.166806 2.10948 1.04995e+06
6 0.711639 0.162395 2.10669 1.04999e+06
6 0.71142 0.15288 2.10444 1.05002e+06
6 0.712408 0.14522 2.10697 1.05005e+06
6 0.714201 0.134155 2.10782 1.05008e+06
6 0.717623 0.120937 2.11455 1.05012e+06
6 0.722955 0.110148 2.12152 1.05015e+06
6 0.73176 0.104061 2.13806 1.05018e+06
6 0.739225 0.0990749 2.14652 1.05022e+06
6 0.749088 0.100962 2.16084 1.05025e+06
6 0.762701 0.11119 2.17243 1.05029e+06
6 0.769701 0.122414 2.17762 1.05032e+06
6 0.780076 0.139817 2.18521 1.05035e+06
6 0.781495 0.152403 2.18748 1.05039e+06
6 0.784803 0.169295 2.18908 1.05042e+06
6 0.78354 0.187189 2.18404 1.05046e+06
6 0.780446 0.203077 2.17501 1.05049e+06
6 0.775513 0.219413 2.1591 1.05052e+06
6 0.766779 0.228086 2.13835 1.05056e+06
6 0.756516 0.23422 2.13545 1.05059e+06
6 0.743965 0.238623 2.12453 1.05062e+06
6 0.732266 0.241012 2.11349 1.05066e+06
6 0.720162 0.240518 2.10335 1.05069e+06
6 0.711222 0.239281 2.09171 1.05072e+06
6 0.701691 0.231696 2.08466 1.05076e+06
6 0.693543 0.22239 2.07651 1.05079e+06
6 0.68826 0.21355 2.07228 1.05082e+06
6 0.684025 0.200336 2.07063 1.05086e+06
6 0.678137 0.186763 2.07305 1.05089e+06
6 0.676338 0.171403 2.07494 1.05092e+06

7 0.602627 0.417938 2.10939 1.05238e+06
7 0.603641 0.420698 2.1136 1.05242e+06
7 0.601352 0.422153 2.11419 1.05245e+06
7 0.599766 0.418645 2.11202 1.05248e+06
7 0.596312 0.416566 2.10818 1.05252e+06
7 0.595676 0.405257 2.09698 1.05255e+06
7 0.596135 0.394366 2.09591 1.05258e+06
7 0.597422 0.380646 2.0912 1.05262e+06
7 0.600799 0.367913 2.08958 1.05265e+06
7 0.608192 0.352035 2.0875 1.05269e+06
7 0.616147 0.343176 2.09052 1.05272e+06
7 0.625971 0.334612 2.09536 1.05275e+06
7 0.63614 0.334437 2.09711 1.05279e+06
7 0.64884 0.341215 2.09309 1.05282e+06
7 0.658157 0.350585 2.09661 1.05286e+06
7 0.664657 0.371111 2.09584 1.05289e+06
7 0.664748 0.384479 2.10642 1.05292e+06
7 0.659154 0.396921 2.12699 1.05295e+06
7 0.650935 0.406154 2.13192 1.05299e+06
7 0.641762 0.410804 2.13322 1.05302e+06
7 0.631287 0.413128 2.12987 1.05306e+06
7 0.622694 0.411492 2.12425 1.05309e+06
7 0.616451 0.402575 2.11982 1.05312e+06
7 0.61034 0.391013 2.10912 1.05316e+06
7 0.606206 0.381247 2.10249 1.05319e+06

8 0.682481 0.508993 2.23478 1.06336e+06
8 0.68211 0.50171 2.23416 1.0634e+06
8 0.681913 0.495065 2.2319 1.06343e+06
8 0.681038 0.487272 2.2236 1.06347e+06
8 0.680595 0.47673 2.22355 1.0635e+06
8 0.681877 0.466251 2.21027 1.06354e+06
8 0.683594 0.453878 2.19865 1.06357e+06
8 0.685024 0.439827 2.202 1.0636e+06
8 0.687612 0.424813 2.19192 1.06363e+06
8 0.694175 0.41392 2.1876 1.06367e+06
8 0.703353 0.40268 2.18134 1.0637e+06
8 0.710884 0.397249 2.18759 1.06373e+06
8 0.719765 0.394679 2.18511 1.06377e+06
8 0.7305 0.399721 2.1977 1.0638e+06
8 0.740373 0.410891 2.21619 1.06383e+06
8 0.746495 0.422058 2.21988 1.06387e+06
8 0.753491 0.437451 2.22603 1.0639e+06
8 0.756979 0.457162 2.23016 1.06393e+06
8 0.757143 0.482942 2.23221 1.06396e+06
8 0.754807 0.50438 2.23206 1.064e+06
8 0.742575 0.521966 2.23234 1.06403e+06
8 0.730874 0.535585 2.23028 1.06407e+06
8 0.714822 0.544267 2.23053 1.0641e+06
8 0.703083 0.549055 2.229 1.06413e+06
8 0.692021 0.543572 2.23134 1.06417e+06
8 0.684492 0.528804 2.22926 1.0642e+06
8 0.68029 0.514989 2.21996 1.06423e+06
8 0.675803 0.497555 2.23069 1.06426e+06
8 0.675587 0.479393 2.22113 1.0643e+06

9 0.386382 0.487251 2.19949 1.06556e+06
9 0.381729 0.490356 2.19977 1.0656e+06
9 0.378222 0.493126 2.19902 1.06564e+06
9 0.380955 0.495423 2.20306 1.06567e+06
9 0.382043 0.493999 2.21229 1.0657e+06
9 0.378854 0.494186 2.22343 1.06574e+06
9 0.374579 0.492794 2.21917 1.06577e+06
9 0.37029 0.488726 2.22853 1.06579e+06
9 0.3644 0.481524 2.22392 1.06584e+06
9 0.35894 0.465885 2.21956 1.06586e+06
9 0.35539 0.447345 2.22268 1.06589e+06
9 0.354209 0.427776 2.21556 1.06594e+06
9 0.35426 0.407834 2.20539 1.06596e+06
9 0.357142 0.39083 2.1975 1.06599e+06
9 0.364163 0.379524 2.18024 1.06603e+06
9 0.371259 0.370964 2.15785 1.06606e+06
9 0.381598 0.369199 2.13792 1.06609e+06
9 0.392718 0.377733 2.11739 1.06612e+06
9 0.406298 0.390533 2.1116 1.06616e+06
9 0.41934 0.406609 2.11259 1.06619e+06
9 0.425939 0.428393 2.11477 1.06623e+06
9 0.428724 0.449589 2.12464 1.06626e+06
9 0.423251 0.466235 2.13578 1.06629e+06
9 0.415042 0.480862 2.15568 1.06633e+06
9 0.408456 0.48704 2.17072 1.06636e+06
9 0.397476 0.489308 2.19529 1.0664e+06
9 0.383815 0.479455 2.22083 1.06643e+06
9 0.375549 0.470584 2.22829 1.06646e+06
9 0.367309 0.457864 2.22244 1.06649e+06

