Gesto: 0
0 0.530041 0.23367 1.84897 1.00983e+06
0 0.530759 0.229023 1.84804 1.00986e+06
0 0.531315 0.225896 1.84715 1.0099e+06
0 0.531794 0.22456 1.84431 1.00993e+06
0 0.533908 0.225504 1.8461 1.00996e+06
0 0.532653 0.224713 1.83953 1.01e+06
0 0.53307 0.223742 1.8338 1.01003e+06
0 0.536286 0.223047 1.83923 1.01007e+06
0 0.537831 0.223265 1.84298 1.0101e+06
0 0.538268 0.221845 1.84569 1.01014e+06
0 0.540476 0.222519 1.84319 1.01017e+06
0 0.545006 0.220955 1.84588 1.0102e+06
0 0.547334 0.223509 1.84624 1.01024e+06
0 0.548837 0.224951 1.84467 1.01027e+06
0 0.551356 0.226524 1.84345 1.0103e+06
0 0.552844 0.231412 1.84704 1.01034e+06
0 0.557142 0.232838 1.84872 1.01037e+06
0 0.559435 0.234837 1.8525 1.0104e+06
0 0.562805 0.236474 1.85258 1.01044e+06
0 0.565556 0.237452 1.84616 1.01047e+06
0 0.566657 0.243518 1.84987 1.01051e+06
0 0.569265 0.248079 1.84877 1.01052e+06
0 0.574494 0.250723 1.85131 1.01057e+06
0 0.575146 0.257484 1.85521 1.01059e+06
0 0.574636 0.262831 1.84931 1.01062e+06
0 0.577886 0.266694 1.84763 1.01066e+06
0 0.579151 0.275127 1.85333 1.01069e+06
0 0.578794 0.282547 1.85204 1.01073e+06
0 0.577007 0.286561 1.85761 1.01076e+06
0 0.573655 0.293796 1.85656 1.01079e+06
0 0.572019 0.298147 1.85892 1.01083e+06
0 0.570174 0.301819 1.85762 1.01086e+06
0 0.568257 0.304539 1.85506 1.01089e+06
0 0.565057 0.311485 1.85638 1.01093e+06
0 0.563704 0.315286 1.85236 1.01096e+06
0 0.561431 0.317858 1.846 1.01099e+06
0 0.559757 0.319845 1.8459 1.01103e+06
0 0.557614 0.321456 1.84276 1.01106e+06
0 0.555546 0.321935 1.8435 1.01109e+06
0 0.55118 0.32223 1.83609 1.01113e+06
0 0.549706 0.324539 1.83205 1.01116e+06
0 0.545253 0.323873 1.83511 1.01119e+06
0 0.540411 0.322688 1.83388 1.01122e+06
0 0.537227 0.322475 1.83075 1.01127e+06
0 0.532685 0.322338 1.83076 1.01129e+06
0 0.53049 0.318345 1.83141 1.01132e+06
0 0.526943 0.313357 1.83342 1.01137e+06
0 0.522828 0.311054 1.82209 1.01140e+06
0 0.518251 0.307391 1.82223 1.01142e+06
0 0.514753 0.305355 1.81885 1.01147e+06
0 0.514492 0.301495 1.82556 1.01150e+06
0 0.513389 0.300448 1.83028 1.01154e+06
0 0.510975 0.296942 1.82836 1.01157e+06
0 0.509587 0.294004 1.83082 1.01160e+06
0 0.509015 0.292595 1.8302 1.01164e+06
0 0.509362 0.287481 1.82783 1.01167e+06
0 0.508031 0.283951 1.83141 1.01171e+06
0 0.507414 0.28006 1.82657 1.01174e+06
0 0.507433 0.276923 1.82551 1.01177e+06
0 0.507938 0.275456 1.82641 1.01181e+06
0 0.509283 0.2736 1.82788 1.01184e+06
0 0.50894 0.273383 1.8278 1.01187e+06
0 0.508592 0.267776 1.82163 1.01190e+06
0 0.507467 0.265162 1.81944 1.01194e+06
0 0.509302 0.26185 1.81181 1.01197e+06
0 0.510041 0.25876 1.81497 1.012e+06
0 0.510367 0.257447 1.81649 1.01204e+06
0 0.510198 0.256707 1.81516 1.01207e+06
0 0.510719 0.25601 1.81842 1.0121e+06
0 0.514772 0.252826 1.81783 1.01214e+06
0 0.515888 0.249158 1.81292 1.01217e+06
0 0.515263 0.24731 1.80889 1.0122e+06
0 0.515992 0.244754 1.81279 1.01224e+06
0 0.517208 0.243621 1.81101 1.01227e+06
0 0.519601 0.243443 1.80691 1.01230e+06
0 0.519359 0.242385 1.80852 1.01234e+06
0 0.519395 0.243408 1.81222 1.01237e+06
0 0.521742 0.242091 1.81383 1.01239e+06
0 0.523108 0.241057 1.8137 1.01244e+06
0 0.523797 0.237741 1.8095 1.01247e+06
0 0.524176 0.235119 1.81198 1.01249e+06
0 0.524354 0.233923 1.81355 1.01254e+06
0 0.524385 0.233472 1.8072 1.01257e+06
0 0.524581 0.233053 1.80009 1.01259e+06
0 0.525121 0.232293 1.80026 1.01264e+06
0 0.527685 0.229601 1.79781 1.01267e+06
0 0.529021 0.228118 1.79642 1.01270e+06

1 0.523836 0.244771 1.86972 1.0153e+06
1 0.524312 0.242571 1.87267 1.01533e+06
1 0.528112 0.238487 1.87406 1.01536e+06
1 0.528247 0.235712 1.86941 1.0154e+06
1 0.530144 0.227774 1.86932 1.01543e+06
1 0.531035 0.222343 1.87323 1.01547e+06
1 0.532769 0.218983 1.87586 1.0155e+06
1 0.534355 0.216922 1.87381 1.01553e+06
1 0.536644 0.213609 1.87755 1.01557e+06
1 0.541795 0.212937 1.88325 1.0156e+06
1 0.549059 0.208567 1.89467 1.01563e+06
1 0.554935 0.203199 1.90087 1.01567e+06
1 0.558438 0.207086 1.89974 1.0157e+06
1 0.565661 0.208483 1.90317 1.01573e+06
1 0.570331 0.210409 1.89992 1.01577e+06
1 0.574552 0.213507 1.89662 1.0158e+06
1 0.57982 0.212942 1.89417 1.01584e+06
1 0.585288 0.213994 1.90455 1.01587e+06
1 0.591133 0.220214 1.90585 1.0159e+06
1 0.594316 0.224648 1.90157 1.01594e+06
1 0.598213 0.232905 1.90536 1.01597e+06
1 0.602583 0.241127 1.90442 1.016e+06
1 0.603076 0.250485 1.90974 1.01604e+06
1 0.605176 0.256763 1.90418 1.01607e+06
1 0.609728 0.262409 1.91001 1.01610e+06
1 0.610077 0.270704 1.90256 1.01614e+06
1 0.611719 0.278854 1.90827 1.01617e+06
1 0.611225 0.288806 1.91182 1.01621e+06
1 0.609211 0.301119 1.90721 1.01624e+06
1 0.605787 0.311047 1.90708 1.01627e+06
1 0.602499 0.318811 1.90277 1.01631e+06
1 0.599339 0.326426 1.89901 1.01634e+06
1 0.595573 0.333167 1.89707 1.01638e+06
1 0.590207 0.338545 1.8938 1.01641e+06
1 0.583711 0.342831 1.88889 1.01644e+06
1 0.577237 0.344258 1.88765 1.01646e+06
1 0.570521 0.344069 1.88857 1.0165e+06
1 0.562377 0.339447 1.87916 1.01654e+06
1 0.556385 0.339846 1.87759 1.01657e+06
1 0.548291 0.335026 1.87165 1.0166e+06
1 0.542775 0.331452 1.86868 1.01664e+06
1 0.538642 0.326773 1.86431 1.01667e+06
1 0.530962 0.322314 1.8612 1.01670e+06
1 0.524839 0.314847 1.85546 1.01674e+06
1 0.521438 0.309037 1.85323 1.01677e+06
1 0.517171 0.30443 1.84736 1.01681e+06
1 0.514098 0.298355 1.84425 1.01684e+06
1 0.512336 0.291778 1.84581 1.01687e+06
1 0.512506 0.283633 1.84815 1.01691e+06
1 0.513442 0.277867 1.84936 1.01694e+06
1 0.517295 0.270458 1.85477 1.01698e+06
1 0.520735 0.265497 1.85756 1.01701e+06
1 0.52096 0.260708 1.85249 1.01704e+06
1 0.522182 0.25572 1.85572 1.01708e+06
1 0.524362 0.250438 1.85386 1.01711e+06
1 0.52959 0.246315 1.85489 1.01714e+06
1 0.531991 0.242501 1.85074 1.01716e+06
1 0.535394 0.238267 1.85795 1.01721e+06
1 0.5398 0.237277 1.85241 1.01724e+06
1 0.5437 0.238252 1.85586 1.01728e+06
1 0.544503 0.237741 1.85045 1.01731e+06
1 0.545375 0.237111 1.84554 1.01734e+06
1 0.547615 0.23583 1.85224 1.01738e+06
1 0.549744 0.237807 1.85792 1.01741e+06
1 0.552445 0.237769 1.86017 1.01744e+06

2 0.423397 0.160371 1.84539 1.02018e+06
2 0.42415 0.159277 1.84258 1.02021e+06
2 0.425431 0.158708 1.83457 1.02024e+06
2 0.427723 0.156347 1.83804 1.02028e+06
2 0.431369 0.153804 1.84035 1.02031e+06
2 0.434496 0.151847 1.84022 1.02034e+06
2 0.43668 0.147865 1.84049 1.02038e+06
2 0.440567 0.14287 1.84221 1.02041e+06
2 0.443052 0.140092 1.83916 1.02045e+06
2 0.449416 0.138696 1.84007 1.02048e+06
2 0.45398 0.139079 1.83616 1.02051e+06
2 0.460718 0.139892 1.83751 1.02053e+06
2 0.466337 0.141189 1.84146 1.02056e+06
2 0.46971 0.14601 1.83757 1.02062e+06
2 0.474841 0.150053 1.83569 1.02063e+06
2 0.477831 0.152403 1.83674 1.02066e+06
2 0.48497 0.15972 1.83557 1.02072e+06
2 0.489451 0.166071 1.82902 1.02073e+06
2 0.492324 0.170181 1.8296 1.02077e+06
2 0.493972 0.179733 1.82376 1.0208e+06
2 0.498388 0.192445 1.82286 1.02083e+06
2 0.498812 0.20247 1.82126 1.02087e+06
2 0.497811 0.209228 1.82118 1.0209e+06
2 0.496815 0.217401 1.81957 1.02093e+06
2 0.496136 0.224046 1.81785 1.02097e+06
2 0.490111 0.228677 1.81792 1.02100e+06
2 0.485755 0.234716 1.81987 1.02105e+06
2 0.478896 0.239997 1.81884 1.02108e+06
2 0.476565 0.242575 1.82256 1.02111e+06
2 0.471215 0.24391 1.82049 1.02115e+06
2 0.466599 0.245503 1.81691 1.02118e+06
2 0.461632 0.24887 1.81613 1.02121e+06
2 0.455134 0.250696 1.81282 1.02124e+06
2 0.449778 0.254245 1.81144 1.02128e+06
2 0.443797 0.25562 1.80694 1.02131e+06
2 0.439279 0.253877 1.8074 1.02135e+06
2 0.434109 0.25249 1.80651 1.02138e+06
2 0.428159 0.249311 1.79925 1.02141e+06
2 0.423499 0.24144 1.78992 1.02145e+06
2 0.419254 0.236319 1.78799 1.02148e+06
2 0.415091 0.232148 1.78648 1.02151e+06
2 0.413251 0.228181 1.78752 1.02155e+06
2 0.412901 0.223135 1.78851 1.02158e+06
2 0.411941 0.217053 1.79343 1.02161e+06
2 0.411301 0.210984 1.79737 1.02165e+06
2 0.411115 0.203384 1.79724 1.02168e+06
2 0.410737 0.199554 1.79223 1.02171e+06
2 0.411983 0.195516 1.79424 1.02173e+06
2 0.413012 0.193981 1.79369 1.02178e+06
2 0.414258 0.192102 1.79632 1.02181e+06
2 0.416162 0.189291 1.79562 1.02183e+06
2 0.419953 0.186465 1.79566 1.02188e+06
2 0.421208 0.183588 1.79968 1.02192e+06
2 0.422507 0.181207 1.79415 1.02193e+06
2 0.427487 0.180057 1.79402 1.02198e+06
2 0.430217 0.180323 1.79489 1.02202e+06
2 0.432133 0.179441 1.79402 1.02203e+06
2 0.434123 0.178288 1.79426 1.02208e+06
2 0.435684 0.177925 1.79442 1.02211e+06
2 0.43655 0.177301 1.7961 1.02215e+06

3 0.292722 0.252532 1.84411 1.02588e+06
3 0.292732 0.249461 1.84647 1.02591e+06
3 0.292967 0.248957 1.84519 1.02595e+06
3 0.290563 0.247991 1.84117 1.02598e+06
3 0.290798 0.244354 1.84158 1.02601e+06
3 0.288576 0.239079 1.83948 1.02605e+06
3 0.286317 0.23428 1.83835 1.02608e+06
3 0.285337 0.226623 1.83202 1.02611e+06
3 0.286692 0.218067 1.83112 1.02614e+06
3 0.286196 0.205331 1.83049 1.02618e+06
3 0.289846 0.192763 1.83468 1.02621e+06
3 0.293129 0.179513 1.83517 1.02624e+06
3 0.29559 0.167257 1.83413 1.02628e+06
3 0.300917 0.153206 1.83687 1.02631e+06
3 0.307041 0.144214 1.83295 1.02634e+06
3 0.315646 0.133941 1.83495 1.02638e+06
3 0.324567 0.126489 1.83456 1.02641e+06
3 0.33543 0.119921 1.83125 1.02644e+06
3 0.346401 0.115121 1.82282 1.02647e+06
3 0.357804 0.113352 1.81389 1.02651e+06
3 0.366077 0.112922 1.80278 1.02655e+06
3 0.376059 0.116648 1.80119 1.02658e+06
3 0.390647 0.120591 1.80248 1.02662e+06
3 0.402523 0.130766 1.79616 1.02665e+06
3 0.413845 0.139936 1.79308 1.02668e+06
3 0.423715 0.151723 1.78752 1.0267e+06
3 0.434492 0.165015 1.78432 1.02675e+06
3 0.443498 0.18264 1.77968 1.02677e+06
3 0.451305 0.201016 1.77466 1.0268e+06
3 0.455682 0.219315 1.76657 1.02684e+06
3 0.456838 0.240601 1.76255 1.02687e+06
3 0.45995 0.261799 1.75881 1.02690e+06
3 0.459169 0.279527 1.75359 1.02694e+06
3 0.455256 0.298594 1.74895 1.02697e+06
3 0.453286 0.315678 1.75653 1.02702e+06
3 0.448624 0.328808 1.75217 1.02705e+06
3 0.44222 0.342228 1.75441 1.02709e+06
3 0.432503 0.353735 1.75239 1.02712e+06
3 0.422485 0.36278 1.75071 1.02714e+06
3 0.411003 0.366989 1.75317 1.02717e+06
3 0.396834 0.370745 1.75003 1.02722e+06
3 0.382945 0.369992 1.74883 1.02724e+06
3 0.368979 0.367479 1.74618 1.02727e+06
3 0.356779 0.360147 1.74641 1.02732e+06
3 0.344585 0.350121 1.74538 1.02734e+06
3 0.332359 0.338318 1.74294 1.02737e+06
3 0.323992 0.327547 1.74336 1.02741e+06
3 0.314238 0.315478 1.74586 1.02744e+06
3 0.306749 0.300857 1.74529 1.02747e+06
3 0.301964 0.288655 1.74549 1.02751e+06
3 0.298899 0.27223 1.75059 1.02754e+06
3 0.296482 0.257566 1.75556 1.02757e+06
3 0.294169 0.245372 1.75889 1.02761e+06
3 0.2924 0.232431 1.76118 1.02764e+06
3 0.293347 0.217954 1.76959 1.02767e+06
3 0.294105 0.203261 1.77332 1.02771e+06
3 0.296906 0.192594 1.77869 1.02774e+06
3 0.299755 0.183368 1.78419 1.02778e+06
3 0.301763 0.173207 1.78815 1.02781e+06
3 0.30274 0.166997 1.79014 1.02784e+06
3 0.303556 0.1624 1.79482 1.02788e+06

4 0.497674 0.459169 1.8569 1.03054e+06
4 0.49701 0.450036 1.85853 1.03058e+06
4 0.497281 0.439771 1.86103 1.03062e+06
4 0.496924 0.427705 1.85827 1.03064e+06
4 0.497014 0.41686 1.86041 1.03067e+06
4 0.496245 0.404338 1.85656 1.03072e+06
4 0.496759 0.387623 1.85191 1.03074e+06
4 0.496534 0.371164 1.84675 1.03077e+06
4 0.49777 0.351629 1.84512 1.03082e+06
4 0.498505 0.332095 1.84689 1.03084e+06
4 0.498745 0.31406 1.8458 1.03087e+06
4 0.503337 0.294126 1.85119 1.03091e+06
4 0.508083 0.278207 1.85561 1.03094e+06
4 0.513856 0.266175 1.85413 1.03098e+06
4 0.518845 0.254119 1.85459 1.03101e+06
4 0.525069 0.242752 1.85808 1.03104e+06
4 0.533974 0.235479 1.85873 1.03108e+06
4 0.542378 0.230531 1.86299 1.03111e+06
4 0.552585 0.226287 1.86763 1.03114e+06
4 0.563356 0.225803 1.87504 1.03118e+06
4 0.574865 0.227101 1.87885 1.03121e+06
4 0.584202 0.229879 1.88157 1.03124e+06
4 0.593572 0.232258 1.89074 1.03128e+06
4 0.602817 0.239526 1.90094 1.03131e+06
4 0.612138 0.2493 1.90841 1.03135e+06
4 0.621224 0.260008 1.9159 1.03138e+06
4 0.628148 0.272192 1.92278 1.03141e+06
4 0.632062 0.284526 1.92163 1.03145e+06
4 0.637668 0.295739 1.92365 1.03148e+06
4 0.643355 0.312522 1.92628 1.03152e+06
4 0.64783 0.330712 1.92378 1.03155e+06
4 0.65012 0.346061 1.92504 1.03158e+06
4 0.648536 0.369012 1.93042 1.03162e+06
4 0.646142 0.387959 1.93582 1.03165e+06
4 0.64444 0.402635 1.94472 1.03168e+06
4 0.641308 0.419234 1.95099 1.03172e+06
4 0.636054 0.434924 1.96057 1.03175e+06
4 0.629144 0.450334 1.96449 1.03178e+06
4 0.621009 0.464246 1.9652 1.03182e+06
4 0.610585 0.478119 1.96528 1.03185e+06
4 0.598709 0.48744 1.9669 1.03189e+06
4 0.58681 0.496418 1.95988 1.03192e+06
4 0.576153 0.503882 1.95939 1.03195e+06
4 0.56356 0.508239 1.95043 1.03199e+06
4 0.551108 0.510268 1.94367 1.03202e+06
4 0.538303 0.510386 1.93639 1.03206e+06
4 0.528281 0.508893 1.92694 1.03209e+06
4 0.514617 0.502515 1.91844 1.03212e+06
4 0.506399 0.497149 1.91553 1.03216e+06
4 0.500769 0.486621 1.91556 1.03219e+06
4 0.490863 0.479761 1.91561 1.03222e+06
4 0.48599 0.469224 1.91308 1.03226e+06
4 0.478102 0.457632 1.90505 1.03229e+06
4 0.474022 0.44738 1.9031 1.03232e+06
4 0.473034 0.434679 1.90171 1.03234e+06
4 0.471368 0.421813 1.89911 1.03239e+06
4 0.47069 0.411636 1.90111 1.03242e+06
4 0.469754 0.400946 1.8987 1.03244e+06
4 0.467479 0.387796 1.89379 1.03249e+06
4 0.469197 0.374042 1.88845 1.03251e+06
4 0.468981 0.363291 1.88762 1.03254e+06
4 0.469644 0.353858 1.88647 1.03259e+06
4 0.470641 0.344565 1.88378 1.03261e+06
4 0.473021 0.334128 1.88463 1.03264e+06
4 0.476655 0.32564 1.8807 1.03268e+06
4 0.479542 0.317531 1.88119 1.03271e+06
4 0.480087 0.31002 1.87602 1.03274e+06

5 0.434966 0.62882 2.21605 1.08202e+06
5 0.43557 0.6291 2.22211 1.08205e+06
5 0.434265 0.631408 2.22474 1.08209e+06
5 0.434606 0.632802 2.22892 1.08212e+06
5 0.435639 0.630388 2.23936 1.08215e+06
5 0.452836 0.404393 1.58239 1.0872e+06
5 0.453029 0.404141 1.5823 1.08724e+06
5 0.452786 0.403977 1.58211 1.08727e+06
5 0.45278 0.403652 1.58342 1.0873e+06
5 0.453488 0.406792 1.58538 1.08734e+06
5 0.453047 0.405823 1.58324 1.08737e+06
5 0.432418 0.449127 1.61296 1.09158e+06
5 0.432075 0.448536 1.61111 1.09159e+06
5 0.430138 0.448952 1.60765 1.09162e+06
5 0.429199 0.448738 1.60855 1.09168e+06
5 0.427347 0.446831 1.60796 1.09169e+06
5 0.424746 0.445954 1.60474 1.09173e+06
5 0.42309 0.445567 1.59977 1.09178e+06
5 0.424999 0.440303 1.60322 1.09181e+06
5 0.423374 0.436549 1.60305 1.09182e+06
5 0.423546 0.433247 1.60424 1.09187e+06
5 0.422155 0.429642 1.60143 1.09191e+06
5 0.421733 0.424517 1.59858 1.09192e+06
5 0.422952 0.422195 1.59651 1.09196e+06
5 0.424201 0.420581 1.59236 1.09199e+06
5 0.425208 0.415318 1.59018 1.09203e+06
5 0.425843 0.412945 1.58549 1.09208e+06
5 0.428496 0.409773 1.5822 1.09209e+06
5 0.431698 0.407211 1.57635 1.09213e+06
5 0.435147 0.403587 1.57441 1.09216e+06
5 0.438717 0.402923 1.57934 1.09219e+06
5 0.441546 0.401723 1.57897 1.09222e+06
5 0.444928 0.40199 1.58081 1.09228e+06
5 0.449468 0.402505 1.57728 1.09229e+06
5 0.451738 0.402819 1.57091 1.09233e+06
5 0.453296 0.406442 1.57041 1.09236e+06
5 0.455468 0.408007 1.57245 1.09239e+06
5 0.460476 0.407316 1.58022 1.09243e+06
5 0.461964 0.411223 1.57681 1.09246e+06
5 0.462747 0.414101 1.57899 1.0925e+06
5 0.463135 0.416918 1.5819 1.09253e+06
5 0.464116 0.419101 1.58405 1.09256e+06
5 0.463353 0.424189 1.58375 1.0926e+06
5 0.462793 0.426989 1.58681 1.09263e+06
5 0.462156 0.428294 1.58767 1.09266e+06
5 0.459928 0.431179 1.5852 1.0927e+06
5 0.457669 0.432619 1.5862 1.09273e+06
5 0.457003 0.433825 1.58707 1.09276e+06
5 0.454826 0.43853 1.57735 1.0928e+06
5 0.451989 0.441527 1.5727 1.09283e+06
5 0.450494 0.442399 1.57458 1.09287e+06
5 0.449855 0.442853 1.57993 1.0929e+06
5 0.447882 0.444784 1.58304 1.09293e+06
5 0.446406 0.44597 1.58671 1.09297e+06
5 0.445723 0.446787 1.58875 1.093e+06
5 0.445301 0.447585 1.58868 1.09304e+06
5 0.443719 0.446848 1.58942 1.09307e+06
5 0.441899 0.446691 1.59164 1.09311e+06
5 0.440719 0.445266 1.59557 1.09313e+06
5 0.438301 0.445672 1.59517 1.09316e+06
5 0.436979 0.445847 1.59426 1.0932e+06
5 0.435331 0.444669 1.59515 1.09323e+06
5 0.43379 0.443561 1.59512 1.09327e+06
5 0.433318 0.441869 1.59387 1.0933e+06
5 0.433856 0.43827 1.59493 1.09333e+06
5 0.433096 0.43575 1.5928 1.09337e+06
5 0.432837 0.433425 1.59258 1.0934e+06
5 0.432733 0.431955 1.59026 1.09344e+06
5 0.432272 0.432473 1.58863 1.09347e+06
5 0.431894 0.432288 1.58956 1.0935e+06

6 0.746076 0.222855 1.83389 1.0999e+06
6 0.744982 0.221836 1.83347 1.09995e+06
6 0.744406 0.221307 1.83381 1.09997e+06
6 0.744146 0.221279 1.83417 1.1e+06
6 0.744081 0.218137 1.83723 1.10005e+06
6 0.745041 0.214279 1.83646 1.10006e+06
6 0.745041 0.212712 1.83039 1.1001e+06
6 0.744778 0.209914 1.82832 1.10014e+06
6 0.746078 0.201755 1.8332 1.10016e+06
6 0.748066 0.198122 1.83667 1.1002e+06
6 0.751299 0.193456 1.83952 1.10025e+06
6 0.753147 0.190786 1.83829 1.10027e+06
6 0.755279 0.188453 1.84172 1.1003e+06
6 0.757954 0.185364 1.85262 1.10033e+06
6 0.75938 0.183492 1.85744 1.10037e+06
6 0.762454 0.184337 1.86651 1.1004e+06
6 0.764001 0.184656 1.87136 1.10044e+06
6 0.765696 0.183803 1.88019 1.10047e+06
6 0.77076 0.184029 1.88797 1.1005e+06
6 0.772391 0.188879 1.88585 1.10054e+06
6 0.776165 0.192413 1.89154 1.10057e+06
6 0.779588 0.192495 1.90181 1.1006e+06
6 0.780217 0.199004 1.90733 1.10064e+06
6 0.781265 0.203774 1.91226 1.10067e+06
6 0.784029 0.208035 1.92098 1.1007e+06
6 0.785027 0.215508 1.92671 1.10074e+06
6 0.785635 0.216204 1.93301 1.10077e+06
6 0.787776 0.222514 1.93368 1.10080e+06
6 0.787511 0.233049 1.93409 1.10084e+06
6 0.786947 0.240481 1.9284 1.10087e+06
6 0.78839 0.244126 1.93299 1.10091e+06
6 0.790838 0.247335 1.92941 1.10094e+06
6 0.792379 0.251203 1.92861 1.10097e+06
6 0.789648 0.255433 1.92513 1.10101e+06
6 0.788255 0.259929 1.92223 1.10104e+06
6 0.786205 0.266109 1.91323 1.10108e+06
6 0.780293 0.271722 1.91521 1.10111e+06
6 0.778016 0.275695 1.90778 1.10114e+06
6 0.778843 0.272077 1.9041 1.10118e+06
6 0.779719 0.268966 1.90176 1.10121e+06
6 0.779876 0.267005 1.89415 1.10124e+06
6 0.777558 0.26431 1.88883 1.10128e+06
6 0.774933 0.261223 1.87939 1.10131e+06
6 0.771779 0.259124 1.87654 1.10134e+06
6 0.77153 0.259003 1.87063 1.10137e+06
6 0.771204 0.258458 1.86741 1.10141e+06
6 0.767086 0.255548 1.86243 1.10144e+06
6 0.762844 0.25469 1.85347 1.10147e+06
6 0.761011 0.253821 1.85226 1.10151e+06
6 0.761598 0.249877 1.85332 1.10154e+06
6 0.758685 0.25094 1.8458 1.10157e+06
6 0.756389 0.248424 1.84061 1.1016e+06
6 0.756608 0.245321 1.83916 1.10164e+06
6 0.753393 0.244273 1.84056 1.10167e+06
6 0.752089 0.242362 1.83351 1.1017e+06
6 0.752082 0.240539 1.8314 1.10174e+06
6 0.748667 0.236485 1.83212 1.10177e+06
6 0.751947 0.231619 1.83061 1.1018e+06
6 0.751821 0.231132 1.82199 1.10184e+06
6 0.749937 0.230685 1.82154 1.10187e+06
6 0.748034 0.229784 1.81869 1.1019e+06
6 0.745799 0.229796 1.81479 1.10193e+06
6 0.746439 0.229464 1.80833 1.10197e+06
6 0.747577 0.22747 1.80787 1.10202e+06
6 0.746002 0.227425 1.81091 1.10203e+06
6 0.747327 0.22638 1.81193 1.10207e+06
6 0.747987 0.22591 1.80919 1.1021e+06

7 0.725532 0.358315 1.78934 1.10451e+06
7 0.725067 0.357345 1.7887 1.10454e+06
7 0.726612 0.353395 1.78891 1.10458e+06
7 0.727671 0.351486 1.78944 1.10461e+06
7 0.728555 0.349282 1.79366 1.10465e+06
7 0.728672 0.347466 1.79861 1.10468e+06
7 0.728089 0.347245 1.79457 1.10472e+06
7 0.728873 0.34754 1.79579 1.10475e+06
7 0.728837 0.346129 1.79659 1.10478e+06
7 0.732202 0.341734 1.7964 1.10482e+06
7 0.733037 0.337665 1.8022 1.10485e+06
7 0.736634 0.337147 1.80583 1.10488e+06
7 0.737899 0.33552 1.80746 1.10492e+06
7 0.741193 0.333008 1.81533 1.10495e+06
7 0.743687 0.333252 1.81911 1.10497e+06
7 0.747916 0.33319 1.8263 1.10502e+06
7 0.749436 0.332402 1.8371 1.10504e+06
7 0.750901 0.337677 1.8355 1.10507e+06
7 0.753853 0.339687 1.83961 1.10512e+06
7 0.756158 0.341403 1.83999 1.10515e+06
7 0.756116 0.344622 1.83798 1.10517e+06
7 0.757247 0.348818 1.84006 1.10522e+06
7 0.758081 0.349885 1.84264 1.10525e+06
7 0.757888 0.355024 1.84886 1.10528e+06
7 0.760218 0.35673 1.8601 1.10532e+06
7 0.763862 0.365133 1.85868 1.10535e+06
7 0.763532 0.368074 1.8595 1.10538e+06
7 0.762862 0.370625 1.86229 1.10542e+06
7 0.762812 0.372904 1.86251 1.10545e+06
7 0.762947 0.373989 1.86288 1.10548e+06
7 0.762948 0.380839 1.86275 1.10552e+06
7 0.763686 0.386997 1.85686 1.10555e+06
7 0.763101 0.385113 1.86871 1.10558e+06
7 0.763288 0.388322 1.86849 1.10561e+06
7 0.76164 0.38878 1.87082 1.10565e+06
7 0.760059 0.390844 1.87078 1.10568e+06
7 0.757712 0.394108 1.86104 1.10571e+06
7 0.753893 0.397984 1.85925 1.10575e+06
7 0.75123 0.401985 1.85705 1.10578e+06
7 0.748781 0.404859 1.84862 1.10581e+06
7 0.748242 0.405601 1.84908 1.10585e+06
7 0.747801 0.405907 1.85071 1.10588e+06
7 0.745809 0.405113 1.84982 1.10591e+06
7 0.743309 0.408114 1.84307 1.10595e+06
7 0.741947 0.407946 1.84022 1.10598e+06
7 0.73827 0.409039 1.83758 1.10601e+06
7 0.736074 0.41098 1.83792 1.10605e+06
7 0.733309 0.411174 1.83317 1.10608e+06
7 0.731881 0.410346 1.82909 1.10611e+06
7 0.729401 0.411953 1.82528 1.10615e+06
7 0.7276 0.411758 1.82324 1.10618e+06
7 0.728085 0.410272 1.82326 1.10621e+06
7 0.726892 0.405329 1.82062 1.10625e+06
7 0.727444 0.401274 1.81317 1.10628e+06
7 0.72815 0.398281 1.81081 1.10631e+06
7 0.727168 0.396606 1.80369 1.10635e+06
7 0.725924 0.397679 1.80023 1.10638e+06
7 0.727247 0.392006 1.79827 1.10641e+06
7 0.728126 0.389081 1.79896 1.10645e+06
7 0.727323 0.38806 1.79945 1.10648e+06
7 0.725262 0.385321 1.79777 1.10652e+06
7 0.724168 0.385151 1.79518 1.10655e+06
7 0.724338 0.382442 1.79176 1.10658e+06
7 0.724466 0.380371 1.78942 1.10662e+06
7 0.724972 0.378821 1.78801 1.10665e+06
7 0.723599 0.37984 1.78235 1.10668e+06
7 0.725171 0.375467 1.78235 1.10672e+06
7 0.725303 0.37177 1.77878 1.10675e+06
7 0.719824 0.373015 1.77983 1.10678e+06
7 0.721579 0.370017 1.78128 1.10682e+06
7 0.723221 0.36721 1.77876 1.10685e+06
7 0.723831 0.365037 1.77827 1.10688e+06
7 0.72401 0.364504 1.77532 1.10691e+06
7 0.724025 0.363794 1.77161 1.10695e+06
7 0.723283 0.362012 1.7759 1.10698e+06
7 0.723118 0.359958 1.77373 1.10701e+06
7 0.723225 0.360349 1.77004 1.10704e+06
7 0.722154 0.359283 1.76871 1.10708e+06
7 0.722293 0.35898 1.76969 1.10711e+06

8 0.675743 0.505155 1.77384 1.10924e+06
8 0.675713 0.506581 1.76462 1.10927e+06
8 0.676304 0.506854 1.76533 1.10931e+06
8 0.676271 0.498897 1.77165 1.10934e+06
8 0.677197 0.492989 1.77475 1.10939e+06
8 0.680243 0.489986 1.78103 1.10942e+06
8 0.68369 0.486456 1.78774 1.10944e+06
8 0.686362 0.483416 1.79436 1.10949e+06
8 0.690487 0.482755 1.79263 1.10952e+06
8 0.695159 0.484931 1.79599 1.10954e+06
8 0.698739 0.483461 1.80025 1.10959e+06
8 0.705273 0.481826 1.80844 1.10962e+06
8 0.708827 0.485965 1.81267 1.10965e+06
8 0.713066 0.48791 1.81769 1.10969e+06
8 0.715067 0.491904 1.82237 1.10972e+06
8 0.718124 0.49249 1.82932 1.10975e+06
8 0.720166 0.492599 1.83684 1.10979e+06
8 0.723901 0.498151 1.84283 1.10982e+06
8 0.728391 0.502893 1.84578 1.10985e+06
8 0.72794 0.506633 1.85582 1.10988e+06
8 0.731311 0.512964 1.86034 1.10992e+06
8 0.731752 0.517499 1.86508 1.10995e+06
8 0.732592 0.521365 1.87377 1.10998e+06
8 0.734401 0.530404 1.87326 1.11001e+06
8 0.73109 0.536032 1.87714 1.11004e+06
8 0.728485 0.540364 1.88241 1.11008e+06
8 0.728018 0.54807 1.88603 1.11011e+06
8 0.72644 0.554159 1.88715 1.11016e+06
8 0.727184 0.561738 1.88754 1.11018e+06
8 0.724854 0.567977 1.89353 1.11021e+06
8 0.720919 0.571596 1.89748 1.11025e+06
8 0.718233 0.578913 1.89874 1.11028e+06
8 0.715657 0.586333 1.89507 1.11031e+06
8 0.709696 0.590181 1.89431 1.11034e+06
8 0.705875 0.592749 1.89566 1.11038e+06
8 0.700675 0.592439 1.89385 1.11041e+06
8 0.697223 0.593055 1.89409 1.11044e+06
8 0.695232 0.596273 1.88534 1.11048e+06
8 0.690274 0.59658 1.87776 1.11051e+06
8 0.685463 0.595157 1.8761 1.11055e+06
8 0.681023 0.592271 1.87024 1.11058e+06
8 0.678931 0.590933 1.86276 1.11061e+06
8 0.675859 0.590531 1.85767 1.11065e+06
8 0.67395 0.588519 1.84748 1.11068e+06
8 0.672738 0.587257 1.83954 1.11071e+06
8 0.671267 0.582705 1.83894 1.11075e+06
8 0.668727 0.576543 1.83828 1.11078e+06
8 0.668086 0.571477 1.83694 1.11082e+06
8 0.665831 0.5649 1.83389 1.11085e+06
8 0.664774 0.561211 1.8294 1.11088e+06
8 0.665436 0.558769 1.82684 1.11092e+06
8 0.666092 0.55844 1.81835 1.11095e+06
8 0.666183 0.552983 1.8203 1.11098e+06
8 0.666652 0.550073 1.82196 1.11102e+06
8 0.666686 0.546308 1.81687 1.11105e+06
8 0.666979 0.543333 1.81249 1.11108e+06
8 0.668124 0.539766 1.81203 1.11112e+06
8 0.668848 0.537165 1.80783 1.11115e+06
8 0.668975 0.532002 1.80807 1.11119e+06
8 0.671018 0.526005 1.80626 1.11122e+06
8 0.672344 0.522064 1.80698 1.11126e+06
8 0.672935 0.515232 1.80608 1.11129e+06
8 0.674391 0.512896 1.80357 1.11132e+06
8 0.673741 0.512867 1.79858 1.11136e+06
8 0.675624 0.511288 1.79736 1.11139e+06
8 0.677472 0.509414 1.79534 1.11141e+06
8 0.677487 0.508726 1.79552 1.11146e+06
8 0.676241 0.504955 1.79939 1.11148e+06
8 0.677417 0.503498 1.79842 1.11151e+06

9 0.554349 0.589154 1.80515 1.11384e+06
9 0.555439 0.589341 1.80063 1.11389e+06
9 0.555752 0.59004 1.79512 1.11393e+06
9 0.558801 0.588125 1.79427 1.11394e+06
9 0.560999 0.58325 1.79844 1.11399e+06
9 0.563742 0.579314 1.8018 1.11403e+06
9 0.565335 0.57617 1.80506 1.11404e+06
9 0.568126 0.574252 1.80792 1.11409e+06
9 0.572143 0.571012 1.80946 1.11411e+06
9 0.576241 0.57186 1.81253 1.11416e+06
9 0.582165 0.56963 1.81724 1.11418e+06
9 0.587172 0.571273 1.81677 1.11421e+06
9 0.590397 0.573784 1.81908 1.11425e+06
9 0.596096 0.573387 1.82639 1.11428e+06
9 0.600849 0.575493 1.83008 1.11431e+06
9 0.60363 0.577533 1.83423 1.11435e+06
9 0.605446 0.578624 1.84487 1.11438e+06
9 0.607888 0.583352 1.85326 1.11441e+06
9 0.608093 0.587749 1.85794 1.11445e+06
9 0.60926 0.58972 1.86415 1.11448e+06
9 0.609995 0.597277 1.86701 1.11451e+06
9 0.610647 0.601851 1.86908 1.11455e+06
9 0.609817 0.606155 1.87268 1.11458e+06
9 0.610149 0.614445 1.87936 1.11461e+06
9 0.609752 0.620664 1.88396 1.11465e+06
9 0.609895 0.624752 1.88981 1.11468e+06
9 0.608964 0.631969 1.89198 1.11471e+06
9 0.608041 0.636256 1.89696 1.11475e+06
9 0.60616 0.6383 1.90115 1.11478e+06
9 0.604112 0.641985 1.90197 1.11481e+06
9 0.60093 0.644701 1.90525 1.11485e+06
9 0.597654 0.650517 1.90311 1.11488e+06
9 0.595732 0.65452 1.90869 1.11491e+06
9 0.593574 0.657156 1.90667 1.11495e+06
9 0.58894 0.660053 1.90079 1.11498e+06
9 0.586352 0.661962 1.89644 1.11501e+06
9 0.585207 0.662704 1.89226 1.11505e+06
9 0.582449 0.660792 1.8888 1.11508e+06
9 0.580343 0.659392 1.88606 1.11511e+06
9 0.578103 0.657805 1.88112 1.11515e+06
9 0.575634 0.652751 1.88276 1.11518e+06
9 0.571722 0.648859 1.87838 1.11522e+06
9 0.569402 0.646551 1.87634 1.11525e+06
9 0.567305 0.642732 1.87064 1.11528e+06
9 0.566216 0.640046 1.86844 1.11532e+06
9 0.564089 0.638271 1.86513 1.11535e+06
9 0.561962 0.633516 1.86055 1.11538e+06
9 0.563579 0.627316 1.86056 1.11542e+06
9 0.563852 0.624841 1.85869 1.11545e+06
9 0.561893 0.622739 1.85511 1.11548e+06
9 0.560333 0.621291 1.85053 1.11552e+06
9 0.558709 0.616053 1.84949 1.11555e+06
9 0.558991 0.611351 1.84645 1.11558e+06
9 0.5589 0.609243 1.84829 1.11562e+06
9 0.559145 0.607283 1.84574 1.11565e+06
9 0.55917 0.604924 1.84081 1.11568e+06
9 0.558396 0.599214 1.84147 1.11572e+06
9 0.560157 0.594497 1.84284 1.11575e+06
9 0.561272 0.59175 1.83882 1.11578e+06
9 0.56138 0.590682 1.83482 1.11582e+06
9 0.560757 0.590802 1.83478 1.11585e+06
9 0.563033 0.58792 1.83565 1.11589e+06
9 0.562938 0.584609 1.83392 1.11592e+06

