Gesto: 0
0 0.526165 0.177864 1.79496 510309
0 0.52431 0.177864 1.79097 510341
0 0.524353 0.173465 1.79193 510375
0 0.525857 0.169962 1.79124 510409
0 0.527681 0.163142 1.78931 510443
0 0.529279 0.157968 1.79273 510477
0 0.533592 0.154216 1.79492 510510
0 0.538838 0.14699 1.79411 510544
0 0.543368 0.141623 1.79418 510579
0 0.551463 0.137888 1.80087 510612
0 0.559638 0.135985 1.80424 510646
0 0.568622 0.132997 1.80628 510680
0 0.579824 0.130687 1.80833 510713
0 0.59165 0.130083 1.80825 510747
0 0.6056 0.129709 1.80867 510781
0 0.621566 0.130889 1.80918 510814
0 0.63937 0.136548 1.81081 510848
0 0.654742 0.146639 1.80798 510881
0 0.671514 0.156791 1.80744 510915
0 0.686816 0.170221 1.80766 510948
0 0.703069 0.189316 1.80903 510982
0 0.716614 0.20877 1.81252 511015
0 0.724136 0.23375 1.81136 511048
0 0.734223 0.26466 1.81562 511081
0 0.739597 0.296792 1.81617 511114
0 0.741645 0.330809 1.81259 511148
0 0.740925 0.367028 1.81513 511182
0 0.736092 0.403114 1.81614 511216
0 0.727119 0.439967 1.82239 511250
0 0.715779 0.475047 1.82734 511283
0 0.702235 0.504374 1.83267 511317
0 0.688089 0.527376 1.83772 511351
0 0.671311 0.548994 1.84068 511368
0 0.65312 0.567665 1.84035 511420
0 0.634012 0.579419 1.84815 511436
0 0.613992 0.584918 1.84993 511469
0 0.595089 0.586982 1.84833 511504
0 0.574335 0.581166 1.84113 511536
0 0.554289 0.573652 1.83155 511570
0 0.537256 0.56172 1.82122 511603
0 0.519689 0.542892 1.81405 511637
0 0.504291 0.520128 1.80298 511670
0 0.491305 0.49381 1.79177 511703
0 0.480934 0.466472 1.7829 511737
0 0.472735 0.434866 1.77448 511771
0 0.46692 0.40374 1.77284 511804
0 0.463995 0.368045 1.77197 511837
0 0.460323 0.336302 1.77218 511871
0 0.46071 0.307706 1.77297 511905
0 0.465646 0.276393 1.76912 511938
0 0.472734 0.245092 1.75827 511972
0 0.484804 0.219608 1.75942 512005
0 0.498852 0.1977 1.76243 512038
0 0.512806 0.178421 1.76355 512072
0 0.528305 0.162365 1.76651 512105
0 0.542811 0.153211 1.76794 512138
0 0.561111 0.14713 1.77238 512172
0 0.577285 0.14323 1.78214 512205
0 0.589518 0.144728 1.78741 512240

1 0.408782 0.173108 1.81021 518247
1 0.411475 0.16818 1.81349 518281
1 0.414912 0.16056 1.81307 518315
1 0.417256 0.153893 1.81555 518349
1 0.423351 0.143707 1.82054 518383
1 0.429034 0.137719 1.82115 518417
1 0.438398 0.133631 1.82136 518450
1 0.450261 0.130821 1.82191 518484
1 0.464443 0.126205 1.8184 518518
1 0.477682 0.122036 1.81543 518551
1 0.492294 0.124272 1.80587 518584
1 0.507757 0.129487 1.79801 518617
1 0.520804 0.139446 1.7911 518651
1 0.533141 0.150221 1.78493 518683
1 0.544588 0.165253 1.7774 518716
1 0.560028 0.177756 1.77152 518748
1 0.569584 0.195147 1.76844 518782
1 0.579704 0.213612 1.7673 518815
1 0.589622 0.231977 1.76074 518848
1 0.600995 0.256512 1.75906 518881
1 0.607844 0.285086 1.75971 518914
1 0.612119 0.317053 1.76016 518947
1 0.613971 0.352029 1.7628 518982
1 0.61448 0.38877 1.76534 519015
1 0.608934 0.428019 1.77239 519047
1 0.600348 0.467609 1.77462 519080
1 0.586322 0.500831 1.77971 519112
1 0.567021 0.527514 1.78466 519145
1 0.548458 0.547394 1.79272 519179
1 0.530962 0.561273 1.79285 519211
1 0.510003 0.566324 1.79576 519245
1 0.488215 0.566845 1.79849 519278
1 0.468331 0.560902 1.79742 519311
1 0.446076 0.549692 1.79562 519344
1 0.42747 0.531795 1.79728 519378
1 0.408528 0.506938 1.79199 519410
1 0.391949 0.481153 1.79354 519442
1 0.377897 0.449991 1.79455 519491
1 0.36423 0.412034 1.79754 519524
1 0.355822 0.377451 1.8046 519542
1 0.351372 0.34509 1.80669 519585
1 0.350808 0.309993 1.80799 519624
1 0.352441 0.280437 1.80748 519657
1 0.358909 0.250965 1.8065 519690
1 0.367611 0.225753 1.80664 519723
1 0.377766 0.202053 1.80401 519757
1 0.390879 0.182538 1.79993 519791
1 0.407531 0.165175 1.80282 519826
1 0.425439 0.150542 1.80884 519842
1 0.444021 0.139793 1.81196 519892
1 0.461912 0.134334 1.81184 519924
1 0.478094 0.137406 1.80765 519941
1 0.49564 0.142751 1.79894 519993
1 0.50844 0.147651 1.79829 520009
1 0.517937 0.150166 1.79831 520042

2 0.367557 0.188477 1.84922 521545
2 0.369066 0.176766 1.85705 521579
2 0.374996 0.165517 1.85668 521612
2 0.380919 0.155725 1.85993 521645
2 0.391905 0.144201 1.86593 521679
2 0.407367 0.134895 1.8644 521713
2 0.421998 0.133761 1.86452 521747
2 0.437097 0.133863 1.8611 521781
2 0.453642 0.139739 1.85906 521816
2 0.471453 0.151279 1.85908 521850
2 0.486 0.16553 1.85834 521882
2 0.502161 0.185736 1.84698 521916
2 0.51564 0.210164 1.83953 521950
2 0.528498 0.239315 1.83565 521983
2 0.538098 0.275061 1.82727 522016
2 0.543171 0.307794 1.83695 522049
2 0.544801 0.348964 1.84299 522083
2 0.539788 0.394236 1.84758 522117
2 0.530841 0.440279 1.84788 522151
2 0.517105 0.476377 1.85305 522185
2 0.498145 0.509484 1.85723 522219
2 0.47648 0.531684 1.86214 522254
2 0.454914 0.548342 1.85993 522287
2 0.432148 0.554808 1.85524 522321
2 0.409612 0.555938 1.84944 522353
2 0.388536 0.547604 1.846 522386
2 0.36517 0.533347 1.84496 522419
2 0.346165 0.509831 1.84119 522453
2 0.327863 0.484618 1.83442 522487
2 0.312298 0.45592 1.82679 522521
2 0.299475 0.423943 1.81262 522555
2 0.291204 0.391661 1.80978 522588
2 0.28851 0.356771 1.80916 522622
2 0.291061 0.323897 1.81443 522655
2 0.294322 0.293999 1.81533 522687
2 0.301799 0.264765 1.818 522720
2 0.312116 0.239133 1.82308 522754
2 0.326004 0.216291 1.82916 522787
2 0.343469 0.196035 1.83313 522820
2 0.361814 0.177487 1.83481 522855
2 0.378809 0.165934 1.83451 522888
2 0.395688 0.158533 1.83743 522922
2 0.411257 0.154671 1.83884 522955
2 0.424267 0.154238 1.83573 522987
2 0.437635 0.154611 1.83614 523021
2 0.447569 0.154814 1.83567 523055

3 0.458856 0.142277 1.87647 523895
3 0.470141 0.140502 1.87803 523928
3 0.481721 0.136423 1.87824 523945
3 0.493859 0.13629 1.87777 523996
3 0.506663 0.14134 1.8756 524013
3 0.523291 0.144543 1.88019 524063
3 0.537314 0.145536 1.88625 524080
3 0.554287 0.154645 1.88787 524114
3 0.569171 0.166354 1.89093 524164
3 0.5822 0.186926 1.89209 524180
3 0.594184 0.208452 1.88803 524215
3 0.603696 0.230489 1.88395 524248
3 0.613381 0.256063 1.87965 524282
3 0.618196 0.289588 1.8842 524315
3 0.615929 0.321961 1.88896 524348
3 0.613199 0.355932 1.88369 524382
3 0.607187 0.390589 1.88705 524416
3 0.596391 0.428008 1.89084 524450
3 0.580743 0.461834 1.89038 524484
3 0.558292 0.495375 1.88521 524518
3 0.53923 0.516695 1.87842 524552
3 0.517453 0.531662 1.87842 524586
3 0.496416 0.540763 1.87983 524620
3 0.477681 0.540338 1.87638 524653
3 0.456588 0.531944 1.87325 524687
3 0.437116 0.51679 1.8716 524721
3 0.421662 0.492754 1.87062 524755
3 0.40832 0.465378 1.86513 524789
3 0.397022 0.438848 1.85992 524823
3 0.391813 0.410548 1.85498 524856
3 0.389666 0.376313 1.85448 524889
3 0.386911 0.341014 1.85717 524922
3 0.38609 0.308775 1.86032 524955
3 0.390199 0.279826 1.86355 524989
3 0.399025 0.252682 1.86847 525022
3 0.408729 0.222578 1.86831 525056
3 0.419209 0.196344 1.87223 525090
3 0.43096 0.174325 1.8739 525123
3 0.442794 0.156409 1.87626 525157
3 0.460396 0.139788 1.88261 525191
3 0.475439 0.129276 1.88435 525225
3 0.494081 0.12451 1.88187 525259
3 0.511848 0.126426 1.87963 525293
3 0.527475 0.130063 1.87941 525327
3 0.541352 0.138076 1.87733 525360
3 0.553778 0.148412 1.87875 525394
3 0.567061 0.161249 1.8837 525428
3 0.574945 0.171603 1.87937 525462
3 0.579026 0.177196 1.878 525480

4 0.524589 0.250579 1.87411 526627
4 0.530012 0.245374 1.87452 526661
4 0.534308 0.242021 1.87328 526694
4 0.542031 0.23625 1.87574 526728
4 0.55037 0.23204 1.87263 526761
4 0.561865 0.231057 1.87624 526793
4 0.575952 0.231144 1.8762 526826
4 0.591121 0.232234 1.878 526860
4 0.605515 0.238936 1.88269 526892
4 0.619717 0.25215 1.88272 526924
4 0.635288 0.26898 1.88381 526957
4 0.646735 0.29077 1.88708 526991
4 0.657449 0.31683 1.89234 527026
4 0.662962 0.347767 1.8955 527058
4 0.663695 0.379066 1.8972 527092
4 0.662185 0.413487 1.89951 527125
4 0.656324 0.446375 1.90383 527159
4 0.646239 0.480259 1.90832 527194
4 0.627522 0.509411 1.91444 527226
4 0.607754 0.533091 1.9162 527260
4 0.584481 0.551637 1.91512 527293
4 0.562119 0.562573 1.91193 527328
4 0.543837 0.561503 1.90025 527360
4 0.526926 0.554209 1.88919 527392
4 0.512069 0.537423 1.87834 527424
4 0.498643 0.512921 1.86614 527457
4 0.487835 0.487546 1.8518 527491
4 0.479561 0.457772 1.8346 527525
4 0.476442 0.428266 1.82857 527557
4 0.479503 0.398165 1.83009 527599
4 0.485469 0.367665 1.83229 527620
4 0.491161 0.333353 1.82881 527654
4 0.498209 0.308399 1.83299 527688
4 0.508752 0.287671 1.83873 527720
4 0.522937 0.270273 1.84857 527754
4 0.538458 0.25572 1.85098 527788
4 0.553371 0.245918 1.85637 527821
4 0.570297 0.239309 1.86584 527855
4 0.589104 0.235138 1.87926 527888
4 0.603742 0.239131 1.89015 527922
4 0.619053 0.248946 1.90145 527956
4 0.632288 0.255446 1.90692 527990

5 0.438432 0.301877 1.86882 528931
5 0.438698 0.287331 1.86747 528963
5 0.444238 0.273365 1.86094 528997
5 0.452982 0.25861 1.85457 529030
5 0.464189 0.24371 1.84773 529064
5 0.477366 0.23507 1.8402 529098
5 0.492198 0.230213 1.8309 529130
5 0.507392 0.230022 1.82065 529163
5 0.524548 0.236704 1.81546 529197
5 0.541541 0.250456 1.81071 529231
5 0.557081 0.271592 1.81079 529265
5 0.571133 0.295649 1.80958 529298
5 0.580589 0.319902 1.81357 529332
5 0.589793 0.355016 1.81827 529366
5 0.594481 0.390827 1.82146 529383
5 0.594421 0.430081 1.82535 529433
5 0.586304 0.464428 1.8315 529466
5 0.574144 0.49744 1.83682 529483
5 0.556867 0.522817 1.83985 529533
5 0.537499 0.542085 1.84223 529566
5 0.517039 0.554604 1.84435 529599
5 0.494851 0.55656 1.84784 529631
5 0.472671 0.549645 1.84811 529665
5 0.45171 0.535785 1.85033 529698
5 0.434251 0.512603 1.85183 529732
5 0.419796 0.483394 1.84977 529765
5 0.407348 0.450745 1.84815 529799
5 0.397688 0.417496 1.84379 529831
5 0.392551 0.381764 1.84727 529864
5 0.392697 0.346754 1.84958 529896
5 0.395097 0.316843 1.8505 529929
5 0.401321 0.2918 1.8486 529963
5 0.4126 0.26937 1.848 529997
5 0.429138 0.253032 1.84473 530031
5 0.449086 0.237549 1.84704 530065

6 0.455205 0.479039 1.79717 531126
6 0.44288 0.500076 1.80083 531159
6 0.426799 0.51399 1.81071 531193
6 0.410252 0.522527 1.81808 531226
6 0.390881 0.522922 1.82889 531259
6 0.367313 0.514488 1.84259 531293
6 0.348591 0.49713 1.8587 531326
6 0.328174 0.471435 1.86399 531360
6 0.311992 0.445108 1.8661 531392
6 0.300712 0.412879 1.86838 531425
6 0.294872 0.377917 1.87143 531459
6 0.292209 0.340838 1.87812 531494
6 0.296046 0.304004 1.88243 531526
6 0.301119 0.272672 1.88655 531560
6 0.312334 0.244038 1.8917 531594
6 0.324766 0.215917 1.89235 531628
6 0.339305 0.195121 1.89363 531662
6 0.356451 0.175584 1.89541 531696
6 0.374822 0.161025 1.8895 531729
6 0.395297 0.152693 1.88729 531762
6 0.41388 0.148859 1.88078 531796
6 0.434886 0.15012 1.87836 531830
6 0.455238 0.157103 1.87112 531863
6 0.47339 0.17015 1.86127 531897
6 0.489046 0.192007 1.84854 531931
6 0.502901 0.214084 1.83849 531965
6 0.518725 0.238659 1.82332 531999
6 0.530068 0.270823 1.81776 532033
6 0.535837 0.30594 1.81315 532066
6 0.536789 0.342519 1.80974 532100
6 0.532896 0.380739 1.81245 532133
6 0.524443 0.423353 1.81297 532167
6 0.503736 0.459643 1.81608 532201
6 0.482923 0.481215 1.82174 532236

7 0.333266 0.261283 1.84913 533158
7 0.337524 0.239262 1.85276 533192
7 0.341032 0.215427 1.85313 533226
7 0.348017 0.197186 1.85752 533260
7 0.356673 0.177729 1.8587 533294
7 0.367076 0.160447 1.85645 533328
7 0.376751 0.147663 1.85972 533361
7 0.390983 0.13978 1.85801 533395
7 0.405197 0.131746 1.86037 533428
7 0.41917 0.127152 1.86096 533462
7 0.434192 0.123219 1.86049 533496
7 0.448933 0.127763 1.85847 533529
7 0.463539 0.133248 1.85953 533562
7 0.480479 0.141308 1.85223 533594
7 0.500846 0.150987 1.8389 533626
7 0.522691 0.170041 1.83049 533660
7 0.537706 0.196007 1.82003 533693
7 0.550268 0.224051 1.81874 533726
7 0.562841 0.253269 1.81306 533760
7 0.571309 0.288244 1.81351 533793
7 0.576084 0.324639 1.81181 533826
7 0.577254 0.363887 1.8133 533859
7 0.573102 0.405681 1.81448 533891
7 0.562451 0.450104 1.81478 533926
7 0.546987 0.487735 1.81478 533959
7 0.526762 0.52023 1.81912 533993
7 0.501934 0.545221 1.82299 534026
7 0.477112 0.558923 1.82638 534059
7 0.451623 0.564928 1.82852 534100
7 0.427569 0.565198 1.82883 534136
7 0.404749 0.558045 1.82492 534170
7 0.380945 0.540074 1.82685 534202
7 0.361798 0.5134 1.83046 534236
7 0.346804 0.480452 1.83008 534268
7 0.330477 0.44385 1.82065 534301
7 0.319087 0.406732 1.8132 534333
7 0.31146 0.366909 1.81131 534367
7 0.309733 0.327144 1.81143 534402
7 0.311722 0.290837 1.81 534435
7 0.318425 0.256819 1.81459 534468
7 0.32848 0.227561 1.8162 534502
7 0.342234 0.200637 1.81305 534535
7 0.358543 0.178577 1.80514 534567
7 0.3794 0.163169 1.80434 534601
7 0.398635 0.153744 1.80536 534636

8 0.430043 0.403835 1.83886 536229
8 0.43284 0.392865 1.83208 536263
8 0.438401 0.38263 1.83184 536297
8 0.447157 0.371435 1.82849 536331
8 0.458682 0.364096 1.82714 536364
8 0.473664 0.355365 1.82188 536398
8 0.488489 0.350072 1.81692 536432
8 0.502877 0.354087 1.80052 536465
8 0.520508 0.364583 1.79838 536497
8 0.536498 0.379436 1.80104 536531
8 0.55073 0.39993 1.8064 536565
8 0.562944 0.426084 1.81537 536599
8 0.571316 0.451712 1.82205 536633
8 0.574697 0.475938 1.83172 536667
8 0.574178 0.502195 1.84108 536701
8 0.569034 0.526474 1.84911 536734
8 0.560285 0.552188 1.85386 536769
8 0.549554 0.574221 1.85805 536801
8 0.535648 0.58962 1.86197 536834
8 0.520514 0.599053 1.86724 536868
8 0.503707 0.605528 1.87163 536901
8 0.484619 0.606769 1.86931 536935
8 0.465598 0.600757 1.87092 536969
8 0.44913 0.589591 1.87241 537002
8 0.434617 0.574824 1.87335 537037
8 0.422768 0.556368 1.87208 537070
8 0.413677 0.532174 1.87118 537103
8 0.405257 0.506789 1.87219 537135
8 0.399795 0.480206 1.86385 537169
8 0.398751 0.456296 1.85031 537204
8 0.404368 0.427605 1.84296 537236
8 0.412584 0.403789 1.83511 537270
8 0.423013 0.38344 1.83196 537304

9 0.47939 0.401476 1.84133 556953
9 0.475407 0.386582 1.83972 556986
9 0.470623 0.37032 1.83721 557019
9 0.466635 0.355181 1.83453 557052
9 0.465561 0.335361 1.83084 557085
9 0.464112 0.317037 1.82604 557119
9 0.464198 0.299518 1.82326 557152
9 0.46822 0.28136 1.82101 557186
9 0.474856 0.266661 1.8206 557219
9 0.483097 0.251019 1.82243 557253
9 0.493668 0.239591 1.82187 557287
9 0.506631 0.231153 1.82397 557321
9 0.522101 0.221462 1.82823 557355
9 0.540098 0.215932 1.83557 557388
9 0.559271 0.210988 1.8433 557421
9 0.579155 0.212644 1.85373 557454
9 0.598962 0.216767 1.86202 557487
9 0.618799 0.227366 1.86325 557520
9 0.638549 0.248157 1.86631 557554
9 0.653647 0.272055 1.86979 557588
9 0.66362 0.300787 1.87855 557621
9 0.669879 0.330645 1.88755 557655
9 0.672584 0.363162 1.88688 557689
9 0.673773 0.395122 1.88996 557722
9 0.669325 0.42974 1.89277 557756
9 0.662264 0.461824 1.89355 557790
9 0.65005 0.494259 1.89521 557807
9 0.635109 0.522918 1.89954 557857
9 0.614907 0.551581 1.89982 557891
9 0.588543 0.5756 1.89819 557907
9 0.559972 0.592089 1.88997 557958
9 0.535885 0.600606 1.88627 557975
9 0.51156 0.6018 1.88305 558009
9 0.486016 0.593394 1.87684 558059
9 0.465986 0.57759 1.86858 558075
9 0.448346 0.557445 1.85399 558109
9 0.434385 0.531744 1.84211 558143
9 0.427252 0.502202 1.83276 558177
9 0.423351 0.467322 1.82497 558210
9 0.423748 0.432972 1.81801 558244
9 0.427694 0.398965 1.81182 558278
9 0.435715 0.36836 1.81222 558313
9 0.446307 0.333973 1.80867 558346
9 0.45832 0.305288 1.80877 558380
9 0.473118 0.28183 1.81043 558413
9 0.490306 0.262887 1.81223 558447
9 0.509862 0.250712 1.81506 558481
9 0.532826 0.244851 1.81881 558515
9 0.555511 0.242979 1.82268 558549
9 0.578992 0.248724 1.82355 558583
9 0.599254 0.260594 1.82873 558615

