Gesto: 0
0 0.237873 0.265829 1.47581 240292
0 0.238721 0.26572 1.47684 240327
0 0.23723 0.26666 1.47727 240359
0 0.236428 0.266168 1.47867 240393
0 0.235679 0.264576 1.47621 240426
0 0.234124 0.259604 1.47644 240460
0 0.232731 0.254562 1.47117 240493
0 0.231715 0.247791 1.47437 240527
0 0.230631 0.241359 1.47493 240560
0 0.231608 0.233195 1.47943 240594
0 0.231688 0.223476 1.4799 240627
0 0.233734 0.214928 1.48248 240661
0 0.237631 0.208871 1.48865 240694
0 0.240676 0.200828 1.4902 240728
0 0.245849 0.194831 1.49455 240762
0 0.251342 0.188459 1.4971 240796
0 0.258189 0.182487 1.49896 240830
0 0.265117 0.179276 1.50004 240864
0 0.272801 0.17794 1.50228 240898
0 0.28083 0.176436 1.507 240932
0 0.288557 0.178043 1.50957 240966
0 0.298652 0.181955 1.51008 240982
0 0.304262 0.185816 1.50896 241033
0 0.312091 0.192244 1.51095 241050
0 0.319086 0.202468 1.51363 241083
0 0.323786 0.210394 1.51199 241133
0 0.328866 0.220728 1.51445 241150
0 0.3326 0.232086 1.51392 241185
0 0.334956 0.244429 1.51427 241219
0 0.335861 0.25751 1.51363 241253
0 0.334985 0.270343 1.51336 241286
0 0.333138 0.283307 1.5144 241320
0 0.330327 0.296359 1.51585 241354
0 0.326546 0.308231 1.51544 241387
0 0.322349 0.318364 1.51409 241420
0 0.317582 0.328068 1.50899 241453
0 0.311673 0.336555 1.50125 241486
0 0.306139 0.3412 1.49602 241520
0 0.299939 0.345047 1.49418 241553
0 0.292698 0.34815 1.48807 241586
0 0.285033 0.349095 1.48361 241620
0 0.277271 0.348152 1.48021 241653
0 0.269491 0.344957 1.4764 241687
0 0.26139 0.339258 1.47638 241721
0 0.254034 0.33382 1.47686 241755
0 0.247586 0.326945 1.47764 241789
0 0.241584 0.316767 1.47698 241823
0 0.237822 0.307964 1.48013 241856
0 0.2336 0.297929 1.48233 241890
0 0.230773 0.289339 1.48413 241922
0 0.228301 0.281266 1.48442 241955
0 0.227326 0.27236 1.4867 241988
0 0.225159 0.262241 1.48581 242020
0 0.225491 0.253669 1.48601 242054
0 0.225852 0.247262 1.48799 242086
0 0.226939 0.24118 1.49302 242120
0 0.227854 0.236849 1.48897 242152

1 0.417285 0.239868 1.48687 244691
1 0.417087 0.239504 1.48841 244725
1 0.416874 0.239871 1.48747 244759
1 0.417464 0.238157 1.49099 244793
1 0.417945 0.23764 1.49054 244826
1 0.420421 0.235875 1.4883 244860
1 0.421701 0.234907 1.48892 244894
1 0.42349 0.2333 1.48974 244927
1 0.424966 0.232085 1.48953 244958
1 0.426168 0.227827 1.49572 244992
1 0.427962 0.224251 1.49843 245024
1 0.432406 0.220048 1.49853 245058
1 0.438076 0.216924 1.50178 245091
1 0.442532 0.214367 1.50635 245124
1 0.44643 0.209844 1.50845 245159
1 0.452243 0.207983 1.50912 245192
1 0.459347 0.207566 1.50989 245225
1 0.464837 0.207364 1.50975 245259
1 0.471757 0.209774 1.51075 245293
1 0.477797 0.215851 1.51555 245327
1 0.485075 0.221396 1.51881 245361
1 0.493128 0.227584 1.5176 245393
1 0.499127 0.239075 1.52152 245427
1 0.504359 0.249325 1.51907 245459
1 0.509192 0.259131 1.51589 245493
1 0.513393 0.27099 1.52027 245527
1 0.517443 0.282996 1.5227 245561
1 0.518793 0.293414 1.52461 245594
1 0.520804 0.306466 1.524 245629
1 0.521248 0.320453 1.5219 245661
1 0.520181 0.333473 1.52016 245695
1 0.516646 0.346274 1.51878 245729
1 0.513032 0.357522 1.51866 245761
1 0.508157 0.366736 1.51724 245796
1 0.501167 0.373625 1.51467 245830
1 0.493664 0.380619 1.51148 245864
1 0.485048 0.383592 1.50893 245898
1 0.47688 0.383885 1.50334 245932
1 0.469053 0.383607 1.4984 245966
1 0.460607 0.381366 1.49246 245998
1 0.452062 0.376574 1.49017 246031
1 0.444421 0.367366 1.48972 246064
1 0.436932 0.358222 1.4883 246098
1 0.431211 0.349701 1.4884 246130
1 0.425899 0.339761 1.49014 246163
1 0.421473 0.328319 1.4886 246197
1 0.418313 0.315777 1.48953 246230
1 0.415989 0.303734 1.48974 246264
1 0.415432 0.293655 1.49222 246297
1 0.414081 0.283319 1.49502 246331
1 0.413337 0.273361 1.49338 246365
1 0.41442 0.263754 1.49398 246399
1 0.415396 0.254412 1.49435 246433
1 0.41614 0.246325 1.4963 246465
1 0.417792 0.237815 1.49865 246499
1 0.420315 0.233016 1.50318 246533
1 0.423121 0.227155 1.50681 246566
1 0.42374 0.222329 1.50933 246599
1 0.427042 0.218049 1.51356 246631
1 0.429981 0.214725 1.51874 246665
1 0.432834 0.212433 1.52284 246698

2 0.610511 0.254896 1.52792 256844
2 0.60987 0.25475 1.5305 256877
2 0.60895 0.251849 1.52515 256911
2 0.608525 0.249135 1.52634 256945
2 0.6088 0.248436 1.52584 256962
2 0.608802 0.246666 1.52582 257012
2 0.608971 0.243928 1.5247 257043
2 0.610097 0.24123 1.52525 257077
2 0.611897 0.23831 1.52889 257111
2 0.612983 0.233464 1.53667 257143
2 0.616431 0.228864 1.53937 257177
2 0.620381 0.225215 1.53994 257210
2 0.622503 0.220284 1.54403 257243
2 0.625653 0.216897 1.54331 257264
2 0.629925 0.21322 1.54467 257306
2 0.635643 0.210412 1.54826 257339
2 0.641496 0.208375 1.55031 257373
2 0.647466 0.207019 1.55599 257407
2 0.653896 0.20509 1.56177 257440
2 0.658593 0.205505 1.56454 257473
2 0.664871 0.205645 1.56954 257506
2 0.6703 0.207555 1.57422 257540
2 0.676763 0.21076 1.58114 257574
2 0.681494 0.218987 1.58244 257608
2 0.685475 0.22489 1.58529 257642
2 0.688203 0.23358 1.58919 257675
2 0.692372 0.243135 1.59123 257709
2 0.694057 0.252617 1.59017 257743
2 0.693869 0.260964 1.59074 257776
2 0.695145 0.271911 1.58811 257810
2 0.694104 0.281363 1.58543 257843
2 0.691284 0.290349 1.58875 257877
2 0.687817 0.299922 1.58181 257912
2 0.683085 0.308128 1.58214 257944
2 0.678188 0.315615 1.58502 257977
2 0.673871 0.323465 1.58429 258011
2 0.667542 0.330912 1.58135 258045
2 0.658802 0.339816 1.57398 258078
2 0.652886 0.345626 1.57041 258111
2 0.646055 0.350666 1.57219 258145
2 0.639441 0.353847 1.57259 258178
2 0.632834 0.356503 1.56923 258212
2 0.626684 0.357139 1.56836 258246
2 0.620302 0.355793 1.56562 258280
2 0.615207 0.352086 1.56276 258314
2 0.609478 0.348236 1.56117 258346
2 0.605839 0.344152 1.56052 258380
2 0.601017 0.339012 1.55737 258412
2 0.598386 0.333408 1.55558 258430
2 0.595437 0.327632 1.552 258480
2 0.595038 0.321466 1.54803 258511
2 0.592594 0.315611 1.54647 258543
2 0.592257 0.310501 1.54345 258577
2 0.59201 0.303467 1.54395 258611
2 0.59194 0.298017 1.54159 258645
2 0.59197 0.291432 1.54395 258679
2 0.592616 0.286061 1.54482 258711
2 0.593624 0.281417 1.54541 258745
2 0.594262 0.277337 1.54357 258778
2 0.595241 0.273455 1.54943 258811
2 0.597136 0.269373 1.54949 258845
2 0.599073 0.26579 1.55292 258878
2 0.601128 0.263498 1.55375 258911
2 0.603297 0.261884 1.55434 258945
2 0.605233 0.257869 1.55707 258978
2 0.606253 0.255296 1.55765 259012
2 0.608482 0.251614 1.56419 259045
2 0.610078 0.249843 1.56731 259078
2 0.611811 0.248807 1.5717 259112
2 0.613173 0.248523 1.56934 259145
2 0.613877 0.247648 1.56755 259179
2 0.616755 0.24623 1.56758 259213
2 0.618187 0.245402 1.5687 259246
2 0.618491 0.245789 1.56333 259281

3 0.314512 0.417628 1.63825 262201
3 0.314851 0.417789 1.63633 262234
3 0.314917 0.417698 1.63278 262285
3 0.315949 0.4145 1.63289 262303
3 0.315271 0.408999 1.6353 262336
3 0.315601 0.405901 1.63488 262369
3 0.319539 0.403694 1.63258 262402
3 0.323859 0.399059 1.63579 262453
3 0.327729 0.394669 1.63556 262470
3 0.335183 0.391248 1.63676 262502
3 0.341667 0.388994 1.6336 262552
3 0.348659 0.387885 1.63336 262569
3 0.357684 0.38863 1.63398 262603
3 0.366053 0.391637 1.63045 262637
3 0.372356 0.396615 1.62927 262669
3 0.379171 0.404562 1.62662 262702
3 0.38451 0.413017 1.62682 262737
3 0.389006 0.423547 1.62934 262770
3 0.392213 0.433311 1.63205 262804
3 0.394952 0.442905 1.63587 262837
3 0.393412 0.453486 1.63817 262871
3 0.390995 0.464865 1.64024 262904
3 0.389802 0.473711 1.64147 262953
3 0.386666 0.482655 1.64422 262969
3 0.382475 0.493381 1.64122 263003
3 0.375885 0.4998 1.64524 263053
3 0.367787 0.504387 1.65252 263070
3 0.358363 0.507044 1.6569 263103
3 0.348058 0.507108 1.65857 263153
3 0.33877 0.507709 1.65753 263169
3 0.330519 0.505849 1.65603 263203
3 0.322038 0.50187 1.65224 263252
3 0.314377 0.497086 1.64647 263268
3 0.307669 0.487829 1.64786 263302
3 0.30293 0.479524 1.64095 263350
3 0.298444 0.469347 1.63483 263383
3 0.295577 0.458647 1.62832 263400
3 0.294033 0.446191 1.6277 263452
3 0.291899 0.435116 1.62033 263485
3 0.29106 0.42323 1.61528 263501
3 0.29404 0.410988 1.61682 263550
3 0.295747 0.400224 1.6139 263582
3 0.301119 0.390762 1.61729 263616
3 0.304388 0.382269 1.61583 263649
3 0.310973 0.377177 1.61574 263683
3 0.315931 0.373749 1.60969 263717
3 0.322216 0.369697 1.61372 263749
3 0.326741 0.36764 1.60997 263783
3 0.33123 0.365698 1.61128 263815

4 0.547184 0.427497 1.6615 266341
4 0.547554 0.426613 1.66039 266375
4 0.549433 0.42684 1.65614 266408
4 0.550322 0.424046 1.65445 266441
4 0.550479 0.421715 1.65504 266474
4 0.550729 0.420102 1.65433 266507
4 0.55331 0.419811 1.65753 266541
4 0.556599 0.419926 1.65652 266574
4 0.558793 0.419079 1.65928 266609
4 0.563099 0.420083 1.66143 266642
4 0.566947 0.421238 1.65918 266676
4 0.570662 0.425655 1.6587 266710
4 0.571699 0.430025 1.65827 266744
4 0.576052 0.431929 1.66471 266778
4 0.579728 0.439454 1.66789 266819
4 0.582094 0.445642 1.66934 266852
4 0.583198 0.451824 1.67091 266886
4 0.583463 0.457955 1.67253 266920
4 0.584089 0.465652 1.67619 266952
4 0.585266 0.475699 1.67765 266986
4 0.58478 0.48321 1.68032 267020
4 0.58293 0.491132 1.68285 267054
4 0.578003 0.498526 1.68601 267088
4 0.572868 0.502344 1.68998 267104
4 0.567308 0.509163 1.68879 267152
4 0.561107 0.513634 1.6883 267186
4 0.55502 0.51633 1.68894 267219
4 0.546779 0.517764 1.68793 267253
4 0.538882 0.518884 1.68482 267287
4 0.528769 0.518894 1.67727 267320
4 0.519721 0.514453 1.67878 267354
4 0.514449 0.509716 1.67835 267386
4 0.505983 0.506868 1.67371 267420
4 0.501339 0.49938 1.67441 267453
4 0.494264 0.494839 1.66736 267486
4 0.491336 0.486431 1.66523 267520
4 0.490165 0.480265 1.66075 267555
4 0.489449 0.470552 1.6585 267588
4 0.491394 0.464024 1.658 267621
4 0.493073 0.456557 1.65672 267656
4 0.495032 0.451216 1.65655 267672
4 0.500137 0.447232 1.65364 267720
4 0.504836 0.444395 1.65037 267754
4 0.507991 0.442209 1.64769 267771
4 0.510018 0.439488 1.64602 267821
4 0.51426 0.438323 1.6466 267854
4 0.517409 0.435971 1.64737 267887
4 0.520905 0.435572 1.64727 267920
4 0.525541 0.435465 1.64697 267953
4 0.529974 0.435855 1.64763 267986
4 0.53283 0.436016 1.64771 268018
4 0.534552 0.437015 1.64925 268050
4 0.537066 0.438205 1.65012 268083
4 0.539976 0.438386 1.65405 268117
4 0.543198 0.439733 1.65478 268151
4 0.544677 0.440408 1.6604 268183
4 0.545897 0.442136 1.66261 268217
4 0.546265 0.443492 1.65969 268250
4 0.545903 0.44475 1.65382 268283
4 0.545914 0.445968 1.65325 268317
4 0.54599 0.446421 1.65365 268350
4 0.546224 0.44582 1.65364 268384
4 0.546242 0.446071 1.65138 268418
4 0.547021 0.444785 1.65074 268450

5 0.701506 0.425065 1.66784 271378
5 0.70249 0.424439 1.6601 271411
5 0.703181 0.42329 1.65676 271444
5 0.703046 0.41981 1.66053 271477
5 0.705076 0.416781 1.66291 271526
5 0.707281 0.412705 1.66126 271558
5 0.709908 0.40714 1.6625 271575
5 0.713298 0.403294 1.66575 271627
5 0.717945 0.398585 1.66684 271643
5 0.72391 0.394541 1.67059 271677
5 0.729563 0.392896 1.67517 271710
5 0.736215 0.390433 1.68059 271744
5 0.743143 0.390636 1.68849 271777
5 0.749563 0.39466 1.69354 271811
5 0.758496 0.398611 1.69531 271845
5 0.765016 0.402501 1.69872 271878
5 0.770702 0.409476 1.70283 271911
5 0.776948 0.422568 1.70458 271944
5 0.782905 0.432268 1.70987 271994
5 0.786115 0.443942 1.71564 272011
5 0.788181 0.458286 1.72375 272044
5 0.786955 0.471857 1.72902 272078
5 0.783451 0.487862 1.7276 272110
5 0.779522 0.498193 1.7319 272145
5 0.773644 0.509083 1.73009 272193
5 0.764786 0.516345 1.72974 272225
5 0.755786 0.523274 1.72689 272257
5 0.74551 0.526644 1.72017 272290
5 0.737383 0.528186 1.71455 272324
5 0.728473 0.528413 1.70767 272356
5 0.718867 0.525078 1.69852 272389
5 0.709905 0.522245 1.68943 272423
5 0.702896 0.514432 1.68182 272457
5 0.695213 0.507607 1.67197 272491
5 0.691224 0.498726 1.66436 272523
5 0.687792 0.487631 1.6602 272557
5 0.684532 0.476932 1.65625 272591
5 0.68405 0.465676 1.65268 272625
5 0.683886 0.456232 1.65016 272657
5 0.683855 0.446997 1.65617 272691
5 0.687924 0.440148 1.6538 272725
5 0.692508 0.433782 1.65407 272759
5 0.694582 0.427431 1.6559 272793
5 0.695173 0.423128 1.65713 272810
5 0.699148 0.420423 1.65726 272844
5 0.704566 0.418949 1.65988 272879
5 0.708114 0.416494 1.66655 272912
5 0.709402 0.415897 1.66814 272944
5 0.710196 0.415121 1.6724 272994
5 0.710984 0.415669 1.67303 273011
5 0.711477 0.415918 1.67429 273045
5 0.71209 0.415813 1.67515 273094
5 0.715658 0.416278 1.67649 273111
5 0.717474 0.416541 1.67429 273162
5 0.718472 0.417738 1.66624 273179

6 0.248378 0.27649 1.57324 277854
6 0.24847 0.276072 1.57388 277888
6 0.248987 0.275483 1.57242 277923
6 0.249565 0.274484 1.57414 277955
6 0.24985 0.273728 1.57542 277989
6 0.250333 0.268606 1.57421 278023
6 0.250693 0.267383 1.57499 278056
6 0.251846 0.263927 1.57487 278090
6 0.252718 0.260995 1.57437 278123
6 0.254584 0.257252 1.57685 278157
6 0.257257 0.252563 1.57462 278191
6 0.259222 0.248879 1.57712 278224
6 0.261956 0.245126 1.57111 278257
6 0.265129 0.240857 1.56802 278289
6 0.268687 0.237114 1.56798 278323
6 0.273908 0.234532 1.57093 278355
6 0.279893 0.232205 1.5716 278389
6 0.28635 0.229334 1.57487 278423
6 0.291208 0.228909 1.57371 278455
6 0.29602 0.225294 1.57426 278488
6 0.30239 0.224342 1.57262 278521
6 0.308917 0.223971 1.57844 278555
6 0.315907 0.226992 1.57878 278588
6 0.32046 0.229041 1.57742 278620
6 0.326277 0.231094 1.57459 278654
6 0.330279 0.236945 1.57447 278688
6 0.332351 0.241336 1.57513 278721
6 0.335431 0.249235 1.57936 278755
6 0.337486 0.25477 1.58196 278787
6 0.337476 0.258856 1.58169 278821
6 0.337708 0.266311 1.57889 278855
6 0.336655 0.271139 1.58318 278887
6 0.335437 0.278109 1.58149 278919
6 0.333438 0.283504 1.58004 278951
6 0.330208 0.289084 1.58133 278985
6 0.326388 0.295883 1.57786 279019
6 0.32329 0.299804 1.57661 279051
6 0.321088 0.303608 1.57934 279084
6 0.317195 0.308003 1.57572 279118
6 0.314158 0.312405 1.57368 279152
6 0.309589 0.316497 1.5766 279185
6 0.305568 0.318395 1.57232 279219
6 0.299574 0.318564 1.56986 279253
6 0.295816 0.318446 1.56731 279287
6 0.291388 0.319107 1.56565 279321
6 0.28686 0.318184 1.56498 279355
6 0.282044 0.314586 1.56295 279389
6 0.277687 0.31029 1.5603 279423
6 0.27601 0.305962 1.56272 279456
6 0.274036 0.30411 1.56367 279490
6 0.272405 0.299264 1.56303 279522
6 0.271351 0.29487 1.5656 279556
6 0.270019 0.289317 1.56769 279588
6 0.267264 0.286054 1.56628 279621
6 0.265377 0.281431 1.566 279655
6 0.263329 0.276011 1.56845 279688
6 0.262919 0.272589 1.56964 279723
6 0.26323 0.269011 1.57086 279755
6 0.262914 0.26446 1.57129 279787
6 0.261724 0.263214 1.57077 279819
6 0.262653 0.260787 1.5712 279853
6 0.263407 0.259327 1.57034 279887
6 0.263481 0.258222 1.57257 279920
6 0.265558 0.258108 1.57589 279954
6 0.266926 0.258256 1.5798 279988

7 0.42259 0.294109 1.61354 282731
7 0.421788 0.293569 1.6147 282764
7 0.421397 0.293436 1.61534 282798
7 0.420833 0.295302 1.61256 282832
7 0.420061 0.295072 1.61415 282866
7 0.420949 0.291845 1.61991 282900
7 0.42109 0.286273 1.61599 282933
7 0.424337 0.283551 1.61277 282966
7 0.425565 0.276996 1.61443 283000
7 0.42837 0.27203 1.61265 283034
7 0.431362 0.266384 1.61347 283067
7 0.433431 0.261494 1.61571 283099
7 0.437861 0.256606 1.61667 283131
7 0.442264 0.253628 1.62281 283164
7 0.448075 0.248427 1.62758 283198
7 0.454043 0.245293 1.6319 283230
7 0.459565 0.245875 1.639 283264
7 0.463553 0.246827 1.642 283297
7 0.469742 0.247679 1.63893 283330
7 0.475035 0.249066 1.63535 283362
7 0.479988 0.250649 1.63276 283395
7 0.482027 0.256669 1.63417 283428
7 0.485907 0.263246 1.63857 283461
7 0.48923 0.271036 1.63968 283494
7 0.489937 0.280998 1.64159 283526
7 0.490393 0.288596 1.64279 283558
7 0.491079 0.298528 1.64155 283592
7 0.490153 0.307429 1.64015 283625
7 0.490094 0.315219 1.63874 283657
7 0.486641 0.321522 1.64085 283690
7 0.483342 0.328733 1.64072 283724
7 0.481415 0.334658 1.63868 283756
7 0.477857 0.339149 1.63802 283790
7 0.473117 0.344193 1.63236 283824
7 0.469 0.347412 1.62907 283858
7 0.462572 0.351132 1.62481 283891
7 0.457242 0.352086 1.62401 283925
7 0.454099 0.350884 1.62308 283960
7 0.448579 0.348444 1.62034 283992
7 0.444961 0.346398 1.6176 284025
7 0.438423 0.344633 1.60743 284057
7 0.434261 0.338151 1.6089 284091
7 0.430002 0.33432 1.60847 284123
7 0.427722 0.328755 1.60816 284157
7 0.426043 0.323007 1.61256 284191
7 0.42404 0.317297 1.61357 284225
7 0.422889 0.312425 1.61175 284257
7 0.423952 0.306224 1.61537 284290
7 0.422873 0.301951 1.61233 284323
7 0.422948 0.296109 1.61056 284355
7 0.423738 0.291895 1.6124 284388
7 0.425816 0.288439 1.61472 284419
7 0.427092 0.286488 1.61056 284470

8 0.595427 0.291097 1.66747 288063
8 0.595046 0.29144 1.6632 288096
8 0.595414 0.290819 1.66308 288130
8 0.595234 0.290605 1.66148 288164
8 0.593772 0.288917 1.66664 288197
8 0.594391 0.283696 1.66384 288230
8 0.594751 0.280175 1.65902 288263
8 0.593676 0.275599 1.66671 288298
8 0.595513 0.269295 1.66922 288340
8 0.598448 0.259165 1.67543 288359
8 0.603179 0.25199 1.67819 288393
8 0.60462 0.245944 1.6887 288427
8 0.611211 0.238381 1.69128 288460
8 0.616167 0.232426 1.69471 288493
8 0.618826 0.228213 1.70072 288526
8 0.626312 0.225666 1.71036 288560
8 0.630855 0.22466 1.71536 288594
8 0.637722 0.224044 1.72137 288628
8 0.642805 0.223798 1.72394 288662
8 0.64974 0.228662 1.72862 288697
8 0.654414 0.232923 1.73051 288730
8 0.657351 0.237885 1.73439 288764
8 0.660404 0.24613 1.73274 288796
8 0.662582 0.255447 1.72837 288830
8 0.664149 0.263724 1.72775 288864
8 0.662996 0.274447 1.72745 288897
8 0.662022 0.287294 1.72326 288931
8 0.662369 0.298346 1.72047 288965
8 0.660443 0.308104 1.71929 288998
8 0.656874 0.319446 1.71773 289031
8 0.653945 0.32849 1.71655 289065
8 0.650049 0.338463 1.7123 289099
8 0.643293 0.346534 1.70811 289133
8 0.636398 0.351441 1.70753 289166
8 0.631896 0.356973 1.70095 289199
8 0.626947 0.360675 1.69777 289233
8 0.618693 0.360712 1.69609 289267
8 0.613796 0.3619 1.69275 289301
8 0.607756 0.359167 1.69114 289335
8 0.601827 0.356093 1.68954 289370
8 0.597396 0.352534 1.68654 289403
8 0.591869 0.34765 1.68399 289437
8 0.588972 0.342851 1.67698 289471
8 0.585741 0.338393 1.67227 289505
8 0.583239 0.332174 1.67458 289539
8 0.581093 0.326038 1.67105 289572
8 0.580536 0.318826 1.67016 289589
8 0.579196 0.312799 1.66478 289640
8 0.580052 0.305765 1.66455 289657
8 0.583026 0.299194 1.66612 289691
8 0.583701 0.294576 1.66587 289742
8 0.584292 0.28834 1.66987 289758
8 0.587184 0.283416 1.67622 289792
8 0.590417 0.280061 1.68275 289825
8 0.591451 0.276166 1.68057 289858
8 0.593122 0.272772 1.68551 289908
8 0.594973 0.268169 1.6879 289925
8 0.59469 0.265082 1.69287 289959
8 0.597161 0.26305 1.69289 289993
8 0.601807 0.261272 1.69904 290027
8 0.605765 0.259056 1.70057 290061
8 0.607611 0.257574 1.69735 290109
8 0.608392 0.256195 1.6986 290125
8 0.608917 0.256068 1.69966 290159

9 0.464912 0.570114 1.64038 292337
9 0.465677 0.567257 1.63909 292371
9 0.465639 0.561847 1.63556 292404
9 0.465487 0.556851 1.63257 292437
9 0.467804 0.550189 1.63224 292470
9 0.471345 0.543094 1.6299 292504
9 0.476643 0.535869 1.63452 292536
9 0.48501 0.530109 1.63403 292567
9 0.493098 0.525199 1.63699 292601
9 0.502799 0.525174 1.63716 292635
9 0.513815 0.529058 1.63687 292669
9 0.526047 0.535961 1.64228 292701
9 0.533918 0.545076 1.64613 292734
9 0.540717 0.561981 1.64621 292766
9 0.544265 0.578623 1.6486 292803
9 0.541249 0.596374 1.65263 292845
9 0.534754 0.612582 1.65591 292865
9 0.528654 0.62843 1.65858 292897
9 0.518362 0.641957 1.6583 292930
9 0.508986 0.65213 1.66321 292963
9 0.497648 0.660481 1.66233 292996
9 0.486189 0.660873 1.66414 293030
9 0.475285 0.658565 1.65813 293064
9 0.464498 0.650159 1.64964 293097
9 0.455894 0.637489 1.64096 293131
9 0.449229 0.623537 1.62457 293165
9 0.446363 0.607304 1.6162 293199
9 0.44572 0.586966 1.61144 293233
9 0.448599 0.570093 1.60847 293267
9 0.450568 0.554621 1.60777 293301
9 0.453292 0.544432 1.60245 293335
9 0.459107 0.538249 1.6069 293369
9 0.464968 0.535511 1.60713 293402
9 0.469759 0.537651 1.61041 293436
9 0.474982 0.541146 1.61986 293469
9 0.479248 0.547988 1.62195 293503
9 0.481769 0.553006 1.62358 293537
9 0.484932 0.560382 1.62369 293570
9 0.486109 0.564038 1.62667 293603

