Gesto: 0
0 0.470202 0.492726 1.84604 184279
0 0.464492 0.488683 1.83706 184312
0 0.461449 0.481665 1.83133 184345
0 0.459246 0.476082 1.82362 184380
0 0.454571 0.466927 1.81573 184411
0 0.451408 0.457026 1.80786 184445
0 0.448275 0.447964 1.79742 184479
0 0.447278 0.435421 1.79109 184511
0 0.447016 0.422536 1.78544 184544
0 0.444287 0.408011 1.77875 184578
0 0.442633 0.393269 1.77183 184611
0 0.442112 0.377445 1.76675 184644
0 0.44184 0.363494 1.76468 184678
0 0.442781 0.347079 1.76082 184709
0 0.442285 0.332365 1.75539 184743
0 0.443367 0.314552 1.75088 184777
0 0.443059 0.298987 1.75048 184809
0 0.441343 0.283763 1.74786 184843
0 0.444324 0.268671 1.74462 184877
0 0.446042 0.253606 1.74747 184910
0 0.448859 0.240017 1.74889 184944
0 0.453437 0.22871 1.75247 184978
0 0.456044 0.217056 1.75122 185010
0 0.460564 0.206558 1.75267 185044
0 0.464382 0.19722 1.76252 185076
0 0.469311 0.189445 1.76826 185110
0 0.475709 0.17978 1.77921 185144
0 0.480907 0.174471 1.78673 185176
0 0.4882 0.167988 1.79075 185210
0 0.493989 0.162547 1.79808 185244
0 0.49986 0.155774 1.80417 185278
0 0.505931 0.151359 1.81209 185312
0 0.512281 0.146348 1.81634 185344
0 0.51856 0.143054 1.82611 185378
0 0.526702 0.140837 1.83726 185411
0 0.532889 0.139096 1.84818 185444
0 0.536443 0.140466 1.85661 185478
0 0.545078 0.140932 1.87086 185513
0 0.554156 0.141763 1.88677 185546
0 0.561261 0.143344 1.90438 185580
0 0.568493 0.149587 1.9133 185614
0 0.577586 0.157702 1.92762 185647
0 0.583227 0.164452 1.93423 185681
0 0.589537 0.17164 1.94364 185715
0 0.594034 0.183328 1.95123 185748
0 0.599932 0.195019 1.96261 185782
0 0.604775 0.20702 1.97116 185816
0 0.605596 0.220159 1.97994 185849
0 0.60815 0.237724 1.98585 185882
0 0.612071 0.249049 1.99806 185915
0 0.611974 0.26057 2.00628 185949
0 0.612884 0.275511 2.01582 185982
0 0.615208 0.289651 2.0181 186015
0 0.615496 0.307812 2.01774 186047
0 0.61555 0.322705 2.02526 186081
0 0.611278 0.33213 2.03484 186113
0 0.608481 0.346814 2.03815 186147
0 0.607085 0.36153 2.0394 186180
0 0.605654 0.375787 2.03811 186213
0 0.600367 0.385988 2.04027 186247
0 0.596174 0.400403 2.04038 186281
0 0.593336 0.414232 2.04525 186313
0 0.586382 0.423916 2.04577 186347
0 0.581554 0.436484 2.04731 186381
0 0.576797 0.4469 2.04006 186415
0 0.570669 0.455477 2.04092 186449
0 0.565644 0.463626 2.03372 186482
0 0.556915 0.468996 2.03167 186515
0 0.549794 0.478145 2.02495 186547
0 0.541386 0.485449 2.01377 186579
0 0.537087 0.489192 2.00902 186613
0 0.527559 0.491727 2.00317 186647
0 0.522951 0.497067 1.99272 186681
0 0.517197 0.499003 1.98775 186716
0 0.512054 0.501684 1.97962 186749
0 0.50552 0.498243 1.9755 186782
0 0.498931 0.495018 1.96981 186815
0 0.493734 0.493615 1.95662 186848
0 0.489042 0.490872 1.94712 186883
0 0.484579 0.486843 1.9392 186915
0 0.480661 0.481678 1.92968 186947
0 0.479007 0.477338 1.92136 186981

1 0.588729 0.456744 1.97389 189056
1 0.586049 0.460105 1.97491 189073
1 0.580462 0.46469 1.96951 189123
1 0.576001 0.468463 1.96714 189140
1 0.572821 0.470914 1.96393 189174
1 0.56709 0.472073 1.96129 189208
1 0.561276 0.473241 1.95615 189241
1 0.554759 0.472359 1.94724 189275
1 0.54812 0.473 1.93816 189307
1 0.541646 0.472342 1.92876 189341
1 0.53691 0.470903 1.92244 189375
1 0.530329 0.469238 1.91013 189409
1 0.524894 0.469629 1.89616 189442
1 0.518353 0.463098 1.88547 189475
1 0.513473 0.457267 1.87527 189509
1 0.508978 0.452696 1.86008 189543
1 0.506139 0.445325 1.84922 189577
1 0.502509 0.435284 1.84083 189610
1 0.500545 0.426694 1.83404 189644
1 0.499248 0.416806 1.82843 189677
1 0.498287 0.405766 1.82422 189710
1 0.498397 0.394552 1.82225 189743
1 0.499425 0.381554 1.81751 189777
1 0.498575 0.3724 1.80818 189811
1 0.503944 0.357895 1.80295 189845
1 0.506272 0.342463 1.79947 189877
1 0.507226 0.327791 1.79515 189911
1 0.509288 0.312144 1.78824 189944
1 0.512027 0.29779 1.78769 189977
1 0.514778 0.281173 1.78756 190011
1 0.517541 0.265804 1.78617 190045
1 0.520965 0.251551 1.78348 190077
1 0.525448 0.23765 1.78726 190111
1 0.529135 0.224004 1.79125 190145
1 0.537002 0.210263 1.79652 190179
1 0.542138 0.197293 1.80168 190213
1 0.546177 0.188715 1.81037 190247
1 0.552236 0.18046 1.81767 190281
1 0.558237 0.171489 1.82163 190313
1 0.564864 0.16445 1.83388 190347
1 0.572923 0.158931 1.84673 190379
1 0.581623 0.155796 1.85834 190413
1 0.588864 0.152313 1.8674 190446
1 0.595899 0.150367 1.87883 190479
1 0.602303 0.152544 1.89176 190514
1 0.608856 0.155049 1.90481 190546
1 0.615467 0.158087 1.91443 190579
1 0.621735 0.164075 1.92492 190612
1 0.629008 0.168286 1.94053 190646
1 0.634937 0.175713 1.95027 190678
1 0.639262 0.179912 1.96072 190709
1 0.644658 0.190012 1.97149 190743
1 0.648645 0.203314 1.97885 190778
1 0.652396 0.211542 1.98212 190820
1 0.655244 0.221253 1.98467 190843
1 0.657472 0.235174 1.99108 190876
1 0.659153 0.251006 1.99583 190910
1 0.660434 0.26752 2.007 190943
1 0.658796 0.279295 2.01487 190976
1 0.657853 0.295115 2.01867 191009
1 0.654276 0.310627 2.02615 191043
1 0.652233 0.328043 2.03301 191077
1 0.650133 0.344918 2.03712 191111
1 0.648763 0.361191 2.04555 191145
1 0.64371 0.378435 2.05079 191179
1 0.637745 0.392478 2.06102 191213
1 0.630998 0.408072 2.06736 191248
1 0.627348 0.424297 2.07062 191280
1 0.61824 0.438656 2.07129 191314
1 0.609747 0.452538 2.0684 191348
1 0.601476 0.460466 2.07017 191381
1 0.593885 0.4684 2.05982 191415
1 0.586026 0.478479 2.05337 191448
1 0.575727 0.48485 2.04714 191481
1 0.566863 0.490592 2.03722 191516

2 0.44504 0.487602 2.04228 193581
2 0.437003 0.488199 2.04371 193614
2 0.431669 0.488697 2.04273 193648
2 0.423 0.490218 2.03935 193683
2 0.415824 0.490203 2.03328 193716
2 0.408393 0.489034 2.03178 193750
2 0.401406 0.485859 2.0306 193783
2 0.395252 0.478826 2.02766 193816
2 0.389415 0.472702 2.01965 193848
2 0.383591 0.463712 2.00514 193881
2 0.377664 0.454842 1.99595 193915
2 0.375549 0.445102 1.98629 193950
2 0.37027 0.433036 1.97328 193982
2 0.36775 0.417452 1.95996 194016
2 0.36572 0.403161 1.94823 194050
2 0.365621 0.388762 1.93723 194084
2 0.365929 0.372168 1.9332 194116
2 0.366589 0.356795 1.92624 194150
2 0.367698 0.33971 1.91708 194182
2 0.368394 0.32342 1.91233 194214
2 0.368991 0.305712 1.90663 194248
2 0.368734 0.286078 1.89785 194281
2 0.370446 0.268742 1.89072 194313
2 0.37402 0.257356 1.88643 194347
2 0.380344 0.239971 1.88586 194381
2 0.385234 0.227234 1.8852 194414
2 0.391892 0.208873 1.88989 194446
2 0.397442 0.195501 1.88718 194479
2 0.406022 0.185729 1.89335 194513
2 0.413289 0.175519 1.89877 194547
2 0.420958 0.166297 1.90292 194580
2 0.4303 0.155684 1.91304 194614
2 0.44002 0.147326 1.91921 194648
2 0.447818 0.142969 1.92297 194680
2 0.458746 0.138065 1.92731 194713
2 0.469033 0.13529 1.93183 194746
2 0.479171 0.134231 1.94561 194780
2 0.488698 0.134732 1.95582 194813
2 0.498613 0.138987 1.9639 194847
2 0.507834 0.142963 1.96951 194882
2 0.516938 0.148203 1.96962 194914
2 0.522209 0.155628 1.97041 194948
2 0.531506 0.16142 1.97658 194982
2 0.54156 0.170585 1.98216 195016
2 0.547295 0.183051 1.98803 195050
2 0.550328 0.197296 1.99525 195084
2 0.555748 0.213041 1.99917 195118
2 0.559638 0.229598 2.01158 195150
2 0.561149 0.247242 2.02099 195184
2 0.562661 0.267053 2.02634 195218
2 0.565239 0.285186 2.03358 195252
2 0.566186 0.304028 2.04042 195285
2 0.564146 0.326818 2.0434 195318
2 0.558892 0.345956 2.05743 195353
2 0.554867 0.364601 2.06019 195385
2 0.549646 0.380545 2.06905 195419
2 0.542851 0.397636 2.07523 195450
2 0.536742 0.415973 2.07538 195483
2 0.528256 0.433451 2.06732 195517
2 0.520697 0.448467 2.06608 195551
2 0.509765 0.460578 2.0684 195585
2 0.500471 0.468115 2.06738 195618
2 0.490201 0.478086 2.06256 195652
2 0.480752 0.484354 2.06042 195685
2 0.470654 0.488141 2.06028 195718
2 0.460022 0.496425 2.05386 195751
2 0.450622 0.499542 2.05113 195784
2 0.440446 0.503284 2.04859 195818
2 0.429696 0.503591 2.04096 195851
2 0.420587 0.501716 2.03444 195885

3 0.460212 0.452122 1.99773 197492
3 0.456836 0.45446 1.99997 197526
3 0.454119 0.45495 2.00243 197560
3 0.44724 0.459385 1.99929 197592
3 0.438927 0.461587 1.99883 197626
3 0.432769 0.45843 1.99999 197660
3 0.423764 0.456235 2.00169 197692
3 0.413406 0.453688 1.99832 197726
3 0.400483 0.451346 1.99349 197760
3 0.388873 0.445673 1.98879 197793
3 0.374535 0.439614 1.98695 197825
3 0.362681 0.430353 1.98147 197859
3 0.35104 0.41772 1.97499 197892
3 0.341595 0.404298 1.96939 197927
3 0.33318 0.388065 1.96141 197959
3 0.323633 0.373187 1.95855 197993
3 0.311951 0.35315 1.94677 198027
3 0.304146 0.33321 1.94234 198061
3 0.299353 0.316465 1.93879 198095
3 0.297985 0.297245 1.93576 198129
3 0.297011 0.279405 1.93521 198160
3 0.297207 0.262549 1.93088 198193
3 0.296712 0.247027 1.92757 198225
3 0.297486 0.229839 1.92448 198258
3 0.301683 0.213302 1.92393 198291
3 0.306738 0.200727 1.92037 198324
3 0.314584 0.187233 1.916 198356
3 0.324159 0.174029 1.91358 198389
3 0.333845 0.160016 1.90791 198423
3 0.342594 0.151168 1.90408 198457
3 0.350336 0.141989 1.89725 198491
3 0.362233 0.134322 1.89322 198523
3 0.375654 0.128567 1.894 198554
3 0.388793 0.125198 1.89712 198588
3 0.401976 0.123785 1.89942 198620
3 0.413964 0.117878 1.90612 198654
3 0.426879 0.117917 1.90935 198687
3 0.438004 0.119508 1.91395 198720
3 0.44915 0.121685 1.91784 198753
3 0.458948 0.126487 1.92113 198786
3 0.46994 0.131738 1.92453 198819
3 0.481883 0.141447 1.92269 198854
3 0.491647 0.152945 1.92607 198887
3 0.497632 0.163912 1.92721 198921
3 0.504213 0.184892 1.92828 198955
3 0.508846 0.198211 1.93007 198989
3 0.512054 0.212161 1.93261 199023
3 0.515744 0.232167 1.94193 199057
3 0.517808 0.254722 1.9533 199090
3 0.514689 0.278007 1.95387 199124
3 0.512768 0.301739 1.96266 199158
3 0.513141 0.323624 1.97137 199192
3 0.511168 0.344276 1.98014 199226
3 0.509527 0.364489 1.98813 199258
3 0.501519 0.384573 1.98975 199292
3 0.495112 0.402442 1.98479 199326
3 0.487024 0.419221 1.98654 199359
3 0.476238 0.433375 1.98575 199393
3 0.465551 0.444689 1.98178 199427
3 0.45507 0.456259 1.98369 199460
3 0.445919 0.463235 1.98354 199493
3 0.436039 0.467845 1.9818 199526
3 0.424374 0.470796 1.98321 199559
3 0.412988 0.471529 1.98172 199593
3 0.400527 0.472649 1.98326 199627
3 0.386751 0.47208 1.98206 199660
3 0.370862 0.471437 1.98264 199694
3 0.354862 0.467304 1.98642 199728

4 0.706039 0.420552 2.212 202087
4 0.705928 0.434696 2.21259 202121
4 0.703741 0.450039 2.20528 202155
4 0.703385 0.462681 2.20783 202189
4 0.696492 0.482938 2.21101 202223
4 0.688193 0.498689 2.22251 202254
4 0.678836 0.513619 2.22551 202287
4 0.669157 0.524918 2.23205 202320
4 0.656039 0.539634 2.22964 202353
4 0.642824 0.547426 2.23192 202387
4 0.631819 0.555315 2.23388 202420
4 0.617729 0.56235 2.22835 202454
4 0.602232 0.566648 2.21809 202488
4 0.589742 0.569481 2.20909 202521
4 0.576564 0.570396 2.20032 202554
4 0.564777 0.568191 2.19234 202588
4 0.551568 0.561168 2.18055 202622
4 0.539471 0.55583 2.16901 202654
4 0.527494 0.548983 2.15877 202688
4 0.517909 0.540332 2.14544 202721
4 0.509161 0.527917 2.13129 202754
4 0.504046 0.516402 2.12322 202787
4 0.500099 0.503511 2.11151 202821
4 0.494884 0.489202 2.10631 202855
4 0.490152 0.47382 2.08496 202889
4 0.486116 0.455357 2.07062 202922
4 0.484304 0.436865 2.05603 202956
4 0.483716 0.416903 2.04429 202990
4 0.483575 0.397802 2.03766 203024
4 0.483489 0.379193 2.03124 203058
4 0.486197 0.362899 2.0249 203092
4 0.492163 0.344044 2.02171 203126
4 0.495642 0.325729 2.01133 203160
4 0.50084 0.304041 2.00205 203194
4 0.504051 0.288287 2.00341 203228
4 0.509215 0.273734 2.00125 203262
4 0.517016 0.258286 1.99891 203296
4 0.523519 0.246868 1.99825 203330
4 0.530689 0.235879 1.99829 203364
4 0.539482 0.225667 1.99556 203398
4 0.548105 0.220298 2.00196 203432
4 0.55934 0.214939 2.00769 203466
4 0.569905 0.213254 2.00905 203498
4 0.581969 0.214919 2.01475 203531
4 0.59413 0.213741 2.01951 203565
4 0.607933 0.21579 2.02282 203599
4 0.61919 0.222836 2.02845 203633
4 0.631053 0.228927 2.03113 203667
4 0.643019 0.239439 2.03698 203684
4 0.654106 0.252648 2.03795 203734
4 0.661325 0.262085 2.04635 203751
4 0.668721 0.275139 2.04964 203785
4 0.680431 0.28959 2.05875 203820
4 0.687314 0.304184 2.06678 203853
4 0.691959 0.32137 2.07393 203887
4 0.695083 0.33764 2.084 203921
4 0.697563 0.356235 2.09286 203954
4 0.698372 0.375545 2.10446 203988
4 0.698647 0.394258 2.09548 204022
4 0.694872 0.415192 2.11715 204056
4 0.690983 0.434063 2.13158 204090

5 0.641962 0.562921 2.23495 205791
5 0.639557 0.568288 2.23727 205825
5 0.633996 0.572839 2.24252 205859
5 0.62753 0.573942 2.24715 205892
5 0.618827 0.580047 2.24195 205926
5 0.610538 0.586084 2.23431 205960
5 0.59897 0.588832 2.23021 205994
5 0.58535 0.589874 2.22645 206029
5 0.574311 0.588833 2.22491 206061
5 0.562347 0.584416 2.22053 206094
5 0.548693 0.57893 2.21352 206128
5 0.534964 0.575459 2.20852 206162
5 0.52344 0.575093 2.20081 206195
5 0.509865 0.557576 2.18188 206230
5 0.498264 0.536939 2.17097 206262
5 0.490791 0.516145 2.15663 206295
5 0.482588 0.497729 2.14097 206328
5 0.476989 0.479794 2.1254 206362
5 0.473248 0.458965 2.11298 206396
5 0.470976 0.438442 2.09801 206428
5 0.47046 0.421115 2.07845 206462
5 0.470791 0.402502 2.06408 206495
5 0.475783 0.382407 2.05571 206529
5 0.480332 0.366111 2.04585 206563
5 0.488548 0.352881 2.04073 206602
5 0.496387 0.337673 2.03403 206629
5 0.504598 0.321286 2.02517 206662
5 0.511918 0.301915 2.01799 206693
5 0.523633 0.286612 2.01532 206727
5 0.533997 0.278982 2.00886 206760
5 0.54514 0.269814 2.0076 206794
5 0.555513 0.267516 2.00612 206827
5 0.567578 0.263225 2.00928 206860
5 0.580296 0.26837 2.01077 206894
5 0.594656 0.271031 2.01676 206928
5 0.608084 0.277446 2.02543 206962
5 0.622589 0.284607 2.03472 206993
5 0.635309 0.293527 2.03959 207027
5 0.645189 0.30801 2.04771 207061
5 0.656577 0.322013 2.05816 207095
5 0.665331 0.339331 2.06783 207128
5 0.670763 0.357446 2.07807 207162
5 0.674984 0.377822 2.09455 207196
5 0.679437 0.398137 2.11197 207227
5 0.680669 0.419983 2.12627 207261
5 0.678922 0.440615 2.13779 207295
5 0.674256 0.464361 2.15871 207329
5 0.665701 0.48782 2.16715 207363
5 0.653024 0.510221 2.16918 207397
5 0.644554 0.526438 2.1738 207431
5 0.63447 0.541194 2.17719 207465
5 0.62158 0.55404 2.17812 207499
5 0.606496 0.564212 2.17888 207533
5 0.591075 0.568896 2.17522 207567
5 0.575465 0.571332 2.1716 207601
5 0.560492 0.572004 2.16985 207635

6 0.460756 0.415423 2.09749 209467
6 0.455363 0.414188 2.09789 209500
6 0.448801 0.410886 2.09673 209534
6 0.444257 0.404404 2.09383 209569
6 0.436455 0.40089 2.0877 209602
6 0.431373 0.392789 2.0896 209635
6 0.421035 0.383969 2.08394 209669
6 0.408445 0.36875 2.08813 209702
6 0.399499 0.356256 2.08941 209735
6 0.390088 0.339112 2.09064 209766
6 0.384788 0.320207 2.08864 209800
6 0.379048 0.300237 2.08481 209834
6 0.377741 0.282394 2.08502 209868
6 0.378212 0.259264 2.07712 209902
6 0.376486 0.237058 2.06921 209936
6 0.377616 0.215382 2.06282 209970
6 0.381024 0.198676 2.05385 210003
6 0.387321 0.178272 2.04887 210037
6 0.393468 0.164679 2.03968 210070
6 0.401705 0.14587 2.03872 210103
6 0.412091 0.12821 2.04418 210137
6 0.424931 0.11585 2.04363 210171
6 0.438527 0.103718 2.04431 210205
6 0.452248 0.0969902 2.04455 210239
6 0.466953 0.0909999 2.04024 210273
6 0.479038 0.0856942 2.04075 210306
6 0.494261 0.0860847 2.03949 210340
6 0.508344 0.0893918 2.03577 210374
6 0.523328 0.0933596 2.03749 210391
6 0.537222 0.101058 2.0396 210425
6 0.550476 0.106546 2.04052 210459
6 0.568049 0.122981 2.04723 210492
6 0.579958 0.136559 2.04735 210526
6 0.591135 0.151705 2.05581 210560
6 0.600197 0.175367 2.05112 210594
6 0.608098 0.199047 2.05351 210627
6 0.616289 0.226241 2.06603 210660
6 0.618583 0.252342 2.07106 210694
6 0.618978 0.277728 2.07617 210727
6 0.620818 0.305775 2.09395 210761
6 0.61827 0.337994 2.10443 210793
6 0.609299 0.368315 2.11066 210833
6 0.598077 0.392644 2.11246 210871
6 0.585097 0.416179 2.11517 210904
6 0.570393 0.436336 2.11246 210938
6 0.555333 0.44809 2.10936 210972
6 0.539768 0.459752 2.10766 211005
6 0.526836 0.463185 2.10836 211039
6 0.512083 0.467602 2.10584 211073
6 0.497218 0.470059 2.10361 211107
6 0.481997 0.467132 2.10201 211142
6 0.467935 0.459835 2.08697 211157
6 0.455352 0.45215 2.07748 211208
6 0.442534 0.440809 2.0686 211225
6 0.432325 0.427905 2.06241 211259
6 0.42127 0.411941 2.05435 211310
6 0.416334 0.395173 2.04768 211328

7 0.305853 0.508004 2.28354 213261
7 0.295386 0.512806 2.30067 213295
7 0.28764 0.513519 2.30361 213329
7 0.28424 0.512702 2.30886 213361
7 0.275949 0.514802 2.32355 213395
7 0.270532 0.51717 2.32887 213428
7 0.260934 0.508497 2.31329 213461
7 0.254786 0.501619 2.32172 213495
7 0.245106 0.497794 2.32841 213528
7 0.236536 0.496067 2.34218 213561
7 0.228444 0.487222 2.33557 213595
7 0.218877 0.478899 2.34568 213629
7 0.208407 0.465673 2.33951 213662
7 0.194621 0.453911 2.35322 213696
7 0.18363 0.44397 2.36329 213730
7 0.172602 0.428724 2.34939 213764
7 0.170635 0.414127 2.33576 213797
7 0.170759 0.398305 2.33433 213832
7 0.163363 0.379436 2.32522 213865
7 0.160256 0.358085 2.30139 213898
7 0.160594 0.337868 2.28057 213932
7 0.160812 0.321897 2.26955 213966
7 0.160777 0.305466 2.25637 213999
7 0.161211 0.290666 2.24618 214033
7 0.165771 0.274157 2.22583 214067
7 0.168362 0.263046 2.21492 214101
7 0.176654 0.246943 2.1943 214135
7 0.181873 0.238551 2.18007 214169
7 0.186585 0.22603 2.16256 214203
7 0.196116 0.220169 2.14331 214237
7 0.204005 0.22036 2.12233 214270
7 0.21596 0.220333 2.09891 214302
7 0.224984 0.218392 2.08498 214335
7 0.236069 0.221323 2.06446 214370
7 0.246317 0.222566 2.04221 214402
7 0.256898 0.226945 2.02396 214436
7 0.268356 0.239869 2.01464 214470
7 0.275895 0.254251 2.01284 214504
7 0.284892 0.265848 2.0081 214538
7 0.29274 0.280413 2.00548 214571
7 0.302531 0.303813 1.99109 214605
7 0.312994 0.327675 1.99034 214638
7 0.32118 0.351204 1.99154 214672
7 0.327309 0.37081 1.99242 214705
7 0.330635 0.391987 1.9968 214737
7 0.335479 0.413681 1.99666 214770
7 0.337936 0.434282 2.00906 214806
7 0.340456 0.454505 2.02678 214848
7 0.340014 0.472467 2.04355 214869
7 0.334641 0.491378 2.06316 214903
7 0.329359 0.506004 2.08696 214936
7 0.323298 0.516419 2.10688 214968
7 0.312382 0.523856 2.13238 215002
7 0.293753 0.531607 2.15751 215035
7 0.279767 0.531371 2.17531 215069

8 0.565058 0.491536 2.18271 217098
8 0.559318 0.491709 2.17855 217131
8 0.553598 0.491246 2.17857 217165
8 0.546773 0.491373 2.17646 217197
8 0.536977 0.491601 2.17259 217231
8 0.530551 0.490897 2.16682 217265
8 0.523355 0.490113 2.16614 217299
8 0.517957 0.48492 2.16622 217333
8 0.508926 0.480195 2.15995 217367
8 0.50049 0.475125 2.15115 217400
8 0.491251 0.465685 2.13893 217433
8 0.485285 0.454154 2.13324 217467
8 0.477066 0.442057 2.12417 217500
8 0.471963 0.426642 2.11259 217533
8 0.468395 0.410255 2.10285 217566
8 0.467261 0.391901 2.0944 217599
8 0.465485 0.370109 2.08147 217632
8 0.464173 0.348933 2.07269 217665
8 0.464395 0.327451 2.06301 217700
8 0.468871 0.307064 2.06073 217734
8 0.474477 0.288244 2.0598 217768
8 0.480522 0.265513 2.05891 217801
8 0.488782 0.252453 2.05427 217833
8 0.4969 0.241066 2.05023 217867
8 0.50653 0.22887 2.04582 217901
8 0.516589 0.217869 2.04564 217935
8 0.5283 0.208293 2.04669 217969
8 0.540227 0.205244 2.05031 218003
8 0.549982 0.199455 2.05817 218038
8 0.560556 0.194602 2.06924 218072
8 0.573987 0.197856 2.07696 218106
8 0.58737 0.201885 2.08586 218140
8 0.600656 0.204208 2.09522 218174
8 0.612017 0.209581 2.10502 218207
8 0.623211 0.219249 2.11819 218240
8 0.634347 0.228079 2.12915 218274
8 0.64398 0.242313 2.13436 218309
8 0.652062 0.255583 2.1481 218342
8 0.656515 0.27191 2.16235 218376
8 0.660681 0.292598 2.16725 218408
8 0.662054 0.318357 2.17992 218442
8 0.661537 0.343526 2.18529 218477
8 0.656294 0.365095 2.19633 218510
8 0.651022 0.388943 2.21021 218544
8 0.642912 0.411725 2.21872 218577
8 0.6347 0.432184 2.22194 218610
8 0.624278 0.452983 2.21996 218644
8 0.613529 0.472433 2.2225 218679
8 0.598812 0.485337 2.22268 218711
8 0.581969 0.499582 2.22513 218744
8 0.565646 0.507143 2.21377 218778
8 0.549346 0.510357 2.19944 218812
8 0.535381 0.509596 2.18452 218846
8 0.523435 0.504607 2.17209 218877
8 0.509632 0.496942 2.15357 218910
8 0.500189 0.485497 2.13949 218944

9 0.833788 0.4637 2.37896 221601
9 0.83084 0.466739 2.37936 221635
9 0.831855 0.474333 2.38278 221669
9 0.82894 0.482569 2.38459 221703
9 0.827171 0.487 2.38668 221737
9 0.821658 0.495609 2.37924 221769
9 0.818035 0.502286 2.3694 221818
9 0.816196 0.509695 2.36023 221835
9 0.802696 0.523218 2.33802 221869
9 0.795518 0.53044 2.33632 221903
9 0.783863 0.532042 2.33486 221936
9 0.772981 0.530002 2.32414 221970
9 0.764147 0.527587 2.30804 222004
9 0.753843 0.520532 2.29063 222038
9 0.742323 0.513626 2.27211 222072
9 0.736884 0.505557 2.25457 222105
9 0.731089 0.492788 2.23852 222139
9 0.726563 0.474686 2.21701 222172
9 0.723695 0.456906 2.19625 222207
9 0.723872 0.437879 2.18082 222241
9 0.726077 0.418944 2.17118 222275
9 0.729384 0.396083 2.16263 222308
9 0.734628 0.381367 2.15796 222342
9 0.739698 0.366819 2.15275 222377
9 0.747658 0.356154 2.1552 222410
9 0.755408 0.34268 2.15332 222444
9 0.765795 0.329973 2.15914 222478
9 0.776954 0.320467 2.16721 222513
9 0.78913 0.311801 2.17678 222546
9 0.801433 0.305617 2.19182 222580
9 0.811885 0.304283 2.20017 222614
9 0.821724 0.30612 2.21162 222648
9 0.829416 0.309759 2.22224 222682
9 0.837533 0.317983 2.24226 222716
9 0.845101 0.329891 2.25589 222750
9 0.847169 0.340989 2.25641 222767
9 0.851475 0.352875 2.26224 222816
9 0.84909 0.368272 2.27289 222850
9 0.845974 0.386456 2.27369 222866
9 0.838167 0.406557 2.27675 222916
9 0.831082 0.423584 2.28007 222949
9 0.819953 0.43612 2.27382 222966
9 0.805931 0.455756 2.27331 223015
9 0.78971 0.472003 2.25696 223047
9 0.773815 0.48401 2.25434 223078

