Gesto: 0
0 0.346476 0.459894 1.61552 948426
0 0.350232 0.463051 1.61648 948458
0 0.349415 0.465748 1.61921 948491
0 0.348385 0.467361 1.62326 948524
0 0.34526 0.47185 1.62423 948558
0 0.341539 0.470348 1.61637 948592
0 0.334946 0.46375 1.60962 948625
0 0.325975 0.453518 1.60025 948659
0 0.317952 0.439203 1.5963 948692
0 0.31088 0.42167 1.59145 948724
0 0.306712 0.401541 1.58458 948759
0 0.301893 0.381237 1.57758 948792
0 0.298793 0.35907 1.57091 948825
0 0.297292 0.337176 1.56358 948858
0 0.296643 0.313856 1.55803 948892
0 0.296944 0.2928 1.55388 948924
0 0.297677 0.267632 1.55126 948958
0 0.300839 0.242642 1.54792 948991
0 0.305144 0.216784 1.54798 949023
0 0.312864 0.194651 1.5481 949056
0 0.322444 0.169387 1.54917 949089
0 0.333813 0.149681 1.55077 949122
0 0.353409 0.131916 1.54872 949155
0 0.374482 0.119206 1.54891 949188
0 0.393223 0.112152 1.55041 949221
0 0.413618 0.108222 1.55385 949255
0 0.432581 0.105023 1.55386 949289
0 0.453868 0.107992 1.55549 949323
0 0.471976 0.114244 1.55171 949356
0 0.486532 0.124746 1.55159 949389
0 0.500578 0.140825 1.54651 949423
0 0.514873 0.160549 1.54526 949456
0 0.527025 0.184737 1.54223 949489
0 0.53828 0.21117 1.53903 949522
0 0.546221 0.240095 1.53846 949556
0 0.552299 0.269936 1.53962 949590
0 0.555837 0.301877 1.54441 949622
0 0.556582 0.331092 1.54864 949654
0 0.553323 0.358603 1.55768 949687
0 0.548514 0.389026 1.56526 949722
0 0.538727 0.419085 1.57203 949755
0 0.528194 0.446155 1.57384 949789
0 0.515621 0.469243 1.57591 949822
0 0.501295 0.48996 1.57425 949855
0 0.48839 0.505867 1.57278 949888
0 0.474995 0.517022 1.57442 949921
0 0.459961 0.524769 1.5711 949955
0 0.446786 0.529424 1.56884 949989
0 0.432296 0.530034 1.56459 950022
0 0.418461 0.526553 1.56447 950056
0 0.406416 0.523296 1.56087 950090
0 0.396195 0.517938 1.55771 950124
0 0.383139 0.511146 1.55414 950157
0 0.373086 0.502017 1.5528 950190
0 0.365545 0.493942 1.55002 950224
0 0.359987 0.484059 1.54599 950258
0 0.353715 0.47288 1.54096 950292
0 0.346815 0.462689 1.53539 950326
0 0.340677 0.450699 1.52888 950359
0 0.337197 0.438484 1.52157 950393
0 0.332272 0.428474 1.51512 950426
0 0.329303 0.41798 1.51227 950460
0 0.326952 0.408831 1.51132 950494
0 0.327202 0.400234 1.50559 950528
0 0.325712 0.390933 1.5057 950563

1 0.535539 0.566838 1.66727 952131
1 0.530862 0.570607 1.66073 952163
1 0.526723 0.569672 1.66234 952196
1 0.523794 0.567753 1.66086 952230
1 0.517859 0.567086 1.65646 952263
1 0.511346 0.566417 1.65027 952295
1 0.505305 0.564399 1.63964 952328
1 0.49802 0.55844 1.63095 952361
1 0.492623 0.550563 1.61921 952396
1 0.48485 0.542229 1.60085 952428
1 0.478106 0.529612 1.582 952462
1 0.473009 0.516843 1.5649 952495
1 0.471375 0.501052 1.55151 952529
1 0.467471 0.485147 1.53769 952562
1 0.463036 0.46868 1.52244 952594
1 0.458928 0.453627 1.51061 952629
1 0.456958 0.436333 1.49935 952662
1 0.456449 0.418203 1.48881 952695
1 0.455568 0.399188 1.47699 952727
1 0.455359 0.378333 1.46781 952761
1 0.458034 0.354668 1.46399 952795
1 0.459563 0.331493 1.45815 952828
1 0.462261 0.306444 1.45173 952860
1 0.466111 0.282561 1.45222 952894
1 0.469482 0.263188 1.4522 952927
1 0.47565 0.242217 1.45636 952961
1 0.484465 0.22336 1.46226 952994
1 0.494954 0.205356 1.4709 953028
1 0.505039 0.189419 1.481 953060
1 0.515145 0.175983 1.49216 953094
1 0.526296 0.162728 1.50597 953127
1 0.539675 0.151175 1.52449 953162
1 0.552342 0.142986 1.54468 953195
1 0.565111 0.13697 1.56406 953227
1 0.576001 0.132837 1.58076 953260
1 0.588416 0.130365 1.60087 953293
1 0.60157 0.130814 1.61906 953326
1 0.614699 0.133426 1.63778 953360
1 0.623834 0.140104 1.64978 953394
1 0.634383 0.150272 1.65969 953427
1 0.645385 0.161163 1.671 953461
1 0.653954 0.174064 1.68325 953494
1 0.661583 0.191932 1.6922 953527
1 0.666699 0.210564 1.69607 953561
1 0.673937 0.229378 1.70501 953594
1 0.67954 0.250487 1.71462 953628
1 0.685543 0.269969 1.72642 953662
1 0.68883 0.289468 1.73326 953696
1 0.690695 0.309997 1.73649 953728
1 0.688607 0.329807 1.73923 953762
1 0.687124 0.350244 1.73845 953796
1 0.685274 0.37303 1.73558 953830
1 0.67868 0.391915 1.7307 953862
1 0.674312 0.412448 1.72819 953896
1 0.667064 0.431043 1.72756 953930
1 0.660338 0.450557 1.72213 953963
1 0.655585 0.468655 1.71635 953997
1 0.648069 0.486144 1.70825 954031
1 0.640066 0.499781 1.70761 954065
1 0.630707 0.512315 1.70819 954098
1 0.620054 0.524965 1.7024 954131
1 0.6091 0.533165 1.69793 954166
1 0.599255 0.542556 1.69244 954199
1 0.58982 0.549198 1.68555 954233
1 0.577849 0.557166 1.67153 954267
1 0.567574 0.562937 1.66178 954300
1 0.557874 0.565313 1.65583 954334
1 0.550247 0.567122 1.64854 954368
1 0.540669 0.568114 1.63949 954402
1 0.532584 0.56754 1.63018 954437
1 0.524595 0.56552 1.62232 954470
1 0.518881 0.562353 1.61288 954504
1 0.512134 0.558598 1.60399 954521
1 0.50719 0.554879 1.59338 954554
1 0.504324 0.549988 1.58502 954605

2 0.542228 0.566335 1.68164 955595
2 0.537759 0.56923 1.67879 955627
2 0.530438 0.572269 1.67158 955662
2 0.522384 0.573813 1.65975 955696
2 0.515797 0.573059 1.65217 955730
2 0.507799 0.56822 1.64394 955763
2 0.498946 0.560208 1.63495 955797
2 0.487872 0.552945 1.62208 955831
2 0.475048 0.544562 1.60253 955863
2 0.463202 0.533647 1.58569 955896
2 0.452156 0.52059 1.57041 955929
2 0.444035 0.505809 1.55338 955962
2 0.436699 0.486177 1.54258 955995
2 0.428329 0.467959 1.52992 956028
2 0.422755 0.4469 1.51903 956062
2 0.416603 0.427535 1.50873 956095
2 0.412518 0.40538 1.49681 956128
2 0.408224 0.38346 1.48849 956162
2 0.404923 0.358409 1.47969 956196
2 0.403356 0.336322 1.47383 956229
2 0.402843 0.314341 1.46948 956263
2 0.403049 0.294652 1.46519 956297
2 0.40651 0.274113 1.46458 956331
2 0.412424 0.252707 1.4659 956365
2 0.41682 0.233406 1.4694 956398
2 0.422423 0.21555 1.47231 956432
2 0.43104 0.198895 1.47828 956464
2 0.440584 0.180927 1.48612 956498
2 0.450473 0.164728 1.49195 956530
2 0.463914 0.152915 1.49658 956564
2 0.478634 0.143765 1.50583 956596
2 0.492948 0.1354 1.51792 956629
2 0.506873 0.128517 1.52774 956663
2 0.521993 0.125033 1.54071 956695
2 0.536524 0.122075 1.55382 956729
2 0.550484 0.122039 1.56844 956762
2 0.565003 0.123513 1.58409 956795
2 0.577462 0.12387 1.5985 956828
2 0.591934 0.124774 1.61066 956862
2 0.606184 0.130026 1.62575 956895
2 0.620505 0.14212 1.6471 956929
2 0.631512 0.152891 1.66155 956963
2 0.64411 0.162313 1.67513 956997
2 0.656806 0.178161 1.69075 957031
2 0.664132 0.194873 1.70222 957065
2 0.672312 0.210126 1.71135 957099
2 0.680128 0.225913 1.71974 957133
2 0.685066 0.243039 1.72475 957167
2 0.687711 0.259455 1.72447 957201
2 0.691552 0.280316 1.73027 957235
2 0.692721 0.299783 1.72898 957270
2 0.693153 0.318104 1.7258 957303
2 0.688843 0.339751 1.72067 957337
2 0.684789 0.363039 1.71649 957370
2 0.680487 0.384237 1.71265 957403
2 0.674921 0.404545 1.70667 957436
2 0.669576 0.425547 1.70423 957469
2 0.661814 0.446659 1.69695 957502
2 0.654756 0.463151 1.69349 957535
2 0.648428 0.47772 1.68673 957569
2 0.640312 0.491612 1.68348 957602
2 0.629177 0.504226 1.68139 957635
2 0.619576 0.512985 1.67613 957668
2 0.606862 0.52173 1.66905 957700
2 0.597517 0.528536 1.66267 957734
2 0.588581 0.533203 1.65345 957767
2 0.578531 0.536226 1.64769 957800
2 0.568562 0.540106 1.63793 957834
2 0.560034 0.543812 1.62912 957868
2 0.550589 0.546056 1.61826 957902
2 0.542696 0.545854 1.60984 957936
2 0.534607 0.544969 1.59871 957970
2 0.528137 0.541674 1.58985 958004
2 0.520698 0.539285 1.58347 958038
2 0.515482 0.536773 1.57858 958070
2 0.510456 0.530702 1.57576 958104
2 0.504924 0.526264 1.57005 958138
2 0.499165 0.524062 1.56416 958172
2 0.494692 0.518221 1.56187 958206
2 0.49071 0.513866 1.55782 958240
2 0.485011 0.51053 1.55 958273
2 0.480674 0.508073 1.54218 958307
2 0.475917 0.503772 1.53828 958325
2 0.471929 0.498431 1.53616 958358
2 0.467548 0.496614 1.52974 958408
2 0.462756 0.493461 1.52757 958426
2 0.460458 0.488123 1.52534 958459
2 0.457118 0.485238 1.52269 958493
2 0.452767 0.481646 1.51876 958527
2 0.451318 0.478292 1.51916 958559
2 0.449537 0.473705 1.51785 958592

3 0.660762 0.590828 1.76151 960133
3 0.655418 0.593371 1.76151 960166
3 0.650384 0.596157 1.75858 960199
3 0.643513 0.598593 1.75281 960233
3 0.634112 0.602443 1.7432 960267
3 0.623472 0.601958 1.73279 960300
3 0.61353 0.599573 1.71918 960334
3 0.601209 0.598228 1.70012 960367
3 0.590235 0.59473 1.68006 960401
3 0.579583 0.586921 1.65736 960435
3 0.568078 0.575862 1.63329 960467
3 0.55836 0.56156 1.6141 960500
3 0.548757 0.543128 1.59745 960533
3 0.538256 0.525721 1.57367 960566
3 0.530619 0.508605 1.55237 960600
3 0.523377 0.48747 1.53642 960633
3 0.517053 0.467119 1.51909 960667
3 0.51211 0.445186 1.50777 960699
3 0.508578 0.422663 1.49582 960734
3 0.505195 0.403018 1.48553 960775
3 0.504274 0.381489 1.47846 960796
3 0.505776 0.360717 1.47363 960830
3 0.508464 0.340877 1.4699 960863
3 0.511425 0.32188 1.46521 960896
3 0.516662 0.302492 1.46182 960930
3 0.52227 0.285869 1.46238 960964
3 0.529288 0.268914 1.46318 960998
3 0.538211 0.254059 1.46726 961032
3 0.548977 0.239405 1.47321 961066
3 0.560521 0.226356 1.48193 961099
3 0.571505 0.215801 1.49269 961133
3 0.582558 0.206546 1.50124 961166
3 0.595507 0.199685 1.51741 961199
3 0.608919 0.195807 1.52963 961233
3 0.620491 0.194976 1.54043 961267
3 0.633542 0.194862 1.5505 961301
3 0.645325 0.194258 1.56158 961335
3 0.655914 0.19727 1.57304 961368
3 0.667948 0.203703 1.58977 961402
3 0.679696 0.20769 1.60383 961435
3 0.687905 0.21486 1.61782 961469
3 0.698977 0.224371 1.63825 961504
3 0.705596 0.236287 1.65187 961537
3 0.713707 0.243603 1.66169 961570
3 0.72054 0.254016 1.67119 961604
3 0.727801 0.26545 1.67721 961638
3 0.733207 0.278176 1.68608 961671
3 0.739109 0.292098 1.69665 961705
3 0.742798 0.308242 1.70243 961738
3 0.743044 0.323852 1.70847 961772
3 0.742266 0.340735 1.7085 961805
3 0.741337 0.3554 1.71053 961838
3 0.740763 0.370486 1.71294 961871
3 0.739587 0.386507 1.71177 961905
3 0.734784 0.402183 1.71128 961939
3 0.73078 0.418444 1.71129 961973
3 0.726486 0.436395 1.70732 962007
3 0.720212 0.450625 1.70417 962040
3 0.713141 0.468435 1.70195 962074
3 0.707977 0.480539 1.70253 962108
3 0.700644 0.492674 1.70208 962141
3 0.694731 0.504145 1.70329 962175
3 0.687039 0.516496 1.69889 962208
3 0.682737 0.526478 1.70156 962242
3 0.675084 0.536475 1.69959 962276
3 0.669246 0.544212 1.6989 962310
3 0.66497 0.549112 1.70149 962343
3 0.661018 0.552352 1.70458 962360
3 0.657291 0.557266 1.70618 962411
3 0.651988 0.562138 1.70333 962428
3 0.647876 0.565759 1.70207 962462
3 0.645237 0.568175 1.70324 962497
3 0.639435 0.569802 1.70199 962530
3 0.635863 0.570177 1.70059 962564
3 0.633189 0.57065 1.69985 962598
3 0.628385 0.570874 1.69998 962631
3 0.623862 0.573521 1.69505 962665
3 0.620191 0.57584 1.69004 962699
3 0.617267 0.576958 1.68716 962733
3 0.612054 0.577061 1.68018 962767
3 0.608706 0.577555 1.67365 962801

4 0.451334 0.618965 1.80231 964747
4 0.447243 0.618031 1.80107 964764
4 0.443891 0.619787 1.80156 964798
4 0.438489 0.61339 1.79737 964832
4 0.430427 0.608376 1.79088 964866
4 0.421127 0.603589 1.78371 964899
4 0.409609 0.599885 1.77855 964933
4 0.402335 0.5937 1.76867 964967
4 0.39048 0.586589 1.74984 965000
4 0.379009 0.575974 1.73403 965034
4 0.367984 0.563983 1.71938 965068
4 0.359322 0.551635 1.70636 965102
4 0.352327 0.536469 1.69195 965135
4 0.345394 0.520916 1.67691 965169
4 0.337854 0.505702 1.66127 965203
4 0.332914 0.490145 1.64615 965235
4 0.33249 0.47268 1.63437 965269
4 0.32989 0.454661 1.62054 965303
4 0.329044 0.437896 1.6013 965336
4 0.331008 0.421154 1.58883 965370
4 0.335016 0.404368 1.57898 965404
4 0.34263 0.386212 1.56886 965438
4 0.349024 0.368206 1.55878 965472
4 0.35459 0.352149 1.54705 965508
4 0.361048 0.338914 1.5378 965541
4 0.3698 0.325713 1.52966 965573
4 0.381539 0.311671 1.52425 965607
4 0.393005 0.302822 1.52188 965640
4 0.40517 0.294731 1.52237 965674
4 0.415801 0.288182 1.52369 965708
4 0.426783 0.283691 1.52366 965742
4 0.439353 0.279364 1.52701 965776
4 0.452841 0.27753 1.5337 965810
4 0.4664 0.275328 1.53564 965844
4 0.479157 0.276772 1.54688 965878
4 0.491371 0.279564 1.55358 965911
4 0.502394 0.28531 1.56194 965945
4 0.513285 0.292366 1.57426 965977
4 0.522484 0.300269 1.58412 966010
4 0.529815 0.309047 1.59462 966043
4 0.538093 0.318525 1.60514 966076
4 0.543657 0.330647 1.61474 966109
4 0.550164 0.342228 1.61945 966143
4 0.555272 0.354687 1.62761 966178
4 0.557597 0.368777 1.63748 966210
4 0.559188 0.387576 1.64859 966243
4 0.559858 0.402845 1.64939 966276
4 0.559407 0.420335 1.65642 966310
4 0.555304 0.43624 1.66336 966343
4 0.552278 0.452648 1.66486 966377
4 0.548113 0.46685 1.6723 966410
4 0.544255 0.481135 1.67694 966444
4 0.540297 0.49279 1.68446 966478
4 0.535462 0.505912 1.68977 966512
4 0.529811 0.519265 1.69148 966546
4 0.523098 0.528862 1.69501 966579
4 0.517467 0.539856 1.70027 966613
4 0.512418 0.546712 1.70881 966630
4 0.50673 0.555308 1.71384 966679
4 0.50016 0.562455 1.71891 966712
4 0.495228 0.566072 1.72338 966746
4 0.48821 0.571472 1.72579 966779
4 0.481896 0.576456 1.72712 966814
4 0.477769 0.580197 1.72524 966847
4 0.470301 0.581822 1.72629 966879
4 0.465649 0.582945 1.72683 966912
4 0.45938 0.582822 1.72731 966944
4 0.454367 0.582996 1.72546 966979
4 0.450653 0.58637 1.72307 967011
4 0.445682 0.585848 1.72114 967045
4 0.441682 0.584955 1.72099 967079
4 0.437081 0.585669 1.71909 967113
4 0.434634 0.586307 1.7194 967146
4 0.432052 0.585658 1.71774 967179
4 0.430103 0.584771 1.71714 967212
4 0.425797 0.585335 1.71754 967248
4 0.420958 0.584533 1.71544 967270
4 0.418389 0.584784 1.71362 967306

5 0.572396 0.513127 1.85327 971042
5 0.566287 0.519667 1.85388 971074
5 0.56452 0.523529 1.85836 971106
5 0.557234 0.525382 1.86167 971139
5 0.546904 0.525602 1.85208 971172
5 0.536411 0.519594 1.84107 971206
5 0.524677 0.508431 1.83084 971239
5 0.513536 0.492567 1.81812 971270
5 0.507304 0.473638 1.8105 971303
5 0.499987 0.452471 1.79675 971337
5 0.496206 0.427929 1.78816 971371
5 0.494108 0.399023 1.7784 971404
5 0.496282 0.371661 1.77348 971437
5 0.49549 0.34349 1.76125 971470
5 0.499342 0.312795 1.76187 971503
5 0.507361 0.284452 1.75739 971553
5 0.517462 0.260751 1.75919 971569
5 0.528205 0.242128 1.75999 971603
5 0.541214 0.228718 1.76526 971653
5 0.556607 0.217117 1.77346 971669
5 0.572242 0.211152 1.77629 971702
5 0.58983 0.20937 1.78401 971752
5 0.610782 0.210677 1.7929 971769
5 0.628228 0.218808 1.80264 971802
5 0.64595 0.228702 1.81048 971852
5 0.66401 0.241301 1.82495 971869
5 0.679082 0.260704 1.83888 971902
5 0.691939 0.284045 1.84537 971952
5 0.700605 0.307228 1.85029 971969
5 0.706933 0.332508 1.86083 972002
5 0.709742 0.361243 1.86783 972053
5 0.707619 0.395264 1.87703 972070
5 0.7034 0.425755 1.87904 972103
5 0.69545 0.45775 1.8772 972154
5 0.682909 0.487276 1.87597 972170
5 0.667686 0.514185 1.8686 972204
5 0.653603 0.536295 1.87153 972239
5 0.634514 0.556119 1.87139 972273
5 0.616768 0.568073 1.87378 972307
5 0.598306 0.573687 1.87222 972341
5 0.580866 0.576327 1.8638 972374
5 0.565574 0.575352 1.84951 972408
5 0.550472 0.570675 1.84135 972440
5 0.537306 0.559847 1.83898 972474
5 0.526825 0.550426 1.83469 972507
5 0.518415 0.53951 1.83057 972541
5 0.509356 0.526243 1.82807 972575
5 0.504925 0.515491 1.82921 972609
5 0.500073 0.504874 1.82355 972642
5 0.494789 0.496444 1.81461 972675

6 0.328333 0.616927 1.9824 975740
6 0.320911 0.615746 1.98238 975774
6 0.315104 0.613804 1.98641 975807
6 0.307767 0.610301 1.98724 975840
6 0.296551 0.607937 1.98253 975874
6 0.286853 0.600226 1.97744 975907
6 0.275504 0.592913 1.97055 975940
6 0.261157 0.588604 1.9556 975973
6 0.246612 0.580737 1.93756 976024
6 0.232262 0.567092 1.92482 976041
6 0.223261 0.552621 1.90686 976075
6 0.210941 0.535452 1.8905 976108
6 0.202516 0.516615 1.86868 976142
6 0.197014 0.494401 1.85352 976175
6 0.194706 0.474407 1.83893 976209
6 0.192686 0.452707 1.82388 976241
6 0.191087 0.428216 1.80719 976275
6 0.193301 0.40442 1.78996 976307
6 0.198544 0.378187 1.77676 976341
6 0.204752 0.356631 1.7654 976375
6 0.215116 0.335848 1.7546 976408
6 0.22634 0.31902 1.75009 976442
6 0.23964 0.302845 1.74177 976475
6 0.255626 0.289713 1.73557 976508
6 0.271937 0.280853 1.72836 976541
6 0.288521 0.274084 1.72765 976575
6 0.307751 0.27029 1.73086 976609
6 0.324686 0.268796 1.73209 976643
6 0.340273 0.269548 1.73343 976676
6 0.35807 0.275773 1.73988 976710
6 0.375944 0.284551 1.73912 976743
6 0.391238 0.298857 1.75192 976777
6 0.405357 0.312147 1.76401 976811
6 0.419556 0.329172 1.77844 976845
6 0.429862 0.348542 1.79251 976879
6 0.439133 0.365586 1.80722 976912
6 0.447206 0.389011 1.82105 976946
6 0.451535 0.411172 1.83155 976979
6 0.452993 0.434026 1.84197 977012
6 0.451479 0.459857 1.84756 977046
6 0.448167 0.482898 1.85444 977081
6 0.442667 0.503041 1.8656 977114
6 0.438121 0.521346 1.8782 977149
6 0.431005 0.537188 1.88458 977181
6 0.422492 0.554563 1.89271 977215
6 0.416958 0.56728 1.9032 977248
6 0.40725 0.578744 1.91364 977281
6 0.399305 0.586676 1.92377 977315
6 0.391151 0.593671 1.93323 977347
6 0.383923 0.602486 1.93369 977381
6 0.37408 0.608996 1.93884 977414
6 0.367327 0.612038 1.94398 977448
6 0.357523 0.614508 1.94828 977483
6 0.350941 0.613398 1.95057 977516
6 0.342482 0.614523 1.94848 977549
6 0.332182 0.615338 1.95043 977583
6 0.324801 0.61345 1.94684 977615
6 0.315979 0.611342 1.94486 977649
6 0.31148 0.605332 1.93704 977682
6 0.305974 0.602219 1.93189 977717
6 0.300984 0.59888 1.92479 977749

7 0.585047 0.61214 2.04501 979646
7 0.574855 0.619514 2.04337 979678
7 0.563601 0.624792 2.03756 979712
7 0.551645 0.62988 2.02856 979745
7 0.538587 0.632295 2.0149 979786
7 0.525656 0.631851 1.99587 979823
7 0.512987 0.631378 1.98665 979856
7 0.504495 0.623378 1.96439 979890
7 0.494153 0.616922 1.94228 979924
7 0.483226 0.605839 1.9174 979958
7 0.476631 0.59137 1.8917 979975
7 0.469631 0.576631 1.86427 980026
7 0.466731 0.556111 1.8451 980043
7 0.465638 0.536276 1.82575 980077
7 0.464328 0.516482 1.80576 980111
7 0.465879 0.499804 1.78822 980145
7 0.468974 0.48202 1.77255 980179
7 0.472741 0.465335 1.76358 980212
7 0.475511 0.448581 1.75189 980246
7 0.480936 0.431569 1.74672 980280
7 0.490374 0.41416 1.74597 980314
7 0.500317 0.399032 1.74315 980348
7 0.508522 0.383954 1.73713 980382
7 0.515645 0.369956 1.73631 980415
7 0.522403 0.359757 1.73021 980449
7 0.530048 0.347488 1.73111 980483
7 0.537527 0.339956 1.73092 980517
7 0.549715 0.333837 1.74148 980549
7 0.56204 0.330001 1.75394 980583
7 0.573813 0.327349 1.76614 980617
7 0.583424 0.326559 1.78239 980651
7 0.592976 0.32544 1.79299 980684
7 0.603598 0.327783 1.8006 980718
7 0.612233 0.332601 1.81529 980752
7 0.620732 0.34014 1.8195 980786
7 0.628395 0.347583 1.83176 980820
7 0.635532 0.355327 1.8441 980854
7 0.639839 0.36507 1.85752 980888
7 0.644157 0.377688 1.86379 980921
7 0.64686 0.392776 1.8749 980953
7 0.647802 0.405174 1.88658 980985
7 0.647873 0.418219 1.89554 981019
7 0.648724 0.432693 1.90259 981052
7 0.645348 0.44705 1.91374 981086
7 0.641354 0.463045 1.91882 981119
7 0.640733 0.478051 1.91974 981153
7 0.637943 0.487295 1.9325 981187
7 0.633138 0.499192 1.94224 981220
7 0.628031 0.511365 1.95037 981254
7 0.621642 0.520832 1.9567 981286
7 0.615936 0.530773 1.95965 981320
7 0.611517 0.538138 1.96679 981351
7 0.605714 0.547132 1.96737 981384
7 0.601969 0.556123 1.9666 981418
7 0.594764 0.56178 1.96985 981452
7 0.589414 0.570993 1.97107 981484
7 0.581493 0.57636 1.97276 981516
7 0.576334 0.583421 1.97386 981549
7 0.569943 0.590761 1.97361 981583
7 0.565855 0.595519 1.97415 981616
7 0.559107 0.598812 1.98024 981650
7 0.55209 0.601268 1.98239 981683
7 0.547382 0.606653 1.98276 981717
7 0.542812 0.612238 1.9823 981751
7 0.537699 0.615464 1.98077 981783
7 0.530926 0.616298 1.98026 981817

8 0.71637 0.601728 2.02736 983449
8 0.712966 0.601569 2.02957 983482
8 0.708386 0.608608 2.0242 983515
8 0.702038 0.612666 2.01959 983548
8 0.694776 0.615905 2.01724 983581
8 0.686942 0.616577 2.01215 983615
8 0.6768 0.621494 1.99965 983648
8 0.666757 0.619997 1.98809 983682
8 0.658921 0.618139 1.97445 983716
8 0.647411 0.616489 1.95181 983750
8 0.635844 0.61257 1.93282 983782
8 0.621292 0.606898 1.90939 983815
8 0.610012 0.597741 1.88738 983848
8 0.598731 0.582662 1.85609 983882
8 0.588593 0.56317 1.83553 983916
8 0.581853 0.537997 1.81577 983950
8 0.576169 0.510387 1.79354 983984
8 0.570061 0.482045 1.76969 984018
8 0.56806 0.452197 1.75333 984052
8 0.565934 0.421856 1.7406 984086
8 0.565425 0.39145 1.72807 984120
8 0.565084 0.358421 1.71172 984154
8 0.566248 0.326529 1.70289 984187
8 0.57095 0.296199 1.70357 984221
8 0.576245 0.265964 1.70723 984255
8 0.586267 0.235563 1.71878 984289
8 0.597109 0.207203 1.73421 984323
8 0.609496 0.183747 1.76258 984356
8 0.623058 0.160831 1.78507 984390
8 0.637516 0.140332 1.81103 984424
8 0.650774 0.125868 1.84416 984458
8 0.664824 0.114951 1.87718 984492
8 0.679317 0.106049 1.91206 984527
8 0.692342 0.101064 1.94733 984560
8 0.703083 0.10012 1.98243 984593
8 0.718311 0.0981776 2.01856 984627
8 0.732955 0.102388 2.04348 984661
8 0.744882 0.112324 2.07227 984695
8 0.756796 0.122086 2.10324 984729
8 0.766421 0.136691 2.12245 984746
8 0.779012 0.152175 2.14648 984796
8 0.78704 0.172217 2.15691 984829
8 0.795208 0.2012 2.17177 984846
8 0.801785 0.226603 2.18753 984895
8 0.808056 0.256052 2.19597 984926
8 0.809835 0.286804 2.19786 984960
8 0.811569 0.318425 2.20171 984994
8 0.812954 0.3498 2.2098 985027
8 0.812043 0.376218 2.20938 985061
8 0.807454 0.40748 2.20865 985094
8 0.803204 0.436914 2.20998 985128
8 0.793715 0.465444 2.20652 985162
8 0.785134 0.491096 2.2077 985196
8 0.774978 0.513938 2.19612 985229
8 0.762672 0.53866 2.18381 985246
8 0.751134 0.5593 2.17123 985297
8 0.737229 0.57779 2.1591 985329
8 0.72444 0.59374 2.14915 985346
8 0.70991 0.606144 2.13451 985396
8 0.696095 0.615657 2.12003 985413
8 0.684822 0.624963 2.11571 985448
8 0.673315 0.630455 2.09895 985481
8 0.661531 0.635737 2.08218 985514
8 0.649828 0.638267 2.06786 985564
8 0.64154 0.639604 2.05942 985598
8 0.634779 0.640938 2.04602 985613

9 0.598702 0.720639 2.49413 988652
9 0.595612 0.728266 2.49701 988686
9 0.590106 0.735482 2.50359 988719
9 0.584375 0.740436 2.49631 988752
9 0.579605 0.749579 2.49653 988785
9 0.571021 0.756913 2.49192 988819
9 0.559577 0.761182 2.4901 988854
9 0.544335 0.765924 2.49182 988886
9 0.531078 0.773214 2.48698 988920
9 0.517639 0.777536 2.47397 988953
9 0.504385 0.783259 2.47589 988987
9 0.484098 0.782934 2.47398 989019
9 0.465618 0.78581 2.47177 989053
9 0.448283 0.783306 2.46411 989086
9 0.431531 0.780774 2.45917 989120
9 0.403995 0.772863 2.43978 989154
9 0.3723 0.761733 2.42816 989187
9 0.341982 0.750173 2.42538 989221
9 0.319092 0.737619 2.41781 989255
9 0.297216 0.714721 2.39628 989288
9 0.277562 0.687627 2.37111 989321
9 0.258654 0.661588 2.35775 989355
9 0.239721 0.630232 2.33725 989388
9 0.225032 0.599351 2.32582 989421
9 0.215547 0.562731 2.30102 989454
9 0.209855 0.522988 2.28894 989489
9 0.208189 0.48152 2.27564 989522
9 0.210767 0.443237 2.26251 989557
9 0.211607 0.408204 2.25478 989591
9 0.218174 0.374793 2.24623 989623
9 0.22819 0.338906 2.24938 989657
9 0.241594 0.30316 2.24517 989690
9 0.255437 0.271391 2.23687 989723
9 0.270312 0.240795 2.24501 989756
9 0.289429 0.210772 2.25501 989789
9 0.312491 0.181541 2.25975 989822
9 0.335244 0.1603 2.25713 989856
9 0.358388 0.144431 2.25676 989890
9 0.383221 0.133024 2.27099 989924
9 0.412285 0.116903 2.29058 989958
9 0.436285 0.108439 2.30156 989991
9 0.463115 0.103989 2.31448 990024
9 0.489293 0.109046 2.32379 990059
9 0.513272 0.1135 2.33246 990091
9 0.533831 0.122864 2.34759 990125
9 0.556752 0.131653 2.35542 990158
9 0.576752 0.14342 2.36998 990191
9 0.598236 0.15798 2.38526 990224
9 0.617133 0.172561 2.40045 990258
9 0.628409 0.189009 2.39865 990291
9 0.643678 0.20155 2.39588 990324
9 0.660174 0.219024 2.40387 990358
9 0.670769 0.240463 2.40981 990391
9 0.682217 0.262675 2.41048 990424
9 0.689746 0.286079 2.41744 990458
9 0.7009 0.309175 2.42828 990491
9 0.710739 0.334592 2.43011 990524
9 0.718647 0.369474 2.42701 990556
9 0.725322 0.40605 2.43589 990589
9 0.727266 0.445103 2.44163 990623
9 0.726845 0.482993 2.44461 990656
9 0.721004 0.51917 2.44533 990689
9 0.713638 0.557154 2.44684 990723
9 0.705183 0.588388 2.44573 990755
9 0.694371 0.616815 2.44932 990789
9 0.686824 0.645116 2.45611 990822
9 0.675487 0.671539 2.4641 990856
9 0.661704 0.693618 2.46529 990889
9 0.645577 0.715621 2.45642 990923
9 0.629518 0.72931 2.45369 990955
9 0.617232 0.742871 2.45609 990989
9 0.60372 0.75431 2.45709 991023
9 0.587598 0.764862 2.44838 991056
9 0.571731 0.771652 2.43664 991090
9 0.559815 0.777018 2.43473 991124
9 0.547836 0.777369 2.43199 991158

