Gesto: 0
0 0.316485 0.576376 1.87016 214538
0 0.318008 0.578781 1.86632 214571
0 0.317207 0.577871 1.86437 214605
0 0.316948 0.578942 1.87461 214638
0 0.316 0.578436 1.87617 214672
0 0.310749 0.579125 1.87946 214706
0 0.306478 0.577908 1.88075 214740
0 0.303661 0.570346 1.87706 214772
0 0.299671 0.563004 1.87067 214805
0 0.29628 0.555639 1.86594 214838
0 0.291404 0.547485 1.85342 214872
0 0.288387 0.540381 1.84855 214906
0 0.285087 0.531592 1.84095 214939
0 0.284622 0.520977 1.82796 214971
0 0.28485 0.509188 1.8137 215004
0 0.285517 0.501603 1.80564 215037
0 0.287521 0.491253 1.79001 215069
0 0.288725 0.484104 1.78013 215102
0 0.294031 0.475659 1.76957 215136
0 0.298637 0.469444 1.75934 215168
0 0.303092 0.466199 1.7522 215200
0 0.311002 0.462431 1.74442 215233
0 0.315562 0.459824 1.73525 215265
0 0.32392 0.457711 1.72694 215299
0 0.33195 0.460734 1.72591 215332
0 0.338309 0.461892 1.71877 215366
0 0.343891 0.467649 1.71567 215399
0 0.349858 0.471517 1.71315 215432
0 0.35384 0.47552 1.71063 215466
0 0.359095 0.480605 1.71407 215500
0 0.362615 0.489563 1.71651 215533
0 0.364956 0.497808 1.71864 215566
0 0.365955 0.504895 1.71856 215599
0 0.366392 0.512769 1.72237 215633
0 0.36905 0.5221 1.73155 215666
0 0.370815 0.528816 1.73876 215700
0 0.372057 0.535926 1.75015 215734
0 0.372128 0.543253 1.75757 215767
0 0.368672 0.549707 1.75995 215799
0 0.365421 0.553782 1.76561 215832
0 0.363046 0.558717 1.77439 215865
0 0.361653 0.565605 1.78077 215899
0 0.359622 0.568039 1.78808 215932
0 0.357709 0.570042 1.7973 215966
0 0.353327 0.573512 1.80058 215999
0 0.349952 0.574309 1.80943 216033
0 0.34845 0.57634 1.81415 216065
0 0.346978 0.577446 1.82224 216098
0 0.34195 0.578963 1.82512 216132
0 0.337566 0.578993 1.83081 216164
0 0.331513 0.580964 1.83778 216196
0 0.327317 0.583191 1.83806 216229
0 0.322707 0.580716 1.83723 216263
0 0.319706 0.57976 1.84185 216297
0 0.318626 0.578035 1.84438 216331
0 0.312801 0.579395 1.84863 216364
0 0.308064 0.576661 1.84512 216398
0 0.305723 0.576432 1.84769 216432
0 0.304399 0.576223 1.84918 216467
0 0.304717 0.573178 1.84832 216500
0 0.303919 0.570568 1.85209 216534

1 0.297165 0.429704 1.7126 217974
1 0.29687 0.424306 1.71358 218006
1 0.296276 0.420214 1.71381 218039
1 0.295976 0.419055 1.71535 218072
1 0.293235 0.413784 1.71414 218105
1 0.291703 0.409759 1.71346 218138
1 0.29102 0.403763 1.71059 218171
1 0.291086 0.396995 1.7099 218203
1 0.292831 0.388324 1.70698 218236
1 0.295799 0.381123 1.70324 218270
1 0.296918 0.372295 1.69932 218303
1 0.299389 0.364278 1.69382 218337
1 0.302438 0.356507 1.6868 218369
1 0.307579 0.349315 1.67982 218402
1 0.311677 0.341477 1.67582 218436
1 0.317874 0.335003 1.67008 218469
1 0.323649 0.327545 1.66435 218501
1 0.330077 0.321814 1.66039 218533
1 0.338361 0.319531 1.65533 218566
1 0.345255 0.316995 1.65012 218599
1 0.353329 0.316004 1.64472 218632
1 0.360552 0.317234 1.63873 218665
1 0.366434 0.31847 1.63302 218697
1 0.372446 0.324353 1.63131 218745
1 0.378528 0.329354 1.6281 218780
1 0.384246 0.338151 1.62451 218795
1 0.389815 0.346436 1.6241 218844
1 0.392395 0.355424 1.6212 218877
1 0.395301 0.367683 1.62346 218909
1 0.397794 0.380638 1.62662 218941
1 0.398901 0.391142 1.62903 218975
1 0.397966 0.401841 1.62951 219009
1 0.398367 0.411835 1.63141 219043
1 0.396873 0.423926 1.63817 219077
1 0.395076 0.433167 1.64563 219109
1 0.391993 0.443237 1.64757 219142
1 0.387691 0.452728 1.65206 219176
1 0.384439 0.460304 1.65784 219209
1 0.379818 0.464075 1.66173 219242
1 0.374987 0.469237 1.66556 219275
1 0.371291 0.473817 1.6711 219309
1 0.366714 0.478433 1.67872 219343
1 0.36225 0.480788 1.68752 219377
1 0.355415 0.481389 1.68929 219395
1 0.349187 0.4836 1.69401 219446
1 0.343263 0.484194 1.69932 219479
1 0.338239 0.48307 1.70398 219496
1 0.330303 0.481563 1.70559 219547
1 0.326629 0.482358 1.7075 219564
1 0.322955 0.480381 1.71021 219599
1 0.320556 0.478653 1.71276 219632
1 0.318006 0.474235 1.71544 219665
1 0.31385 0.469387 1.71021 219698
1 0.310465 0.46643 1.71107 219731
1 0.308992 0.464828 1.71033 219764
1 0.308336 0.457354 1.70984 219798
1 0.305833 0.452896 1.70605 219832
1 0.303123 0.448142 1.69889 219865
1 0.301632 0.444897 1.69679 219899
1 0.301535 0.44036 1.69384 219932
1 0.299619 0.436114 1.69524 219966
1 0.299919 0.431905 1.69422 219999
1 0.300592 0.427369 1.6949 220032
1 0.301273 0.424509 1.69568 220066
1 0.300584 0.421101 1.69448 220099
1 0.299616 0.418614 1.69102 220133
1 0.30059 0.414969 1.69152 220166
1 0.299706 0.41344 1.69564 220215
1 0.299905 0.4092 1.68838 220232
1 0.299528 0.405771 1.68651 220265

2 0.341384 0.388031 1.65233 221074
2 0.342179 0.387275 1.65042 221107
2 0.342489 0.386518 1.65134 221141
2 0.342347 0.384134 1.64784 221175
2 0.342651 0.381512 1.64873 221209
2 0.345132 0.380022 1.64867 221242
2 0.347699 0.37817 1.64524 221276
2 0.350299 0.376045 1.64197 221311
2 0.353245 0.370675 1.63793 221342
2 0.35725 0.367155 1.63558 221375
2 0.361659 0.365716 1.6344 221408
2 0.366704 0.364605 1.63 221441
2 0.370946 0.366029 1.6283 221474
2 0.377888 0.366429 1.62891 221509
2 0.384193 0.368447 1.62732 221541
2 0.388655 0.37204 1.62894 221574
2 0.392743 0.376789 1.62864 221608
2 0.397015 0.383656 1.63302 221641
2 0.398101 0.390909 1.63557 221676
2 0.402268 0.399899 1.63906 221708
2 0.404858 0.406016 1.64242 221741
2 0.406279 0.416701 1.65084 221774
2 0.410523 0.427415 1.65571 221807
2 0.410663 0.436922 1.66207 221841
2 0.410829 0.447094 1.66846 221874
2 0.411469 0.456754 1.67385 221907
2 0.410263 0.465749 1.68363 221941
2 0.409219 0.475038 1.68951 221975
2 0.410262 0.486485 1.69792 222007
2 0.40872 0.494876 1.70257 222038
2 0.405862 0.504524 1.70979 222072
2 0.402057 0.513458 1.72011 222105
2 0.397303 0.521184 1.72538 222137
2 0.392508 0.528293 1.73607 222169
2 0.386714 0.533969 1.74195 222202
2 0.382471 0.538348 1.74366 222233
2 0.378689 0.540695 1.74814 222267
2 0.372173 0.543115 1.74779 222300
2 0.36714 0.543701 1.75101 222334
2 0.360424 0.54609 1.75468 222368
2 0.354799 0.543638 1.76134 222400
2 0.346923 0.541186 1.76126 222449
2 0.341247 0.538382 1.76166 222482
2 0.336457 0.534667 1.7609 222498
2 0.331075 0.528996 1.75994 222547
2 0.328609 0.521415 1.76044 222580
2 0.324345 0.516428 1.75725 222613
2 0.321444 0.509222 1.75439 222646
2 0.320187 0.50321 1.74979 222679
2 0.318104 0.496056 1.74378 222711
2 0.317167 0.48875 1.73676 222743
2 0.316355 0.47896 1.7313 222777
2 0.31654 0.471918 1.7253 222810
2 0.318534 0.463733 1.71938 222841
2 0.318348 0.45786 1.71686 222875
2 0.319243 0.451103 1.71098 222908
2 0.320996 0.445142 1.70701 222941
2 0.321261 0.438449 1.69895 222975
2 0.323224 0.430749 1.69467 223009
2 0.324703 0.425709 1.68797 223042
2 0.325904 0.419459 1.68179 223074
2 0.329418 0.411621 1.67421 223107
2 0.332699 0.408729 1.6741 223141
2 0.335128 0.406687 1.67521 223174
2 0.339184 0.400441 1.6755 223207
2 0.342802 0.399752 1.6733 223240
2 0.345736 0.39661 1.66966 223273
2 0.347422 0.395249 1.66893 223307
2 0.34838 0.394238 1.67128 223341
2 0.349981 0.392926 1.67142 223374
2 0.349415 0.393887 1.67253 223408
2 0.350634 0.393035 1.67085 223442
2 0.352383 0.391739 1.67155 223475
2 0.35464 0.391042 1.67136 223509
2 0.355422 0.39068 1.67079 223542
2 0.356332 0.390138 1.66979 223576
2 0.356971 0.389763 1.67085 223609
2 0.355816 0.389585 1.67092 223644
2 0.354395 0.39051 1.66861 223677
2 0.355703 0.389428 1.66822 223711
2 0.355994 0.388227 1.67053 223745
2 0.353584 0.386811 1.66909 223779
2 0.351321 0.385804 1.66637 223812
2 0.350034 0.382928 1.6696 223845

3 0.403071 0.40748 1.63723 225106
3 0.402553 0.406741 1.6369 225139
3 0.403818 0.402612 1.63891 225172
3 0.405536 0.39797 1.63493 225206
3 0.408992 0.394951 1.63437 225240
3 0.414132 0.388955 1.63161 225272
3 0.418429 0.384068 1.62976 225306
3 0.424099 0.379352 1.63148 225339
3 0.430852 0.376832 1.63494 225371
3 0.438639 0.374544 1.63804 225404
3 0.446191 0.373593 1.64176 225438
3 0.454216 0.375026 1.64852 225471
3 0.46062 0.376032 1.65353 225505
3 0.468224 0.377962 1.65379 225537
3 0.473125 0.382557 1.66159 225569
3 0.477547 0.388672 1.66959 225603
3 0.480798 0.396846 1.6762 225635
3 0.483928 0.406235 1.68095 225686
3 0.485567 0.415561 1.6856 225702
3 0.485956 0.426379 1.69047 225735
3 0.486006 0.438525 1.69375 225769
3 0.48486 0.45184 1.6988 225801
3 0.482266 0.466585 1.70087 225836
3 0.479223 0.476503 1.70352 225884
3 0.474171 0.486879 1.71171 225916
3 0.469265 0.499911 1.71915 225949
3 0.463694 0.510158 1.72768 225983
3 0.457588 0.520618 1.73312 226001
3 0.450575 0.531351 1.73782 226050
3 0.443682 0.540333 1.74206 226084
3 0.43638 0.548541 1.74704 226116
3 0.4259 0.553523 1.74888 226149
3 0.41835 0.55727 1.75601 226182
3 0.410716 0.558488 1.76119 226216
3 0.403271 0.559903 1.76012 226251
3 0.395593 0.559821 1.7573 226283
3 0.389777 0.558493 1.75426 226317
3 0.382489 0.551494 1.75571 226350
3 0.376329 0.545777 1.75097 226383
3 0.371076 0.537594 1.74804 226417
3 0.365338 0.52955 1.74878 226449
3 0.361928 0.521031 1.74366 226483
3 0.359174 0.510706 1.73843 226516
3 0.356967 0.500085 1.73146 226549
3 0.356646 0.491333 1.72345 226583
3 0.357438 0.480685 1.71277 226615
3 0.358243 0.468831 1.7068 226648
3 0.36069 0.460449 1.70214 226682
3 0.364169 0.452176 1.69455 226715
3 0.367095 0.442194 1.68319 226747
3 0.370728 0.431212 1.67373 226780
3 0.374812 0.421278 1.66878 226814
3 0.378391 0.412578 1.66134 226847
3 0.383003 0.405077 1.66093 226881
3 0.387663 0.399236 1.66014 226914
3 0.393369 0.394545 1.65781 226948
3 0.399164 0.390253 1.65759 226981
3 0.405081 0.3837 1.65139 227013
3 0.409293 0.381134 1.65249 227046
3 0.415155 0.378611 1.65426 227080
3 0.419038 0.377081 1.6538 227114
3 0.424387 0.375808 1.65425 227146
3 0.428313 0.375668 1.6552 227180
3 0.430539 0.375515 1.65622 227213
3 0.433265 0.375655 1.65804 227246
3 0.435525 0.377463 1.65772 227280
3 0.438986 0.376905 1.6589 227314
3 0.439449 0.377988 1.65644 227348
3 0.440196 0.378712 1.65863 227382

4 0.314667 0.404763 1.66913 228841
4 0.310625 0.403261 1.67193 228873
4 0.308104 0.398563 1.67198 228906
4 0.304645 0.392988 1.67457 228938
4 0.302225 0.384902 1.67601 228987
4 0.301188 0.378031 1.67774 229004
4 0.299857 0.366115 1.67642 229037
4 0.298243 0.356041 1.6749 229086
4 0.299155 0.343533 1.67419 229119
4 0.300059 0.329955 1.67318 229153
4 0.302262 0.316564 1.67088 229186
4 0.304256 0.302729 1.67014 229218
4 0.308547 0.284436 1.66872 229251
4 0.312823 0.270998 1.6663 229285
4 0.319073 0.257009 1.66674 229319
4 0.327969 0.243023 1.66808 229336
4 0.337709 0.231838 1.66946 229384
4 0.347165 0.220038 1.66671 229416
4 0.356024 0.208265 1.66397 229450
4 0.365875 0.201127 1.66038 229483
4 0.375126 0.193372 1.6599 229516
4 0.385097 0.190705 1.65904 229549
4 0.395817 0.189107 1.66153 229580
4 0.406697 0.188444 1.66372 229612
4 0.418095 0.187917 1.66464 229646
4 0.427804 0.188391 1.67004 229679
4 0.436648 0.190088 1.6718 229713
4 0.446993 0.195903 1.67405 229745
4 0.455962 0.201914 1.67608 229778
4 0.462244 0.210063 1.67465 229812
4 0.470769 0.220613 1.67864 229844
4 0.475781 0.232928 1.68136 229878
4 0.481399 0.24656 1.6795 229910
4 0.487403 0.262688 1.68563 229944
4 0.489578 0.28276 1.68771 229976
4 0.491036 0.30208 1.68663 230010
4 0.491625 0.319842 1.68835 230043
4 0.491352 0.336077 1.68764 230076
4 0.490889 0.35206 1.6885 230109
4 0.490565 0.367292 1.69117 230142
4 0.486457 0.383186 1.69292 230176
4 0.483247 0.400025 1.69544 230208
4 0.479393 0.417949 1.69568 230242
4 0.474328 0.432745 1.69545 230275
4 0.466107 0.447978 1.69611 230308
4 0.459717 0.458578 1.69763 230342
4 0.451456 0.468419 1.6974 230376
4 0.440419 0.477414 1.69937 230410
4 0.430393 0.483693 1.7 230442
4 0.421134 0.486242 1.70396 230475
4 0.409947 0.486554 1.70326 230510
4 0.398829 0.485982 1.70305 230543
4 0.389338 0.482432 1.69668 230576
4 0.378603 0.475836 1.69286 230609
4 0.368686 0.468423 1.69041 230643
4 0.361878 0.458994 1.68792 230675
4 0.355424 0.448675 1.68598 230709
4 0.348899 0.436436 1.67924 230742
4 0.343016 0.424825 1.67398 230776
4 0.339237 0.41287 1.66723 230809
4 0.336744 0.400506 1.66525 230844
4 0.333649 0.388004 1.65997 230877
4 0.331232 0.374199 1.65384 230909
4 0.330205 0.361877 1.65095 230944
4 0.329055 0.351687 1.65187 230978
4 0.328069 0.34054 1.64737 231012
4 0.326673 0.329183 1.64535 231045
4 0.325911 0.320578 1.6502 231079

5 0.397761 0.612939 1.83269 233383
5 0.397566 0.613077 1.83625 233416
5 0.389844 0.614989 1.83872 233448
5 0.382171 0.617713 1.84592 233480
5 0.375604 0.618672 1.85426 233513
5 0.368428 0.61853 1.8583 233545
5 0.362317 0.615019 1.85881 233577
5 0.353058 0.611176 1.86061 233610
5 0.342674 0.605367 1.86126 233644
5 0.333539 0.597993 1.86168 233679
5 0.326315 0.587464 1.85599 233711
5 0.319571 0.579543 1.85122 233745
5 0.313576 0.56904 1.84391 233778
5 0.305289 0.558074 1.83582 233812
5 0.298065 0.547055 1.82537 233846
5 0.292599 0.534695 1.81005 233879
5 0.289523 0.52126 1.79687 233911
5 0.288994 0.505882 1.78461 233945
5 0.290149 0.490452 1.77247 233979
5 0.291951 0.474419 1.75948 234011
5 0.293884 0.461227 1.74458 234044
5 0.296528 0.448718 1.73015 234078
5 0.302312 0.436671 1.71847 234111
5 0.310373 0.422587 1.70908 234145
5 0.317301 0.412436 1.70038 234177
5 0.326521 0.404592 1.68994 234209
5 0.336606 0.397579 1.68222 234251
5 0.347772 0.393636 1.67515 234277
5 0.359073 0.391992 1.66871 234311
5 0.369568 0.391843 1.66204 234345
5 0.378996 0.392805 1.65698 234378
5 0.387083 0.398017 1.65465 234412
5 0.395936 0.405194 1.65458 234447
5 0.404844 0.413098 1.65951 234480
5 0.411496 0.425774 1.66713 234514
5 0.417291 0.43944 1.67672 234547
5 0.42141 0.455673 1.68412 234581
5 0.42496 0.469864 1.69086 234614
5 0.426145 0.485408 1.70096 234647
5 0.425642 0.502838 1.7102 234680
5 0.42651 0.518352 1.72331 234714
5 0.424135 0.534791 1.73498 234747
5 0.420041 0.549639 1.74314 234781
5 0.415066 0.560018 1.75582 234815
5 0.407435 0.572504 1.76419 234849
5 0.401674 0.580087 1.77256 234883
5 0.395872 0.586181 1.77968 234916
5 0.388157 0.592042 1.78375 234951
5 0.382221 0.595817 1.78803 234985
5 0.377356 0.596843 1.79543 235019
5 0.374033 0.597741 1.79952 235052
5 0.367159 0.601116 1.80013 235085
5 0.362958 0.60058 1.80189 235118
5 0.359713 0.596751 1.80088 235151
5 0.357465 0.594534 1.80688 235185
5 0.352855 0.593146 1.81081 235218

6 0.352909 0.390135 1.63852 236288
6 0.352946 0.389924 1.63756 236321
6 0.35273 0.388056 1.63858 236355
6 0.352453 0.383697 1.63597 236388
6 0.353002 0.380399 1.63523 236422
6 0.352916 0.373233 1.63279 236457
6 0.353569 0.365402 1.62944 236490
6 0.354494 0.356494 1.62695 236524
6 0.358285 0.34753 1.62327 236556
6 0.360853 0.336892 1.6203 236590
6 0.364131 0.325772 1.61546 236623
6 0.368279 0.316132 1.61372 236656
6 0.373693 0.306355 1.60938 236688
6 0.380233 0.296395 1.60718 236722
6 0.388023 0.287728 1.60725 236754
6 0.394563 0.283027 1.60741 236789
6 0.401915 0.278669 1.6096 236822
6 0.411595 0.27334 1.61212 236855
6 0.42045 0.270964 1.61373 236887
6 0.429384 0.273024 1.61445 236919
6 0.437107 0.276742 1.6159 236953
6 0.444127 0.282213 1.61622 236985
6 0.450783 0.291212 1.61974 237019
6 0.457608 0.302324 1.62426 237052
6 0.461829 0.314778 1.62655 237087
6 0.464503 0.329265 1.63206 237118
6 0.466478 0.34544 1.63649 237150
6 0.467924 0.361654 1.63581 237183
6 0.467869 0.383017 1.64051 237217
6 0.464824 0.405564 1.64389 237251
6 0.460535 0.425297 1.64636 237285
6 0.455464 0.44537 1.64863 237319
6 0.448847 0.461927 1.65485 237353
6 0.441086 0.478136 1.65912 237387
6 0.433147 0.492173 1.6636 237421
6 0.424911 0.504121 1.66761 237454
6 0.415061 0.512395 1.66874 237489
6 0.404502 0.517502 1.67055 237521
6 0.394607 0.520866 1.67168 237554
6 0.386638 0.520344 1.67943 237588
6 0.378416 0.520676 1.68269 237620
6 0.370758 0.519027 1.68555 237654
6 0.363475 0.517331 1.68864 237686
6 0.35769 0.510194 1.69039 237720
6 0.352824 0.504221 1.6891 237754
6 0.34832 0.495813 1.68699 237787
6 0.344432 0.489771 1.68498 237820
6 0.342231 0.48018 1.68356 237852
6 0.341444 0.472344 1.67942 237885
6 0.339906 0.461075 1.67229 237919
6 0.340976 0.452023 1.66849 237952
6 0.342267 0.442149 1.66439 237985
6 0.34497 0.433899 1.66012 238019
6 0.347348 0.426928 1.65378 238052
6 0.350294 0.419181 1.64727 238086
6 0.352391 0.411631 1.64253 238120
6 0.354633 0.403544 1.63662 238152
6 0.35818 0.397776 1.6342 238186
6 0.36053 0.395406 1.63323 238218
6 0.362031 0.393328 1.6308 238252
6 0.364059 0.388612 1.62911 238285
6 0.367289 0.385716 1.62713 238318
6 0.369462 0.383276 1.62626 238352
6 0.371314 0.381147 1.62162 238385

7 0.368292 0.647912 1.92287 240986
7 0.365806 0.648876 1.92434 241019
7 0.362572 0.647144 1.92688 241053
7 0.358211 0.644389 1.92933 241087
7 0.353103 0.643107 1.92539 241121
7 0.345708 0.638455 1.92452 241154
7 0.337637 0.633902 1.92473 241187
7 0.331887 0.625242 1.91881 241221
7 0.324754 0.617932 1.91744 241253
7 0.316163 0.611114 1.9129 241286
7 0.308425 0.602686 1.90512 241321
7 0.300026 0.591156 1.89153 241354
7 0.293857 0.582619 1.88407 241387
7 0.288595 0.569547 1.87217 241420
7 0.281875 0.55472 1.8566 241453
7 0.27566 0.542406 1.84558 241486
7 0.273588 0.529494 1.83393 241520
7 0.271853 0.515833 1.82343 241553
7 0.269373 0.499164 1.79863 241586
7 0.270554 0.484093 1.78716 241619
7 0.273658 0.46909 1.77338 241652
7 0.276678 0.453463 1.75792 241684
7 0.27984 0.442224 1.74647 241719
7 0.283893 0.431962 1.73622 241753
7 0.289685 0.41893 1.72184 241786
7 0.295942 0.410243 1.71214 241820
7 0.302828 0.400615 1.70135 241855
7 0.311476 0.394755 1.69129 241888
7 0.319716 0.386565 1.68239 241921
7 0.329409 0.381493 1.67458 241955
7 0.338298 0.379292 1.66849 241988
7 0.348469 0.378455 1.66267 242021
7 0.355963 0.383608 1.65809 242054
7 0.365089 0.38931 1.65429 242087
7 0.37443 0.394094 1.64931 242121
7 0.384158 0.403676 1.65114 242154
7 0.391824 0.41434 1.65323 242188
7 0.399098 0.42779 1.65716 242221
7 0.404897 0.443195 1.66419 242254
7 0.411772 0.458947 1.67479 242287
7 0.417481 0.473587 1.68225 242320
7 0.420327 0.488345 1.68952 242354
7 0.423587 0.502733 1.69746 242388
7 0.423878 0.518501 1.7095 242423
7 0.423276 0.534781 1.72069 242456
7 0.423576 0.54542 1.72935 242490
7 0.42118 0.557042 1.73826 242524
7 0.416712 0.569385 1.75242 242558
7 0.411795 0.579411 1.76733 242592
7 0.407343 0.588694 1.77565 242626
7 0.401772 0.59692 1.7876 242660
7 0.397933 0.602771 1.8011 242694
7 0.391944 0.606852 1.81232 242729
7 0.384358 0.613459 1.82583 242762
7 0.378323 0.618016 1.83568 242796
7 0.372869 0.621974 1.84378 242830
7 0.364637 0.625711 1.85184 242863
7 0.359071 0.627459 1.8541 242896
7 0.3541 0.626564 1.86438 242930
7 0.350739 0.625832 1.86853 242964
7 0.34629 0.622097 1.8764 242997
7 0.341485 0.622758 1.88552 243031
7 0.338302 0.623764 1.89146 243064
7 0.336703 0.626118 1.90007 243098
7 0.335803 0.627325 1.90488 243132
7 0.335888 0.629663 1.90636 243149
7 0.334212 0.628555 1.91011 243199
7 0.334885 0.630524 1.91305 243233

8 0.326125 0.311752 1.66067 244558
8 0.325804 0.30597 1.66107 244591
8 0.326189 0.300836 1.66347 244625
8 0.327122 0.292937 1.66302 244658
8 0.32885 0.283824 1.66467 244691
8 0.330608 0.272425 1.66712 244723
8 0.334815 0.261672 1.66704 244757
8 0.340936 0.250325 1.66778 244791
8 0.345803 0.23734 1.66643 244823
8 0.353233 0.222342 1.66535 244856
8 0.360061 0.209897 1.66344 244888
8 0.367393 0.199606 1.66029 244923
8 0.37719 0.189067 1.65877 244957
8 0.386924 0.178439 1.65837 244989
8 0.39908 0.170131 1.66346 245022
8 0.410546 0.164206 1.66786 245056
8 0.422762 0.158612 1.67125 245089
8 0.435479 0.153311 1.6734 245121
8 0.447959 0.149924 1.67616 245154
8 0.459685 0.151211 1.68088 245186
8 0.470337 0.151407 1.68091 245220
8 0.479625 0.156481 1.67891 245253
8 0.489797 0.162307 1.6794 245286
8 0.499516 0.168517 1.67664 245320
8 0.509593 0.178474 1.67585 245354
8 0.519118 0.186123 1.67421 245388
8 0.528234 0.195946 1.66785 245421
8 0.534583 0.207229 1.66653 245454
8 0.54233 0.221218 1.66715 245487
8 0.549212 0.234933 1.66703 245520
8 0.555447 0.252866 1.66569 245553
8 0.557765 0.273059 1.6671 245587
8 0.560264 0.293386 1.66601 245621
8 0.561345 0.315288 1.66739 245655
8 0.561764 0.338627 1.67115 245689
8 0.560874 0.360165 1.6727 245722
8 0.560095 0.383196 1.67912 245755
8 0.556072 0.405306 1.68097 245789
8 0.552328 0.426501 1.68473 245822
8 0.546543 0.44894 1.68508 245855
8 0.536989 0.47137 1.68731 245889
8 0.524871 0.494162 1.69013 245922
8 0.510634 0.51374 1.69266 245955
8 0.494329 0.528001 1.69809 245989
8 0.474976 0.541868 1.69863 246023
8 0.453947 0.549537 1.70182 246058
8 0.432277 0.552898 1.69535 246092
8 0.409826 0.550462 1.68881 246126
8 0.389402 0.541196 1.68639 246159
8 0.371953 0.52762 1.68499 246193
8 0.356781 0.510813 1.68543 246227
8 0.341724 0.491997 1.67687 246258
8 0.330031 0.469254 1.67412 246292
8 0.320125 0.447973 1.66655 246325
8 0.312339 0.426239 1.65681 246359
8 0.30817 0.403414 1.64978 246393
8 0.306519 0.383482 1.6456 246426
8 0.305835 0.366242 1.64021 246459
8 0.307751 0.350658 1.63831 246492
8 0.310992 0.335827 1.63634 246526
8 0.314289 0.323981 1.63551 246560
8 0.316832 0.310388 1.63335 246594
8 0.321963 0.29921 1.63214 246627
8 0.32548 0.286935 1.631 246661
8 0.327514 0.274869 1.62953 246694
8 0.331269 0.266544 1.6288 246728
8 0.336375 0.257766 1.62705 246762

9 0.446361 0.732428 1.9321 248897
9 0.444172 0.734256 1.92699 248929
9 0.442039 0.737607 1.93384 248963
9 0.439864 0.743911 1.93576 248995
9 0.435053 0.742471 1.93243 249027
9 0.428869 0.744952 1.92867 249060
9 0.422053 0.742974 1.93228 249093
9 0.416068 0.743231 1.9399 249126
9 0.409372 0.741907 1.9411 249159
9 0.399933 0.739495 1.93505 249192
9 0.388398 0.737873 1.93087 249223
9 0.378609 0.731356 1.92243 249257
9 0.367188 0.725261 1.91132 249291
9 0.357023 0.71991 1.90273 249325
9 0.344477 0.709537 1.88468 249358
9 0.335153 0.698381 1.85838 249392
9 0.327777 0.685836 1.83585 249425
9 0.32537 0.671779 1.8131 249461
9 0.321962 0.657485 1.78442 249492
9 0.3204 0.64146 1.7597 249526
9 0.322435 0.626276 1.73709 249560
9 0.32953 0.611273 1.71986 249594
9 0.33871 0.596687 1.70345 249629
9 0.350183 0.582817 1.68573 249661
9 0.361832 0.574155 1.66992 249696
9 0.374016 0.566874 1.65974 249729
9 0.389134 0.562046 1.65577 249764
9 0.403601 0.560838 1.65568 249798
9 0.416185 0.562851 1.66155 249832
9 0.426544 0.567608 1.67216 249866
9 0.437502 0.5753 1.68103 249900
9 0.447362 0.585877 1.69 249934
9 0.455538 0.597805 1.69914 249968
9 0.460678 0.612688 1.70919 250002
9 0.462363 0.628299 1.72223 250036
9 0.462845 0.640387 1.73964 250070
9 0.460233 0.655353 1.75451 250104
9 0.459284 0.671061 1.76142 250138
9 0.453242 0.686889 1.77962 250154
9 0.447775 0.701457 1.79098 250204
9 0.441329 0.711112 1.80702 250237
9 0.436002 0.718914 1.8192 250271
9 0.428519 0.723838 1.82963 250304
9 0.423086 0.72677 1.83899 250337
9 0.416957 0.731974 1.84183 250370
9 0.409725 0.736238 1.85148 250403
9 0.405316 0.739127 1.8569 250438
9 0.399091 0.739557 1.85587 250454
9 0.395636 0.735757 1.85753 250505
9 0.392839 0.734087 1.86517 250538
9 0.390432 0.73087 1.8672 250554

