Gesto: 0
0 0.635635 0.400211 1.7626 446047
0 0.634465 0.403979 1.75703 446080
0 0.629649 0.409857 1.74961 446113
0 0.623945 0.412744 1.74067 446147
0 0.615626 0.410005 1.73225 446181
0 0.606049 0.405822 1.72247 446215
0 0.594159 0.397464 1.7104 446250
0 0.58367 0.382034 1.70036 446271
0 0.574408 0.365525 1.68716 446309
0 0.56664 0.350687 1.67719 446342
0 0.560719 0.332139 1.66566 446376
0 0.555648 0.314817 1.65687 446410
0 0.553781 0.294254 1.65237 446445
0 0.555643 0.275292 1.65013 446477
0 0.558653 0.258092 1.64953 446510
0 0.562389 0.2409 1.65032 446544
0 0.571565 0.225111 1.65067 446577
0 0.579319 0.2133 1.65685 446612
0 0.587747 0.201005 1.66671 446646
0 0.598591 0.192699 1.67587 446680
0 0.610357 0.187064 1.6863 446712
0 0.622095 0.182521 1.69964 446746
0 0.63296 0.179015 1.71273 446780
0 0.644969 0.177413 1.71936 446814
0 0.656958 0.181418 1.7278 446848
0 0.665922 0.186017 1.73809 446881
0 0.675876 0.194619 1.74647 446915
0 0.683514 0.202035 1.753 446949
0 0.69149 0.211505 1.75661 446966
0 0.696622 0.221852 1.76647 447002
0 0.70127 0.235575 1.77111 447035
0 0.703862 0.250568 1.77708 447085
0 0.705518 0.262768 1.77918 447103
0 0.706738 0.274113 1.77665 447136
0 0.704859 0.286385 1.77649 447170
0 0.701751 0.297225 1.7719 447204
0 0.700117 0.306627 1.77021 447236
0 0.697092 0.314761 1.7647 447286
0 0.692939 0.324636 1.76382 447302
0 0.688541 0.333032 1.76145 447335
0 0.681887 0.343365 1.7519 447385
0 0.677861 0.349174 1.74904 447402
0 0.674183 0.356908 1.74067 447436
0 0.670515 0.359922 1.7372 447470
0 0.665618 0.365037 1.73207 447504
0 0.66171 0.367243 1.72834 447538
0 0.657399 0.369421 1.72747 447572
0 0.653974 0.370564 1.72656 447606
0 0.650043 0.370529 1.72241 447640
0 0.646419 0.370612 1.71693 447674

1 0.58215 0.284552 1.65828 449881
1 0.579212 0.281906 1.65589 449914
1 0.575975 0.277338 1.65488 449948
1 0.571985 0.268417 1.65471 449982
1 0.570431 0.255012 1.65447 450014
1 0.570757 0.240177 1.65833 450048
1 0.573421 0.226463 1.66043 450081
1 0.578218 0.214646 1.66315 450114
1 0.584785 0.200545 1.66642 450148
1 0.591711 0.189441 1.67119 450181
1 0.600119 0.1808 1.67627 450215
1 0.610948 0.176612 1.68586 450249
1 0.620973 0.174817 1.6916 450283
1 0.630866 0.17651 1.69921 450316
1 0.640721 0.180144 1.70335 450348
1 0.649366 0.187119 1.70633 450382
1 0.657148 0.196193 1.70979 450414
1 0.666374 0.206971 1.71191 450448
1 0.672826 0.220511 1.711 450480
1 0.67758 0.233201 1.7151 450515
1 0.680368 0.248309 1.71513 450547
1 0.681999 0.262791 1.71681 450581
1 0.684367 0.278366 1.71648 450613
1 0.683069 0.293691 1.71484 450647
1 0.681268 0.309063 1.71275 450681
1 0.678554 0.322782 1.71072 450715
1 0.672998 0.337694 1.70946 450749
1 0.66768 0.347822 1.70399 450783
1 0.661331 0.357964 1.69648 450816
1 0.655358 0.364106 1.69838 450849
1 0.647861 0.368766 1.69573 450881
1 0.63827 0.373064 1.69117 450915
1 0.629072 0.374171 1.68587 450949
1 0.622712 0.376645 1.68045 450983
1 0.615342 0.375361 1.67165 451017
1 0.606859 0.372957 1.66467 451049
1 0.601782 0.369826 1.65556 451083
1 0.595872 0.363609 1.65164 451116
1 0.588534 0.359232 1.64624 451149
1 0.58286 0.352378 1.64227 451183
1 0.577974 0.347184 1.63887 451215
1 0.573553 0.340794 1.63561 451249
1 0.57062 0.334259 1.63167 451282
1 0.567054 0.32717 1.62771 451315
1 0.565862 0.320347 1.62377 451349
1 0.564715 0.312244 1.62188 451382
1 0.563353 0.306145 1.61741 451415
1 0.56351 0.301516 1.61606 451448
1 0.565823 0.294862 1.61808 451481
1 0.566231 0.28849 1.62021 451515
1 0.567242 0.281637 1.61888 451548
1 0.568707 0.27627 1.61754 451581
1 0.570076 0.272903 1.61505 451615
1 0.572156 0.266786 1.61498 451648

2 0.376951 0.300464 1.69308 459982
2 0.3753 0.297199 1.6888 460016
2 0.373223 0.296819 1.69069 460049
2 0.373729 0.29476 1.69098 460084
2 0.374252 0.28945 1.68965 460116
2 0.376111 0.284029 1.68945 460150
2 0.378338 0.280186 1.68812 460183
2 0.379733 0.276453 1.68977 460217
2 0.381987 0.270625 1.69109 460252
2 0.385997 0.265915 1.69136 460284
2 0.390728 0.262347 1.6947 460316
2 0.393352 0.259394 1.69424 460350
2 0.398287 0.257273 1.69672 460384
2 0.40449 0.253324 1.70046 460416
2 0.408836 0.251535 1.70446 460449
2 0.412764 0.252784 1.70738 460483
2 0.415704 0.255797 1.71039 460517
2 0.422664 0.256765 1.71764 460552
2 0.427081 0.262349 1.72393 460584
2 0.429955 0.266613 1.72998 460618
2 0.434831 0.270317 1.73605 460651
2 0.438409 0.277173 1.73752 460685
2 0.43971 0.283968 1.74027 460718
2 0.442522 0.291683 1.74612 460751
2 0.445954 0.298082 1.75108 460785
2 0.44709 0.304718 1.75285 460818
2 0.447541 0.312831 1.75525 460851
2 0.449403 0.320981 1.752 460884
2 0.447611 0.327196 1.75271 460916
2 0.445851 0.332495 1.75388 460949
2 0.444267 0.338825 1.75306 460982
2 0.439381 0.344135 1.75259 461016
2 0.435522 0.348876 1.74812 461048
2 0.432774 0.352402 1.74595 461081
2 0.431187 0.355756 1.74236 461114
2 0.42831 0.360259 1.73687 461148
2 0.423382 0.361224 1.72969 461181
2 0.420662 0.36306 1.72546 461215
2 0.41702 0.362845 1.72303 461248
2 0.412151 0.359645 1.72013 461281
2 0.409123 0.358888 1.71545 461330
2 0.407368 0.356269 1.71034 461347
2 0.404326 0.355141 1.70473 461380
2 0.403018 0.352805 1.70328 461430
2 0.398559 0.349135 1.69738 461447
2 0.395929 0.346802 1.69483 461482
2 0.393741 0.342024 1.69323 461515
2 0.392173 0.338443 1.68715 461549
2 0.392242 0.332568 1.68927 461583
2 0.391252 0.327596 1.68931 461616
2 0.390217 0.323597 1.68976 461648
2 0.389683 0.317711 1.68532 461698
2 0.38968 0.313615 1.6858 461715
2 0.388143 0.310503 1.68621 461749
2 0.388974 0.306792 1.68311 461783
2 0.390884 0.301948 1.68223 461817
2 0.390821 0.297385 1.68005 461850

3 0.549868 0.555168 1.7873 464627
3 0.551027 0.559871 1.78572 464660
3 0.550143 0.562796 1.78713 464694
3 0.546937 0.563972 1.78822 464728
3 0.544538 0.564731 1.78534 464762
3 0.538642 0.564797 1.77757 464796
3 0.531964 0.561377 1.76844 464829
3 0.528912 0.55686 1.76239 464862
3 0.52262 0.549122 1.75586 464895
3 0.518802 0.54142 1.74893 464928
3 0.516961 0.534261 1.74025 464961
3 0.516487 0.523966 1.73382 464994
3 0.515904 0.513302 1.73077 465027
3 0.516119 0.505536 1.72389 465061
3 0.518397 0.494488 1.72274 465095
3 0.521162 0.486139 1.71788 465129
3 0.524323 0.476901 1.71788 465163
3 0.527713 0.470955 1.71853 465196
3 0.532779 0.467125 1.7202 465230
3 0.540385 0.462794 1.72187 465264
3 0.546105 0.457556 1.72386 465297
3 0.550176 0.454125 1.72614 465331
3 0.556595 0.452263 1.72827 465348
3 0.563062 0.452098 1.73022 465398
3 0.56847 0.451121 1.74089 465431
3 0.572676 0.451601 1.74289 465449
3 0.57915 0.452091 1.75103 465499
3 0.58371 0.457336 1.75584 465533
3 0.586451 0.461179 1.75966 465550
3 0.588223 0.464362 1.76526 465601
3 0.589491 0.473415 1.76922 465618
3 0.590174 0.479134 1.77158 465652
3 0.590235 0.486163 1.77231 465685
3 0.590323 0.49362 1.77406 465719
3 0.589612 0.501425 1.77115 465754
3 0.58939 0.507964 1.76898 465786
3 0.588323 0.511372 1.77295 465818
3 0.586476 0.516183 1.76848 465851
3 0.581477 0.522826 1.76927 465885
3 0.578667 0.527075 1.77104 465919
3 0.57596 0.52995 1.77026 465953
3 0.571812 0.532872 1.77116 465986
3 0.567511 0.537944 1.76891 466020
3 0.565287 0.540411 1.7681 466053
3 0.563971 0.540691 1.76835 466087
3 0.561856 0.539689 1.75801 466121
3 0.558029 0.54572 1.75862 466154
3 0.554678 0.546627 1.75917 466188
3 0.552608 0.546764 1.75781 466222
3 0.551109 0.54839 1.75263 466255
3 0.54916 0.548729 1.75291 466288
3 0.547331 0.549557 1.75664 466323

4 0.267995 0.138749 1.74813 480645
4 0.268052 0.139081 1.7476 480678
4 0.268368 0.13924 1.74513 480712
4 0.268087 0.136486 1.74773 480729
4 0.268924 0.133366 1.74925 480780
4 0.269959 0.129567 1.75298 480797
4 0.270258 0.126259 1.75231 480830
4 0.271535 0.12061 1.75317 480881
4 0.274781 0.116912 1.75575 480898
4 0.277227 0.11252 1.76304 480931
4 0.279483 0.110798 1.76147 480965
4 0.28397 0.109231 1.75819 480999
4 0.287303 0.106524 1.75948 481033
4 0.289685 0.104474 1.7647 481067
4 0.294943 0.105022 1.76177 481100
4 0.298959 0.104344 1.76324 481133
4 0.304837 0.105693 1.76199 481167
4 0.309455 0.110128 1.76571 481201
4 0.315413 0.112524 1.76379 481235
4 0.319588 0.117203 1.76104 481269
4 0.323382 0.120792 1.7544 481303
4 0.326316 0.124308 1.75218 481336
4 0.329795 0.130307 1.75317 481370
4 0.331935 0.135755 1.74925 481404
4 0.334076 0.141525 1.74576 481437
4 0.334288 0.148774 1.7458 481470
4 0.335156 0.153317 1.74476 481504
4 0.3367 0.159321 1.74247 481537
4 0.336729 0.163207 1.73934 481569
4 0.335815 0.169568 1.73183 481604
4 0.33562 0.17556 1.72858 481637
4 0.337059 0.179663 1.72564 481670
4 0.335028 0.184166 1.71952 481704
4 0.333273 0.187507 1.71735 481738
4 0.331113 0.191381 1.70579 481772
4 0.328869 0.193207 1.70809 481806
4 0.323485 0.199791 1.71073 481839
4 0.320164 0.204257 1.71047 481873
4 0.318719 0.206916 1.71049 481905
4 0.315808 0.209943 1.70986 481938
4 0.312973 0.211279 1.70345 481972
4 0.310059 0.212265 1.70209 482005
4 0.308399 0.213117 1.70096 482037
4 0.304859 0.214645 1.70045 482070
4 0.300912 0.214983 1.69531 482102
4 0.29686 0.211365 1.69336 482136
4 0.293114 0.212006 1.68844 482170
4 0.290706 0.208675 1.6895 482202
4 0.287821 0.205405 1.68844 482235
4 0.285984 0.203127 1.68786 482269
4 0.28183 0.200778 1.6859 482302
4 0.279041 0.198551 1.69052 482335
4 0.277884 0.195122 1.68973 482368
4 0.276788 0.192616 1.69004 482401
4 0.275317 0.189286 1.68838 482435
4 0.272789 0.183707 1.68988 482467
4 0.27191 0.180871 1.69164 482502
4 0.270362 0.178012 1.69276 482535
4 0.269335 0.175154 1.68815 482570
4 0.267433 0.173061 1.6913 482603
4 0.266057 0.170455 1.6916 482636
4 0.266411 0.167156 1.69307 482670
4 0.268273 0.165964 1.69689 482705
4 0.267984 0.163024 1.69761 482738
4 0.268451 0.160332 1.69627 482773
4 0.270013 0.15633 1.69637 482804
4 0.271142 0.154015 1.6949 482837
4 0.271736 0.151996 1.69508 482871
4 0.272778 0.150146 1.69743 482905
4 0.273197 0.148719 1.70062 482939
4 0.273868 0.148678 1.70037 482974
4 0.273942 0.147723 1.70263 483007
4 0.273808 0.147122 1.70639 483039

5 0.396468 0.103057 1.77576 486138
5 0.396341 0.102751 1.77647 486171
5 0.396417 0.103017 1.77535 486205
5 0.396603 0.103036 1.77468 486238
5 0.396825 0.102787 1.7756 486271
5 0.397996 0.101316 1.77715 486304
5 0.399218 0.0980023 1.7774 486338
5 0.403031 0.0935314 1.77632 486372
5 0.407547 0.0891952 1.77406 486405
5 0.411948 0.0878582 1.77524 486439
5 0.418175 0.0830152 1.77434 486473
5 0.424998 0.0848861 1.77861 486506
5 0.431258 0.0818132 1.77605 486539
5 0.436975 0.0834493 1.77555 486572
5 0.443279 0.0798999 1.77978 486606
5 0.450691 0.0828583 1.77678 486638
5 0.458051 0.085217 1.77409 486671
5 0.461408 0.0855421 1.77202 486705
5 0.465991 0.0940125 1.76407 486739
5 0.468811 0.101363 1.76091 486772
5 0.472735 0.110007 1.76262 486810
5 0.474966 0.116579 1.7596 486848
5 0.476803 0.125644 1.75984 486882
5 0.477801 0.132262 1.75672 486915
5 0.476795 0.141978 1.75053 486949
5 0.476255 0.148345 1.74646 486967
5 0.476309 0.15593 1.73988 487017
5 0.474234 0.165583 1.73441 487049
5 0.471387 0.172398 1.7306 487067
5 0.469924 0.17723 1.72358 487116
5 0.467065 0.184701 1.72037 487149
5 0.463545 0.191003 1.71327 487182
5 0.459645 0.195858 1.70308 487215
5 0.452998 0.198656 1.69883 487249
5 0.448151 0.200318 1.69363 487283
5 0.4435 0.203307 1.68531 487317
5 0.437002 0.204114 1.6806 487349
5 0.431607 0.203161 1.6794 487382
5 0.424732 0.202555 1.67472 487416
5 0.41866 0.199735 1.67101 487450
5 0.413127 0.196288 1.66793 487467
5 0.407246 0.193676 1.66634 487518
5 0.401956 0.191057 1.6687 487535
5 0.397933 0.185864 1.66967 487568
5 0.395365 0.181359 1.67208 487619
5 0.392877 0.176165 1.67413 487636
5 0.388285 0.169549 1.67607 487687
5 0.387076 0.164144 1.67878 487703
5 0.384112 0.158976 1.68003 487737
5 0.382625 0.152844 1.68211 487771
5 0.38267 0.146347 1.68744 487805
5 0.382025 0.141714 1.68746 487837
5 0.382081 0.134671 1.69032 487871
5 0.382405 0.130059 1.69112 487904
5 0.383199 0.125999 1.69441 487938
5 0.385614 0.122166 1.69937 487972
5 0.387718 0.116738 1.70138 488006
5 0.389547 0.112634 1.705 488039
5 0.390273 0.109736 1.70824 488073
5 0.390688 0.107939 1.71113 488107
5 0.392398 0.106426 1.71328 488140

6 0.554871 0.0830261 1.79191 490444
6 0.554169 0.0845554 1.78793 490476
6 0.55397 0.0850294 1.78723 490509
6 0.553903 0.0852253 1.7864 490542
6 0.555477 0.0841919 1.78652 490576
6 0.557732 0.0799929 1.78376 490609
6 0.561988 0.0766635 1.7829 490643
6 0.567146 0.0743381 1.78363 490677
6 0.573149 0.0718895 1.78852 490710
6 0.57938 0.0729726 1.79128 490744
6 0.585993 0.0757113 1.79248 490777
6 0.592086 0.0749916 1.78838 490815
6 0.598687 0.074673 1.78765 490854
6 0.603644 0.0786882 1.77676 490871
6 0.609818 0.0799586 1.77845 490922
6 0.616756 0.0832746 1.78241 490940
6 0.620654 0.0891719 1.7835 490973
6 0.623828 0.0943201 1.78341 491006
6 0.627241 0.10068 1.78097 491040
6 0.627954 0.107886 1.77933 491074
6 0.628563 0.115655 1.77667 491108
6 0.627621 0.124467 1.77406 491142
6 0.627208 0.131413 1.77101 491176
6 0.625947 0.141701 1.7655 491210
6 0.625094 0.149436 1.75883 491244
6 0.624313 0.15575 1.75393 491277
6 0.619427 0.164773 1.74796 491313
6 0.615302 0.170678 1.74661 491346
6 0.61259 0.175385 1.73813 491380
6 0.60734 0.180289 1.73365 491414
6 0.603563 0.184363 1.72884 491448
6 0.597237 0.189466 1.72265 491482
6 0.591234 0.193024 1.71975 491517
6 0.586239 0.193955 1.71347 491550
6 0.581384 0.195267 1.71533 491584
6 0.573749 0.195232 1.71434 491616
6 0.567949 0.19505 1.71073 491650
6 0.562623 0.192961 1.70743 491683
6 0.558672 0.187075 1.70788 491717
6 0.555547 0.183405 1.71266 491750
6 0.550963 0.178069 1.71463 491784
6 0.548342 0.173331 1.71673 491817
6 0.545472 0.168325 1.7155 491850
6 0.544642 0.16058 1.71728 491883
6 0.540546 0.15525 1.7188 491916
6 0.539145 0.150149 1.7222 491948
6 0.536306 0.146873 1.72245 491982
6 0.535245 0.141261 1.72153 492016
6 0.536623 0.13563 1.72666 492050
6 0.537879 0.131817 1.73274 492083
6 0.540263 0.128213 1.73778 492118
6 0.540784 0.123117 1.74395 492151
6 0.541443 0.117082 1.74523 492185
6 0.541689 0.112847 1.74679 492219
6 0.542364 0.110064 1.74966 492252
6 0.542932 0.107243 1.75433 492286
6 0.544265 0.104752 1.75765 492318
6 0.545471 0.102684 1.76325 492351
6 0.546634 0.101639 1.76685 492385
6 0.549338 0.0976667 1.76857 492419

7 0.297871 0.472399 1.84771 501159
7 0.296762 0.473311 1.84521 501192
7 0.297387 0.473838 1.84358 501226
7 0.298093 0.473465 1.84388 501260
7 0.298003 0.471721 1.84174 501293
7 0.298897 0.467338 1.8386 501326
7 0.299083 0.461472 1.8353 501359
7 0.301052 0.454405 1.8311 501392
7 0.305457 0.448951 1.82896 501425
7 0.308014 0.440696 1.82437 501458
7 0.310125 0.431998 1.81639 501491
7 0.312966 0.422113 1.81277 501525
7 0.317695 0.415717 1.81216 501559
7 0.322079 0.407509 1.81529 501591
7 0.326893 0.400357 1.81733 501624
7 0.331175 0.397244 1.82255 501657
7 0.335992 0.392579 1.82413 501690
7 0.343354 0.389476 1.82535 501723
7 0.34715 0.389686 1.82814 501756
7 0.353682 0.389496 1.82623 501789
7 0.358938 0.392251 1.82922 501822
7 0.361181 0.394181 1.83383 501855
7 0.366242 0.397272 1.83598 501888
7 0.369998 0.40138 1.84502 501921
7 0.373093 0.406557 1.84953 501953
7 0.373666 0.416746 1.86046 501987
7 0.374964 0.424259 1.86624 502021
7 0.375327 0.435559 1.87514 502056
7 0.376164 0.442551 1.87711 502088
7 0.376667 0.448261 1.87827 502122
7 0.376344 0.457936 1.88304 502156
7 0.375105 0.465315 1.88528 502189
7 0.373947 0.471378 1.88541 502223
7 0.370897 0.478258 1.88807 502257
7 0.366444 0.485585 1.88768 502291
7 0.362901 0.491939 1.89069 502327
7 0.360114 0.496501 1.89241 502347
7 0.355368 0.500025 1.89025 502384
7 0.350908 0.503576 1.89223 502418
7 0.347069 0.505556 1.88892 502451
7 0.344502 0.508493 1.88675 502485
7 0.339368 0.510349 1.8843 502519
7 0.337195 0.512961 1.88433 502553
7 0.332725 0.511307 1.88026 502587
7 0.326331 0.512988 1.87926 502620
7 0.322174 0.51519 1.8721 502654
7 0.321807 0.512167 1.87253 502688
7 0.319655 0.509548 1.86501 502721
7 0.315818 0.506799 1.86552 502755
7 0.313368 0.504129 1.86202 502789
7 0.313498 0.503401 1.85192 502823
7 0.313031 0.50296 1.84814 502858
7 0.311524 0.499496 1.84691 502891
7 0.311886 0.494906 1.84458 502925
7 0.311816 0.492491 1.84191 502957
7 0.311414 0.490572 1.83928 502990
7 0.311629 0.488601 1.83605 503024
7 0.311567 0.486654 1.83053 503058
7 0.311314 0.484874 1.83018 503092
7 0.311618 0.482673 1.82773 503126
7 0.310985 0.476875 1.82919 503160
7 0.313296 0.47158 1.82401 503193
7 0.314333 0.470328 1.81931 503225
7 0.313933 0.46917 1.82134 503258

8 0.441275 0.237733 1.91822 508457
8 0.442359 0.235762 1.91841 508490
8 0.441495 0.232983 1.91213 508523
8 0.439885 0.227806 1.91914 508557
8 0.438148 0.22166 1.91921 508589
8 0.434377 0.215123 1.91541 508623
8 0.432441 0.207297 1.91451 508656
8 0.432324 0.195308 1.91595 508690
8 0.434319 0.186367 1.91676 508724
8 0.437864 0.176144 1.92077 508757
8 0.441856 0.167281 1.92578 508790
8 0.444357 0.162869 1.92766 508828
8 0.451027 0.154412 1.92705 508870
8 0.455863 0.148278 1.92361 508886
8 0.459748 0.147015 1.9146 508936
8 0.469149 0.139898 1.92324 508953
8 0.479048 0.137967 1.92599 508987
8 0.489118 0.139244 1.92418 509021
8 0.498334 0.140881 1.9232 509055
8 0.503013 0.146182 1.92684 509089
8 0.507123 0.156147 1.92608 509123
8 0.517648 0.162484 1.93199 509157
8 0.526506 0.168916 1.93156 509191
8 0.530588 0.177266 1.93339 509224
8 0.536222 0.188613 1.93556 509257
8 0.540386 0.196711 1.93768 509290
8 0.542948 0.203392 1.93754 509324
8 0.544526 0.213756 1.93346 509357
8 0.54587 0.226795 1.92856 509391
8 0.545726 0.23502 1.92861 509425
8 0.544251 0.245798 1.92594 509459
8 0.544133 0.253698 1.92831 509492
8 0.540219 0.258501 1.92572 509525
8 0.537989 0.26391 1.91975 509559
8 0.533059 0.270194 1.91723 509593
8 0.530686 0.274818 1.91513 509627
8 0.526514 0.277954 1.91381 509661
8 0.521695 0.280001 1.91124 509695
8 0.51694 0.282259 1.90541 509729
8 0.513859 0.282145 1.90228 509761
8 0.509534 0.282506 1.89621 509795
8 0.506242 0.280356 1.89428 509828
8 0.50118 0.279021 1.89595 509861
8 0.494507 0.27492 1.89248 509893
8 0.490436 0.271555 1.89589 509926
8 0.486463 0.268653 1.8926 509959
8 0.48378 0.265486 1.8909 509993
8 0.480273 0.258996 1.89124 510027
8 0.476636 0.254506 1.89246 510061
8 0.472733 0.251459 1.88776 510095
8 0.470906 0.245684 1.88568 510129
8 0.467499 0.242322 1.8856 510162
8 0.462998 0.238455 1.88696 510195
8 0.459851 0.238513 1.88364 510229
8 0.457167 0.234091 1.88581 510263
8 0.455417 0.225446 1.88742 510298
8 0.454721 0.22046 1.88764 510331
8 0.453458 0.217373 1.89127 510365
8 0.450396 0.215499 1.89322 510400
8 0.449661 0.209509 1.89869 510433
8 0.447977 0.205419 1.89679 510466

9 0.632402 0.269187 1.88009 512638
9 0.632369 0.267566 1.88014 512671
9 0.632712 0.268977 1.87723 512704
9 0.62908 0.269045 1.8748 512738
9 0.626024 0.271303 1.87276 512771
9 0.622863 0.270395 1.87316 512805
9 0.619103 0.26875 1.86972 512840
9 0.613402 0.267739 1.87046 512856
9 0.604407 0.261498 1.86738 512907
9 0.596507 0.252952 1.85956 512923
9 0.590246 0.238814 1.85846 512957
9 0.583734 0.231464 1.85042 513007
9 0.579196 0.22073 1.84923 513024
9 0.578152 0.208777 1.85136 513058
9 0.576546 0.197304 1.85095 513091
9 0.575482 0.186807 1.8469 513125
9 0.577609 0.17734 1.85014 513159
9 0.581136 0.165403 1.85016 513192
9 0.585751 0.157322 1.86007 513225
9 0.591942 0.148531 1.86459 513259
9 0.598792 0.140148 1.87011 513292
9 0.603281 0.134631 1.87473 513326
9 0.611175 0.130991 1.87956 513359
9 0.616973 0.129596 1.88066 513392
9 0.623745 0.129273 1.88735 513426
9 0.629224 0.134176 1.89608 513460
9 0.636351 0.137611 1.8984 513494
9 0.642348 0.140237 1.89773 513527
9 0.647498 0.143418 1.89885 513561
9 0.65377 0.14889 1.90246 513595
9 0.657816 0.155338 1.89579 513627
9 0.660132 0.163664 1.90091 513660
9 0.663763 0.171633 1.90198 513694
9 0.667494 0.178909 1.90181 513728
9 0.67144 0.187389 1.89388 513762
9 0.670504 0.199655 1.89369 513795
9 0.671544 0.207247 1.89215 513827
9 0.671781 0.215606 1.88742 513860
9 0.672077 0.222757 1.87953 513894
9 0.671186 0.231592 1.87734 513927
9 0.671225 0.234537 1.87398 513961
9 0.670581 0.242504 1.86839 513995
9 0.666427 0.248496 1.86773 514029
9 0.664689 0.251982 1.86632 514063
9 0.66272 0.253623 1.86501 514096
9 0.661881 0.256358 1.86691 514130
9 0.659875 0.259175 1.86466 514163
9 0.657315 0.263497 1.86165 514197
9 0.65604 0.266441 1.86049 514230
9 0.651671 0.268295 1.86156 514264
9 0.648748 0.269123 1.8628 514298
9 0.647355 0.269899 1.86215 514332
9 0.645957 0.270329 1.85571 514364
9 0.64539 0.270647 1.85503 514398
9 0.644462 0.272919 1.85248 514432

