
---START: 2014-01-16-10-16-35-272---
/joint l_hand 2 0.653163 0.315789 1.45577 167288
/joint r_shoulder 2 0.4195 0.358486 1.90192 167288
/joint r_elbow 2 0.371208 0.509535 1.91178 167288
/joint r_hand 2 0.4526 0.515518 1.7635 167288
/joint torso 2 0.477981 0.480236 1.88765 167304
/joint l_hip 2 0.507554 0.59758 1.88485 167304
/joint l_knee 2 0.528415 0.81635 1.81915 167304
/joint r_hip 2 0.431704 0.586018 1.91493 167304
/joint r_knee 2 0.451791 0.776531 1.74039 167320
/user/1 0.825776 0 1.65013 0 0 167320
/joint head 2 0.493861 0.257759 1.85288 167320
/joint neck 2 0.486123 0.369593 1.87483 167320
/joint l_shoulder 2 0.553152 0.379819 1.85049 167337
/joint l_elbow 2 0.641796 0.355916 1.67604 167337
/joint l_hand 2 0.666703 0.317258 1.46801 167337
/joint r_shoulder 2 0.419093 0.359367 1.89917 167337
/joint r_elbow 2 0.371381 0.509379 1.90784 167353
/joint r_hand 2 0.452866 0.514886 1.75962 167353
/joint torso 2 0.477641 0.481152 1.88686 167353
/joint l_hip 2 0.507203 0.598514 1.88507 167353
/joint l_knee 2 0.529052 0.816572 1.81544 167369
/joint r_hip 2 0.431116 0.586906 1.9127 167369
/joint r_knee 2 0.451049 0.776262 1.73528 167369
/user/1 0.826100 0 1.65072 0 0 167369
/joint head 2 0.493374 0.257162 1.84684 167386
/joint neck 2 0.486092 0.369141 1.87285 167386
/joint l_shoulder 2 0.5534 0.379245 1.85187 167386
/joint l_elbow 2 0.646856 0.355839 1.68685 167386
/joint l_hand 2 0.677689 0.31549 1.48059 167386
/joint r_shoulder 2 0.418784 0.359037 1.89383 167402
/joint r_elbow 2 0.370527 0.510062 1.91001 167402
/joint r_hand 2 0.452198 0.515895 1.76218 167402
/joint torso 2 0.477828 0.480573 1.88755 167402
/joint l_hip 2 0.507771 0.59774 1.89034 167418
/joint l_knee 2 0.530088 0.815608 1.81998 167418
/joint r_hip 2 0.431357 0.586268 1.91416 167418
/joint r_knee 2 0.453003 0.776581 1.73987 167418
/user/1 0.824646 0 1.64575 0 0 167435
/joint head 2 0.494256 0.256947 1.84929 167435
/joint neck 2 0.486632 0.368305 1.87405 167435
/joint l_shoulder 2 0.553935 0.379131 1.85369 167435
/joint l_elbow 2 0.65019 0.357351 1.70202 167451
/joint l_hand 2 0.687435 0.317504 1.50112 167451
/joint r_shoulder 2 0.419328 0.357479 1.89441 167451
/joint r_elbow 2 0.369816 0.510883 1.91365 167451
/joint r_hand 2 0.450873 0.517874 1.76458 167467
/joint torso 2 0.477669 0.479645 1.88875 167467
/joint l_hip 2 0.506897 0.597128 1.89189 167467
/joint l_knee 2 0.52814 0.813732 1.81205 167467
/joint r_hip 2 0.430516 0.584842 1.915 167483
/joint r_knee 2 0.451411 0.774455 1.73864 167483
/user/1 0.825257 0 1.64809 0 0 167483
/joint head 2 0.494731 0.256857 1.8509 167483
/joint neck 2 0.487175 0.368202 1.87485 167498
/joint l_shoulder 2 0.554596 0.378996 1.856 167498
/joint l_elbow 2 0.65322 0.357322 1.71391 167498
/joint l_hand 2 0.693791 0.319723 1.51687 167498
/joint r_shoulder 2 0.419754 0.357408 1.8937 167515
/joint r_elbow 2 0.371035 0.5103 1.90555 167515
/joint r_hand 2 0.45372 0.519228 1.76044 167515
/joint torso 2 0.478182 0.479539 1.88964 167515
/joint l_hip 2 0.50745 0.597 1.89374 167531
/joint l_knee 2 0.530492 0.812999 1.81222 167531
/joint r_hip 2 0.430928 0.584749 1.91513 167531
/joint r_knee 2 0.453605 0.77398 1.73872 167531
/user/1 0.825715 0 1.64831 0 0 167546
/joint head 2 0.495155 0.256718 1.85133 167546
/joint neck 2 0.48746 0.367706 1.87481 167546
/joint l_shoulder 2 0.554879 0.378643 1.85603 167546
/joint l_elbow 2 0.655324 0.356788 1.72338 167563
/joint l_hand 2 0.698125 0.320113 1.53082 167563
/joint r_shoulder 2 0.420042 0.356769 1.8936 167564
/joint r_elbow 2 0.371313 0.511036 1.90498 167564
/joint r_hand 2 0.453639 0.520255 1.75902 167580
/joint torso 2 0.478269 0.479064 1.88875 167580
/joint l_hip 2 0.507337 0.596628 1.89202 167580
/joint l_knee 2 0.529107 0.813154 1.81227 167580
/joint r_hip 2 0.43082 0.584216 1.91334 167597
/joint r_knee 2 0.453264 0.772309 1.73411 167597
/user/1 0.826203 0 1.64727 0 0 167597
/joint head 2 0.496048 0.255668 1.85115 167597
/joint neck 2 0.488037 0.366884 1.87498 167598
/joint l_shoulder 2 0.555528 0.377931 1.85742 167614
/joint l_elbow 2 0.656572 0.356778 1.73006 167614
/joint l_hand 2 0.701112 0.320018 1.53983 167614
/joint r_shoulder 2 0.420545 0.355837 1.89255 167614
/joint r_elbow 2 0.37065 0.51093 1.90482 167630
/joint r_hand 2 0.453318 0.519396 1.7595 167630
/joint torso 2 0.478636 0.478255 1.8881 167630
/joint l_hip 2 0.507539 0.595896 1.89126 167630
/joint l_knee 2 0.529953 0.813102 1.81655 167647
/joint r_hip 2 0.430933 0.583357 1.91119 167647
/joint r_knee 2 0.453541 0.771624 1.73245 167647
/user/1 0.827278 0 1.64879 0 0 167647
/joint head 2 0.496396 0.255468 1.85809 167663
/joint neck 2 0.488657 0.366895 1.87755 167663
/joint l_shoulder 2 0.556203 0.377494 1.86016 167663
/joint l_elbow 2 0.657389 0.357033 1.73299 167663
/joint l_hand 2 0.703045 0.319561 1.54527 167679
/joint r_shoulder 2 0.421112 0.356295 1.89493 167679
/joint r_elbow 2 0.370378 0.510693 1.90441 167679
/joint r_hand 2 0.453375 0.518496 1.75975 167679
/joint torso 2 0.479412 0.478432 1.88687 167695
/joint l_hip 2 0.508499 0.595984 1.88632 167695
/joint l_knee 2 0.530892 0.813361 1.81271 167695
/joint r_hip 2 0.431834 0.583954 1.90605 167695
/joint r_knee 2 0.454175 0.773078 1.72922 167712
/user/1 0.827187 0 1.64852 0 0 167712
/joint head 2 0.496764 0.25561 1.86078 167712
/joint neck 2 0.488787 0.366986 1.87834 167712
/joint l_shoulder 2 0.556303 0.377469 1.86034 167729
/joint l_elbow 2 0.657793 0.356904 1.73486 167729
/joint l_hand 2 0.704487 0.319725 1.54864 167729
/joint r_shoulder 2 0.421271 0.356503 1.89635 167729
/joint r_elbow 2 0.369667 0.510419 1.90476 167746
/joint r_hand 2 0.453074 0.516033 1.76084 167746
/joint torso 2 0.479539 0.478593 1.88584 167746
/joint l_hip 2 0.508608 0.596149 1.88312 167746
/joint l_knee 2 0.531059 0.814438 1.81593 167746
/joint r_hip 2 0.431975 0.58425 1.90355 167763
/joint r_knee 2 0.453426 0.775651 1.73187 167763
/user/1 0.827291 0 1.64919 0 0 167763
/joint head 2 0.496989 0.25557 1.86213 167763
/joint neck 2 0.488876 0.36711 1.87901 167780
/joint l_shoulder 2 0.556428 0.377584 1.86152 167780
/joint l_elbow 2 0.65528 0.356357 1.74141 167780
/joint l_hand 2 0.704795 0.321006 1.55457 167780
/joint r_shoulder 2 0.421325 0.356636 1.8965 167796
/joint r_elbow 2 0.370052 0.51015 1.90107 167796
/joint r_hand 2 0.45457 0.514835 1.7597 167796
/joint torso 2 0.479573 0.478741 1.8857 167796
/joint l_hip 2 0.508607 0.596317 1.88247 167813
/joint l_knee 2 0.532078 0.815245 1.82165 167813
/joint r_hip 2 0.431933 0.584428 1.90232 167813
/joint r_knee 2 0.453816 0.776767 1.73323 167813
/user/1 0.827031 0 1.64885 0 0 167830
/joint head 2 0.497529 0.2565 1.86357 167830
/joint neck 2 0.489158 0.368242 1.87917 167830
/joint l_shoulder 2 0.556787 0.378865 1.86321 167830
/joint l_elbow 2 0.653734 0.356251 1.74483 167830
/joint l_hand 2 0.705609 0.321063 1.55907 167847
/joint r_shoulder 2 0.421529 0.35762 1.89514 167847
/joint r_elbow 2 0.369438 0.509957 1.90318 167847
/joint r_hand 2 0.453784 0.513386 1.76131 167847
/joint torso 2 0.479631 0.479868 1.88486 167864
/joint l_hip 2 0.508487 0.597524 1.88149 167864
/joint l_knee 2 0.532674 0.816973 1.82628 167864
/joint r_hip 2 0.431721 0.585466 1.89961 167864
/joint r_knee 2 0.454727 0.777345 1.72994 167880
/user/1 0.826075 0 1.64357 0 0 167880
/joint head 2 0.498744 0.25568 1.86938 167880
/joint neck 2 0.4899 0.367689 1.88102 167880
/joint l_shoulder 2 0.557638 0.378128 1.86675 167896
/joint l_elbow 2 0.657345 0.353117 1.73648 167896
/joint l_hand 2 0.709894 0.313894 1.55267 167896
/joint r_shoulder 2 0.422163 0.357251 1.8953 167896
/joint r_elbow 2 0.369906 0.509547 1.9001 167912
/joint r_hand 2 0.454768 0.509831 1.75942 167912
/joint torso 2 0.480374 0.479352 1.88393 167912
/joint l_hip 2 0.509292 0.596939 1.87873 167912
/joint l_knee 2 0.534524 0.816724 1.82863 167928
/joint r_hip 2 0.432403 0.585091 1.89493 167928
/joint r_knee 2 0.456032 0.777838 1.72784 167928
/user/1 0.825552 0 1.64164 0 0 167928
/joint head 2 0.498061 0.257149 1.86643 167945
/joint neck 2 0.489787 0.369131 1.87955 167945
/joint l_shoulder 2 0.557715 0.379033 1.86894 167945
/joint l_elbow 2 0.65913 0.349224 1.72842 167945
/joint l_hand 2 0.711597 0.304863 1.54748 167945
/joint r_shoulder 2 0.421858 0.35923 1.89016 167961
/joint r_elbow 2 0.370114 0.510824 1.89947 167962
/joint r_hand 2 0.454491 0.507675 1.75776 167962
/joint torso 2 0.480797 0.480855 1.88392 167962
/joint l_hip 2 0.51037 0.5982 1.88228 167978
/joint l_knee 2 0.534729 0.818492 1.83558 167978
/joint r_hip 2 0.433244 0.586958 1.89432 167978
/joint r_knee 2 0.457359 0.782831 1.73591 167978
/user/1 0.826236 0 1.64139 0 0 167994
/joint head 2 0.498054 0.256493 1.87081 167994
/joint neck 2 0.490105 0.368659 1.88158 167994
/joint l_shoulder 2 0.558118 0.377848 1.8714 167994
/joint l_elbow 2 0.660034 0.34388 1.72163 168011
/joint l_hand 2 0.712258 0.293865 1.54185 168011
/joint r_shoulder 2 0.422091 0.35947 1.89177 168011
/joint r_elbow 2 0.369673 0.510668 1.90216 168011
/joint r_hand 2 0.453624 0.507724 1.75935 168028
/joint torso 2 0.481695 0.480487 1.88397 168028
/joint l_hip 2 0.511878 0.59753 1.88057 168028
/joint l_knee 2 0.535075 0.817559 1.82898 168028
/joint r_hip 2 0.434693 0.587102 1.89213 168045
/joint r_knee 2 0.457773 0.781375 1.72875 168045
/user/1 0.825980 0 1.64187 0 0 168045
/joint head 2 0.498471 0.255199 1.87301 168045
/joint neck 2 0.490677 0.367308 1.88285 168061
/joint l_shoulder 2 0.558719 0.376258 1.87271 168062
/joint l_elbow 2 0.659505 0.335996 1.72216 168062
/joint l_hand 2 0.713643 0.280503 1.54415 168062
/joint r_shoulder 2 0.422636 0.358358 1.893 168062
/joint r_elbow 2 0.370371 0.510803 1.89909 168078
/joint r_hand 2 0.454369 0.507038 1.7564 168078
/joint torso 2 0.482465 0.479176 1.88459 168078
/joint l_hip 2 0.512863 0.596123 1.88056 168078
/joint l_knee 2 0.533501 0.816537 1.82832 168094
/joint r_hip 2 0.435642 0.585966 1.89207 168094
/joint r_knee 2 0.457823 0.781509 1.73163 168094
/user/1 0.825761 0 1.64448 0 0 168094
/joint head 2 0.498751 0.255246 1.87486 168111
/joint neck 2 0.491305 0.366952 1.88444 168111
/joint l_shoulder 2 0.559391 0.375168 1.87403 168111
/joint l_elbow 2 0.658461 0.327369 1.72553 168111
/joint l_hand 2 0.713226 0.265111 1.54842 168129
/joint r_shoulder 2 0.423219 0.358735 1.89485 168129
/joint r_elbow 2 0.370124 0.510739 1.9018 168129
/joint r_hand 2 0.453594 0.507299 1.75785 168129
/joint torso 2 0.483823 0.478895 1.88753 168145
/joint l_hip 2 0.514981 0.595502 1.8847 168145
/joint l_knee 2 0.533865 0.815689 1.82785 168145
/joint r_hip 2 0.437703 0.586176 1.89651 168145
/joint r_knee 2 0.460054 0.781675 1.73604 168145
/user/1 0.825959 0 1.64369 0 0 168162
/joint head 2 0.499392 0.256259 1.8758 168162
/joint neck 2 0.492263 0.368048 1.88407 168162
/joint l_shoulder 2 0.560343 0.375859 1.87281 168162
/joint l_elbow 2 0.657547 0.317072 1.72995 168177
/joint l_hand 2 0.711731 0.248596 1.55465 168177
/joint r_shoulder 2 0.424183 0.360238 1.89533 168177
/joint r_elbow 2 0.369873 0.51161 1.90369 168177
/joint r_hand 2 0.452906 0.507138 1.75879 168194
/joint torso 2 0.485088 0.480043 1.88533 168194
/joint l_hip 2 0.51655 0.59647 1.8802 168194
/joint l_knee 2 0.532197 0.816356 1.81714 168194
/joint r_hip 2 0.439277 0.587605 1.89299 168211
/joint r_knee 2 0.457266 0.781867 1.72704 168211
/user/1 0.826260 0 1.64302 0 0 168211
/joint head 2 0.499762 0.256427 1.8755 168211
/joint neck 2 0.492867 0.368461 1.88354 168226
/joint l_shoulder 2 0.560932 0.376121 1.87165 168226
/joint l_elbow 2 0.657482 0.304629 1.73217 168226
/joint l_hand 2 0.711915 0.227956 1.55956 168226
/joint r_shoulder 2 0.424802 0.360802 1.89542 168243
/joint r_elbow 2 0.383177 0.507628 1.89796 168243
/joint r_hand 2 0.458908 0.503833 1.74212 168243
/joint torso 2 0.485788 0.480474 1.8838 168243
/joint l_hip 2 0.517336 0.596834 1.87731 168260
/joint l_knee 2 0.531568 0.817595 1.82005 168260
/joint r_hip 2 0.440081 0.588141 1.8908 168260
/joint r_knee 2 0.454747 0.785259 1.73124 168260
/user/1 0.826416 0 1.64412 0 0 168277
/joint head 2 0.500842 0.256018 1.87652 168277
/joint neck 2 0.494061 0.368134 1.88339 168277
/joint l_shoulder 2 0.562125 0.375796 1.87144 168277
/joint l_elbow 2 0.654522 0.29268 1.73836 168277
/joint l_hand 2 0.709849 0.20889 1.56857 168294
/joint r_shoulder 2 0.425997 0.360471 1.89533 168294
/joint r_elbow 2 0.392761 0.506679 1.89078 168294
/joint r_hand 2 0.46623 0.503814 1.73161 168294
/joint torso 2 0.486917 0.480137 1.88223 168312
/joint l_hip 2 0.5184 0.59649 1.87429 168312
/joint l_knee 2 0.531753 0.818207 1.82506 168312
/joint r_hip 2 0.441147 0.587792 1.88785 168312
/joint r_knee 2 0.453601 0.78645 1.73188 168328
/user/1 0.827283 0 1.64399 0 0 168328
/joint head 2 0.501171 0.256435 1.87624 168328
/joint neck 2 0.494355 0.368147 1.88275 168328
/joint l_shoulder 2 0.562432 0.375879 1.8712 168344
/joint l_elbow 2 0.652852 0.282543 1.74499 168344
/joint l_hand 2 0.707443 0.189262 1.57955 168344
/joint r_shoulder 2 0.426278 0.360416 1.89431 168344
/joint r_elbow 2 0.384521 0.507809 1.89499 168361
/joint r_hand 2 0.462431 0.504985 1.74212 168362
/joint torso 2 0.48715 0.480148 1.88158 168362
/joint l_hip 2 0.51858 0.596537 1.87385 168362
/joint l_knee 2 0.530475 0.819315 1.83499 168362
/joint r_hip 2 0.44131 0.587761 1.88697 168378
/joint r_knee 2 0.451692 0.789289 1.73887 168378
/user/1 0.827152 0 1.64303 0 0 168378
/joint head 2 0.501597 0.255323 1.8757 168378
/joint neck 2 0.495086 0.367245 1.883 168395
/joint l_shoulder 2 0.563146 0.375056 1.87115 168395
/joint l_elbow 2 0.650455 0.274613 1.7498 168395
/joint l_hand 2 0.704281 0.171545 1.59456 168395
/joint r_shoulder 2 0.427026 0.359434 1.89484 168412
/joint r_elbow 2 0.383881 0.512905 1.89392 168412
/joint r_hand 2 0.462744 0.504562 1.74213 168412
/joint torso 2 0.487807 0.47924 1.88188 168412
/joint l_hip 2 0.519154 0.595668 1.87405 168428
/joint l_knee 2 0.530963 0.818328 1.8336 168428
/joint r_hip 2 0.441903 0.586802 1.88749 168428
/joint r_knee 2 0.451322 0.787731 1.73732 168428
/user/1 0.824787 0 1.64501 0 0 168445
/joint head 2 0.501694 0.255551 1.87621 168445
/joint neck 2 0.495516 0.367069 1.88313 168445
/joint l_shoulder 2 0.563539 0.374847 1.87043 168445
/joint l_elbow 2 0.648274 0.267774 1.75496 168445
/joint l_hand 2 0.699132 0.157411 1.60569 168462
/joint r_shoulder 2 0.427494 0.359291 1.89582 168462
/joint r_elbow 2 0.382726 0.515103 1.9019 168462
/joint r_hand 2 0.460495 0.505155 1.74725 168462
/joint torso 2 0.488284 0.479072 1.88252 168479
/joint l_hip 2 0.519657 0.595489 1.8747 168479
/joint l_knee 2 0.530313 0.818392 1.83603 168479
/joint r_hip 2 0.442447 0.58666 1.88911 168479
/joint r_knee 2 0.447439 0.787658 1.7383 168496
/user/1 0.823807 0 1.64826 0 0 168497
/joint head 2 0.502267 0.255269 1.86983 168497
/joint neck 2 0.496054 0.366945 1.88108 168497
/joint l_shoulder 2 0.564 0.375148 1.86741 168512
/joint l_elbow 2 0.647775 0.26305 1.75911 168512
/joint l_hand 2 0.694836 0.146162 1.61347 168512
/joint r_shoulder 2 0.428109 0.358742 1.89475 168512
/joint r_elbow 2 0.382233 0.512501 1.90413 168529
/joint r_hand 2 0.45985 0.504907 1.74844 168529
/joint torso 2 0.488552 0.478896 1.88308 168529
/joint l_hip 2 0.519612 0.595501 1.87732 168529
/joint l_knee 2 0.529455 0.818378 1.83745 168545
/joint r_hip 2 0.442489 0.586191 1.89283 168545
/joint r_knee 2 0.446068 0.788441 1.74567 168545
/user/1 0.822883 0 1.64125 0 0 168546
/joint head 2 0.501768 0.254656 1.8725 168546
/joint neck 2 0.495596 0.365929 1.88238 168562
/joint l_shoulder 2 0.563454 0.374516 1.86757 168562
/joint l_elbow 2 0.649085 0.259392 1.75846 168562
/joint l_hand 2 0.693603 0.137439 1.61837 168562
/joint r_shoulder 2 0.427738 0.357341 1.89719 168579
/joint r_elbow 2 0.381941 0.511231 1.9052 168579
/joint r_hand 2 0.459303 0.504759 1.74864 168579
/joint torso 2 0.487754 0.477842 1.88466 168579
/joint l_hip 2 0.518424 0.594628 1.87854 168597
/joint l_knee 2 0.526542 0.817341 1.83521 168597
/joint r_hip 2 0.441401 0.584881 1.89535 168597
/joint r_knee 2 0.444803 0.784792 1.74115 168597
/user/1 0.823660 0 1.63296 0 0 168612
/joint head 2 0.502333 0.253908 1.87384 168612
/joint neck 2 0.495625 0.365452 1.88308 168612
/joint l_shoulder 2 0.563496 0.374488 1.86913 168612
/joint l_elbow 2 0.649742 0.258083 1.75541 168630
/joint l_hand 2 0.693102 0.133088 1.6185 168630
/joint r_shoulder 2 0.427754 0.356416 1.89702 168630
/joint r_elbow 2 0.382773 0.509335 1.90088 168630
/joint r_hand 2 0.461361 0.504894 1.74656 168630
/joint torso 2 0.487325 0.477314 1.88457 168645
/joint l_hip 2 0.517543 0.594303 1.87816 168645
/joint l_knee 2 0.5272 0.817055 1.83657 168645
/joint r_hip 2 0.440506 0.584047 1.89398 168662
/joint r_knee 2 0.445566 0.786138 1.74651 168662
/user/1 0.823460 0 1.62971 0 0 168662
/joint head 2 0.50248 0.254098 1.86864 168662
/joint neck 2 0.495509 0.365519 1.88095 168662
/joint l_shoulder 2 0.563449 0.375018 1.86944 168679
/joint l_elbow 2 0.651814 0.261864 1.75269 168679
/joint l_hand 2 0.692978 0.13447 1.61779 168679
/joint r_shoulder 2 0.427569 0.356019 1.89246 168679
/joint r_elbow 2 0.39255 0.503093 1.89848 168696
/joint r_hand 2 0.467389 0.504765 1.73844 168696
/joint torso 2 0.486875 0.477305 1.88467 168696
/joint l_hip 2 0.516803 0.594483 1.88185 168696
/joint l_knee 2 0.527321 0.817414 1.84338 168713
/joint r_hip 2 0.439677 0.5837 1.89492 168713
/joint r_knee 2 0.446269 0.788399 1.75603 168713
/user/1 0.824056 0 1.63063 0 0 168713
/joint head 2 0.502045 0.254625 1.86643 168731
/joint neck 2 0.495081 0.365815 1.8806 168731
/joint l_shoulder 2 0.563045 0.375222 1.86934 168731
/joint l_elbow 2 0.653054 0.270255 1.74861 168731
/joint l_hand 2 0.692903 0.142696 1.61381 168731
/joint r_shoulder 2 0.427116 0.356407 1.89187 168746
/joint r_elbow 2 0.387631 0.500115 1.90254 168746
/joint r_hand 2 0.464575 0.50521 1.74592 168746
/joint torso 2 0.486604 0.477592 1.88605 168746
/joint l_hip 2 0.516695 0.594707 1.88511 168763
/joint l_knee 2 0.527719 0.817213 1.84196 168763
/joint r_hip 2 0.439559 0.584031 1.8979 168763
/joint r_knee 2 0.447784 0.789442 1.76175 168763
/user/1 0.824655 0 1.62812 0 0 168780
/joint head 2 0.502048 0.256 1.86532 168780
/joint neck 2 0.494972 0.367093 1.88014 168780
/joint l_shoulder 2 0.562944 0.376424 1.86883 168780
/joint l_elbow 2 0.654064 0.283043 1.7446 168796
/joint l_hand 2 0.693896 0.161192 1.6016 168796
/joint r_shoulder 2 0.426999 0.357763 1.89145 168796
/joint r_elbow 2 0.385356 0.497982 1.9047 168796
/joint r_hand 2 0.463613 0.506728 1.75064 168813
/joint torso 2 0.486603 0.47887 1.88645 168813
/joint l_hip 2 0.516809 0.595942 1.88635 168813
/joint l_knee 2 0.527437 0.818344 1.84163 168813
/joint r_hip 2 0.439661 0.585352 1.89918 168830
/joint r_knee 2 0.44683 0.789673 1.75916 168830
/user/1 0.825889 0 1.62677 0 0 168830
/joint head 2 0.501735 0.25692 1.86476 168830
/joint neck 2 0.494371 0.368037 1.88026 168830
/joint l_shoulder 2 0.562351 0.377474 1.86929 168847
/joint l_elbow 2 0.65555 0.302204 1.73792 168847
/joint l_hand 2 0.694571 0.18333 1.59013 168847
/joint r_shoulder 2 0.426392 0.3586 1.89122 168847
/joint r_elbow 2 0.393657 0.495082 1.90232 168864
/joint r_hand 2 0.468743 0.509811 1.74555 168864
/joint torso 2 0.485921 0.479792 1.88711 168864
/joint l_hip 2 0.51605 0.596903 1.88774 168864
/joint l_knee 2 0.526213 0.819282 1.84232 168881
/joint r_hip 2 0.438892 0.586192 1.90018 168881
/joint r_knee 2 0.445679 0.79106 1.76189 168881
/user/1 0.826362 0 1.62614 0 0 168881
/joint head 2 0.502274 0.257566 1.85824 168881
/joint neck 2 0.494692 0.369176 1.8778 168897
/joint l_shoulder 2 0.562711 0.378931 1.86873 168897
/joint l_elbow 2 0.655691 0.326375 1.73379 168898
/joint l_hand 2 0.69539 0.216297 1.57736 168898
/joint r_shoulder 2 0.426674 0.359422 1.88686 168914
/joint r_elbow 2 0.384618 0.497572 1.90351 168914
/joint r_hand 2 0.463934 0.510148 1.7536 168914
/joint torso 2 0.486041 0.480754 1.88828 168914
/joint l_hip 2 0.515995 0.597868 1.89363 168930
/joint l_knee 2 0.526193 0.820506 1.8512 168930
/joint r_hip 2 0.438784 0.586795 1.90392 168930
/joint r_knee 2 0.446386 0.793204 1.77106 168930
/user/1 0.826234 0 1.62697 0 0 168947
/joint head 2 0.502735 0.258244 1.85459 168947
/joint neck 2 0.494582 0.36978 1.87692 168947
/joint l_shoulder 2 0.562655 0.379654 1.87041 168947
/joint l_elbow 2 0.654398 0.355384 1.73525 168964
/joint l_hand 2 0.692545 0.258599 1.56567 168964
/joint r_shoulder 2 0.426508 0.359906 1.88342 168964
/joint r_elbow 2 0.379295 0.496819 1.90837 168964
/joint r_hand 2 0.459229 0.509828 1.75881 168981
/joint torso 2 0.485784 0.481254 1.88939 168981
/joint l_hip 2 0.515625 0.598331 1.89816 168981
/joint l_knee 2 0.525351 0.820205 1.84715 168981
/joint r_hip 2 0.438349 0.587122 1.90554 168981
/joint r_knee 2 0.445842 0.793063 1.77103 168998
/user/1 0.826652 0 1.63057 0 0 168998
/joint head 2 0.502621 0.259391 1.85433 168998
/joint neck 2 0.494157 0.37131 1.87711 168998
/joint l_shoulder 2 0.562274 0.381219 1.87427 169015
/joint l_elbow 2 0.651998 0.386812 1.73676 169015
/joint l_hand 2 0.691218 0.310829 1.55424 169015
/joint r_shoulder 2 0.42604 0.361401 1.87995 169015
/joint r_elbow 2 0.378242 0.495611 1.90665 169031
/joint r_hand 2 0.458814 0.511987 1.75878 169031
/joint torso 2 0.485178 0.482728 1.89035 169031
/joint l_hip 2 0.514866 0.599772 1.90197 169031
/joint l_knee 2 0.524587 0.821444 1.84902 169048
/joint r_hip 2 0.437531 0.588522 1.90519 169048
/joint r_knee 2 0.445281 0.794767 1.7718 169048
/user/1 0.826375 0 1.62839 0 0 169048
/joint head 2 0.502511 0.260164 1.85264 169065
/joint neck 2 0.493824 0.372071 1.8772 169065
/joint l_shoulder 2 0.561971 0.381879 1.87653 169065
/joint l_elbow 2 0.651577 0.414507 1.74612 169065
/joint l_hand 2 0.686127 0.379328 1.54689 169065
/joint r_shoulder 2 0.425677 0.362264 1.87787 169082
/joint r_elbow 2 0.377512 0.494943 1.90546 169082
/joint r_hand 2 0.459443 0.513318 1.76091 169082
/joint torso 2 0.484849 0.483388 1.89225 169082
/joint l_hip 2 0.514546 0.60027 1.90691 169100
/joint l_knee 2 0.525968 0.820869 1.84586 169100
/joint r_hip 2 0.437204 0.589139 1.90767 169100
/joint r_knee 2 0.445306 0.796191 1.7772 169100
/user/1 0.825409 0 1.62402 0 0 169117
/joint head 2 0.502698 0.260479 1.85219 169117
/joint neck 2 0.49349 0.372549 1.87744 169117
/joint l_shoulder 2 0.561642 0.382284 1.87905 169117
/joint l_elbow 2 0.647272 0.442151 1.7504 169117
/joint l_hand 2 0.681363 0.44611 1.55286 169133
/joint r_shoulder 2 0.425339 0.362813 1.87582 169133
/joint r_elbow 2 0.37591 0.495647 1.90912 169133
/joint r_hand 2 0.458123 0.512951 1.76471 169149
/joint torso 2 0.484457 0.483843 1.89281 169149
/joint l_hip 2 0.514099 0.600661 1.90911 169149
/joint l_knee 2 0.525582 0.820273 1.84055 169149
/joint r_hip 2 0.436747 0.589612 1.90728 169149
/joint r_knee 2 0.44565 0.796822 1.77758 169165
/user/1 0.826542 0 1.62344 0 0 169165
/joint head 2 0.502822 0.260241 1.85157 169166
/joint neck 2 0.49324 0.372412 1.87727 169166
/joint l_shoulder 2 0.561339 0.382037 1.88259 169182
/joint l_elbow 2 0.641601 0.467693 1.75489 169182
/joint l_hand 2 0.679001 0.504537 1.56567 169182
/joint r_shoulder 2 0.425141 0.362786 1.87194 169182
/joint r_elbow 2 0.374906 0.497239 1.91202 169199
/joint r_hand 2 0.457128 0.514051 1.76739 169199
/joint torso 2 0.484086 0.483664 1.89307 169199
/joint l_hip 2 0.513587 0.600381 1.91191 169199
/joint l_knee 2 0.526112 0.819537 1.84085 169216
/joint r_hip 2 0.436275 0.589453 1.90586 169216
/joint r_knee 2 0.445368 0.798374 1.78255 169216
/user/1 0.827137 0 1.62231 0 0 169216
/joint head 2 0.503659 0.260352 1.85243 169233
/joint neck 2 0.493643 0.37274 1.87729 169233
/joint l_shoulder 2 0.561651 0.382418 1.88593 169233
/joint l_elbow 2 0.635063 0.489572 1.76221 169233
/joint l_hand 2 0.67666 0.552386 1.58511 169233
/joint r_shoulder 2 0.425635 0.363061 1.86865 169250
/joint r_elbow 2 0.376273 0.497542 1.90782 169250
/joint r_hand 2 0.458939 0.513282 1.7639 169250
/joint torso 2 0.484257 0.484003 1.89237 169250
/joint l_hip 2 0.513468 0.60076 1.91236 169267
/joint l_knee 2 0.525863 0.819687 1.83964 169267
/joint r_hip 2 0.436274 0.589774 1.90256 169267
/joint r_knee 2 0.44538 0.800206 1.78518 169267
/user/1 0.826957 0 1.62312 0 0 169284
/joint head 2 0.5037 0.261001 1.85208 169284
/joint neck 2 0.493606 0.373352 1.87642 169284
/joint l_shoulder 2 0.56152 0.383073 1.88771 169284
/joint l_elbow 2 0.629251 0.50963 1.76821 169301
/joint l_hand 2 0.674545 0.588605 1.59864 169301
/joint r_shoulder 2 0.425693 0.363631 1.86513 169301
/joint r_elbow 2 0.376023 0.496131 1.90588 169301
/joint r_hand 2 0.45892 0.513571 1.76293 169301
/joint torso 2 0.484026 0.484592 1.89143 169318
/joint l_hip 2 0.512985 0.601348 1.91285 169318
/joint l_knee 2 0.52475 0.81957 1.83511 169318
/joint r_hip 2 0.435907 0.590316 1.90003 169318
/joint r_knee 2 0.444139 0.803314 1.79329 169335
/user/1 0.826576 0 1.6291 0 0 169335
/joint head 2 0.504259 0.26049 1.85152 169335
/joint neck 2 0.493895 0.372727 1.87631 169335
/joint l_shoulder 2 0.561774 0.382498 1.88864 169352
/joint l_elbow 2 0.625173 0.521743 1.77708 169352
/joint l_hand 2 0.672282 0.612291 1.61139 169352
/joint r_shoulder 2 0.426017 0.362956 1.86398 169352
/joint r_elbow 2 0.375252 0.496367 1.91041 169369
/joint r_hand 2 0.457069 0.512468 1.76467 169369
/joint torso 2 0.48421 0.483955 1.89126 169369
/joint l_hip 2 0.51304 0.600728 1.9132 169369
/joint l_knee 2 0.52562 0.818875 1.83551 169369
/joint r_hip 2 0.43601 0.58964 1.89922 169386
/joint r_knee 2 0.444483 0.803923 1.79851 169386
/user/1 0.825194 0 1.62897 0 0 169386
/joint head 2 0.504487 0.25973 1.85125 169386
/joint neck 2 0.493913 0.371941 1.876 169403
/joint l_shoulder 2 0.561766 0.381861 1.8888 169403
/joint l_elbow 2 0.622942 0.527543 1.78505 169403
/joint l_hand 2 0.670192 0.624134 1.6157 169403
/joint r_shoulder 2 0.42606 0.362022 1.8632 169420
/joint r_elbow 2 0.374412 0.496466 1.91159 169420
/joint r_hand 2 0.456002 0.511887 1.76513 169420
/joint torso 2 0.484074 0.483161 1.8907 169420
/joint l_hip 2 0.512739 0.60001 1.91266 169437
/joint l_knee 2 0.524968 0.817963 1.83353 169437
/joint r_hip 2 0.435732 0.588752 1.89813 169437
/joint r_knee 2 0.442526 0.804351 1.80341 169437
/user/1 0.825272 0 1.62859 0 0 169437
/joint head 2 0.505409 0.259298 1.85149 169454
/joint neck 2 0.494657 0.370568 1.87685 169454
/joint l_shoulder 2 0.562516 0.38072 1.8892 169454
/joint l_elbow 2 0.622024 0.530707 1.78743 169454
/joint l_hand 2 0.669538 0.62929 1.61652 169471
/joint r_shoulder 2 0.426798 0.360417 1.8645 169471
/joint r_elbow 2 0.374122 0.496357 1.91217 169471
/joint r_hand 2 0.45529 0.510732 1.76453 169471
/joint torso 2 0.48463 0.481756 1.89158 169488
/joint l_hip 2 0.513112 0.598705 1.91332 169488
/joint l_knee 2 0.525887 0.81738 1.83917 169488
/joint r_hip 2 0.436094 0.587183 1.8993 169488
/joint r_knee 2 0.442822 0.80286 1.80496 169505
/user/1 0.825408 0 1.62859 0 0 169505
/joint head 2 0.506114 0.258413 1.85748 169505
/joint neck 2 0.494945 0.369872 1.87971 169505
/joint l_shoulder 2 0.562737 0.380257 1.89307 169505
/joint l_elbow 2 0.623126 0.527329 1.78747 169522
/joint l_hand 2 0.669053 0.62486 1.61206 169522
/joint r_shoulder 2 0.427153 0.359486 1.86636 169522
/joint r_elbow 2 0.37462 0.496464 1.90591 169522
/joint r_hand 2 0.456668 0.511284 1.76034 169539
/joint torso 2 0.48476 0.481162 1.89179 169539
/joint l_hip 2 0.513048 0.598347 1.91144 169539
/joint l_knee 2 0.524959 0.816778 1.83513 169539
/joint r_hip 2 0.436102 0.586559 1.89628 169556
/joint r_knee 2 0.442346 0.801413 1.79768 169556
/user/1 0.826231 0 1.63037 0 0 169556
/joint head 2 0.505411 0.259474 1.85421 169556
/joint neck 2 0.494452 0.37138 1.87865 169573
/joint l_shoulder 2 0.562187 0.381639 1.89329 169573
/joint l_elbow 2 0.622496 0.523303 1.78866 169573
/joint l_hand 2 0.668491 0.61508 1.60647 169573
/joint r_shoulder 2 0.426716 0.361121 1.86401 169573
/joint r_elbow 2 0.374527 0.497919 1.90262 169590
/joint r_hand 2 0.456958 0.51026 1.75742 169590
/joint torso 2 0.484232 0.482577 1.89245 169590
/joint l_hip 2 0.512455 0.599597 1.91456 169590
/joint l_knee 2 0.523947 0.818349 1.84008 169607
/joint r_hip 2 0.435571 0.587952 1.89794 169607
/joint r_knee 2 0.441476 0.803576 1.80311 169607
/user/1 0.827295 0 1.63228 0 0 169607
/joint head 2 0.505561 0.259058 1.85884 169624
/joint neck 2 0.494294 0.371447 1.88032 169624
/joint l_shoulder 2 0.561938 0.382406 1.89551 169624
/joint l_elbow 2 0.624532 0.516078 1.78536 169624
/joint l_hand 2 0.671404 0.602404 1.5983 169641
/joint r_shoulder 2 0.42665 0.360488 1.86513 169641
/joint r_elbow 2 0.373147 0.499981 1.90478 169641
/joint r_hand 2 0.455651 0.509909 1.75934 169641
/joint torso 2 0.483524 0.48267 1.8916 169641
/joint l_hip 2 0.511145 0.600112 1.9115 169658
/joint l_knee 2 0.523339 0.817508 1.82897 169658
/joint r_hip 2 0.434366 0.587673 1.89426 169658
/joint r_knee 2 0.441174 0.80272 1.79677 169658
/user/1 0.828856 0 1.63487 0 0 169675
/joint head 2 0.505228 0.257463 1.86701 169675
/joint neck 2 0.494064 0.369395 1.88391 169675
/joint l_shoulder 2 0.561731 0.380806 1.89786 169675
/joint l_elbow 2 0.626709 0.509349 1.78331 169692
/joint l_hand 2 0.671303 0.588636 1.58695 169692
/joint r_shoulder 2 0.426397 0.357984 1.86996 169692
/joint r_elbow 2 0.37326 0.501999 1.90057 169692
/joint r_hand 2 0.456968 0.508342 1.75754 169709
/joint torso 2 0.48312 0.480712 1.89138 169709
/joint l_hip 2 0.510579 0.598505 1.90678 169709
/joint l_knee 2 0.52642 0.816588 1.83109 169709
/joint r_hip 2 0.433772 0.585553 1.89094 169709
/joint r_knee 2 0.443754 0.800234 1.79272 169726
/user/1 0.827680 0 1.63385 0 0 169726
/joint head 2 0.50453 0.258326 1.86562 169726
/joint neck 2 0.493266 0.370344 1.88367 169726
/joint l_shoulder 2 0.561035 0.381739 1.89538 169743
/joint l_elbow 2 0.627418 0.503633 1.78071 169743
/joint l_hand 2 0.67075 0.573323 1.57704 169743
/joint r_shoulder 2 0.425497 0.358949 1.87196 169743
/joint r_elbow 2 0.371638 0.503369 1.90441 169760
/joint r_hand 2 0.45525 0.507329 1.76092 169760
/joint torso 2 0.482407 0.481693 1.89123 169760
/joint l_hip 2 0.510013 0.59951 1.90544 169760
/joint l_knee 2 0.526128 0.818436 1.83569 169777
/joint r_hip 2 0.433085 0.586574 1.89215 169777
/joint r_knee 2 0.444239 0.802027 1.79834 169777
/user/1 0.828208 0 1.63653 0 0 169777
/joint head 2 0.502864 0.25903 1.86572 169777
/joint neck 2 0.491747 0.37156 1.88337 169794
/joint l_shoulder 2 0.559567 0.383223 1.89312 169794
/joint l_elbow 2 0.629331 0.499996 1.77942 169794
/joint l_hand 2 0.67051 0.558109 1.56545 169794
/joint r_shoulder 2 0.423927 0.359897 1.87363 169811
/joint r_elbow 2 0.383083 0.499598 1.8944 169811
/joint r_hand 2 0.462706 0.504787 1.74692 169811
/joint torso 2 0.48073 0.482912 1.89019 169811
/joint l_hip 2 0.508204 0.600882 1.90254 169828
/joint l_knee 2 0.525617 0.819853 1.83437 169828
/joint r_hip 2 0.431223 0.587644 1.89148 169828
/joint r_knee 2 0.444686 0.801546 1.79113 169828
/user/1 0.828012 0 1.63776 0 0 169845
/joint head 2 0.502145 0.259466 1.86458 169845
/joint neck 2 0.491179 0.372059 1.88248 169845
/joint l_shoulder 2 0.559006 0.383859 1.89183 169845
/joint l_elbow 2 0.631468 0.494797 1.77757 169845
/joint l_hand 2 0.667817 0.538424 1.55975 169862
/joint r_shoulder 2 0.423352 0.360259 1.87314 169862
/joint r_elbow 2 0.389594 0.499013 1.88705 169862
/joint r_hand 2 0.467949 0.503766 1.73832 169862
/joint torso 2 0.480041 0.483388 1.88954 169879
/joint l_hip 2 0.507393 0.601413 1.9019 169879
/joint l_knee 2 0.527725 0.820447 1.83753 169879
/joint r_hip 2 0.430413 0.588021 1.8913 169879
/joint r_knee 2 0.447746 0.801504 1.79131 169896
/user/1 0.827671 0 1.64014 0 0 169896
/joint head 2 0.501934 0.257656 1.87026 169896
/joint neck 2 0.491457 0.370161 1.88469 169896
/joint l_shoulder 2 0.559363 0.381663 1.89238 169913
/joint l_elbow 2 0.634474 0.490636 1.77706 169913
/joint l_hand 2 0.665645 0.522721 1.55676 169913
/joint r_shoulder 2 0.423551 0.358659 1.87701 169913
/joint r_elbow 2 0.393031 0.498975 1.88376 169913
/joint r_hand 2 0.47076 0.503278 1.73322 169929
/joint torso 2 0.480723 0.48161 1.8888 169929
/joint l_hip 2 0.508527 0.599588 1.89726 169929
/joint l_knee 2 0.531135 0.818523 1.83521 169929
/joint r_hip 2 0.431449 0.586532 1.88853 169946
/joint r_knee 2 0.45203 0.798306 1.78299 169946
/user/1 0.827495 0 1.64002 0 0 169946
/joint head 2 0.500115 0.256896 1.87388 169946
/joint neck 2 0.490347 0.369311 1.8867 169963
/joint l_shoulder 2 0.558348 0.380324 1.892 169963
/joint l_elbow 2 0.638908 0.484126 1.7807 169963
/joint l_hand 2 0.660568 0.505358 1.5568 169963
/joint r_shoulder 2 0.422345 0.358297 1.8814 169980
/joint r_elbow 2 0.38151 0.503164 1.89398 169980
/joint r_hand 2 0.461694 0.503261 1.74578 169980
/joint torso 2 0.480136 0.480872 1.88916 169980
/joint l_hip 2 0.508521 0.598684 1.89464 169997
/joint l_knee 2 0.52915 0.818576 1.83765 169997
/joint r_hip 2 0.431328 0.586182 1.88862 169997
/joint r_knee 2 0.451034 0.798489 1.78483 169997
/user/1 0.827484 0 1.64105 0 0 169997
/joint head 2 0.499032 0.255497 1.88078 170014
/joint neck 2 0.490228 0.367879 1.89033 170014
/joint l_shoulder 2 0.558334 0.377852 1.89503 170014
/joint l_elbow 2 0.638982 0.476178 1.78331 170014
/joint l_hand 2 0.655555 0.489773 1.55927 170031
/joint r_shoulder 2 0.422122 0.357906 1.88564 170031
/joint r_elbow 2 0.375163 0.505509 1.90241 170031
/joint r_hand 2 0.455779 0.503423 1.75362 170031
/joint torso 2 0.481015 0.479601 1.89094 170048
/joint l_hip 2 0.510453 0.596981 1.89421 170048
/joint l_knee 2 0.531432 0.816917 1.83812 170048
/joint r_hip 2 0.433152 0.585662 1.88888 170048
/joint r_knee 2 0.453364 0.796789 1.78017 170065
/user/1 0.827286 0 1.64025 0 0 170065
/joint head 2 0.498086 0.255573 1.88384 170065
/joint neck 2 0.489753 0.368145 1.89173 170065
/joint l_shoulder 2 0.557867 0.377663 1.89794 170065
/joint l_elbow 2 0.639611 0.471158 1.78424 170082
/joint l_hand 2 0.651964 0.47895 1.56039 170082
/joint r_shoulder 2 0.421639 0.358627 1.88552 170082
/joint r_elbow 2 0.372174 0.507188 1.90662 170082
/joint r_hand 2 0.45304 0.503865 1.75763 170099
/joint torso 2 0.48098 0.479937 1.89111 170099
/joint l_hip 2 0.510862 0.59713 1.89402 170099
/joint l_knee 2 0.528343 0.817454 1.83658 170099
/joint r_hip 2 0.433552 0.586327 1.88697 170116
/joint r_knee 2 0.448956 0.79823 1.77852 170116
/user/1 0.826925 0 1.64299 0 0 170116
/joint head 2 0.498001 0.255024 1.8799 170116
/joint neck 2 0.489846 0.367805 1.8908 170132
/joint l_shoulder 2 0.557976 0.376849 1.89796 170132
/joint l_elbow 2 0.640113 0.467091 1.78627 170132
/joint l_hand 2 0.64647 0.467196 1.56673 170132
/joint r_shoulder 2 0.421716 0.358762 1.88363 170149
/joint r_elbow 2 0.371318 0.508833 1.90719 170149
/joint r_hand 2 0.452399 0.504068 1.75836 170149
/joint torso 2 0.48146 0.479646 1.89215 170149
/joint l_hip 2 0.511737 0.596619 1.89756 170149
/joint l_knee 2 0.528967 0.816649 1.83734 170166
/joint r_hip 2 0.43441 0.586355 1.88943 170166
/joint r_knee 2 0.449798 0.797438 1.77742 170166
/user/1 0.826942 0 1.64381 0 0 170166
/joint head 2 0.497152 0.253426 1.87792 170183
/joint neck 2 0.489366 0.366856 1.89041 170183
/joint l_shoulder 2 0.557494 0.375597 1.89852 170183
/joint l_elbow 2 0.639975 0.463754 1.79118 170183
/joint l_hand 2 0.639357 0.461429 1.57368 170200
/joint r_shoulder 2 0.421239 0.358114 1.8823 170200
/joint r_elbow 2 0.371561 0.511287 1.9053 170200
/joint r_hand 2 0.453357 0.504701 1.75802 170200
/joint torso 2 0.481219 0.478725 1.89287 170217
/joint l_hip 2 0.511734 0.595555 1.89994 170217
/joint l_knee 2 0.528251 0.814583 1.83129 170217
/joint r_hip 2 0.434409 0.585634 1.89073 170217
/joint r_knee 2 0.448159 0.795269 1.77196 170217
/user/1 0.826964 0 1.64424 0 0 170234
/joint head 2 0.496371 0.253302 1.87733 170234
/joint neck 2 0.488844 0.366474 1.89065 170234
/joint l_shoulder 2 0.556944 0.375041 1.90002 170234
/joint l_elbow 2 0.63561 0.466513 1.79989 170251
/joint l_hand 2 0.632776 0.45626 1.58342 170251
/joint r_shoulder 2 0.420744 0.357907 1.88128 170251
/joint r_elbow 2 0.37304 0.515392 1.90403 170251
/joint r_hand 2 0.454406 0.504549 1.75637 170268
/joint torso 2 0.480819 0.478357 1.89379 170268
/joint l_hip 2 0.511443 0.595101 1.90224 170268
/joint l_knee 2 0.528511 0.813087 1.82699 170268
/joint r_hip 2 0.434146 0.585377 1.89161 170285
/joint r_knee 2 0.448702 0.793856 1.76872 170285
/user/1 0.826614 0 1.64436 0 0 170285
/joint head 2 0.495259 0.254737 1.8786 170285
/joint neck 2 0.487635 0.367815 1.89042 170285
/joint l_shoulder 2 0.555752 0.376824 1.89811 170302
/joint l_elbow 2 0.629522 0.471541 1.80893 170302
/joint l_hand 2 0.62625 0.457465 1.59435 170302
/joint r_shoulder 2 0.419517 0.358806 1.88274 170302
/joint r_elbow 2 0.375158 0.513121 1.90337 170319
/joint r_hand 2 0.456909 0.504925 1.75611 170319
/joint torso 2 0.479247 0.47966 1.8928 170319
/joint l_hip 2 0.50952 0.596618 1.89953 170319
/joint l_knee 2 0.525643 0.81366 1.81761 170336
/joint r_hip 2 0.4322 0.586392 1.89081 170336
/joint r_knee 2 0.446806 0.794405 1.76618 170336
/user/1 0.826585 0 1.64493 0 0 170336
/joint head 2 0.493904 0.254641 1.87845 170353
/joint neck 2 0.486637 0.367914 1.89001 170353
/joint l_shoulder 2 0.554782 0.376867 1.89694 170353
/joint l_elbow 2 0.627846 0.47353 1.82047 170353
/joint l_hand 2 0.621076 0.463163 1.60535 170353
/joint r_shoulder 2 0.418491 0.358961 1.88308 170370
/joint r_elbow 2 0.377466 0.514638 1.90485 170370
/joint r_hand 2 0.45703 0.503897 1.75331 170370
/joint torso 2 0.478314 0.479772 1.8922 170370
/joint l_hip 2 0.508664 0.596711 1.89832 170387
/joint l_knee 2 0.528059 0.813477 1.81759 170387
/joint r_hip 2 0.43132 0.586549 1.89045 170387
/joint r_knee 2 0.449659 0.794195 1.76641 170387
/user/1 0.826579 0 1.64537 0 0 170404
/joint head 2 0.493545 0.254371 1.87719 170404
/joint neck 2 0.486602 0.36764 1.88931 170404
/joint l_shoulder 2 0.554771 0.376236 1.89641 170404
/joint l_elbow 2 0.623096 0.486496 1.83054 170421
/joint l_hand 2 0.614855 0.479204 1.61477 170421
/joint r_shoulder 2 0.418433 0.359045 1.88221 170421
/joint r_elbow 2 0.37978 0.51843 1.90682 170421
/joint r_hand 2 0.457168 0.502718 1.75194 170421
/joint torso 2 0.478596 0.479535 1.892 170438
/joint l_hip 2 0.509277 0.596307 1.89871 170438
/joint l_knee 2 0.528938 0.813147 1.81869 170438
/joint r_hip 2 0.431904 0.586551 1.89065 170438
/joint r_knee 2 0.451481 0.793979 1.76655 170455
/user/1 0.825553 0 1.64514 0 0 170455
/joint head 2 0.492725 0.254712 1.87735 170455
/joint neck 2 0.48634 0.368033 1.88941 170455
/joint l_shoulder 2 0.554556 0.375976 1.89642 170471
/joint l_elbow 2 0.618964 0.500793 1.843 170471
/joint l_hand 2 0.608921 0.496726 1.62661 170471
/joint r_shoulder 2 0.418124 0.360091 1.8824 170471
/joint r_elbow 2 0.380629 0.520626 1.91185 170488
/joint r_hand 2 0.457049 0.501321 1.75586 170488
/joint torso 2 0.478932 0.479997 1.89231 170488
/joint l_hip 2 0.510239 0.596468 1.89919 170488
/joint l_knee 2 0.528672 0.813073 1.81662 170505
/joint r_hip 2 0.432811 0.587452 1.89124 170505
/joint r_knee 2 0.452772 0.79481 1.76711 170505
/user/1 0.826051 0 1.64641 0 0 170505
/joint head 2 0.491374 0.255243 1.87821 170505
/joint neck 2 0.485574 0.368304 1.88955 170522
/joint l_shoulder 2 0.553866 0.375686 1.89414 170522
/joint l_elbow 2 0.612409 0.511595 1.85664 170522
/joint l_hand 2 0.601892 0.521318 1.64077 170522
/joint r_shoulder 2 0.417281 0.360922 1.88496 170538
/joint r_elbow 2 0.381229 0.522365 1.91322 170538
/joint r_hand 2 0.457482 0.499248 1.75802 170538
/joint torso 2 0.478718 0.480333 1.89213 170538
/joint l_hip 2 0.510626 0.596552 1.89732 170555
/joint l_knee 2 0.528472 0.813803 1.81811 170555
/joint r_hip 2 0.4331 0.588172 1.89211 170555
/joint r_knee 2 0.450984 0.796084 1.76881 170555
/user/1 0.824698 0 1.64037 0 0 170572
/joint head 2 0.490595 0.255062 1.87708 170572
/joint neck 2 0.485023 0.368177 1.8886 170572
/joint l_shoulder 2 0.553351 0.375367 1.89009 170572
/joint l_elbow 2 0.604445 0.521945 1.86386 170589
/joint l_hand 2 0.592853 0.553509 1.65406 170589
/joint r_shoulder 2 0.416696 0.360988 1.8871 170589
/joint r_elbow 2 0.381427 0.524973 1.91743 170589
/joint r_hand 2 0.456656 0.498646 1.76136 170589
/joint torso 2 0.478379 0.480234 1.89084 170606
/joint l_hip 2 0.510518 0.596371 1.89393 170606
/joint l_knee 2 0.528296 0.813935 1.81662 170606
/joint r_hip 2 0.432951 0.58821 1.89224 170606
/joint r_knee 2 0.45131 0.795269 1.76602 170623
/user/1 0.824761 0 1.64009 0 0 170623
/joint head 2 0.48995 0.255193 1.87653 170623
/joint neck 2 0.486279 0.368728 1.88854 170623
/joint l_shoulder 2 0.554712 0.373323 1.89067 170639
/joint l_elbow 2 0.599487 0.526076 1.87178 170639
/joint l_hand 2 0.585726 0.5837 1.67629 170639
/joint r_shoulder 2 0.417846 0.364134 1.88642 170639
/joint r_elbow 2 0.381807 0.527763 1.92122 170656
/joint r_hand 2 0.45579 0.499256 1.76358 170656
/joint torso 2 0.482025 0.480949 1.89061 170656
/joint l_hip 2 0.516617 0.595778 1.89388 170656
/joint l_knee 2 0.534786 0.813721 1.81939 170656
/joint r_hip 2 0.438924 0.590562 1.89147 170673
/joint r_knee 2 0.456522 0.798373 1.76762 170673
/user/1 0.824900 0 1.64077 0 0 170673
/joint head 2 0.489985 0.254788 1.87622 170673
/joint neck 2 0.487057 0.368278 1.88864 170690
/joint l_shoulder 2 0.555546 0.371595 1.88871 170690
/joint l_elbow 2 0.5933 0.532565 1.87924 170690
/joint l_hand 2 0.578444 0.61121 1.69893 170690
/joint r_shoulder 2 0.418568 0.364961 1.88857 170707
/joint r_elbow 2 0.381351 0.52841 1.92431 170707
/joint r_hand 2 0.456139 0.501681 1.76743 170707
/joint torso 2 0.483997 0.48057 1.89159 170707
/joint l_hip 2 0.519802 0.594744 1.89458 170724
/joint l_knee 2 0.530184 0.813498 1.81947 170724
/joint r_hip 2 0.442071 0.590979 1.8945 170724
/joint r_knee 2 0.447652 0.80019 1.77147 170724
/user/1 0.824192 0 1.63914 0 0 170740
/joint head 2 0.489848 0.254873 1.87648 170740
/joint neck 2 0.487367 0.368259 1.88831 170740
/joint l_shoulder 2 0.555886 0.370946 1.8888 170740
/joint l_elbow 2 0.589028 0.538152 1.88376 170740
/joint l_hand 2 0.571388 0.634155 1.71987 170757
/joint r_shoulder 2 0.418847 0.365572 1.88782 170757
/joint r_elbow 2 0.381738 0.528627 1.92182 170757
/joint r_hand 2 0.457194 0.503736 1.76552 170757
/joint torso 2 0.484884 0.480593 1.89115 170774
/joint l_hip 2 0.521278 0.594451 1.89427 170774
/joint l_knee 2 0.527396 0.813891 1.82183 170774
/joint r_hip 2 0.443523 0.591402 1.89372 170774
/joint r_knee 2 0.443291 0.799844 1.76728 170791
/user/1 0.824282 0 1.64061 0 0 170791
/joint head 2 0.489452 0.255735 1.87701 170791
/joint neck 2 0.487198 0.369213 1.88794 170791
/joint l_shoulder 2 0.555731 0.37171 1.88791 170808
/joint l_elbow 2 0.586783 0.529834 1.89735 170808
/joint l_hand 2 0.568144 0.639835 1.75176 170808
/joint r_shoulder 2 0.418665 0.366715 1.88798 170808
/joint r_elbow 2 0.381736 0.529695 1.923 170808
/joint r_hand 2 0.457466 0.505433 1.76697 170825
/joint torso 2 0.484895 0.48157 1.8898 170825
/joint l_hip 2 0.521481 0.595346 1.89164 170825
/joint l_knee 2 0.524875 0.814678 1.81777 170825
/joint r_hip 2 0.443703 0.592511 1.89168 170842
/joint r_knee 2 0.439953 0.800736 1.76467 170842
/user/1 0.823075 0 1.63846 0 0 170842
/joint head 2 0.489536 0.256525 1.87062 170842
/joint neck 2 0.486978 0.370089 1.8846 170859
/joint l_shoulder 2 0.555515 0.372501 1.88545 170859
/joint l_elbow 2 0.583877 0.525757 1.90772 170859
/joint l_hand 2 0.566329 0.644999 1.77553 170859
/joint r_shoulder 2 0.418441 0.367678 1.88375 170875
/joint r_elbow 2 0.381662 0.530355 1.92359 170875
/joint r_hand 2 0.457546 0.505876 1.76791 170875
/joint torso 2 0.484743 0.482432 1.88816 170875
/joint l_hip 2 0.521403 0.596143 1.8922 170892
/joint l_knee 2 0.524497 0.816042 1.82216 170892
/joint r_hip 2 0.443614 0.593406 1.89123 170892
/joint r_knee 2 0.439453 0.802667 1.76817 170892
/user/1 0.822549 0 1.63537 0 0 170909
/joint head 2 0.489261 0.257317 1.86783 170909
/joint neck 2 0.487262 0.370854 1.88352 170909
/joint l_shoulder 2 0.55576 0.372769 1.88768 170909
/joint l_elbow 2 0.582577 0.523583 1.91701 170909
/joint l_hand 2 0.564342 0.648153 1.79404 170926
/joint r_shoulder 2 0.418765 0.368938 1.87937 170926
/joint r_elbow 2 0.382478 0.53086 1.9195 170926
/joint r_hand 2 0.458736 0.505803 1.76475 170926
/joint torso 2 0.485425 0.483194 1.88815 170943
/joint l_hip 2 0.522472 0.596622 1.89514 170943
/joint l_knee 2 0.525293 0.816145 1.82246 170943
/joint r_hip 2 0.444704 0.594447 1.89043 170943
/joint r_knee 2 0.440267 0.803229 1.76557 170960
/user/1 0.822653 0 1.63593 0 0 170960
/joint head 2 0.489739 0.256896 1.8715 170961
/joint neck 2 0.48765 0.370385 1.88456 170961
/joint l_shoulder 2 0.556114 0.372484 1.89066 170961
/joint l_elbow 2 0.581317 0.523416 1.92039 170977
/joint l_hand 2 0.562072 0.651482 1.80471 170977
/joint r_shoulder 2 0.419187 0.368286 1.87846 170977
/joint r_elbow 2 0.382662 0.53032 1.91696 170977
/joint r_hand 2 0.460271 0.506098 1.76466 170994
/joint torso 2 0.485646 0.482744 1.88753 170994
/joint l_hip 2 0.522494 0.596295 1.89397 170994
/joint l_knee 2 0.524293 0.815445 1.81867 170994
/joint r_hip 2 0.444791 0.593913 1.88705 171011
/joint r_knee 2 0.438459 0.803095 1.76405 171011
/user/1 0.822544 0 1.63672 0 0 171011
/joint head 2 0.489947 0.256743 1.87335 171011
/joint neck 2 0.488151 0.370403 1.88571 171028
/joint l_shoulder 2 0.556366 0.372174 1.89776 171028
/joint l_elbow 2 0.580149 0.523878 1.92186 171028
/joint l_hand 2 0.56091 0.654292 1.81111 171028
/joint r_shoulder 2 0.419936 0.368632 1.87365 171044
/joint r_elbow 2 0.382215 0.528947 1.91853 171044
/joint r_hand 2 0.460335 0.507379 1.7664 171044
/joint torso 2 0.486386 0.482776 1.88851 171044
/joint l_hip 2 0.523366 0.596155 1.89815 171060
/joint l_knee 2 0.524939 0.816002 1.82755 171060
/joint r_hip 2 0.445876 0.594143 1.88446 171060
/joint r_knee 2 0.439547 0.803809 1.76333 171060
/user/1 0.822753 0 1.63655 0 0 171060
/joint head 2 0.489887 0.256493 1.87424 171077
/joint neck 2 0.487943 0.37017 1.88636 171077
/joint l_shoulder 2 0.556176 0.371993 1.89882 171077
/joint l_elbow 2 0.580086 0.523749 1.92247 171077
/joint l_hand 2 0.56115 0.655439 1.81425 171094
/joint r_shoulder 2 0.41971 0.368347 1.87389 171094
/joint r_elbow 2 0.382056 0.52753 1.91885 171094
/joint r_hand 2 0.460779 0.509924 1.76689 171094
/joint torso 2 0.486106 0.482539 1.88961 171111
/joint l_hip 2 0.522971 0.595941 1.89992 171111
/joint l_knee 2 0.52443 0.815802 1.82941 171111
/joint r_hip 2 0.445565 0.593873 1.88579 171111
/joint r_knee 2 0.436849 0.804327 1.76838 171128
/user/1 0.822658 0 1.63561 0 0 171128
/joint head 2 0.48994 0.255387 1.8751 171128
/joint neck 2 0.4881 0.368834 1.88763 171128
/joint l_shoulder 2 0.556198 0.370271 1.90292 171128
/joint l_elbow 2 0.580537 0.522903 1.92331 171146
/joint l_hand 2 0.562503 0.655197 1.81576 171146
/joint r_shoulder 2 0.420002 0.367397 1.87234 171146
/joint r_elbow 2 0.382126 0.529358 1.91991 171146
/joint r_hand 2 0.460697 0.511117 1.76774 171162
/joint torso 2 0.486571 0.481208 1.89111 171162
/joint l_hip 2 0.524168 0.594408 1.90337 171162
/joint l_knee 2 0.52603 0.816051 1.84683 171162
/joint l_foot 2 0.52603 1.03224 1.84683 171179
/joint r_hip 2 0.445916 0.592757 1.8858 171179
/joint r_knee 2 0.437713 0.801427 1.76129 171179
/user/1 0.822866 0 1.63755 0 0 171179
/joint head 2 0.490026 0.255263 1.87514 171195
/joint neck 2 0.488445 0.368667 1.88793 171195
/joint l_shoulder 2 0.556512 0.36991 1.90407 171195
/joint l_elbow 2 0.580117 0.52185 1.9217 171195
/joint l_hand 2 0.564594 0.656342 1.81889 171212
/joint r_shoulder 2 0.420378 0.367424 1.87178 171212
/joint r_elbow 2 0.382224 0.52911 1.91808 171212
/joint r_hand 2 0.461589 0.511162 1.76745 171212
/joint torso 2 0.487084 0.481046 1.89141 171227
/joint l_hip 2 0.524721 0.594137 1.90414 171228
/joint l_knee 2 0.526655 0.816927 1.85888 171228
/joint l_foot 2 0.526655 1.03312 1.85888 171228
/joint r_hip 2 0.446726 0.592713 1.88564 171245
/joint r_knee 2 0.437183 0.801159 1.76068 171245
/user/1 0.823276 0 1.63699 0 0 171245
/joint head 2 0.489994 0.25643 1.87594 171245
/joint neck 2 0.488378 0.369847 1.88775 171245
/joint l_shoulder 2 0.55635 0.37136 1.90545 171261
/joint l_elbow 2 0.579936 0.522105 1.9204 171261
/joint l_hand 2 0.565591 0.656842 1.8174 171261
/joint r_shoulder 2 0.420407 0.368334 1.87005 171261
/joint r_elbow 2 0.38275 0.529371 1.91407 171278
/joint r_hand 2 0.463121 0.512136 1.7654 171278
/joint torso 2 0.486797 0.48223 1.89043 171278
/joint l_hip 2 0.523513 0.595465 1.90309 171278
/joint l_knee 2 0.525343 0.818991 1.86688 171295
/joint l_foot 2 0.525343 1.03518 1.86688 171295
/joint r_hip 2 0.446917 0.59376 1.88315 171295
/joint r_knee 2 0.435973 0.802694 1.76049 171295
/user/1 0.823560 0 1.63784 0 0 171312
/joint head 2 0.489819 0.256645 1.87558 171312
/joint neck 2 0.488087 0.370128 1.88751 171312
/joint l_shoulder 2 0.556044 0.371753 1.90552 171312
/joint l_elbow 2 0.580434 0.522839 1.91877 171329
/joint l_hand 2 0.567842 0.657662 1.81504 171329
/joint r_shoulder 2 0.42013 0.368504 1.86951 171329
/joint r_elbow 2 0.383295 0.530298 1.91288 171329
/joint r_hand 2 0.463356 0.51168 1.76391 171329
/joint torso 2 0.486424 0.482514 1.88981 171344
/joint l_hip 2 0.523185 0.595817 1.90228 171344
/joint l_knee 2 0.527493 0.814223 1.82265 171344
/joint r_hip 2 0.446337 0.593981 1.88193 171344
/joint r_knee 2 0.436145 0.804258 1.76428 171362
/user/1 0.823608 0 1.63886 0 0 171362
/joint head 2 0.48954 0.256572 1.87577 171362
/joint neck 2 0.488054 0.370045 1.88796 171362
/joint l_shoulder 2 0.555955 0.371556 1.90685 171377
/joint l_elbow 2 0.582403 0.534074 1.9094 171377
/joint l_hand 2 0.568037 0.669215 1.80114 171377
/joint r_shoulder 2 0.420154 0.368534 1.86907 171377
/joint r_elbow 2 0.382621 0.53107 1.92028 171394
/joint r_hand 2 0.460888 0.511032 1.76801 171394
/joint torso 2 0.486499 0.482435 1.8901 171394
/joint l_hip 2 0.523408 0.595681 1.90294 171394
/joint l_knee 2 0.526412 0.814474 1.82548 171411
/joint r_hip 2 0.44648 0.59397 1.88154 171411
/joint r_knee 2 0.43716 0.8052 1.7675 171411
/user/1 0.823656 0 1.63948 0 0 171411
/joint head 2 0.489479 0.256298 1.87546 171427
/joint neck 2 0.487829 0.369964 1.88785 171427
/joint l_shoulder 2 0.555769 0.371309 1.90622 171427
/joint l_elbow 2 0.581433 0.546199 1.89843 171427
/joint l_hand 2 0.567456 0.687606 1.79234 171443
/joint r_shoulder 2 0.41989 0.368619 1.86948 171443
/joint r_elbow 2 0.382489 0.530878 1.91999 171443
/joint r_hand 2 0.460621 0.511577 1.76718 171443
/joint torso 2 0.48641 0.482354 1.89034 171459
/joint l_hip 2 0.523511 0.595507 1.90324 171459
/joint l_knee 2 0.525431 0.813878 1.82302 171459
/joint r_hip 2 0.446469 0.593982 1.8824 171459
/joint r_knee 2 0.436829 0.804678 1.76627 171474
/user/1 0.823597 0 1.63978 0 0 171475
/joint head 2 0.489712 0.256152 1.87571 171475
/joint neck 2 0.488225 0.370075 1.88817 171475
/joint l_shoulder 2 0.556085 0.371183 1.90771 171491
/joint l_elbow 2 0.580949 0.548619 1.89493 171491
/joint l_hand 2 0.57058 0.693106 1.78679 171491
/joint r_shoulder 2 0.420366 0.368967 1.86863 171491
/joint r_elbow 2 0.382887 0.530896 1.91607 171508
/joint r_hand 2 0.462025 0.511771 1.76529 171508
/joint torso 2 0.487008 0.482469 1.89074 171508
/joint l_hip 2 0.524285 0.595491 1.9044 171508
/joint l_knee 2 0.523987 0.813465 1.8217 171508
/joint r_hip 2 0.447295 0.594234 1.88223 171525
/joint r_knee 2 0.437074 0.804636 1.7651 171526
/user/1 0.823466 0 1.6398 0 0 171526
/joint head 2 0.489724 0.256239 1.87544 171526
/joint neck 2 0.488457 0.369914 1.88802 171542
/joint l_shoulder 2 0.556253 0.370935 1.90844 171542
/joint l_elbow 2 0.579925 0.55009 1.89083 171542
/joint l_hand 2 0.573477 0.696782 1.78463 171542
/joint r_shoulder 2 0.42066 0.368893 1.8676 171559
/joint r_elbow 2 0.38189 0.532014 1.9261 171559
/joint r_hand 2 0.459125 0.513481 1.77133 171559
/joint torso 2 0.487304 0.482308 1.89069 171559
/joint l_hip 2 0.524618 0.595282 1.90494 171576
/joint l_knee 2 0.521034 0.81278 1.81976 171576
/joint r_hip 2 0.447684 0.594123 1.88177 171576
/joint r_knee 2 0.435696 0.805591 1.76973 171576
/user/1 0.823295 0 1.63986 0 0 171592
/joint head 2 0.489925 0.256681 1.87569 171592
/joint neck 2 0.488479 0.370386 1.88769 171592
/joint l_shoulder 2 0.556078 0.371762 1.91043 171592
/joint l_elbow 2 0.579809 0.552387 1.88761 171592
/joint l_hand 2 0.575775 0.703695 1.78629 171609
/joint r_shoulder 2 0.420881 0.36901 1.86495 171609
/joint r_elbow 2 0.382093 0.530455 1.91936 171609
/joint r_hand 2 0.460668 0.512262 1.76721 171609
/joint torso 2 0.487026 0.482779 1.88967 171625
/joint l_hip 2 0.523937 0.595953 1.90456 171625
/joint l_knee 2 0.521019 0.813088 1.81723 171625
/joint r_hip 2 0.447208 0.594391 1.87875 171625
/joint r_knee 2 0.434598 0.80548 1.76538 171642
/user/1 0.823821 0 1.64193 0 0 171643
/joint head 2 0.4899 0.255999 1.87543 171643
/joint neck 2 0.488303 0.369454 1.88785 171643
/joint l_shoulder 2 0.556027 0.370592 1.9091 171659
/joint l_elbow 2 0.582289 0.553274 1.88871 171659
/joint l_hand 2 0.578203 0.704886 1.78525 171659
/joint r_shoulder 2 0.420578 0.368316 1.86661 171659
/joint r_elbow 2 0.381657 0.530126 1.92104 171676
/joint r_hand 2 0.460062 0.511441 1.76861 171676
/joint torso 2 0.487024 0.481843 1.8906 171676
/joint l_hip 2 0.524178 0.594878 1.90541 171676
/joint l_knee 2 0.522745 0.812124 1.81855 171693
/joint r_hip 2 0.447314 0.593586 1.8813 171693
/joint r_knee 2 0.435787 0.805312 1.77017 171693
/user/1 0.824278 0 1.64419 0 0 171693
/joint head 2 0.489934 0.256001 1.8753 171693
/joint neck 2 0.488206 0.36954 1.88765 171710
/joint l_shoulder 2 0.555864 0.370602 1.90978 171710
/joint l_elbow 2 0.581377 0.552418 1.8889 171710
/joint l_hand 2 0.579472 0.704856 1.78588 171710
/joint r_shoulder 2 0.420547 0.368477 1.86553 171725
/joint r_elbow 2 0.381454 0.528998 1.92075 171725
/joint r_hand 2 0.459955 0.513416 1.76778 171725
/joint torso 2 0.486982 0.48193 1.89048 171725
/joint l_hip 2 0.524153 0.594923 1.90585 171742
/joint l_knee 2 0.52162 0.81218 1.81916 171743
/joint r_hip 2 0.447364 0.593717 1.88074 171743
/joint r_knee 2 0.435132 0.805118 1.76853 171743
/user/1 0.824574 0 1.64642 0 0 171760
/joint head 2 0.489639 0.256241 1.86937 171760
/joint neck 2 0.488166 0.369788 1.88555 171760
/joint l_shoulder 2 0.555848 0.370492 1.90746 171760
/joint l_elbow 2 0.580728 0.551728 1.88937 171775
/joint l_hand 2 0.578707 0.704472 1.78823 171775
/joint r_shoulder 2 0.420485 0.369084 1.86364 171775
/joint r_elbow 2 0.3814 0.527902 1.92006 171775
/joint r_hand 2 0.460318 0.515409 1.76733 171792
/joint torso 2 0.487034 0.48211 1.89142 171792
/joint l_hip 2 0.524311 0.594831 1.90972 171792
/joint l_knee 2 0.521168 0.811979 1.82249 171792
/joint r_hip 2 0.447493 0.594032 1.88486 171792
/joint r_knee 2 0.435609 0.804655 1.76925 171809
/user/1 0.824361 0 1.64692 0 0 171809
/joint head 2 0.489408 0.25612 1.87228 171809
/joint neck 2 0.48784 0.369876 1.88674 171809
/joint l_shoulder 2 0.555668 0.370977 1.90663 171826
/joint l_elbow 2 0.582547 0.553214 1.88805 171826
/joint l_hand 2 0.578779 0.708551 1.79446 171826
/joint r_shoulder 2 0.420012 0.368774 1.86685 171826
/joint r_elbow 2 0.381434 0.527103 1.91942 171844
/joint r_hand 2 0.460523 0.516677 1.76667 171844
/joint torso 2 0.486486 0.482227 1.89122 171844
/joint l_hip 2 0.523629 0.595203 1.90699 171844
/joint l_knee 2 0.520117 0.810574 1.8104 171859
/joint r_hip 2 0.446634 0.593953 1.88441 171859
/joint r_knee 2 0.434024 0.803263 1.76385 171859
/user/1 0.824339 0 1.64767 0 0 171859
/joint head 2 0.48957 0.256359 1.86824 171876
/joint neck 2 0.487648 0.370225 1.88469 171876
/joint l_shoulder 2 0.555464 0.371426 1.9048 171876
/joint l_elbow 2 0.581705 0.555515 1.88815 171876
/joint l_hand 2 0.578368 0.710937 1.79088 171876
/joint r_shoulder 2 0.419832 0.369025 1.86458 171894
/joint r_elbow 2 0.381205 0.528747 1.92181 171894
/joint r_hand 2 0.45871 0.51515 1.76648 171894
/joint torso 2 0.486121 0.482557 1.89019 171894
/joint l_hip 2 0.523079 0.59557 1.90711 171910
/joint l_knee 2 0.521355 0.811974 1.81567 171910
/joint r_hip 2 0.44611 0.594207 1.88429 171910
/joint r_knee 2 0.435594 0.803456 1.7627 171910
/user/1 0.824736 0 1.64929 0 0 171927
/joint head 2 0.489922 0.25608 1.87171 171927
/joint neck 2 0.487914 0.369816 1.88619 171927
/joint l_shoulder 2 0.555624 0.371233 1.90763 171927
/joint l_elbow 2 0.580309 0.556921 1.88706 171943
/joint l_hand 2 0.574846 0.712159 1.79155 171943
/joint r_shoulder 2 0.420203 0.368399 1.86475 171944
/joint r_elbow 2 0.381839 0.529657 1.91779 171944
/joint r_hand 2 0.459741 0.514242 1.76358 171960
/joint torso 2 0.486285 0.482175 1.89005 171960
/joint l_hip 2 0.523084 0.595338 1.90608 171960
/joint l_knee 2 0.522264 0.811357 1.81256 171960
/joint r_hip 2 0.446228 0.593729 1.88175 171960
/joint r_knee 2 0.436958 0.803491 1.76175 171977
/user/1 0.824810 0 1.649 0 0 171978
/joint head 2 0.490009 0.256315 1.86758 171978
/joint neck 2 0.488037 0.369899 1.88446 171978
/joint l_shoulder 2 0.55568 0.37124 1.90677 171995
/joint l_elbow 2 0.58273 0.557369 1.88688 171995
/joint l_hand 2 0.572119 0.712051 1.78805 171995
/joint r_shoulder 2 0.420395 0.368558 1.86215 171995
/joint r_elbow 2 0.381426 0.53083 1.92161 172011
/joint r_hand 2 0.458862 0.513311 1.76694 172011
/joint torso 2 0.486357 0.482234 1.88966 172011
/joint l_hip 2 0.523064 0.59533 1.90752 172011
/joint l_knee 2 0.521557 0.811209 1.8133 172026
/joint r_hip 2 0.446288 0.593808 1.88219 172026
/joint r_knee 2 0.436759 0.805331 1.76945 172027
/user/1 0.824833 0 1.64899 0 0 172027
/joint head 2 0.489698 0.256904 1.86549 172043
/joint neck 2 0.487833 0.370506 1.88332 172043
/joint l_shoulder 2 0.555496 0.37169 1.90542 172043
/joint l_elbow 2 0.581596 0.560188 1.88442 172043
/joint l_hand 2 0.57097 0.715296 1.79211 172060
/joint r_shoulder 2 0.420169 0.369323 1.86121 172060
/joint r_elbow 2 0.381103 0.531272 1.9236 172060
/joint r_hand 2 0.458021 0.514484 1.76769 172060
/joint torso 2 0.48626 0.482836 1.88904 172060
/joint l_hip 2 0.523088 0.595838 1.90731 172077
/joint l_knee 2 0.521823 0.810776 1.80836 172077
/joint r_hip 2 0.446288 0.594495 1.88222 172077
/joint r_knee 2 0.436705 0.805855 1.76881 172077
/user/1 0.824811 0 1.64957 0 0 172094
/joint head 2 0.489893 0.256956 1.86487 172094
/joint neck 2 0.488209 0.37035 1.8828 172094
/joint l_shoulder 2 0.555811 0.371262 1.90567 172094
/joint l_elbow 2 0.582395 0.56108 1.8848 172111
/joint l_hand 2 0.56854 0.715724 1.79138 172111
/joint r_shoulder 2 0.420607 0.369439 1.85993 172111
/joint r_elbow 2 0.381516 0.532203 1.92446 172111
/joint r_hand 2 0.458138 0.515293 1.76797 172128
/joint torso 2 0.486871 0.482687 1.88856 172128
/joint l_hip 2 0.523898 0.595541 1.90729 172128
/joint l_knee 2 0.523229 0.81003 1.80615 172128
/joint r_hip 2 0.447166 0.594506 1.88133 172128
/joint r_knee 2 0.437577 0.805522 1.76649 172145
/user/1 0.824625 0 1.64967 0 0 172145
/joint head 2 0.489781 0.256133 1.87003 172145
/joint neck 2 0.488279 0.369636 1.88568 172145
/joint l_shoulder 2 0.555828 0.370395 1.90918 172162
/joint l_elbow 2 0.582799 0.561787 1.88538 172162
/joint l_hand 2 0.567691 0.715595 1.78915 172162
/joint r_shoulder 2 0.42073 0.368876 1.86217 172162
/joint r_elbow 2 0.382243 0.531639 1.92005 172179
/joint r_hand 2 0.459629 0.515485 1.76489 172179
/joint torso 2 0.487192 0.482002 1.89 172179
/joint l_hip 2 0.52444 0.594801 1.90767 172179
/joint l_knee 2 0.523601 0.809821 1.80911 172194
/joint r_hip 2 0.447769 0.593938 1.88099 172194
/joint r_knee 2 0.43657 0.803809 1.76208 172194
/user/1 0.824789 0 1.65024 0 0 172194
/joint head 2 0.489785 0.25688 1.87262 172211
/joint neck 2 0.487843 0.370251 1.88635 172211
/joint l_shoulder 2 0.555654 0.37165 1.90619 172211
/joint l_elbow 2 0.581235 0.562151 1.88685 172211
/joint l_hand 2 0.566758 0.715256 1.78957 172228
/joint r_shoulder 2 0.420031 0.368852 1.86651 172228
/joint r_elbow 2 0.381617 0.531646 1.92268 172228
/joint r_hand 2 0.458655 0.513972 1.7672 172228
/joint torso 2 0.486309 0.482625 1.88949 172228
/joint l_hip 2 0.523274 0.595793 1.90389 172244
/joint l_knee 2 0.52088 0.811499 1.80886 172244
/joint r_hip 2 0.446277 0.594205 1.88136 172244
/joint r_knee 2 0.434376 0.80395 1.76223 172244
/user/1 0.824810 0 1.65083 0 0 172261
/joint head 2 0.489559 0.256328 1.8739 172261
/joint neck 2 0.487202 0.369652 1.88744 172261
/joint l_shoulder 2 0.555187 0.371449 1.90467 172261
/joint l_elbow 2 0.580658 0.545106 1.89888 172278
/joint l_hand 2 0.567984 0.694757 1.79956 172278
/joint r_shoulder 2 0.419218 0.367855 1.8702 172278
/joint r_elbow 2 0.3817 0.531836 1.92416 172278
/joint r_hand 2 0.458396 0.514729 1.76785 172294
/joint torso 2 0.485338 0.482021 1.89049 172294
/joint l_hip 2 0.522056 0.595409 1.90333 172294
/joint l_knee 2 0.521061 0.811511 1.81024 172294
/joint r_hip 2 0.444891 0.593369 1.88377 172311
/joint r_knee 2 0.436565 0.802554 1.76125 172311
/user/1 0.824935 0 1.65075 0 0 172311
/joint head 2 0.489583 0.256005 1.87452 172311
/joint neck 2 0.487211 0.369386 1.88749 172328
/joint l_shoulder 2 0.555193 0.371288 1.90494 172328
/joint l_elbow 2 0.579394 0.535391 1.9048 172328
/joint l_hand 2 0.568361 0.682243 1.80084 172328
/joint r_shoulder 2 0.419228 0.367484 1.87004 172328
/joint r_elbow 2 0.38176 0.532098 1.92506 172346
/joint r_hand 2 0.457789 0.514351 1.76761 172346
/joint torso 2 0.485238 0.481752 1.89067 172346
/joint l_hip 2 0.52184 0.595197 1.90375 172346
/joint l_knee 2 0.522414 0.811585 1.81216 172362
/joint r_hip 2 0.444692 0.593039 1.88395 172362
/joint r_knee 2 0.438655 0.80061 1.7549 172362
/user/1 0.824909 0 1.65102 0 0 172362
/joint head 2 0.489743 0.255578 1.87485 172378
/joint neck 2 0.487824 0.368834 1.88807 172378
/joint l_shoulder 2 0.555607 0.370648 1.9083 172378
/joint l_elbow 2 0.578911 0.529941 1.90949 172378
/joint l_hand 2 0.568853 0.675749 1.80422 172393
/joint r_shoulder 2 0.42004 0.367021 1.86784 172393
/joint r_elbow 2 0.382439 0.531601 1.92025 172393
/joint r_hand 2 0.459407 0.513767 1.76468 172393
/joint torso 2 0.485903 0.481204 1.89114 172410
/joint l_hip 2 0.52285 0.594614 1.90581 172410
/joint l_knee 2 0.524078 0.814025 1.83219 172410
/joint l_foot 2 0.524078 1.03022 1.83219 172410
/joint r_hip 2 0.445116 0.592535 1.88261 172427
/joint r_knee 2 0.439371 0.801434 1.75842 172427
/user/1 0.825042 0 1.64963 0 0 172427
/joint head 2 0.49042 0.255939 1.8758 172427
/joint neck 2 0.488492 0.369116 1.88829 172444
/joint l_shoulder 2 0.55617 0.37096 1.90996 172444
/joint l_elbow 2 0.577509 0.528464 1.90865 172444
/joint l_hand 2 0.567937 0.673716 1.80263 172444
/joint r_shoulder 2 0.420813 0.367273 1.86662 172460
/joint r_elbow 2 0.381449 0.532296 1.92951 172460
/joint r_hand 2 0.45685 0.513755 1.77111 172460
/joint torso 2 0.486601 0.481496 1.8904 172460
/joint l_hip 2 0.523432 0.59493 1.9049 172460
/joint l_knee 2 0.524908 0.816287 1.84585 172477
/joint l_foot 2 0.524908 1.03248 1.84585 172477
/joint r_hip 2 0.445988 0.592821 1.88011 172477
/joint r_knee 2 0.438533 0.802524 1.75937 172477
/user/1 0.825249 0 1.65041 0 0 172494
/joint head 2 0.49059 0.256208 1.86962 172494
/joint neck 2 0.488509 0.36965 1.8859 172494
/joint l_shoulder 2 0.556168 0.371169 1.90795 172494
/joint l_elbow 2 0.576888 0.528609 1.90724 172510
/joint l_hand 2 0.567645 0.673776 1.80141 172510
/joint r_shoulder 2 0.420851 0.368131 1.86385 172510
/joint r_elbow 2 0.382146 0.531187 1.92212 172510
/joint r_hand 2 0.458977 0.512817 1.76647 172527
/joint torso 2 0.48671 0.481986 1.89058 172527
/joint l_hip 2 0.523527 0.595189 1.90784 172527
/joint l_knee 2 0.525022 0.817796 1.86053 172527
/joint l_foot 2 0.525022 1.03399 1.86053 172544
/joint r_hip 2 0.446293 0.593455 1.88266 172544
/joint r_knee 2 0.437065 0.804378 1.76732 172544
/user/1 0.825391 0 1.6501 0 0 172544
/joint head 2 0.49078 0.253954 1.87277 172544
/joint neck 2 0.488763 0.367411 1.88855 172560
/joint l_shoulder 2 0.556419 0.369069 1.91067 172560
/joint l_elbow 2 0.578161 0.527145 1.91079 172560
/joint l_hand 2 0.566557 0.671599 1.80409 172560
/joint r_shoulder 2 0.421107 0.365754 1.86644 172577
/joint r_elbow 2 0.381909 0.530884 1.92327 172577
/joint r_hand 2 0.458979 0.514121 1.76766 172577
/joint torso 2 0.486826 0.479749 1.8933 172577
/joint l_hip 2 0.523407 0.593031 1.91064 172594
/joint l_knee 2 0.524805 0.81644 1.87277 172594
/joint l_foot 2 0.524805 1.03263 1.87277 172594
/joint r_hip 2 0.446372 0.591143 1.88546 172594
/joint r_knee 2 0.436752 0.800872 1.76545 172611
/user/1 0.825843 0 1.65106 0 0 172611
/joint head 2 0.490007 0.254089 1.86889 172611
/joint neck 2 0.488115 0.367642 1.88674 172611
/joint l_shoulder 2 0.555905 0.368873 1.90716 172628
/joint l_elbow 2 0.577177 0.526091 1.90927 172628
/joint l_hand 2 0.566109 0.670878 1.80346 172628
/joint r_shoulder 2 0.420325 0.366411 1.86632 172628
/joint r_elbow 2 0.381861 0.530939 1.92378 172645
/joint r_hand 2 0.459489 0.516205 1.76881 172645
/joint torso 2 0.486442 0.479928 1.89373 172645
/joint l_hip 2 0.523289 0.592914 1.91233 172645
/joint l_knee 2 0.524536 0.816837 1.88202 172645
/joint l_foot 2 0.524536 1.03303 1.88202 172662
/joint r_hip 2 0.446249 0.591515 1.88912 172662
/joint r_knee 2 0.4366 0.799734 1.76334 172662
/user/1 0.826115 0 1.65234 0 0 172662
/joint head 2 0.489833 0.253534 1.87203 172677
/joint neck 2 0.488003 0.366845 1.88852 172677
/joint l_shoulder 2 0.555698 0.368137 1.91017 172677
/joint l_elbow 2 0.576626 0.526111 1.9082 172677
/joint l_hand 2 0.565171 0.671133 1.80333 172694
/joint r_shoulder 2 0.420308 0.365554 1.86688 172695
/joint r_elbow 2 0.382278 0.530534 1.91931 172695
/joint r_hand 2 0.461351 0.518575 1.76682 172695
/joint torso 2 0.486275 0.479148 1.89507 172711
/joint l_hip 2 0.522884 0.592183 1.91387 172711
/joint l_knee 2 0.523964 0.816436 1.88963 172711
/joint l_foot 2 0.523964 1.03263 1.88963 172711
/joint r_hip 2 0.446209 0.59072 1.88935 172728
/joint r_knee 2 0.436709 0.797147 1.75704 172728
/user/1 0.825718 0 1.65164 0 0 172728
/joint head 2 0.490193 0.253516 1.8736 172728
/joint neck 2 0.488291 0.36669 1.88943 172728
/joint l_shoulder 2 0.555735 0.367882 1.91389 172745
/joint l_elbow 2 0.57791 0.523709 1.9117 172745
/joint l_hand 2 0.565075 0.668065 1.80546 172745
/joint r_shoulder 2 0.420847 0.365497 1.86497 172745
/joint r_elbow 2 0.382496 0.530226 1.91721 172762
/joint r_hand 2 0.462549 0.520501 1.7664 172762
/joint torso 2 0.486597 0.479003 1.89579 172762
/joint l_hip 2 0.523374 0.591995 1.91611 172762
/joint l_knee 2 0.52429 0.816459 1.89672 172778
/joint l_foot 2 0.52429 1.03265 1.89672 172778
/joint r_hip 2 0.446433 0.590635 1.8882 172778
/joint r_knee 2 0.437236 0.797008 1.75561 172778
/user/1 0.822264 0 1.64462 0 0 172795
/joint head 2 0.490862 0.255038 1.86852 172795
/joint neck 2 0.488914 0.368741 1.88678 172795
/joint l_shoulder 2 0.556356 0.369742 1.91138 172795
/joint l_elbow 2 0.577748 0.524157 1.91072 172812
/joint l_hand 2 0.564848 0.668625 1.80484 172812
/joint r_shoulder 2 0.421472 0.367741 1.86217 172812
/joint r_elbow 2 0.382128 0.530798 1.921 172812
/joint r_hand 2 0.461165 0.520754 1.76808 172812
/joint torso 2 0.487238 0.481 1.89489 172829
/joint l_hip 2 0.523929 0.593828 1.917 172829
/joint l_knee 2 0.528763 0.81031 1.82642 172829
/joint r_hip 2 0.447193 0.59269 1.889 172829
/joint r_knee 2 0.437385 0.79971 1.75889 172846
/user/1 0.823601 0 1.64138 0 0 172846
/joint head 2 0.490816 0.256282 1.86052 172846
/joint neck 2 0.488822 0.369682 1.88432 172846
/joint l_shoulder 2 0.556214 0.369953 1.90953 172863
/joint l_elbow 2 0.577819 0.526045 1.90891 172863
/joint l_hand 2 0.564973 0.670328 1.80244 172863
/joint r_shoulder 2 0.421429 0.369412 1.85912 172863
/joint r_elbow 2 0.381975 0.531085 1.92287 172880
/joint r_hand 2 0.460925 0.522227 1.76957 172880
/joint torso 2 0.48745 0.481769 1.89629 172880
/joint l_hip 2 0.524372 0.594009 1.92258 172880
/joint l_knee 2 0.525877 0.809823 1.82803 172895
/joint r_hip 2 0.447782 0.593701 1.89393 172895
/joint r_knee 2 0.436761 0.79893 1.75796 172895
/user/1 0.824147 0 1.64002 0 0 172895
/joint head 2 0.490673 0.256847 1.86239 172912
/joint neck 2 0.488694 0.370218 1.88475 172912
/joint l_shoulder 2 0.556134 0.370999 1.90944 172912
/joint l_elbow 2 0.578522 0.52522 1.90971 172912
/joint l_hand 2 0.565621 0.669324 1.80271 172928
/joint r_shoulder 2 0.421255 0.369437 1.86005 172928
/joint r_elbow 2 0.381824 0.53122 1.92395 172928
/joint r_hand 2 0.46099 0.524184 1.77088 172928
/joint torso 2 0.486969 0.482359 1.8956 172928
/joint l_hip 2 0.522833 0.594937 1.92023 172945
/joint l_knee 2 0.524638 0.813981 1.84424 172945
/joint l_foot 2 0.524825 1.03017 1.84567 172945
/joint r_hip 2 0.447655 0.594066 1.8927 172945
/joint r_knee 2 0.436243 0.796199 1.74678 172962
/user/1 0.825024 0 1.64253 0 0 172962
/joint head 2 0.4902 0.256046 1.86333 172962
/joint neck 2 0.488476 0.369973 1.88492 172962
/joint l_shoulder 2 0.555919 0.370832 1.9096 172979
/joint l_elbow 2 0.578889 0.52524 1.91106 172979
/joint l_hand 2 0.566156 0.669553 1.80462 172979
/joint r_shoulder 2 0.421032 0.369113 1.86024 172979
/joint r_elbow 2 0.381762 0.531492 1.92462 172996
/joint r_hand 2 0.460986 0.524524 1.77164 172996
/joint torso 2 0.486758 0.48216 1.8949 172996
/joint l_hip 2 0.522973 0.59483 1.91876 172996
/joint l_knee 2 0.522666 0.80897 1.81597 172996
/joint r_hip 2 0.44711 0.593864 1.891 173013
/joint r_knee 2 0.436246 0.796139 1.74536 173013
/user/1 0.825452 0 1.65774 0 0 173013
/joint head 2 0.489589 0.256282 1.86926 173013
/joint neck 2 0.488532 0.370477 1.88679 173030
/joint l_shoulder 2 0.556046 0.37125 1.91069 173030
/joint l_elbow 2 0.578944 0.526075 1.91328 173030
/joint l_hand 2 0.565499 0.668677 1.80224 173030
/joint r_shoulder 2 0.421018 0.369704 1.86288 173047
/joint r_elbow 2 0.381252 0.532012 1.93079 173047
/joint r_hand 2 0.459179 0.524105 1.77531 173047
/joint torso 2 0.487231 0.482768 1.89332 173047
/joint l_hip 2 0.524392 0.595499 1.91347 173064
/joint l_knee 2 0.52481 0.813465 1.83072 173064
/joint l_foot 2 0.524394 1.02965 1.82844 173064
/joint r_hip 2 0.447467 0.594618 1.88623 173064
/joint r_knee 2 0.437298 0.798596 1.74583 173064
/user/1 0.823428 0 1.66053 0 0 173081
/joint head 2 0.489629 0.254775 1.87222 173081
/joint neck 2 0.488715 0.367765 1.88899 173081
/joint l_shoulder 2 0.55627 0.36805 1.91245 173081
/joint l_elbow 2 0.57847 0.526968 1.91061 173098
/joint l_hand 2 0.566701 0.669406 1.79833 173098
/joint r_shoulder 2 0.42116 0.367481 1.86553 173098
/joint r_elbow 2 0.381569 0.532406 1.92875 173098
/joint r_hand 2 0.458844 0.522172 1.77229 173115
/joint torso 2 0.487906 0.480085 1.89524 173115
/joint l_hip 2 0.525506 0.592566 1.91483 173115
/joint l_knee 2 0.525917 0.807778 1.81721 173115
/joint r_hip 2 0.448688 0.592242 1.88816 173130
/joint r_knee 2 0.436505 0.799608 1.76011 173130
/user/1 0.823648 0 1.65898 0 0 173130
/joint head 2 0.489808 0.25532 1.8741 173130
/joint neck 2 0.488263 0.368335 1.88955 173148
/joint l_shoulder 2 0.556115 0.369102 1.9088 173148
/joint l_elbow 2 0.579087 0.522799 1.91452 173148
/joint l_hand 2 0.567122 0.664125 1.79919 173148
/joint r_shoulder 2 0.420411 0.367567 1.8703 173148
/joint r_elbow 2 0.381401 0.531236 1.92584 173163
/joint r_hand 2 0.459855 0.522399 1.77155 173163
/joint torso 2 0.48718 0.480679 1.89474 173163
/joint l_hip 2 0.524657 0.59346 1.91087 173181
/joint l_knee 2 0.52284 0.808862 1.81426 173181
/joint r_hip 2 0.447537 0.592588 1.88899 173181
/joint r_knee 2 0.433422 0.799664 1.76068 173181
/user/1 0.823265 0 1.64991 0 0 173181
/joint head 2 0.489855 0.255916 1.86877 173196
/joint neck 2 0.488166 0.369197 1.88696 173196
/joint l_shoulder 2 0.555991 0.369974 1.9068 173196
/joint l_elbow 2 0.579971 0.531194 1.90686 173197
/joint l_hand 2 0.565826 0.669281 1.78844 173213
/joint r_shoulder 2 0.42034 0.368419 1.86711 173213
/joint r_elbow 2 0.381955 0.530193 1.91921 173213
/joint r_hand 2 0.462015 0.520822 1.76836 173213
/joint torso 2 0.48691 0.481485 1.89422 173230
/joint l_hip 2 0.524161 0.594214 1.91274 173230
/joint l_knee 2 0.523745 0.810558 1.82092 173230
/joint r_hip 2 0.447149 0.593331 1.89021 173230
/joint r_knee 2 0.43391 0.800702 1.76259 173246
/user/1 0.823424 0 1.64504 0 0 173246
/joint head 2 0.489843 0.256538 1.86611 173246
/joint neck 2 0.488063 0.369784 1.88626 173246
/joint l_shoulder 2 0.555753 0.370313 1.90793 173263
/joint l_elbow 2 0.580409 0.540342 1.89914 173263
/joint l_hand 2 0.564513 0.673701 1.76776 173263
/joint r_shoulder 2 0.420373 0.369254 1.86459 173263
/joint r_elbow 2 0.381907 0.529992 1.92091 173280
/joint r_hand 2 0.461675 0.5219 1.76923 173280
/joint torso 2 0.486854 0.48202 1.8952 173280
/joint l_hip 2 0.524069 0.594557 1.91645 173280
/joint l_knee 2 0.523446 0.809248 1.81627 173280
/joint r_hip 2 0.447219 0.593956 1.89184 173297
/joint r_knee 2 0.435638 0.800111 1.75924 173297
/user/1 0.846782 0 1.66166 0 0 173297
/joint head 2 0.489438 0.256028 1.87065 173297
/joint neck 2 0.48806 0.369497 1.88881 173313
/joint l_shoulder 2 0.555724 0.36947 1.9109 173313
/joint l_elbow 2 0.58239 0.544125 1.89215 173313
/joint l_hand 2 0.564556 0.673667 1.74672 173313
/joint r_shoulder 2 0.420396 0.369523 1.86672 173330
/joint r_elbow 2 0.381807 0.529934 1.92178 173330
/joint r_hand 2 0.461567 0.522429 1.76999 173330
/joint torso 2 0.487453 0.481782 1.89655 173330
/joint l_hip 2 0.525247 0.594053 1.91684 173347
/joint l_knee 2 0.524097 0.808032 1.81332 173347
/joint r_hip 2 0.448443 0.594083 1.89176 173347
/joint r_knee 2 0.437796 0.798241 1.75209 173347
/user/1 0.845645 0 1.66551 0 0 173364
/joint head 2 0.489474 0.255368 1.87332 173364
/joint neck 2 0.488198 0.369298 1.88991 173364
/joint l_shoulder 2 0.555854 0.368984 1.91214 173364
/joint l_elbow 2 0.586306 0.540546 1.89453 173364
/joint l_hand 2 0.5677 0.659487 1.7311 173381
/joint r_shoulder 2 0.420542 0.369613 1.86769 173381
/joint r_elbow 2 0.381541 0.530013 1.92232 173381
/joint r_hand 2 0.460973 0.522474 1.76983 173381
/joint torso 2 0.487915 0.481612 1.89693 173398
/joint l_hip 2 0.526029 0.593746 1.91656 173398
/joint l_knee 2 0.522812 0.808119 1.81506 173398
/joint r_hip 2 0.449236 0.594104 1.89133 173398
/joint r_knee 2 0.435831 0.798801 1.75441 173415
/user/1 0.844038 0 1.66762 0 0 173415
/joint head 2 0.489233 0.255319 1.87465 173415
/joint neck 2 0.487967 0.36882 1.8903 173415
/joint l_shoulder 2 0.555615 0.36834 1.91265 173416
/joint l_elbow 2 0.58923 0.537705 1.89066 173433
/joint l_hand 2 0.570138 0.641507 1.70504 173433
/joint r_shoulder 2 0.420319 0.3693 1.86795 173433
/joint r_elbow 2 0.381863 0.530926 1.92212 173433
/joint r_hand 2 0.461238 0.522789 1.76956 173449
/joint torso 2 0.487854 0.481143 1.8971 173449
/joint l_hip 2 0.526133 0.593194 1.91658 173449
/joint l_knee 2 0.52124 0.807554 1.81529 173449
/joint r_hip 2 0.449349 0.593739 1.89121 173466
/joint r_knee 2 0.432697 0.798729 1.75673 173466
/user/1 0.841083 0 1.66906 0 0 173466
/joint head 2 0.489521 0.255251 1.87574 173466
/joint neck 2 0.48731 0.369969 1.88886 173482
/joint l_shoulder 2 0.55522 0.371217 1.90705 173482
/joint l_elbow 2 0.592847 0.53136 1.88483 173482
/joint l_hand 2 0.57534 0.618061 1.68477 173482
/joint r_shoulder 2 0.419399 0.368722 1.87067 173499
/joint r_elbow 2 0.382135 0.531207 1.92191 173499
/joint r_hand 2 0.461662 0.522951 1.76968 173499
/joint torso 2 0.485783 0.48229 1.89432 173499
/joint l_hip 2 0.522823 0.595319 1.91011 173516
/joint l_knee 2 0.516563 0.809247 1.80708 173516
/joint r_hip 2 0.445692 0.593902 1.88945 173516
/joint r_knee 2 0.428005 0.798676 1.75475 173516
/user/1 0.841542 0 1.66917 0 0 173516
/joint head 2 0.489213 0.255163 1.87624 173533
/joint neck 2 0.486488 0.368795 1.88989 173533
/joint l_shoulder 2 0.554381 0.370889 1.90845 173533
/joint l_elbow 2 0.597405 0.528706 1.87367 173533
/joint l_hand 2 0.57968 0.589638 1.65789 173550
/joint r_shoulder 2 0.418594 0.366702 1.87133 173550
/joint r_elbow 2 0.382089 0.532744 1.92441 173550
/joint r_hand 2 0.459828 0.519996 1.76942 173550
/joint torso 2 0.484221 0.481114 1.89456 173568
/joint l_hip 2 0.520474 0.594621 1.90976 173568
/joint l_knee 2 0.518592 0.809747 1.81177 173568
/joint r_hip 2 0.443433 0.592246 1.8887 173568
/joint r_knee 2 0.433319 0.798149 1.75475 173568
/user/1 0.841220 0 1.67124 0 0 173583
/joint head 2 0.488632 0.254567 1.8765 173583
/joint neck 2 0.485738 0.367978 1.89108 173583
/joint l_shoulder 2 0.553632 0.370605 1.90965 173600
/joint l_elbow 2 0.601641 0.516967 1.86419 173600
/joint l_hand 2 0.585731 0.553457 1.63678 173600
/joint r_shoulder 2 0.417844 0.365351 1.87251 173600
/joint r_elbow 2 0.382605 0.532276 1.91771 173600
/joint r_hand 2 0.461827 0.516549 1.76642 173617
/joint torso 2 0.483003 0.480292 1.89533 173617
/joint l_hip 2 0.518793 0.594097 1.91011 173617
/joint l_knee 2 0.520532 0.80967 1.81435 173617
/joint r_hip 2 0.441743 0.591116 1.88903 173634
/joint r_knee 2 0.435822 0.798414 1.75897 173634
/user/1 0.841509 0 1.67171 0 0 173634
/joint head 2 0.488369 0.255989 1.87663 173634
/joint neck 2 0.485492 0.369194 1.89079 173651
/joint l_shoulder 2 0.55338 0.371952 1.90951 173651
/joint l_elbow 2 0.606094 0.495985 1.84969 173651
/joint l_hand 2 0.59005 0.515381 1.61733 173651
/joint r_shoulder 2 0.417604 0.366436 1.87207 173668
/joint r_elbow 2 0.381165 0.530902 1.91702 173668
/joint r_hand 2 0.461549 0.515971 1.76793 173668
/joint torso 2 0.482728 0.481528 1.89364 173668
/joint l_hip 2 0.518489 0.595427 1.90712 173668
/joint l_knee 2 0.522453 0.811028 1.81177 173685
/joint r_hip 2 0.44144 0.592296 1.88587 173685
/joint r_knee 2 0.438597 0.800316 1.75801 173685
/user/1 0.826406 0 1.69849 0 0 173685
/joint head 2 0.488254 0.257238 1.8763 173702
/joint neck 2 0.485407 0.370428 1.89084 173702
/joint l_shoulder 2 0.553223 0.373212 1.91059 173702
/joint l_elbow 2 0.61086 0.475856 1.83931 173702
/joint l_hand 2 0.595148 0.478924 1.60539 173719
/joint r_shoulder 2 0.417592 0.367644 1.87108 173719
/joint r_elbow 2 0.377015 0.527342 1.91741 173719
/joint r_hand 2 0.459049 0.51563 1.77135 173719
/joint torso 2 0.482661 0.482774 1.89293 173736
/joint l_hip 2 0.5184 0.596699 1.90623 173736
/joint l_knee 2 0.523784 0.813887 1.81966 173736
/joint r_hip 2 0.441428 0.593539 1.8838 173736
/joint r_knee 2 0.440507 0.802834 1.7606 173736
/user/1 0.825750 0 1.69898 0 0 173752
/joint head 2 0.487658 0.257802 1.87691 173752
/joint neck 2 0.485005 0.371132 1.8913 173752
/joint l_shoulder 2 0.55274 0.373918 1.91214 173752
/joint l_elbow 2 0.615 0.464229 1.81928 173769
/joint l_hand 2 0.598073 0.441079 1.59544 173770
/joint r_shoulder 2 0.417271 0.368347 1.87045 173770
/joint r_elbow 2 0.372112 0.528223 1.9266 173770
/joint r_hand 2 0.453494 0.51473 1.77936 173785
/joint torso 2 0.482276 0.483484 1.89299 173785
/joint l_hip 2 0.517987 0.597416 1.90651 173785
/joint l_knee 2 0.523231 0.814374 1.81862 173785
/joint r_hip 2 0.441106 0.594254 1.88284 173802
/joint r_knee 2 0.439614 0.804895 1.76493 173802
/user/1 0.826263 0 1.7015 0 0 173802
/joint head 2 0.487539 0.256443 1.8823 173802
/joint neck 2 0.485284 0.369641 1.89363 173819
/joint l_shoulder 2 0.553116 0.372523 1.91312 173819
/joint l_elbow 2 0.620386 0.450609 1.80613 173819
/joint l_hand 2 0.59976 0.40633 1.59937 173819
/joint r_shoulder 2 0.417453 0.366759 1.87413 173837
/joint r_elbow 2 0.369682 0.529998 1.93303 173837
/joint r_hand 2 0.449387 0.512768 1.78311 173837
/joint torso 2 0.482604 0.481996 1.89356 173837
/joint l_hip 2 0.518421 0.595986 1.90455 173837
/joint l_knee 2 0.524238 0.812116 1.81233 173852
/joint r_hip 2 0.441427 0.592714 1.88242 173852
/joint r_knee 2 0.440984 0.802623 1.76158 173852
/user/1 0.826846 0 1.70266 0 0 173852
/joint head 2 0.487492 0.255015 1.8846 173868
/joint neck 2 0.485368 0.368275 1.89492 173868
/joint l_shoulder 2 0.553389 0.371182 1.91131 173868
/joint l_elbow 2 0.624445 0.436769 1.79329 173868
/joint l_hand 2 0.600244 0.375141 1.604 173885
/joint r_shoulder 2 0.417347 0.365368 1.87853 173885
/joint r_elbow 2 0.368462 0.530987 1.93632 173885
/joint r_hand 2 0.446829 0.511068 1.78432 173885
---STOP: 2014-01-16-10-16-41-887---
