
---START: 2014-01-16-17-36-42-623---
/joint r_knee 2 0.433284 0.786439 1.74842 865299
/user/1 0.797040 0 1.68227 0 0 865299
/joint head 2 0.481672 0.256464 1.89778 865299
/joint neck 2 0.481573 0.369135 1.90018 865314
/joint l_shoulder 2 0.544563 0.369572 1.84603 865314
/joint l_elbow 2 0.601965 0.318624 1.63436 865314
/joint l_hand 2 0.641826 0.25677 1.42372 865314
/joint r_shoulder 2 0.418584 0.368698 1.95433 865331
/joint r_elbow 2 0.379952 0.534474 1.9552 865331
/joint r_hand 2 0.445422 0.492376 1.78941 865331
/joint torso 2 0.479948 0.481465 1.89466 865348
/joint l_hip 2 0.514071 0.594043 1.8584 865348
/joint l_knee 2 0.522659 0.817433 1.82425 865348
/joint r_hip 2 0.442575 0.593547 1.91986 865365
/joint r_knee 2 0.433834 0.78589 1.74609 865365
/user/1 0.796474 0 1.68079 0 0 865365
/joint head 2 0.481991 0.25755 1.89271 865365
/joint neck 2 0.481331 0.370157 1.89822 865382
/joint l_shoulder 2 0.544168 0.371217 1.84338 865382
/joint l_elbow 2 0.602352 0.31895 1.6367 865382
/joint l_hand 2 0.641678 0.256888 1.42648 865399
/joint r_shoulder 2 0.418495 0.369097 1.95306 865399
/joint r_elbow 2 0.379515 0.534627 1.95594 865399
/joint r_hand 2 0.444666 0.492649 1.78957 865416
/joint torso 2 0.479412 0.482507 1.89431 865416
/joint l_hip 2 0.513153 0.595459 1.85927 865416
/joint l_knee 2 0.522493 0.818873 1.82628 865416
/joint r_hip 2 0.441831 0.594256 1.92152 865433
/joint r_knee 2 0.432871 0.786906 1.74855 865433
/user/1 0.796500 0 1.6802 0 0 865433
/joint head 2 0.482117 0.257733 1.89017 865450
/joint neck 2 0.48146 0.370213 1.89692 865450
/joint l_shoulder 2 0.544183 0.371551 1.84157 865450
/joint l_elbow 2 0.602544 0.318858 1.63824 865450
/joint l_hand 2 0.641277 0.256962 1.42748 865466
/joint r_shoulder 2 0.418738 0.368875 1.95228 865466
/joint r_elbow 2 0.379289 0.534618 1.95625 865466
/joint r_hand 2 0.444742 0.493107 1.79009 865483
/joint torso 2 0.479398 0.482572 1.89368 865483
/joint l_hip 2 0.51293 0.59569 1.85903 865483
/joint l_knee 2 0.523391 0.81886 1.82375 865499
/joint r_hip 2 0.441739 0.594171 1.92186 865499
/joint r_knee 2 0.434456 0.78444 1.74276 865499
/user/1 0.796495 0 1.67831 0 0 865499
/joint head 2 0.481868 0.257037 1.88891 865516
/joint neck 2 0.481381 0.369461 1.89648 865516
/joint l_shoulder 2 0.54421 0.37096 1.84161 865516
/joint l_elbow 2 0.602443 0.318547 1.63669 865533
/joint l_hand 2 0.642574 0.256284 1.42735 865533
/joint r_shoulder 2 0.418552 0.367961 1.95134 865533
/joint r_elbow 2 0.380228 0.533374 1.94774 865551
/joint r_hand 2 0.447786 0.49178 1.78511 865551
/joint torso 2 0.479421 0.481835 1.89441 865551
/joint l_hip 2 0.513118 0.595061 1.86121 865551
/joint l_knee 2 0.5237 0.818263 1.82653 865566
/joint r_hip 2 0.441805 0.593359 1.92348 865566
/joint r_knee 2 0.433926 0.786051 1.75041 865566
/user/1 0.799719 0 1.67861 0 0 865583
/joint head 2 0.481937 0.256644 1.88828 865583
/joint neck 2 0.481562 0.369043 1.89625 865583
/joint l_shoulder 2 0.543962 0.370524 1.8395 865600
/joint l_elbow 2 0.602591 0.318123 1.63747 865600
/joint l_hand 2 0.641884 0.256291 1.42702 865600
/joint r_shoulder 2 0.419161 0.367561 1.95301 865600
/joint r_elbow 2 0.380399 0.533641 1.95053 865616
/joint r_hand 2 0.448099 0.492339 1.78793 865616
/joint torso 2 0.47985 0.481431 1.89533 865616
/joint l_hip 2 0.513555 0.59466 1.86219 865632
/joint l_knee 2 0.523633 0.817477 1.8218 865632
/joint r_hip 2 0.442721 0.592978 1.92662 865632
/joint r_knee 2 0.435142 0.784684 1.75105 865649
/user/1 0.801087 0 1.68122 0 0 865649
/joint head 2 0.482061 0.255271 1.89384 865649
/joint neck 2 0.481696 0.367777 1.89899 865649
/joint l_shoulder 2 0.54419 0.368838 1.84261 865665
/joint l_elbow 2 0.602469 0.317392 1.63749 865666
/joint l_hand 2 0.641575 0.256083 1.42898 865666
/joint r_shoulder 2 0.419202 0.366717 1.95538 865682
/joint r_elbow 2 0.379863 0.533788 1.95242 865682
/joint r_hand 2 0.447581 0.493169 1.78944 865682
/joint torso 2 0.47987 0.480133 1.89565 865699
/joint l_hip 2 0.51351 0.593091 1.86032 865699
/joint l_knee 2 0.522861 0.815803 1.81798 865699
/joint r_hip 2 0.44258 0.591888 1.92431 865699
/joint r_knee 2 0.434732 0.77732 1.73423 865716
/user/1 0.800833 0 1.68231 0 0 865716
/joint head 2 0.482559 0.256129 1.89112 865716
/joint neck 2 0.482053 0.368291 1.89774 865732
/joint l_shoulder 2 0.544478 0.36956 1.84105 865732
/joint l_elbow 2 0.602405 0.317555 1.63864 865732
/joint l_hand 2 0.641218 0.256161 1.43022 865749
/joint r_shoulder 2 0.419628 0.367023 1.95443 865749
/joint r_elbow 2 0.379578 0.533627 1.9534 865749
/joint r_hand 2 0.446837 0.492604 1.78988 865749
/joint torso 2 0.480225 0.480664 1.89535 865766
/joint l_hip 2 0.513823 0.593756 1.86078 865766
/joint l_knee 2 0.523326 0.816516 1.81915 865766
/joint r_hip 2 0.442971 0.592316 1.92513 865783
/joint r_knee 2 0.435387 0.780273 1.74067 865783
/user/1 0.800164 0 1.68014 0 0 865783
/joint head 2 0.482634 0.256118 1.88937 865799
/joint neck 2 0.482086 0.368454 1.89702 865799
/joint l_shoulder 2 0.544546 0.369957 1.84049 865799
/joint l_elbow 2 0.602766 0.317378 1.64 865799
/joint l_hand 2 0.641004 0.255942 1.43193 865816
/joint r_shoulder 2 0.419627 0.366951 1.95355 865816
/joint r_elbow 2 0.379315 0.534048 1.95469 865816
/joint r_hand 2 0.446963 0.494169 1.79118 865833
/joint torso 2 0.480241 0.480836 1.89559 865833
/joint l_hip 2 0.513842 0.59407 1.86207 865833
/joint l_knee 2 0.52274 0.816677 1.81813 865850
/joint r_hip 2 0.442949 0.592364 1.92624 865850
/joint r_knee 2 0.433899 0.7821 1.74619 865850
/user/1 0.797515 0 1.67272 0 0 865850
/joint head 2 0.482036 0.25617 1.88969 865867
/joint neck 2 0.481498 0.368648 1.89729 865867
/joint l_shoulder 2 0.544162 0.37041 1.84169 865867
/joint l_elbow 2 0.602561 0.318328 1.63954 865884
/joint l_hand 2 0.640899 0.256204 1.43327 865884
/joint r_shoulder 2 0.418834 0.366886 1.95288 865884
/joint r_elbow 2 0.37971 0.534067 1.95459 865884
/joint r_hand 2 0.447521 0.494892 1.79095 865901
/joint torso 2 0.479386 0.481024 1.89578 865901
/joint l_hip 2 0.512837 0.594399 1.86272 865901
/joint l_knee 2 0.521856 0.817195 1.82109 865918
/joint r_hip 2 0.441709 0.592399 1.92582 865918
/joint r_knee 2 0.43254 0.781858 1.74514 865918
/user/1 0.796672 0 1.66651 0 0 865935
/joint head 2 0.482345 0.256747 1.88868 865935
/joint neck 2 0.481655 0.369227 1.89688 865935
/joint l_shoulder 2 0.544442 0.371341 1.84187 865935
/joint l_elbow 2 0.602464 0.318025 1.63893 865952
/joint l_hand 2 0.64099 0.256353 1.43328 865952
/joint r_shoulder 2 0.418868 0.367113 1.95189 865952
/joint r_elbow 2 0.379878 0.534079 1.95468 865969
/joint r_hand 2 0.447252 0.493971 1.79084 865969
/joint torso 2 0.479135 0.481586 1.89509 865969
/joint l_hip 2 0.512247 0.595145 1.86207 865986
/joint l_knee 2 0.522538 0.817765 1.81952 865986
/joint r_hip 2 0.440981 0.592746 1.92451 865986
/joint r_knee 2 0.434732 0.779358 1.73681 865986
/user/1 0.796748 0 1.65848 0 0 866003
/joint head 2 0.482347 0.257141 1.88817 866003
/joint neck 2 0.481648 0.36952 1.8956 866003
/joint l_shoulder 2 0.54435 0.371708 1.8402 866019
/joint l_elbow 2 0.602207 0.317875 1.63856 866020
/joint l_hand 2 0.641018 0.256143 1.43312 866020
/joint r_shoulder 2 0.418945 0.367333 1.95099 866020
/joint r_elbow 2 0.380002 0.534055 1.95461 866036
/joint r_hand 2 0.447201 0.49329 1.79084 866036
/joint torso 2 0.479059 0.481879 1.89386 866036
/joint l_hip 2 0.512055 0.595478 1.86069 866052
/joint l_knee 2 0.523646 0.817711 1.81503 866052
/joint r_hip 2 0.440885 0.592995 1.92356 866052
/joint r_knee 2 0.436337 0.778432 1.73306 866068
/user/1 0.800109 0 1.65701 0 0 866068
/joint head 2 0.482341 0.256871 1.88791 866068
/joint neck 2 0.481436 0.369263 1.89608 866085
/joint l_shoulder 2 0.544022 0.37164 1.84017 866085
/joint l_elbow 2 0.602081 0.3178 1.63799 866085
/joint l_hand 2 0.64115 0.256069 1.43346 866085
/joint r_shoulder 2 0.41885 0.366886 1.95198 866102
/joint r_elbow 2 0.379882 0.533108 1.95433 866102
/joint r_hand 2 0.447257 0.493086 1.79043 866102
/joint torso 2 0.478715 0.481618 1.89464 866119
/joint l_hip 2 0.511514 0.595323 1.86148 866119
/joint l_knee 2 0.523058 0.817522 1.81542 866119
/joint r_hip 2 0.440476 0.592624 1.92493 866136
/joint r_knee 2 0.435608 0.781135 1.74138 866136
/user/1 0.799899 0 1.65492 0 0 866136
/joint head 2 0.482277 0.257521 1.88779 866136
/joint neck 2 0.481211 0.370162 1.89561 866154
/joint l_shoulder 2 0.543585 0.372548 1.83877 866154
/joint l_elbow 2 0.602209 0.317755 1.63539 866154
/joint l_hand 2 0.641299 0.256244 1.43442 866170
/joint r_shoulder 2 0.418837 0.367776 1.95244 866170
/joint r_elbow 2 0.380088 0.53342 1.95406 866170
/joint r_hand 2 0.447226 0.492057 1.79054 866170
/joint torso 2 0.478455 0.482516 1.89412 866186
/joint l_hip 2 0.511098 0.596224 1.86038 866186
/joint l_knee 2 0.522988 0.818638 1.81707 866186
/joint r_hip 2 0.4403 0.593516 1.92489 866203
/joint r_knee 2 0.436245 0.78145 1.73994 866203
/user/1 0.803134 0 1.65149 0 0 866203
/joint head 2 0.482056 0.257319 1.88733 866220
/joint neck 2 0.480654 0.370231 1.89586 866220
/joint l_shoulder 2 0.542741 0.372846 1.83781 866220
/joint l_elbow 2 0.602471 0.316951 1.63565 866220
/joint l_hand 2 0.641333 0.256155 1.43528 866236
/joint r_shoulder 2 0.418568 0.367617 1.95391 866236
/joint r_elbow 2 0.379501 0.532887 1.95439 866236
/joint r_hand 2 0.446869 0.492796 1.79053 866254
/joint torso 2 0.477816 0.482584 1.8951 866254
/joint l_hip 2 0.510215 0.59642 1.8614 866254
/joint l_knee 2 0.522427 0.819018 1.82066 866270
/joint r_hip 2 0.439741 0.593453 1.92729 866270
/joint r_knee 2 0.435268 0.782117 1.74405 866270
/user/1 0.804166 0 1.64885 0 0 866270
/joint head 2 0.482695 0.25779 1.88829 866287
/joint neck 2 0.481139 0.370573 1.89578 866287
/joint l_shoulder 2 0.543415 0.373282 1.83855 866287
/joint l_elbow 2 0.603 0.317069 1.63112 866304
/joint l_hand 2 0.642773 0.256081 1.43162 866304
/joint r_shoulder 2 0.418863 0.367865 1.953 866304
/joint r_elbow 2 0.379845 0.533478 1.95438 866304
/joint r_hand 2 0.446855 0.492942 1.79017 866321
/joint torso 2 0.478039 0.482909 1.89424 866321
/joint l_hip 2 0.51028 0.596782 1.86023 866321
/joint l_knee 2 0.524056 0.818904 1.8158 866338
/joint r_hip 2 0.439595 0.593708 1.92518 866338
/joint r_knee 2 0.437466 0.778173 1.73241 866338
/user/1 0.804879 0 1.65187 0 0 866355
/joint head 2 0.482305 0.258662 1.88876 866355
/joint neck 2 0.48053 0.370861 1.8959 866355
/joint l_shoulder 2 0.542988 0.373626 1.83948 866355
/joint l_elbow 2 0.604825 0.31687 1.62652 866372
/joint l_hand 2 0.643663 0.255714 1.42838 866372
/joint r_shoulder 2 0.418072 0.368097 1.95232 866372
/joint r_elbow 2 0.380136 0.533752 1.95397 866388
/joint r_hand 2 0.446925 0.49291 1.78957 866388
/joint torso 2 0.477397 0.483197 1.89441 866388
/joint l_hip 2 0.50971 0.597102 1.8609 866405
/joint l_knee 2 0.523252 0.819146 1.81533 866405
/joint r_hip 2 0.438817 0.593964 1.92494 866405
/joint r_knee 2 0.436559 0.781327 1.73857 866405
/user/1 0.807825 0 1.65281 0 0 866422
/joint head 2 0.482459 0.259223 1.8886 866422
/joint neck 2 0.480779 0.371398 1.89569 866422
/joint l_shoulder 2 0.543354 0.374225 1.83978 866439
/joint l_elbow 2 0.60457 0.31573 1.62422 866439
/joint l_hand 2 0.644435 0.255195 1.42774 866439
/joint r_shoulder 2 0.418204 0.368571 1.95159 866439
/joint r_elbow 2 0.380327 0.533885 1.9538 866456
/joint r_hand 2 0.447176 0.492803 1.78962 866456
/joint torso 2 0.47759 0.483731 1.89419 866456
/joint l_hip 2 0.509913 0.597669 1.86096 866473
/joint l_knee 2 0.524597 0.819707 1.81676 866473
/joint r_hip 2 0.438888 0.594461 1.92441 866473
/joint r_knee 2 0.438068 0.782125 1.73867 866490
/user/1 0.807293 0 1.64668 0 0 866490
/joint head 2 0.482337 0.259665 1.88814 866490
/joint neck 2 0.480483 0.371803 1.89555 866490
/joint l_shoulder 2 0.543112 0.374714 1.83989 866507
/joint l_elbow 2 0.604072 0.316217 1.62545 866507
/joint l_hand 2 0.644987 0.254665 1.4283 866507
/joint r_shoulder 2 0.417854 0.368892 1.9512 866524
/joint r_elbow 2 0.380651 0.53276 1.94632 866524
/joint r_hand 2 0.449263 0.490905 1.78561 866524
/joint torso 2 0.477209 0.484132 1.89403 866524
/joint l_hip 2 0.509479 0.598113 1.86093 866540
/joint l_knee 2 0.523327 0.820183 1.81601 866541
/joint r_hip 2 0.438393 0.594809 1.9241 866541
/joint r_knee 2 0.437457 0.781829 1.7369 866557
/user/1 0.807964 0 1.63566 0 0 866557
/joint head 2 0.482064 0.257847 1.88828 866557
/joint neck 2 0.48047 0.370492 1.89693 866572
/joint l_shoulder 2 0.542992 0.373475 1.8408 866572
/joint l_elbow 2 0.603594 0.31462 1.6248 866572
/joint l_hand 2 0.644329 0.251061 1.4267 866589
/joint r_shoulder 2 0.417948 0.367509 1.95305 866589
/joint r_elbow 2 0.379733 0.533244 1.95073 866589
/joint r_hand 2 0.447816 0.491129 1.78923 866589
/joint torso 2 0.477316 0.48283 1.89631 866606
/joint l_hip 2 0.509644 0.596861 1.86383 866606
/joint l_knee 2 0.524645 0.818889 1.81995 866606
/joint r_hip 2 0.438679 0.593475 1.92754 866623
/joint r_knee 2 0.438689 0.780299 1.7399 866623
/user/1 0.810462 0 1.63999 0 0 866623
/joint head 2 0.482294 0.255779 1.88836 866640
/joint neck 2 0.480888 0.368594 1.89762 866640
/joint l_shoulder 2 0.543045 0.371979 1.83997 866640
/joint l_elbow 2 0.603948 0.312258 1.62098 866640
/joint l_hand 2 0.64532 0.24805 1.42292 866657
/joint r_shoulder 2 0.418731 0.36521 1.95527 866657
/joint r_elbow 2 0.380104 0.533505 1.95215 866657
/joint r_hand 2 0.448019 0.492094 1.78995 866674
/joint torso 2 0.477538 0.480921 1.89802 866674
/joint l_hip 2 0.509468 0.595169 1.86569 866674
/joint l_knee 2 0.524394 0.81695 1.81898 866674
/joint r_hip 2 0.438911 0.591327 1.93113 866691
/joint r_knee 2 0.438066 0.775465 1.73761 866691
/user/1 0.810901 0 1.63757 0 0 866691
/joint head 2 0.482162 0.255765 1.8884 866707
/joint neck 2 0.480873 0.368385 1.89778 866707
/joint l_shoulder 2 0.542809 0.371987 1.83921 866707
/joint l_elbow 2 0.604121 0.310559 1.62219 866724
/joint l_hand 2 0.645401 0.245353 1.4236 866724
/joint r_shoulder 2 0.418936 0.364783 1.95635 866724
/joint r_elbow 2 0.379581 0.533934 1.95419 866724
/joint r_hand 2 0.447356 0.494018 1.79092 866741
/joint torso 2 0.477399 0.480705 1.89863 866741
/joint l_hip 2 0.509075 0.595069 1.86624 866741
/joint l_knee 2 0.523364 0.816422 1.81444 866758
/joint r_hip 2 0.438774 0.590981 1.93271 866759
/joint r_knee 2 0.437959 0.773994 1.7368 866759
/user/1 0.811725 0 1.63793 0 0 866759
/joint head 2 0.482094 0.257531 1.88217 866774
/joint neck 2 0.480891 0.370025 1.89465 866774
/joint l_shoulder 2 0.5425 0.374009 1.83478 866774
/joint l_elbow 2 0.602454 0.30736 1.62163 866790
/joint l_hand 2 0.645586 0.239688 1.42137 866791
/joint r_shoulder 2 0.419281 0.366041 1.95452 866791
/joint r_elbow 2 0.379932 0.534055 1.95422 866807
/joint r_hand 2 0.447623 0.494649 1.79051 866807
/joint torso 2 0.477482 0.482328 1.89743 866807
/joint l_hip 2 0.509039 0.596892 1.86624 866824
/joint l_knee 2 0.524338 0.818385 1.817 866824
/joint r_hip 2 0.439107 0.59237 1.93419 866824
/joint r_knee 2 0.438665 0.775994 1.73957 866824
/user/1 0.809919 0 1.64091 0 0 866840
/joint head 2 0.482838 0.257353 1.88533 866840
/joint neck 2 0.481342 0.369822 1.89551 866840
/joint l_shoulder 2 0.54293 0.373782 1.83553 866857
/joint l_elbow 2 0.599082 0.304722 1.62021 866857
/joint l_hand 2 0.640884 0.232712 1.42108 866857
/joint r_shoulder 2 0.419755 0.365862 1.95549 866873
/joint r_elbow 2 0.379984 0.533263 1.95411 866874
/joint r_hand 2 0.448086 0.493757 1.79114 866874
/joint torso 2 0.477693 0.482123 1.89721 866874
/joint l_hip 2 0.508994 0.596671 1.86486 866890
/joint l_knee 2 0.524321 0.817867 1.81275 866890
/joint r_hip 2 0.439093 0.592176 1.93294 866890
/joint r_knee 2 0.438612 0.772614 1.73172 866906
/user/1 0.812422 0 1.63149 0 0 866906
/joint head 2 0.484251 0.256775 1.88728 866906
/joint neck 2 0.482082 0.368855 1.89622 866924
/joint l_shoulder 2 0.543288 0.373246 1.83479 866924
/joint l_elbow 2 0.594854 0.301844 1.61908 866924
/joint l_hand 2 0.635948 0.226203 1.42238 866924
/joint r_shoulder 2 0.420877 0.364464 1.95766 866940
/joint r_elbow 2 0.380728 0.532479 1.94863 866940
/joint r_hand 2 0.449788 0.492419 1.7876 866940
/joint torso 2 0.47799 0.48113 1.89797 866957
/joint l_hip 2 0.508634 0.595898 1.86484 866957
/joint l_knee 2 0.524482 0.817378 1.81618 866957
/joint r_hip 2 0.439159 0.590914 1.93458 866974
/joint r_knee 2 0.438805 0.771812 1.7343 866974
/user/1 0.811596 0 1.62139 0 0 866974
/joint head 2 0.485143 0.256404 1.88707 866974
/joint neck 2 0.482476 0.36828 1.89615 866991
/joint l_shoulder 2 0.543737 0.373021 1.83497 866991
/joint l_elbow 2 0.592757 0.299378 1.61658 866991
/joint l_hand 2 0.627555 0.218137 1.41756 867007
/joint r_shoulder 2 0.421216 0.363539 1.95732 867007
/joint r_elbow 2 0.380612 0.533033 1.95065 867008
---STOP: 2014-01-16-17-36-44-348---
