
---START: 2014-01-16-17-43-26-628---
/joint neck 2 0.480873 0.368385 1.89778 1.2693e+06
/joint l_shoulder 2 0.542809 0.371987 1.83921 1.2693e+06
/joint l_elbow 2 0.604121 0.310559 1.62219 1.2693e+06
/joint l_hand 2 0.645401 0.245353 1.4236 1.2693e+06
/joint r_shoulder 2 0.418936 0.364783 1.95635 1.26932e+06
/joint r_elbow 2 0.379581 0.533934 1.95419 1.26932e+06
/joint r_hand 2 0.447356 0.494018 1.79092 1.26932e+06
/joint torso 2 0.477399 0.480705 1.89863 1.26934e+06
/joint l_hip 2 0.509075 0.595069 1.86624 1.26934e+06
/joint l_knee 2 0.523364 0.816422 1.81444 1.26934e+06
/joint r_hip 2 0.438774 0.590981 1.93271 1.26935e+06
/joint r_knee 2 0.437959 0.773994 1.7368 1.26935e+06
/user/1 0.811725 0 1.63793 0 0 1.26935e+06
/joint head 2 0.482094 0.257531 1.88217 1.26935e+06
/joint neck 2 0.480891 0.370025 1.89465 1.26937e+06
/joint l_shoulder 2 0.5425 0.374009 1.83478 1.26937e+06
/joint l_elbow 2 0.602454 0.30736 1.62163 1.26937e+06
/joint l_hand 2 0.645586 0.239688 1.42137 1.26939e+06
/joint r_shoulder 2 0.419281 0.366041 1.95452 1.26939e+06
/joint r_elbow 2 0.379932 0.534055 1.95422 1.26939e+06
/joint r_hand 2 0.447623 0.494649 1.79051 1.26940e+06
/joint torso 2 0.477482 0.482328 1.89743 1.26940e+06
/joint l_hip 2 0.509039 0.596892 1.86624 1.26940e+06
/joint l_knee 2 0.524338 0.818385 1.817 1.26940e+06
/joint r_hip 2 0.439107 0.59237 1.93419 1.26942e+06
/joint r_knee 2 0.438665 0.775994 1.73957 1.26942e+06
/user/1 0.809919 0 1.64091 0 0 1.26942e+06
/joint head 2 0.482838 0.257353 1.88533 1.26944e+06
/joint neck 2 0.481342 0.369822 1.89551 1.26944e+06
/joint l_shoulder 2 0.54293 0.373782 1.83553 1.26944e+06
/joint l_elbow 2 0.599082 0.304722 1.62021 1.26946e+06
/joint l_hand 2 0.640884 0.232712 1.42108 1.26946e+06
/joint r_shoulder 2 0.419755 0.365862 1.95549 1.26946e+06
/joint r_elbow 2 0.379984 0.533263 1.95411 1.26946e+06
/joint r_hand 2 0.448086 0.493757 1.79114 1.26947e+06
/joint torso 2 0.477693 0.482123 1.89721 1.26947e+06
/joint l_hip 2 0.508994 0.596671 1.86486 1.26947e+06
/joint l_knee 2 0.524321 0.817867 1.81275 1.26949e+06
/joint r_hip 2 0.439093 0.592176 1.93294 1.26949e+06
/joint r_knee 2 0.438612 0.772614 1.73172 1.26949e+06
/user/1 0.812422 0 1.63149 0 0 1.26949e+06
/joint head 2 0.484251 0.256775 1.88728 1.2695e+06
/joint neck 2 0.482082 0.368855 1.89622 1.2695e+06
/joint l_shoulder 2 0.543288 0.373246 1.83479 1.2695e+06
/joint l_elbow 2 0.594854 0.301844 1.61908 1.26952e+06
/joint l_hand 2 0.635948 0.226203 1.42238 1.26952e+06
/joint r_shoulder 2 0.420877 0.364464 1.95766 1.26952e+06
/joint r_elbow 2 0.380728 0.532479 1.94863 1.26954e+06
/joint r_hand 2 0.449788 0.492419 1.7876 1.26954e+06
/joint torso 2 0.47799 0.48113 1.89797 1.26954e+06
/joint l_hip 2 0.508634 0.595898 1.86484 1.26955e+06
/joint l_knee 2 0.524482 0.817378 1.81618 1.26955e+06
/joint r_hip 2 0.439159 0.590914 1.93458 1.26955e+06
/joint r_knee 2 0.438805 0.771812 1.7343 1.26955e+06
/user/1 0.811596 0 1.62139 0 0 1.26957e+06
/joint head 2 0.485143 0.256404 1.88707 1.26957e+06
/joint neck 2 0.482476 0.36828 1.89615 1.26957e+06
/joint l_shoulder 2 0.543737 0.373021 1.83497 1.26959e+06
/joint l_elbow 2 0.592757 0.299378 1.61658 1.26959e+06
/joint l_hand 2 0.627555 0.218137 1.41756 1.26959e+06
/joint r_shoulder 2 0.421216 0.363539 1.95732 1.26959e+06
/joint r_elbow 2 0.380612 0.533033 1.95065 1.26960e+06
/joint r_hand 2 0.449076 0.492 1.78916 1.26960e+06
/joint torso 2 0.478072 0.480534 1.89808 1.26960e+06
/joint l_hip 2 0.508433 0.59548 1.8653 1.26962e+06
/joint l_knee 2 0.524413 0.816849 1.81568 1.26962e+06
/joint r_hip 2 0.438902 0.590099 1.93473 1.26962e+06
/joint r_knee 2 0.437758 0.774196 1.74113 1.26964e+06
/user/1 0.813084 0 1.6234 0 0 1.26964e+06
/joint head 2 0.486143 0.257384 1.88855 1.26964e+06
/joint neck 2 0.483082 0.369233 1.89547 1.26964e+06
/joint l_shoulder 2 0.54451 0.373618 1.83491 1.26966e+06
/joint l_elbow 2 0.590913 0.296559 1.61143 1.26966e+06
/joint l_hand 2 0.618896 0.210531 1.41071 1.26966e+06
/joint r_shoulder 2 0.421653 0.364848 1.95603 1.26967e+06
/joint r_elbow 2 0.380573 0.532512 1.95259 1.26967e+06
/joint r_hand 2 0.448583 0.491769 1.79016 1.26967e+06
/joint torso 2 0.478687 0.481493 1.89593 1.26967e+06
/joint l_hip 2 0.509155 0.596242 1.86202 1.26969e+06
/joint l_knee 2 0.525803 0.817617 1.81335 1.26969e+06
/joint r_hip 2 0.439431 0.591264 1.93076 1.26969e+06
/joint r_knee 2 0.438608 0.776091 1.73872 1.26971e+06
/user/1 0.814520 0 1.62734 0 0 1.26971e+06
/joint head 2 0.487321 0.254796 1.88225 1.26971e+06
/joint neck 2 0.484479 0.366763 1.89329 1.26972e+06
/joint l_shoulder 2 0.545412 0.372323 1.83102 1.26972e+06
/joint l_elbow 2 0.589019 0.295149 1.60766 1.26972e+06
/joint l_hand 2 0.607714 0.204403 1.40697 1.26974e+06
/joint r_shoulder 2 0.423546 0.361203 1.95556 1.26974e+06
/joint r_elbow 2 0.378905 0.534125 1.96329 1.26974e+06
/joint r_hand 2 0.444707 0.492654 1.79775 1.26974e+06
/joint torso 2 0.479617 0.478948 1.8968 1.26976e+06
/joint l_hip 2 0.509342 0.594288 1.86496 1.26976e+06
/joint l_knee 2 0.5248 0.816202 1.82042 1.26976e+06
/joint r_hip 2 0.44017 0.587976 1.93565 1.26977e+06
/joint r_knee 2 0.438498 0.772676 1.74336 1.26977e+06
/user/1 0.818754 0 1.63003 0 0 1.26977e+06
/joint head 2 0.487946 0.253839 1.87909 1.26977e+06
/joint neck 2 0.48497 0.365849 1.89248 1.26979e+06
/joint l_shoulder 2 0.545795 0.372012 1.82989 1.26979e+06
/joint l_elbow 2 0.587873 0.294458 1.60381 1.26979e+06
/joint l_hand 2 0.597562 0.201434 1.40435 1.26981e+06
/joint r_shoulder 2 0.424145 0.359687 1.95507 1.26981e+06
/joint r_elbow 2 0.379215 0.534388 1.96728 1.26981e+06
/joint r_hand 2 0.442699 0.49325 1.79803 1.26982e+06
/joint torso 2 0.479768 0.477997 1.8971 1.26982e+06
/joint l_hip 2 0.509083 0.593642 1.86621 1.26982e+06
/joint l_knee 2 0.524111 0.81551 1.82057 1.26984e+06
/joint r_hip 2 0.440049 0.586647 1.93724 1.26984e+06
/joint r_knee 2 0.437188 0.769984 1.74209 1.26984e+06
/user/1 0.818273 0 1.62735 0 0 1.26984e+06
/joint head 2 0.488711 0.255753 1.87713 1.26986e+06
/joint neck 2 0.485206 0.367274 1.89148 1.26986e+06
/joint l_shoulder 2 0.5463 0.373903 1.83005 1.26986e+06
/joint l_elbow 2 0.587497 0.296712 1.60464 1.26987e+06
/joint l_hand 2 0.585981 0.204662 1.40703 1.26987e+06
/joint r_shoulder 2 0.424111 0.360645 1.9529 1.26987e+06
/joint r_elbow 2 0.379129 0.534577 1.96853 1.26987e+06
/joint r_hand 2 0.442304 0.493599 1.79865 1.26989e+06
/joint torso 2 0.479538 0.479387 1.89615 1.26989e+06
/joint l_hip 2 0.508542 0.595261 1.86597 1.26989e+06
/joint l_knee 2 0.523759 0.81709 1.82015 1.26991e+06
/joint r_hip 2 0.439198 0.587737 1.93569 1.26991e+06
/joint r_knee 2 0.437295 0.768536 1.73524 1.26991e+06
/user/1 0.817179 0 1.62376 0 0 1.26992e+06
/joint head 2 0.488663 0.255888 1.87693 1.26992e+06
/joint neck 2 0.48471 0.367744 1.89173 1.26992e+06
/joint l_shoulder 2 0.545923 0.374718 1.83085 1.26992e+06
/joint l_elbow 2 0.587316 0.299148 1.60351 1.26994e+06
/joint l_hand 2 0.575377 0.208577 1.40518 1.26994e+06
/joint r_shoulder 2 0.423497 0.360771 1.95261 1.26994e+06
/joint r_elbow 2 0.379388 0.533973 1.96951 1.26996e+06
/joint r_hand 2 0.442696 0.494335 1.79909 1.26996e+06
/joint torso 2 0.478714 0.479828 1.8965 1.26996e+06
/joint l_hip 2 0.507457 0.595869 1.86673 1.26997e+06
/joint l_knee 2 0.523178 0.817501 1.81947 1.26997e+06
/joint r_hip 2 0.437981 0.587954 1.93583 1.26997e+06
/joint r_knee 2 0.438628 0.767131 1.73209 1.26997e+06
/user/1 0.819924 0 1.62433 0 0 1.26999e+06
/joint head 2 0.489026 0.255523 1.87641 1.26999e+06
/joint neck 2 0.484922 0.367218 1.89201 1.26999e+06
/joint l_shoulder 2 0.546177 0.374457 1.83136 1.27001e+06
/joint l_elbow 2 0.587217 0.302191 1.6029 1.27001e+06
/joint l_hand 2 0.566118 0.214789 1.40438 1.27001e+06
/joint r_shoulder 2 0.423667 0.359979 1.95266 1.27002e+06
/joint r_elbow 2 0.379143 0.533303 1.96958 1.27002e+06
/joint r_hand 2 0.443375 0.495786 1.79947 1.27002e+06
/joint torso 2 0.478839 0.47928 1.89753 1.27002e+06
/joint l_hip 2 0.507518 0.59545 1.86863 1.27004e+06
/joint l_knee 2 0.525794 0.817072 1.82509 1.27004e+06
/joint r_hip 2 0.437993 0.587233 1.93747 1.27004e+06
/joint r_knee 2 0.439016 0.769943 1.74093 1.27006e+06
/user/1 0.818643 0 1.62134 0 0 1.27006e+06
/joint head 2 0.488967 0.256008 1.87619 1.27006e+06
/joint neck 2 0.484781 0.368012 1.89138 1.27007e+06
/joint l_shoulder 2 0.546219 0.375376 1.83151 1.27007e+06
/joint l_elbow 2 0.588148 0.305264 1.60499 1.27007e+06
/joint l_hand 2 0.55964 0.224023 1.40703 1.27009e+06
/joint r_shoulder 2 0.423344 0.360648 1.95126 1.27009e+06
/joint r_elbow 2 0.37903 0.533753 1.96935 1.27009e+06
/joint r_hand 2 0.443417 0.496042 1.79955 1.27009e+06
/joint torso 2 0.478476 0.480061 1.89651 1.27011e+06
/joint l_hip 2 0.507038 0.59629 1.86766 1.27011e+06
/joint l_knee 2 0.525128 0.817823 1.82281 1.27011e+06
/joint r_hip 2 0.437303 0.587931 1.93562 1.27012e+06
/joint r_knee 2 0.439361 0.767858 1.73342 1.27012e+06
/user/1 0.816825 0 1.61911 0 0 1.27012e+06
/joint head 2 0.489396 0.256727 1.87648 1.27012e+06
/joint neck 2 0.484971 0.368726 1.89126 1.27014e+06
/joint l_shoulder 2 0.546328 0.376155 1.83107 1.27014e+06
/joint l_elbow 2 0.588998 0.308369 1.60873 1.27014e+06
/joint l_hand 2 0.55304 0.236294 1.41331 1.27016e+06
/joint r_shoulder 2 0.423613 0.361297 1.95144 1.27016e+06
/joint r_elbow 2 0.379674 0.533322 1.96158 1.27016e+06
/joint r_hand 2 0.444968 0.49374 1.79417 1.27017e+06
/joint torso 2 0.47856 0.480769 1.89623 1.27017e+06
/joint l_hip 2 0.50697 0.597028 1.86705 1.27017e+06
/joint l_knee 2 0.526548 0.818478 1.8238 1.27017e+06
/joint r_hip 2 0.437327 0.588596 1.93536 1.27019e+06
/joint r_knee 2 0.440198 0.771131 1.73853 1.27019e+06
/user/1 0.817285 0 1.61902 0 0 1.27019e+06
/joint head 2 0.488563 0.257688 1.87075 1.27021e+06
/joint neck 2 0.48458 0.369654 1.88903 1.27021e+06
/joint l_shoulder 2 0.546578 0.377243 1.83166 1.27021e+06
/joint l_elbow 2 0.590187 0.312794 1.6157 1.27021e+06
/joint l_hand 2 0.550788 0.25049 1.42283 1.27022e+06
/joint r_shoulder 2 0.422581 0.362064 1.9464 1.27022e+06
/joint r_elbow 2 0.379828 0.533823 1.95821 1.27022e+06
/joint r_hand 2 0.446625 0.493964 1.79335 1.27024e+06
/joint torso 2 0.478619 0.481662 1.8966 1.27024e+06
/joint l_hip 2 0.507853 0.597979 1.87161 1.27024e+06
/joint l_knee 2 0.527268 0.819468 1.82853 1.27026e+06
/joint r_hip 2 0.437464 0.589362 1.93675 1.27026e+06
/joint r_knee 2 0.439493 0.773836 1.74398 1.27026e+06
/user/1 0.817175 0 1.61768 0 0 1.27026e+06
/joint head 2 0.488499 0.256066 1.87296 1.27028e+06
/joint neck 2 0.484415 0.367976 1.89055 1.27028e+06
/joint l_shoulder 2 0.547176 0.375549 1.83668 1.27028e+06
/joint l_elbow 2 0.593143 0.316291 1.62074 1.27029e+06
/joint l_hand 2 0.551788 0.265171 1.42953 1.27029e+06
/joint r_shoulder 2 0.421653 0.360404 1.94442 1.27029e+06
/joint r_elbow 2 0.380097 0.533751 1.95578 1.27031e+06
/joint r_hand 2 0.447227 0.494054 1.79134 1.27031e+06
/joint torso 2 0.478386 0.479993 1.89788 1.27031e+06
/joint l_hip 2 0.507986 0.596308 1.87464 1.27031e+06
/joint l_knee 2 0.525498 0.817606 1.82639 1.27033e+06
/joint r_hip 2 0.43673 0.587711 1.9358 1.27033e+06
/joint r_knee 2 0.439231 0.770714 1.73993 1.27033e+06
/user/1 0.817386 0 1.61946 0 0 1.27034e+06
/joint head 2 0.48805 0.255634 1.87446 1.27034e+06
/joint neck 2 0.483844 0.367198 1.89173 1.27034e+06
/joint l_shoulder 2 0.547031 0.374843 1.83986 1.27036e+06
/joint l_elbow 2 0.596186 0.319341 1.62522 1.27036e+06
/joint l_hand 2 0.555893 0.27978 1.43142 1.27036e+06
/joint r_shoulder 2 0.420657 0.359554 1.9436 1.27036e+06
/joint r_elbow 2 0.379623 0.533283 1.95407 1.27038e+06
/joint r_hand 2 0.447465 0.49416 1.79047 1.27038e+06
/joint torso 2 0.477601 0.479214 1.89845 1.27038e+06
/joint l_hip 2 0.507212 0.595567 1.87574 1.27039e+06
/joint l_knee 2 0.524221 0.816033 1.81896 1.27039e+06
/joint r_hip 2 0.435502 0.586892 1.9346 1.27039e+06
/joint r_knee 2 0.439539 0.769068 1.73711 1.27041e+06
/user/1 0.816910 0 1.61742 0 0 1.27041e+06
/joint head 2 0.487315 0.256587 1.87599 1.27041e+06
/joint neck 2 0.482985 0.367813 1.89259 1.27041e+06
/joint l_shoulder 2 0.54635 0.375579 1.84157 1.27043e+06
/joint l_elbow 2 0.599467 0.323474 1.63529 1.27043e+06
/joint l_hand 2 0.559811 0.297225 1.43957 1.27043e+06
/joint r_shoulder 2 0.419621 0.360048 1.9436 1.27044e+06
/joint r_elbow 2 0.379922 0.533787 1.95442 1.27044e+06
/joint r_hand 2 0.447565 0.494774 1.79042 1.27044e+06
/joint torso 2 0.476489 0.479821 1.89867 1.27046e+06
/joint l_hip 2 0.505947 0.596235 1.87581 1.27046e+06
/joint l_knee 2 0.524156 0.816566 1.81934 1.27046e+06
/joint r_hip 2 0.434038 0.587422 1.93371 1.27046e+06
/joint r_knee 2 0.441396 0.767435 1.73217 1.27048e+06
/user/1 0.815998 0 1.61385 0 0 1.27048e+06
/joint head 2 0.487002 0.257377 1.87558 1.27048e+06
/joint neck 2 0.482632 0.368728 1.89208 1.27049e+06
/joint l_shoulder 2 0.546397 0.376604 1.84315 1.27049e+06
/joint l_elbow 2 0.604424 0.328923 1.64577 1.27049e+06
/joint l_hand 2 0.564705 0.309775 1.44693 1.27051e+06
/joint r_shoulder 2 0.418868 0.360851 1.94101 1.27051e+06
/joint r_elbow 2 0.381465 0.532322 1.94106 1.27051e+06
/joint r_hand 2 0.451835 0.492855 1.78214 1.27051e+06
/joint torso 2 0.475965 0.480725 1.89789 1.27053e+06
/joint l_hip 2 0.505486 0.597193 1.87593 1.27053e+06
/joint l_knee 2 0.525872 0.81706 1.81838 1.27053e+06
/joint r_hip 2 0.433108 0.588253 1.93147 1.27054e+06
/joint r_knee 2 0.442835 0.770669 1.73527 1.27054e+06
/user/1 0.815221 0 1.61089 0 0 1.27054e+06
/joint head 2 0.487069 0.257235 1.87538 1.27056e+06
/joint neck 2 0.4829 0.369131 1.89159 1.27056e+06
/joint l_shoulder 2 0.547091 0.377033 1.84497 1.27056e+06
/joint l_elbow 2 0.608073 0.33217 1.65375 1.27056e+06
/joint l_hand 2 0.570824 0.321199 1.45149 1.27058e+06
/joint r_shoulder 2 0.418709 0.361228 1.93821 1.27058e+06
/joint r_elbow 2 0.381299 0.531998 1.93988 1.27058e+06
/joint r_hand 2 0.45256 0.492042 1.78276 1.27059e+06
/joint torso 2 0.476198 0.481126 1.89739 1.27059e+06
/joint l_hip 2 0.505928 0.597606 1.87674 1.27059e+06
/joint l_knee 2 0.527213 0.816873 1.81545 1.27059e+06
/joint r_hip 2 0.433065 0.588636 1.92966 1.27061e+06
/joint r_knee 2 0.445233 0.772969 1.73809 1.27061e+06
/user/1 0.813724 0 1.60909 0 0 1.27061e+06
/joint head 2 0.487159 0.257853 1.87527 1.27063e+06
/joint neck 2 0.483151 0.369505 1.89159 1.27063e+06
/joint l_shoulder 2 0.547583 0.377328 1.84625 1.27063e+06
/joint l_elbow 2 0.614193 0.335096 1.65853 1.27064e+06
/joint l_hand 2 0.58155 0.327683 1.4513 1.27064e+06
/joint r_shoulder 2 0.418719 0.361683 1.93693 1.27064e+06
/joint r_elbow 2 0.381113 0.532378 1.93924 1.27064e+06
/joint r_hand 2 0.452039 0.491651 1.78191 1.27066e+06
/joint torso 2 0.476578 0.481507 1.8977 1.27066e+06
/joint l_hip 2 0.506568 0.597948 1.87808 1.27066e+06
/joint l_knee 2 0.527127 0.817552 1.81855 1.27068e+06
/joint r_hip 2 0.433441 0.58907 1.92954 1.27068e+06
/joint r_knee 2 0.445122 0.775098 1.74157 1.27068e+06
/user/1 0.813963 0 1.60714 0 0 1.27069e+06
/joint head 2 0.486709 0.25849 1.876 1.27069e+06
/joint neck 2 0.482965 0.370376 1.89155 1.27069e+06
/joint l_shoulder 2 0.547644 0.378209 1.84762 1.27071e+06
/joint l_elbow 2 0.618621 0.333434 1.6613 1.27071e+06
/joint l_hand 2 0.591657 0.333815 1.45133 1.27071e+06
/joint r_shoulder 2 0.418287 0.362542 1.93547 1.27071e+06
/joint r_elbow 2 0.380991 0.532901 1.93965 1.27073e+06
/joint r_hand 2 0.451571 0.491611 1.782 1.27073e+06
/joint torso 2 0.476386 0.482375 1.89774 1.27073e+06
/joint l_hip 2 0.506513 0.598821 1.87901 1.27074e+06
/joint l_knee 2 0.526167 0.818569 1.81945 1.27074e+06
/joint r_hip 2 0.433102 0.58993 1.92886 1.27074e+06
/joint r_knee 2 0.443321 0.77439 1.73711 1.27076e+06
/user/1 0.814782 0 1.60604 0 0 1.27076e+06
/joint head 2 0.486806 0.258261 1.87599 1.27076e+06
/joint neck 2 0.483421 0.370212 1.89172 1.27076e+06
/joint l_shoulder 2 0.548587 0.377457 1.85061 1.27078e+06
/joint l_elbow 2 0.62396 0.331821 1.66153 1.27078e+06
/joint l_hand 2 0.60403 0.336751 1.45005 1.27078e+06
/joint r_shoulder 2 0.418254 0.362968 1.93282 1.27079e+06
/joint r_elbow 2 0.380565 0.533291 1.94031 1.27079e+06
/joint r_hand 2 0.45119 0.49231 1.78254 1.27079e+06
/joint torso 2 0.477356 0.482267 1.8977 1.27081e+06
/joint l_hip 2 0.508282 0.598433 1.88035 1.27081e+06
/joint l_knee 2 0.527601 0.817817 1.81742 1.27081e+06
/joint r_hip 2 0.434302 0.590209 1.92701 1.27081e+06
/joint r_knee 2 0.445764 0.772328 1.73056 1.27083e+06
/user/1 0.813814 0 1.60494 0 0 1.27083e+06
/joint head 2 0.48679 0.25773 1.87597 1.27083e+06
/joint neck 2 0.48339 0.369662 1.89183 1.27084e+06
/joint l_shoulder 2 0.548699 0.376645 1.85147 1.27084e+06
/joint l_elbow 2 0.627993 0.328925 1.66203 1.27084e+06
/joint l_hand 2 0.614168 0.33569 1.44672 1.27084e+06
/joint r_shoulder 2 0.418082 0.36268 1.93219 1.27086e+06
/joint r_elbow 2 0.380792 0.533221 1.93972 1.27086e+06
/joint r_hand 2 0.451315 0.491602 1.78214 1.27086e+06
/joint torso 2 0.47756 0.481742 1.89772 1.27088e+06
/joint l_hip 2 0.508788 0.597783 1.88071 1.27088e+06
/joint l_knee 2 0.525944 0.817575 1.81848 1.27088e+06
/joint r_hip 2 0.434671 0.58986 1.92651 1.2709e+06
/joint r_knee 2 0.443909 0.775031 1.73611 1.2709e+06
/user/1 0.813383 0 1.60124 0 0 1.2709e+06
/joint head 2 0.486797 0.257034 1.87559 1.2709e+06
/joint neck 2 0.483693 0.368898 1.89157 1.27091e+06
/joint l_shoulder 2 0.54909 0.375806 1.85172 1.27091e+06
/joint l_elbow 2 0.632946 0.324355 1.66816 1.27091e+06
/joint l_hand 2 0.623571 0.328564 1.45158 1.27093e+06
/joint r_shoulder 2 0.418296 0.361989 1.93143 1.27093e+06
/joint r_elbow 2 0.381688 0.532643 1.93322 1.27093e+06
/joint r_hand 2 0.453744 0.490633 1.77873 1.27093e+06
/joint torso 2 0.477838 0.480988 1.89686 1.27094e+06
/joint l_hip 2 0.509094 0.596999 1.87953 1.27094e+06
/joint l_knee 2 0.52496 0.81682 1.81617 1.27094e+06
/joint r_hip 2 0.434872 0.589159 1.92477 1.27096e+06
/joint r_knee 2 0.443666 0.775108 1.73599 1.27096e+06
/user/1 0.812892 0 1.60262 0 0 1.27096e+06
/joint head 2 0.48718 0.256319 1.87577 1.27098e+06
/joint neck 2 0.484287 0.36814 1.89163 1.27098e+06
/joint l_shoulder 2 0.549866 0.374969 1.85296 1.27098e+06
/joint l_elbow 2 0.63698 0.31973 1.66846 1.27098e+06
/joint l_hand 2 0.632884 0.318154 1.45174 1.271e+06
/joint r_shoulder 2 0.418707 0.36131 1.9303 1.271e+06
/joint r_elbow 2 0.382007 0.532412 1.93041 1.271e+06
/joint r_hand 2 0.454574 0.490351 1.77688 1.27101e+06
/joint torso 2 0.478564 0.480233 1.89735 1.27101e+06
/joint l_hip 2 0.510059 0.596203 1.88112 1.27101e+06
/joint l_knee 2 0.526411 0.816155 1.81931 1.27101e+06
/joint r_hip 2 0.435623 0.588451 1.92501 1.27103e+06
/joint r_knee 2 0.445356 0.773812 1.73513 1.27103e+06
/user/1 0.814033 0 1.60319 0 0 1.27103e+06
/joint head 2 0.486358 0.256029 1.87703 1.27105e+06
/joint neck 2 0.48399 0.36779 1.89225 1.27105e+06
/joint l_shoulder 2 0.549463 0.374316 1.85273 1.27105e+06
/joint l_elbow 2 0.637819 0.31637 1.67054 1.27106e+06
/joint l_hand 2 0.641903 0.308437 1.45305 1.27106e+06
/joint r_shoulder 2 0.418517 0.361264 1.93176 1.27106e+06
/joint r_elbow 2 0.382053 0.532007 1.92873 1.27108e+06
/joint r_hand 2 0.455684 0.490611 1.77684 1.27108e+06
/joint torso 2 0.478586 0.479909 1.89809 1.27108e+06
/joint l_hip 2 0.510338 0.595731 1.88152 1.27108e+06
/joint l_knee 2 0.525576 0.815946 1.82068 1.2711e+06
/joint r_hip 2 0.436025 0.588323 1.92637 1.2711e+06
/joint r_knee 2 0.444637 0.772341 1.73335 1.2711e+06
/user/1 0.815779 0 1.60467 0 0 1.27111e+06
/joint head 2 0.485914 0.256592 1.8761 1.27111e+06
/joint neck 2 0.484078 0.368312 1.89146 1.27111e+06
/joint l_shoulder 2 0.549427 0.374502 1.85101 1.27113e+06
/joint l_elbow 2 0.638043 0.312346 1.67119 1.27113e+06
/joint l_hand 2 0.649752 0.293475 1.45489 1.27113e+06
/joint r_shoulder 2 0.418729 0.362122 1.93191 1.27113e+06
/joint r_elbow 2 0.381931 0.531908 1.92705 1.27115e+06
/joint r_hand 2 0.456333 0.491199 1.77625 1.27115e+06
/joint torso 2 0.478994 0.480459 1.89722 1.27115e+06
/joint l_hip 2 0.510997 0.596119 1.88003 1.27116e+06
/joint l_knee 2 0.525955 0.81647 1.82002 1.27116e+06
/joint r_hip 2 0.436823 0.589093 1.92594 1.27116e+06
/joint r_knee 2 0.44527 0.770962 1.72836 1.27118e+06
/user/1 0.813923 0 1.60372 0 0 1.27118e+06
/joint head 2 0.486065 0.257822 1.87642 1.27118e+06
/joint neck 2 0.484078 0.369361 1.89131 1.27118e+06
/joint l_shoulder 2 0.549235 0.375464 1.84963 1.2712e+06
/joint l_elbow 2 0.638159 0.309298 1.67309 1.2712e+06
/joint l_hand 2 0.655269 0.276868 1.45963 1.2712e+06
---STOP: 2014-01-16-17-43-28-537---
