
---START: 2014-01-17-19-15-03-120---
/joint r_hand 1 0.424651 0.621613 2.65083 188698
/joint torso 1 0.481945 0.419248 2.58721 188698
/joint l_hip 1 0.517614 0.528758 2.53098 188698
/joint l_knee 1 0.542723 0.76295 2.57941 188714
/joint l_foot 1 0.538055 0.993294 2.51231 188714
/joint r_hip 1 0.436172 0.52684 2.5588 188714
/joint r_knee 1 0.459806 0.763529 2.55009 188714
/joint r_foot 1 0.466516 0.973689 2.54618 188731
/joint head 1 0.486325 0.194424 2.68043 188731
/joint neck 1 0.48682 0.311277 2.63013 188731
/joint l_shoulder 1 0.549253 0.3124 2.60967 188747
/joint l_elbow 1 0.636823 0.251743 2.48463 188747
/joint l_hand 1 0.630593 0.209852 2.25577 188747
/joint r_shoulder 1 0.424386 0.310154 2.65059 188764
/joint r_elbow 1 0.424387 0.466346 2.65059 188764
/joint r_hand 1 0.424385 0.622538 2.65059 188764
/joint torso 1 0.48227 0.41989 2.58801 188764
/joint l_hip 1 0.518501 0.529237 2.53252 188781
/joint l_knee 1 0.543155 0.763675 2.57981 188781
/joint l_foot 1 0.539123 0.993052 2.51143 188781
/joint r_hip 1 0.436939 0.52777 2.55925 188798
/joint r_knee 1 0.461608 0.764281 2.55943 188798
/joint r_foot 1 0.467199 0.971632 2.54533 188798
/joint head 1 0.486367 0.195451 2.68044 188815
/joint neck 1 0.487038 0.312068 2.6274 188815
/joint l_shoulder 1 0.549401 0.312847 2.60607 188815
/joint l_elbow 1 0.637649 0.248013 2.48362 188815
/joint l_hand 1 0.628981 0.210427 2.25153 188832
/joint r_shoulder 1 0.424676 0.311289 2.64874 188832
/joint r_elbow 1 0.424676 0.467481 2.64874 188832
/joint r_hand 1 0.424674 0.623673 2.64874 188848
/joint torso 1 0.482598 0.420538 2.5844 188848
/joint l_hip 1 0.5189 0.529516 2.52745 188848
/joint l_knee 1 0.54233 0.764292 2.57371 188848
/joint l_foot 1 0.53842 0.995209 2.50045 188865
/joint r_hip 1 0.437417 0.528499 2.55532 188865
/joint r_knee 1 0.461283 0.765161 2.55079 188865
/joint r_foot 1 0.466462 0.973283 2.54052 188881
/joint head 1 0.486305 0.196513 2.68013 188881
/joint neck 1 0.487252 0.313082 2.6259 188881
/joint l_shoulder 1 0.549497 0.313268 2.60323 188898
/joint l_elbow 1 0.637688 0.247996 2.48586 188898
/joint l_hand 1 0.629462 0.21363 2.2531 188898
/joint r_shoulder 1 0.425006 0.312896 2.64857 188914
/joint r_elbow 1 0.425007 0.469089 2.64857 188914
/joint r_hand 1 0.425005 0.625281 2.64857 188914
/joint torso 1 0.483036 0.421336 2.58159 188914
/joint l_hip 1 0.519489 0.529712 2.52247 188931
/joint l_knee 1 0.542304 0.764053 2.57442 188931
/joint l_foot 1 0.53849 0.99215 2.50497 188931
/joint r_hip 1 0.43815 0.529469 2.55209 188947
/joint r_knee 1 0.460853 0.766374 2.55062 188947
/joint r_foot 1 0.467854 0.973939 2.54263 188947
/joint head 1 0.485099 0.195881 2.68138 188964
/joint neck 1 0.485811 0.312612 2.62852 188964
/joint l_shoulder 1 0.54816 0.312753 2.60701 188964
/joint l_elbow 1 0.635365 0.252935 2.49397 188964
/joint l_hand 1 0.63038 0.215389 2.26548 188980
/joint r_shoulder 1 0.423462 0.312471 2.65003 188980
/joint r_elbow 1 0.423463 0.468663 2.65003 188980
/joint r_hand 1 0.42346 0.624855 2.65003 188997
/joint torso 1 0.481906 0.421 2.58484 188997
/joint l_hip 1 0.518738 0.529479 2.52711 188997
/joint l_knee 1 0.54099 0.763677 2.58161 189013
/joint l_foot 1 0.536496 0.990774 2.51532 189013
/joint r_hip 1 0.437265 0.529295 2.55521 189013
/joint r_knee 1 0.458567 0.766447 2.55349 189013
/joint r_foot 1 0.466206 0.972751 2.55015 189029
/joint head 1 0.486705 0.195506 2.68135 189029
/joint neck 1 0.486913 0.312012 2.62789 189030
/joint l_shoulder 1 0.549164 0.312799 2.60546 189046
/joint l_elbow 1 0.636314 0.25483 2.49379 189046
/joint l_hand 1 0.629221 0.215144 2.2697 189046
/joint r_shoulder 1 0.424663 0.311224 2.65032 189062
/joint r_elbow 1 0.424663 0.467416 2.65032 189062
/joint r_hand 1 0.424661 0.623608 2.65032 189062
/joint torso 1 0.482187 0.420308 2.58398 189079
/joint l_hip 1 0.518143 0.529119 2.5254 189079
/joint l_knee 1 0.540177 0.763985 2.57309 189079
/joint l_foot 1 0.537098 0.990422 2.51284 189079
/joint r_hip 1 0.436777 0.52809 2.55472 189096
/joint r_knee 1 0.459931 0.764859 2.54738 189096
/joint r_foot 1 0.464823 0.971161 2.54702 189096
/joint head 1 0.486888 0.194873 2.68063 189112
/joint neck 1 0.487365 0.311599 2.62673 189112
/joint l_shoulder 1 0.549486 0.312018 2.60286 189112
/joint l_elbow 1 0.636813 0.253996 2.49375 189128
/joint l_hand 1 0.626973 0.211313 2.27465 189128
/joint r_shoulder 1 0.425245 0.31118 2.65061 189128
/joint r_elbow 1 0.425245 0.467372 2.65061 189129
/joint r_hand 1 0.425243 0.623564 2.65061 189145
/joint torso 1 0.482716 0.419862 2.58262 189145
/joint l_hip 1 0.518663 0.528399 2.5229 189145
/joint l_knee 1 0.542813 0.762392 2.57572 189161
/joint l_foot 1 0.53827 0.992581 2.50653 189161
/joint r_hip 1 0.43747 0.527851 2.5541 189162
/joint r_knee 1 0.461094 0.76452 2.54425 189178
/joint r_foot 1 0.466316 0.973417 2.54485 189178
/joint head 1 0.486068 0.193905 2.68178 189178
/joint neck 1 0.486939 0.310942 2.62711 189195
/joint l_shoulder 1 0.549043 0.311017 2.60288 189195
/joint l_elbow 1 0.63705 0.252526 2.49016 189195
/joint l_hand 1 0.627036 0.212327 2.26897 189195
/joint r_shoulder 1 0.424835 0.310867 2.65134 189212
/joint r_elbow 1 0.424835 0.467059 2.65134 189212
/joint r_hand 1 0.424833 0.623251 2.65134 189212
/joint torso 1 0.482575 0.41923 2.58311 189229
/joint l_hip 1 0.518785 0.527567 2.52329 189229
/joint l_knee 1 0.540935 0.761027 2.58397 189229
/joint l_foot 1 0.537501 0.990057 2.50901 189229
/joint r_hip 1 0.437636 0.527469 2.55494 189245
/joint r_knee 1 0.460309 0.764353 2.54771 189245
/joint r_foot 1 0.466523 0.973921 2.54803 189245
/joint head 1 0.486085 0.195035 2.68067 189262
/joint neck 1 0.486554 0.31126 2.62786 189262
/joint l_shoulder 1 0.548791 0.311988 2.60519 189262
/joint l_elbow 1 0.636965 0.254633 2.49263 189278
/joint l_hand 1 0.625665 0.209723 2.27248 189278
/joint r_shoulder 1 0.424317 0.310533 2.65053 189278
/joint r_elbow 1 0.424318 0.466725 2.65053 189278
/joint r_hand 1 0.424315 0.622917 2.65053 189295
/joint torso 1 0.481883 0.419629 2.58439 189295
/joint l_hip 1 0.517882 0.528472 2.5261 189295
/joint l_knee 1 0.541954 0.761333 2.58929 189312
/joint l_foot 1 0.536307 0.990553 2.5128 189312
/joint r_hip 1 0.436541 0.527522 2.55573 189312
/joint r_knee 1 0.460608 0.76418 2.54956 189329
/joint r_foot 1 0.463895 0.974171 2.54456 189329
/joint head 1 0.486617 0.196183 2.68028 189329
/joint neck 1 0.487147 0.312146 2.62603 189329
/joint l_shoulder 1 0.549416 0.312834 2.60358 189346
/joint l_elbow 1 0.636743 0.252866 2.48978 189346
/joint l_hand 1 0.626034 0.211842 2.26797 189346
/joint r_shoulder 1 0.424877 0.311458 2.64849 189363
/joint r_elbow 1 0.424878 0.46765 2.64849 189363
/joint r_hand 1 0.424875 0.623842 2.64849 189363
/joint torso 1 0.482514 0.420422 2.5821 189379
/joint l_hip 1 0.518563 0.529148 2.5235 189379
/joint l_knee 1 0.544553 0.762032 2.5835 189379
/joint l_foot 1 0.537023 0.993133 2.50494 189379
/joint r_hip 1 0.4372 0.528249 2.55284 189396
/joint r_knee 1 0.461487 0.764854 2.54497 189396
/joint r_foot 1 0.466312 0.975771 2.54066 189396
/joint head 1 0.486159 0.194576 2.68011 189412
/joint neck 1 0.487652 0.310997 2.62565 189412
/joint l_shoulder 1 0.54976 0.310603 2.60157 189412
/joint l_elbow 1 0.636685 0.252297 2.48983 189429
/joint l_hand 1 0.626294 0.212581 2.26576 189429
/joint r_shoulder 1 0.425545 0.311392 2.64973 189429
/joint r_elbow 1 0.425545 0.467584 2.64973 189429
/joint r_hand 1 0.425543 0.623776 2.64973 189446
/joint torso 1 0.483793 0.419349 2.58184 189446
/joint l_hip 1 0.520519 0.527443 2.52229 189446
/joint l_knee 1 0.545933 0.76066 2.58058 189462
/joint l_foot 1 0.538059 0.987676 2.51205 189462
/joint r_hip 1 0.439348 0.527959 2.55376 189462
/joint r_knee 1 0.462759 0.764693 2.54412 189479
/joint r_foot 1 0.467555 0.97337 2.54421 189479
/joint head 1 0.486894 0.192361 2.68113 189479
/joint neck 1 0.487874 0.308911 2.62678 189479
/joint l_shoulder 1 0.549497 0.308301 2.59838 189495
/joint l_elbow 1 0.637821 0.253562 2.48978 189495
/joint l_hand 1 0.626416 0.212938 2.26498 189495
/joint r_shoulder 1 0.42625 0.309521 2.65519 189511
/joint r_elbow 1 0.426251 0.465713 2.65519 189511
/joint r_hand 1 0.426248 0.621905 2.65519 189511
/joint torso 1 0.483449 0.417262 2.58315 189528
/joint l_hip 1 0.519304 0.525214 2.52096 189528
/joint l_knee 1 0.541943 0.759137 2.57727 189528
/joint l_foot 1 0.53511 0.986691 2.51606 189528
/joint r_hip 1 0.438746 0.526012 2.55809 189546
/joint r_knee 1 0.458969 0.76327 2.55115 189546
/joint r_foot 1 0.465011 0.971574 2.54808 189546
/joint head 1 0.486608 0.192054 2.68056 189562
/joint neck 1 0.4878 0.308563 2.62602 189562
/joint l_shoulder 1 0.54959 0.308053 2.59902 189562
/joint l_elbow 1 0.638366 0.256523 2.48988 189579
/joint l_hand 1 0.625927 0.213613 2.26665 189579
/joint r_shoulder 1 0.42601 0.309074 2.65303 189579
/joint r_elbow 1 0.42601 0.465266 2.65303 189579
/joint r_hand 1 0.426008 0.621458 2.65303 189595
/joint torso 1 0.483525 0.416908 2.58229 189595
/joint l_hip 1 0.519611 0.524919 2.52091 189595
/joint l_knee 1 0.544478 0.758131 2.58002 189611
/joint l_foot 1 0.537001 0.98892 2.5178 189611
/joint r_hip 1 0.438888 0.525586 2.5562 189611
/joint r_knee 1 0.460145 0.762714 2.54992 189628
/joint r_foot 1 0.467071 0.971715 2.54205 189628
/joint head 1 0.486442 0.194473 2.66743 189628
/joint neck 1 0.488077 0.312866 2.61918 189628
/joint l_shoulder 1 0.550282 0.313186 2.59623 189645
/joint l_elbow 1 0.635107 0.257203 2.48602 189645
/joint l_hand 1 0.625833 0.216172 2.2648 189645
/joint r_shoulder 1 0.425872 0.312546 2.64213 189661
/joint r_elbow 1 0.425872 0.468739 2.64213 189661
/joint r_hand 1 0.42587 0.624931 2.64213 189661
/joint torso 1 0.484159 0.422027 2.58012 189678
/joint l_hip 1 0.520882 0.531397 2.52607 189678
/joint l_knee 1 0.545495 0.764275 2.5886 189678
/joint l_foot 1 0.538481 0.996883 2.51861 189695
/joint r_hip 1 0.4396 0.530979 2.55606 189695
/joint r_knee 1 0.460484 0.768195 2.55161 189695
/joint r_foot 1 0.467729 0.979706 2.54388 189695
/joint head 1 0.486306 0.192731 2.67522 189712
/joint neck 1 0.488121 0.310462 2.62373 189712
/joint l_shoulder 1 0.550256 0.31034 2.59999 189712
/joint l_elbow 1 0.630365 0.257032 2.48555 189729
/joint l_hand 1 0.624966 0.217888 2.26604 189729
/joint r_shoulder 1 0.425986 0.310585 2.64748 189729
/joint r_elbow 1 0.425987 0.466777 2.64748 189729
/joint r_hand 1 0.425984 0.622969 2.64748 189746
/joint torso 1 0.484222 0.419116 2.58165 189746
/joint l_hip 1 0.5209 0.52769 2.52406 189746
/joint l_knee 1 0.54336 0.761945 2.57666 189763
/joint l_foot 1 0.537157 0.989663 2.50616 189763
/joint r_hip 1 0.439745 0.52785 2.55507 189763
/joint r_knee 1 0.458205 0.765418 2.55181 189784
/joint r_foot 1 0.467968 0.970944 2.54515 189784
/joint head 1 0.48578 0.194487 2.67718 189784
/joint neck 1 0.487905 0.311532 2.62446 189784
/joint l_shoulder 1 0.550348 0.311607 2.60446 189784
/joint l_elbow 1 0.627424 0.258229 2.47917 189804
/joint l_hand 1 0.625595 0.219809 2.25973 189804
/joint r_shoulder 1 0.425461 0.311456 2.64445 189804
/joint r_elbow 1 0.425462 0.467648 2.64445 189804
/joint r_hand 1 0.425459 0.62384 2.64445 189822
/joint torso 1 0.484381 0.420029 2.58136 189822
/joint l_hip 1 0.521663 0.528575 2.5252 189822
/joint l_knee 1 0.544233 0.762585 2.58059 189839
/joint l_foot 1 0.537602 0.992082 2.51365 189839
/joint r_hip 1 0.44005 0.528477 2.55133 189839
/joint r_knee 1 0.459738 0.765882 2.55091 189839
/joint r_foot 1 0.466986 0.97488 2.53987 189856
/joint head 1 0.486943 0.193605 2.67938 189856
/joint neck 1 0.488523 0.310781 2.62624 189856
/joint l_shoulder 1 0.551088 0.311195 2.60778 189872
/joint l_elbow 1 0.626121 0.260113 2.47445 189873
/joint l_hand 1 0.624086 0.220166 2.2551 189873
/joint r_shoulder 1 0.425958 0.310368 2.6447 189873
/joint r_elbow 1 0.425959 0.46656 2.6447 189889
/joint r_hand 1 0.425956 0.622752 2.6447 189889
/joint torso 1 0.484893 0.41916 2.58249 189889
/joint l_hip 1 0.522137 0.527808 2.52668 189906
/joint l_knee 1 0.542788 0.762661 2.57673 189906
/joint l_foot 1 0.537167 0.989837 2.51928 189906
/joint r_hip 1 0.440389 0.527268 2.5508 189923
/joint r_knee 1 0.460124 0.764613 2.55663 189923
/joint r_foot 1 0.467544 0.97338 2.54491 189923
/joint head 1 0.487271 0.195306 2.67992 189923
/joint neck 1 0.487913 0.31186 2.62749 189940
/joint l_shoulder 1 0.55065 0.312841 2.61164 189940
/joint l_elbow 1 0.62253 0.262585 2.47075 189940
/joint l_hand 1 0.617255 0.222965 2.24813 189957
/joint r_shoulder 1 0.425176 0.310879 2.64333 189957
/joint r_elbow 1 0.425176 0.467072 2.64333 189957
/joint r_hand 1 0.425174 0.623264 2.64333 189973
/joint torso 1 0.484185 0.420196 2.58352 189973
/joint l_hip 1 0.521456 0.529172 2.5292 189973
/joint l_knee 1 0.542336 0.763635 2.5831 189990
/joint l_foot 1 0.537688 0.994809 2.51713 189990
/joint r_hip 1 0.439458 0.52789 2.5499 189990
/joint r_knee 1 0.459104 0.765217 2.54656 189990
/joint r_foot 1 0.466393 0.975639 2.54429 190006
/joint head 1 0.486481 0.195819 2.68044 190007
/joint neck 1 0.487103 0.31215 2.62857 190007
/joint l_shoulder 1 0.549998 0.313614 2.61564 190023
/joint l_elbow 1 0.613312 0.263803 2.46173 190023
/joint l_hand 1 0.612654 0.225294 2.2378 190023
/joint r_shoulder 1 0.424208 0.310686 2.6415 190023
/joint r_elbow 1 0.424208 0.466878 2.6415 190040
/joint r_hand 1 0.424206 0.62307 2.6415 190040
/joint torso 1 0.483409 0.420432 2.5843 190040
/joint l_hip 1 0.520818 0.529672 2.53158 190056
/joint l_knee 1 0.541142 0.764207 2.58587 190056
/joint l_foot 1 0.538399 0.997449 2.50953 190056
/joint r_hip 1 0.438612 0.527758 2.54848 190073
/joint r_knee 1 0.460461 0.764428 2.56052 190073
/joint r_foot 1 0.465351 0.973797 2.54209 190073
/joint head 1 0.488144 0.192804 2.6922 190073
/joint neck 1 0.487907 0.308262 2.63571 190089
/joint l_shoulder 1 0.550786 0.310467 2.62263 190089
/joint l_elbow 1 0.607474 0.265091 2.44347 190089
/joint l_hand 1 0.608405 0.226911 2.22369 190106
/joint r_shoulder 1 0.425028 0.306057 2.64879 190106
/joint r_elbow 1 0.425028 0.462249 2.64879 190106
/joint r_hand 1 0.425026 0.618441 2.64879 190123
/joint torso 1 0.483287 0.415743 2.58766 190123
/joint l_hip 1 0.519755 0.524665 2.53106 190123
/joint l_knee 1 0.540861 0.759412 2.58201 190140
/joint l_foot 1 0.538298 0.989266 2.51072 190140
/joint r_hip 1 0.43758 0.521783 2.54815 190140
/joint r_knee 1 0.461448 0.758267 2.55864 190140
/joint r_foot 1 0.463623 0.969756 2.53962 190156
/joint head 1 0.488559 0.193556 2.68632 190156
/joint neck 1 0.488018 0.309646 2.63298 190156
/joint l_shoulder 1 0.550866 0.312369 2.6195 190173
/joint l_elbow 1 0.604358 0.265775 2.43064 190173
/joint l_hand 1 0.605859 0.227546 2.21238 190173
/joint r_shoulder 1 0.425171 0.306923 2.64645 190173
/joint r_elbow 1 0.425171 0.463115 2.64645 190190
/joint r_hand 1 0.425169 0.619307 2.64645 190190
/joint torso 1 0.482933 0.417529 2.58715 190190
/joint l_hip 1 0.518923 0.527191 2.53252 190207
/joint l_knee 1 0.540428 0.761523 2.58699 190207
/joint l_foot 1 0.538538 0.997872 2.50988 190207
/joint r_hip 1 0.436772 0.523632 2.55014 190224
/joint r_knee 1 0.462994 0.759785 2.55456 190224
/joint r_foot 1 0.464706 0.980367 2.54543 190224
/joint head 1 0.488955 0.19371 2.68297 190224
/joint neck 1 0.488184 0.31019 2.63115 190241
/joint l_shoulder 1 0.551016 0.313322 2.61766 190241
/joint l_elbow 1 0.597133 0.263249 2.42225 190241
/joint l_hand 1 0.60151 0.229329 2.20141 190258
/joint r_shoulder 1 0.425353 0.307058 2.64464 190258
/joint r_elbow 1 0.425353 0.463251 2.64464 190258
/joint r_hand 1 0.425351 0.619443 2.64464 190275
/joint torso 1 0.482754 0.418267 2.58645 190275
/joint l_hip 1 0.518397 0.52839 2.53293 190275
/joint l_knee 1 0.541644 0.762825 2.58324 190275
/joint l_foot 1 0.538662 0.998074 2.5064 190292
/joint r_hip 1 0.436252 0.524296 2.55057 190292
/joint r_knee 1 0.462583 0.760456 2.5579 190292
/joint r_foot 1 0.465023 0.976358 2.54349 190309
/joint head 1 0.489809 0.192695 2.68179 190309
/joint neck 1 0.488973 0.309709 2.63047 190309
/joint l_shoulder 1 0.55174 0.312838 2.61578 190309
/joint l_elbow 1 0.593323 0.269286 2.42086 190326
/joint l_hand 1 0.599283 0.228198 2.20183 190326
/joint r_shoulder 1 0.426206 0.306581 2.64515 190326
/joint r_elbow 1 0.426207 0.462773 2.64515 190342
/joint r_hand 1 0.426205 0.618965 2.64515 190342
/joint torso 1 0.483338 0.417801 2.58594 190342
/joint l_hip 1 0.518735 0.527939 2.53182 190359
/joint l_knee 1 0.544382 0.761167 2.58908 190359
/joint l_foot 1 0.539236 0.994597 2.508 190359
/joint r_hip 1 0.436671 0.523848 2.55102 190359
/joint r_knee 1 0.46262 0.760117 2.55866 190376
/joint r_foot 1 0.465584 0.975652 2.54372 190376
/joint head 1 0.488465 0.190481 2.69306 190376
/joint neck 1 0.488592 0.306104 2.63557 190393
/joint l_shoulder 1 0.551293 0.307964 2.61923 190393
/joint l_elbow 1 0.590681 0.268182 2.41651 190393
/joint l_hand 1 0.593293 0.227775 2.19498 190393
/joint r_shoulder 1 0.425891 0.304243 2.6519 190410
/joint r_elbow 1 0.425891 0.460435 2.6519 190410
/joint r_hand 1 0.425889 0.616627 2.6519 190410
/joint torso 1 0.483644 0.413489 2.58712 190427
/joint l_hip 1 0.519681 0.522091 2.528 190427
/joint l_knee 1 0.543694 0.754882 2.59169 190427
/joint l_foot 1 0.540493 0.989826 2.50524 190443
/joint r_hip 1 0.437712 0.519658 2.54935 190443
/joint r_knee 1 0.462772 0.756101 2.55783 190443
/joint r_foot 1 0.466418 0.971854 2.54172 190443
/joint head 1 0.487808 0.19243 2.68609 190460
/joint neck 1 0.487669 0.308707 2.63326 190461
/joint l_shoulder 1 0.550363 0.310564 2.61681 190461
/joint l_elbow 1 0.589741 0.266861 2.41381 190477
/joint l_hand 1 0.590832 0.227466 2.18907 190477
/joint r_shoulder 1 0.424974 0.306851 2.6497 190477
/joint r_elbow 1 0.424975 0.463043 2.6497 190495
/joint r_hand 1 0.424972 0.619235 2.6497 190495
/joint torso 1 0.482894 0.41669 2.58786 190495
/joint l_hip 1 0.519092 0.525887 2.53172 190495
/joint l_knee 1 0.542906 0.758767 2.59538 190511
/joint l_foot 1 0.53907 0.999074 2.51417 190511
/joint r_hip 1 0.437145 0.52346 2.55322 190511
/joint r_knee 1 0.460589 0.76021 2.56096 190527
/joint r_foot 1 0.466255 0.98066 2.55104 190527
/joint head 1 0.487455 0.194652 2.68302 190527
/joint neck 1 0.487668 0.310867 2.63038 190544
/joint l_shoulder 1 0.550329 0.312559 2.61337 190544
/joint l_elbow 1 0.588293 0.267243 2.40693 190544
/joint l_hand 1 0.588914 0.227182 2.18435 190544
/joint r_shoulder 1 0.425008 0.309176 2.64739 190560
/joint r_elbow 1 0.425008 0.465368 2.64739 190560
/joint r_hand 1 0.425006 0.62156 2.64739 190560
/joint torso 1 0.483006 0.419025 2.58586 190577
/joint l_hip 1 0.519298 0.528288 2.53022 190577
/joint l_knee 1 0.542212 0.762541 2.58167 190577
/joint l_foot 1 0.539899 0.998444 2.50782 190594
/joint r_hip 1 0.437387 0.526077 2.55245 190594
/joint r_knee 1 0.461097 0.762818 2.55632 190594
/joint r_foot 1 0.466229 0.97643 2.54489 190594
/joint head 1 0.485634 0.194267 2.68109 190610
/joint neck 1 0.486408 0.310983 2.62871 190610
/joint l_shoulder 1 0.549087 0.312189 2.61163 190610
/joint l_elbow 1 0.588164 0.265893 2.40468 190627
/joint l_hand 1 0.588826 0.226954 2.18263 190627
/joint r_shoulder 1 0.423729 0.309777 2.64579 190627
/joint r_elbow 1 0.423729 0.46597 2.64579 190643
/joint r_hand 1 0.423727 0.622162 2.64579 190643
/joint torso 1 0.482223 0.419211 2.58446 190643
/joint l_hip 1 0.518997 0.528226 2.52906 190659
/joint l_knee 1 0.542224 0.762493 2.58067 190659
/joint l_foot 1 0.539029 0.994017 2.50725 190659
/joint r_hip 1 0.437079 0.52665 2.55137 190659
/joint r_knee 1 0.459709 0.763593 2.55441 190676
/joint r_foot 1 0.467407 0.975998 2.54703 190676
/joint head 1 0.485435 0.194881 2.68096 190676
/joint neck 1 0.48672 0.311569 2.62807 190692
/joint l_shoulder 1 0.549381 0.312195 2.61062 190692
/joint l_elbow 1 0.590466 0.267856 2.40201 190692
/joint l_hand 1 0.588816 0.226919 2.18193 190709
/joint r_shoulder 1 0.424059 0.310943 2.64553 190709
/joint r_elbow 1 0.424059 0.467136 2.64553 190709
/joint r_hand 1 0.424057 0.623328 2.64553 190709
/joint torso 1 0.483009 0.419769 2.58352 190726
/joint l_hip 1 0.520244 0.528378 2.52757 190726
/joint l_knee 1 0.543305 0.762563 2.58071 190726
/joint l_foot 1 0.53982 0.994252 2.50843 190742
/joint r_hip 1 0.438353 0.52756 2.55038 190742
/joint r_knee 1 0.461789 0.764374 2.55187 190742
/joint r_foot 1 0.469273 0.976879 2.54714 190759
/joint head 1 0.485453 0.195387 2.68059 190759
/joint neck 1 0.486862 0.311707 2.62769 190759
/joint l_shoulder 1 0.549413 0.31205 2.60888 190759
/joint l_elbow 1 0.593776 0.269115 2.4 190776
/joint l_hand 1 0.588624 0.228533 2.178 190776
/joint r_shoulder 1 0.424311 0.311365 2.6465 190776
/joint r_elbow 1 0.424311 0.467557 2.6465 190793
/joint r_hand 1 0.424309 0.623749 2.6465 190793
/joint torso 1 0.483207 0.419988 2.58351 190793
/joint l_hip 1 0.520435 0.528494 2.52703 190809
/joint l_knee 1 0.543151 0.762834 2.57944 190809
/joint l_foot 1 0.539529 0.993711 2.51246 190809
/joint r_hip 1 0.43867 0.528046 2.55162 190809
/joint r_knee 1 0.460885 0.765068 2.55117 190826
/joint r_foot 1 0.467651 0.977504 2.5486 190826
/joint head 1 0.485084 0.192966 2.68012 190826
/joint neck 1 0.487002 0.310004 2.62779 190843
/joint l_shoulder 1 0.549391 0.309784 2.60705 190843
/joint l_elbow 1 0.595649 0.268221 2.40029 190843
/joint l_hand 1 0.588954 0.230587 2.17765 190843
/joint r_shoulder 1 0.424613 0.310225 2.64853 190860
/joint r_elbow 1 0.424614 0.466417 2.64853 190860
/joint r_hand 1 0.424611 0.622609 2.64853 190860
/joint torso 1 0.483576 0.418367 2.58397 190877
/joint l_hip 1 0.520931 0.526586 2.52659 190877
/joint l_knee 1 0.543047 0.761034 2.57904 190877
/joint l_foot 1 0.539224 0.991979 2.51016 190894
/joint r_hip 1 0.439368 0.526874 2.5537 190894
/joint r_knee 1 0.459909 0.764161 2.55417 190894
/joint r_foot 1 0.46944 0.976103 2.5553 190894
/joint head 1 0.483745 0.192712 2.68078 190909
/joint neck 1 0.485852 0.309816 2.62892 190909
/joint l_shoulder 1 0.548044 0.309091 2.60603 190909
/joint l_elbow 1 0.59816 0.265712 2.40015 190926
/joint l_hand 1 0.587395 0.231593 2.17696 190926
/joint r_shoulder 1 0.42366 0.310541 2.65181 190926
/joint r_elbow 1 0.423661 0.466734 2.65181 190943
/joint r_hand 1 0.423658 0.622926 2.65181 190943
/joint torso 1 0.48256 0.418245 2.58541 190943
/joint l_hip 1 0.519921 0.526199 2.52694 190943
/joint l_knee 1 0.54149 0.761177 2.57459 190960
/joint l_foot 1 0.537208 0.993382 2.51133 190960
/joint r_hip 1 0.438616 0.527148 2.55687 190960
/joint r_knee 1 0.458266 0.764531 2.55219 190977
/joint r_foot 1 0.467508 0.975589 2.55657 190977
/joint head 1 0.483206 0.193529 2.68061 190977
/joint neck 1 0.485456 0.310825 2.62907 190994
/joint l_shoulder 1 0.547714 0.310085 2.60679 190994
/joint l_elbow 1 0.596472 0.270436 2.39925 190994
/joint l_hand 1 0.58599 0.236082 2.17341 190994
/joint r_shoulder 1 0.423198 0.311565 2.65134 191011
/joint r_elbow 1 0.423198 0.467758 2.65134 191011
/joint r_hand 1 0.423196 0.62395 2.65134 191011
/joint torso 1 0.482301 0.419278 2.58569 191029
/joint l_hip 1 0.519832 0.527247 2.52775 191029
/joint l_knee 1 0.542694 0.761694 2.57872 191029
/joint l_foot 1 0.538846 0.995276 2.51078 191029
/joint r_hip 1 0.43846 0.528215 2.55686 191046
/joint r_knee 1 0.460383 0.765238 2.5517 191046
/joint r_foot 1 0.46591 0.973316 2.548 191046
/joint head 1 0.482706 0.193475 2.68049 191062
/joint neck 1 0.484879 0.311274 2.62864 191062
/joint l_shoulder 1 0.54709 0.310491 2.60594 191062
/joint l_elbow 1 0.596597 0.273818 2.39708 191080
/joint l_hand 1 0.585364 0.242836 2.17141 191080
/joint r_shoulder 1 0.422668 0.312057 2.65134 191080
/joint r_elbow 1 0.422668 0.46825 2.65134 191080
/joint r_hand 1 0.422666 0.624442 2.65134 191096
/joint torso 1 0.481697 0.41975 2.58534 191096
/joint l_hip 1 0.51918 0.527715 2.5272 191096
/joint l_knee 1 0.542083 0.762616 2.57304 191113
/joint l_foot 1 0.538654 0.995446 2.50549 191113
/joint r_hip 1 0.437849 0.528739 2.55688 191113
/joint r_knee 1 0.459897 0.765771 2.5532 191113
/joint r_foot 1 0.465547 0.974098 2.54879 191130
/joint head 1 0.481688 0.194303 2.68231 191130
/joint neck 1 0.484053 0.312015 2.62875 191130
/joint l_shoulder 1 0.545939 0.310327 2.60293 191148
/joint l_elbow 1 0.597694 0.281845 2.39711 191148
/joint l_hand 1 0.586888 0.248478 2.17263 191148
/joint r_shoulder 1 0.422166 0.313703 2.65456 191148
/joint r_elbow 1 0.422167 0.469895 2.65456 191164
/joint r_hand 1 0.422164 0.626087 2.65456 191164
/joint torso 1 0.481147 0.420412 2.58493 191164
/joint l_hip 1 0.518704 0.527705 2.52424 191181
/joint l_knee 1 0.541103 0.762648 2.57082 191181
/joint l_foot 1 0.538794 0.995089 2.50333 191181
/joint r_hip 1 0.43778 0.529913 2.558 191198
/joint r_knee 1 0.459909 0.766931 2.55311 191198
/joint r_foot 1 0.466508 0.976212 2.55198 191198
/joint head 1 0.482028 0.193135 2.68163 191198
/joint neck 1 0.484177 0.310825 2.62963 191215
/joint l_shoulder 1 0.545912 0.309417 2.6024 191215
/joint l_elbow 1 0.599764 0.282686 2.39404 191215
/joint l_hand 1 0.587761 0.257697 2.16998 191232
/joint r_shoulder 1 0.422441 0.312232 2.65686 191232
/joint r_elbow 1 0.422441 0.468424 2.65686 191232
/joint r_hand 1 0.422439 0.624616 2.65686 191249
/joint torso 1 0.480828 0.419347 2.58664 191249
/joint l_hip 1 0.517831 0.52695 2.52585 191249
/joint l_knee 1 0.540124 0.761696 2.57486 191249
/joint l_foot 1 0.538199 0.993626 2.50926 191265
/joint r_hip 1 0.437127 0.528789 2.56144 191265
/joint r_knee 1 0.458529 0.765851 2.55207 191265
/joint r_foot 1 0.466305 0.974896 2.5553 191281
/joint head 1 0.481124 0.194189 2.68208 191281
/joint neck 1 0.483299 0.311836 2.62972 191281
/joint l_shoulder 1 0.545012 0.31017 2.60214 191297
/joint l_elbow 1 0.598653 0.29067 2.39794 191297
/joint l_hand 1 0.58831 0.265519 2.17017 191297
/joint r_shoulder 1 0.421586 0.313502 2.6573 191314
/joint r_elbow 1 0.421586 0.469694 2.6573 191314
/joint r_hand 1 0.421584 0.625886 2.6573 191314
/joint torso 1 0.480087 0.420262 2.58623 191314
/joint l_hip 1 0.517205 0.527599 2.52471 191331
/joint l_knee 1 0.540326 0.762107 2.57478 191331
/joint l_foot 1 0.53795 0.995192 2.50676 191331
/joint r_hip 1 0.436544 0.529776 2.56076 191348
/joint r_knee 1 0.458737 0.766632 2.54776 191348
/joint r_foot 1 0.467394 0.977489 2.55316 191348
/joint head 1 0.479358 0.195201 2.68108 191348
/joint neck 1 0.482278 0.313012 2.62895 191365
/joint l_shoulder 1 0.543973 0.310962 2.60117 191365
/joint l_elbow 1 0.597519 0.296495 2.39594 191365
/joint l_hand 1 0.588695 0.277573 2.16665 191383
/joint r_shoulder 1 0.420582 0.315062 2.65673 191383
/joint r_elbow 1 0.420583 0.471254 2.65673 191383
/joint r_hand 1 0.420581 0.627446 2.65673 191383
/joint torso 1 0.479453 0.421513 2.58584 191399
/joint l_hip 1 0.516945 0.528674 2.52457 191399
/joint l_knee 1 0.542439 0.7623 2.57879 191399
/joint l_foot 1 0.537498 0.995652 2.50862 191416
/joint r_hip 1 0.43631 0.531353 2.56088 191416
/joint r_knee 1 0.460081 0.767892 2.5461 191416
/joint r_foot 1 0.467082 0.974938 2.55222 191432
/joint head 1 0.478935 0.19426 2.68142 191432
/joint neck 1 0.482048 0.312216 2.62993 191432
/joint l_shoulder 1 0.543648 0.309915 2.60143 191449
/joint l_elbow 1 0.598338 0.302035 2.3911 191449
/joint l_hand 1 0.588216 0.286707 2.16335 191449
/joint r_shoulder 1 0.420447 0.314516 2.65843 191449
/joint r_elbow 1 0.420448 0.470709 2.65843 191466
/joint r_hand 1 0.420445 0.6269 2.65843 191466
/joint torso 1 0.479401 0.42082 2.58732 191466
/joint l_hip 1 0.517017 0.52792 2.52608 191482
/joint l_knee 1 0.542846 0.761446 2.58086 191482
/joint l_foot 1 0.537424 0.993847 2.5108 191482
/joint r_hip 1 0.436493 0.530927 2.56334 191499
/joint r_knee 1 0.461628 0.767266 2.55039 191499
/joint r_foot 1 0.46677 0.973979 2.55375 191499
/joint head 1 0.478571 0.19367 2.68145 191499
/joint neck 1 0.481755 0.312091 2.63114 191516
/joint l_shoulder 1 0.543533 0.310035 2.60424 191516
/joint l_elbow 1 0.598356 0.307409 2.38904 191516
/joint l_hand 1 0.587855 0.294283 2.16002 191533
/joint r_shoulder 1 0.419977 0.314148 2.65804 191533
/joint r_elbow 1 0.419977 0.47034 2.65804 191533
/joint r_hand 1 0.419975 0.626532 2.65804 191533
/joint torso 1 0.479258 0.420874 2.58949 191550
/joint l_hip 1 0.517145 0.528312 2.53026 191550
/joint l_knee 1 0.542106 0.761884 2.58627 191550
/joint l_foot 1 0.537834 0.995806 2.51211 191567
/joint r_hip 1 0.436378 0.531001 2.56543 191567
/joint r_knee 1 0.459783 0.767705 2.55502 191567
/joint r_foot 1 0.465692 0.973429 2.54866 191583
/joint head 1 0.479717 0.193978 2.68249 191583
/joint neck 1 0.482937 0.312048 2.63093 191583
/joint l_shoulder 1 0.544974 0.310381 2.60658 191583
/joint l_elbow 1 0.600112 0.310061 2.38351 191599
/joint l_hand 1 0.589773 0.302332 2.15152 191599
/joint r_shoulder 1 0.420901 0.313715 2.65528 191599
/joint r_elbow 1 0.420901 0.469908 2.65528 191616
/joint r_hand 1 0.420899 0.6261 2.65528 191616
/joint torso 1 0.480423 0.420706 2.58857 191616
/joint l_hip 1 0.518467 0.528275 2.53029 191632
/joint l_knee 1 0.542498 0.762221 2.58437 191632
/joint l_foot 1 0.53979 0.995269 2.50882 191632
/joint r_hip 1 0.437351 0.530455 2.56213 191650
/joint r_knee 1 0.461261 0.767022 2.54922 191650
/joint r_foot 1 0.46657 0.972785 2.54431 191650
/joint head 1 0.478716 0.193933 2.68302 191650
/joint neck 1 0.482081 0.311619 2.63249 191666
/joint l_shoulder 1 0.544227 0.309748 2.60923 191666
/joint l_elbow 1 0.599638 0.313769 2.37925 191666
/joint l_hand 1 0.589573 0.307583 2.148 191683
/joint r_shoulder 1 0.419935 0.313489 2.65574 191683
/joint r_elbow 1 0.419936 0.469682 2.65574 191684
/joint r_hand 1 0.419933 0.625874 2.65574 191684
/joint torso 1 0.480015 0.420392 2.59072 191701
/joint l_hip 1 0.518568 0.527943 2.53375 191701
/joint l_knee 1 0.54127 0.762272 2.58637 191701
/joint l_foot 1 0.538948 0.995441 2.51157 191717
/joint r_hip 1 0.437332 0.530388 2.56415 191717
/joint r_knee 1 0.459688 0.767109 2.54748 191717
/joint r_foot 1 0.466833 0.976387 2.55335 191732
/joint head 1 0.479027 0.193086 2.68203 191732
/joint neck 1 0.481829 0.310927 2.63308 191732
/joint l_shoulder 1 0.544117 0.309521 2.61138 191749
/joint l_elbow 1 0.597426 0.311421 2.38447 191749
/joint l_hand 1 0.587631 0.310664 2.15442 191749
/joint r_shoulder 1 0.419541 0.312334 2.65479 191749
/joint r_elbow 1 0.419542 0.468526 2.65479 191766
/joint r_hand 1 0.419539 0.624718 2.65479 191766
/joint torso 1 0.479615 0.419783 2.5918 191766
/joint l_hip 1 0.518119 0.52772 2.53633 191782
/joint l_knee 1 0.539814 0.76285 2.58161 191782
/joint l_foot 1 0.537981 0.995252 2.51306 191783
/joint r_hip 1 0.436683 0.529559 2.56471 191800
/joint r_knee 1 0.458756 0.766418 2.55091 191800
/joint r_foot 1 0.465662 0.974053 2.54783 191800
/joint head 1 0.479347 0.191852 2.68115 191800
/joint neck 1 0.482341 0.310053 2.63267 191817
/joint l_shoulder 1 0.544663 0.308894 2.61142 191817
/joint l_elbow 1 0.596714 0.315983 2.38594 191817
/joint l_hand 1 0.586561 0.312996 2.15772 191833
/joint r_shoulder 1 0.420019 0.311212 2.65392 191833
/joint r_elbow 1 0.420019 0.467404 2.65392 191833
/joint r_hand 1 0.420017 0.623596 2.65392 191833
/joint torso 1 0.480008 0.419004 2.59193 191850
/joint l_hip 1 0.51842 0.527197 2.53729 191850
/joint l_knee 1 0.54235 0.762177 2.57983 191850
/joint l_foot 1 0.539124 0.994293 2.5126 191866
/joint r_hip 1 0.43693 0.528713 2.56508 191866
/joint r_knee 1 0.459461 0.765521 2.55185 191867
/joint r_foot 1 0.467847 0.972465 2.54522 191882
/joint head 1 0.479228 0.193522 2.68036 191883
/joint neck 1 0.482642 0.310983 2.63107 191883
/joint l_shoulder 1 0.545002 0.309432 2.60997 191883
/joint l_elbow 1 0.595374 0.319828 2.38552 191899
/joint l_hand 1 0.585788 0.314394 2.15644 191899
/joint r_shoulder 1 0.420281 0.312533 2.65218 191899
/joint r_elbow 1 0.420282 0.468725 2.65218 191915
/joint r_hand 1 0.420279 0.624917 2.65218 191915
/joint torso 1 0.480692 0.419866 2.59004 191915
/joint l_hip 1 0.519497 0.527736 2.53521 191932
/joint l_knee 1 0.544075 0.762386 2.58051 191932
/joint l_foot 1 0.539498 0.996608 2.50783 191932
/joint r_hip 1 0.437989 0.529763 2.5628 191948
/joint r_knee 1 0.46043 0.766655 2.55293 191948
/joint r_foot 1 0.467934 0.975657 2.54488 191948
/joint head 1 0.480042 0.193863 2.68107 191949
/joint neck 1 0.483161 0.31127 2.63067 191965
/joint l_shoulder 1 0.545586 0.310105 2.61049 191965
/joint l_elbow 1 0.595293 0.321221 2.38289 191965
/joint l_hand 1 0.586865 0.315172 2.15248 191982
/joint r_shoulder 1 0.420736 0.312436 2.65085 191982
/joint r_elbow 1 0.420736 0.468628 2.65085 191982
/joint r_hand 1 0.420734 0.62482 2.65085 191999
/joint torso 1 0.480963 0.420108 2.58933 191999
/joint l_hip 1 0.519574 0.528184 2.5348 191999
/joint l_knee 1 0.540987 0.763266 2.58123 191999
/joint l_foot 1 0.538337 0.994186 2.5113 192016
/joint r_hip 1 0.437957 0.529708 2.56118 192016
/joint r_knee 1 0.459722 0.766736 2.55236 192016
/joint r_foot 1 0.467298 0.972864 2.54549 192033
/joint head 1 0.480602 0.194029 2.68042 192033
/joint neck 1 0.483793 0.311671 2.62961 192033
/joint l_shoulder 1 0.546412 0.311198 2.61211 192033
/joint l_elbow 1 0.595817 0.320565 2.38214 192050
/joint l_hand 1 0.586839 0.314801 2.15327 192050
/joint r_shoulder 1 0.421175 0.312144 2.6471 192050
/joint r_elbow 1 0.421176 0.468336 2.6471 192067
/joint r_hand 1 0.421173 0.624529 2.6471 192067
/joint torso 1 0.481362 0.420489 2.58818 192067
/joint l_hip 1 0.519875 0.528997 2.53532 192067
/joint l_knee 1 0.541568 0.763677 2.58578 192084
/joint l_foot 1 0.539423 0.995546 2.50966 192084
/joint r_hip 1 0.437988 0.529616 2.5582 192084
/joint r_knee 1 0.459891 0.766661 2.55487 192101
/joint r_foot 1 0.466963 0.971973 2.54451 192101
/joint head 1 0.4807 0.194237 2.67987 192101
/joint neck 1 0.483515 0.311946 2.62939 192118
/joint l_shoulder 1 0.5461 0.311677 2.61159 192118
/joint l_elbow 1 0.597262 0.321049 2.38737 192118
/joint l_hand 1 0.586208 0.314422 2.15724 192118
/joint r_shoulder 1 0.420931 0.312215 2.64718 192135
/joint r_elbow 1 0.420931 0.468407 2.64718 192135
/joint r_hand 1 0.420929 0.624599 2.64718 192135
/joint torso 1 0.480798 0.420683 2.58746 192151
/joint l_hip 1 0.519001 0.529244 2.53389 192151
/joint l_knee 1 0.540232 0.763757 2.58698 192151
/joint l_foot 1 0.538896 0.997291 2.50291 192168
/joint r_hip 1 0.43716 0.529595 2.55716 192168
/joint r_knee 1 0.459966 0.766493 2.55256 192168
/joint r_foot 1 0.464547 0.975529 2.54433 192168
/joint head 1 0.480566 0.19281 2.68173 192185
/joint neck 1 0.4838 0.310232 2.63076 192185
/joint l_shoulder 1 0.546184 0.309295 2.61036 192185
/joint l_elbow 1 0.596246 0.321063 2.38426 192202
/joint l_hand 1 0.586499 0.31422 2.15429 192202
/joint r_shoulder 1 0.421415 0.311168 2.65116 192203
/joint r_elbow 1 0.421416 0.46736 2.65116 192203
/joint r_hand 1 0.421414 0.623553 2.65116 192219
/joint torso 1 0.481269 0.418925 2.58857 192219
/joint l_hip 1 0.519533 0.527005 2.53305 192219
/joint l_knee 1 0.5418 0.761947 2.57943 192236
/joint l_foot 1 0.538818 0.988952 2.51234 192236
/joint r_hip 1 0.437945 0.52823 2.55973 192236
/joint r_knee 1 0.461333 0.765014 2.5533 192252
/joint r_foot 1 0.467134 0.975397 2.54959 192252
/joint head 1 0.480628 0.190554 2.68072 192252
/joint neck 1 0.48366 0.308946 2.63089 192269
/joint l_shoulder 1 0.545913 0.308056 2.60893 192269
/joint l_elbow 1 0.596304 0.320789 2.38552 192269
/joint l_hand 1 0.586568 0.315116 2.15608 192269
/joint r_shoulder 1 0.421407 0.309837 2.65285 192287
/joint r_elbow 1 0.421408 0.466029 2.65285 192287
/joint r_hand 1 0.421405 0.622221 2.65285 192287
/joint torso 1 0.480914 0.417814 2.58981 192304
/joint l_hip 1 0.518868 0.5261 2.53438 192304
/joint l_knee 1 0.541672 0.760531 2.58541 192304
/joint l_foot 1 0.538096 0.98994 2.51395 192304
/joint r_hip 1 0.437467 0.527264 2.5631 192320
/joint r_knee 1 0.459439 0.764292 2.55697 192320
/joint r_foot 1 0.465968 0.975378 2.55129 192320
/joint head 1 0.480593 0.192032 2.67928 192338
/joint neck 1 0.48334 0.310327 2.62941 192338
/joint l_shoulder 1 0.545722 0.309502 2.60889 192338
/joint l_elbow 1 0.597115 0.32117 2.38482 192338
/joint l_hand 1 0.586375 0.315185 2.15583 192354
/joint r_shoulder 1 0.420958 0.311151 2.64994 192354
/joint r_elbow 1 0.420959 0.467344 2.64994 192354
/joint r_hand 1 0.420957 0.623536 2.64994 192370
/joint torso 1 0.48073 0.419112 2.58785 192370
/joint l_hip 1 0.518903 0.527357 2.53286 192370
/joint l_knee 1 0.542284 0.761729 2.58372 192387
/joint l_foot 1 0.539025 0.994005 2.50879 192387
/joint r_hip 1 0.437335 0.528435 2.5597 192387
/joint r_knee 1 0.459846 0.765342 2.55117 192404
/joint r_foot 1 0.466975 0.978077 2.54451 192404
/joint head 1 0.481078 0.191471 2.68019 192404
/joint neck 1 0.483643 0.309603 2.63159 192404
/joint l_shoulder 1 0.545956 0.308862 2.61027 192421
/joint l_elbow 1 0.596341 0.322137 2.38454 192421
/joint l_hand 1 0.586209 0.315148 2.15446 192421
/joint r_shoulder 1 0.421331 0.310345 2.65292 192437
/joint r_elbow 1 0.421331 0.466537 2.65292 192437
/joint r_hand 1 0.421329 0.622729 2.65292 192437
/joint torso 1 0.480893 0.418537 2.59093 192453
/joint l_hip 1 0.518886 0.526986 2.53632 192453
/joint l_knee 1 0.542483 0.761439 2.58605 192453
/joint l_foot 1 0.538895 0.994112 2.51386 192454
/joint r_hip 1 0.4374 0.527956 2.5642 192470
/joint r_knee 1 0.460971 0.76471 2.55818 192470
/joint r_foot 1 0.466316 0.97853 2.55359 192470
/joint head 1 0.481803 0.191014 2.68144 192487
/joint neck 1 0.483817 0.308983 2.63277 192487
/joint l_shoulder 1 0.546079 0.308578 2.61109 192487
/joint l_elbow 1 0.597717 0.323926 2.38285 192504
/joint l_hand 1 0.586593 0.315307 2.15143 192504
/joint r_shoulder 1 0.421555 0.309388 2.65445 192504
/joint r_elbow 1 0.421555 0.465581 2.65445 192504
/joint r_hand 1 0.421553 0.621773 2.65445 192521
/joint torso 1 0.480685 0.417939 2.59221 192521
/joint l_hip 1 0.518279 0.52663 2.53746 192521
/joint l_knee 1 0.542557 0.760956 2.58729 192539
/joint l_foot 1 0.537678 0.992917 2.51192 192539
/joint r_hip 1 0.436826 0.52716 2.56582 192539
/joint r_knee 1 0.460156 0.763759 2.55191 192539
/joint r_foot 1 0.465646 0.975623 2.54662 192555
/joint head 1 0.480687 0.189808 2.68092 192555
/joint neck 1 0.48314 0.308283 2.63343 192555
/joint l_shoulder 1 0.545364 0.30743 2.61113 192572
/joint l_elbow 1 0.596845 0.323794 2.38558 192572
/joint l_hand 1 0.586579 0.315231 2.15486 192572
/joint r_shoulder 1 0.420915 0.309136 2.65573 192572
/joint r_elbow 1 0.420915 0.465328 2.65573 192589
/joint r_hand 1 0.420913 0.62152 2.65573 192589
/joint torso 1 0.480408 0.417348 2.59355 192589
/joint l_hip 1 0.518368 0.525855 2.53909 192605
/joint l_knee 1 0.542216 0.76062 2.5848 192605
/joint l_foot 1 0.538035 0.99324 2.51219 192605
/joint r_hip 1 0.436985 0.52697 2.56825 192622
/joint r_knee 1 0.460126 0.763541 2.55137 192622
/joint r_foot 1 0.467314 0.976486 2.55048 192622
/joint head 1 0.480702 0.19098 2.6677 192639
/joint neck 1 0.48421 0.310528 2.6275 192639
/joint l_shoulder 1 0.546481 0.30982 2.60565 192639
/joint l_elbow 1 0.596028 0.322696 2.38757 192639
/joint l_hand 1 0.586044 0.315107 2.1581 192656
/joint r_shoulder 1 0.421939 0.311236 2.64934 192656
/joint r_elbow 1 0.421939 0.467428 2.64934 192656
/joint r_hand 1 0.421937 0.62362 2.64934 192673
/joint torso 1 0.481796 0.420252 2.59198 192673
/joint l_hip 1 0.520102 0.529513 2.54218 192673
/joint l_knee 1 0.54472 0.764251 2.58664 192673
/joint l_foot 1 0.539155 0.997448 2.5151 192690
/joint r_hip 1 0.438664 0.530439 2.57076 192690
/joint r_knee 1 0.461076 0.767272 2.55947 192690
/joint r_foot 1 0.468552 0.976634 2.55008 192706
/joint head 1 0.480572 0.189678 2.67424 192706
/joint neck 1 0.483971 0.308863 2.62895 192706
/joint l_shoulder 1 0.546027 0.307732 2.60479 192723
/joint l_elbow 1 0.596404 0.319038 2.38811 192723
/joint l_hand 1 0.585642 0.314383 2.15682 192723
/joint r_shoulder 1 0.421916 0.309994 2.65311 192723
/joint r_elbow 1 0.421916 0.466186 2.65311 192740
/joint r_hand 1 0.421914 0.622378 2.65311 192740
/joint torso 1 0.481403 0.418232 2.59105 192740
/joint l_hip 1 0.519414 0.526861 2.53735 192757
/joint l_knee 1 0.542338 0.762189 2.57805 192757
/joint l_foot 1 0.537039 0.992069 2.50529 192757
/joint r_hip 1 0.438258 0.52834 2.56894 192757
/joint r_knee 1 0.458834 0.765297 2.55184 192773
/joint r_foot 1 0.467087 0.971367 2.54446 192773
/joint head 1 0.48055 0.190169 2.67755 192774
/joint neck 1 0.483727 0.308574 2.62991 192790
/joint l_shoulder 1 0.545624 0.30723 2.6042 192790
/joint l_elbow 1 0.598346 0.315903 2.38213 192790
/joint l_hand 1 0.587844 0.311888 2.15083 192806
/joint r_shoulder 1 0.421829 0.309918 2.65561 192806
/joint r_elbow 1 0.421829 0.46611 2.65561 192806
/joint r_hand 1 0.421827 0.622302 2.65561 192822
/joint torso 1 0.480958 0.417686 2.59041 192822
/joint l_hip 1 0.518658 0.525921 2.5341 192823
/joint l_knee 1 0.541656 0.76081 2.57989 192823
/joint l_foot 1 0.536766 0.993756 2.50776 192839
/joint r_hip 1 0.437723 0.527678 2.56772 192839
/joint r_knee 1 0.458703 0.764723 2.55582 192839
/joint r_foot 1 0.466311 0.971155 2.54233 192855
/joint head 1 0.479637 0.188892 2.68046 192856
/joint neck 1 0.483239 0.307178 2.63121 192856
/joint l_shoulder 1 0.544936 0.305232 2.60375 192872
/joint l_elbow 1 0.59876 0.31229 2.38234 192872
/joint l_hand 1 0.586892 0.306874 2.15263 192872
/joint r_shoulder 1 0.421541 0.309125 2.65868 192872
/joint r_elbow 1 0.421541 0.465317 2.65868 192889
/joint r_hand 1 0.421539 0.621509 2.65868 192889
/joint torso 1 0.480703 0.416192 2.59104 192889
/joint l_hip 1 0.518506 0.523932 2.53291 192905
/joint l_knee 1 0.541463 0.758482 2.58261 192905
/joint l_foot 1 0.537451 0.991647 2.50988 192905
/joint r_hip 1 0.437829 0.526478 2.56883 192923
/joint r_knee 1 0.460034 0.763053 2.54899 192923
/joint r_foot 1 0.467616 0.974742 2.54566 192923
/joint head 1 0.481018 0.188844 2.68297 192923
/joint neck 1 0.484059 0.306511 2.63154 192939
/joint l_shoulder 1 0.545855 0.304802 2.60496 192939
/joint l_elbow 1 0.59972 0.310181 2.38387 192939
/joint l_hand 1 0.588597 0.303417 2.1533 192956
/joint r_shoulder 1 0.422262 0.30822 2.65811 192956
/joint r_elbow 1 0.422263 0.464412 2.65811 192956
/joint r_hand 1 0.42226 0.620604 2.65811 192972
/joint torso 1 0.481289 0.41529 2.59004 192972
/joint l_hip 1 0.518922 0.522952 2.53116 192972
/joint l_knee 1 0.542529 0.756664 2.58772 192972
/joint l_foot 1 0.538827 0.994458 2.50584 192988
/joint r_hip 1 0.438116 0.525186 2.56591 192988
/joint r_knee 1 0.460823 0.761708 2.54566 192988
/joint r_foot 1 0.467129 0.972286 2.5402 193005
/joint head 1 0.482099 0.188831 2.68264 193005
/joint neck 1 0.484772 0.306318 2.63179 193005
/joint l_shoulder 1 0.546587 0.304963 2.60551 193022
/joint l_elbow 1 0.599425 0.308875 2.38271 193022
/joint l_hand 1 0.58862 0.298754 2.1526 193022
/joint r_shoulder 1 0.422957 0.307673 2.65807 193038
/joint r_elbow 1 0.422958 0.463866 2.65807 193038
/joint r_hand 1 0.422955 0.620058 2.65807 193038
/joint torso 1 0.481738 0.41516 2.59061 193038
/joint l_hip 1 0.519134 0.523115 2.53225 193054
/joint l_knee 1 0.541512 0.757104 2.58848 193054
/joint l_foot 1 0.538643 0.99287 2.50779 193054
/joint r_hip 1 0.438274 0.524888 2.56663 193071
/joint r_knee 1 0.461066 0.761606 2.55477 193071
/joint r_foot 1 0.466677 0.97314 2.54624 193071
/joint head 1 0.481257 0.188527 2.68289 193087
/joint neck 1 0.484059 0.306202 2.63181 193087
/joint l_shoulder 1 0.545882 0.304404 2.60537 193087
/joint l_elbow 1 0.599262 0.307433 2.38524 193104
/joint l_hand 1 0.589845 0.286762 2.15608 193104
/joint r_shoulder 1 0.422236 0.307999 2.65825 193104
/joint r_elbow 1 0.422236 0.464191 2.65825 193104
/joint r_hand 1 0.422234 0.620383 2.65825 193120
/joint torso 1 0.481417 0.415 2.59046 193120
/joint l_hip 1 0.519193 0.522623 2.53182 193120
/joint l_knee 1 0.542458 0.756324 2.58943 193136
/joint l_foot 1 0.539071 0.995061 2.4996 193136
/joint r_hip 1 0.438357 0.524974 2.5664 193136
/joint r_knee 1 0.461454 0.761463 2.54809 193153
/joint r_foot 1 0.466222 0.974227 2.54767 193153
/joint head 1 0.481607 0.189472 2.68052 193153
/joint neck 1 0.484318 0.307275 2.63045 193153
/joint l_shoulder 1 0.546314 0.306164 2.60571 193169
/joint l_elbow 1 0.598775 0.301211 2.38798 193169
/joint l_hand 1 0.589455 0.278198 2.15985 193169
/joint r_shoulder 1 0.422321 0.308386 2.65518 193186
/joint r_elbow 1 0.422322 0.464578 2.65518 193186
/joint r_hand 1 0.422319 0.62077 2.65518 193186
/joint torso 1 0.481334 0.416138 2.58953 193202
/joint l_hip 1 0.51889 0.524274 2.53244 193202
/joint l_knee 1 0.542805 0.758023 2.5886 193202
/joint l_foot 1 0.538264 0.995137 2.507 193202
/joint r_hip 1 0.43781 0.525728 2.56479 193219
/joint r_knee 1 0.461354 0.762247 2.54868 193219
/joint r_foot 1 0.464672 0.973961 2.54319 193219
/joint head 1 0.481759 0.189551 2.68256 193236
/joint neck 1 0.484163 0.307013 2.63243 193236
/joint l_shoulder 1 0.546174 0.306142 2.60792 193236
/joint l_elbow 1 0.599912 0.295258 2.38982 193252
/joint l_hand 1 0.589992 0.267753 2.16443 193252
/joint r_shoulder 1 0.422152 0.307883 2.65694 193252
/joint r_elbow 1 0.422153 0.464075 2.65694 193252
/joint r_hand 1 0.422151 0.620267 2.65694 193269
/joint torso 1 0.480915 0.415763 2.59087 193269
/joint l_hip 1 0.518218 0.523945 2.53327 193269
/joint l_knee 1 0.542638 0.757772 2.58785 193285
/joint l_foot 1 0.537861 0.993483 2.50846 193285
/joint r_hip 1 0.437114 0.525083 2.56533 193286
/joint r_knee 1 0.46025 0.761769 2.55211 193302
/joint r_foot 1 0.465215 0.974163 2.54767 193302
/joint head 1 0.48001 0.188333 2.68166 193302
/joint neck 1 0.483267 0.306136 2.63107 193318
/joint l_shoulder 1 0.545179 0.304291 2.60563 193318
/joint l_elbow 1 0.600714 0.291289 2.39813 193318
/joint l_hand 1 0.589524 0.25848 2.17491 193318
/joint r_shoulder 1 0.421355 0.307982 2.65651 193335
/joint r_elbow 1 0.421355 0.464174 2.65651 193335
/joint r_hand 1 0.421353 0.620366 2.65651 193335
/joint torso 1 0.480799 0.414874 2.58929 193352
/joint l_hip 1 0.518816 0.522406 2.53088 193352
/joint l_knee 1 0.542992 0.75676 2.58039 193352
/joint l_foot 1 0.538498 0.991927 2.50857 193370
/joint r_hip 1 0.437844 0.524819 2.56415 193370
/joint r_knee 1 0.461461 0.761456 2.55184 193370
/joint r_foot 1 0.466389 0.97273 2.54473 193370
/joint head 1 0.48119 0.187337 2.6824 193386
/joint neck 1 0.48413 0.305265 2.6308 193386
/joint l_shoulder 1 0.546026 0.303688 2.60529 193386
/joint l_elbow 1 0.60129 0.284852 2.39802 193403
/joint l_hand 1 0.588587 0.246542 2.17655 193403
/joint r_shoulder 1 0.422233 0.306842 2.6563 193403
/joint r_elbow 1 0.422234 0.463034 2.6563 193403
/joint r_hand 1 0.422231 0.619226 2.6563 193420
/joint torso 1 0.481316 0.413893 2.58838 193420
/joint l_hip 1 0.518984 0.52149 2.52928 193420
/joint l_knee 1 0.543427 0.75584 2.57846 193436
/joint l_foot 1 0.537547 0.993389 2.50951 193436
/joint r_hip 1 0.438021 0.523552 2.56265 193436
/joint r_knee 1 0.460818 0.760294 2.54863 193452
/joint r_foot 1 0.46608 0.973708 2.54429 193452
/joint head 1 0.481541 0.18876 2.68201 193452
/joint neck 1 0.484274 0.306252 2.62982 193452
/joint l_shoulder 1 0.546064 0.304725 2.6033 193468
/joint l_elbow 1 0.601951 0.27875 2.4003 193468
/joint l_hand 1 0.593936 0.236263 2.17997 193468
/joint r_shoulder 1 0.422483 0.307779 2.65634 193485
/joint r_elbow 1 0.422483 0.463971 2.65634 193485
/joint r_hand 1 0.422481 0.620163 2.65634 193485
/joint torso 1 0.48125 0.414898 2.58757 193502
/joint l_hip 1 0.51864 0.522545 2.52797 193502
/joint l_knee 1 0.541682 0.756984 2.57885 193502
/joint l_foot 1 0.536766 0.995557 2.50905 193502
/joint r_hip 1 0.437811 0.524542 2.56266 193519
/joint r_knee 1 0.459896 0.761487 2.55294 193519
/joint r_foot 1 0.466404 0.976678 2.54726 193519
/joint head 1 0.482158 0.191641 2.68024 193536
/joint neck 1 0.484515 0.308472 2.62715 193536
/joint l_shoulder 1 0.546246 0.306965 2.60012 193536
/joint l_elbow 1 0.602283 0.272574 2.39827 193552
/joint l_hand 1 0.597321 0.222577 2.18101 193552
/joint r_shoulder 1 0.422784 0.309978 2.65417 193552
/joint r_elbow 1 0.422784 0.46617 2.65417 193552
/joint r_hand 1 0.422782 0.622362 2.65417 193568
/joint torso 1 0.481375 0.417107 2.58484 193568
/joint l_hip 1 0.518615 0.524757 2.52485 193568
/joint l_knee 1 0.541208 0.758946 2.579 193585
/joint l_foot 1 0.53815 0.998099 2.50533 193585
/joint r_hip 1 0.437857 0.526727 2.56021 193585
/joint r_knee 1 0.459193 0.763724 2.54716 193602
/joint r_foot 1 0.467822 0.976163 2.54637 193602
/joint head 1 0.483166 0.191454 2.68032 193602
/joint neck 1 0.485481 0.308184 2.62664 193602
/joint l_shoulder 1 0.546987 0.30633 2.59764 193619
/joint l_elbow 1 0.603442 0.266127 2.39745 193619
/joint l_hand 1 0.601409 0.207745 2.1828 193619
/joint r_shoulder 1 0.423976 0.310039 2.65564 193635
/joint r_elbow 1 0.423976 0.466231 2.65564 193635
/joint r_hand 1 0.423974 0.622423 2.65564 193635
/joint torso 1 0.482315 0.416778 2.58415 193652
/joint l_hip 1 0.519378 0.524158 2.52269 193652
/joint l_knee 1 0.542739 0.757664 2.5818 193652
/joint l_foot 1 0.539454 0.994422 2.50529 193652
/joint r_hip 1 0.438918 0.526584 2.56063 193669
/joint r_knee 1 0.460226 0.763587 2.54714 193669
/joint r_foot 1 0.469998 0.9735 2.55201 193669
/joint head 1 0.483465 0.189108 2.68112 193686
/joint neck 1 0.48541 0.306511 2.6282 193686
/joint l_shoulder 1 0.546845 0.305328 2.59859 193686
/joint l_elbow 1 0.603981 0.25764 2.39312 193703
/joint l_hand 1 0.605115 0.19856 2.18082 193703
/joint r_shoulder 1 0.423976 0.307694 2.65781 193703
/joint r_elbow 1 0.423976 0.463887 2.65781 193703
/joint r_hand 1 0.423974 0.620079 2.65781 193718
/joint torso 1 0.481451 0.41504 2.58558 193718
/joint l_hip 1 0.517674 0.522795 2.52359 193718
/joint l_knee 1 0.541021 0.75642 2.58181 193735
/joint l_foot 1 0.536301 0.992692 2.51494 193735
/joint r_hip 1 0.437308 0.524343 2.56233 193735
/joint r_knee 1 0.458273 0.761492 2.55526 193752
/joint r_foot 1 0.46616 0.969412 2.54957 193752
/joint head 1 0.483148 0.188431 2.68075 193752
/joint neck 1 0.484996 0.305874 2.62666 193752
/joint l_shoulder 1 0.546394 0.304404 2.59661 193768
/joint l_elbow 1 0.610704 0.251856 2.3925 193768
/joint l_hand 1 0.6102 0.186014 2.18111 193768
/joint r_shoulder 1 0.423599 0.307344 2.65671 193784
/joint r_elbow 1 0.4236 0.463536 2.65671 193784
/joint r_hand 1 0.423597 0.619728 2.65671 193784
/joint torso 1 0.48118 0.414306 2.58354 193801
/joint l_hip 1 0.517513 0.521776 2.52077 193801
/joint l_knee 1 0.54135 0.755741 2.5749 193801
/joint l_foot 1 0.537711 0.992323 2.50944 193818
/joint r_hip 1 0.437216 0.523699 2.56006 193818
/joint r_knee 1 0.460681 0.76035 2.54914 193818
/joint r_foot 1 0.465955 0.971573 2.54178 193818
/joint head 1 0.482635 0.18922 2.68178 193835
/joint neck 1 0.484759 0.306451 2.6272 193835
/joint l_shoulder 1 0.546056 0.304467 2.59637 193835
/joint l_elbow 1 0.61448 0.240921 2.3922 193852
/joint l_hand 1 0.612732 0.177659 2.18093 193852
/joint r_shoulder 1 0.423462 0.308436 2.65803 193852
/joint r_elbow 1 0.423463 0.464628 2.65803 193869
/joint r_hand 1 0.423461 0.62082 2.65803 193869
/joint torso 1 0.481256 0.414818 2.58365 193869
/joint l_hip 1 0.517835 0.521887 2.51993 193869
/joint l_knee 1 0.543547 0.754862 2.57964 193884
/joint l_foot 1 0.538331 0.99382 2.51207 193884
/joint r_hip 1 0.437671 0.524483 2.56025 193884
/joint r_knee 1 0.460462 0.761336 2.55506 193901
/joint r_foot 1 0.46682 0.973551 2.54388 193901
/joint head 1 0.482486 0.190382 2.68072 193901
/joint neck 1 0.484888 0.307582 2.62566 193918
/joint l_shoulder 1 0.546251 0.30532 2.59532 193918
/joint l_elbow 1 0.617348 0.238065 2.40222 193918
/joint l_hand 1 0.618174 0.170445 2.19822 193918
/joint r_shoulder 1 0.423524 0.309843 2.656 193935
/joint r_elbow 1 0.423524 0.466035 2.656 193935
/joint r_hand 1 0.423522 0.622227 2.656 193935
/joint torso 1 0.481666 0.415832 2.58144 193952
/joint l_hip 1 0.518562 0.522604 2.51739 193952
/joint l_knee 1 0.542552 0.755397 2.58141 193952
/joint l_foot 1 0.538985 0.995406 2.50802 193952
/joint r_hip 1 0.438325 0.525561 2.55706 193969
/joint r_knee 1 0.460321 0.762557 2.55031 193969
/joint r_foot 1 0.468329 0.973863 2.5439 193969
/joint head 1 0.48316 0.187488 2.68151 193986
/joint neck 1 0.485453 0.304795 2.628 193986
/joint l_shoulder 1 0.547088 0.303106 2.59998 193986
/joint l_elbow 1 0.619542 0.240767 2.41721 194003
/joint l_hand 1 0.622249 0.166484 2.21647 194003
/joint r_shoulder 1 0.423817 0.306484 2.65601 194003
/joint r_elbow 1 0.423817 0.462676 2.65601 194003
/joint r_hand 1 0.423815 0.618868 2.65601 194020
/joint torso 1 0.482199 0.413213 2.58466 194020
/joint l_hip 1 0.519252 0.520527 2.523 194020
/joint l_knee 1 0.542822 0.753588 2.58566 194037
/joint l_foot 1 0.53947 0.993089 2.51542 194037
/joint r_hip 1 0.438639 0.522736 2.55964 194037
/joint r_knee 1 0.459604 0.759916 2.55321 194037
/joint r_foot 1 0.468253 0.968138 2.54895 194054
/joint head 1 0.483558 0.187067 2.68053 194054
/joint neck 1 0.4862 0.303989 2.6265 194054
/joint l_shoulder 1 0.547702 0.301729 2.59742 194070
/joint l_elbow 1 0.618522 0.242946 2.42676 194070
/joint l_hand 1 0.630508 0.158366 2.2359 194070
/joint r_shoulder 1 0.424698 0.306248 2.65558 194086
/joint r_elbow 1 0.424698 0.46244 2.65558 194086
/joint r_hand 1 0.424696 0.618632 2.65558 194086
/joint torso 1 0.48327 0.412353 2.58277 194102
/joint l_hip 1 0.520553 0.519239 2.52003 194102
/joint l_knee 1 0.543524 0.752335 2.5834 194102
/joint l_foot 1 0.540145 0.995192 2.50446 194102
/joint r_hip 1 0.440129 0.522194 2.55806 194118
/joint r_knee 1 0.460061 0.759498 2.54918 194118
/joint r_foot 1 0.469544 0.972369 2.55029 194118
/joint head 1 0.483937 0.188958 2.68058 194135
/joint neck 1 0.486131 0.305036 2.62515 194135
/joint l_shoulder 1 0.547374 0.302542 2.59405 194135
/joint l_elbow 1 0.619378 0.237785 2.42734 194152
/joint l_hand 1 0.636188 0.154363 2.23997 194152
/joint r_shoulder 1 0.424889 0.30753 2.65624 194152
/joint r_elbow 1 0.424889 0.463722 2.65624 194152
/joint r_hand 1 0.424887 0.619914 2.65624 194169
/joint torso 1 0.482975 0.413272 2.58075 194169
/joint l_hip 1 0.519867 0.519877 2.51602 194169
/joint l_knee 1 0.541668 0.753472 2.57682 194186
/joint l_foot 1 0.537961 0.995417 2.50499 194186
/joint r_hip 1 0.43977 0.523139 2.55668 194186
/joint r_knee 1 0.45822 0.760666 2.54826 194203
/joint r_foot 1 0.467362 0.975103 2.54942 194203
/joint head 1 0.484406 0.18631 2.6818 194203
/joint neck 1 0.486578 0.303057 2.62767 194203
/joint l_shoulder 1 0.548187 0.30114 2.5996 194220
/joint l_elbow 1 0.624667 0.236986 2.42815 194220
/joint l_hand 1 0.644981 0.147836 2.24521 194220
/joint r_shoulder 1 0.424969 0.304975 2.65574 194236
/joint r_elbow 1 0.424969 0.461167 2.65574 194236
/joint r_hand 1 0.424967 0.617359 2.65574 194236
/joint torso 1 0.483464 0.411373 2.58369 194252
/joint l_hip 1 0.520643 0.518435 2.52136 194253
/joint l_knee 1 0.542776 0.751608 2.58525 194253
/joint l_foot 1 0.539544 0.992508 2.5136 194253
/joint r_hip 1 0.440059 0.520943 2.55807 194269
/joint r_knee 1 0.45986 0.758261 2.54866 194269
/joint r_foot 1 0.46746 0.970504 2.55166 194269
/joint head 1 0.48392 0.188814 2.68131 194286
/joint neck 1 0.4867 0.305337 2.62538 194286
/joint l_shoulder 1 0.54844 0.303283 2.59846 194286
/joint l_elbow 1 0.629861 0.235044 2.43832 194302
/joint l_hand 1 0.6528 0.1443 2.25698 194302
/joint r_shoulder 1 0.424959 0.30739 2.65231 194302
/joint r_elbow 1 0.424959 0.463583 2.65231 194302
/joint r_hand 1 0.424957 0.619775 2.65231 194319
/joint torso 1 0.483818 0.413471 2.5804 194319
/joint l_hip 1 0.521303 0.520263 2.5178 194319
/joint l_knee 1 0.542363 0.753958 2.57878 194336
/joint l_foot 1 0.539294 0.996919 2.5047 194336
/joint r_hip 1 0.440572 0.522949 2.55301 194336
/joint r_knee 1 0.460567 0.760284 2.54674 194353
/joint r_foot 1 0.46798 0.974226 2.54255 194353
/joint head 1 0.484167 0.1885 2.68093 194353
/joint neck 1 0.486567 0.304902 2.62506 194353
/joint l_shoulder 1 0.547972 0.302641 2.59534 194369
/joint l_elbow 1 0.630128 0.231746 2.45617 194369
/joint l_hand 1 0.655387 0.149295 2.26362 194369
/joint r_shoulder 1 0.425162 0.307163 2.65478 194386
/joint r_elbow 1 0.425162 0.463356 2.65478 194386
/joint r_hand 1 0.42516 0.619548 2.65478 194386
/joint torso 1 0.483434 0.413129 2.58064 194403
/joint l_hip 1 0.52046 0.519877 2.51678 194403
/joint l_knee 1 0.541605 0.753236 2.5805 194403
/joint l_foot 1 0.537498 0.995791 2.50729 194403
/joint r_hip 1 0.440141 0.522835 2.55565 194419
/joint r_knee 1 0.460129 0.760163 2.55687 194419
/joint r_foot 1 0.46719 0.974739 2.55051 194419
/joint head 1 0.48407 0.18901 2.66839 194436
/joint neck 1 0.486623 0.306643 2.6197 194436
/joint l_shoulder 1 0.54816 0.305218 2.59092 194436
/joint l_elbow 1 0.628661 0.236301 2.46519 194453
/joint l_hand 1 0.659321 0.151507 2.27847 194453
/joint r_shoulder 1 0.425085 0.308068 2.64848 194453
/joint r_elbow 1 0.425086 0.464261 2.64848 194453
/joint r_hand 1 0.425083 0.620453 2.64848 194470
/joint torso 1 0.483404 0.415666 2.58002 194470
/joint l_hip 1 0.520423 0.523757 2.52152 194470
/joint l_knee 1 0.540148 0.757319 2.58541 194486
/joint l_foot 1 0.538188 0.996953 2.51888 194486
/joint r_hip 1 0.439948 0.525621 2.55916 194486
/joint r_knee 1 0.460335 0.762886 2.5555 194504
/joint r_foot 1 0.467503 0.975827 2.54956 194504
/joint head 1 0.484242 0.189207 2.67456 194504
/joint neck 1 0.48717 0.305968 2.62165 194504
/joint l_shoulder 1 0.548892 0.304169 2.5946 194521
/joint l_elbow 1 0.629714 0.237557 2.47166 194521
/joint l_hand 1 0.663849 0.151248 2.29 194521
/joint r_shoulder 1 0.425447 0.307766 2.6487 194537
/joint r_elbow 1 0.425448 0.463959 2.6487 194537
/joint r_hand 1 0.425445 0.620151 2.6487 194537
/joint torso 1 0.484281 0.414507 2.57905 194537
/joint l_hip 1 0.521758 0.521871 2.51875 194554
/joint l_knee 1 0.541976 0.755806 2.57877 194554
/joint l_foot 1 0.539502 0.992756 2.51166 194554
/joint r_hip 1 0.441027 0.524224 2.55414 194570
/joint r_knee 1 0.4617 0.761275 2.54195 194570
/joint r_foot 1 0.467668 0.974619 2.54178 194570
/joint head 1 0.484275 0.190228 2.66427 194587
/joint neck 1 0.487391 0.308532 2.61761 194587
/joint l_shoulder 1 0.549704 0.306879 2.59669 194587
/joint l_elbow 1 0.633404 0.239028 2.47408 194587
/joint l_hand 1 0.668542 0.151117 2.29426 194605
/joint r_shoulder 1 0.425078 0.310185 2.63853 194605
/joint r_elbow 1 0.425079 0.466378 2.63853 194605
/joint r_hand 1 0.425076 0.62257 2.63853 194622
/joint torso 1 0.485817 0.417861 2.57941 194622
/joint l_hip 1 0.524999 0.526109 2.52754 194622
/joint l_knee 1 0.54392 0.759709 2.59191 194622
/joint l_foot 1 0.541931 0.999147 2.52251 194638
/joint r_hip 1 0.443487 0.528271 2.5549 194638
/joint r_knee 1 0.460885 0.765766 2.54149 194638
/joint r_foot 1 0.470203 0.978722 2.54903 194655
/joint head 1 0.483201 0.18999 2.6612 194655
/joint neck 1 0.487752 0.309285 2.61506 194655
/joint l_shoulder 1 0.550197 0.307271 2.59574 194672
/joint l_elbow 1 0.634857 0.236644 2.47373 194672
/joint l_hand 1 0.675637 0.150085 2.30022 194672
/joint r_shoulder 1 0.425308 0.311298 2.63437 194672
/joint r_elbow 1 0.425308 0.46749 2.63437 194689
/joint r_hand 1 0.425306 0.623682 2.63437 194689
/joint torso 1 0.486859 0.418775 2.57783 194689
/joint l_hip 1 0.526758 0.526951 2.52798 194706
/joint l_knee 1 0.543291 0.761976 2.58139 194706
/joint l_foot 1 0.541335 0.995399 2.51298 194706
/joint r_hip 1 0.445174 0.529581 2.55322 194723
/joint r_knee 1 0.461812 0.767291 2.54428 194723
/joint r_foot 1 0.468003 0.973433 2.5426 194723
/joint head 1 0.482971 0.187398 2.67051 194723
/joint neck 1 0.487649 0.305659 2.61993 194739
/joint l_shoulder 1 0.54988 0.303046 2.59813 194739
/joint l_elbow 1 0.63773 0.236234 2.47202 194739
/joint l_hand 1 0.685375 0.151597 2.30006 194756
/joint r_shoulder 1 0.425419 0.308272 2.64172 194756
/joint r_elbow 1 0.42542 0.464464 2.64172 194756
/joint r_hand 1 0.425417 0.620656 2.64172 194772
/joint torso 1 0.486713 0.4147 2.57982 194772
/joint l_hip 1 0.526451 0.522034 2.52547 194772
/joint l_knee 1 0.539931 0.757249 2.58079 194772
/joint l_foot 1 0.539571 0.990171 2.5069 194788
/joint r_hip 1 0.445103 0.525449 2.55397 194788
/joint r_knee 1 0.460201 0.763381 2.54616 194788
/joint r_foot 1 0.465768 0.970883 2.54277 194805
/joint head 1 0.483329 0.188514 2.676 194805
/joint neck 1 0.488111 0.304931 2.62065 194805
/joint l_shoulder 1 0.55017 0.301727 2.59711 194822
/joint l_elbow 1 0.640729 0.238887 2.47303 194822
/joint l_hand 1 0.691429 0.151082 2.30565 194822
/joint r_shoulder 1 0.426051 0.308136 2.64419 194822
/joint r_elbow 1 0.426052 0.464328 2.64419 194839
/joint r_hand 1 0.426049 0.62052 2.64419 194839
/joint torso 1 0.487114 0.413345 2.57692 194839
/joint l_hip 1 0.526683 0.519664 2.51781 194856
/joint l_knee 1 0.541504 0.754835 2.57266 194856
/joint l_foot 1 0.539755 0.99486 2.49994 194856
/joint r_hip 1 0.44555 0.523853 2.54858 194873
/joint r_knee 1 0.460132 0.761892 2.54473 194873
/joint r_foot 1 0.466808 0.972821 2.54042 194873
/joint head 1 0.483305 0.189323 2.66589 194873
/joint neck 1 0.488403 0.306595 2.61543 194890
/joint l_shoulder 1 0.550284 0.303683 2.59014 194890
/joint l_elbow 1 0.643597 0.247241 2.48483 194890
/joint l_hand 1 0.696596 0.157541 2.31819 194906
/joint r_shoulder 1 0.426523 0.309507 2.64073 194906
/joint r_elbow 1 0.426524 0.465699 2.64073 194906
/joint r_hand 1 0.426521 0.621891 2.64073 194907
/joint torso 1 0.487135 0.415527 2.57481 194923
/joint l_hip 1 0.526332 0.522555 2.51764 194923
/joint l_knee 1 0.54039 0.757031 2.57942 194923
/joint l_foot 1 0.538594 0.997836 2.51253 194940
/joint r_hip 1 0.445401 0.526364 2.55072 194940
/joint r_knee 1 0.459962 0.764355 2.55518 194940
/joint r_foot 1 0.466679 0.976138 2.54647 194956
/joint head 1 0.483943 0.190598 2.66206 194956
/joint neck 1 0.48901 0.308087 2.61353 194956
/joint l_shoulder 1 0.55074 0.305645 2.58675 194973
/joint l_elbow 1 0.646961 0.250361 2.49545 194973
/joint l_hand 1 0.704138 0.162244 2.33294 194973
/joint r_shoulder 1 0.427279 0.310528 2.64031 194973
/joint r_elbow 1 0.42728 0.46672 2.64031 194990
/joint r_hand 1 0.427277 0.622912 2.64031 194990
/joint torso 1 0.487187 0.417245 2.57432 194990
/joint l_hip 1 0.525739 0.524806 2.5176 195006
/joint l_knee 1 0.539987 0.75955 2.57719 195006
/joint l_foot 1 0.537273 0.998579 2.51298 195006
/joint r_hip 1 0.444988 0.528 2.55263 195022
/joint r_knee 1 0.459277 0.766066 2.55334 195022
/joint r_foot 1 0.466048 0.97638 2.54638 195022
/joint head 1 0.48389 0.191739 2.65866 195022
/joint neck 1 0.487829 0.309662 2.61344 195039
/joint l_shoulder 1 0.54985 0.308681 2.58926 195039
/joint l_elbow 1 0.649557 0.25236 2.49593 195039
/joint l_hand 1 0.70884 0.165022 2.3367 195055
/joint r_shoulder 1 0.425808 0.310642 2.63762 195055
/joint r_elbow 1 0.425809 0.466834 2.63762 195055
/joint r_hand 1 0.425806 0.623026 2.63762 195072
/joint torso 1 0.485256 0.419229 2.57705 195072
/joint l_hip 1 0.523252 0.528155 2.52484 195072
/joint l_knee 1 0.538175 0.762592 2.58659 195072
/joint l_foot 1 0.535648 0.996211 2.51964 195089
/joint r_hip 1 0.442116 0.529438 2.55647 195089
/joint r_knee 1 0.457314 0.767395 2.55265 195089
/joint r_foot 1 0.462651 0.977775 2.54723 195105
/joint head 1 0.484798 0.189033 2.66903 195106
/joint neck 1 0.487404 0.306462 2.62031 195106
/joint l_shoulder 1 0.549635 0.30614 2.59849 195123
/joint l_elbow 1 0.652022 0.250707 2.4939 195123
/joint l_hand 1 0.717371 0.165452 2.34515 195123
/joint r_shoulder 1 0.425172 0.306784 2.64213 195123
/joint r_elbow 1 0.425173 0.462976 2.64213 195138
/joint r_hand 1 0.42517 0.619168 2.64213 195138
/joint torso 1 0.484258 0.4155 2.58079 195138
/joint l_hip 1 0.521815 0.524327 2.52701 195155
/joint l_knee 1 0.539583 0.759136 2.58159 195155
/joint l_foot 1 0.537099 0.989653 2.51374 195155
/joint r_hip 1 0.440409 0.524748 2.55555 195172
/joint r_knee 1 0.457822 0.762407 2.54887 195172
/joint r_foot 1 0.463587 0.971132 2.54101 195172
/joint head 1 0.484925 0.189945 2.66204 195172
/joint neck 1 0.488115 0.308577 2.61581 195188
/joint l_shoulder 1 0.550495 0.308416 2.5956 195188
/joint l_elbow 1 0.656004 0.257238 2.50088 195188
/joint l_hand 1 0.723727 0.173853 2.35272 195205
/joint r_shoulder 1 0.425735 0.308738 2.63602 195205
/joint r_elbow 1 0.425735 0.46493 2.63602 195205
/joint r_hand 1 0.425733 0.621122 2.63602 195222
/joint torso 1 0.485249 0.41798 2.57847 195222
/joint l_hip 1 0.523178 0.527277 2.52791 195222
/joint l_knee 1 0.543399 0.761339 2.58626 195222
/joint l_foot 1 0.539865 0.997783 2.50729 195239
/joint r_hip 1 0.44159 0.527487 2.55435 195239
/joint r_knee 1 0.461149 0.764878 2.55088 195239
/joint r_foot 1 0.466551 0.978603 2.5426 195255
/joint head 1 0.484815 0.190275 2.65926 195255
/joint neck 1 0.487169 0.309216 2.61569 195255
/joint l_shoulder 1 0.549661 0.310064 2.59697 195272
/joint l_elbow 1 0.656579 0.260692 2.50276 195272
/joint l_hand 1 0.729286 0.180232 2.36179 195272
/joint r_shoulder 1 0.424677 0.308369 2.63441 195288
/joint r_elbow 1 0.424677 0.464561 2.63441 195288
/joint r_hand 1 0.424675 0.620753 2.63441 195288
/joint torso 1 0.483636 0.41879 2.57968 195288
/joint l_hip 1 0.520976 0.528918 2.53142 195304
/joint l_knee 1 0.538676 0.764075 2.58235 195304
/joint l_foot 1 0.536278 0.995834 2.51409 195304
/joint r_hip 1 0.439229 0.52781 2.55591 195321
/joint r_knee 1 0.459268 0.765119 2.54952 195321
/joint r_foot 1 0.462257 0.975123 2.541 195321
/joint head 1 0.485571 0.19077 2.65764 195338
/joint neck 1 0.488061 0.310082 2.6134 195338
/joint l_shoulder 1 0.550455 0.311027 2.59344 195338
/joint l_elbow 1 0.660006 0.263227 2.50184 195339
/joint l_hand 1 0.734701 0.189589 2.35833 195355
/joint r_shoulder 1 0.425666 0.309136 2.63335 195355
/joint r_elbow 1 0.425667 0.465329 2.63335 195355
/joint r_hand 1 0.425664 0.621521 2.63335 195372
/joint torso 1 0.484267 0.41968 2.57763 195372
/joint l_hip 1 0.521284 0.529896 2.5288 195372
/joint l_knee 1 0.542603 0.764453 2.58049 195372
/joint l_foot 1 0.539799 0.995374 2.50653 195388
/joint r_hip 1 0.439662 0.52866 2.5549 195388
/joint r_knee 1 0.462566 0.765513 2.55115 195388
/joint r_foot 1 0.465293 0.974598 2.53858 195405
/joint head 1 0.484936 0.192826 2.65841 195405
/joint neck 1 0.488324 0.311547 2.61313 195405
/joint l_shoulder 1 0.550762 0.312323 2.59338 195422
/joint l_elbow 1 0.663477 0.266591 2.50225 195422
/joint l_hand 1 0.741562 0.198004 2.36241 195422
/joint r_shoulder 1 0.425887 0.310771 2.63287 195422
/joint r_elbow 1 0.425887 0.466964 2.63287 195440
/joint r_hand 1 0.425885 0.623156 2.63287 195440
/joint torso 1 0.484686 0.421051 2.57679 195440
/joint l_hip 1 0.521874 0.531062 2.52754 195455
/joint l_knee 1 0.541195 0.766105 2.57778 195455
/joint l_foot 1 0.540177 0.996434 2.50483 195455
/joint r_hip 1 0.44022 0.530048 2.55337 195472
/joint r_knee 1 0.461788 0.767123 2.54765 195472
/joint r_foot 1 0.467685 0.97487 2.54208 195472
/joint head 1 0.484531 0.191036 2.65708 195472
/joint neck 1 0.488241 0.310685 2.61252 195489
/joint l_shoulder 1 0.550765 0.311204 2.59392 195489
/joint l_elbow 1 0.664063 0.274282 2.50971 195489
/joint l_hand 1 0.743587 0.205756 2.37135 195506
/joint r_shoulder 1 0.425717 0.310167 2.63113 195506
/joint r_elbow 1 0.425717 0.466359 2.63113 195506
/joint r_hand 1 0.425715 0.622551 2.63113 195522
/joint torso 1 0.485058 0.420278 2.57661 195522
/joint l_hip 1 0.522765 0.530211 2.52853 195522
/joint l_knee 1 0.54179 0.764637 2.58524 195522
/joint l_foot 1 0.540554 0.993233 2.50903 195539
/joint r_hip 1 0.440986 0.529533 2.55287 195539
/joint r_knee 1 0.461527 0.7668 2.54942 195539
/joint r_foot 1 0.4667 0.973345 2.54344 195556
/joint head 1 0.484778 0.19192 2.6547 195556
/joint neck 1 0.487332 0.311388 2.61309 195556
/joint l_shoulder 1 0.549982 0.3126 2.59648 195572
/joint l_elbow 1 0.666472 0.282246 2.51418 195572
/joint l_hand 1 0.746743 0.217854 2.37428 195572
/joint r_shoulder 1 0.424683 0.310175 2.6297 195572
/joint r_elbow 1 0.424684 0.466367 2.6297 195589
/joint r_hand 1 0.424681 0.622559 2.6297 195589
/joint torso 1 0.483882 0.421244 2.57907 195589
/joint l_hip 1 0.521408 0.531893 2.53419 195605
/joint l_knee 1 0.539938 0.765679 2.59716 195606
/joint l_foot 1 0.537721 0.996259 2.51163 195606
/joint r_hip 1 0.439453 0.530307 2.55593 195622
/joint r_knee 1 0.458662 0.767774 2.55668 195622
/joint r_foot 1 0.464736 0.973788 2.54568 195622
/joint head 1 0.484767 0.193348 2.65448 195622
/joint neck 1 0.487731 0.312889 2.61339 195640
/joint l_shoulder 1 0.550585 0.313643 2.60042 195640
/joint l_elbow 1 0.667549 0.28499 2.51346 195640
/joint l_hand 1 0.751988 0.229444 2.37844 195656
/joint r_shoulder 1 0.424878 0.312136 2.62636 195656
/joint r_elbow 1 0.424878 0.468328 2.62636 195656
/joint r_hand 1 0.424876 0.62452 2.62636 195656
/joint torso 1 0.485241 0.422803 2.57948 195673
/joint l_hip 1 0.523866 0.53321 2.53709 195673
/joint l_knee 1 0.543972 0.76765 2.5918 195673
/joint l_foot 1 0.542049 0.996411 2.50888 195689
/joint r_hip 1 0.441634 0.532224 2.55406 195690
/joint r_knee 1 0.462427 0.76945 2.55172 195690
/joint r_foot 1 0.468054 0.976059 2.54353 195707
/joint head 1 0.48337 0.195469 2.65601 195707
/joint neck 1 0.487885 0.314336 2.61254 195707
/joint l_shoulder 1 0.550794 0.314068 2.60051 195707
/joint l_elbow 1 0.671434 0.291608 2.51072 195723
/joint l_hand 1 0.757119 0.239733 2.37268 195723
/joint r_shoulder 1 0.424977 0.314604 2.62457 195723
/joint r_elbow 1 0.424977 0.470796 2.62457 195740
/joint r_hand 1 0.424975 0.626988 2.62457 195740
/joint torso 1 0.486458 0.424068 2.57718 195740
/joint l_hip 1 0.526165 0.533626 2.53396 195757
/joint l_knee 1 0.545055 0.768951 2.58136 195757
/joint l_foot 1 0.54208 0.996014 2.50522 195757
/joint r_hip 1 0.443896 0.533976 2.54969 195774
/joint r_knee 1 0.462152 0.771564 2.5502 195774
/joint r_foot 1 0.467466 0.976455 2.53969 195774
/joint head 1 0.482244 0.195849 2.6556 195774
/joint neck 1 0.487379 0.314823 2.6122 195790
/joint l_shoulder 1 0.550331 0.314339 2.60081 195790
/joint l_elbow 1 0.672179 0.30011 2.51215 195790
/joint l_hand 1 0.76116 0.254204 2.37576 195806
/joint r_shoulder 1 0.424426 0.315307 2.62359 195806
/joint r_elbow 1 0.424426 0.4715 2.62359 195806
/joint r_hand 1 0.424424 0.627692 2.62359 195823
/joint torso 1 0.486258 0.424569 2.57693 195823
/joint l_hip 1 0.526298 0.533997 2.53421 195823
/joint l_knee 1 0.541646 0.769727 2.58229 195823
/joint l_foot 1 0.539955 0.996481 2.50793 195839
/joint r_hip 1 0.443977 0.53463 2.5491 195839
/joint r_knee 1 0.460027 0.772236 2.56143 195839
/joint r_foot 1 0.466314 0.974095 2.54407 195856
/joint head 1 0.482838 0.19407 2.66724 195856
/joint neck 1 0.487079 0.312155 2.6199 195856
/joint l_shoulder 1 0.549974 0.312431 2.60746 195873
/joint l_elbow 1 0.671714 0.30791 2.51626 195873
/joint l_hand 1 0.761388 0.268807 2.37212 195873
/joint r_shoulder 1 0.424185 0.311879 2.63234 195873
/joint r_elbow 1 0.424185 0.468071 2.63234 195889
/joint r_hand 1 0.424183 0.624263 2.63234 195889
/joint torso 1 0.484907 0.421391 2.58141 195889
/joint l_hip 1 0.52387 0.530807 2.53479 195905
/joint l_knee 1 0.538063 0.766693 2.5831 195905
/joint l_foot 1 0.537264 0.991333 2.50911 195905
/joint r_hip 1 0.441599 0.530446 2.55106 195922
/joint r_knee 1 0.45781 0.768152 2.56176 195922
/joint r_foot 1 0.465368 0.971479 2.55116 195922
/joint head 1 0.483242 0.19441 2.6608 195922
/joint neck 1 0.487088 0.313464 2.616 195939
/joint l_shoulder 1 0.550005 0.31452 2.60425 195939
/joint l_elbow 1 0.67206 0.315459 2.51098 195939
/joint l_hand 1 0.763533 0.282618 2.36561 195955
/joint r_shoulder 1 0.424172 0.312407 2.62774 195955
/joint r_elbow 1 0.424172 0.468599 2.62774 195955
/joint r_hand 1 0.42417 0.624791 2.62774 195972
/joint torso 1 0.484356 0.423008 2.57962 195972
/joint l_hip 1 0.522778 0.533244 2.53556 195972
/joint l_knee 1 0.538607 0.768965 2.58386 195972
/joint l_foot 1 0.538976 0.998853 2.50477 195989
/joint r_hip 1 0.440468 0.531862 2.55092 195989
/joint r_knee 1 0.457674 0.769523 2.55908 195989
/joint r_foot 1 0.465264 0.976929 2.54412 196005
/joint head 1 0.483657 0.191365 2.66985 196005
/joint neck 1 0.486808 0.310219 2.62234 196005
/joint l_shoulder 1 0.549664 0.311553 2.60946 196022
/joint l_elbow 1 0.671637 0.324428 2.51534 196022
/joint l_hand 1 0.763843 0.296998 2.36662 196022
/joint r_shoulder 1 0.423951 0.308885 2.63522 196022
/joint r_elbow 1 0.423952 0.465077 2.63522 196040
/joint r_hand 1 0.423949 0.621269 2.63522 196040
/joint torso 1 0.483537 0.419436 2.58395 196040
/joint l_hip 1 0.521384 0.529526 2.53713 196056
/joint l_knee 1 0.540441 0.764323 2.59017 196056
/joint l_foot 1 0.538272 0.991263 2.50704 196056
/joint r_hip 1 0.439148 0.52778 2.55398 196072
/joint r_knee 1 0.458069 0.765163 2.56515 196072
/joint r_foot 1 0.464793 0.970278 2.54701 196072
/joint head 1 0.483863 0.191656 2.66176 196072
/joint neck 1 0.486235 0.311303 2.61913 196088
/joint l_shoulder 1 0.549098 0.313114 2.60653 196088
/joint l_elbow 1 0.670832 0.333598 2.52041 196088
/joint l_hand 1 0.762466 0.311125 2.36383 196104
/joint r_shoulder 1 0.423372 0.309493 2.63174 196104
/joint r_elbow 1 0.423372 0.465685 2.63174 196104
/joint r_hand 1 0.42337 0.621877 2.63174 196121
/joint torso 1 0.4827 0.420994 2.58406 196121
/joint l_hip 1 0.520288 0.531868 2.54074 196121
/joint l_knee 1 0.541224 0.766381 2.59406 196137
/joint l_foot 1 0.538387 0.997927 2.51072 196137
/joint r_hip 1 0.438041 0.529499 2.55723 196137
/joint r_knee 1 0.458688 0.766697 2.5632 196137
/joint r_foot 1 0.464101 0.977086 2.54797 196154
/joint head 1 0.483977 0.192094 2.65762 196154
/joint neck 1 0.486338 0.311911 2.61658 196154
/joint l_shoulder 1 0.549257 0.314074 2.6053 196170
/joint l_elbow 1 0.669648 0.346779 2.51153 196170
/joint l_hand 1 0.764036 0.327138 2.36181 196170
/joint r_shoulder 1 0.42342 0.309749 2.62787 196187
/joint r_elbow 1 0.42342 0.465941 2.62787 196187
/joint r_hand 1 0.423418 0.622133 2.62787 196187
/joint torso 1 0.482703 0.421798 2.58292 196187
/joint l_hip 1 0.520231 0.533099 2.54186 196204
/joint l_knee 1 0.540262 0.768658 2.58413 196204
/joint l_foot 1 0.538945 0.996566 2.50962 196204
/joint r_hip 1 0.437906 0.53027 2.55663 196221
/joint r_knee 1 0.45926 0.767391 2.56193 196221
/joint r_foot 1 0.465797 0.975573 2.5439 196221
/joint head 1 0.484407 0.193619 2.65592 196238
/joint neck 1 0.485731 0.313448 2.61683 196238
/joint l_shoulder 1 0.548679 0.316101 2.60658 196238
/joint l_elbow 1 0.669434 0.352046 2.50707 196238
/joint l_hand 1 0.761568 0.340641 2.3552 196255
/joint r_shoulder 1 0.422783 0.310795 2.62707 196255
/joint r_elbow 1 0.422783 0.466987 2.62707 196255
/joint r_hand 1 0.422781 0.623179 2.62707 196273
/joint torso 1 0.481781 0.423412 2.58383 196273
/joint l_hip 1 0.519015 0.535112 2.54414 196273
/joint l_knee 1 0.539858 0.770476 2.5881 196273
/joint l_foot 1 0.538135 0.99852 2.50524 196289
/joint r_hip 1 0.436648 0.53164 2.55755 196289
/joint r_knee 1 0.458033 0.768779 2.5584 196289
/joint r_foot 1 0.464639 0.976662 2.54725 196306
/joint head 1 0.484772 0.194892 2.65504 196306
/joint neck 1 0.486612 0.314854 2.61483 196306
/joint l_shoulder 1 0.549602 0.317574 2.60563 196322
/joint l_elbow 1 0.672655 0.356774 2.50208 196322
/joint l_hand 1 0.759943 0.355778 2.34061 196322
/joint r_shoulder 1 0.423622 0.312133 2.62403 196322
/joint r_elbow 1 0.423622 0.468326 2.62403 196339
/joint r_hand 1 0.42362 0.624518 2.62403 196339
/joint torso 1 0.482733 0.424807 2.58175 196339
/joint l_hip 1 0.520063 0.53654 2.54266 196357
/joint l_knee 1 0.542681 0.771901 2.58321 196357
/joint l_foot 1 0.540384 0.99514 2.50185 196357
/joint r_hip 1 0.437646 0.532981 2.5547 196357
/joint r_knee 1 0.460721 0.769839 2.55339 196374
/joint r_foot 1 0.467084 0.974791 2.54518 196374
/joint head 1 0.484672 0.193568 2.65424 196374
/joint neck 1 0.48672 0.314322 2.61495 196390
/joint l_shoulder 1 0.549681 0.316993 2.60504 196390
/joint l_elbow 1 0.670355 0.36382 2.50699 196390
/joint l_hand 1 0.755943 0.370831 2.34436 196406
/joint r_shoulder 1 0.423758 0.31165 2.62487 196407
/joint r_elbow 1 0.423758 0.467843 2.62487 196407
/joint r_hand 1 0.423756 0.624035 2.62487 196407
/joint torso 1 0.482813 0.424345 2.58241 196423
/joint l_hip 1 0.520099 0.536116 2.54338 196423
/joint l_knee 1 0.542857 0.771268 2.58657 196424
/joint l_foot 1 0.537993 0.98953 2.51207 196440
/joint r_hip 1 0.437714 0.532621 2.55635 196440
/joint r_knee 1 0.460378 0.769544 2.55225 196440
/joint r_foot 1 0.465658 0.975033 2.54818 196456
/joint head 1 0.48466 0.194194 2.65383 196456
/joint neck 1 0.485654 0.314631 2.61633 196456
/joint l_shoulder 1 0.5486 0.317944 2.60677 196473
/joint l_elbow 1 0.66938 0.37044 2.50715 196473
/joint l_hand 1 0.749576 0.386289 2.33971 196473
/joint r_shoulder 1 0.422707 0.311317 2.62588 196473
/joint r_elbow 1 0.422707 0.46751 2.62588 196490
/joint r_hand 1 0.422705 0.623702 2.62588 196490
/joint torso 1 0.481178 0.424688 2.58427 196490
/joint l_hip 1 0.517895 0.536914 2.54596 196507
/joint l_knee 1 0.54056 0.772208 2.5878 196507
/joint l_foot 1 0.536425 0.991478 2.51241 196507
/joint r_hip 1 0.435511 0.532578 2.55846 196507
/joint r_knee 1 0.458111 0.769518 2.55905 196524
/joint r_foot 1 0.463921 0.973987 2.54757 196524
/joint head 1 0.484459 0.191639 2.65374 196524
/joint neck 1 0.484923 0.312898 2.61736 196540
/joint l_shoulder 1 0.547806 0.316324 2.60634 196540
/joint l_elbow 1 0.669279 0.380525 2.50698 196540
/joint l_hand 1 0.74766 0.398976 2.33763 196557
/joint r_shoulder 1 0.422039 0.309471 2.62838 196557
/joint r_elbow 1 0.42204 0.465663 2.62838 196557
/joint r_hand 1 0.422037 0.621855 2.62838 196557
/joint torso 1 0.48018 0.423036 2.58614 196574
/joint l_hip 1 0.516586 0.535417 2.54771 196574
/joint l_knee 1 0.54156 0.770377 2.58836 196574
/joint l_foot 1 0.537088 0.991657 2.51083 196591
/joint r_hip 1 0.434286 0.530933 2.56213 196591
/joint r_knee 1 0.459085 0.767462 2.55935 196591
/joint r_foot 1 0.464199 0.975596 2.54852 196607
/joint head 1 0.484559 0.191434 2.65368 196607
/joint neck 1 0.484707 0.3122 2.61813 196607
/joint l_shoulder 1 0.547547 0.315799 2.60636 196607
/joint l_elbow 1 0.668052 0.389728 2.50099 196624
/joint l_hand 1 0.742691 0.411513 2.3242 196624
/joint r_shoulder 1 0.421866 0.308601 2.6299 196624
/joint r_elbow 1 0.421867 0.464793 2.6299 196640
/joint r_hand 1 0.421865 0.620985 2.6299 196640
/joint torso 1 0.479715 0.422377 2.58734 196640
/joint l_hip 1 0.515847 0.534909 2.54884 196657
/joint l_knee 1 0.541013 0.770008 2.58729 196657
/joint l_foot 1 0.537752 0.99463 2.5078 196657
/joint r_hip 1 0.433601 0.530198 2.56424 196657
/joint r_knee 1 0.459686 0.76645 2.55759 196674
/joint r_foot 1 0.465187 0.976031 2.54662 196674
/joint head 1 0.484154 0.193439 2.65365 196674
/joint neck 1 0.484093 0.313935 2.61816 196691
/joint l_shoulder 1 0.546984 0.317468 2.60667 196691
/joint l_elbow 1 0.666827 0.396396 2.49651 196691
/joint l_hand 1 0.741416 0.424107 2.31875 196691
/joint r_shoulder 1 0.421201 0.310403 2.62965 196708
/joint r_elbow 1 0.421201 0.466595 2.62965 196708
/joint r_hand 1 0.421199 0.622787 2.62965 196708
/joint torso 1 0.479214 0.42411 2.58757 196724
/joint l_hip 1 0.51547 0.536596 2.54946 196724
/joint l_knee 1 0.541157 0.771908 2.58313 196724
/joint l_foot 1 0.537959 0.997312 2.51 196741
/joint r_hip 1 0.433202 0.531975 2.56449 196741
/joint r_knee 1 0.459716 0.768118 2.55528 196741
/joint r_foot 1 0.465111 0.978044 2.54542 196757
/joint head 1 0.484242 0.190349 2.65346 196757
/joint neck 1 0.485285 0.311868 2.61775 196757
/joint l_shoulder 1 0.548259 0.315186 2.60837 196757
/joint l_elbow 1 0.6649 0.403424 2.49057 196774
/joint l_hand 1 0.735183 0.43895 2.30991 196774
/joint r_shoulder 1 0.422312 0.308551 2.62713 196774
/joint r_elbow 1 0.422312 0.464743 2.62713 196791
/joint r_hand 1 0.42231 0.620935 2.62713 196791
/joint torso 1 0.480882 0.422093 2.58722 196791
/joint l_hip 1 0.517675 0.534488 2.55055 196808
/joint l_knee 1 0.544618 0.769675 2.58234 196808
/joint l_foot 1 0.540738 0.991623 2.51362 196808
/joint r_hip 1 0.435281 0.530147 2.56282 196808
/joint r_knee 1 0.462752 0.766137 2.55591 196825
/joint r_foot 1 0.467082 0.974202 2.54222 196825
/joint head 1 0.48456 0.191372 2.65329 196825
/joint neck 1 0.485892 0.312835 2.61705 196842
/joint l_shoulder 1 0.548925 0.316091 2.60966 196842
/joint l_elbow 1 0.661205 0.406411 2.48555 196842
/joint l_hand 1 0.730287 0.448808 2.30904 196842
/joint r_shoulder 1 0.422859 0.30958 2.62443 196858
/joint r_elbow 1 0.422859 0.465772 2.62443 196858
/joint r_hand 1 0.422857 0.621964 2.62443 196858
/joint torso 1 0.481782 0.423021 2.58602 196875
/joint l_hip 1 0.518907 0.535337 2.55016 196875
/joint l_knee 1 0.544145 0.770958 2.58026 196875
/joint l_foot 1 0.540754 0.995485 2.50608 196892
/joint r_hip 1 0.436436 0.531078 2.55983 196892
/joint r_knee 1 0.462594 0.767357 2.55522 196892
/joint r_foot 1 0.465617 0.9763 2.53748 196892
/joint head 1 0.485194 0.192359 2.66614 196908
/joint neck 1 0.486857 0.312275 2.62176 196908
/joint l_shoulder 1 0.549901 0.315529 2.61503 196908
/joint l_elbow 1 0.659736 0.408863 2.4835 196925
/joint l_hand 1 0.726454 0.454148 2.30571 196925
/joint r_shoulder 1 0.423813 0.309022 2.62848 196925
/joint r_elbow 1 0.423813 0.465214 2.62848 196941
/joint r_hand 1 0.423811 0.621406 2.62848 196941
/joint torso 1 0.482708 0.421678 2.58526 196941
/joint l_hip 1 0.519805 0.53321 2.54437 196941
/joint l_knee 1 0.54256 0.76881 2.5811 196958
/joint l_foot 1 0.540898 0.991659 2.49611 196958
/joint r_hip 1 0.437312 0.528953 2.55317 196958
/joint r_knee 1 0.461586 0.765594 2.54952 196975
/joint r_foot 1 0.467413 0.973178 2.53527 196975
/joint head 1 0.486447 0.190739 2.66107 196975
/joint neck 1 0.486172 0.311283 2.62205 196975
/joint l_shoulder 1 0.549077 0.31545 2.61255 196992
/joint l_elbow 1 0.654264 0.414241 2.49362 196992
/joint l_hand 1 0.719424 0.455118 2.31335 196992
/joint r_shoulder 1 0.423266 0.307116 2.63155 197009
/joint r_elbow 1 0.423267 0.463308 2.63155 197009
/joint r_hand 1 0.423264 0.6195 2.63155 197009
/joint torso 1 0.480823 0.421036 2.5887 197025
/joint l_hip 1 0.516646 0.533516 2.54914 197025
/joint l_knee 1 0.537391 0.769031 2.59138 197025
/joint l_foot 1 0.536689 0.995562 2.49845 197042
/joint r_hip 1 0.434303 0.528062 2.56157 197042
/joint r_knee 1 0.456874 0.764953 2.56524 197042
/joint r_foot 1 0.463592 0.974456 2.54982 197042
/joint head 1 0.486067 0.188831 2.66996 197059
/joint neck 1 0.48576 0.308949 2.62715 197059
/joint l_shoulder 1 0.548595 0.313102 2.61566 197059
/joint l_elbow 1 0.652697 0.419295 2.49222 197076
/joint l_hand 1 0.711939 0.463433 2.30682 197076
/joint r_shoulder 1 0.422924 0.304795 2.63864 197076
/joint r_elbow 1 0.422925 0.460987 2.63864 197076
/joint r_hand 1 0.422923 0.617179 2.63864 197093
/joint torso 1 0.480044 0.418304 2.59107 197093
/joint l_hip 1 0.515435 0.530376 2.54747 197093
/joint l_knee 1 0.539777 0.765552 2.58584 197109
/joint l_foot 1 0.539226 0.990178 2.49729 197109
/joint r_hip 1 0.43322 0.524941 2.56251 197109
/joint r_knee 1 0.458882 0.761234 2.55938 197126
/joint r_foot 1 0.465598 0.971145 2.54332 197126
/joint head 1 0.486856 0.189595 2.67422 197126
/joint neck 1 0.486407 0.308861 2.62781 197142
/joint l_shoulder 1 0.549297 0.313071 2.61765 197142
/joint l_elbow 1 0.645091 0.42206 2.49831 197142
/joint l_hand 1 0.704011 0.46755 2.30658 197142
/joint r_shoulder 1 0.423517 0.304651 2.63798 197158
/joint r_elbow 1 0.423518 0.460844 2.63798 197158
/joint r_hand 1 0.423515 0.617036 2.63798 197158
/joint torso 1 0.48074 0.417821 2.58911 197174
/joint l_hip 1 0.51622 0.529535 2.54376 197174
/joint l_knee 1 0.541866 0.764185 2.58618 197174
/joint l_foot 1 0.540729 0.994171 2.49854 197191
/joint r_hip 1 0.433928 0.524027 2.55707 197191
/joint r_knee 1 0.459953 0.760292 2.5523 197191
/joint r_foot 1 0.46883 0.972579 2.54197 197191
/joint head 1 0.486163 0.191879 2.67649 197208
/joint neck 1 0.485843 0.310637 2.62935 197208
/joint l_shoulder 1 0.54871 0.314116 2.61791 197208
/joint l_elbow 1 0.644241 0.424291 2.50931 197223
/joint l_hand 1 0.698522 0.469737 2.30322 197223
/joint r_shoulder 1 0.422977 0.307159 2.6408 197223
/joint r_elbow 1 0.422977 0.463352 2.6408 197240
/joint r_hand 1 0.422975 0.619543 2.6408 197241
/joint torso 1 0.480658 0.419524 2.58988 197241
/joint l_hip 1 0.516603 0.530686 2.54292 197257
/joint l_knee 1 0.542031 0.765353 2.58611 197257
/joint l_foot 1 0.540057 0.998558 2.49729 197257
/joint r_hip 1 0.434342 0.526135 2.5579 197257
/joint r_knee 1 0.459731 0.762522 2.56024 197274
/joint r_foot 1 0.468245 0.975744 2.54654 197274
/joint head 1 0.487158 0.192842 2.67743 197274
/joint neck 1 0.487061 0.311033 2.62924 197290
/joint l_shoulder 1 0.549991 0.314859 2.61966 197290
/joint l_elbow 1 0.640089 0.423799 2.5127 197290
/joint l_hand 1 0.690051 0.469933 2.29652 197307
/joint r_shoulder 1 0.424132 0.307206 2.63882 197307
/joint r_elbow 1 0.424132 0.463398 2.63882 197307
/joint r_hand 1 0.42413 0.61959 2.63882 197307
/joint torso 1 0.481823 0.41987 2.58945 197323
/joint l_hip 1 0.51776 0.531211 2.54339 197323
/joint l_knee 1 0.543779 0.765762 2.5868 197323
/joint l_foot 1 0.540101 0.996516 2.50041 197339
/joint r_hip 1 0.435411 0.526203 2.55593 197339
/joint r_knee 1 0.461112 0.762572 2.55733 197339
/joint r_foot 1 0.467957 0.975072 2.54249 197355
/joint head 1 0.486537 0.19214 2.67804 197355
/joint neck 1 0.486638 0.310828 2.62975 197355
/joint l_shoulder 1 0.549563 0.314787 2.62038 197372
/joint l_elbow 1 0.639195 0.424635 2.50521 197372
/joint l_hand 1 0.683435 0.472108 2.28631 197372
/joint r_shoulder 1 0.423713 0.306869 2.63913 197372
/joint r_elbow 1 0.423714 0.463061 2.63913 197389
/joint r_hand 1 0.423711 0.619253 2.63913 197389
/joint torso 1 0.48129 0.419592 2.58949 197389
/joint l_hip 1 0.517118 0.530946 2.54309 197407
/joint l_knee 1 0.542378 0.765819 2.58435 197407
/joint l_foot 1 0.538334 0.995027 2.50565 197407
/joint r_hip 1 0.434765 0.525765 2.55535 197407
/joint r_knee 1 0.460417 0.762164 2.55621 197423
/joint r_foot 1 0.464801 0.97498 2.54167 197423
/joint head 1 0.486728 0.190871 2.67873 197423
/joint neck 1 0.486848 0.30988 2.63031 197440
/joint l_shoulder 1 0.549743 0.313518 2.61976 197440
/joint l_elbow 1 0.638156 0.426599 2.50021 197440
/joint l_hand 1 0.676923 0.47061 2.27686 197457
/joint r_shoulder 1 0.423953 0.306242 2.64086 197457
/joint r_elbow 1 0.423954 0.462434 2.64086 197457
/joint r_hand 1 0.423952 0.618626 2.64086 197457
/joint torso 1 0.481637 0.418721 2.59049 197474
/joint l_hip 1 0.517583 0.529944 2.54376 197474
/joint l_knee 1 0.543568 0.76419 2.59057 197474
/joint l_foot 1 0.539627 0.994212 2.5076 197489
/joint r_hip 1 0.435269 0.525183 2.55757 197489
/joint r_knee 1 0.461834 0.761409 2.55724 197489
/joint r_foot 1 0.465018 0.974759 2.5448 197506
/joint head 1 0.486381 0.191412 2.67909 197506
/joint neck 1 0.486059 0.309893 2.63179 197506
/joint l_shoulder 1 0.548918 0.31341 2.62031 197522
/joint l_elbow 1 0.638024 0.425237 2.50125 197522
/joint l_hand 1 0.670297 0.46829 2.27465 197522
/joint r_shoulder 1 0.423201 0.306377 2.64327 197522
/joint r_elbow 1 0.423201 0.462569 2.64327 197539
/joint r_hand 1 0.423199 0.618761 2.64327 197539
/joint torso 1 0.480836 0.418811 2.59245 197539
/joint l_hip 1 0.516745 0.530031 2.5456 197556
/joint l_knee 1 0.541034 0.764931 2.58844 197556
/joint l_foot 1 0.538636 0.994979 2.51046 197556
/joint r_hip 1 0.434479 0.525428 2.56062 197556
/joint r_knee 1 0.45968 0.761874 2.56547 197573
/joint r_foot 1 0.463858 0.973756 2.544 197573
/joint head 1 0.486342 0.191905 2.66669 197573
/joint neck 1 0.485703 0.311692 2.62664 197590
/joint l_shoulder 1 0.548572 0.315543 2.61559 197591
/joint l_elbow 1 0.635605 0.426376 2.49383 197591
/joint l_hand 1 0.663812 0.463747 2.26353 197607
/joint r_shoulder 1 0.422834 0.30784 2.6377 197607
/joint r_elbow 1 0.422835 0.464033 2.6377 197607
/joint r_hand 1 0.422833 0.620225 2.6377 197607
/joint torso 1 0.480402 0.421281 2.59196 197624
/joint l_hip 1 0.51624 0.533391 2.55003 197624
/joint l_knee 1 0.540606 0.768609 2.58864 197624
/joint l_foot 1 0.538341 0.994188 2.51858 197642
/joint r_hip 1 0.433962 0.528351 2.5645 197642
/joint r_knee 1 0.460335 0.764554 2.56229 197642
/joint r_foot 1 0.46596 0.977339 2.54675 197642
/joint head 1 0.485785 0.192005 2.66049 197658
/joint neck 1 0.485599 0.313078 2.62351 197658
/joint l_shoulder 1 0.54848 0.316714 2.61252 197658
/joint l_elbow 1 0.636564 0.431414 2.49244 197675
/joint l_hand 1 0.658635 0.461235 2.25456 197675
/joint r_shoulder 1 0.422718 0.309442 2.6345 197675
/joint r_elbow 1 0.422719 0.465635 2.6345 197692
/joint r_hand 1 0.422717 0.621827 2.6345 197692
/joint torso 1 0.480601 0.422983 2.59093 197692
/joint l_hip 1 0.51675 0.535267 2.55117 197692
/joint l_knee 1 0.542686 0.770524 2.58461 197709
/joint l_foot 1 0.539054 0.992745 2.51582 197709
/joint r_hip 1 0.434456 0.530509 2.56555 197709
/joint r_knee 1 0.461016 0.766684 2.56054 197726
/joint r_foot 1 0.466333 0.97596 2.54259 197726
/joint head 1 0.484735 0.193346 2.66943 197726
/joint neck 1 0.485464 0.313766 2.62555 197726
/joint l_shoulder 1 0.548407 0.317064 2.61609 197743
/joint l_elbow 1 0.635307 0.430506 2.49407 197743
/joint l_hand 1 0.650868 0.457325 2.25137 197743
/joint r_shoulder 1 0.422521 0.310467 2.635 197759
/joint r_elbow 1 0.422521 0.466659 2.635 197759
/joint r_hand 1 0.422519 0.622851 2.635 197759
/joint torso 1 0.480853 0.423057 2.58857 197776
/joint l_hip 1 0.517439 0.534507 2.5454 197776
/joint l_knee 1 0.542423 0.7703 2.57239 197776
/joint l_foot 1 0.539842 0.990366 2.50846 197776
/joint r_hip 1 0.435048 0.53019 2.55778 197793
/joint r_knee 1 0.460468 0.766575 2.55054 197793
/joint r_foot 1 0.46687 0.975507 2.53394 197793
/joint head 1 0.485263 0.193853 2.66152 197810
/joint neck 1 0.485959 0.314943 2.62196 197810
/joint l_shoulder 1 0.548991 0.318773 2.61597 197810
/joint l_elbow 1 0.632512 0.429023 2.49454 197828
/joint l_hand 1 0.645206 0.453122 2.24797 197828
/joint r_shoulder 1 0.422927 0.311113 2.62795 197828
/joint r_elbow 1 0.422927 0.467305 2.62795 197828
/joint r_hand 1 0.422925 0.623497 2.62795 197844
/joint torso 1 0.481387 0.424589 2.58725 197844
/joint l_hip 1 0.518067 0.53674 2.54862 197844
/joint l_knee 1 0.542492 0.772185 2.58308 197861
/joint l_foot 1 0.539473 0.996653 2.51202 197861
/joint r_hip 1 0.435565 0.531728 2.55646 197861
/joint r_knee 1 0.460645 0.768216 2.55203 197879
/joint r_foot 1 0.467761 0.97765 2.5431 197879
/joint head 1 0.484949 0.19337 2.65814 197879
/joint neck 1 0.486314 0.315041 2.62055 197879
---STOP: 2014-01-17-19-15-12-317---
