Gesto: 1
0 0.623145 0.289694 1.9199 505987
0 0.623329 0.289878 1.92022 506019
0 0.623231 0.290252 1.91634 506052
0 0.623248 0.28987 1.91771 506086
0 0.623315 0.288664 1.92291 506120
0 0.624314 0.288325 1.92009 506138
0 0.626485 0.286074 1.92505 506172
0 0.626937 0.282996 1.923 506206
0 0.627538 0.283724 1.92302 506239
0 0.627476 0.278364 1.92276 506273
0 0.629129 0.275509 1.9113 506307
0 0.630891 0.273543 1.91356 506341
0 0.631591 0.267157 1.91255 506374
0 0.632958 0.260717 1.91692 506408
0 0.635338 0.256447 1.92072 506442
0 0.635383 0.248975 1.922 506476
0 0.638192 0.241902 1.92215 506511
0 0.640509 0.236911 1.92576 506544
0 0.641498 0.233224 1.93302 506578
0 0.642903 0.22527 1.93249 506611
0 0.643135 0.21968 1.93218 506645
0 0.642489 0.214087 1.93643 506679
0 0.644717 0.208843 1.93463 506713
0 0.646266 0.203544 1.93445 506746
0 0.647871 0.195181 1.93274 506779
0 0.64795 0.194088 1.93907 506812
0 0.650723 0.190501 1.9375 506846
0 0.654738 0.188045 1.93757 506880
0 0.655928 0.185092 1.93701 506912
0 0.656846 0.184815 1.93508 506945
0 0.652269 0.19021 1.93263 506979
0 0.65334 0.19245 1.93858 507013
0 0.654668 0.195559 1.93502 507045
0 0.654844 0.201979 1.93053 507078
0 0.655268 0.207641 1.92765 507112
0 0.656244 0.211979 1.92647 507145
0 0.656201 0.218313 1.9239 507179
0 0.656174 0.225514 1.92264 507213
0 0.654931 0.231646 1.92236 507246
0 0.654438 0.24123 1.92325 507280
0 0.6542 0.247473 1.91918 507314
0 0.655357 0.254177 1.91362 507347
0 0.653993 0.263327 1.90963 507381
0 0.65513 0.270038 1.91018 507414
0 0.654903 0.279108 1.9061 507446
0 0.65521 0.288957 1.90605 507479
0 0.654779 0.297861 1.90325 507512
0 0.655086 0.305824 1.90621 507546
0 0.65467 0.316989 1.90597 507580
0 0.654981 0.32621 1.90837 507613
0 0.655028 0.336603 1.90837 507646
0 0.654179 0.346627 1.90845 507678
0 0.654517 0.355608 1.90515 507712
0 0.65591 0.367854 1.90884 507745
0 0.655659 0.376788 1.90856 507778
0 0.65507 0.38536 1.90833 507811
0 0.655623 0.393179 1.91029 507844
0 0.65404 0.402747 1.91021 507877
0 0.654694 0.413201 1.91211 507910
0 0.654438 0.419929 1.91624 507943
0 0.654134 0.424573 1.92061 507976
0 0.653178 0.43116 1.91975 508009
0 0.653472 0.435453 1.92458 508041
0 0.652507 0.440645 1.9242 508076
0 0.65217 0.44569 1.92002 508109
0 0.653115 0.451354 1.91396 508143
0 0.650046 0.453174 1.91845 508177
0 0.648425 0.456075 1.92439 508211
0 0.647627 0.457003 1.92633 508245
0 0.647381 0.457622 1.92871 508279

1 0.621754 0.288988 1.91616 518516
1 0.622451 0.289931 1.91661 518565
1 0.623115 0.290221 1.91452 518582
1 0.622841 0.290277 1.91321 518616
1 0.624043 0.290095 1.9158 518649
1 0.623304 0.291023 1.91368 518683
1 0.625174 0.290024 1.91633 518731
1 0.627334 0.288264 1.91365 518764
1 0.626422 0.283014 1.91847 518782
1 0.624615 0.277532 1.91885 518832
1 0.626219 0.273127 1.92034 518865
1 0.628064 0.269419 1.92108 518883
1 0.629711 0.266974 1.92165 518933
1 0.628572 0.260326 1.91802 518965
1 0.630715 0.253053 1.91358 518982
1 0.630911 0.245919 1.91564 519032
1 0.630674 0.241878 1.91871 519049
1 0.630798 0.239343 1.92419 519083
1 0.630768 0.236664 1.92359 519131
1 0.631345 0.234076 1.92535 519164
1 0.631958 0.226731 1.92514 519199
1 0.632182 0.223431 1.92442 519231
1 0.632675 0.219105 1.92601 519265
1 0.633023 0.217134 1.93212 519281
1 0.635914 0.215193 1.93257 519331
1 0.63657 0.211027 1.93132 519364
1 0.638371 0.20589 1.93038 519381
1 0.640539 0.202243 1.92783 519430
1 0.640068 0.200699 1.9288 519464
1 0.642111 0.19565 1.92461 519497
1 0.643794 0.190754 1.92784 519531
1 0.644858 0.188511 1.93111 519563
1 0.645211 0.18715 1.9315 519597
1 0.643477 0.183175 1.93057 519631
1 0.642475 0.180295 1.93212 519649
1 0.643308 0.178637 1.93493 519682
1 0.644668 0.177564 1.93793 519731
1 0.644543 0.176628 1.94132 519764
1 0.645968 0.174625 1.94771 519797
1 0.644824 0.175117 1.9431 519831
1 0.648266 0.174742 1.94269 519865
1 0.647836 0.172411 1.92413 519899
1 0.647152 0.172672 1.9349 519933
1 0.646156 0.174471 1.93613 519951
1 0.645708 0.175526 1.94177 520001
1 0.645665 0.176431 1.94304 520018
1 0.647012 0.178076 1.94256 520050
1 0.650152 0.177838 1.9426 520099
1 0.647034 0.179371 1.93725 520132
1 0.649571 0.179735 1.93515 520149
1 0.649041 0.183668 1.93543 520199
1 0.648031 0.190206 1.93519 520233
1 0.6498 0.194954 1.92921 520249
1 0.649479 0.203848 1.92785 520300
1 0.65151 0.209931 1.9264 520332
1 0.652488 0.213674 1.92125 520349
1 0.652591 0.216623 1.91426 520399
1 0.654089 0.222572 1.91006 520434
1 0.654882 0.229861 1.9098 520450
1 0.654874 0.236881 1.90733 520499
1 0.654402 0.245289 1.90732 520533
1 0.654602 0.251081 1.90797 520550
1 0.654101 0.261801 1.90365 520599
1 0.654461 0.268814 1.89897 520632
1 0.654814 0.276866 1.89901 520665
1 0.654562 0.28425 1.89562 520698
1 0.654537 0.28958 1.89217 520731
1 0.654754 0.296953 1.89557 520765
1 0.654784 0.305496 1.8951 520799
1 0.653388 0.312269 1.89688 520834
1 0.653222 0.32109 1.89158 520850
1 0.653683 0.327238 1.88979 520900
1 0.653188 0.334515 1.89197 520916
1 0.653505 0.341863 1.89119 520951
1 0.653956 0.348042 1.89015 521001
1 0.653493 0.357257 1.88927 521017
1 0.652352 0.363936 1.88831 521066
1 0.653844 0.373808 1.88714 521100
1 0.653967 0.380883 1.88316 521117
1 0.653855 0.387441 1.88101 521167
1 0.652525 0.392068 1.87914 521201
1 0.653232 0.397954 1.88152 521218
1 0.65384 0.401358 1.8831 521268
1 0.654373 0.404129 1.88662 521285
1 0.653424 0.408545 1.88663 521318
1 0.65348 0.416382 1.88533 521368
1 0.653216 0.421634 1.88574 521386
1 0.652563 0.425391 1.88874 521419
1 0.651034 0.427758 1.88743 521453
1 0.651056 0.430263 1.8938 521487
1 0.65293 0.435117 1.89831 521521
1 0.653383 0.439728 1.89646 521554
1 0.653364 0.442734 1.89443 521588
1 0.65395 0.442349 1.89487 521622
1 0.653713 0.443861 1.89662 521656
1 0.653167 0.444409 1.89758 521690

2 0.622529 0.293612 1.87632 523852
2 0.624144 0.293364 1.87711 523902
2 0.623974 0.293201 1.88007 523934
2 0.623973 0.29254 1.88008 523968
2 0.624095 0.291905 1.88071 524001
2 0.624099 0.290589 1.87965 524034
2 0.624314 0.289899 1.8822 524052
2 0.624611 0.287348 1.88518 524102
2 0.624243 0.285134 1.88282 524137
2 0.624702 0.280785 1.87979 524153
2 0.626094 0.278656 1.87667 524204
2 0.626471 0.277214 1.87627 524220
2 0.626736 0.275752 1.88258 524254
2 0.627385 0.270282 1.88412 524288
2 0.628272 0.266084 1.8837 524322
2 0.628132 0.262034 1.88465 524356
2 0.630055 0.261116 1.88092 524390
2 0.633724 0.258989 1.87908 524424
2 0.635492 0.2566 1.88101 524456
2 0.636518 0.247714 1.88833 524490
2 0.637761 0.244468 1.8878 524524
2 0.638696 0.241165 1.88526 524557
2 0.640359 0.23419 1.89004 524590
2 0.640257 0.231694 1.89314 524622
2 0.64124 0.228245 1.89466 524672
2 0.645693 0.225216 1.89231 524690
2 0.646871 0.222921 1.89641 524723
2 0.645733 0.221408 1.905 524757
2 0.644316 0.219974 1.90561 524792
2 0.643048 0.216657 1.90809 524825
2 0.646844 0.208968 1.91346 524859
2 0.648856 0.205079 1.91153 524891
2 0.649553 0.202595 1.9102 524926
2 0.65086 0.200533 1.91319 524959
2 0.652084 0.195084 1.91525 524992
2 0.65355 0.19001 1.91479 525025
2 0.653639 0.186321 1.9124 525057
2 0.653652 0.183893 1.91399 525089
2 0.654405 0.182607 1.91674 525121
2 0.654312 0.181681 1.91943 525170
2 0.654622 0.180478 1.92333 525188
2 0.65457 0.181158 1.92196 525221
2 0.654279 0.181202 1.92172 525271
2 0.653764 0.180868 1.923 525287
2 0.654783 0.182074 1.9223 525320
2 0.65606 0.184258 1.92078 525371
2 0.656756 0.185391 1.91222 525404
2 0.657419 0.19209 1.91225 525420
2 0.657522 0.196501 1.91426 525470
2 0.660007 0.198317 1.91279 525488
2 0.660426 0.205827 1.91282 525521
2 0.65914 0.213471 1.90914 525555
2 0.659437 0.218596 1.90651 525589
2 0.660768 0.22498 1.89733 525621
2 0.659925 0.232358 1.89819 525670
2 0.661364 0.240243 1.8956 525703
2 0.662011 0.248831 1.88807 525736
2 0.659776 0.25546 1.88731 525769
2 0.661116 0.264712 1.88092 525802
2 0.660958 0.272092 1.88306 525835
2 0.66126 0.282496 1.87914 525867
2 0.659656 0.289869 1.87923 525900
2 0.658907 0.301556 1.87972 525933
2 0.658388 0.308609 1.87684 525966
2 0.659874 0.316622 1.87606 525999
2 0.656185 0.325515 1.87444 526033
2 0.655307 0.334568 1.87174 526066
2 0.654246 0.341927 1.87263 526099
2 0.653434 0.346947 1.87142 526132
2 0.652459 0.355128 1.87249 526165
2 0.652072 0.362439 1.87262 526197
2 0.651408 0.368309 1.87219 526230
2 0.651904 0.37756 1.86903 526263
2 0.650946 0.383542 1.86907 526295
2 0.649931 0.388877 1.86774 526327
2 0.650564 0.396621 1.86652 526360
2 0.65143 0.402149 1.86708 526393
2 0.651851 0.406778 1.86692 526428
2 0.649983 0.410279 1.86861 526461
2 0.6505 0.416022 1.86878 526494
2 0.65037 0.420985 1.87002 526529
2 0.650315 0.424306 1.86844 526561
2 0.650125 0.426317 1.87162 526594
2 0.648869 0.428772 1.8756 526626
2 0.648198 0.433748 1.87407 526659
2 0.649475 0.439595 1.87182 526693
2 0.650473 0.442889 1.87329 526725
2 0.650378 0.444377 1.8721 526759
2 0.650842 0.445185 1.87173 526791
2 0.650865 0.4448 1.87141 526824
2 0.651192 0.444364 1.87521 526857
2 0.651445 0.444953 1.87946 526891
2 0.650341 0.44577 1.8838 526924
2 0.650276 0.447509 1.88328 526957
2 0.650368 0.450714 1.88169 527005

3 0.624285 0.288433 1.87649 528665
3 0.625616 0.285639 1.87295 528697
3 0.625727 0.28549 1.87542 528731
3 0.625455 0.285734 1.87524 528765
3 0.62695 0.284153 1.87199 528799
3 0.626047 0.28437 1.87349 528833
3 0.627059 0.281904 1.8761 528867
3 0.627653 0.281168 1.87102 528900
3 0.630028 0.279615 1.87488 528934
3 0.631422 0.279577 1.87668 528968
3 0.633202 0.277142 1.87809 529001
3 0.634937 0.272584 1.87822 529034
3 0.636285 0.264971 1.88238 529067
3 0.637412 0.261532 1.88098 529101
3 0.638103 0.255999 1.88741 529134
3 0.639101 0.249196 1.88787 529168
3 0.641117 0.245101 1.8932 529201
3 0.642525 0.237778 1.89569 529232
3 0.643766 0.231331 1.89579 529266
3 0.647142 0.225861 1.89608 529299
3 0.647619 0.220875 1.90221 529332
3 0.647188 0.214693 1.90959 529366
3 0.645018 0.208977 1.91033 529399
3 0.647286 0.204678 1.91315 529432
3 0.648641 0.197956 1.9152 529464
3 0.650739 0.192567 1.91596 529498
3 0.650969 0.188601 1.91691 529531
3 0.651013 0.186039 1.91662 529565
3 0.652733 0.182615 1.91926 529598
3 0.653476 0.18105 1.92163 529632
3 0.653862 0.179255 1.92652 529666
3 0.653332 0.178598 1.93024 529699
3 0.652965 0.179001 1.92952 529733
3 0.653423 0.180372 1.92489 529766
3 0.653945 0.180909 1.92285 529799
3 0.653533 0.182464 1.91604 529832
3 0.653207 0.187249 1.91808 529865
3 0.654282 0.193026 1.91965 529898
3 0.655717 0.198252 1.91665 529931
3 0.655585 0.207061 1.91183 529965
3 0.655248 0.212868 1.90772 529998
3 0.655607 0.218943 1.90249 530031
3 0.65558 0.224429 1.89808 530064
3 0.654952 0.232237 1.8947 530098
3 0.655248 0.237849 1.89404 530132
3 0.657097 0.247702 1.88759 530165
3 0.655756 0.253755 1.8895 530199
3 0.654155 0.262257 1.8866 530233
3 0.65561 0.271512 1.88313 530266
3 0.654541 0.279918 1.88112 530299
3 0.653984 0.288421 1.87912 530332
3 0.65272 0.296499 1.87877 530365
3 0.653196 0.306326 1.87544 530400
3 0.654196 0.312428 1.87592 530434
3 0.652737 0.321819 1.87374 530466
3 0.652408 0.331388 1.87188 530499
3 0.652336 0.341306 1.87275 530532
3 0.652737 0.347659 1.87214 530564
3 0.652202 0.355247 1.87465 530596
3 0.652213 0.362464 1.87323 530629
3 0.651828 0.369678 1.87346 530662
3 0.651851 0.378493 1.87088 530696
3 0.650824 0.386256 1.86881 530730
3 0.651018 0.39509 1.86887 530764
3 0.652039 0.401325 1.8689 530798
3 0.650373 0.407691 1.86809 530832
3 0.649751 0.411078 1.86902 530867
3 0.650156 0.418092 1.87035 530900
3 0.649887 0.423262 1.87097 530933
3 0.650047 0.426315 1.87535 530966
3 0.648972 0.428491 1.87535 530999
3 0.649212 0.43679 1.87217 531033
3 0.650073 0.441947 1.86991 531066
3 0.650639 0.446866 1.87126 531100
3 0.650732 0.448681 1.87416 531134
3 0.652025 0.448049 1.87524 531167
3 0.651923 0.448273 1.87672 531200
3 0.650953 0.448427 1.87845 531235
3 0.651007 0.449183 1.87847 531268
3 0.650865 0.449585 1.87867 531302

4 0.626987 0.292258 1.87684 533433
4 0.626522 0.291682 1.87856 533466
4 0.626628 0.29134 1.87925 533499
4 0.626368 0.28933 1.88493 533533
4 0.626338 0.287326 1.88719 533567
4 0.627313 0.284387 1.88284 533599
4 0.627874 0.281102 1.88001 533632
4 0.628018 0.27905 1.8833 533666
4 0.627968 0.278999 1.8782 533699
4 0.627495 0.277207 1.88162 533733
4 0.628221 0.275589 1.88414 533766
4 0.63131 0.267701 1.88236 533798
4 0.632253 0.264028 1.88504 533832
4 0.63481 0.260583 1.88359 533865
4 0.63696 0.256143 1.88929 533898
4 0.638078 0.253131 1.8924 533931
4 0.638927 0.248054 1.89346 533965
4 0.639862 0.244086 1.89599 533998
4 0.640491 0.240979 1.90256 534031
4 0.639923 0.235978 1.90556 534066
4 0.641141 0.230446 1.90374 534099
4 0.643959 0.22638 1.90777 534132
4 0.647056 0.223173 1.90368 534164
4 0.649522 0.219788 1.90865 534198
4 0.651224 0.218674 1.90937 534232
4 0.65351 0.213296 1.91286 534264
4 0.653307 0.207836 1.91615 534298
4 0.653053 0.203804 1.91826 534333
4 0.652358 0.202466 1.9149 534366
4 0.652829 0.199767 1.91918 534400
4 0.65261 0.196591 1.92309 534434
4 0.652101 0.193193 1.92115 534468
4 0.653139 0.189507 1.92213 534501
4 0.653336 0.187221 1.92143 534534
4 0.653884 0.185737 1.91949 534567
4 0.655255 0.184288 1.91871 534601
4 0.655963 0.183253 1.91866 534633
4 0.655896 0.183257 1.91754 534665
4 0.656064 0.182823 1.9207 534699
4 0.655837 0.184301 1.92247 534731
4 0.654528 0.190966 1.92142 534763
4 0.654962 0.194472 1.92381 534813
4 0.65489 0.196676 1.92291 534830
4 0.657866 0.199079 1.91657 534863
4 0.66064 0.201146 1.90908 534913
4 0.659057 0.209024 1.90596 534930
4 0.656792 0.212814 1.91111 534963
4 0.656583 0.217989 1.91013 534997
4 0.657028 0.221984 1.90863 535031
4 0.656051 0.228127 1.91111 535065
4 0.653824 0.23485 1.91045 535099
4 0.654783 0.238929 1.90771 535133
4 0.653825 0.243737 1.90637 535166
4 0.653977 0.250673 1.90329 535199
4 0.65444 0.255268 1.89854 535232
4 0.655363 0.261466 1.89097 535265
4 0.654988 0.268617 1.8923 535297
4 0.655184 0.273864 1.88985 535330
4 0.656698 0.281612 1.88785 535380
4 0.655887 0.28865 1.88515 535412
4 0.654173 0.295233 1.89001 535429
4 0.654129 0.305335 1.88758 535479
4 0.654488 0.310392 1.8906 535511
4 0.654284 0.318834 1.89258 535544
4 0.653816 0.325137 1.89089 535578
4 0.653561 0.33219 1.8874 535612
4 0.653584 0.341262 1.88714 535645
4 0.652571 0.349105 1.88501 535680
4 0.652822 0.357097 1.88796 535713
4 0.652673 0.363345 1.88617 535729
4 0.652703 0.370201 1.8843 535779
4 0.652778 0.37843 1.8823 535813
4 0.652906 0.38449 1.87946 535830
4 0.652048 0.389367 1.87895 535880
4 0.652384 0.397914 1.88128 535897
4 0.652483 0.402775 1.88291 535930
4 0.652285 0.406603 1.88351 535964
4 0.651835 0.413528 1.87928 535998
4 0.652117 0.41844 1.87999 536032
4 0.651592 0.422775 1.88215 536065
4 0.652062 0.426367 1.88324 536098
4 0.650514 0.428728 1.8859 536132
4 0.651386 0.432824 1.8872 536167
4 0.653245 0.435643 1.88958 536201
4 0.653646 0.439507 1.89096 536234
4 0.653024 0.442906 1.88841 536268
4 0.652889 0.445398 1.88762 536302
4 0.652229 0.445647 1.89237 536336
4 0.652274 0.445952 1.89219 536369
4 0.651965 0.44736 1.89099 536403
4 0.651707 0.447168 1.89347 536437

5 0.626641 0.291598 1.87516 539441
5 0.626858 0.290875 1.87789 539475
5 0.62583 0.290514 1.88032 539508
5 0.627524 0.289505 1.88309 539542
5 0.626166 0.289486 1.88443 539576
5 0.628404 0.286731 1.88237 539610
5 0.630462 0.284875 1.87965 539644
5 0.630463 0.282746 1.87817 539677
5 0.630279 0.281242 1.87848 539710
5 0.631171 0.280465 1.8779 539742
5 0.63396 0.278578 1.87688 539775
5 0.6364 0.275067 1.88209 539808
5 0.6367 0.271472 1.88737 539842
5 0.636874 0.268175 1.88599 539876
5 0.638655 0.265408 1.88577 539909
5 0.638261 0.261144 1.88563 539942
5 0.638141 0.259537 1.88368 539976
5 0.639074 0.256448 1.88563 540009
5 0.640987 0.249922 1.89072 540041
5 0.641484 0.246504 1.89332 540074
5 0.641393 0.243875 1.89789 540108
5 0.641845 0.241773 1.89951 540142
5 0.644091 0.23412 1.90126 540174
5 0.644777 0.230668 1.89802 540209
5 0.645561 0.228954 1.90761 540242
5 0.64462 0.225853 1.9113 540276
5 0.646339 0.222624 1.90995 540309
5 0.649027 0.220702 1.90528 540341
5 0.651754 0.218547 1.90863 540374
5 0.652996 0.217322 1.91255 540408
5 0.654241 0.214922 1.91467 540440
5 0.65548 0.211847 1.91324 540473
5 0.656457 0.207207 1.91783 540506
5 0.655364 0.203041 1.92108 540540
5 0.655079 0.200986 1.91803 540574
5 0.655084 0.199793 1.91937 540607
5 0.654693 0.198607 1.92316 540641
5 0.653927 0.198054 1.92611 540674
5 0.652624 0.198431 1.92536 540707
5 0.652691 0.195597 1.92746 540741
5 0.652874 0.193722 1.92425 540773
5 0.652791 0.18858 1.92681 540807
5 0.652791 0.186075 1.92718 540840
5 0.654415 0.186672 1.93315 540873
5 0.653963 0.191311 1.93285 540906
5 0.654988 0.191373 1.93117 540938
5 0.655049 0.195248 1.92474 540971
5 0.658929 0.197964 1.91868 541004
5 0.661896 0.201792 1.91624 541037
5 0.659789 0.208676 1.91552 541070
5 0.657855 0.213488 1.91416 541105
5 0.657323 0.21782 1.91293 541138
5 0.6568 0.220816 1.91235 541171
5 0.65689 0.225204 1.91013 541204
5 0.656304 0.23152 1.90918 541236
5 0.655955 0.236104 1.90525 541271
5 0.655082 0.243671 1.90478 541304
5 0.654856 0.249707 1.89874 541338
5 0.654789 0.253658 1.90164 541372
5 0.655505 0.259505 1.89823 541405
5 0.657437 0.266787 1.89402 541440
5 0.65581 0.271902 1.88903 541474
5 0.654705 0.279437 1.89038 541507
5 0.653972 0.287181 1.88766 541540
5 0.653713 0.292273 1.88682 541574
5 0.653108 0.301114 1.8841 541607
5 0.653183 0.307954 1.88207 541641
5 0.652358 0.314156 1.88189 541675
5 0.652275 0.322333 1.88025 541707
5 0.651693 0.327953 1.87864 541739
5 0.651235 0.333409 1.88039 541773
5 0.65055 0.340229 1.87791 541807
5 0.651483 0.346523 1.87434 541841
5 0.651054 0.350473 1.87665 541874
5 0.649636 0.357481 1.87668 541908
5 0.649156 0.364004 1.87548 541941
5 0.650146 0.369963 1.87509 541973
5 0.650216 0.375182 1.87532 542007
5 0.65062 0.383812 1.87207 542040
5 0.650015 0.389537 1.8765 542073
5 0.649405 0.392472 1.87523 542106
5 0.650315 0.398457 1.87315 542140
5 0.650102 0.402355 1.87284 542174
5 0.650025 0.405728 1.87292 542207
5 0.649011 0.408198 1.87234 542240
5 0.648994 0.409874 1.87258 542274
5 0.648867 0.413968 1.87391 542308
5 0.648209 0.417318 1.87078 542341
5 0.6489 0.423454 1.87392 542374
5 0.64945 0.4241 1.87636 542407
5 0.6496 0.426856 1.87297 542441
5 0.648693 0.433969 1.87233 542475
5 0.650012 0.441006 1.87148 542508
5 0.651054 0.444495 1.87484 542543
5 0.650088 0.447067 1.87559 542577
5 0.649527 0.451221 1.88113 542610
5 0.648948 0.454454 1.88305 542643
5 0.648465 0.456108 1.88575 542676
5 0.64969 0.455815 1.88253 542711
5 0.649085 0.458452 1.88281 542744
5 0.64849 0.459456 1.88172 542778

6 0.62682 0.286838 1.88673 544686
6 0.625991 0.285338 1.88701 544702
6 0.625236 0.284427 1.88727 544752
6 0.625703 0.284181 1.8844 544785
6 0.627057 0.282314 1.88098 544818
6 0.626976 0.279879 1.88032 544851
6 0.626653 0.278975 1.87891 544884
6 0.626806 0.279256 1.88058 544916
6 0.627283 0.279938 1.88133 544950
6 0.627461 0.279442 1.87905 544983
6 0.627694 0.277723 1.88297 545016
6 0.628353 0.276883 1.88847 545049
6 0.627609 0.273724 1.89246 545083
6 0.63014 0.268272 1.88694 545116
6 0.633654 0.263374 1.88703 545150
6 0.634929 0.260108 1.88378 545184
6 0.636849 0.25729 1.8887 545216
6 0.637889 0.254247 1.89147 545250
6 0.638316 0.248617 1.89379 545283
6 0.639655 0.243278 1.89998 545316
6 0.63957 0.240304 1.90033 545350
6 0.641211 0.234234 1.89872 545385
6 0.641808 0.229058 1.89967 545419
6 0.641397 0.223513 1.90533 545452
6 0.641063 0.221096 1.90959 545484
6 0.640759 0.219393 1.90895 545518
6 0.639999 0.217023 1.91312 545552
6 0.640206 0.212629 1.91629 545585
6 0.641073 0.207536 1.91694 545619
6 0.641692 0.205161 1.91717 545653
6 0.644853 0.204052 1.91873 545670
6 0.647755 0.202204 1.92177 545718
6 0.648429 0.200718 1.92012 545750
6 0.646718 0.200467 1.91861 545784
6 0.647456 0.201108 1.92007 545817
6 0.648468 0.20127 1.92036 545851
6 0.646418 0.200539 1.9234 545885
6 0.647397 0.200721 1.92318 545918
6 0.647828 0.201117 1.92347 545952
6 0.647537 0.201878 1.91987 545986
6 0.64775 0.202233 1.91967 546020
6 0.648613 0.201107 1.92414 546054
6 0.647526 0.202127 1.92204 546070
6 0.648324 0.198681 1.9247 546121
6 0.648412 0.199205 1.92325 546138
6 0.6506 0.193618 1.92523 546189
6 0.652419 0.191563 1.91852 546222
6 0.653597 0.188952 1.92014 546238
6 0.654164 0.189541 1.92125 546288
6 0.653752 0.188767 1.92297 546322
6 0.652357 0.191158 1.9215 546338
6 0.653531 0.190165 1.91971 546390
6 0.653045 0.193754 1.92022 546406
6 0.652914 0.196826 1.92074 546440
6 0.65337 0.19923 1.9124 546474
6 0.658887 0.201894 1.90379 546508
6 0.657585 0.208592 1.90002 546543
6 0.655822 0.213548 1.90096 546576
6 0.65766 0.21594 1.902 546610
6 0.656725 0.219883 1.90457 546643
6 0.656275 0.226041 1.9033 546676
6 0.655621 0.2331 1.89831 546710
6 0.657609 0.239248 1.89188 546744
6 0.660655 0.248493 1.88643 546777
6 0.659391 0.253787 1.8949 546811
6 0.657369 0.259241 1.89438 546843
6 0.6552 0.26471 1.89363 546876
6 0.655491 0.272309 1.88825 546909
6 0.656727 0.276453 1.88669 546944
6 0.657895 0.282232 1.88117 546978
6 0.659155 0.288212 1.87777 547011
6 0.656898 0.292847 1.87823 547044
6 0.655171 0.29839 1.8829 547076
6 0.654185 0.304319 1.88151 547111
6 0.653496 0.310099 1.88353 547144
6 0.653431 0.316106 1.88496 547178
6 0.655829 0.322864 1.87978 547212
6 0.653891 0.328239 1.87742 547245
6 0.65332 0.332939 1.87891 547279
6 0.652704 0.336773 1.87678 547312
6 0.652402 0.342258 1.87673 547346
6 0.652571 0.347166 1.87514 547380
6 0.651285 0.351936 1.87608 547414
6 0.651485 0.357351 1.87741 547448
6 0.652057 0.362813 1.87907 547481
6 0.652117 0.367631 1.87826 547514
6 0.652133 0.371733 1.87911 547547
6 0.652094 0.378959 1.87832 547581
6 0.651424 0.385608 1.87564 547615
6 0.651183 0.390732 1.87203 547648
6 0.651005 0.394809 1.87299 547681
6 0.652109 0.401111 1.87634 547715
6 0.652395 0.404868 1.87805 547749
6 0.650585 0.411013 1.87438 547782
6 0.651152 0.418412 1.87301 547816
6 0.651084 0.421966 1.87406 547849
6 0.651242 0.424386 1.87446 547883
6 0.651285 0.426938 1.87956 547917
6 0.650633 0.429385 1.88194 547950
6 0.649539 0.431745 1.88356 547984
6 0.651099 0.438225 1.88338 548017

7 0.628557 0.288062 1.89672 549657
7 0.630535 0.288378 1.89333 549691
7 0.628753 0.287349 1.89807 549723
7 0.629448 0.287943 1.89725 549757
7 0.627663 0.288809 1.89473 549792
7 0.626605 0.286462 1.89649 549809
7 0.626036 0.284635 1.90002 549842
7 0.628957 0.283142 1.89987 549892
7 0.631031 0.282079 1.8978 549909
7 0.632457 0.28006 1.89568 549942
7 0.633638 0.278671 1.89796 549992
7 0.634771 0.276822 1.89498 550009
7 0.636424 0.270766 1.89788 550041
7 0.637517 0.263314 1.8995 550091
7 0.638479 0.259829 1.89972 550124
7 0.638813 0.25504 1.90474 550157
7 0.639816 0.249083 1.90619 550189
7 0.641267 0.24532 1.9072 550223
7 0.64226 0.242498 1.90692 550257
7 0.6436 0.235939 1.91097 550290
7 0.645318 0.229155 1.91475 550323
7 0.648295 0.225706 1.91281 550357
7 0.650418 0.222476 1.90849 550391
7 0.652771 0.21894 1.91394 550423
7 0.654198 0.216989 1.91931 550456
7 0.65382 0.21199 1.92129 550489
7 0.654214 0.206402 1.92437 550524
7 0.653376 0.20292 1.92439 550541
7 0.653155 0.200413 1.92508 550592
7 0.65334 0.198963 1.92625 550608
7 0.654428 0.197795 1.92843 550642
7 0.655636 0.19736 1.92788 550676
7 0.655462 0.196933 1.93073 550710
7 0.655216 0.194516 1.92881 550744
7 0.655859 0.189798 1.92905 550778
7 0.653891 0.192807 1.93012 550810
7 0.652935 0.194641 1.93519 550844
7 0.65477 0.193219 1.92792 550876
7 0.656026 0.19495 1.92813 550911
7 0.657917 0.195905 1.92585 550945
7 0.657841 0.196612 1.92765 550978
7 0.661027 0.199369 1.91899 551012
7 0.65926 0.204264 1.92692 551046
7 0.657499 0.21177 1.92412 551079
7 0.656844 0.213824 1.92353 551112
7 0.656233 0.216815 1.92017 551146
7 0.655658 0.220643 1.9178 551179
7 0.655274 0.227413 1.91729 551212
7 0.654545 0.232327 1.9139 551245
7 0.655371 0.236255 1.91228 551278
7 0.654731 0.244238 1.91288 551311
7 0.654966 0.250563 1.90989 551359
7 0.654609 0.25429 1.90814 551391
7 0.653988 0.262082 1.90564 551408
7 0.653802 0.268788 1.90261 551458
7 0.653552 0.273708 1.89748 551492
7 0.656 0.281487 1.8915 551525
7 0.655195 0.28799 1.88931 551557
7 0.654348 0.296974 1.8905 551590
7 0.653336 0.305622 1.88866 551623
7 0.652757 0.313995 1.88947 551656
7 0.652682 0.32358 1.88453 551690
7 0.653062 0.330661 1.88435 551724
7 0.652972 0.340639 1.88259 551757
7 0.652113 0.348292 1.88258 551791
7 0.652227 0.358787 1.88088 551824
7 0.652074 0.367651 1.88277 551857
7 0.65204 0.376847 1.87849 551891
7 0.651822 0.386298 1.87811 551924
7 0.652218 0.396348 1.87642 551958
7 0.650585 0.404672 1.8776 551991
7 0.651164 0.412414 1.87802 552024
7 0.65124 0.420321 1.88212 552058
7 0.651841 0.42544 1.88102 552091
7 0.652189 0.433312 1.8856 552124
7 0.652094 0.440018 1.88567 552156
7 0.651505 0.444386 1.89005 552190
7 0.651596 0.445484 1.89942 552222
7 0.650128 0.450836 1.89859 552256
7 0.651093 0.456519 1.89827 552288
7 0.651408 0.460381 1.8942 552320
7 0.651204 0.463699 1.8954 552354
7 0.651917 0.462746 1.8918 552386
7 0.651806 0.465116 1.89551 552420
7 0.651518 0.465818 1.89611 552452
7 0.652094 0.465888 1.90064 552486

8 0.626599 0.28893 1.88344 554782
8 0.626226 0.288191 1.8846 554816
8 0.627893 0.286557 1.88709 554850
8 0.627657 0.286008 1.89077 554884
8 0.627647 0.282642 1.89019 554918
8 0.629926 0.280441 1.88981 554953
8 0.631028 0.279486 1.89143 554986
8 0.630136 0.278745 1.88548 555018
8 0.633175 0.276776 1.88698 555051
8 0.631122 0.275313 1.89299 555084
8 0.632511 0.270823 1.89685 555119
8 0.63351 0.264732 1.89568 555152
8 0.634923 0.260936 1.89024 555185
8 0.636495 0.258813 1.89368 555219
8 0.636358 0.253965 1.89695 555252
8 0.637979 0.249146 1.89645 555285
8 0.639494 0.244681 1.90321 555319
8 0.639797 0.240714 1.90285 555352
8 0.641267 0.234784 1.90679 555385
8 0.640224 0.229964 1.91444 555418
8 0.640754 0.224201 1.91854 555451
8 0.641709 0.220735 1.91874 555485
8 0.64272 0.218265 1.92477 555518
8 0.642742 0.215502 1.93099 555550
8 0.644084 0.210973 1.93098 555585
8 0.643112 0.208058 1.9375 555618
8 0.645309 0.203964 1.93113 555650
8 0.648246 0.201575 1.92857 555683
8 0.651756 0.199628 1.92972 555718
8 0.651382 0.197405 1.93614 555751
8 0.651418 0.19116 1.9413 555784
8 0.651789 0.187103 1.93892 555819
8 0.651225 0.18815 1.93406 555852
8 0.651128 0.184236 1.93326 555887
8 0.652214 0.181218 1.93743 555920
8 0.651229 0.17968 1.9335 555953
8 0.651462 0.179313 1.92692 555986
8 0.649849 0.17798 1.93244 556020
8 0.65055 0.177752 1.93137 556053
8 0.651614 0.177718 1.92983 556086
8 0.650919 0.177423 1.93078 556120
8 0.650288 0.177886 1.93216 556154
8 0.652501 0.180451 1.92818 556189
8 0.653596 0.18097 1.92969 556221
8 0.651728 0.182606 1.93334 556254
8 0.653013 0.189519 1.9333 556286
8 0.653608 0.1939 1.92978 556320
8 0.655066 0.19612 1.92866 556353
8 0.656857 0.201144 1.92276 556386
8 0.656029 0.20694 1.92506 556420
8 0.655198 0.211969 1.92139 556453
8 0.655779 0.215146 1.91971 556487
8 0.656448 0.219298 1.91615 556520
8 0.656689 0.223235 1.91303 556553
8 0.655418 0.228804 1.91354 556585
8 0.654492 0.233681 1.90606 556619
8 0.655123 0.23689 1.90664 556653
8 0.653973 0.244528 1.90472 556685
8 0.653034 0.249848 1.90678 556718
8 0.65358 0.254171 1.90523 556752
8 0.653732 0.25678 1.90031 556786
8 0.653189 0.262649 1.89915 556820
8 0.652353 0.268089 1.89843 556852
8 0.652262 0.273872 1.8968 556886
8 0.651723 0.278466 1.89723 556919
8 0.651967 0.285194 1.8925 556953
8 0.652257 0.290041 1.88605 556987
8 0.653234 0.294319 1.88782 557021
8 0.653268 0.30042 1.89318 557054
8 0.651994 0.30617 1.889 557086
8 0.651336 0.313275 1.88935 557121
8 0.65127 0.319209 1.88811 557154
8 0.651512 0.326059 1.88451 557188
8 0.652341 0.331722 1.88614 557221
8 0.651868 0.337497 1.88776 557256
8 0.651625 0.341445 1.88546 557289
8 0.651859 0.348792 1.88713 557322
8 0.651908 0.353762 1.88969 557354
8 0.650816 0.35864 1.88679 557387
8 0.650134 0.364215 1.88658 557420
8 0.651093 0.371144 1.88493 557455
8 0.650927 0.374914 1.88534 557488
8 0.651949 0.381638 1.88443 557522
8 0.652592 0.386528 1.88607 557556
8 0.651534 0.390473 1.88744 557590
8 0.650041 0.394261 1.88745 557624
8 0.650271 0.39909 1.89015 557657
8 0.651371 0.403329 1.89091 557690
8 0.652072 0.408008 1.88543 557725
8 0.651086 0.411643 1.8861 557758
8 0.649445 0.413227 1.89033 557791
8 0.649957 0.415318 1.89194 557825
8 0.650419 0.420559 1.89065 557859
8 0.651305 0.422698 1.90002 557893
8 0.651366 0.425255 1.90249 557927
8 0.651496 0.427541 1.90308 557962
8 0.652395 0.426748 1.90578 557994
8 0.65268 0.434152 1.90281 558027
8 0.653772 0.437456 1.90301 558059
8 0.65322 0.440986 1.90196 558093
8 0.652156 0.444267 1.90344 558126

9 0.699374 0.269996 1.95126 566834
9 0.698415 0.267819 1.95643 566867
9 0.696399 0.269537 1.95805 566900
9 0.697591 0.268734 1.95417 566933
9 0.698902 0.268127 1.95063 566966
9 0.699984 0.267528 1.949 566999
9 0.701176 0.266971 1.95315 567033
9 0.701914 0.26762 1.95714 567067
9 0.70122 0.266308 1.96276 567100
9 0.700545 0.265361 1.96571 567134
9 0.700599 0.264433 1.96821 567166
9 0.700805 0.263653 1.97032 567200
9 0.701467 0.262848 1.96852 567233
9 0.706012 0.255516 1.97138 567267
9 0.708885 0.251362 1.97008 567300
9 0.709504 0.248196 1.97269 567334
9 0.711258 0.247122 1.97054 567366
9 0.711326 0.240814 1.96907 567399
9 0.714067 0.235106 1.97063 567433
9 0.716291 0.231232 1.97746 567466
9 0.716077 0.228556 1.98005 567501
9 0.717402 0.221916 1.97713 567534
9 0.717811 0.215786 1.98315 567567
9 0.720555 0.211307 1.98397 567600
9 0.720064 0.20762 1.98928 567633
9 0.719848 0.205555 1.99293 567667
9 0.71997 0.196359 2.00024 567701
9 0.722443 0.190727 2.00205 567735
9 0.723986 0.1855 2.00858 567769
9 0.725246 0.182457 2.01107 567802
9 0.722929 0.18125 2.0156 567836
9 0.724911 0.176238 2.0108 567869
9 0.728125 0.171013 2.01355 567902
9 0.728183 0.167008 2.01669 567935
9 0.727627 0.163859 2.01893 567969
9 0.725539 0.164165 2.02126 568002
9 0.723567 0.164997 2.01613 568037
9 0.722853 0.165128 2.01821 568070
9 0.7252 0.165259 2.01675 568103
9 0.727979 0.166673 2.01733 568136
9 0.728488 0.167297 2.01565 568170
9 0.730201 0.169067 2.00887 568204
9 0.729499 0.170834 2.01848 568238
9 0.7291 0.175978 2.01571 568271
9 0.728964 0.179904 2.00976 568305
9 0.728446 0.181807 2.00603 568338
9 0.727537 0.186145 2.00411 568371
9 0.72843 0.194638 1.99844 568404
9 0.7292 0.20051 1.99522 568439
9 0.728321 0.202415 1.99296 568471
9 0.726758 0.208752 1.99175 568505
9 0.727964 0.216235 1.98955 568538
9 0.72811 0.221545 1.98221 568571
9 0.728747 0.226714 1.97895 568605
9 0.728694 0.235479 1.97588 568640
9 0.728248 0.241208 1.97532 568656
9 0.729047 0.247543 1.96968 568707
9 0.728613 0.255186 1.97138 568724
9 0.728708 0.259899 1.97439 568773
9 0.72831 0.267973 1.97378 568806
9 0.727437 0.276276 1.96696 568839
9 0.726669 0.283979 1.96957 568873
9 0.726679 0.291911 1.96924 568905
9 0.725872 0.300298 1.96392 568938
9 0.72604 0.309841 1.96193 568972
9 0.726901 0.318668 1.95936 569004
9 0.726149 0.325622 1.96065 569037
9 0.725698 0.333606 1.96105 569071
9 0.725274 0.342308 1.95559 569105
9 0.725918 0.349002 1.94934 569138
9 0.725724 0.359481 1.95072 569172
9 0.724639 0.365874 1.95057 569205
9 0.724014 0.373523 1.95459 569237
9 0.72401 0.380699 1.95732 569271
9 0.724537 0.389031 1.95301 569304
9 0.725878 0.39435 1.95218 569337
9 0.726098 0.400598 1.94899 569370
9 0.726432 0.404243 1.9557 569404
9 0.726408 0.408766 1.95737 569438
9 0.725362 0.412222 1.95964 569471
9 0.724466 0.419525 1.95518 569504
9 0.724504 0.424373 1.95212 569538
9 0.723533 0.431426 1.95466 569570
9 0.722632 0.435609 1.95609 569604
9 0.723599 0.43973 1.95655 569637
9 0.722827 0.443226 1.95799 569671
9 0.72286 0.445524 1.95626 569704
9 0.722085 0.450194 1.9574 569739
9 0.722946 0.45327 1.96269 569771
9 0.724156 0.457149 1.96789 569805
9 0.721943 0.457775 1.96989 569838
9 0.723046 0.46007 1.96615 569872
9 0.722714 0.462939 1.9634 569906
9 0.722705 0.464452 1.96583 569939
9 0.723137 0.465713 1.96863 569973
9 0.722962 0.468367 1.97019 570006
9 0.723065 0.467794 1.96877 570038

