Gesto: 1
0 0.438682 0.323028 1.54196 380473
0 0.439337 0.323581 1.53907 380507
0 0.440706 0.32205 1.5329 380542
0 0.441855 0.32073 1.5326 380575
0 0.443332 0.318057 1.52931 380608
0 0.444037 0.316497 1.52791 380625
0 0.445956 0.314351 1.52718 380675
0 0.446991 0.310497 1.52741 380709
0 0.448434 0.305255 1.52501 380726
0 0.448594 0.29762 1.51948 380774
0 0.449814 0.291657 1.51766 380807
0 0.452795 0.283687 1.51576 380838
0 0.454079 0.27546 1.51628 380871
0 0.455139 0.269091 1.51727 380905
0 0.455806 0.259547 1.51594 380938
0 0.45732 0.252327 1.51457 380972
0 0.45919 0.245529 1.51479 381005
0 0.461127 0.238469 1.51773 381037
0 0.461347 0.232109 1.51896 381071
0 0.461867 0.226792 1.52196 381105
0 0.464203 0.224161 1.52163 381139
0 0.465574 0.222771 1.52317 381173
0 0.46617 0.222296 1.52321 381205
0 0.468729 0.224653 1.5219 381238
0 0.470216 0.226684 1.5205 381270
0 0.468855 0.229546 1.51664 381304
0 0.468644 0.236243 1.51403 381338
0 0.468879 0.246218 1.51137 381371
0 0.468877 0.256406 1.50551 381404
0 0.469535 0.265381 1.49912 381438
0 0.470923 0.278483 1.49319 381471
0 0.472671 0.295779 1.48987 381505
0 0.474273 0.312782 1.49069 381539
0 0.474854 0.3297 1.48875 381572
0 0.475021 0.345284 1.4893 381604
0 0.476059 0.360051 1.49156 381636
0 0.476542 0.373611 1.48993 381670
0 0.477139 0.38661 1.49049 381704
0 0.478072 0.398168 1.49166 381738
0 0.479196 0.408442 1.49476 381772
0 0.479474 0.415587 1.49749 381805
0 0.48057 0.423835 1.49965 381838
0 0.480841 0.429342 1.50216 381872
0 0.483495 0.435554 1.50148 381907
0 0.484894 0.438878 1.49719 381941

1 0.50205 0.335831 1.50496 382964
1 0.501268 0.334791 1.50404 382998
1 0.501661 0.333257 1.50138 383031
1 0.502394 0.331904 1.501 383065
1 0.50461 0.327303 1.49698 383099
1 0.505631 0.32371 1.49767 383132
1 0.505863 0.320643 1.49541 383166
1 0.506405 0.31446 1.49194 383200
1 0.507898 0.307215 1.49049 383235
1 0.509682 0.299752 1.48842 383267
1 0.510077 0.291302 1.48735 383302
1 0.510972 0.284486 1.48932 383336
1 0.512706 0.277894 1.49183 383370
1 0.513502 0.271533 1.49409 383404
1 0.514103 0.265189 1.49559 383438
1 0.516313 0.260578 1.49693 383472
1 0.518119 0.256124 1.49997 383505
1 0.517672 0.252324 1.50296 383539
1 0.517125 0.250084 1.50317 383573
1 0.519327 0.249089 1.50354 383609
1 0.520042 0.24863 1.50261 383628
1 0.519547 0.24937 1.50254 383667
1 0.520236 0.254753 1.50097 383699
1 0.520111 0.260356 1.49672 383732
1 0.520761 0.268053 1.49345 383767
1 0.520735 0.275837 1.48986 383800
1 0.51966 0.28461 1.48508 383834
1 0.518917 0.295147 1.48133 383867
1 0.518863 0.307367 1.47559 383900
1 0.51906 0.32021 1.47258 383932
1 0.520238 0.334845 1.47295 383966
1 0.522244 0.349081 1.47667 384000
1 0.523356 0.361417 1.47726 384032
1 0.524095 0.374292 1.47924 384065
1 0.525719 0.386834 1.48018 384098
1 0.525249 0.39701 1.48151 384132
1 0.524016 0.407227 1.48172 384164
1 0.524466 0.415039 1.48662 384196
1 0.525616 0.423744 1.49013 384231
1 0.525998 0.431731 1.49556 384264
1 0.525567 0.437687 1.49902 384298
1 0.526057 0.441288 1.49575 384332
1 0.527016 0.442961 1.49545 384364
1 0.527666 0.443994 1.49476 384398
1 0.52862 0.44375 1.49745 384431

2 0.557586 0.333225 1.50645 385439
2 0.558253 0.333201 1.5065 385473
2 0.558766 0.32944 1.50234 385507
2 0.557849 0.327133 1.49788 385538
2 0.558202 0.326301 1.49681 385571
2 0.558579 0.324124 1.49765 385610
2 0.559933 0.322307 1.49846 385651
2 0.561159 0.32017 1.49653 385668
2 0.562159 0.315371 1.4945 385700
2 0.56344 0.311212 1.4929 385734
2 0.563957 0.307377 1.49601 385768
2 0.566516 0.301516 1.49758 385802
2 0.567917 0.292866 1.49728 385836
2 0.569735 0.286058 1.49896 385870
2 0.571851 0.278482 1.50298 385904
2 0.572384 0.272531 1.50471 385938
2 0.572501 0.268529 1.50551 385972
2 0.574721 0.26515 1.50789 386005
2 0.575107 0.263076 1.50879 386038
2 0.576158 0.263264 1.50959 386072
2 0.577653 0.263819 1.50979 386106
2 0.578412 0.265585 1.50962 386138
2 0.580177 0.270399 1.50803 386172
2 0.582801 0.276418 1.50582 386204
2 0.582296 0.283941 1.50295 386237
2 0.582914 0.292629 1.49998 386271
2 0.583123 0.303658 1.49865 386304
2 0.583218 0.313769 1.49617 386338
2 0.583193 0.325055 1.49616 386370
2 0.583445 0.339876 1.497 386404
2 0.581966 0.352129 1.49477 386438
2 0.581792 0.363408 1.49647 386472
2 0.582664 0.377081 1.49997 386506
2 0.583334 0.390814 1.5027 386538
2 0.58312 0.402146 1.50511 386572
2 0.583541 0.41247 1.51098 386606
2 0.584462 0.422382 1.51295 386639
2 0.585432 0.430366 1.51795 386673
2 0.585561 0.435359 1.52171 386705
2 0.586284 0.440123 1.52125 386739

3 0.614307 0.350362 1.51651 387573
3 0.615206 0.352703 1.5141 387607
3 0.616501 0.354682 1.51354 387640
3 0.617714 0.355856 1.51241 387674
3 0.619132 0.353126 1.50734 387706
3 0.621047 0.349766 1.50589 387739
3 0.623455 0.343398 1.50158 387772
3 0.624628 0.337719 1.50121 387806
3 0.625854 0.330486 1.50202 387839
3 0.628947 0.322615 1.50363 387872
3 0.630881 0.314594 1.50658 387904
3 0.632433 0.304959 1.50652 387937
3 0.634367 0.294564 1.50604 387970
3 0.635489 0.287524 1.5106 388003
3 0.637195 0.281395 1.51188 388037
3 0.638695 0.274992 1.51606 388070
3 0.640447 0.271611 1.51993 388103
3 0.640136 0.2678 1.5193 388145
3 0.641657 0.265713 1.5199 388181
3 0.643441 0.269695 1.52156 388213
3 0.643757 0.273085 1.51953 388247
3 0.644367 0.276103 1.5152 388281
3 0.644416 0.282885 1.51008 388314
3 0.645571 0.291704 1.50852 388347
3 0.646163 0.302886 1.50406 388381
3 0.64588 0.313217 1.50072 388415
3 0.646044 0.325277 1.49959 388448
3 0.645784 0.337605 1.49744 388481
3 0.64523 0.352997 1.49852 388515
3 0.645217 0.368072 1.49907 388548
3 0.643978 0.382895 1.50189 388582
3 0.644114 0.395625 1.50303 388614
3 0.644398 0.408019 1.50371 388647
3 0.644263 0.420833 1.50828 388679
3 0.644255 0.433763 1.51189 388713
3 0.644739 0.444895 1.51484 388747
3 0.644325 0.45176 1.51421 388781
3 0.646018 0.457639 1.51325 388798
3 0.646085 0.462184 1.51363 388849
3 0.646372 0.464975 1.51543 388866
3 0.647131 0.462716 1.51647 388900

4 0.670072 0.354592 1.5163 389737
4 0.669008 0.352962 1.51159 389770
4 0.668817 0.351405 1.51146 389803
4 0.670057 0.349419 1.51379 389837
4 0.670779 0.347475 1.51427 389870
4 0.672789 0.341269 1.51075 389903
4 0.674362 0.335812 1.51373 389937
4 0.675495 0.328533 1.51418 389971
4 0.676982 0.31977 1.51806 390005
4 0.679012 0.312655 1.51686 390038
4 0.679615 0.304171 1.51818 390070
4 0.680974 0.296762 1.51963 390104
4 0.681458 0.289472 1.5199 390146
4 0.682156 0.282442 1.52288 390167
4 0.682814 0.277935 1.52682 390217
4 0.684327 0.275571 1.53251 390251
4 0.683986 0.274732 1.53266 390269
4 0.685474 0.274279 1.53494 390319
4 0.684914 0.274736 1.53056 390335
4 0.685467 0.279422 1.53025 390369
4 0.686002 0.289017 1.53209 390403
4 0.687671 0.29706 1.53025 390437
4 0.688376 0.307111 1.52754 390471
4 0.688617 0.318811 1.5266 390505
4 0.688169 0.331639 1.5249 390539
4 0.687306 0.348305 1.52734 390573
4 0.686187 0.363699 1.52584 390606
4 0.684789 0.379831 1.52521 390638
4 0.684258 0.395042 1.53013 390672
4 0.683599 0.409721 1.53437 390706
4 0.683427 0.423487 1.53694 390740
4 0.682211 0.43447 1.54227 390773
4 0.681777 0.442716 1.54496 390805
4 0.679777 0.44844 1.54332 390839
4 0.680212 0.452145 1.54529 390871

5 0.701918 0.350081 1.56787 391702
5 0.704521 0.351099 1.56527 391752
5 0.706411 0.351652 1.56649 391786
5 0.707512 0.35303 1.56391 391804
5 0.710595 0.350986 1.56296 391853
5 0.712966 0.347143 1.55977 391885
5 0.715175 0.342887 1.55952 391902
5 0.718241 0.336895 1.55951 391953
5 0.719399 0.330674 1.56121 391970
5 0.72237 0.320897 1.5627 392003
5 0.725406 0.310885 1.56505 392054
5 0.727322 0.300597 1.56505 392070
5 0.729032 0.293499 1.56909 392103
5 0.729858 0.284308 1.57111 392154
5 0.7322 0.280632 1.57724 392171
5 0.733741 0.279118 1.5837 392205
5 0.735587 0.279207 1.58778 392254
5 0.736143 0.279965 1.58723 392286
5 0.737421 0.281992 1.58565 392302
5 0.739296 0.288753 1.58279 392353
5 0.740929 0.29814 1.57728 392386
5 0.741359 0.309999 1.57109 392404
5 0.741687 0.323274 1.56842 392454
5 0.741693 0.340493 1.56672 392471
5 0.740421 0.359949 1.5627 392503
5 0.741774 0.377846 1.56713 392538
5 0.742085 0.394371 1.57241 392570
5 0.741523 0.408615 1.57173 392603
5 0.741971 0.422424 1.57359 392653
5 0.742482 0.43424 1.57565 392686
5 0.742303 0.444412 1.57878 392702
5 0.742626 0.451008 1.58011 392753
5 0.743003 0.455168 1.57731 392771
5 0.744042 0.458549 1.579 392803
5 0.743354 0.459771 1.58182 392854

6 0.756106 0.368307 1.57669 393613
6 0.756893 0.36642 1.57181 393645
6 0.757408 0.363208 1.56946 393679
6 0.758184 0.358811 1.57037 393713
6 0.760136 0.352573 1.57185 393747
6 0.762241 0.346229 1.57158 393781
6 0.7635 0.336897 1.57034 393815
6 0.76409 0.326879 1.57291 393849
6 0.765229 0.318451 1.57571 393883
6 0.766436 0.308651 1.57714 393917
6 0.766855 0.296935 1.57748 393951
6 0.767397 0.289219 1.5778 393986
6 0.767514 0.284295 1.57952 394019
6 0.767652 0.281688 1.58094 394053
6 0.769941 0.280151 1.58501 394086
6 0.771535 0.280785 1.58378 394120
6 0.773406 0.285649 1.58383 394153
6 0.774495 0.292808 1.58079 394187
6 0.775447 0.300083 1.57946 394221
6 0.776466 0.311391 1.57592 394253
6 0.777631 0.323947 1.57797 394287
6 0.776781 0.33894 1.57977 394321
6 0.778132 0.352966 1.58289 394338
6 0.77737 0.367843 1.5873 394388
6 0.777355 0.38397 1.5894 394422
6 0.776255 0.397113 1.59203 394438
6 0.776336 0.409766 1.59392 394488
6 0.776601 0.421946 1.59749 394505
6 0.775871 0.43115 1.59738 394539
6 0.774455 0.442224 1.60202 394588
6 0.774844 0.448227 1.60155 394621
6 0.775766 0.454204 1.60406 394637
6 0.773994 0.456706 1.60656 394687
6 0.773511 0.45721 1.60667 394721
6 0.774918 0.456318 1.6077 394737

7 0.804015 0.374971 1.61699 396314
7 0.80512 0.37276 1.61446 396345
7 0.805821 0.36975 1.60674 396377
7 0.807999 0.364466 1.60445 396411
7 0.808433 0.356203 1.60225 396443
7 0.810464 0.346041 1.6017 396477
7 0.811031 0.334281 1.60019 396511
7 0.811767 0.320716 1.60152 396545
7 0.812196 0.307109 1.60098 396580
7 0.812408 0.292508 1.60203 396612
7 0.813115 0.280787 1.60559 396646
7 0.812771 0.272924 1.61071 396680
7 0.813958 0.266665 1.61508 396714
7 0.81569 0.260529 1.61162 396748
7 0.816636 0.259115 1.61211 396782
7 0.817324 0.259802 1.61431 396816
7 0.817489 0.266662 1.61184 396850
7 0.820009 0.276 1.61047 396884
7 0.82286 0.288293 1.61115 396918
7 0.824966 0.300349 1.61269 396951
7 0.825571 0.313973 1.61008 396985
7 0.827218 0.330235 1.61168 397018
7 0.829593 0.343404 1.61438 397052
7 0.829704 0.357728 1.61647 397086
7 0.829486 0.371302 1.61886 397120
7 0.82993 0.383737 1.61993 397153
7 0.830959 0.397894 1.62788 397187
7 0.82965 0.410501 1.63047 397220
7 0.830935 0.420575 1.63631 397254
7 0.82845 0.429727 1.64188 397288
7 0.82829 0.438246 1.6434 397321
7 0.827478 0.446594 1.64892 397355
7 0.826832 0.451129 1.6516 397389
7 0.826415 0.453325 1.653 397421

8 0.641248 0.395301 1.54157 399249
8 0.641091 0.393195 1.53989 399283
8 0.642086 0.391299 1.53776 399317
8 0.644215 0.386765 1.53608 399348
8 0.644828 0.380269 1.53161 399383
8 0.646573 0.374342 1.53079 399416
8 0.647669 0.367044 1.5292 399450
8 0.648654 0.358515 1.52863 399483
8 0.649085 0.350824 1.5291 399516
8 0.650104 0.343401 1.52845 399549
8 0.652166 0.336652 1.53178 399583
8 0.652257 0.332287 1.53427 399615
8 0.653492 0.328868 1.53627 399648
8 0.656379 0.327291 1.53693 399682
8 0.658011 0.326873 1.53384 399715
8 0.657176 0.328113 1.53142 399749
8 0.658014 0.333748 1.53009 399783
8 0.657604 0.339054 1.52875 399817
8 0.657605 0.347813 1.52707 399849
8 0.658434 0.361021 1.52704 399883
8 0.65889 0.374922 1.52669 399917
8 0.659147 0.389641 1.52653 399951
8 0.658994 0.406195 1.52681 399985
8 0.659341 0.420983 1.52905 400019
8 0.65994 0.434676 1.53332 400051
8 0.661325 0.448954 1.53648 400085
8 0.661836 0.462082 1.54092 400117
8 0.662552 0.473435 1.5465 400152
8 0.66341 0.480563 1.55121 400185
8 0.66477 0.488936 1.55389 400219
8 0.666011 0.494801 1.55559 400252
8 0.66593 0.497731 1.5558 400284
8 0.666269 0.497108 1.55784 400317
8 0.667718 0.496834 1.55761 400350

9 0.701544 0.403937 1.55142 401288
9 0.702382 0.399899 1.54557 401322
9 0.703283 0.394632 1.54293 401355
9 0.703629 0.391351 1.54435 401388
9 0.704962 0.387346 1.54586 401422
9 0.705764 0.380038 1.54454 401454
9 0.707755 0.371167 1.54398 401488
9 0.710077 0.359947 1.54267 401522
9 0.712029 0.34906 1.54084 401556
9 0.713135 0.33887 1.54198 401588
9 0.71496 0.328008 1.54405 401621
9 0.716357 0.320602 1.54646 401655
9 0.717669 0.316151 1.55184 401689
9 0.718156 0.313731 1.55509 401722
9 0.719849 0.309759 1.55314 401756
9 0.722414 0.311278 1.55457 401790
9 0.723347 0.313317 1.55412 401824
9 0.725373 0.319004 1.55385 401856
9 0.726054 0.326563 1.55045 401891
9 0.72469 0.335655 1.54384 401924
9 0.724845 0.347487 1.54027 401958
9 0.725462 0.363453 1.54173 401992
9 0.724588 0.38123 1.54211 402024
9 0.72525 0.398723 1.5437 402058
9 0.725048 0.418469 1.54832 402092
9 0.722848 0.434784 1.55326 402125
9 0.721946 0.451703 1.56026 402159
9 0.721583 0.468776 1.56709 402192
9 0.721394 0.484425 1.57097 402225
9 0.722292 0.498427 1.5764 402258
9 0.7223 0.508499 1.58018 402292
9 0.722756 0.515727 1.5863 402325
9 0.722584 0.51946 1.58584 402358
9 0.722799 0.519085 1.58639 402390
9 0.722304 0.51415 1.58246 402423

