Gesto: 1
0 0.407932 0.211676 2.17009 1.07333e+06
0 0.406405 0.216605 2.17255 1.07336e+06
0 0.405904 0.219233 2.17402 1.0734e+06
0 0.405287 0.21445 2.16498 1.07343e+06
0 0.410341 0.204465 2.16005 1.07347e+06
0 0.415423 0.188467 2.1552 1.0735e+06
0 0.420926 0.171042 2.16116 1.07353e+06
0 0.428409 0.151135 2.15878 1.07357e+06
0 0.43748 0.131391 2.16558 1.0736e+06
0 0.444019 0.119115 2.16853 1.07363e+06
0 0.447149 0.111904 2.17582 1.07367e+06
0 0.449827 0.107303 2.17814 1.0737e+06
0 0.448561 0.106999 2.17802 1.07373e+06
0 0.449093 0.114534 2.17123 1.07377e+06
0 0.449197 0.1339 2.1619 1.0738e+06
0 0.449033 0.156481 2.15672 1.07383e+06
0 0.445801 0.18587 2.13804 1.07387e+06
0 0.445407 0.217478 2.13458 1.0739e+06
0 0.446566 0.243183 2.13525 1.07393e+06
0 0.446826 0.265202 2.13795 1.07397e+06
0 0.447438 0.276707 2.14054 1.074e+06

1 0.485861 0.357648 2.16079 1.07434e+06
1 0.489336 0.36414 2.1535 1.07438e+06
1 0.493161 0.369834 2.15163 1.07441e+06
1 0.502097 0.367661 2.14039 1.07444e+06
1 0.510853 0.361242 2.12796 1.07448e+06
1 0.521061 0.340198 2.11761 1.07451e+06
1 0.531796 0.319159 2.11788 1.07454e+06
1 0.542619 0.288754 2.11213 1.07458e+06
1 0.556036 0.253176 2.11211 1.07461e+06
1 0.562804 0.219443 2.10564 1.07464e+06
1 0.570216 0.181564 2.11117 1.07468e+06
1 0.576547 0.144494 2.11615 1.07471e+06
1 0.579364 0.11485 2.11696 1.07474e+06
1 0.583242 0.0883747 2.13498 1.07478e+06
1 0.586911 0.0729052 2.14725 1.07481e+06
1 0.589332 0.0573524 2.16236 1.07484e+06
1 0.590514 0.0545083 2.16202 1.07488e+06
1 0.591391 0.0550265 2.16451 1.07491e+06
1 0.592977 0.0629391 2.1593 1.07494e+06
1 0.593871 0.0764575 2.14788 1.07498e+06
1 0.594931 0.0923374 2.15094 1.07501e+06
1 0.591973 0.121127 2.13598 1.07505e+06
1 0.59268 0.154038 2.12738 1.07508e+06
1 0.592294 0.191689 2.1097 1.07511e+06
1 0.590304 0.237931 2.11382 1.07514e+06
1 0.591039 0.280555 2.11787 1.07518e+06
1 0.589434 0.323369 2.10454 1.07521e+06
1 0.595736 0.372501 2.14467 1.07524e+06
1 0.599008 0.419438 2.16338 1.07528e+06
1 0.594127 0.464438 2.17082 1.07531e+06
1 0.591921 0.504549 2.18328 1.07535e+06
1 0.59114 0.534605 2.18821 1.07538e+06
1 0.590869 0.553438 2.19642 1.07541e+06
1 0.590986 0.563671 2.20005 1.07543e+06
1 0.593154 0.56848 2.2098 1.07548e+06
1 0.595272 0.571003 2.21199 1.07551e+06
1 0.593173 0.570984 2.2102 1.07553e+06

2 0.678922 0.272828 2.12382 1.07827e+06
2 0.676734 0.271831 2.11756 1.07831e+06
2 0.675012 0.271265 2.11771 1.07834e+06
2 0.676205 0.269749 2.12224 1.07837e+06
2 0.677715 0.264983 2.12157 1.07841e+06
2 0.67971 0.257666 2.12147 1.07844e+06
2 0.679734 0.240527 2.11081 1.07847e+06
2 0.682469 0.225724 2.10986 1.07850e+06
2 0.685798 0.202145 2.11906 1.07854e+06
2 0.689796 0.184336 2.13718 1.07857e+06
2 0.68966 0.160803 2.14325 1.07861e+06
2 0.692003 0.140368 2.14968 1.07864e+06
2 0.691477 0.126051 2.15415 1.07867e+06
2 0.691015 0.117515 2.15902 1.07870e+06
2 0.692829 0.117034 2.15547 1.07874e+06
2 0.69457 0.123639 2.15192 1.07877e+06
2 0.697842 0.137669 2.14839 1.0788e+06
2 0.699901 0.153965 2.14414 1.07884e+06
2 0.701131 0.174587 2.14102 1.07887e+06
2 0.702447 0.202652 2.13342 1.0789e+06
2 0.706201 0.230183 2.13061 1.07894e+06
2 0.708236 0.25816 2.13189 1.07897e+06
2 0.707775 0.284817 2.13718 1.07900e+06
2 0.709551 0.307175 2.13905 1.07904e+06
2 0.709749 0.324955 2.13545 1.07907e+06
2 0.708714 0.333243 2.13556 1.07911e+06
2 0.705411 0.341086 2.13693 1.07914e+06
2 0.706594 0.349005 2.128 1.07917e+06
2 0.707832 0.355225 2.13093 1.07920e+06
2 0.708207 0.356722 2.13214 1.07924e+06
2 0.706679 0.357981 2.13104 1.07927e+06
2 0.704104 0.354689 2.1369 1.0793e+06
2 0.701279 0.354949 2.13479 1.07934e+06
2 0.69924 0.354482 2.13818 1.07937e+06
2 0.698962 0.356323 2.14092 1.0794e+06

3 0.539049 0.325914 2.16833 1.08044e+06
3 0.538296 0.326247 2.16821 1.08047e+06
3 0.538938 0.324821 2.15904 1.08051e+06
3 0.545769 0.313026 2.15277 1.08054e+06
3 0.550201 0.299877 2.14412 1.08057e+06
3 0.555574 0.279067 2.1398 1.08061e+06
3 0.560094 0.256372 2.13299 1.08064e+06
3 0.564095 0.228066 2.13649 1.08068e+06
3 0.56632 0.206159 2.14454 1.08071e+06
3 0.568093 0.189807 2.15048 1.08074e+06
3 0.569868 0.178258 2.1605 1.08077e+06
3 0.569318 0.173305 2.16319 1.08081e+06
3 0.569951 0.175703 2.16103 1.08084e+06
3 0.568395 0.182175 2.15023 1.08087e+06
3 0.567257 0.19568 2.13157 1.08091e+06
3 0.57188 0.211053 2.13599 1.08094e+06
3 0.571611 0.231788 2.1288 1.08098e+06
3 0.571467 0.258757 2.12837 1.08101e+06
3 0.577335 0.280921 2.13923 1.08104e+06
3 0.57873 0.3122 2.15438 1.08108e+06
3 0.579868 0.343461 2.15954 1.08111e+06
3 0.575679 0.367741 2.16683 1.08115e+06

4 0.435342 0.419259 2.18257 1.08185e+06
4 0.429029 0.422586 2.18651 1.08188e+06
4 0.425131 0.424008 2.1882 1.08191e+06
4 0.421335 0.426517 2.18238 1.08195e+06
4 0.419402 0.41892 2.17676 1.08198e+06
4 0.418724 0.413156 2.17742 1.08201e+06
4 0.423463 0.400733 2.17133 1.08205e+06
4 0.42424 0.379094 2.16476 1.08208e+06
4 0.429174 0.355156 2.1545 1.08211e+06
4 0.430758 0.32953 2.15367 1.08215e+06
4 0.43407 0.310249 2.1495 1.08218e+06
4 0.436697 0.294383 2.13867 1.08222e+06
4 0.440085 0.284433 2.13054 1.08225e+06
4 0.441435 0.27904 2.12669 1.08228e+06
4 0.444221 0.283199 2.12548 1.08231e+06
4 0.441809 0.297121 2.13192 1.08235e+06
4 0.443678 0.31249 2.1443 1.08238e+06
4 0.444044 0.338746 2.15856 1.08242e+06
4 0.445071 0.364002 2.16256 1.08245e+06
4 0.444472 0.390839 2.15467 1.08248e+06
4 0.445009 0.421623 2.16028 1.08252e+06
4 0.445335 0.456465 2.1689 1.08255e+06
4 0.44452 0.4889 2.1758 1.08258e+06
4 0.440844 0.512015 2.18367 1.08262e+06
4 0.438774 0.527679 2.19999 1.08265e+06

5 0.581823 0.454005 2.18122 1.08348e+06
5 0.58312 0.452304 2.17409 1.08351e+06
5 0.582401 0.451682 2.17308 1.08355e+06
5 0.582144 0.45126 2.17673 1.08358e+06
5 0.583156 0.440916 2.17374 1.08361e+06
5 0.586096 0.4292 2.17141 1.08364e+06
5 0.591473 0.410903 2.16948 1.08368e+06
5 0.596615 0.386009 2.17186 1.08371e+06
5 0.59847 0.359536 2.15879 1.08375e+06
5 0.60092 0.333934 2.15623 1.08378e+06
5 0.602467 0.307199 2.15545 1.08381e+06
5 0.604502 0.289982 2.15605 1.08385e+06
5 0.607492 0.277854 2.15714 1.08388e+06
5 0.606303 0.274604 2.15474 1.08392e+06
5 0.608522 0.271935 2.15205 1.08395e+06
5 0.611132 0.280836 2.13439 1.08398e+06
5 0.610446 0.292819 2.1386 1.08402e+06
5 0.610644 0.309955 2.1367 1.08405e+06
5 0.614155 0.337874 2.15102 1.08409e+06
5 0.621424 0.378544 2.16158 1.08412e+06
5 0.622038 0.418312 2.17426 1.08415e+06
5 0.622366 0.450441 2.18064 1.08417e+06
5 0.621444 0.478922 2.18435 1.08420e+06
5 0.621154 0.496514 2.18543 1.08424e+06
5 0.62284 0.506658 2.18664 1.08427e+06

6 0.453775 0.263439 2.18827 1.08498e+06
6 0.452595 0.266579 2.18498 1.08501e+06
6 0.455747 0.267426 2.1836 1.08504e+06
6 0.454805 0.268779 2.1806 1.08508e+06
6 0.457365 0.267389 2.17841 1.08511e+06
6 0.456271 0.260769 2.17562 1.08515e+06
6 0.455927 0.24687 2.17798 1.08518e+06
6 0.459731 0.227636 2.17602 1.08522e+06
6 0.465146 0.202887 2.16351 1.08525e+06
6 0.471907 0.177168 2.16096 1.08529e+06
6 0.477124 0.154997 2.15588 1.08532e+06
6 0.483423 0.127052 2.1614 1.08535e+06
6 0.488061 0.107369 2.17292 1.08539e+06
6 0.492515 0.0914553 2.17877 1.08542e+06
6 0.497905 0.0811091 2.17871 1.08545e+06
6 0.500358 0.0768826 2.17406 1.08549e+06
6 0.500621 0.0822403 2.17141 1.08552e+06
6 0.501647 0.0888737 2.16096 1.08555e+06
6 0.501931 0.100525 2.15692 1.08559e+06
6 0.503202 0.122933 2.15424 1.08562e+06
6 0.506223 0.150611 2.1421 1.08565e+06
6 0.508205 0.184058 2.12443 1.08569e+06
6 0.508113 0.221307 2.11471 1.08572e+06
6 0.511619 0.260017 2.12682 1.08574e+06
6 0.513295 0.299228 2.12418 1.08579e+06
6 0.508791 0.346128 2.11871 1.08582e+06
6 0.50624 0.390781 2.12088 1.08584e+06
6 0.506946 0.433097 2.128 1.08589e+06
6 0.512267 0.468521 2.14025 1.08591e+06
6 0.516847 0.49741 2.15014 1.08594e+06
6 0.519142 0.514978 2.16113 1.08598e+06
6 0.516026 0.525566 2.16022 1.08601e+06

7 0.658929 0.28429 2.21381 1.08676e+06
7 0.661704 0.283428 2.21593 1.08678e+06
7 0.66061 0.282195 2.2115 1.08681e+06
7 0.664151 0.275793 2.21681 1.08686e+06
7 0.667603 0.268561 2.2198 1.08688e+06
7 0.667035 0.258891 2.21691 1.08691e+06
7 0.668501 0.247505 2.2249 1.08694e+06
7 0.671292 0.22878 2.22493 1.08698e+06
7 0.672379 0.206835 2.22096 1.08701e+06
7 0.674527 0.184224 2.22943 1.08704e+06
7 0.676771 0.161057 2.2344 1.08708e+06
7 0.677887 0.139135 2.23346 1.08711e+06
7 0.680601 0.118122 2.24001 1.08715e+06
7 0.684492 0.105089 2.24446 1.08719e+06
7 0.687098 0.0971097 2.25186 1.08722e+06
7 0.690622 0.0949879 2.25023 1.08726e+06
7 0.694281 0.0961739 2.24429 1.08729e+06
7 0.698807 0.10402 2.24817 1.08732e+06
7 0.705656 0.124955 2.24854 1.08736e+06
7 0.713575 0.148561 2.24077 1.08739e+06
7 0.716403 0.17342 2.23585 1.08742e+06
7 0.72202 0.212162 2.23862 1.08746e+06
7 0.727313 0.255635 2.24044 1.08749e+06
7 0.73267 0.312957 2.24235 1.08751e+06
7 0.735988 0.363503 2.25077 1.08756e+06
7 0.73617 0.408452 2.26478 1.08759e+06
7 0.734624 0.446064 2.26689 1.08761e+06
7 0.732357 0.476595 2.27237 1.08766e+06

8 0.238574 0.289469 2.22019 1.09009e+06
8 0.236878 0.287186 2.2115 1.09013e+06
8 0.23702 0.283829 2.20177 1.09014e+06
8 0.237847 0.277738 2.19817 1.09019e+06
8 0.238619 0.268864 2.20151 1.09023e+06
8 0.243872 0.256655 2.19923 1.09024e+06
8 0.246715 0.235066 2.19185 1.09029e+06
8 0.251049 0.212299 2.19301 1.09032e+06
8 0.25793 0.189047 2.19673 1.09036e+06
8 0.260138 0.167649 2.20284 1.09039e+06
8 0.262696 0.154439 2.20289 1.09041e+06
8 0.264216 0.145151 2.20525 1.09046e+06
8 0.265512 0.141248 2.20392 1.09049e+06
8 0.269931 0.140093 2.20884 1.09053e+06
8 0.272829 0.149967 2.20463 1.09056e+06
8 0.275614 0.165814 2.20111 1.09059e+06
8 0.275771 0.190764 2.19633 1.09062e+06
8 0.278549 0.217967 2.20118 1.09066e+06
8 0.279244 0.248328 2.19572 1.09069e+06
8 0.277754 0.283015 2.19424 1.09072e+06
8 0.277778 0.31605 2.20058 1.09076e+06
8 0.277879 0.341496 2.20061 1.09079e+06
8 0.277493 0.359442 2.20341 1.09082e+06
8 0.279107 0.36866 2.20128 1.09086e+06

9 0.330023 0.50697 2.31516 1.09175e+06
9 0.331051 0.51146 2.30588 1.09178e+06
9 0.33414 0.513725 2.30296 1.09182e+06
9 0.336091 0.514504 2.30225 1.09185e+06
9 0.340743 0.512711 2.3037 1.09188e+06
9 0.344557 0.506338 2.29638 1.09192e+06
9 0.347987 0.49848 2.29285 1.09195e+06
9 0.349609 0.487599 2.28155 1.09199e+06
9 0.349537 0.471305 2.27671 1.09202e+06
9 0.35178 0.452629 2.26761 1.09205e+06
9 0.358353 0.432613 2.27233 1.09209e+06
9 0.360985 0.413076 2.26934 1.09212e+06
9 0.363545 0.395251 2.26951 1.09215e+06
9 0.364342 0.378096 2.26447 1.09219e+06
9 0.364487 0.368166 2.26923 1.09222e+06
9 0.366521 0.354721 2.25313 1.09226e+06
9 0.368478 0.345846 2.25026 1.09229e+06
9 0.370977 0.342223 2.26101 1.09232e+06
9 0.36799 0.348198 2.25879 1.09236e+06
9 0.369184 0.350564 2.26743 1.09239e+06
9 0.372519 0.357726 2.26305 1.09242e+06
9 0.373352 0.366025 2.27336 1.09246e+06
9 0.374745 0.383941 2.27271 1.09249e+06
9 0.376746 0.404141 2.2729 1.09253e+06
9 0.375442 0.431745 2.27889 1.09256e+06
9 0.377581 0.460599 2.28373 1.09258e+06
9 0.382252 0.487719 2.30263 1.09263e+06
9 0.384035 0.516348 2.31364 1.09266e+06
9 0.385261 0.541221 2.32653 1.09269e+06
9 0.387865 0.566298 2.33648 1.09273e+06
9 0.389297 0.583794 2.35131 1.09276e+06
9 0.390525 0.602805 2.35984 1.09279e+06
9 0.391227 0.615088 2.37221 1.09283e+06
9 0.391451 0.629118 2.38687 1.09284e+06
9 0.391615 0.637083 2.3873 1.0929e+06
9 0.389901 0.648275 2.38718 1.09293e+06
9 0.389759 0.654667 2.39443 1.09295e+06

