Gesto: 1
0 0.516525 0.302685 1.79281 524641
0 0.517559 0.300143 1.78703 524673
0 0.51801 0.29802 1.78328 524706
0 0.519457 0.293199 1.781 524740
0 0.52242 0.281899 1.78179 524773
0 0.523695 0.26898 1.77965 524805
0 0.525853 0.25364 1.77581 524839
0 0.52965 0.231681 1.77106 524873
0 0.534174 0.210401 1.7733 524907
0 0.539047 0.195573 1.77422 524941
0 0.542766 0.179517 1.78014 524974
0 0.545446 0.168473 1.77643 525008
0 0.546658 0.160816 1.77699 525041
0 0.546842 0.157075 1.7783 525075
0 0.550208 0.157375 1.776 525109
0 0.552396 0.162251 1.77265 525142
0 0.553747 0.172101 1.76771 525175
0 0.555992 0.187495 1.76383 525209
0 0.556992 0.209448 1.76734 525242
0 0.559799 0.232368 1.7693 525274
0 0.561866 0.260346 1.76952 525308
0 0.564704 0.28875 1.76969 525341
0 0.567072 0.317612 1.7701 525375
0 0.567959 0.346607 1.77107 525409
0 0.567697 0.373155 1.76931 525443
0 0.567185 0.388424 1.77204 525478
0 0.567001 0.396391 1.77185 525510

1 0.641807 0.31421 1.79489 526474
1 0.646739 0.312595 1.7867 526508
1 0.649498 0.308953 1.78569 526541
1 0.652315 0.302641 1.7777 526575
1 0.658483 0.288722 1.77423 526609
1 0.662431 0.271743 1.78042 526642
1 0.667476 0.252681 1.78211 526676
1 0.671833 0.234845 1.78379 526709
1 0.674666 0.216764 1.78722 526742
1 0.676289 0.199105 1.79412 526776
1 0.678129 0.182809 1.79474 526810
1 0.680776 0.170755 1.80643 526843
1 0.683149 0.165165 1.81044 526875
1 0.685947 0.161129 1.8124 526909
1 0.687249 0.158714 1.81538 526943
1 0.688977 0.159674 1.81429 526976
1 0.688445 0.166357 1.81168 527010
1 0.68979 0.172838 1.80878 527043
1 0.690508 0.183823 1.80377 527076
1 0.69032 0.196963 1.80247 527110
1 0.689703 0.21274 1.7997 527143
1 0.688522 0.230462 1.79472 527177
1 0.688269 0.248352 1.78978 527212
1 0.687303 0.269912 1.78542 527244
1 0.685798 0.293579 1.7808 527278
1 0.683574 0.317279 1.77844 527311
1 0.680006 0.333866 1.77882 527346
1 0.677945 0.350382 1.77729 527387
1 0.675923 0.364984 1.77505 527406
1 0.674593 0.375974 1.77492 527439

2 0.713083 0.272687 1.82532 528651
2 0.716287 0.266617 1.82851 528685
2 0.719466 0.259127 1.82908 528718
2 0.722991 0.246125 1.82831 528752
2 0.728367 0.230949 1.8332 528786
2 0.730646 0.212612 1.83309 528820
2 0.736554 0.193222 1.83572 528836
2 0.740607 0.173436 1.84094 528887
2 0.743911 0.155448 1.84578 528904
2 0.745492 0.139121 1.85554 528937
2 0.746898 0.12839 1.85656 528971
2 0.746922 0.123418 1.86032 529004
2 0.747465 0.119787 1.85756 529038
2 0.747878 0.123361 1.85998 529088
2 0.748833 0.12847 1.86034 529105
2 0.75061 0.140357 1.85461 529137
2 0.753759 0.154505 1.84999 529188
2 0.755799 0.174229 1.84796 529205
2 0.756804 0.199094 1.83717 529239
2 0.757571 0.228703 1.82974 529272
2 0.758711 0.261745 1.83083 529306
2 0.756906 0.292992 1.8238 529338
2 0.756045 0.321274 1.82075 529378
2 0.754439 0.347325 1.81625 529414
2 0.752332 0.366945 1.81255 529447
2 0.753363 0.378027 1.81511 529480

3 0.353977 0.33342 1.72797 531778
3 0.35601 0.333835 1.72532 531811
3 0.357795 0.331969 1.72415 531845
3 0.360701 0.326363 1.72008 531886
3 0.363292 0.316732 1.71382 531909
3 0.366238 0.301979 1.71051 531943
3 0.368881 0.283242 1.71017 531975
3 0.372566 0.260809 1.71218 532008
3 0.379491 0.236832 1.71282 532042
3 0.384477 0.215478 1.71402 532077
3 0.386462 0.195785 1.71777 532110
3 0.390011 0.178008 1.7271 532143
3 0.391539 0.161684 1.73483 532176
3 0.392221 0.150893 1.74217 532211
3 0.392338 0.144435 1.749 532245
3 0.393228 0.141566 1.75439 532279
3 0.394589 0.146779 1.75745 532312
3 0.39902 0.152229 1.75185 532347
3 0.397696 0.167975 1.74806 532379
3 0.399617 0.185881 1.73793 532413
3 0.402799 0.202299 1.74328 532447
3 0.40485 0.228944 1.74306 532481
3 0.405875 0.259344 1.74518 532514
3 0.405629 0.289741 1.74761 532547
3 0.406814 0.319691 1.74628 532580
3 0.406686 0.345987 1.74837 532614
3 0.40756 0.371117 1.74956 532649
3 0.406341 0.392754 1.75483 532683
3 0.405856 0.407168 1.76103 532716
3 0.40579 0.419039 1.76304 532750
3 0.404371 0.430625 1.76749 532785
3 0.403143 0.436191 1.77251 532819
3 0.402353 0.438254 1.77446 532852
3 0.403012 0.442794 1.77593 532886
3 0.403582 0.444896 1.77611 532919

4 0.427753 0.235666 1.74865 534276
4 0.428535 0.235544 1.74781 534326
4 0.429615 0.234606 1.74837 534343
4 0.432069 0.227031 1.74954 534377
4 0.437057 0.212994 1.75177 534410
4 0.440029 0.198665 1.75271 534444
4 0.444785 0.186046 1.75846 534477
4 0.449065 0.17654 1.76534 534510
4 0.452327 0.168021 1.77045 534543
4 0.455308 0.166144 1.77087 534577
4 0.458541 0.165952 1.76858 534612
4 0.460966 0.172789 1.77033 534644
4 0.464073 0.186201 1.77012 534677
4 0.463999 0.206296 1.77253 534710
4 0.467315 0.228382 1.77145 534757
4 0.470381 0.254928 1.77177 534774
4 0.47134 0.284247 1.76821 534825
4 0.47361 0.321452 1.76027 534858
4 0.474854 0.349951 1.76241 534875
4 0.475923 0.376039 1.76349 534925
4 0.475212 0.394728 1.76552 534942
4 0.475701 0.409308 1.77085 534974
4 0.474554 0.421944 1.77229 535025
4 0.475479 0.432334 1.77599 535042
4 0.474264 0.439787 1.77813 535076
4 0.475107 0.448273 1.77913 535125
4 0.475969 0.453799 1.78061 535142
4 0.476556 0.456161 1.78118 535175
4 0.476298 0.456973 1.7825 535226
4 0.476414 0.454885 1.78335 535243

5 0.503561 0.332785 1.755 536015
5 0.504573 0.332428 1.75128 536048
5 0.50542 0.332036 1.75047 536082
5 0.509557 0.330791 1.74547 536116
5 0.511779 0.32895 1.74106 536150
5 0.515708 0.32095 1.73731 536184
5 0.518181 0.308166 1.73588 536218
5 0.522134 0.290074 1.73254 536252
5 0.527381 0.267724 1.7311 536285
5 0.531137 0.246631 1.7322 536320
5 0.535367 0.222685 1.72759 536353
5 0.539537 0.199065 1.7305 536387
5 0.542566 0.179041 1.73418 536420
5 0.546075 0.160049 1.74607 536454
5 0.548828 0.141791 1.75694 536486
5 0.550215 0.126614 1.76622 536519
5 0.551224 0.114462 1.77555 536552
5 0.551624 0.107252 1.78187 536586
5 0.552926 0.103977 1.78213 536620
5 0.553623 0.102529 1.78217 536653
5 0.554453 0.109379 1.77579 536687
5 0.556737 0.117307 1.77326 536721
5 0.559007 0.129824 1.7653 536755
5 0.561824 0.144453 1.74902 536787
5 0.563207 0.165255 1.74084 536820
5 0.564042 0.186582 1.73588 536853
5 0.564353 0.213307 1.73741 536887
5 0.564728 0.243045 1.73591 536919
5 0.564551 0.270914 1.73535 536953
5 0.564242 0.300695 1.73638 536986
5 0.563941 0.333433 1.73645 537020
5 0.56266 0.367397 1.73584 537051
5 0.559916 0.397671 1.74594 537085
5 0.558804 0.422658 1.75674 537118
5 0.556748 0.446682 1.76611 537150
5 0.554436 0.467894 1.77745 537184
5 0.553812 0.48167 1.78765 537218
5 0.55238 0.494337 1.79724 537251
5 0.550758 0.503961 1.80522 537283
5 0.549907 0.513031 1.81222 537315
5 0.550596 0.518592 1.81589 537348
5 0.550416 0.522728 1.81703 537380
5 0.550571 0.524637 1.81752 537412
5 0.550934 0.525514 1.81802 537447

6 0.617987 0.607642 1.75185 539758
6 0.616351 0.608788 1.75207 539792
6 0.615062 0.60949 1.75044 539826
6 0.616018 0.606537 1.74376 539858
6 0.618538 0.600292 1.73972 539898
6 0.620464 0.592641 1.73674 539921
6 0.622764 0.579404 1.73656 539953
6 0.628037 0.564969 1.73283 539987
6 0.631896 0.546395 1.73015 540020
6 0.634345 0.528241 1.72749 540055
6 0.63529 0.510841 1.72537 540088
6 0.634574 0.493767 1.72544 540122
6 0.636076 0.480525 1.72221 540154
6 0.637067 0.465447 1.72094 540187
6 0.637033 0.456311 1.71931 540219
6 0.63983 0.447459 1.71931 540253
6 0.639339 0.441063 1.71871 540285
6 0.63963 0.438625 1.71857 540318
6 0.642569 0.435996 1.72138 540352
6 0.64299 0.437632 1.71806 540386
6 0.644493 0.443588 1.71359 540419
6 0.645329 0.449835 1.71111 540451
6 0.645919 0.45831 1.71128 540483
6 0.646554 0.471935 1.71121 540517
6 0.646608 0.485913 1.71078 540552
6 0.646539 0.500627 1.71017 540585
6 0.646743 0.51554 1.71161 540618
6 0.647229 0.53084 1.71394 540651
6 0.647376 0.546865 1.71275 540685
6 0.647669 0.561965 1.71316 540718
6 0.647182 0.579002 1.71552 540750
6 0.646081 0.594963 1.71703 540784
6 0.646126 0.608013 1.72054 540817
6 0.644336 0.619984 1.72433 540850
6 0.643483 0.632464 1.72563 540883
6 0.643256 0.644347 1.73089 540916
6 0.643588 0.653073 1.73848 540949
6 0.64268 0.662887 1.74267 540982
6 0.642718 0.670703 1.74941 541017
6 0.642579 0.675836 1.75427 541051
6 0.64392 0.679681 1.7562 541084
6 0.643677 0.681094 1.75962 541117
6 0.643482 0.681758 1.76268 541150
6 0.64488 0.685836 1.76055 541183
6 0.645962 0.685715 1.76019 541216
6 0.646794 0.685775 1.76079 541248
6 0.648679 0.687506 1.76163 541283
6 0.64827 0.68702 1.76218 541315

7 0.257249 0.451589 1.81474 544122
7 0.259976 0.45048 1.81762 544156
7 0.261427 0.450975 1.81478 544190
7 0.265965 0.446314 1.81414 544223
7 0.268728 0.438255 1.80572 544256
7 0.274067 0.424634 1.80491 544289
7 0.282807 0.403935 1.80679 544321
7 0.288111 0.378765 1.805 544355
7 0.293001 0.355875 1.80831 544389
7 0.297414 0.334273 1.80958 544422
7 0.300605 0.314023 1.81363 544455
7 0.30283 0.295594 1.81093 544489
7 0.305311 0.278645 1.80882 544522
7 0.305853 0.269039 1.80639 544555
7 0.307361 0.263196 1.80771 544588
7 0.310429 0.260842 1.81413 544622
7 0.31351 0.262031 1.81004 544656
7 0.313269 0.269368 1.81353 544689
7 0.311799 0.281033 1.81446 544723
7 0.311585 0.294416 1.81992 544756
7 0.313079 0.311903 1.82447 544790
7 0.312523 0.332001 1.8295 544821
7 0.316682 0.35236 1.83124 544854
7 0.32078 0.374479 1.82898 544888
7 0.32141 0.404065 1.83356 544922
7 0.321805 0.436338 1.83833 544955
7 0.320537 0.463061 1.83905 544989
7 0.320787 0.496 1.83956 545023
7 0.319891 0.525788 1.83885 545056
7 0.319191 0.556174 1.84145 545089
7 0.317823 0.58705 1.83825 545121
7 0.318706 0.616269 1.83909 545154
7 0.318299 0.646009 1.83817 545188
7 0.317226 0.673852 1.83897 545221
7 0.317997 0.701347 1.84191 545255
7 0.316585 0.727319 1.84174 545289
7 0.315495 0.74975 1.84429 545322
7 0.313724 0.773986 1.84436 545354
7 0.314873 0.795852 1.84933 545388
7 0.314339 0.817059 1.85191 545422
7 0.314429 0.835248 1.85706 545455
7 0.314738 0.84833 1.85851 545488
7 0.311924 0.860236 1.85331 545522

8 0.44413 0.593098 2.0594 547799
8 0.444015 0.591434 2.05932 547833
8 0.44457 0.593623 2.05518 547867
8 0.44517 0.58855 2.04762 547901
8 0.450278 0.582841 2.03988 547933
8 0.456178 0.569566 2.02645 547966
8 0.46914 0.547283 2.02572 547999
8 0.478864 0.518762 2.02828 548032
8 0.485816 0.491131 2.02574 548066
8 0.492755 0.462416 2.02437 548099
8 0.498093 0.440496 2.02403 548132
8 0.501877 0.422659 2.02243 548166
8 0.502782 0.408645 2.01994 548198
8 0.499586 0.401323 2.02033 548230
8 0.501262 0.398408 2.02133 548265
8 0.500926 0.402787 2.02104 548298
8 0.498747 0.412586 2.01883 548332
8 0.498171 0.426496 2.01895 548364
8 0.49793 0.452605 2.02205 548398
8 0.497724 0.476066 2.02066 548431
8 0.496275 0.505418 2.0252 548465
8 0.492725 0.536645 2.03301 548500
8 0.486837 0.566614 2.03837 548532
8 0.483951 0.593247 2.04464 548565
8 0.48171 0.621221 2.05737 548599
8 0.478671 0.648332 2.07129 548632
8 0.475692 0.669778 2.08474 548665
8 0.473982 0.687033 2.10015 548699
8 0.473411 0.700887 2.11088 548732
8 0.472427 0.710407 2.12069 548765
8 0.470807 0.723263 2.13193 548800
8 0.467503 0.727256 2.14419 548832
8 0.465699 0.72816 2.15209 548866

9 0.498438 0.368511 1.91342 560470
9 0.504078 0.362547 1.91404 560503
9 0.507018 0.355502 1.91426 560536
9 0.509093 0.343584 1.90908 560570
9 0.515275 0.321455 1.9045 560603
9 0.518556 0.296278 1.89793 560636
9 0.522782 0.268996 1.89584 560668
9 0.524797 0.24467 1.89736 560701
9 0.528223 0.219402 1.89389 560735
9 0.533534 0.199018 1.90022 560768
9 0.537008 0.183183 1.90604 560802
9 0.539147 0.173533 1.90845 560835
9 0.540024 0.169329 1.90522 560869
9 0.542696 0.16917 1.90177 560901
9 0.545185 0.176934 1.89102 560934
9 0.546756 0.190644 1.88224 560968
9 0.546666 0.211675 1.878 561001
9 0.547751 0.240127 1.87421 561035
9 0.54703 0.273245 1.8578 561067
9 0.549325 0.319298 1.85739 561100
9 0.549384 0.377777 1.85823 561134
9 0.548037 0.43545 1.86369 561168
9 0.547768 0.483069 1.87563 561202
9 0.546284 0.517381 1.88919 561236
9 0.544892 0.543862 1.90304 561270
9 0.544672 0.560023 1.91446 561303
9 0.543664 0.572586 1.92192 561337
9 0.54314 0.580095 1.92704 561370
9 0.542669 0.584266 1.92862 561404
9 0.542516 0.586083 1.92907 561438

10 0.17881 0.360429 1.78643 568379
10 0.177459 0.361132 1.78892 568413
10 0.178299 0.356299 1.78608 568446
10 0.178445 0.348262 1.77786 568480
10 0.179608 0.333217 1.76456 568514
10 0.183355 0.311109 1.75 568548
10 0.190288 0.285089 1.72863 568581
10 0.198728 0.256978 1.71529 568614
10 0.208322 0.227766 1.7037 568648
10 0.219471 0.198232 1.69888 568681
10 0.228472 0.173949 1.69681 568716
10 0.235249 0.154556 1.69834 568749
10 0.240046 0.141149 1.70379 568784
10 0.245093 0.12832 1.70279 568818
10 0.248273 0.124114 1.70687 568852
10 0.250446 0.124135 1.70304 568885
10 0.250743 0.127304 1.69928 568919
10 0.249688 0.132889 1.69301 568936
10 0.248057 0.143363 1.68106 568984
10 0.245928 0.15836 1.6709 569018
10 0.243972 0.177254 1.66104 569053
10 0.240334 0.200269 1.65454 569086
10 0.238156 0.22733 1.64438 569120
10 0.234159 0.260255 1.63634 569137
10 0.230579 0.293512 1.63518 569188
10 0.228004 0.331367 1.6402 569205
10 0.227823 0.369039 1.64898 569239
10 0.2285 0.405607 1.66363 569273
10 0.23199 0.440802 1.68147 569307
10 0.233493 0.470101 1.70534 569341
10 0.238595 0.495324 1.73014 569374
10 0.243987 0.5155 1.75341 569410
10 0.248364 0.531045 1.77508 569451
10 0.25206 0.542179 1.79161 569484
10 0.253938 0.55132 1.80444 569518
10 0.255 0.55753 1.81742 569552
10 0.255262 0.559777 1.82389 569585

11 0.59311 0.335936 1.86006 574858
11 0.592537 0.336819 1.86151 574891
11 0.592167 0.338186 1.86276 574924
11 0.589646 0.337785 1.85642 574957
11 0.593639 0.329179 1.85574 574991
11 0.597566 0.317879 1.85901 575025
11 0.601851 0.297998 1.86129 575059
11 0.608819 0.275455 1.86205 575075
11 0.614134 0.249871 1.86186 575124
11 0.617785 0.22448 1.86268 575158
11 0.621876 0.203664 1.86353 575175
11 0.623447 0.187343 1.86478 575226
11 0.624325 0.177734 1.86249 575243
11 0.626537 0.173077 1.86755 575275
11 0.626259 0.173175 1.86535 575324
11 0.629793 0.180216 1.86085 575357
11 0.634552 0.197741 1.86076 575389
11 0.639768 0.219755 1.85307 575422
11 0.64587 0.248765 1.84441 575456
11 0.65215 0.28236 1.83361 575489
11 0.660492 0.32926 1.82675 575522
11 0.664972 0.376277 1.82581 575555
11 0.666876 0.419218 1.82908 575588
11 0.668048 0.459726 1.83638 575621
11 0.668733 0.492493 1.84268 575653
11 0.669339 0.518837 1.85178 575686
11 0.669902 0.534568 1.85858 575720
11 0.667936 0.54603 1.86666 575753
11 0.666704 0.551349 1.87052 575786
11 0.666339 0.554266 1.87363 575820

