Gesto: 1
0 0.567528 0.43665 2.07969 231514
0 0.57081 0.433372 2.07805 231548
0 0.571508 0.429338 2.07827 231582
0 0.573889 0.423098 2.07294 231614
0 0.577577 0.413464 2.06587 231647
0 0.580095 0.400789 2.0553 231681
0 0.583995 0.390507 2.05496 231714
0 0.588338 0.377698 2.04577 231747
0 0.592563 0.362114 2.03673 231781
0 0.596616 0.340658 2.02473 231815
0 0.598894 0.317021 2.02032 231849
0 0.602438 0.292511 2.01845 231890
0 0.604404 0.26627 2.01801 231924
0 0.608074 0.238091 2.02316 231956
0 0.608349 0.213973 2.02513 231990
0 0.608839 0.191795 2.02791 232023
0 0.609338 0.17448 2.03541 232057
0 0.608589 0.157356 2.03888 232091
0 0.607998 0.146227 2.04399 232108
0 0.608467 0.140665 2.04349 232158
0 0.608999 0.140328 2.04179 232175
0 0.612271 0.140301 2.04751 232209
0 0.615653 0.145614 2.04432 232260
0 0.617401 0.157272 2.03488 232278
0 0.61804 0.173665 2.03089 232310
0 0.621987 0.193652 2.01301 232361
0 0.626534 0.217466 2.01404 232377
0 0.629991 0.246229 2.01604 232410
0 0.633442 0.276228 2.00475 232443
0 0.640056 0.310631 2.01057 232477
0 0.644294 0.346514 2.01419 232511
0 0.646654 0.393251 2.03029 232545
0 0.644509 0.427765 2.04689 232579
0 0.643044 0.466099 2.07519 232613
0 0.641534 0.505279 2.10636 232647
0 0.640576 0.537793 2.13743 232681
0 0.634563 0.566866 2.17366 232715
0 0.632293 0.591076 2.21404 232749
0 0.627387 0.606055 2.25998 232782
0 0.620842 0.620201 2.29696 232816
0 0.607713 0.621034 2.35028 232850
0 0.600926 0.62123 2.39272 232884
0 0.594024 0.619607 2.43216 232918
0 0.590062 0.615532 2.45478 232952
0 0.588641 0.614971 2.47035 232984

1 0.389716 0.408771 2.08151 234721
1 0.390736 0.406741 2.08017 234753
1 0.391799 0.405237 2.0867 234786
1 0.392934 0.403379 2.09119 234820
1 0.393797 0.398728 2.08262 234852
1 0.396741 0.394275 2.08047 234886
1 0.400768 0.386719 2.0799 234919
1 0.406028 0.377047 2.07431 234953
1 0.411632 0.368318 2.06832 234987
1 0.41462 0.355423 2.06143 235020
1 0.421059 0.334805 2.06199 235054
1 0.425207 0.315162 2.0538 235087
1 0.429628 0.293092 2.05136 235122
1 0.433254 0.272037 2.05147 235156
1 0.436342 0.254344 2.04995 235189
1 0.440392 0.24165 2.05132 235222
1 0.444195 0.232565 2.05851 235254
1 0.446096 0.227967 2.06481 235288
1 0.448295 0.220701 2.07013 235322
1 0.448517 0.221277 2.07044 235354
1 0.451083 0.229627 2.06954 235387
1 0.456331 0.244201 2.06424 235420
1 0.460091 0.256894 2.06882 235452
1 0.463087 0.276905 2.06031 235487
1 0.465291 0.297022 2.05616 235519
1 0.47058 0.316173 2.05659 235553
1 0.476364 0.342174 2.06595 235587
1 0.477274 0.372785 2.08376 235621
1 0.482517 0.401334 2.09627 235656
1 0.488143 0.429358 2.09959 235687
1 0.493237 0.45849 2.11408 235720
1 0.494172 0.484415 2.13862 235754
1 0.493496 0.508316 2.16095 235788
1 0.493826 0.52977 2.1776 235822
1 0.49321 0.543018 2.20073 235855
1 0.494315 0.556919 2.22415 235889
1 0.495496 0.564954 2.2391 235923
1 0.495168 0.571406 2.25594 235957

2 0.303607 0.308078 2.06546 237397
2 0.303687 0.307764 2.06293 237430
2 0.303748 0.307014 2.05898 237446
2 0.3048 0.304936 2.05777 237495
2 0.306762 0.303596 2.04936 237529
2 0.307531 0.297461 2.04597 237546
2 0.308774 0.290663 2.04104 237597
2 0.309761 0.27997 2.0393 237630
2 0.311303 0.265744 2.03225 237647
2 0.315101 0.250081 2.03447 237698
2 0.320292 0.233863 2.03216 237715
2 0.322666 0.2231 2.03408 237749
2 0.324384 0.209935 2.0334 237782
2 0.325548 0.194556 2.03124 237817
2 0.325507 0.180633 2.02804 237850
2 0.326639 0.168804 2.0286 237882
2 0.326719 0.16199 2.0304 237916
2 0.327366 0.157418 2.02786 237950
2 0.33079 0.157269 2.02653 237984
2 0.334354 0.164092 2.02407 238018
2 0.336881 0.170136 2.02008 238052
2 0.339094 0.178771 2.02183 238085
2 0.343046 0.188614 2.01863 238117
2 0.345187 0.200651 2.01298 238151
2 0.349427 0.214886 2.00521 238184
2 0.351549 0.230892 1.99987 238218
2 0.353416 0.247527 2.00026 238253
2 0.359307 0.265597 2.00046 238284
2 0.36257 0.291199 1.99442 238317
2 0.36448 0.3141 1.99267 238353
2 0.371368 0.34152 2.00748 238394
2 0.375529 0.367009 2.00886 238428
2 0.379934 0.393275 2.0211 238462
2 0.385983 0.42081 2.03019 238493
2 0.390076 0.449292 2.04777 238528
2 0.397759 0.478449 2.06516 238560
2 0.405147 0.507194 2.08982 238593
2 0.411191 0.536995 2.12092 238627
2 0.413767 0.561712 2.14783 238661
2 0.420477 0.583142 2.16024 238695
2 0.425518 0.600732 2.18898 238727
2 0.429124 0.615604 2.21352 238760

3 0.604658 0.385211 2.19932 240825
3 0.605889 0.394789 2.16044 240858
3 0.608764 0.412479 2.17329 240890
3 0.60857 0.394151 2.17533 240923
3 0.609579 0.377246 2.16801 240956
3 0.610804 0.369947 2.16677 240988
3 0.612356 0.365602 2.16415 241021
3 0.614688 0.363202 2.16258 241054
3 0.623462 0.353702 2.15345 241086
3 0.625822 0.344562 2.14774 241119
3 0.631553 0.331973 2.14469 241153
3 0.635307 0.323731 2.1452 241187
3 0.636932 0.311527 2.1416 241221
3 0.638249 0.29599 2.13235 241253
3 0.639206 0.281061 2.13205 241286
3 0.641205 0.268446 2.12871 241320
3 0.64055 0.260322 2.12674 241354
3 0.64353 0.251413 2.13145 241388
3 0.644035 0.240736 2.12825 241420
3 0.641043 0.230545 2.12641 241454
3 0.641159 0.221741 2.13381 241488
3 0.641364 0.217464 2.13898 241522
3 0.641419 0.215899 2.13755 241556
3 0.641369 0.214805 2.13573 241590
3 0.641253 0.214143 2.13285 241622
3 0.643347 0.216074 2.13639 241657
3 0.646182 0.224482 2.14445 241690
3 0.646657 0.233232 2.13931 241724
3 0.649897 0.241621 2.13967 241758
3 0.650697 0.249478 2.13782 241790
3 0.652551 0.260056 2.13683 241822
3 0.653402 0.267477 2.13614 241856
3 0.652957 0.279284 2.12428 241889
3 0.65293 0.293737 2.12117 241923
3 0.65497 0.310271 2.1287 241955
3 0.657359 0.329769 2.13173 241989
3 0.662825 0.350055 2.12793 242023
3 0.666472 0.369867 2.12953 242055
3 0.669295 0.389865 2.1214 242087
3 0.671951 0.410171 2.1262 242121
3 0.672364 0.437431 2.13093 242155
3 0.673665 0.45829 2.14177 242189
3 0.674838 0.488176 2.14889 242222
3 0.676089 0.514929 2.15675 242255
3 0.676928 0.533474 2.16351 242288
3 0.678165 0.559365 2.16636 242321
3 0.679284 0.575988 2.18376 242359
3 0.678484 0.595795 2.19633 242400
3 0.677457 0.615648 2.20878 242417
3 0.678981 0.631434 2.21905 242469
3 0.679145 0.644518 2.22328 242485
3 0.679142 0.652818 2.22829 242518
3 0.679719 0.656625 2.23517 242553

4 0.526519 0.305855 2.15675 243858
4 0.527607 0.303213 2.16258 243892
4 0.529634 0.302494 2.14965 243925
4 0.531369 0.300548 2.13789 243959
4 0.534507 0.297242 2.12996 243993
4 0.539202 0.290263 2.12274 244026
4 0.543192 0.283857 2.11681 244060
4 0.547444 0.273 2.10902 244094
4 0.552549 0.260763 2.10713 244128
4 0.55483 0.246122 2.10614 244162
4 0.559043 0.233924 2.10642 244196
4 0.562 0.21917 2.10955 244229
4 0.5626 0.204661 2.11483 244263
4 0.565209 0.192206 2.11838 244297
4 0.566001 0.177585 2.11946 244329
4 0.567008 0.167228 2.12596 244366
4 0.567544 0.16131 2.13128 244388
4 0.568161 0.15795 2.13721 244423
4 0.567074 0.157087 2.13475 244457
4 0.566975 0.162919 2.14175 244491
4 0.567841 0.168593 2.1429 244524
4 0.566946 0.180383 2.13513 244557
4 0.56799 0.187966 2.12597 244591
4 0.573065 0.200143 2.12002 244625
4 0.574481 0.210856 2.11294 244659
4 0.575314 0.224159 2.10774 244691
4 0.577507 0.238814 2.10483 244725
4 0.581267 0.256594 2.10473 244758
4 0.582989 0.275123 2.11147 244791
4 0.581357 0.300644 2.10353 244824
4 0.586961 0.32246 2.11391 244857
4 0.58885 0.347045 2.12211 244888
4 0.595734 0.368426 2.13311 244922
4 0.599317 0.397847 2.1529 244955
4 0.600384 0.433128 2.18181 245004
4 0.601794 0.46459 2.20594 245022
4 0.604537 0.503367 2.22965 245055
4 0.605338 0.531928 2.25986 245088
4 0.606772 0.561407 2.28081 245122
4 0.606547 0.567419 2.28331 245156
4 0.602449 0.577433 2.32095 245190
4 0.600941 0.585851 2.33343 245222

5 0.449764 0.367675 2.19495 246792
5 0.452719 0.368703 2.19395 246826
5 0.455771 0.368657 2.19553 246859
5 0.457842 0.369643 2.19179 246899
5 0.459939 0.36932 2.1875 246936
5 0.46193 0.367962 2.18378 246970
5 0.466685 0.362351 2.18007 246987
5 0.471819 0.356246 2.17177 247037
5 0.475713 0.344668 2.16507 247070
5 0.478345 0.330589 2.16201 247104
5 0.479869 0.314292 2.15502 247138
5 0.481832 0.297462 2.1512 247155
5 0.482342 0.278545 2.14894 247188
5 0.481662 0.26015 2.14704 247239
5 0.482703 0.242359 2.15283 247256
5 0.48166 0.229039 2.15433 247290
5 0.481132 0.214597 2.14939 247323
5 0.480232 0.204662 2.14948 247357
5 0.480195 0.191353 2.15155 247391
5 0.479793 0.18167 2.15947 247423
5 0.479309 0.176047 2.16569 247457
5 0.479066 0.174166 2.16161 247491
5 0.47913 0.173355 2.15863 247524
5 0.479793 0.172362 2.15671 247558
5 0.483991 0.1736 2.15081 247592
5 0.485722 0.181699 2.15129 247625
5 0.486576 0.189216 2.15315 247659
5 0.488459 0.199746 2.15153 247692
5 0.490422 0.214682 2.14529 247726
5 0.492589 0.233013 2.13789 247760
5 0.497898 0.25395 2.12167 247792
5 0.501526 0.279583 2.11479 247826
5 0.503364 0.298902 2.11956 247860
5 0.509038 0.321563 2.11982 247892
5 0.512574 0.344817 2.12213 247926
5 0.5155 0.37418 2.13885 247959
5 0.519335 0.41338 2.15871 247993
5 0.526092 0.443934 2.1804 248026
5 0.530266 0.47363 2.19964 248059
5 0.532673 0.499356 2.21535 248092
5 0.536759 0.531912 2.23238 248125
5 0.536609 0.560158 2.25588 248159
5 0.536943 0.580797 2.28118 248193
5 0.538912 0.600963 2.30175 248227
5 0.539394 0.622561 2.32892 248260
5 0.54039 0.634837 2.3552 248294
5 0.538356 0.642436 2.37556 248328
5 0.539407 0.647282 2.39382 248362

6 0.288101 0.389707 2.25771 250275
6 0.289274 0.392504 2.25329 250290
6 0.29289 0.393547 2.25215 250324
6 0.296091 0.393279 2.24689 250358
6 0.300919 0.393313 2.23731 250392
6 0.305902 0.392063 2.22744 250443
6 0.310472 0.38982 2.21195 250460
6 0.312576 0.382895 2.21145 250493
6 0.315696 0.373503 2.20145 250527
6 0.320411 0.36337 2.18953 250561
6 0.322378 0.352242 2.18351 250593
6 0.325236 0.335555 2.17248 250627
6 0.327185 0.323841 2.16325 250661
6 0.328005 0.306175 2.15797 250695
6 0.329586 0.29172 2.15094 250729
6 0.3309 0.276782 2.14459 250761
6 0.330682 0.266076 2.1451 250795
6 0.330729 0.260597 2.1411 250827
6 0.330421 0.250097 2.1395 250862
6 0.329381 0.242322 2.14418 250903
6 0.329751 0.238476 2.14156 250926
6 0.3288 0.235829 2.14641 250959
6 0.331521 0.238719 2.13901 250993
6 0.331317 0.244875 2.13596 251027
6 0.331122 0.249346 2.13472 251061
6 0.331801 0.259212 2.1337 251093
6 0.332854 0.265747 2.13082 251126
6 0.336902 0.278286 2.12885 251160
6 0.340209 0.293688 2.12358 251193
6 0.342899 0.310171 2.12997 251227
6 0.345572 0.324656 2.12623 251261
6 0.34928 0.339248 2.13119 251295
6 0.351849 0.362817 2.13741 251329
6 0.353465 0.386167 2.14793 251363
6 0.358436 0.412129 2.15727 251397
6 0.358427 0.434715 2.15224 251431
6 0.35859 0.459087 2.16308 251464
6 0.359527 0.485206 2.17538 251498
6 0.362285 0.51238 2.18683 251531
6 0.368498 0.544273 2.2123 251564
6 0.373207 0.569277 2.2246 251598
6 0.374049 0.599105 2.2378 251632
6 0.376136 0.626359 2.25109 251665
6 0.376504 0.643759 2.26871 251697
6 0.381354 0.656886 2.3028 251731
6 0.382152 0.668622 2.32284 251764
6 0.382638 0.676337 2.337 251797

7 0.247223 0.284087 2.21042 253302
7 0.247657 0.282862 2.21257 253336
7 0.253694 0.282775 2.20976 253369
7 0.258327 0.28425 2.20285 253402
7 0.258069 0.284502 2.1901 253434
7 0.261602 0.284288 2.1881 253467
7 0.264433 0.277558 2.18135 253500
7 0.265285 0.266424 2.18181 253534
7 0.266978 0.258887 2.16975 253567
7 0.268164 0.245685 2.16691 253600
7 0.271571 0.237118 2.15748 253633
7 0.276333 0.227476 2.15609 253666
7 0.279815 0.220812 2.1539 253699
7 0.281232 0.214981 2.16001 253731
7 0.281317 0.206957 2.16398 253764
7 0.280516 0.201184 2.16888 253797
7 0.279038 0.19662 2.17846 253832
7 0.281166 0.201711 2.16682 253864
7 0.281853 0.205263 2.16375 253898
7 0.282306 0.2091 2.15888 253932
7 0.283653 0.218232 2.15403 253966
7 0.283317 0.223948 2.15565 254000
7 0.285023 0.234309 2.15099 254034
7 0.28468 0.242164 2.15465 254067
7 0.289838 0.255365 2.15047 254100
7 0.293293 0.271822 2.14548 254134
7 0.29525 0.289656 2.13575 254166
7 0.296209 0.314509 2.15183 254200
7 0.302224 0.334102 2.16103 254233
7 0.307714 0.359898 2.16374 254267
7 0.31665 0.385382 2.16567 254301
7 0.322158 0.409827 2.17154 254335
7 0.32899 0.434969 2.17803 254368
7 0.333295 0.456327 2.18386 254402
7 0.337216 0.479082 2.18876 254436
7 0.339444 0.502789 2.20527 254470
7 0.343542 0.523769 2.22513 254504
7 0.348181 0.542142 2.23712 254538
7 0.351532 0.559928 2.24451 254573
7 0.355086 0.577203 2.25339 254605
7 0.358968 0.586289 2.26342 254638
7 0.360831 0.594178 2.28053 254672

8 0.490671 0.373735 2.23929 256135
8 0.492802 0.372925 2.23188 256170
8 0.495595 0.372131 2.22779 256203
8 0.497809 0.37167 2.22569 256236
8 0.502291 0.369583 2.21883 256269
8 0.505174 0.360117 2.21593 256300
8 0.507946 0.354058 2.20149 256332
8 0.510264 0.344012 2.19725 256366
8 0.512486 0.338549 2.19031 256399
8 0.514178 0.32649 2.18846 256431
8 0.516535 0.312074 2.18253 256465
8 0.51876 0.300228 2.1783 256498
8 0.518659 0.288561 2.17391 256532
8 0.517029 0.280075 2.17845 256566
8 0.516988 0.269307 2.17998 256599
8 0.517443 0.261703 2.18632 256633
8 0.517577 0.258099 2.1828 256681
8 0.516 0.257057 2.17595 256697
8 0.517203 0.255784 2.17816 256729
8 0.517583 0.25583 2.17911 256780
8 0.518601 0.26054 2.17831 256797
8 0.515769 0.266909 2.17506 256831
8 0.515892 0.27072 2.16759 256865
8 0.514996 0.279842 2.17132 256898
8 0.518494 0.291703 2.17543 256932
8 0.519912 0.307796 2.1696 256965
8 0.528213 0.325876 2.1706 256998
8 0.530313 0.347193 2.16687 257031
8 0.536633 0.365593 2.18065 257082
8 0.534595 0.391261 2.18564 257098
8 0.536299 0.417932 2.20575 257132
8 0.538387 0.443318 2.2211 257181
8 0.543028 0.469212 2.23679 257198
8 0.544034 0.493809 2.255 257231
8 0.547422 0.522196 2.27186 257265
8 0.550977 0.548264 2.28178 257299
8 0.552091 0.573659 2.2957 257332
8 0.552626 0.59751 2.30832 257365
8 0.554433 0.62075 2.32823 257398
8 0.556651 0.641252 2.33292 257432
8 0.554893 0.658265 2.3613 257466
8 0.549416 0.665813 2.38666 257498
8 0.545964 0.66971 2.41288 257531

9 0.48109 0.253915 2.17898 258943
9 0.483845 0.25075 2.17393 258978
9 0.487423 0.246123 2.16256 259011
9 0.491878 0.242829 2.16009 259045
9 0.494047 0.234906 2.15611 259078
9 0.496343 0.22832 2.15091 259111
9 0.499333 0.218452 2.14147 259145
9 0.502585 0.208724 2.13665 259179
9 0.505196 0.19453 2.13819 259214
9 0.506223 0.185551 2.13767 259247
9 0.507445 0.180095 2.14123 259280
9 0.505734 0.171966 2.15083 259314
9 0.506485 0.164105 2.14985 259347
9 0.506763 0.159134 2.1493 259364
9 0.506824 0.156166 2.15047 259415
9 0.503827 0.1531 2.1496 259432
9 0.499714 0.153204 2.14615 259466
9 0.500242 0.155419 2.14808 259515
9 0.502266 0.156067 2.15267 259532
9 0.504994 0.163192 2.14754 259566
9 0.505766 0.168461 2.1424 259615
9 0.507886 0.17361 2.14519 259647
9 0.508803 0.185988 2.13399 259664
9 0.510129 0.201108 2.12464 259714
9 0.507717 0.217974 2.10507 259748
9 0.511655 0.233755 2.11156 259780
9 0.515473 0.251277 2.11925 259815
9 0.518666 0.269562 2.12739 259832
9 0.524857 0.289253 2.13618 259865
9 0.526054 0.311681 2.13559 259914
9 0.531754 0.329691 2.14369 259947
9 0.534415 0.347412 2.1463 259980
9 0.537389 0.361071 2.15252 260013
9 0.540069 0.374096 2.16278 260044
9 0.540151 0.384683 2.16133 260077

