Gesto: 1
0 0.381618 0.25485 1.89197 568923
0 0.382123 0.255296 1.88605 568956
0 0.382784 0.252798 1.87289 568990
0 0.385491 0.246389 1.86739 569024
0 0.392676 0.234316 1.86782 569055
0 0.399233 0.221707 1.87065 569089
0 0.407489 0.204713 1.87434 569124
0 0.413906 0.189188 1.87522 569156
0 0.421635 0.170167 1.87941 569190
0 0.427187 0.154847 1.88279 569224
0 0.434404 0.142017 1.88691 569258
0 0.441534 0.128101 1.89073 569292
0 0.448256 0.118494 1.89674 569326
0 0.451707 0.113799 1.89744 569358
0 0.45348 0.111582 1.89786 569391
0 0.455922 0.112394 1.90085 569425
0 0.455439 0.119172 1.89629 569459
0 0.454885 0.131685 1.88706 569493
0 0.45405 0.153175 1.8795 569525
0 0.45202 0.177527 1.87254 569558
0 0.453705 0.205725 1.87342 569590
0 0.452975 0.24455 1.8638 569629
0 0.451121 0.297804 1.85806 569670
0 0.452292 0.350418 1.84724 569687
0 0.452401 0.392573 1.8395 569720
0 0.452643 0.423085 1.83634 569754
0 0.453177 0.44718 1.84099 569787
0 0.455018 0.465449 1.84309 569820

1 0.406115 0.286736 1.88594 570834
1 0.40818 0.285956 1.88691 570868
1 0.407187 0.284876 1.88257 570902
1 0.411536 0.282644 1.88435 570935
1 0.414638 0.275123 1.88292 570952
1 0.418446 0.265665 1.87786 571000
1 0.423805 0.250549 1.87916 571034
1 0.430005 0.231692 1.87993 571067
1 0.435972 0.21172 1.87821 571101
1 0.440815 0.193546 1.87936 571134
1 0.449016 0.174178 1.88889 571166
1 0.455248 0.160889 1.89569 571198
1 0.461632 0.151697 1.90004 571231
1 0.46555 0.141756 1.9073 571265
1 0.469568 0.134479 1.91094 571299
1 0.474688 0.134484 1.9163 571332
1 0.476942 0.135911 1.91961 571364
1 0.478444 0.144631 1.91695 571397
1 0.481154 0.154638 1.90857 571432
1 0.482498 0.167911 1.90442 571465
1 0.483129 0.192347 1.89076 571498
1 0.482784 0.221988 1.88326 571530
1 0.482222 0.255883 1.87432 571564
1 0.481376 0.305607 1.86199 571597
1 0.482927 0.348257 1.86152 571631
1 0.483618 0.397464 1.85388 571665
1 0.484663 0.440859 1.8518 571698
1 0.486469 0.475114 1.85921 571732

2 0.403899 0.205707 1.91168 572868
2 0.403565 0.207115 1.91014 572902
2 0.403707 0.208124 1.90703 572935
2 0.405005 0.204755 1.9059 572967
2 0.409594 0.193916 1.90718 573001
2 0.413314 0.186047 1.90551 573035
2 0.417827 0.169928 1.90819 573069
2 0.423705 0.156336 1.90891 573103
2 0.429585 0.143035 1.90729 573137
2 0.43577 0.127059 1.90812 573170
2 0.441763 0.117139 1.9107 573187
2 0.44702 0.106557 1.91292 573238
2 0.451529 0.10125 1.91142 573255
2 0.45463 0.104599 1.91173 573288
2 0.455411 0.108917 1.91038 573339
2 0.456196 0.123209 1.90021 573355
2 0.456823 0.143264 1.89201 573389
2 0.456618 0.170045 1.89054 573423
2 0.457758 0.196114 1.88143 573456
2 0.457258 0.232083 1.87401 573489
2 0.463933 0.290885 1.87609 573523
2 0.46778 0.341045 1.86728 573557

3 0.37494 0.273852 1.90454 574696
3 0.374813 0.270448 1.90411 574729
3 0.377086 0.264333 1.90078 574762
3 0.382177 0.252861 1.89574 574796
3 0.386792 0.236823 1.88799 574831
3 0.394596 0.219183 1.88323 574863
3 0.403188 0.200069 1.87327 574897
3 0.414503 0.176647 1.87717 574931
3 0.42449 0.157865 1.87971 574964
3 0.432923 0.143092 1.88655 574996
3 0.439485 0.130001 1.89265 575029
3 0.44726 0.11947 1.89621 575063
3 0.452479 0.115176 1.90487 575097
3 0.45515 0.113838 1.90923 575130
3 0.455011 0.117798 1.90949 575162
3 0.456173 0.127741 1.90535 575196
3 0.45685 0.145705 1.89556 575229
3 0.456533 0.165244 1.88664 575264
3 0.456749 0.191591 1.87855 575296
3 0.456929 0.223289 1.87091 575330
3 0.460576 0.261137 1.85807 575365
3 0.467505 0.320833 1.85055 575399
3 0.463894 0.377953 1.83848 575432

4 0.382681 0.197774 1.88699 576928
4 0.38258 0.199873 1.88701 576961
4 0.38569 0.19932 1.88717 576995
4 0.388059 0.193873 1.88161 577029
4 0.390934 0.187092 1.88077 577063
4 0.39882 0.178839 1.8803 577097
4 0.406325 0.166079 1.88058 577131
4 0.413417 0.155167 1.87921 577165
4 0.422431 0.144006 1.88713 577199
4 0.428732 0.135904 1.895 577232
4 0.434791 0.130746 1.89555 577266
4 0.438167 0.127512 1.90058 577301
4 0.442321 0.126312 1.90856 577334
4 0.443704 0.129557 1.90318 577368
4 0.444302 0.139651 1.89604 577402
4 0.445536 0.153967 1.88882 577437
4 0.443249 0.175401 1.87592 577469
4 0.441613 0.196187 1.86933 577502
4 0.442133 0.232216 1.85986 577535
4 0.443486 0.277467 1.85386 577567
4 0.443214 0.328762 1.84225 577600
4 0.443518 0.378509 1.83041 577633
4 0.444949 0.420485 1.82659 577666
4 0.44548 0.456002 1.82765 577699
4 0.445151 0.480633 1.82838 577733
4 0.445469 0.49759 1.83217 577765

5 0.521047 0.249889 1.90436 583572
5 0.522078 0.247901 1.90425 583606
5 0.523416 0.242408 1.90433 583640
5 0.525283 0.237255 1.9048 583673
5 0.530656 0.226182 1.90289 583707
5 0.537053 0.213501 1.90544 583741
5 0.543689 0.199747 1.90773 583775
5 0.546803 0.184787 1.90915 583809
5 0.550293 0.172743 1.91402 583841
5 0.555562 0.157191 1.92146 583875
5 0.559407 0.149315 1.93064 583909
5 0.56138 0.145974 1.93328 583942
5 0.561322 0.149381 1.93006 583976
5 0.565149 0.160737 1.93366 584009
5 0.566843 0.17521 1.92778 584043
5 0.565542 0.191275 1.91907 584078
5 0.563491 0.209741 1.91192 584110
5 0.561076 0.236081 1.89757 584144
5 0.557958 0.268396 1.88608 584178
5 0.560499 0.306835 1.89742 584195
5 0.563413 0.349537 1.90311 584246
5 0.561453 0.394756 1.89695 584263
5 0.56292 0.437688 1.90084 584297
5 0.562014 0.470639 1.90487 584348
5 0.561449 0.495013 1.9108 584365
5 0.560398 0.508216 1.91393 584400

6 0.508321 0.214162 1.89309 585510
6 0.508991 0.217034 1.88807 585544
6 0.510529 0.218103 1.88837 585577
6 0.511255 0.211964 1.88893 585610
6 0.515303 0.205288 1.88718 585642
6 0.5191 0.196583 1.89218 585674
6 0.522987 0.189045 1.89571 585708
6 0.529256 0.180003 1.89578 585742
6 0.532866 0.173768 1.89451 585776
6 0.535946 0.1737 1.89194 585808
6 0.540589 0.17543 1.89656 585843
6 0.54467 0.179039 1.89636 585875
6 0.5457 0.186689 1.89408 585908
6 0.547966 0.194774 1.89093 585942
6 0.549245 0.206792 1.88687 585976
6 0.549878 0.22311 1.88113 586011
6 0.549106 0.247524 1.87483 586043
6 0.548442 0.27703 1.85634 586076
6 0.550251 0.319361 1.86257 586110
6 0.548076 0.367214 1.86108 586143
6 0.547359 0.411226 1.86104 586177
6 0.546771 0.448729 1.861 586210
6 0.546279 0.476596 1.86431 586243

7 0.493111 0.190223 1.90393 587503
7 0.493876 0.186694 1.9012 587537
7 0.494399 0.183153 1.90041 587570
7 0.49629 0.179544 1.89826 587604
7 0.501911 0.171538 1.89842 587638
7 0.506509 0.162976 1.8955 587671
7 0.512412 0.156021 1.89066 587704
7 0.518333 0.146226 1.88992 587737
7 0.526155 0.137988 1.88829 587771
7 0.530871 0.128374 1.89255 587805
7 0.534135 0.128702 1.8945 587838
7 0.53609 0.128743 1.90016 587871
7 0.537006 0.129829 1.89937 587905
7 0.538443 0.13187 1.89603 587939
7 0.539127 0.133885 1.89007 587973
7 0.537942 0.141371 1.88692 588006
7 0.537119 0.147471 1.8815 588039
7 0.536876 0.157952 1.87742 588073
7 0.534945 0.170085 1.87376 588107
7 0.53523 0.186916 1.87024 588139
7 0.533747 0.209069 1.86282 588181
7 0.534061 0.233411 1.85807 588202
7 0.534351 0.262886 1.84273 588236
7 0.532113 0.298782 1.83188 588270
7 0.530764 0.335485 1.83591 588304
7 0.53101 0.370054 1.83521 588338
7 0.532439 0.399109 1.83591 588371
7 0.533032 0.422412 1.83874 588404
7 0.533204 0.442147 1.83638 588438
7 0.532905 0.451303 1.83817 588471

8 0.484049 0.19406 1.91904 589569
8 0.48606 0.194935 1.91026 589618
8 0.489434 0.188072 1.91168 589634
8 0.491909 0.183276 1.90801 589685
8 0.495391 0.175816 1.90516 589717
8 0.5012 0.169324 1.9004 589734
8 0.508334 0.158308 1.90238 589785
8 0.513344 0.152744 1.89928 589802
8 0.519984 0.144076 1.90011 589836
8 0.527079 0.138408 1.8976 589885
8 0.532427 0.134041 1.90318 589903
8 0.535065 0.133094 1.90194 589935
8 0.535368 0.132874 1.90094 589986
8 0.533795 0.137869 1.89443 590002
8 0.534391 0.144419 1.88665 590035
8 0.535728 0.154835 1.88649 590085
8 0.534438 0.166523 1.88363 590118
8 0.534774 0.183219 1.8847 590134
8 0.532647 0.201296 1.8749 590177
8 0.532767 0.222106 1.87024 590213
8 0.532286 0.244422 1.86548 590247
8 0.533138 0.268766 1.85923 590279
8 0.532913 0.300955 1.85117 590311
8 0.532912 0.333072 1.8453 590344
8 0.532407 0.368752 1.83805 590378
8 0.534473 0.399324 1.8336 590411
8 0.536666 0.425827 1.83673 590445
8 0.538305 0.447449 1.83833 590479
8 0.539134 0.458873 1.84405 590512

9 0.478057 0.216249 1.91917 591678
9 0.481921 0.208537 1.91436 591711
9 0.487754 0.201615 1.91502 591744
9 0.491739 0.192382 1.90543 591775
9 0.496707 0.182338 1.90776 591809
9 0.505406 0.170352 1.89726 591843
9 0.514096 0.157596 1.89392 591874
9 0.521403 0.144861 1.89939 591908
9 0.528478 0.131317 1.90504 591942
9 0.533075 0.122184 1.90963 591975
9 0.535472 0.116456 1.91489 592009
9 0.536756 0.113115 1.91942 592043
9 0.53869 0.111751 1.92147 592077
9 0.539636 0.11213 1.91848 592110
9 0.538509 0.11929 1.91309 592143
9 0.537781 0.12485 1.91077 592176
9 0.53982 0.133445 1.90986 592210
9 0.539829 0.141927 1.90838 592243
9 0.536452 0.158824 1.89919 592277
9 0.534401 0.183621 1.88887 592310
9 0.534839 0.210048 1.87767 592342
9 0.536431 0.234453 1.86248 592375
9 0.535517 0.26403 1.86558 592409
9 0.540119 0.30318 1.86799 592442
9 0.542104 0.346488 1.86281 592474
9 0.542909 0.389358 1.85837 592507
9 0.544087 0.428687 1.85824 592540
9 0.545396 0.457834 1.85846 592574
9 0.545335 0.48153 1.86396 592607
9 0.546538 0.497559 1.86715 592640

