Gesto: 1
0 0.288009 0.408533 1.72054 260835
0 0.287494 0.410042 1.72012 260868
0 0.286925 0.410747 1.72227 260902
0 0.28721 0.411105 1.72146 260936
0 0.286952 0.408709 1.71885 260970
0 0.286262 0.407186 1.72062 261004
0 0.289003 0.405781 1.71808 261036
0 0.290735 0.404036 1.71962 261070
0 0.29247 0.401485 1.71845 261104
0 0.293607 0.396099 1.71501 261138
0 0.295294 0.390183 1.7131 261172
0 0.297838 0.383259 1.71104 261205
0 0.299983 0.378378 1.70702 261239
0 0.303885 0.374421 1.70633 261272
0 0.308052 0.36562 1.7025 261305
0 0.310621 0.357132 1.69739 261338
0 0.31456 0.35087 1.69601 261371
0 0.31826 0.346254 1.69534 261404
0 0.322123 0.33835 1.69561 261438
0 0.326483 0.333033 1.69414 261471
0 0.330805 0.326579 1.69122 261503
0 0.334495 0.320226 1.69154 261535
0 0.339964 0.312536 1.68759 261568
0 0.344216 0.305862 1.6888 261602
0 0.346908 0.301979 1.68766 261634
0 0.348154 0.3004 1.6841 261683
0 0.352142 0.298223 1.68301 261699
0 0.352964 0.298648 1.68079 261732
0 0.353427 0.299101 1.67916 261782
0 0.352722 0.299348 1.6779 261815
0 0.352525 0.299081 1.6788 261847
0 0.351711 0.301697 1.67828 261881
0 0.350598 0.307022 1.68049 261914
0 0.349415 0.312917 1.68027 261931
0 0.350196 0.320653 1.6764 261980
0 0.350968 0.326707 1.67501 262014
0 0.350612 0.335517 1.67543 262047
0 0.350005 0.347067 1.67874 262079
0 0.34916 0.358835 1.67826 262113
0 0.349222 0.373499 1.68095 262146
0 0.350935 0.388451 1.68174 262180
0 0.350689 0.401857 1.68073 262214
0 0.351568 0.417112 1.68327 262231
0 0.354224 0.432575 1.6884 262280
0 0.355508 0.448989 1.69542 262314
0 0.355535 0.464156 1.70399 262346
0 0.356923 0.4804 1.71016 262380
0 0.356995 0.495089 1.71877 262414
0 0.359329 0.507276 1.72796 262446
0 0.359234 0.520256 1.73219 262479
0 0.360894 0.535202 1.73736 262513
0 0.360504 0.544183 1.74836 262546
0 0.362235 0.55407 1.75619 262579
0 0.362831 0.564023 1.76335 262612
0 0.363544 0.573091 1.77067 262643
0 0.366254 0.58117 1.77947 262677
0 0.367956 0.58638 1.78606 262709
0 0.368317 0.593479 1.79271 262741
0 0.369062 0.600355 1.80315 262773
0 0.369863 0.60446 1.80261 262806
0 0.369727 0.607301 1.80183 262838
0 0.369068 0.609057 1.80224 262871
0 0.369032 0.60974 1.80371 262904
0 0.368821 0.609913 1.80645 262939
0 0.3686 0.60981 1.80629 262972

1 0.295469 0.559408 1.88542 264447
1 0.294774 0.558721 1.88417 264479
1 0.297006 0.559355 1.88052 264512
1 0.296814 0.556828 1.87665 264546
1 0.296316 0.55419 1.8722 264580
1 0.29541 0.552038 1.86895 264614
1 0.293043 0.547465 1.86815 264648
1 0.294312 0.539996 1.85967 264681
1 0.295082 0.53483 1.85232 264714
1 0.296002 0.525019 1.84568 264747
1 0.299898 0.518629 1.84176 264781
1 0.300308 0.510596 1.83799 264814
1 0.30341 0.502967 1.83178 264849
1 0.305982 0.491364 1.82153 264882
1 0.307595 0.485086 1.8157 264916
1 0.30952 0.474283 1.80822 264950
1 0.314209 0.46663 1.80672 264967
1 0.317569 0.458909 1.80388 265018
1 0.319378 0.449135 1.80018 265051
1 0.320458 0.441834 1.79749 265069
1 0.322614 0.433602 1.79234 265118
1 0.323739 0.425763 1.78942 265151
1 0.325496 0.417202 1.78523 265169
1 0.327587 0.410259 1.78621 265219
1 0.329971 0.405495 1.78266 265236
1 0.332245 0.402629 1.78134 265270
1 0.333925 0.396581 1.77912 265304
1 0.334607 0.392406 1.7733 265337
1 0.334924 0.393927 1.77252 265385
1 0.333084 0.39678 1.76756 265402
1 0.333543 0.398466 1.77043 265435
1 0.334143 0.402039 1.76714 265485
1 0.333897 0.412282 1.76836 265519
1 0.33361 0.425076 1.76864 265536
1 0.333468 0.439643 1.76831 265585
1 0.333272 0.459019 1.77294 265617
1 0.333825 0.478054 1.77595 265634
1 0.33246 0.501125 1.78568 265683
1 0.333053 0.523598 1.79958 265716
1 0.33379 0.545048 1.81434 265749
1 0.337839 0.565778 1.83045 265780
1 0.340952 0.583325 1.84872 265813
1 0.343874 0.595948 1.86255 265845
1 0.351509 0.604888 1.88422 265877
1 0.352991 0.619676 1.88815 265909
1 0.351123 0.632147 1.90091 265941
1 0.357366 0.638309 1.9204 265976
1 0.36158 0.644207 1.93464 266008
1 0.364008 0.648488 1.94831 266041
1 0.361979 0.65577 1.95861 266074
1 0.360052 0.662028 1.96933 266107
1 0.36477 0.661627 1.97527 266139
1 0.362889 0.665502 1.9745 266170
1 0.367408 0.663702 1.97984 266203

2 0.439592 0.409913 1.69164 267472
2 0.439519 0.409784 1.69134 267506
2 0.438425 0.407369 1.69135 267540
2 0.438315 0.404798 1.68964 267574
2 0.439945 0.398553 1.68886 267608
2 0.439929 0.389859 1.68739 267641
2 0.441326 0.382317 1.68696 267675
2 0.444219 0.372316 1.68823 267709
2 0.445411 0.36288 1.68874 267743
2 0.446966 0.350969 1.68989 267777
2 0.448842 0.342725 1.69135 267811
2 0.451854 0.330016 1.68866 267845
2 0.453388 0.320882 1.69204 267879
2 0.454819 0.31044 1.69498 267914
2 0.456416 0.302705 1.69717 267947
2 0.461169 0.292584 1.69885 267982
2 0.462864 0.284496 1.69969 268015
2 0.463779 0.277081 1.70285 268048
2 0.464428 0.275632 1.69813 268082
2 0.465725 0.27564 1.70214 268116
2 0.46625 0.27663 1.70305 268150
2 0.467781 0.277902 1.69889 268184
2 0.467861 0.284574 1.69584 268218
2 0.469115 0.291849 1.69329 268250
2 0.469312 0.300912 1.69329 268284
2 0.470299 0.314448 1.68947 268318
2 0.471617 0.330287 1.69233 268352
2 0.471342 0.349544 1.69218 268370
2 0.469918 0.367536 1.68919 268419
2 0.469186 0.385124 1.68893 268453
2 0.467418 0.403878 1.69138 268470
2 0.466305 0.422103 1.69402 268521
2 0.465477 0.437807 1.69805 268538
2 0.464139 0.452461 1.70311 268571
2 0.465346 0.46515 1.70686 268621
2 0.463522 0.479361 1.71485 268638
2 0.46282 0.489533 1.71891 268670
2 0.461709 0.499092 1.72239 268720
2 0.459633 0.507113 1.72431 268753
2 0.460391 0.512899 1.72709 268769
2 0.458812 0.518638 1.73158 268819
2 0.457796 0.522781 1.73501 268852

3 0.430643 0.53895 1.80224 269947
3 0.430219 0.537362 1.81018 269980
3 0.430447 0.535163 1.8072 270014
3 0.432458 0.533638 1.80327 270048
3 0.432947 0.52694 1.80242 270082
3 0.434158 0.521836 1.79894 270116
3 0.43565 0.518036 1.80082 270149
3 0.437486 0.509894 1.79542 270183
3 0.440194 0.502161 1.79067 270218
3 0.442171 0.492493 1.78773 270249
3 0.444561 0.485397 1.78547 270282
3 0.447388 0.476629 1.78435 270316
3 0.449187 0.465156 1.77787 270350
3 0.452049 0.456084 1.77665 270383
3 0.456761 0.446406 1.77285 270418
3 0.457607 0.438358 1.7733 270451
3 0.46097 0.427355 1.77556 270485
3 0.462531 0.420485 1.78089 270519
3 0.463897 0.410975 1.7799 270551
3 0.464558 0.404189 1.77957 270583
3 0.468752 0.396788 1.77586 270617
3 0.47066 0.389202 1.77909 270651
3 0.47361 0.383737 1.77685 270684
3 0.476284 0.381091 1.77785 270717
3 0.47751 0.379652 1.77885 270751
3 0.478092 0.37965 1.77898 270785
3 0.477876 0.385398 1.77899 270818
3 0.477961 0.39145 1.78004 270851
3 0.478765 0.397052 1.78006 270884
3 0.479094 0.404902 1.78002 270917
3 0.477892 0.414711 1.7782 270949
3 0.478769 0.422784 1.77813 270983
3 0.478947 0.434003 1.77925 271017
3 0.478332 0.446621 1.78016 271051
3 0.478443 0.460667 1.78288 271084
3 0.477562 0.472443 1.78353 271117
3 0.476762 0.485493 1.79201 271151
3 0.475207 0.499813 1.80097 271183
3 0.472428 0.513752 1.80915 271217
3 0.469747 0.525509 1.81933 271251
3 0.471242 0.536167 1.82009 271285
3 0.470573 0.547838 1.8219 271317
3 0.468718 0.555474 1.83005 271350
3 0.466613 0.563956 1.83988 271384
3 0.465049 0.572698 1.84289 271417
3 0.464859 0.578113 1.85415 271451
3 0.464669 0.58506 1.8564 271485
3 0.465401 0.590801 1.85915 271518
3 0.465481 0.594687 1.86054 271552

4 0.516675 0.343354 1.82861 273017
4 0.517996 0.34506 1.82607 273049
4 0.518575 0.346498 1.8263 273081
4 0.517932 0.345521 1.82554 273114
4 0.518264 0.346375 1.82304 273147
4 0.521494 0.343822 1.82502 273180
4 0.523516 0.341856 1.82607 273214
4 0.526097 0.337547 1.82906 273246
4 0.527496 0.333521 1.82614 273278
4 0.528526 0.330561 1.82593 273312
4 0.528043 0.328166 1.82776 273345
4 0.528357 0.321384 1.82519 273378
4 0.530511 0.316479 1.82624 273413
4 0.532418 0.309486 1.82733 273446
4 0.532579 0.304652 1.82672 273478
4 0.532038 0.299784 1.82654 273511
4 0.53513 0.295193 1.83265 273545
4 0.535535 0.294573 1.83078 273579
4 0.538491 0.28623 1.83543 273612
4 0.539993 0.279996 1.83796 273644
4 0.541382 0.277361 1.84021 273677
4 0.542084 0.276161 1.84045 273711
4 0.542418 0.27539 1.84278 273744
4 0.542615 0.275033 1.84285 273778
4 0.542793 0.275305 1.83726 273813
4 0.542994 0.275219 1.83624 273844
4 0.542147 0.280147 1.83896 273876
4 0.54257 0.280515 1.84133 273911
4 0.5432 0.285841 1.83638 273944
4 0.543089 0.289243 1.83236 273976
4 0.542086 0.296891 1.8291 274009
4 0.542101 0.302614 1.82704 274058
4 0.5411 0.311983 1.82342 274092
4 0.541815 0.319538 1.82348 274108
4 0.542222 0.326235 1.81934 274157
4 0.542655 0.334836 1.81465 274190
4 0.542856 0.34557 1.81854 274222
4 0.542212 0.353321 1.81892 274254
4 0.542426 0.364378 1.815 274286
4 0.540604 0.37556 1.81507 274319
4 0.539817 0.389071 1.81643 274353
4 0.535604 0.404706 1.82002 274387
4 0.532671 0.414621 1.82039 274420
4 0.531079 0.425653 1.82224 274453
4 0.529792 0.433666 1.82768 274486
4 0.529712 0.438983 1.82723 274519
4 0.528133 0.443139 1.82856 274552
4 0.528443 0.450667 1.83628 274586
4 0.528049 0.454481 1.83756 274620
4 0.528395 0.456197 1.83473 274653
4 0.526887 0.460059 1.83812 274687
4 0.526586 0.463816 1.8428 274722
4 0.524598 0.46571 1.84258 274755
4 0.523584 0.466625 1.84233 274789
4 0.52219 0.46962 1.8428 274822
4 0.523814 0.470796 1.8448 274855
4 0.524909 0.469004 1.84536 274889

5 0.490106 0.565841 1.94104 276220
5 0.488949 0.563699 1.94205 276254
5 0.488657 0.561888 1.94428 276287
5 0.488936 0.559687 1.9436 276320
5 0.491077 0.557183 1.9451 276354
5 0.495142 0.553289 1.93998 276386
5 0.494142 0.549647 1.94054 276419
5 0.493529 0.544287 1.94263 276453
5 0.495598 0.538388 1.94179 276486
5 0.494788 0.533364 1.94238 276520
5 0.495937 0.527897 1.94341 276552
5 0.49782 0.523136 1.9391 276585
5 0.498373 0.519146 1.94434 276618
5 0.500026 0.514429 1.9435 276651
5 0.501232 0.509921 1.93582 276684
5 0.501818 0.505527 1.93968 276717
5 0.503426 0.499826 1.94064 276751
5 0.503925 0.495195 1.93702 276784
5 0.504826 0.491943 1.93363 276817
5 0.504362 0.489328 1.93404 276851
5 0.504035 0.487664 1.93017 276883
5 0.504203 0.486613 1.92993 276915
5 0.504441 0.486367 1.92807 276948
5 0.505097 0.487168 1.92878 276980
5 0.505752 0.488241 1.93304 277012
5 0.505986 0.490409 1.93395 277045
5 0.505521 0.495395 1.93769 277094
5 0.504505 0.500341 1.93668 277127
5 0.504515 0.508864 1.9336 277143
5 0.504418 0.514509 1.93583 277192
5 0.505206 0.521752 1.93469 277224
5 0.504238 0.530346 1.94018 277257
5 0.504839 0.538434 1.94375 277291
5 0.504691 0.54509 1.9413 277325
5 0.505735 0.554905 1.94431 277359
5 0.505363 0.561239 1.94948 277392
5 0.502413 0.573929 1.95827 277425
5 0.503196 0.578833 1.95581 277458
5 0.502196 0.589846 1.95569 277490
5 0.5013 0.597899 1.96356 277523
5 0.49962 0.602978 1.96859 277556
5 0.493959 0.602615 1.97545 277589
5 0.492474 0.603849 1.98271 277621
5 0.490445 0.605137 1.98756 277653
5 0.49012 0.605763 1.99147 277687
5 0.488567 0.6091 1.99406 277719
5 0.489567 0.613925 1.99401 277752

6 0.372753 0.418722 1.94997 279122
6 0.372225 0.418551 1.94929 279155
6 0.372057 0.418294 1.95198 279189
6 0.37303 0.419135 1.95424 279223
6 0.375344 0.415531 1.95071 279257
6 0.376941 0.411276 1.94394 279291
6 0.377462 0.405734 1.93949 279325
6 0.378605 0.402345 1.94029 279358
6 0.380101 0.395686 1.93809 279393
6 0.379488 0.38669 1.93747 279425
6 0.38087 0.378739 1.93474 279458
6 0.379929 0.369448 1.93288 279491
6 0.380866 0.361533 1.93346 279524
6 0.383789 0.350293 1.93242 279558
6 0.383103 0.34234 1.93432 279590
6 0.3825 0.337824 1.93686 279624
6 0.383838 0.329579 1.93611 279658
6 0.384235 0.323128 1.93676 279692
6 0.384779 0.319027 1.93743 279725
6 0.384996 0.316628 1.93788 279759
6 0.385112 0.315618 1.93935 279793
6 0.387308 0.318147 1.94008 279827
6 0.38666 0.323883 1.9358 279861
6 0.388681 0.329839 1.93568 279895
6 0.389981 0.338521 1.93442 279929
6 0.391195 0.346515 1.9338 279963
6 0.391041 0.357464 1.92611 279996
6 0.392482 0.372532 1.92417 280029
6 0.39358 0.385626 1.92116 280047
6 0.39443 0.401341 1.9204 280096
6 0.395771 0.417651 1.91896 280129
6 0.395312 0.434275 1.92276 280146
6 0.394998 0.448004 1.9246 280197
6 0.39432 0.462634 1.93036 280230
6 0.395671 0.477254 1.93413 280263
6 0.397795 0.485307 1.93369 280295
6 0.399277 0.495186 1.93236 280327
6 0.398364 0.506453 1.93758 280361
6 0.396771 0.51535 1.93862 280395
6 0.397835 0.520413 1.94298 280427
6 0.39771 0.523955 1.94536 280459
6 0.398295 0.526431 1.94938 280491
6 0.398382 0.527867 1.95237 280524

7 0.425055 0.264203 1.91718 281820
7 0.425058 0.264627 1.91521 281852
7 0.425071 0.264829 1.91455 281884
7 0.42512 0.265108 1.91339 281916
7 0.4275 0.26312 1.917 281965
7 0.426501 0.262843 1.9171 281982
7 0.425914 0.263627 1.91269 282032
7 0.426619 0.259183 1.91579 282049
7 0.426498 0.253355 1.91851 282083
7 0.427339 0.249878 1.9193 282133
7 0.430034 0.244005 1.91696 282150
7 0.433383 0.237344 1.91849 282184
7 0.434842 0.232888 1.92111 282232
7 0.435446 0.222408 1.92697 282250
7 0.436767 0.215882 1.92675 282284
7 0.436359 0.211547 1.92582 282334
7 0.437025 0.203728 1.92584 282351
7 0.437474 0.197565 1.93016 282384
7 0.440515 0.191905 1.93264 282418
7 0.442633 0.187684 1.93713 282452
7 0.443776 0.182335 1.93731 282486
7 0.444783 0.178505 1.93969 282521
7 0.447927 0.174361 1.94745 282554
7 0.447513 0.173029 1.94605 282587
7 0.447567 0.174307 1.94316 282621
7 0.44771 0.174392 1.94799 282654
7 0.447998 0.175559 1.94271 282687
7 0.448097 0.179851 1.93877 282720
7 0.448236 0.183908 1.93495 282753
7 0.449321 0.187192 1.93292 282786
7 0.450581 0.18819 1.93399 282819
7 0.450527 0.196053 1.92881 282853
7 0.451658 0.202408 1.92496 282888
7 0.451425 0.211967 1.92019 282922
7 0.452318 0.220118 1.91458 282955
7 0.451807 0.231419 1.90432 282989
7 0.451058 0.24297 1.89324 283023
7 0.452312 0.254492 1.88936 283056
7 0.452137 0.268402 1.8815 283089
7 0.453358 0.284827 1.87426 283123
7 0.454426 0.30187 1.86551 283156
7 0.454543 0.318944 1.86348 283190
7 0.454641 0.336833 1.8583 283224
7 0.45529 0.354181 1.85178 283258
7 0.455285 0.371417 1.85375 283292
7 0.456823 0.386233 1.85746 283325
7 0.455544 0.396313 1.85252 283358
7 0.454779 0.401116 1.84993 283392
7 0.454239 0.403525 1.84932 283425

8 0.563581 0.320884 1.85237 285263
8 0.563354 0.320385 1.85031 285295
8 0.56313 0.319785 1.85254 285328
8 0.563994 0.31737 1.8556 285361
8 0.565684 0.314615 1.85184 285394
8 0.567211 0.311664 1.85208 285428
8 0.566438 0.308508 1.85098 285463
8 0.567284 0.300854 1.85367 285497
8 0.568141 0.296092 1.85405 285530
8 0.568081 0.286657 1.85444 285564
8 0.570708 0.280119 1.85909 285597
8 0.570628 0.269825 1.86026 285631
8 0.570245 0.262617 1.86042 285664
8 0.569876 0.252757 1.86393 285697
8 0.572725 0.242414 1.87212 285730
8 0.573164 0.233688 1.87476 285764
8 0.571989 0.225827 1.87674 285797
8 0.574521 0.218503 1.88614 285829
8 0.577632 0.2117 1.8913 285861
8 0.579772 0.207715 1.89502 285894
8 0.576821 0.209775 1.8921 285929
8 0.579083 0.210949 1.89197 285962
8 0.580756 0.216179 1.88884 285994
8 0.582095 0.223795 1.88582 286028
8 0.583136 0.229588 1.8788 286061
8 0.584332 0.23965 1.87577 286093
8 0.589192 0.25281 1.87173 286126
8 0.590978 0.263585 1.86738 286161
8 0.59193 0.277169 1.86135 286194
8 0.59251 0.292249 1.86033 286227
8 0.592934 0.31169 1.85851 286260
8 0.593964 0.332053 1.85654 286294
8 0.593821 0.348078 1.85684 286329
8 0.593326 0.365501 1.85668 286362
8 0.592627 0.379559 1.86258 286395
8 0.593362 0.391987 1.86047 286429
8 0.591901 0.401284 1.86001 286463
8 0.591522 0.410019 1.86514 286497
8 0.587844 0.416414 1.86334 286531
8 0.584961 0.420113 1.86627 286565
8 0.583309 0.422212 1.86891 286599

9 0.52993 0.510215 1.91978 287804
9 0.530146 0.510238 1.91808 287821
9 0.52999 0.509918 1.91602 287853
9 0.530208 0.50994 1.91658 287901
9 0.530139 0.509272 1.91609 287934
9 0.52871 0.507304 1.91478 287967
9 0.529082 0.502959 1.91509 288001
9 0.531153 0.498021 1.91906 288033
9 0.53332 0.493848 1.91696 288065
9 0.53529 0.488377 1.91404 288098
9 0.536241 0.481227 1.91276 288131
9 0.536878 0.476213 1.9143 288165
9 0.53832 0.467574 1.91658 288199
9 0.538787 0.461023 1.91473 288230
9 0.540595 0.452826 1.91458 288263
9 0.542199 0.447308 1.91437 288295
9 0.542902 0.443637 1.9142 288330
9 0.543166 0.441863 1.91237 288363
9 0.543478 0.44066 1.91159 288395
9 0.54342 0.439976 1.91243 288428
9 0.543468 0.43982 1.91285 288462
9 0.544093 0.440107 1.91359 288495
9 0.544691 0.440772 1.91293 288529
9 0.545908 0.443429 1.91388 288562
9 0.545157 0.450141 1.91142 288595
9 0.543448 0.460086 1.91258 288628
9 0.543167 0.468592 1.91424 288662
9 0.543161 0.47988 1.91477 288695
9 0.541715 0.492572 1.91321 288728
9 0.542496 0.503685 1.91827 288760
9 0.542864 0.515785 1.91878 288794
9 0.543055 0.530366 1.9207 288828
9 0.540868 0.543303 1.92277 288861
9 0.540963 0.554079 1.92537 288893
9 0.539006 0.565325 1.92681 288927
9 0.538594 0.575023 1.92763 288960
9 0.538563 0.582626 1.93194 288992
9 0.539462 0.59165 1.93427 289026
9 0.538014 0.600496 1.93573 289059

10 0.407614 0.525778 1.93358 291837
10 0.407545 0.522825 1.93416 291870
10 0.40732 0.522143 1.93457 291904
10 0.407461 0.519326 1.93412 291938
10 0.40683 0.517383 1.93546 291971
10 0.405987 0.514198 1.93772 292004
10 0.407589 0.511745 1.93417 292038
10 0.408305 0.506255 1.93606 292071
10 0.409069 0.500685 1.93419 292104
10 0.412776 0.495607 1.92884 292137
10 0.414366 0.489031 1.93131 292170
10 0.415837 0.481849 1.92964 292203
10 0.415706 0.477958 1.93057 292236
10 0.418504 0.469891 1.93139 292271
10 0.420348 0.463459 1.93183 292303
10 0.42114 0.45675 1.93095 292337
10 0.421804 0.44958 1.93022 292371
10 0.422408 0.445057 1.92755 292403
10 0.423031 0.441408 1.93218 292435
10 0.423224 0.433834 1.92778 292468
10 0.423646 0.428572 1.92831 292501
10 0.42529 0.425248 1.93401 292535
10 0.42428 0.425053 1.93343 292568
10 0.425062 0.426499 1.93132 292602
10 0.426496 0.428355 1.93319 292635
10 0.42584 0.433782 1.93417 292669
10 0.424889 0.439233 1.93204 292701
10 0.423804 0.448287 1.93069 292735
10 0.424018 0.457347 1.93015 292767
10 0.423233 0.467286 1.9293 292801
10 0.422629 0.479862 1.92968 292834
10 0.422058 0.493268 1.92872 292867
10 0.421954 0.506869 1.92808 292899
10 0.421151 0.521447 1.93422 292933
10 0.419023 0.535849 1.93912 292966
10 0.419646 0.550349 1.94324 292999
10 0.41844 0.564499 1.9464 293032
10 0.419536 0.577355 1.9488 293065
10 0.420122 0.585925 1.95394 293099
10 0.420558 0.594097 1.95655 293132
10 0.420918 0.598832 1.96065 293167
10 0.421658 0.601709 1.96615 293200
10 0.421941 0.603142 1.96657 293233
10 0.421786 0.603826 1.96851 293267
10 0.42386 0.607601 1.97117 293301

