Gesto: 1
0 0.57193 0.310544 1.20854 1.69845e+06
0 0.574041 0.310383 1.20706 1.69849e+06
0 0.575413 0.31014 1.20643 1.6985e+06
0 0.578149 0.308383 1.20435 1.69856e+06
0 0.580871 0.305048 1.20048 1.69857e+06
0 0.583667 0.30028 1.19625 1.69861e+06
0 0.587494 0.293005 1.19108 1.69864e+06
0 0.592486 0.281993 1.18727 1.69867e+06
0 0.595534 0.267809 1.18641 1.69871e+06
0 0.597964 0.252534 1.1877 1.69874e+06
0 0.600037 0.240632 1.20114 1.69878e+06
0 0.601243 0.228789 1.213 1.69881e+06
0 0.601596 0.215424 1.22343 1.69884e+06
0 0.601124 0.20527 1.2351 1.69888e+06
0 0.600645 0.19453 1.24511 1.69891e+06
0 0.600734 0.186698 1.25621 1.69894e+06
0 0.59936 0.181027 1.26595 1.69898e+06
0 0.598108 0.176933 1.27314 1.69901e+06
0 0.59751 0.176858 1.27905 1.69904e+06
0 0.59734 0.177128 1.28083 1.69908e+06
0 0.598122 0.180787 1.28122 1.69911e+06
0 0.598398 0.187938 1.27878 1.69914e+06
0 0.599756 0.196016 1.27314 1.69918e+06
0 0.600031 0.206764 1.26596 1.69921e+06
0 0.601845 0.216063 1.25133 1.69925e+06
0 0.604238 0.227093 1.23927 1.69928e+06
0 0.6064 0.242778 1.22835 1.69931e+06
0 0.609059 0.259491 1.21919 1.69935e+06
0 0.610843 0.277817 1.2113 1.69938e+06
0 0.612457 0.296523 1.20617 1.69941e+06
0 0.614539 0.313055 1.19995 1.69945e+06
0 0.615608 0.327569 1.19487 1.69948e+06
0 0.61648 0.340797 1.19229 1.69952e+06
0 0.616754 0.355237 1.19196 1.69955e+06
0 0.616101 0.366514 1.19336 1.69958e+06
0 0.614629 0.376451 1.191 1.69962e+06
0 0.613748 0.38491 1.18827 1.69965e+06
0 0.612547 0.391162 1.18734 1.69968e+06
0 0.611135 0.398577 1.18515 1.69972e+06
0 0.610136 0.406501 1.18124 1.69975e+06
0 0.609688 0.412058 1.17971 1.69979e+06
0 0.60913 0.416061 1.17935 1.69982e+06
0 0.608652 0.421775 1.17598 1.69985e+06
0 0.608716 0.425231 1.17651 1.69987e+06
0 0.608768 0.427735 1.1771 1.69992e+06
0 0.608748 0.428794 1.17719 1.69995e+06
0 0.608915 0.42926 1.17729 1.69999e+06
0 0.609111 0.429573 1.17707 1.70002e+06

1 0.679627 0.344415 1.21449 1.70138e+06
1 0.682741 0.342769 1.2064 1.70142e+06
1 0.685699 0.337543 1.20112 1.70145e+06
1 0.688823 0.33102 1.19658 1.70148e+06
1 0.691691 0.319651 1.19569 1.70152e+06
1 0.694291 0.304589 1.19604 1.70155e+06
1 0.69581 0.289283 1.19894 1.70158e+06
1 0.696813 0.272853 1.20409 1.70162e+06
1 0.697223 0.257066 1.21011 1.70165e+06
1 0.696063 0.241481 1.21776 1.70169e+06
1 0.695069 0.229358 1.22622 1.70172e+06
1 0.693254 0.224566 1.24006 1.70175e+06
1 0.691478 0.221984 1.24898 1.70179e+06
1 0.690675 0.219979 1.24951 1.70182e+06
1 0.69093 0.22282 1.25091 1.70186e+06
1 0.691283 0.227555 1.2504 1.70189e+06
1 0.692214 0.233435 1.25073 1.70191e+06
1 0.693556 0.244377 1.24767 1.70196e+06
1 0.695169 0.255774 1.24509 1.70197e+06
1 0.696285 0.269133 1.24314 1.70201e+06
1 0.697704 0.281051 1.23946 1.70204e+06
1 0.699627 0.295621 1.23571 1.70208e+06
1 0.699909 0.309705 1.23364 1.70211e+06
1 0.700724 0.322355 1.23197 1.70216e+06
1 0.701378 0.335729 1.23012 1.70219e+06
1 0.701771 0.34838 1.22862 1.70221e+06
1 0.701002 0.358951 1.22931 1.70226e+06
1 0.699246 0.371908 1.22863 1.70228e+06
1 0.697568 0.383764 1.23065 1.70231e+06
1 0.69627 0.395938 1.2304 1.70236e+06
1 0.695159 0.407014 1.23112 1.70237e+06
1 0.694483 0.418153 1.2327 1.70242e+06
1 0.693779 0.429838 1.23234 1.70244e+06
1 0.692759 0.439888 1.23029 1.70248e+06
1 0.69234 0.44864 1.2315 1.70251e+06
1 0.690492 0.456062 1.23164 1.70254e+06
1 0.690187 0.460192 1.23188 1.70258e+06
1 0.688692 0.46359 1.23289 1.70262e+06
1 0.689703 0.466162 1.23048 1.70264e+06
1 0.690593 0.467225 1.23186 1.70268e+06
1 0.690535 0.469217 1.22897 1.70271e+06
1 0.69015 0.47268 1.22842 1.70274e+06
1 0.690566 0.474083 1.22799 1.70278e+06
1 0.690716 0.474967 1.22668 1.70281e+06

2 0.720555 0.385833 1.24819 1.70365e+06
2 0.723974 0.381952 1.24402 1.70368e+06
2 0.727961 0.374689 1.23833 1.70371e+06
2 0.731941 0.366176 1.23591 1.70375e+06
2 0.737403 0.352873 1.23395 1.70378e+06
2 0.740545 0.337574 1.2343 1.70381e+06
2 0.743546 0.316365 1.23699 1.70385e+06
2 0.744757 0.295642 1.24257 1.70388e+06
2 0.745108 0.276017 1.25058 1.70391e+06
2 0.744065 0.25682 1.25932 1.70395e+06
2 0.742417 0.238622 1.27052 1.70398e+06
2 0.739248 0.225834 1.28067 1.70401e+06
2 0.736565 0.217448 1.28849 1.70405e+06
2 0.733662 0.211623 1.29561 1.70408e+06
2 0.730022 0.211428 1.30164 1.70411e+06
2 0.728042 0.21314 1.30403 1.70415e+06
2 0.727504 0.214824 1.30519 1.70418e+06
2 0.727893 0.225482 1.30401 1.70421e+06
2 0.730198 0.237446 1.30113 1.70425e+06
2 0.731509 0.250413 1.29724 1.70428e+06
2 0.734575 0.269848 1.2912 1.70431e+06
2 0.736956 0.290484 1.28736 1.70435e+06
2 0.740831 0.310965 1.28232 1.70438e+06
2 0.743848 0.330772 1.27744 1.70441e+06
2 0.745421 0.351968 1.27579 1.70445e+06
2 0.748052 0.375357 1.27471 1.70449e+06
2 0.748502 0.394663 1.27661 1.70452e+06
2 0.748771 0.411212 1.27907 1.70454e+06
2 0.749297 0.427863 1.27987 1.70459e+06
2 0.748664 0.441809 1.28366 1.70462e+06
2 0.747789 0.455048 1.28614 1.70466e+06
2 0.746677 0.467815 1.28802 1.70469e+06
2 0.746111 0.479604 1.28922 1.70472e+06
2 0.743524 0.489687 1.29277 1.70476e+06
2 0.741768 0.499713 1.29459 1.70479e+06
2 0.739994 0.507106 1.29692 1.70482e+06
2 0.737977 0.513399 1.29846 1.70485e+06
2 0.736684 0.516389 1.29737 1.70488e+06

3 0.782565 0.391094 1.3345 1.70718e+06
3 0.782702 0.396571 1.33083 1.70722e+06
3 0.784017 0.401327 1.32834 1.70725e+06
3 0.787127 0.402659 1.3271 1.70728e+06
3 0.792674 0.400517 1.32611 1.70732e+06
3 0.798758 0.395381 1.32628 1.70735e+06
3 0.804325 0.386874 1.32767 1.70738e+06
3 0.809948 0.37857 1.32764 1.70742e+06
3 0.814218 0.367924 1.3317 1.70745e+06
3 0.818659 0.355149 1.33906 1.70748e+06
3 0.821434 0.343833 1.34496 1.70752e+06
3 0.823321 0.333613 1.35197 1.70755e+06
3 0.823539 0.322173 1.3587 1.70758e+06
3 0.82372 0.313368 1.36548 1.70762e+06
3 0.822138 0.303986 1.36872 1.70765e+06
3 0.820011 0.299567 1.37248 1.70768e+06
3 0.818919 0.297055 1.37488 1.70771e+06
3 0.817422 0.296092 1.37775 1.70775e+06
3 0.817857 0.300704 1.3772 1.7078e+06
3 0.818341 0.306834 1.3742 1.70781e+06
3 0.819911 0.315082 1.3722 1.70785e+06
3 0.820491 0.325409 1.37028 1.7079e+06
3 0.822193 0.337264 1.36824 1.70791e+06
3 0.822185 0.353004 1.36842 1.70795e+06
3 0.823195 0.369918 1.36967 1.708e+06
3 0.824016 0.386218 1.37257 1.70801e+06
3 0.824966 0.400943 1.37666 1.70804e+06
3 0.825543 0.416522 1.38253 1.7081e+06
3 0.826596 0.432172 1.39096 1.70811e+06
3 0.826266 0.447718 1.39868 1.70815e+06
3 0.824729 0.461977 1.40604 1.7082e+06
3 0.821723 0.476336 1.41055 1.70821e+06
3 0.819395 0.491481 1.41796 1.70825e+06
3 0.814019 0.506141 1.42055 1.70828e+06
3 0.80906 0.52052 1.4232 1.70831e+06
3 0.803666 0.530862 1.42773 1.70835e+06
3 0.797562 0.543483 1.43014 1.70838e+06
3 0.793345 0.552978 1.43288 1.70842e+06
3 0.791087 0.558325 1.43391 1.70845e+06

4 0.599663 0.606364 1.2991 1.71012e+06
4 0.601387 0.605543 1.28929 1.71016e+06
4 0.605005 0.602628 1.27645 1.71019e+06
4 0.608388 0.596552 1.26197 1.71022e+06
4 0.611751 0.586561 1.24693 1.71026e+06
4 0.615573 0.574434 1.23229 1.71029e+06
4 0.619642 0.55873 1.21976 1.71032e+06
4 0.623951 0.543152 1.20837 1.71036e+06
4 0.627715 0.52621 1.20112 1.71039e+06
4 0.630998 0.512456 1.19888 1.71042e+06
4 0.633576 0.499566 1.19867 1.71046e+06
4 0.635767 0.487367 1.20085 1.71049e+06
4 0.63694 0.479748 1.20416 1.71052e+06
4 0.637347 0.476029 1.207 1.71056e+06
4 0.638688 0.473061 1.20981 1.71059e+06
4 0.63972 0.474286 1.2139 1.71063e+06
4 0.639601 0.478896 1.21878 1.71066e+06
4 0.639451 0.48524 1.22422 1.71069e+06
4 0.640016 0.495282 1.22518 1.71073e+06
4 0.640391 0.506777 1.2292 1.71076e+06
4 0.64061 0.518499 1.23233 1.7108e+06
4 0.639225 0.531204 1.23931 1.71083e+06
4 0.638504 0.543222 1.2463 1.71086e+06
4 0.637743 0.555572 1.25376 1.7109e+06
4 0.636535 0.567083 1.26111 1.71093e+06
4 0.634107 0.578884 1.26809 1.71096e+06
4 0.632442 0.588535 1.27492 1.71099e+06
4 0.631389 0.597381 1.28117 1.71103e+06
4 0.631888 0.605461 1.28632 1.71106e+06
4 0.630786 0.612818 1.29231 1.71109e+06
4 0.630527 0.619727 1.29752 1.71112e+06
4 0.630415 0.624549 1.30351 1.71116e+06
4 0.629459 0.627275 1.30783 1.71119e+06
4 0.628864 0.631265 1.31274 1.71122e+06
4 0.628149 0.63218 1.31641 1.71126e+06
4 0.627578 0.632367 1.31893 1.71129e+06
4 0.62715 0.633067 1.31993 1.71132e+06
4 0.627133 0.632962 1.32067 1.71136e+06
4 0.627116 0.632882 1.3212 1.71139e+06
4 0.627367 0.634554 1.32291 1.71142e+06
4 0.627473 0.633788 1.32378 1.71146e+06
4 0.629149 0.632234 1.32115 1.71149e+06

5 0.544961 0.203322 1.21964 1.71292e+06
5 0.544519 0.206187 1.21635 1.71296e+06
5 0.545179 0.207302 1.21293 1.71299e+06
5 0.545866 0.207999 1.21035 1.71302e+06
5 0.5476 0.206094 1.20965 1.71306e+06
5 0.548997 0.20193 1.21012 1.71309e+06
5 0.551008 0.195571 1.21361 1.71312e+06
5 0.552845 0.186502 1.22029 1.71316e+06
5 0.553739 0.17699 1.22881 1.71319e+06
5 0.554494 0.168485 1.24124 1.71322e+06
5 0.554946 0.160721 1.25308 1.71326e+06
5 0.554968 0.154035 1.26508 1.71329e+06
5 0.554611 0.149348 1.27667 1.71332e+06
5 0.554973 0.146421 1.28637 1.71336e+06
5 0.555029 0.144654 1.29345 1.71339e+06
5 0.555313 0.144967 1.30005 1.71343e+06
5 0.555914 0.14581 1.30444 1.71346e+06
5 0.555578 0.14714 1.30554 1.71349e+06
5 0.556051 0.150182 1.30292 1.71353e+06
5 0.55652 0.153514 1.2983 1.71356e+06
5 0.557365 0.161253 1.29291 1.7136e+06
5 0.559063 0.169068 1.28485 1.71363e+06
5 0.560183 0.177878 1.27499 1.71366e+06
5 0.561443 0.185844 1.26239 1.7137e+06
5 0.561773 0.196779 1.25153 1.71373e+06
5 0.563244 0.208666 1.23858 1.71376e+06
5 0.565371 0.224795 1.22594 1.7138e+06
5 0.566047 0.243149 1.21483 1.71383e+06
5 0.568054 0.260468 1.2054 1.71386e+06
5 0.568538 0.279393 1.19836 1.7139e+06
5 0.570168 0.299671 1.19199 1.71393e+06
5 0.57164 0.317978 1.18571 1.71397e+06
5 0.573475 0.337039 1.1818 1.71398e+06
5 0.573959 0.356614 1.17873 1.71403e+06
5 0.574687 0.375954 1.1786 1.71407e+06
5 0.575125 0.391768 1.17721 1.71408e+06
5 0.575399 0.406492 1.17624 1.71413e+06
5 0.575864 0.417703 1.17446 1.71417e+06
5 0.576164 0.425516 1.16923 1.71418e+06

6 0.446441 0.214998 1.25201 1.71566e+06
6 0.445671 0.218419 1.2386 1.71569e+06
6 0.446354 0.219016 1.22313 1.71572e+06
6 0.450935 0.217186 1.21206 1.71576e+06
6 0.456869 0.211702 1.2025 1.71579e+06
6 0.461851 0.205104 1.19596 1.71582e+06
6 0.466401 0.194347 1.19453 1.71586e+06
6 0.470702 0.182546 1.19991 1.71589e+06
6 0.474885 0.170214 1.21137 1.71592e+06
6 0.476997 0.159394 1.22467 1.71596e+06
6 0.477894 0.151219 1.24063 1.71599e+06
6 0.479166 0.143907 1.25638 1.71602e+06
6 0.47986 0.139425 1.27043 1.71605e+06
6 0.480946 0.135182 1.28257 1.71609e+06
6 0.482229 0.132117 1.29075 1.71612e+06
6 0.482795 0.130497 1.29651 1.71615e+06
6 0.483112 0.132967 1.30102 1.71619e+06
6 0.484195 0.135347 1.30204 1.71622e+06
6 0.485483 0.137707 1.30173 1.71626e+06
6 0.486621 0.143038 1.298 1.71629e+06
6 0.487801 0.151659 1.29168 1.71632e+06
6 0.489034 0.160836 1.2824 1.71636e+06
6 0.489437 0.170362 1.27099 1.71639e+06
6 0.488817 0.181675 1.25778 1.71642e+06
6 0.488331 0.193521 1.24295 1.71646e+06
6 0.488953 0.212115 1.22743 1.71649e+06
6 0.490606 0.230607 1.21655 1.71652e+06
6 0.492676 0.249898 1.20657 1.71656e+06
6 0.494433 0.267348 1.19663 1.71659e+06
6 0.497045 0.287355 1.18961 1.71662e+06
6 0.498925 0.305081 1.18219 1.71666e+06
6 0.501159 0.322977 1.17813 1.71669e+06
6 0.503037 0.339774 1.17465 1.71673e+06
6 0.505423 0.353893 1.17058 1.71676e+06
6 0.506907 0.368516 1.17044 1.71679e+06
6 0.508407 0.380196 1.16864 1.71683e+06

7 0.336345 0.273381 1.19695 1.71824e+06
7 0.33894 0.267191 1.18497 1.71827e+06
7 0.343712 0.259374 1.17331 1.7183e+06
7 0.349162 0.248609 1.16459 1.71833e+06
7 0.355516 0.235741 1.16097 1.71837e+06
7 0.365452 0.225844 1.16689 1.7184e+06
7 0.373613 0.212902 1.17454 1.71843e+06
7 0.379683 0.200855 1.18253 1.71846e+06
7 0.380786 0.183568 1.18512 1.7185e+06
7 0.381018 0.172372 1.19019 1.71853e+06
7 0.380906 0.166633 1.195 1.71856e+06
7 0.379756 0.165925 1.19872 1.7186e+06
7 0.378244 0.168866 1.1982 1.71863e+06
7 0.37718 0.175961 1.19689 1.71867e+06
7 0.37649 0.187672 1.19137 1.7187e+06
7 0.37962 0.208199 1.18871 1.71873e+06
7 0.38253 0.227708 1.18462 1.71877e+06
7 0.384831 0.249358 1.17724 1.7188e+06
7 0.386688 0.270793 1.17019 1.71884e+06
7 0.387837 0.292981 1.16348 1.71887e+06
7 0.388513 0.312044 1.15777 1.7189e+06
7 0.388942 0.329098 1.15301 1.71894e+06
7 0.388805 0.344688 1.15076 1.71897e+06
7 0.389083 0.361178 1.14825 1.719e+06
7 0.389454 0.375253 1.14648 1.71904e+06
7 0.389906 0.385854 1.14492 1.71907e+06
7 0.390333 0.395563 1.1446 1.7191e+06
7 0.391494 0.402461 1.14294 1.71914e+06
7 0.393089 0.40638 1.14317 1.71917e+06
7 0.394115 0.408989 1.14359 1.7192e+06
7 0.393662 0.412082 1.14377 1.71923e+06
7 0.39344 0.41526 1.14357 1.71927e+06
7 0.392151 0.416279 1.14246 1.7193e+06

8 0.522115 0.544116 1.18325 1.72089e+06
8 0.522618 0.539738 1.17779 1.72093e+06
8 0.523792 0.534194 1.1737 1.72096e+06
8 0.525849 0.528681 1.168 1.72099e+06
8 0.526621 0.521532 1.16683 1.72103e+06
8 0.528876 0.509762 1.16485 1.72106e+06
8 0.531837 0.499165 1.16123 1.7211e+06
8 0.534404 0.48771 1.15969 1.72113e+06
8 0.537504 0.473442 1.15684 1.72116e+06
8 0.539935 0.460814 1.15551 1.7212e+06
8 0.543138 0.449656 1.15612 1.72123e+06
8 0.545315 0.438624 1.15779 1.72126e+06
8 0.547035 0.430627 1.15856 1.7213e+06
8 0.549076 0.425112 1.16293 1.72133e+06
8 0.550905 0.421094 1.16773 1.72137e+06
8 0.552095 0.417721 1.17262 1.7214e+06
8 0.553568 0.418406 1.17814 1.72143e+06
8 0.554641 0.420961 1.18274 1.72147e+06
8 0.555946 0.426296 1.18735 1.7215e+06
8 0.55719 0.433561 1.19428 1.72154e+06
8 0.557608 0.442084 1.19833 1.72157e+06
8 0.557312 0.452827 1.20264 1.7216e+06
8 0.557969 0.462444 1.20576 1.72164e+06
8 0.556735 0.472526 1.20633 1.72167e+06
8 0.555878 0.484739 1.20736 1.7217e+06
8 0.555647 0.495934 1.20997 1.72174e+06
8 0.554906 0.506304 1.21286 1.72177e+06
8 0.553793 0.516504 1.21704 1.72181e+06
8 0.552732 0.526564 1.22156 1.72184e+06
8 0.550793 0.537455 1.22442 1.72187e+06
8 0.549504 0.547114 1.22684 1.72190e+06
8 0.549099 0.556176 1.22933 1.72194e+06
8 0.548515 0.563371 1.23366 1.72197e+06
8 0.547565 0.57107 1.23792 1.72200e+06
8 0.547553 0.579527 1.24131 1.72204e+06
8 0.547086 0.588048 1.24535 1.72207e+06
8 0.547512 0.594182 1.24884 1.7221e+06
8 0.547876 0.597907 1.25304 1.72214e+06
8 0.549017 0.600989 1.25595 1.72217e+06
8 0.549304 0.605926 1.25719 1.7222e+06
8 0.549698 0.609207 1.2586 1.72223e+06
8 0.550371 0.612578 1.2615 1.72226e+06
8 0.550217 0.616427 1.26577 1.7223e+06
8 0.551627 0.618611 1.27072 1.72233e+06
8 0.553043 0.619941 1.27262 1.72236e+06
8 0.553995 0.620386 1.27308 1.7224e+06

9 0.63146 0.27855 1.16877 1.73344e+06
9 0.63465 0.277509 1.1657 1.73348e+06
9 0.637841 0.273582 1.16174 1.73351e+06
9 0.640856 0.270667 1.15834 1.73354e+06
9 0.643349 0.266941 1.15505 1.73358e+06
9 0.645405 0.262399 1.15342 1.73361e+06
9 0.648583 0.255942 1.15209 1.73364e+06
9 0.651264 0.250625 1.15518 1.73368e+06
9 0.653544 0.244531 1.15919 1.73371e+06
9 0.654973 0.238307 1.16407 1.73374e+06
9 0.656138 0.231619 1.16874 1.73377e+06
9 0.656933 0.224991 1.17436 1.73381e+06
9 0.657495 0.217931 1.17888 1.73384e+06
9 0.657953 0.211469 1.18543 1.73387e+06
9 0.658378 0.206463 1.1924 1.7339e+06
9 0.657891 0.202541 1.19958 1.73393e+06
9 0.658242 0.197668 1.2077 1.73399e+06
9 0.657393 0.194599 1.21534 1.73401e+06
9 0.656359 0.192474 1.22119 1.73405e+06
9 0.656738 0.191714 1.22745 1.73408e+06
9 0.656859 0.192462 1.23197 1.73412e+06
9 0.656572 0.193374 1.23485 1.73415e+06
9 0.656555 0.195074 1.23637 1.73418e+06
9 0.656401 0.196963 1.23594 1.73421e+06
9 0.656242 0.199516 1.236 1.73425e+06
9 0.656044 0.204557 1.23645 1.73428e+06
9 0.656198 0.207772 1.23514 1.73431e+06
9 0.655965 0.210362 1.23376 1.73435e+06
9 0.656108 0.212673 1.23239 1.73438e+06
9 0.656571 0.215379 1.22985 1.73441e+06
9 0.657484 0.220752 1.22548 1.73445e+06
9 0.657979 0.224877 1.22056 1.73448e+06
9 0.658734 0.229815 1.21872 1.73451e+06
9 0.659075 0.234209 1.21966 1.73455e+06
9 0.65952 0.237679 1.21893 1.73458e+06
9 0.659617 0.24226 1.21783 1.73461e+06
9 0.660192 0.249456 1.21739 1.73464e+06
9 0.661167 0.2547 1.21709 1.73468e+06
9 0.661884 0.261369 1.21722 1.73471e+06
9 0.66159 0.2666 1.21638 1.73475e+06
9 0.662136 0.273231 1.21609 1.73478e+06
9 0.66243 0.27952 1.21616 1.73481e+06
9 0.662688 0.285594 1.21601 1.73485e+06
9 0.663728 0.292721 1.21362 1.73488e+06
9 0.663681 0.29816 1.21307 1.73492e+06
9 0.66342 0.305745 1.21332 1.73495e+06
9 0.663103 0.312503 1.21323 1.73498e+06
9 0.663344 0.319445 1.21346 1.73502e+06
9 0.663158 0.327943 1.21233 1.73505e+06
9 0.66324 0.33476 1.21233 1.73508e+06
9 0.663092 0.343133 1.21185 1.7351e+06
9 0.663614 0.349669 1.21047 1.73515e+06
9 0.663871 0.357308 1.21316 1.73518e+06
9 0.664021 0.366287 1.21157 1.73522e+06
9 0.663125 0.375043 1.2132 1.73525e+06
9 0.662458 0.383766 1.21287 1.73528e+06
9 0.662352 0.391783 1.21392 1.7353e+06
9 0.66229 0.399002 1.21364 1.73535e+06
9 0.66245 0.406577 1.21475 1.73538e+06
9 0.661619 0.414743 1.21463 1.7354e+06
9 0.661621 0.421484 1.21358 1.73544e+06
9 0.661699 0.428257 1.21446 1.73548e+06
9 0.662033 0.430124 1.21377 1.7355e+06

