Gesto: 1
0 0.634065 0.272197 1.80225 398973
0 0.633213 0.273133 1.80298 399008
0 0.633871 0.273046 1.80295 399041
0 0.633385 0.273788 1.80277 399075
0 0.633679 0.273826 1.79929 399109
0 0.633844 0.27322 1.80272 399143
0 0.633887 0.272941 1.80477 399176
0 0.634415 0.27272 1.80282 399210
0 0.635152 0.271224 1.80637 399243
0 0.635219 0.267737 1.80663 399277
0 0.637655 0.260924 1.80585 399311
0 0.637608 0.254817 1.80793 399345
0 0.640182 0.246984 1.80718 399379
0 0.642892 0.240689 1.80525 399412
0 0.644488 0.235599 1.80868 399446
0 0.648111 0.229418 1.80581 399480
0 0.650175 0.223313 1.80599 399514
0 0.649971 0.217281 1.81296 399548
0 0.650363 0.214512 1.81384 399582
0 0.652491 0.20992 1.8158 399615
0 0.653003 0.20771 1.81539 399651
0 0.652835 0.206459 1.81509 399690
0 0.653769 0.205275 1.81788 399724
0 0.652715 0.207341 1.82124 399741
0 0.652722 0.211263 1.81981 399775
0 0.653045 0.215972 1.81872 399809
0 0.651175 0.222441 1.81634 399843
0 0.648326 0.228593 1.80716 399877
0 0.645467 0.240187 1.80707 399909
0 0.646463 0.251195 1.80719 399942
0 0.646963 0.258966 1.80473 399974
0 0.648379 0.269973 1.80946 400025
0 0.648399 0.283288 1.81036 400041
0 0.648517 0.295311 1.80672 400074
0 0.649014 0.305634 1.80746 400108
0 0.64871 0.314698 1.8064 400142
0 0.647757 0.325554 1.80941 400175
0 0.647754 0.336511 1.80521 400208
0 0.648441 0.345055 1.80355 400242
0 0.647803 0.350285 1.8077 400276
0 0.648344 0.356898 1.80737 400310
0 0.647991 0.360378 1.80253 400343
0 0.648647 0.362037 1.80333 400378

1 0.678842 0.317997 1.80689 402386
1 0.678863 0.318012 1.80656 402419
1 0.677612 0.317678 1.80701 402453
1 0.678042 0.318253 1.80851 402487
1 0.678663 0.317814 1.80665 402521
1 0.678448 0.314979 1.80928 402555
1 0.677829 0.309662 1.80689 402589
1 0.678951 0.307081 1.80819 402623
1 0.680852 0.301975 1.80733 402656
1 0.68309 0.293316 1.80918 402690
1 0.68454 0.287322 1.80792 402723
1 0.685986 0.277477 1.8099 402757
1 0.688572 0.266094 1.81277 402791
1 0.691279 0.253935 1.82125 402808
1 0.693673 0.244483 1.82421 402859
1 0.695256 0.235986 1.82815 402876
1 0.697697 0.226784 1.83125 402910
1 0.698633 0.21887 1.83371 402944
1 0.699479 0.21387 1.8351 402978
1 0.699514 0.208777 1.83175 403028
1 0.698853 0.205085 1.83078 403045
1 0.698401 0.20543 1.83398 403078
1 0.699672 0.20422 1.83551 403112
1 0.700466 0.207243 1.83555 403146
1 0.699774 0.2128 1.83277 403181
1 0.699156 0.219399 1.83232 403214
1 0.699568 0.231525 1.82655 403247
1 0.699204 0.246208 1.82205 403281
1 0.697163 0.263648 1.82017 403315
1 0.698263 0.281468 1.8158 403349
1 0.698445 0.299906 1.8124 403383
1 0.699902 0.318832 1.80825 403417
1 0.699026 0.341072 1.80479 403451
1 0.69809 0.360928 1.80262 403486
1 0.696246 0.376154 1.80435 403519
1 0.695871 0.391115 1.80393 403553
1 0.695683 0.404094 1.80233 403587
1 0.695194 0.413027 1.80256 403621
1 0.69534 0.417266 1.80505 403655

2 0.659168 0.420788 1.82779 406850
2 0.660009 0.419509 1.82631 406884
2 0.659587 0.419071 1.82563 406918
2 0.660163 0.419221 1.8265 406952
2 0.659831 0.419131 1.82404 406986
2 0.661438 0.416226 1.82249 407020
2 0.659406 0.415321 1.82326 407054
2 0.660084 0.41356 1.82121 407087
2 0.662081 0.409251 1.8198 407121
2 0.662868 0.403261 1.81543 407154
2 0.66437 0.395958 1.81528 407188
2 0.665008 0.39012 1.81641 407221
2 0.665483 0.381631 1.81748 407256
2 0.666409 0.373943 1.82151 407289
2 0.669266 0.366359 1.82169 407322
2 0.671817 0.35755 1.81427 407356
2 0.673686 0.349119 1.81284 407390
2 0.675237 0.342386 1.81664 407424
2 0.675074 0.337605 1.81697 407457
2 0.675379 0.333782 1.81963 407491
2 0.675085 0.332242 1.81839 407526
2 0.674946 0.330928 1.81942 407559
2 0.675112 0.33029 1.82155 407591
2 0.67533 0.33041 1.8186 407625
2 0.676077 0.330577 1.8209 407659
2 0.676725 0.331855 1.82348 407693
2 0.677303 0.336161 1.8214 407727
2 0.677218 0.342377 1.81734 407760
2 0.677932 0.348641 1.81812 407794
2 0.677666 0.357394 1.81755 407827
2 0.678103 0.365799 1.81649 407860
2 0.677683 0.377651 1.81545 407894
2 0.678354 0.390995 1.81475 407928
2 0.678207 0.40399 1.81454 407962
2 0.67807 0.413812 1.81703 407994
2 0.678708 0.425605 1.81945 408028
2 0.678562 0.439801 1.82002 408062
2 0.677348 0.452042 1.82113 408096
2 0.676839 0.463791 1.82675 408130
2 0.675605 0.478135 1.82482 408147
2 0.675095 0.483606 1.83007 408196
2 0.673656 0.492342 1.83131 408230
2 0.674551 0.496844 1.83213 408263
2 0.673847 0.501186 1.83187 408296
2 0.673563 0.503624 1.83404 408330
2 0.674184 0.503933 1.83596 408362
2 0.674696 0.503497 1.83581 408394
2 0.675503 0.502261 1.83517 408426

3 0.752041 0.375588 1.83557 410627
3 0.752526 0.374873 1.83738 410661
3 0.751528 0.374274 1.83177 410695
3 0.752085 0.374034 1.83177 410728
3 0.752999 0.371459 1.83239 410762
3 0.753993 0.372086 1.83169 410795
3 0.754805 0.372437 1.83595 410829
3 0.754653 0.37084 1.83912 410863
3 0.754818 0.369704 1.84069 410897
3 0.757004 0.369017 1.84388 410931
3 0.758694 0.366631 1.83769 410965
3 0.761077 0.361321 1.83776 410997
3 0.763652 0.356658 1.83716 411031
3 0.765456 0.346325 1.83923 411065
3 0.768394 0.339797 1.83796 411082
3 0.77284 0.327824 1.8418 411134
3 0.774954 0.318053 1.84326 411150
3 0.777603 0.308146 1.84315 411184
3 0.780233 0.295322 1.84525 411234
3 0.781292 0.286268 1.84919 411251
3 0.784211 0.276576 1.84464 411285
3 0.785387 0.268678 1.85133 411319
3 0.78554 0.265871 1.85224 411352
3 0.784783 0.26286 1.8555 411386
3 0.786893 0.263137 1.85454 411419
3 0.787999 0.270373 1.85112 411453
3 0.790796 0.278246 1.84974 411487
3 0.791876 0.289538 1.84826 411521
3 0.79122 0.304273 1.84274 411555
3 0.791499 0.319988 1.84332 411588
3 0.791255 0.33656 1.84179 411622
3 0.791964 0.351177 1.84214 411656
3 0.788675 0.368326 1.84628 411690
3 0.78664 0.389451 1.8494 411723
3 0.784712 0.411177 1.85329 411757
3 0.783254 0.431316 1.85449 411791
3 0.778615 0.449291 1.85587 411825
3 0.776398 0.464017 1.85806 411858
3 0.774599 0.47602 1.85787 411892
3 0.774033 0.482733 1.86156 411925
3 0.77284 0.484848 1.86006 411959
3 0.772477 0.485471 1.86104 411993

4 0.304806 0.348929 1.82838 414329
4 0.304452 0.347894 1.82772 414363
4 0.30441 0.347387 1.82647 414396
4 0.304865 0.347823 1.82257 414429
4 0.305553 0.348081 1.81756 414462
4 0.306209 0.345473 1.81426 414496
4 0.308398 0.34187 1.8074 414530
4 0.308326 0.337436 1.80345 414564
4 0.309867 0.329185 1.79604 414598
4 0.312032 0.318797 1.78923 414632
4 0.314146 0.305891 1.78046 414666
4 0.316702 0.292268 1.77222 414700
4 0.31893 0.27938 1.76638 414734
4 0.323211 0.268697 1.76225 414768
4 0.32656 0.256973 1.75719 414786
4 0.330068 0.249453 1.75564 414835
4 0.333906 0.243547 1.75388 414868
4 0.333392 0.240303 1.757 414902
4 0.334225 0.240316 1.74653 414936
4 0.333893 0.241998 1.74636 414953
4 0.334594 0.247159 1.7411 415002
4 0.333602 0.259627 1.73613 415036
4 0.333779 0.272383 1.73498 415053
4 0.334355 0.284378 1.73364 415104
4 0.334131 0.298104 1.73602 415121
4 0.333286 0.317355 1.73383 415155
4 0.334931 0.334376 1.74004 415189
4 0.335867 0.354314 1.74265 415224
4 0.337001 0.371718 1.74721 415257
4 0.337448 0.38806 1.75567 415289
4 0.337891 0.407003 1.76604 415324
4 0.341872 0.427343 1.77188 415357
4 0.344301 0.44566 1.77687 415391
4 0.34497 0.456769 1.78079 415425
4 0.345321 0.467685 1.7833 415458
4 0.34537 0.474705 1.78765 415489
4 0.345289 0.477079 1.78626 415522
4 0.344995 0.472793 1.78604 415556

5 0.532401 0.220038 1.69279 418961
5 0.532542 0.219874 1.69358 418995
5 0.532481 0.220402 1.69239 419029
5 0.53185 0.218459 1.69073 419063
5 0.531971 0.219464 1.69019 419097
5 0.532206 0.219758 1.68786 419131
5 0.531075 0.218383 1.6846 419165
5 0.530234 0.217046 1.68426 419198
5 0.530569 0.213645 1.68966 419232
5 0.530104 0.209274 1.68836 419266
5 0.530236 0.205199 1.68531 419299
5 0.534097 0.196735 1.68201 419332
5 0.534688 0.186715 1.68303 419366
5 0.536629 0.172495 1.68045 419401
5 0.539106 0.156884 1.68339 419433
5 0.541851 0.143208 1.6881 419466
5 0.543075 0.130376 1.69678 419499
5 0.545639 0.118174 1.70549 419533
5 0.548016 0.108643 1.71531 419566
5 0.551416 0.102844 1.71944 419598
5 0.553129 0.0982343 1.72619 419631
5 0.555464 0.0938335 1.72558 419665
5 0.556733 0.0912928 1.72433 419697
5 0.55708 0.0923387 1.71192 419729
5 0.559064 0.0946127 1.71504 419763
5 0.558519 0.102745 1.71583 419795
5 0.559679 0.110375 1.71551 419828
5 0.562113 0.122738 1.70773 419861
5 0.564776 0.139783 1.69738 419893
5 0.566554 0.157565 1.68966 419926
5 0.56923 0.178178 1.68847 419960
5 0.570522 0.198316 1.69009 419995
5 0.572666 0.218222 1.68701 420028
5 0.573048 0.235017 1.68075 420060
5 0.5736 0.257239 1.68302 420095
5 0.576381 0.275226 1.68202 420127
5 0.577272 0.291314 1.67938 420162
5 0.577654 0.303715 1.67752 420195
5 0.577021 0.316841 1.67293 420228
5 0.576823 0.32369 1.67248 420261
5 0.576631 0.327159 1.67088 420294
5 0.576048 0.328785 1.6702 420328
5 0.575462 0.328739 1.67241 420362
5 0.572688 0.329216 1.66859 420396
5 0.570773 0.327661 1.67 420430
5 0.569899 0.324417 1.67312 420462
5 0.568668 0.319823 1.67535 420496

6 0.498109 0.613186 1.87905 423706
6 0.499496 0.611483 1.87876 423740
6 0.499899 0.611541 1.87912 423774
6 0.495739 0.609498 1.88012 423807
6 0.498229 0.609002 1.8783 423840
6 0.499472 0.608116 1.87773 423874
6 0.495102 0.606335 1.87604 423907
6 0.491698 0.605793 1.87523 423941
6 0.495778 0.607023 1.877 423973
6 0.497562 0.608006 1.87725 424006
6 0.496051 0.608481 1.87753 424040
6 0.495177 0.60764 1.87488 424073
6 0.491675 0.602707 1.87166 424104
6 0.48848 0.598437 1.87093 424138
6 0.485449 0.595958 1.8682 424170
6 0.484216 0.594245 1.86591 424202
6 0.483589 0.586175 1.85536 424235
6 0.483557 0.581007 1.85022 424268
6 0.483146 0.577634 1.84369 424301
6 0.483105 0.569635 1.8395 424335
6 0.48296 0.564037 1.83877 424369
6 0.482953 0.560193 1.83363 424402
6 0.482484 0.556951 1.83148 424436
6 0.482906 0.549096 1.82664 424469
6 0.483059 0.544253 1.82625 424503
6 0.48315 0.539896 1.82327 424537
6 0.485138 0.533887 1.81816 424571
6 0.484551 0.528508 1.81197 424604
6 0.4853 0.522514 1.807 424638
6 0.486092 0.517598 1.79951 424670
6 0.48689 0.514121 1.79696 424704
6 0.487366 0.510877 1.7925 424738
6 0.490475 0.506419 1.79379 424772
6 0.49247 0.503064 1.79527 424806
6 0.494055 0.497748 1.79243 424840
6 0.494716 0.495134 1.78928 424874
6 0.494973 0.494045 1.78733 424908
6 0.495272 0.493278 1.78805 424941
6 0.495136 0.495893 1.79215 424974
6 0.495045 0.498256 1.79309 425008
6 0.495609 0.502139 1.79263 425040
6 0.495878 0.504962 1.79407 425075
6 0.49585 0.511596 1.80131 425108
6 0.496088 0.516568 1.80496 425142
6 0.496805 0.520078 1.80913 425174
6 0.497315 0.529104 1.81242 425207
6 0.497052 0.540499 1.81637 425241
6 0.497729 0.548629 1.81992 425275
6 0.497418 0.560217 1.82475 425307
6 0.49896 0.568632 1.82732 425340
6 0.502533 0.578079 1.8309 425374
6 0.504578 0.589033 1.83477 425407
6 0.506323 0.598405 1.84444 425441
6 0.507325 0.610172 1.85083 425475
6 0.508171 0.624331 1.85522 425509
6 0.512776 0.638291 1.86048 425543
6 0.516776 0.648666 1.86272 425577
6 0.518309 0.660924 1.86999 425594
6 0.519783 0.669714 1.87487 425645
6 0.520837 0.681905 1.87799 425662
6 0.520964 0.689363 1.88329 425713
6 0.520755 0.693341 1.88474 425730
6 0.520655 0.695967 1.89134 425764

7 0.587885 0.55748 1.88171 427402
7 0.587687 0.557645 1.88119 427435
7 0.58741 0.55736 1.88285 427469
7 0.587744 0.556964 1.88312 427502
7 0.588764 0.557894 1.88076 427536
7 0.58823 0.556728 1.87686 427569
7 0.588865 0.553231 1.87305 427601
7 0.591237 0.546836 1.86968 427634
7 0.594527 0.543176 1.86509 427668
7 0.59607 0.538905 1.86236 427702
7 0.596083 0.53582 1.8533 427735
7 0.59712 0.529488 1.84833 427768
7 0.597509 0.524804 1.83504 427802
7 0.601268 0.514999 1.83203 427834
7 0.604309 0.506166 1.82663 427868
7 0.605782 0.495595 1.82338 427901
7 0.608535 0.483852 1.82174 427934
7 0.614289 0.471645 1.82046 427968
7 0.618334 0.461495 1.82031 428002
7 0.621317 0.451946 1.81825 428035
7 0.621725 0.451701 1.81347 428070
7 0.62159 0.451443 1.81227 428102
7 0.621445 0.456085 1.81162 428136
7 0.621983 0.463015 1.81306 428168
7 0.621183 0.476689 1.81418 428201
7 0.620725 0.487792 1.81559 428234
7 0.621554 0.502681 1.81681 428267
7 0.618163 0.52185 1.81666 428300
7 0.615031 0.542929 1.82419 428334
7 0.613682 0.563225 1.83319 428366
7 0.613193 0.581689 1.84234 428400
7 0.612339 0.600207 1.85177 428434
7 0.611722 0.615372 1.86035 428467
7 0.611376 0.631458 1.86796 428501
7 0.610723 0.641921 1.87124 428535
7 0.610986 0.654155 1.87382 428569
7 0.610626 0.662393 1.87568 428601
7 0.61165 0.666666 1.88747 428635
7 0.612389 0.670625 1.89155 428668
7 0.611126 0.677236 1.88245 428702
7 0.610682 0.677229 1.87026 428736

8 0.683588 0.548797 1.86767 430172
8 0.684599 0.545443 1.87229 430205
8 0.686971 0.542255 1.87248 430238
8 0.689814 0.539567 1.86869 430272
8 0.692792 0.535424 1.86567 430304
8 0.695984 0.527328 1.8616 430337
8 0.701873 0.516552 1.8557 430370
8 0.707301 0.502172 1.85526 430403
8 0.713661 0.481148 1.85668 430436
8 0.718504 0.46302 1.86101 430484
8 0.720803 0.452075 1.86143 430516
8 0.722973 0.456896 1.85522 430548
8 0.722748 0.476127 1.85312 430581
8 0.717342 0.512826 1.85628 430615
8 0.708395 0.562106 1.86602 430649
8 0.700097 0.60549 1.88244 430681
8 0.69413 0.638747 1.89523 430713
8 0.687961 0.664403 1.90253 430746

9 0.727774 0.325443 1.84413 433541
9 0.726677 0.325391 1.84193 433575
9 0.727552 0.325479 1.83617 433609
9 0.728132 0.324703 1.82852 433643
9 0.728846 0.323777 1.83388 433677
9 0.730231 0.318162 1.83534 433710
9 0.73113 0.307821 1.83442 433743
9 0.733452 0.296377 1.83803 433777
9 0.737216 0.28657 1.84288 433811
9 0.740598 0.272673 1.84458 433845
9 0.74386 0.25796 1.84712 433878
9 0.749048 0.245239 1.84949 433912
9 0.75197 0.237789 1.84935 433945
9 0.751431 0.237667 1.84779 433979
9 0.751063 0.239579 1.84646 434012
9 0.751885 0.247416 1.83801 434046
9 0.752812 0.259482 1.83288 434079
9 0.752405 0.27893 1.82947 434111
9 0.751519 0.306666 1.81832 434145
9 0.751716 0.340459 1.81229 434178
9 0.745672 0.381014 1.80399 434212
9 0.740338 0.422068 1.80187 434244
9 0.73446 0.457691 1.80266 434277
9 0.730332 0.482515 1.80764 434309
9 0.726793 0.497647 1.8137 434341
9 0.725225 0.504833 1.81533 434375

