Gesto: 1
0 0.560272 0.275542 1.60598 447763
0 0.560258 0.275443 1.60859 447797
0 0.560479 0.27595 1.60796 447831
0 0.560527 0.276375 1.60787 447864
0 0.562081 0.2749 1.60623 447898
0 0.562725 0.273785 1.60509 447932
0 0.562236 0.27396 1.60598 447965
0 0.562126 0.274356 1.60622 447998
0 0.5621 0.269256 1.60209 448032
0 0.563644 0.264226 1.59934 448065
0 0.564489 0.260635 1.59984 448098
0 0.564575 0.256593 1.59991 448131
0 0.565802 0.248863 1.60077 448165
0 0.56743 0.242245 1.5976 448199
0 0.570222 0.237988 1.59771 448233
0 0.57184 0.232426 1.59833 448266
0 0.572858 0.225825 1.59844 448299
0 0.574468 0.220664 1.59902 448332
0 0.575058 0.212409 1.59613 448366
0 0.5754 0.206553 1.59564 448398
0 0.576719 0.199052 1.5957 448431
0 0.577907 0.191023 1.59603 448465
0 0.57915 0.1839 1.59865 448498
0 0.58107 0.177095 1.60022 448532
0 0.581115 0.170113 1.60114 448565
0 0.580469 0.165692 1.60197 448598
0 0.57937 0.162773 1.60306 448631
0 0.577871 0.162709 1.60354 448665
0 0.57687 0.16587 1.60412 448699
0 0.576304 0.171506 1.60319 448733
0 0.576049 0.180782 1.60124 448768
0 0.576026 0.195457 1.60108 448801
0 0.576228 0.211344 1.6001 448836
0 0.576763 0.228769 1.6018 448870
0 0.578614 0.246261 1.59922 448903
0 0.579808 0.264637 1.60132 448937
0 0.581275 0.28196 1.60883 448971
0 0.58219 0.299007 1.61349 449004
0 0.580896 0.311555 1.61866 449038
0 0.580657 0.322942 1.62257 449071
0 0.57961 0.33149 1.62829 449104
0 0.579768 0.339217 1.63061 449137
0 0.579665 0.344579 1.63052 449169
0 0.579359 0.347722 1.63155 449203
0 0.579398 0.349372 1.63305 449238

1 0.575016 0.526516 1.54515 451238
1 0.575571 0.522323 1.54297 451272
1 0.576124 0.518418 1.54456 451306
1 0.576005 0.516678 1.54631 451341
1 0.574643 0.514717 1.54763 451373
1 0.577337 0.508322 1.54764 451407
1 0.578604 0.500288 1.54475 451441
1 0.579386 0.493758 1.5444 451475
1 0.578728 0.490861 1.54585 451508
1 0.580768 0.48508 1.54953 451543
1 0.581 0.478943 1.55051 451577
1 0.58235 0.471822 1.55329 451610
1 0.582708 0.464609 1.55178 451643
1 0.582689 0.460229 1.55389 451676
1 0.582261 0.453624 1.55315 451709
1 0.584909 0.447721 1.55857 451742
1 0.58705 0.446284 1.56123 451775
1 0.588306 0.444515 1.56372 451808
1 0.589386 0.444177 1.565 451840
1 0.590942 0.445469 1.56183 451874
1 0.59038 0.450476 1.56249 451908
1 0.592238 0.454845 1.56435 451941
1 0.593144 0.460612 1.56344 451973
1 0.593696 0.467092 1.56409 452007
1 0.593594 0.47956 1.56628 452041
1 0.593811 0.490815 1.56688 452075
1 0.595462 0.501333 1.56781 452108
1 0.596867 0.513519 1.56802 452141
1 0.596734 0.524305 1.56783 452175
1 0.60044 0.534811 1.57217 452209
1 0.60116 0.545249 1.5726 452244
1 0.603007 0.55365 1.57579 452277
1 0.60307 0.562378 1.57837 452311
1 0.604721 0.571155 1.58129 452344
1 0.60559 0.576617 1.58001 452378
1 0.605527 0.580829 1.58431 452411

2 0.299644 0.347967 1.45277 454068
2 0.297262 0.352591 1.45004 454102
2 0.296776 0.357477 1.45168 454135
2 0.296902 0.357282 1.44947 454169
2 0.296998 0.355678 1.44705 454202
2 0.297727 0.353909 1.44658 454236
2 0.296947 0.347678 1.44304 454271
2 0.297311 0.341345 1.4399 454304
2 0.298686 0.334567 1.44108 454338
2 0.300119 0.325892 1.43848 454372
2 0.300712 0.317024 1.43473 454405
2 0.301767 0.306847 1.43474 454439
2 0.303886 0.297357 1.43367 454472
2 0.306273 0.288159 1.43489 454505
2 0.307976 0.282106 1.43763 454540
2 0.309206 0.273335 1.43944 454574
2 0.30975 0.265671 1.43888 454607
2 0.310291 0.260783 1.44032 454642
2 0.31032 0.255346 1.44188 454676
2 0.311893 0.252757 1.44123 454708
2 0.312005 0.252347 1.4433 454742
2 0.312257 0.252878 1.44304 454775
2 0.312034 0.255761 1.44321 454809
2 0.313861 0.25917 1.44319 454843
2 0.31549 0.26574 1.44235 454876
2 0.316219 0.271902 1.43894 454910
2 0.317289 0.279159 1.43874 454945
2 0.318806 0.288163 1.43881 454978
2 0.320306 0.296409 1.43604 455011
2 0.323659 0.304192 1.43588 455044
2 0.32576 0.314489 1.4341 455078
2 0.326655 0.322297 1.43146 455111
2 0.328541 0.331535 1.4349 455144
2 0.330181 0.342517 1.43384 455178
2 0.332834 0.352789 1.43685 455211
2 0.333734 0.360458 1.43757 455245
2 0.334029 0.370385 1.43527 455278
2 0.333007 0.38053 1.43633 455311
2 0.336042 0.391643 1.43845 455345
2 0.336779 0.402626 1.44129 455378
2 0.338025 0.41053 1.44427 455411

3 0.448039 0.392566 1.42198 456876
3 0.448147 0.39344 1.42145 456910
3 0.446893 0.394117 1.42072 456944
3 0.446653 0.389885 1.4185 456978
3 0.447313 0.386343 1.41584 457012
3 0.448047 0.384222 1.41476 457046
3 0.448792 0.378115 1.41225 457080
3 0.449746 0.370463 1.4113 457113
3 0.450706 0.365787 1.411 457146
3 0.452672 0.357157 1.40996 457180
3 0.454452 0.348531 1.4098 457214
3 0.456368 0.341168 1.40896 457248
3 0.457761 0.336342 1.40983 457281
3 0.458407 0.33175 1.41029 457315
3 0.459903 0.327089 1.41125 457348
3 0.46005 0.322793 1.41112 457382
3 0.460859 0.321469 1.41121 457416
3 0.461131 0.321375 1.41195 457449
3 0.461525 0.321147 1.41179 457482
3 0.461315 0.324723 1.41009 457516
3 0.46221 0.328122 1.40949 457549
3 0.462066 0.332563 1.40843 457581
3 0.463723 0.338302 1.40762 457615
3 0.465235 0.346044 1.40723 457650
3 0.466404 0.354056 1.40711 457683
3 0.467233 0.361156 1.40791 457717
3 0.467732 0.370203 1.40712 457749
3 0.468629 0.378693 1.40644 457782
3 0.472313 0.385735 1.40852 457816
3 0.47559 0.396152 1.41021 457850
3 0.477258 0.408029 1.4104 457884
3 0.477434 0.419109 1.41267 457918
3 0.478875 0.431986 1.41351 457935
3 0.479924 0.444213 1.41669 457986
3 0.480293 0.456398 1.41928 458002
3 0.481559 0.464047 1.42324 458053
3 0.481935 0.469566 1.42467 458070
3 0.482625 0.474171 1.42471 458103

4 0.747186 0.355754 1.39463 459647
4 0.747695 0.356372 1.39638 459679
4 0.747953 0.356846 1.39728 459713
4 0.747641 0.3569 1.39565 459746
4 0.747447 0.356684 1.39404 459780
4 0.74778 0.354162 1.39453 459814
4 0.748136 0.349645 1.3936 459846
4 0.749622 0.346107 1.39525 459881
4 0.750761 0.33991 1.39236 459914
4 0.751727 0.332454 1.38761 459947
4 0.753082 0.326302 1.3876 459980
4 0.753966 0.318426 1.38732 460013
4 0.755327 0.311241 1.38651 460045
4 0.756064 0.302694 1.38762 460078
4 0.757049 0.29542 1.38286 460111
4 0.756841 0.28972 1.3809 460144
4 0.758233 0.282719 1.38018 460177
4 0.759278 0.276587 1.38059 460212
4 0.760499 0.271264 1.38139 460244
4 0.760855 0.268237 1.38041 460276
4 0.760281 0.266987 1.37988 460309
4 0.760638 0.266108 1.37963 460342
4 0.759983 0.267612 1.38045 460375
4 0.758733 0.271739 1.38096 460408
4 0.759027 0.278124 1.38122 460439
4 0.759181 0.283748 1.38033 460474
4 0.759117 0.290563 1.37969 460507
4 0.759846 0.300175 1.37921 460541
4 0.760357 0.311011 1.37841 460576
4 0.76005 0.323993 1.37871 460609
4 0.760939 0.335751 1.38181 460643
4 0.761381 0.348875 1.38322 460677
4 0.76168 0.362142 1.38711 460711
4 0.762721 0.37505 1.3902 460744
4 0.76477 0.386113 1.39476 460778
4 0.765373 0.398563 1.39787 460811
4 0.765766 0.411623 1.40141 460846
4 0.766219 0.42247 1.4039 460880
4 0.766829 0.432586 1.4083 460914

5 0.691266 0.68202 1.40624 462107
5 0.690627 0.682194 1.40757 462157
5 0.691229 0.68174 1.40855 462174
5 0.691253 0.681902 1.41134 462208
5 0.692675 0.679302 1.41237 462242
5 0.692647 0.673671 1.40924 462275
5 0.694026 0.665043 1.40999 462308
5 0.695226 0.659294 1.4085 462341
5 0.696283 0.651306 1.40793 462375
5 0.698729 0.645764 1.40852 462410
5 0.699054 0.639188 1.40859 462443
5 0.69958 0.634164 1.40678 462478
5 0.700222 0.628033 1.40775 462510
5 0.700581 0.623732 1.40926 462543
5 0.700707 0.620743 1.40925 462577
5 0.701651 0.618626 1.41009 462611
5 0.701678 0.618205 1.41201 462645
5 0.702471 0.617337 1.41205 462678
5 0.702767 0.616763 1.41106 462711
5 0.701716 0.618778 1.41084 462745
5 0.702324 0.622542 1.41097 462778
5 0.702339 0.627732 1.41491 462811
5 0.70338 0.634435 1.41682 462846
5 0.70437 0.643923 1.42156 462879
5 0.705854 0.651226 1.425 462913
5 0.706485 0.660654 1.42943 462946
5 0.705671 0.671508 1.43461 462979
5 0.70599 0.68315 1.43788 463012
5 0.706794 0.694846 1.44298 463045
5 0.706878 0.70498 1.44773 463077
5 0.707394 0.715547 1.44964 463112
5 0.708317 0.723652 1.4548 463145
5 0.70839 0.728126 1.45456 463179
5 0.708865 0.733496 1.45665 463213

6 0.23041 0.603931 1.44141 473187
6 0.23004 0.603564 1.44405 473221
6 0.231252 0.602645 1.44558 473254
6 0.232265 0.60048 1.44703 473288
6 0.233064 0.596651 1.4483 473321
6 0.23317 0.594366 1.44983 473355
6 0.232999 0.588909 1.44997 473390
6 0.234892 0.583898 1.44871 473423
6 0.23487 0.580957 1.44992 473457
6 0.234977 0.576265 1.44823 473491
6 0.235655 0.57249 1.44868 473525
6 0.237474 0.568559 1.44589 473557
6 0.238048 0.566067 1.44815 473590
6 0.240716 0.56137 1.45199 473623
6 0.242065 0.557192 1.45296 473656
6 0.243789 0.554538 1.45375 473689
6 0.245051 0.5533 1.45506 473722
6 0.247104 0.54894 1.45482 473757
6 0.247415 0.544725 1.45339 473790
6 0.24761 0.541618 1.4531 473823
6 0.248753 0.540848 1.45332 473857
6 0.251346 0.535322 1.45591 473892
6 0.252462 0.531858 1.45775 473924
6 0.2529 0.52979 1.45872 473958
6 0.253832 0.528862 1.45871 473993
6 0.255098 0.527668 1.45909 474026
6 0.255687 0.528174 1.46112 474059
6 0.255523 0.532279 1.4609 474093
6 0.255355 0.535438 1.46122 474127
6 0.254806 0.542161 1.46264 474158
6 0.254487 0.546982 1.462 474192
6 0.254098 0.554978 1.46413 474226
6 0.253804 0.565389 1.46619 474260
6 0.253219 0.577307 1.46857 474293
6 0.252257 0.585484 1.47195 474326
6 0.252762 0.598299 1.47418 474360
6 0.252395 0.612594 1.47592 474393
6 0.251837 0.627053 1.47509 474426
6 0.250534 0.637976 1.47836 474459
6 0.250898 0.648107 1.47901 474492
6 0.250608 0.658791 1.48132 474525
6 0.250184 0.666594 1.48542 474558
6 0.25049 0.674924 1.48412 474591
6 0.250125 0.681217 1.48746 474624
6 0.25227 0.687419 1.48845 474656

7 0.408002 0.651084 1.31668 476259
7 0.410537 0.650102 1.31884 476292
7 0.41265 0.648409 1.31985 476327
7 0.413866 0.646173 1.31848 476359
7 0.415206 0.643814 1.31662 476392
7 0.41629 0.639629 1.31609 476426
7 0.417129 0.635508 1.3133 476459
7 0.417872 0.630669 1.31288 476492
7 0.420583 0.626241 1.31364 476525
7 0.424222 0.621291 1.31239 476558
7 0.425827 0.616477 1.31289 476591
7 0.42679 0.611817 1.31062 476624
7 0.427241 0.604608 1.30932 476657
7 0.429262 0.60031 1.30997 476692
7 0.431185 0.595126 1.31106 476725
7 0.432752 0.59146 1.31346 476758
7 0.434587 0.588024 1.31316 476792
7 0.435351 0.585854 1.31294 476824
7 0.435772 0.584905 1.31343 476858
7 0.437121 0.585546 1.31454 476892
7 0.437477 0.58781 1.31584 476927
7 0.436431 0.59142 1.31698 476960
7 0.435195 0.595696 1.32107 476993
7 0.434468 0.601879 1.32065 477027
7 0.434629 0.609469 1.32354 477061
7 0.433625 0.616946 1.32433 477094
7 0.432775 0.62565 1.32836 477129
7 0.431367 0.636156 1.3329 477162
7 0.430343 0.644255 1.33812 477195
7 0.429463 0.65319 1.34103 477228
7 0.429306 0.664413 1.34348 477261
7 0.428614 0.675684 1.3481 477295
7 0.428703 0.684202 1.35409 477329
7 0.428451 0.692228 1.35581 477362
7 0.426622 0.700576 1.35844 477395
7 0.425077 0.708862 1.36154 477427
7 0.424471 0.717505 1.36412 477460
7 0.423484 0.724229 1.36879 477492

8 0.523432 0.688407 1.2757 485171
8 0.523488 0.688003 1.27585 485205
8 0.525254 0.690666 1.27803 485238
8 0.525748 0.687679 1.27355 485271
8 0.528065 0.683298 1.27335 485305
8 0.530214 0.679888 1.27321 485338
8 0.531895 0.674596 1.27047 485370
8 0.535629 0.671477 1.26919 485404
8 0.538239 0.666341 1.26686 485437
8 0.540456 0.660769 1.26509 485470
8 0.542145 0.65642 1.2651 485503
8 0.542486 0.650478 1.26389 485536
8 0.543082 0.646071 1.26231 485569
8 0.543852 0.639736 1.26138 485601
8 0.544625 0.636703 1.26142 485634
8 0.545712 0.632047 1.25977 485666
8 0.547015 0.629713 1.25858 485699
8 0.547797 0.627839 1.25702 485731
8 0.5482 0.627715 1.25896 485765
8 0.548552 0.628284 1.26099 485798
8 0.549503 0.62994 1.26451 485831
8 0.549899 0.633816 1.26531 485865
8 0.549168 0.636618 1.26957 485898
8 0.550144 0.642529 1.27207 485931
8 0.550115 0.649262 1.27698 485963
8 0.549852 0.657893 1.28076 485997
8 0.548999 0.667294 1.28741 486029
8 0.549278 0.674569 1.29199 486062
8 0.548803 0.682783 1.29819 486097
8 0.549474 0.691108 1.3036 486129
8 0.549457 0.698066 1.3077 486162
8 0.548624 0.704465 1.31379 486196
8 0.547171 0.711793 1.31703 486229
8 0.546665 0.720853 1.32402 486263
8 0.546128 0.728611 1.33142 486296
8 0.546976 0.73638 1.33404 486329
8 0.546144 0.743487 1.33944 486362
8 0.545759 0.749629 1.34664 486396

9 0.4076 0.213595 2.30013 491508
9 0.40573 0.212054 2.2944 491540
9 0.408513 0.212443 2.28924 491573
9 0.411168 0.205267 2.28463 491605
9 0.413541 0.199465 2.28257 491638
9 0.414123 0.189611 2.27519 491672
9 0.416126 0.181317 2.27239 491705
9 0.421662 0.168883 2.27354 491738
9 0.425076 0.153628 2.2726 491771
9 0.42713 0.14331 2.27506 491803
9 0.429973 0.135303 2.27991 491838
9 0.435083 0.125554 2.2818 491871
9 0.432878 0.11638 2.29068 491904
9 0.437649 0.111283 2.2917 491939
9 0.440333 0.107829 2.29816 491972
9 0.441913 0.107024 2.29683 492005
9 0.442142 0.114083 2.2989 492038
9 0.439519 0.12256 2.30152 492072
9 0.438403 0.143267 2.30121 492106
9 0.435895 0.16207 2.28389 492139
9 0.432157 0.185355 2.27531 492172
9 0.429686 0.209483 2.26591 492206
9 0.428345 0.231026 2.26481 492240
9 0.429947 0.245344 2.25576 492272
9 0.428367 0.260111 2.24781 492306
9 0.424268 0.27362 2.27315 492338
9 0.426578 0.291345 2.28199 492371
9 0.430157 0.300739 2.29143 492405
9 0.429815 0.307008 2.29484 492439
9 0.428586 0.31065 2.29518 492472

