Gesto: 1
0 0.455844 0.254433 1.60289 1.01372e+06
0 0.455966 0.256076 1.60216 1.01375e+06
0 0.456434 0.255243 1.59929 1.01377e+06
0 0.457872 0.25201 1.59415 1.01382e+06
0 0.458659 0.248729 1.58968 1.01385e+06
0 0.46166 0.242469 1.58498 1.01387e+06
0 0.464027 0.234364 1.58084 1.01392e+06
0 0.466895 0.225945 1.57924 1.01394e+06
0 0.469907 0.217066 1.57717 1.01397e+06
0 0.47476 0.207631 1.57746 1.01400e+06
0 0.478441 0.198278 1.5795 1.01404e+06
0 0.48241 0.189343 1.58038 1.01407e+06
0 0.485687 0.182066 1.58277 1.01412e+06
0 0.489459 0.173633 1.58584 1.01414e+06
0 0.493299 0.168035 1.58722 1.01419e+06
0 0.49703 0.163056 1.59069 1.01422e+06
0 0.498608 0.156538 1.59089 1.01426e+06
0 0.500502 0.150649 1.5888 1.01429e+06
0 0.501319 0.14697 1.58901 1.01432e+06
0 0.50458 0.145833 1.59079 1.01434e+06
0 0.506571 0.14615 1.59178 1.01439e+06
0 0.508755 0.15061 1.5942 1.01441e+06
0 0.509413 0.155235 1.59298 1.01444e+06
0 0.510067 0.163832 1.58871 1.01447e+06
0 0.510113 0.175731 1.58358 1.01451e+06
0 0.510221 0.18979 1.5764 1.01454e+06
0 0.509525 0.205319 1.57146 1.01459e+06
0 0.51034 0.222995 1.56504 1.01461e+06
0 0.511652 0.241448 1.56454 1.01464e+06
0 0.512373 0.257517 1.55833 1.01467e+06
0 0.512606 0.274494 1.55407 1.01471e+06
0 0.514435 0.291662 1.55013 1.01474e+06
0 0.515259 0.30782 1.54561 1.01479e+06
0 0.517043 0.322789 1.54289 1.01481e+06
0 0.519988 0.342789 1.54605 1.01484e+06
0 0.52233 0.362947 1.55408 1.01489e+06
0 0.523085 0.38187 1.55845 1.01491e+06
0 0.521635 0.400717 1.56157 1.01494e+06
0 0.519412 0.418993 1.56514 1.01499e+06
0 0.519077 0.435594 1.57475 1.01502e+06
0 0.519667 0.451989 1.58646 1.01504e+06
0 0.52028 0.466347 1.59622 1.01509e+06
0 0.521108 0.480848 1.60477 1.01511e+06
0 0.521852 0.491863 1.61216 1.01514e+06
0 0.521607 0.500465 1.61789 1.01517e+06

1 0.525963 0.381375 1.59801 1.01699e+06
1 0.524676 0.377961 1.5947 1.01702e+06
1 0.524779 0.374861 1.58666 1.01706e+06
1 0.528651 0.367233 1.58311 1.01709e+06
1 0.532925 0.352853 1.57355 1.01712e+06
1 0.531717 0.336717 1.56205 1.01716e+06
1 0.532823 0.316981 1.5484 1.01717e+06
1 0.53568 0.29617 1.54126 1.01722e+06
1 0.540281 0.27742 1.54047 1.01726e+06
1 0.546158 0.255358 1.54176 1.01727e+06
1 0.549343 0.236759 1.53985 1.01732e+06
1 0.553036 0.22013 1.54154 1.01734e+06
1 0.554485 0.205551 1.5453 1.01738e+06
1 0.559156 0.193084 1.55133 1.01742e+06
1 0.562341 0.183424 1.5549 1.01744e+06
1 0.564265 0.179874 1.5615 1.01748e+06
1 0.565326 0.178859 1.56421 1.01751e+06
1 0.565056 0.179021 1.56338 1.01754e+06
1 0.565049 0.184885 1.5596 1.01758e+06
1 0.565421 0.19243 1.55576 1.01761e+06
1 0.568166 0.201322 1.55036 1.01764e+06
1 0.569749 0.21282 1.54623 1.01768e+06
1 0.570303 0.226703 1.54072 1.01771e+06
1 0.571846 0.242159 1.53755 1.01774e+06
1 0.57311 0.257518 1.53779 1.01778e+06
1 0.573388 0.275422 1.53614 1.01781e+06
1 0.573525 0.292586 1.53355 1.01784e+06
1 0.574261 0.309863 1.53456 1.01788e+06
1 0.574089 0.330318 1.53521 1.01791e+06
1 0.574511 0.35069 1.54142 1.01794e+06
1 0.579063 0.368154 1.55537 1.01798e+06
1 0.579763 0.389058 1.56515 1.01801e+06
1 0.579306 0.408513 1.57436 1.01804e+06
1 0.578514 0.426978 1.58352 1.01809e+06
1 0.577311 0.44669 1.59104 1.01811e+06
1 0.575605 0.464057 1.60027 1.01814e+06
1 0.573963 0.479245 1.6056 1.01819e+06
1 0.572956 0.494053 1.61121 1.01822e+06
1 0.570681 0.508537 1.61299 1.01826e+06
1 0.570005 0.521443 1.61903 1.01829e+06
1 0.568961 0.529379 1.62391 1.01832e+06
1 0.568542 0.534015 1.6302 1.01834e+06
1 0.568388 0.536958 1.63497 1.01839e+06
1 0.567643 0.54209 1.63954 1.01842e+06
1 0.567716 0.546921 1.64015 1.01844e+06

2 0.555485 0.372748 1.57676 1.01952e+06
2 0.555699 0.372407 1.57601 1.01955e+06
2 0.555494 0.373629 1.57298 1.01959e+06
2 0.558108 0.371916 1.56988 1.01962e+06
2 0.561712 0.367276 1.56617 1.01965e+06
2 0.563879 0.358917 1.55744 1.01969e+06
2 0.566378 0.348751 1.55248 1.01972e+06
2 0.570113 0.336101 1.54922 1.01975e+06
2 0.572606 0.318648 1.54308 1.01979e+06
2 0.575362 0.302191 1.53932 1.01982e+06
2 0.578013 0.285623 1.53881 1.01985e+06
2 0.582065 0.269805 1.54081 1.01989e+06
2 0.583148 0.253046 1.54164 1.01992e+06
2 0.584907 0.238526 1.54239 1.01996e+06
2 0.587636 0.225323 1.54443 1.01999e+06
2 0.591185 0.211448 1.54861 1.02002e+06
2 0.593852 0.200519 1.54879 1.02006e+06
2 0.596785 0.191141 1.55343 1.02009e+06
2 0.601944 0.184531 1.55762 1.02012e+06
2 0.605783 0.183813 1.56234 1.02016e+06
2 0.608663 0.183052 1.56429 1.02019e+06
2 0.61177 0.188096 1.56327 1.02022e+06
2 0.614713 0.196338 1.56277 1.02026e+06
2 0.617019 0.207539 1.56235 1.02028e+06
2 0.618718 0.221003 1.56028 1.02033e+06
2 0.620774 0.236781 1.55985 1.02036e+06
2 0.621539 0.254975 1.55716 1.02038e+06
2 0.622095 0.275616 1.55227 1.02043e+06
2 0.621691 0.298472 1.55052 1.02044e+06
2 0.623258 0.323258 1.55623 1.02048e+06
2 0.623768 0.34816 1.5609 1.02053e+06
2 0.6249 0.373312 1.56935 1.02054e+06
2 0.626084 0.399698 1.57776 1.02058e+06
2 0.626981 0.425987 1.58803 1.02061e+06
2 0.62588 0.450983 1.59711 1.02065e+06
2 0.624016 0.477236 1.60049 1.02068e+06
2 0.620623 0.499906 1.60526 1.02071e+06
2 0.617049 0.524622 1.60972 1.02075e+06
2 0.614226 0.54475 1.61778 1.02078e+06
2 0.611815 0.562258 1.62757 1.02081e+06
2 0.608873 0.576825 1.63985 1.02085e+06
2 0.606881 0.58838 1.65071 1.02088e+06
2 0.604462 0.59413 1.66248 1.02092e+06
2 0.603233 0.596586 1.67351 1.02095e+06
2 0.602051 0.602322 1.67453 1.02098e+06

3 0.511014 0.536766 1.61519 1.02229e+06
3 0.510736 0.537131 1.61419 1.02232e+06
3 0.510297 0.535798 1.6146 1.02235e+06
3 0.511678 0.530917 1.61394 1.02239e+06
3 0.513219 0.527708 1.6086 1.02242e+06
3 0.518382 0.52294 1.60181 1.02246e+06
3 0.520199 0.515103 1.58923 1.02249e+06
3 0.523088 0.505857 1.57679 1.02252e+06
3 0.527996 0.493398 1.56545 1.02256e+06
3 0.531546 0.478668 1.55675 1.02259e+06
3 0.534738 0.462193 1.54584 1.02262e+06
3 0.538104 0.443775 1.53324 1.02265e+06
3 0.540808 0.42671 1.52221 1.02269e+06
3 0.543191 0.40931 1.51253 1.02272e+06
3 0.548188 0.386188 1.50114 1.02275e+06
3 0.550052 0.364965 1.48987 1.02279e+06
3 0.55175 0.343359 1.48357 1.02282e+06
3 0.552189 0.322102 1.47895 1.02285e+06
3 0.552463 0.303422 1.47655 1.02288e+06
3 0.553011 0.285999 1.47576 1.02292e+06
3 0.552656 0.269287 1.47652 1.02295e+06
3 0.553482 0.254725 1.47946 1.02298e+06
3 0.553944 0.241679 1.4843 1.02302e+06
3 0.553747 0.231207 1.48885 1.02305e+06
3 0.554322 0.221982 1.49161 1.02309e+06
3 0.555378 0.215527 1.49262 1.02312e+06
3 0.555321 0.212658 1.49522 1.02315e+06
3 0.555677 0.211383 1.49584 1.02318e+06
3 0.556043 0.210537 1.49513 1.02322e+06
3 0.558054 0.215111 1.49256 1.02325e+06
3 0.558509 0.221591 1.49182 1.02328e+06
3 0.558922 0.229791 1.48887 1.02332e+06
3 0.558743 0.241063 1.48474 1.02335e+06
3 0.559919 0.254161 1.4797 1.02339e+06
3 0.561283 0.267043 1.47647 1.02342e+06
3 0.561861 0.281 1.47271 1.02345e+06
3 0.56312 0.299056 1.47252 1.02348e+06
3 0.563103 0.316703 1.4689 1.02352e+06
3 0.564259 0.334081 1.4723 1.02355e+06
3 0.56671 0.353955 1.47893 1.02359e+06
3 0.569807 0.373682 1.48788 1.02362e+06
3 0.571087 0.396546 1.49563 1.02365e+06
3 0.572943 0.417406 1.50303 1.02369e+06
3 0.57406 0.43943 1.5087 1.02372e+06
3 0.57389 0.460751 1.51144 1.02375e+06
3 0.573696 0.482316 1.51445 1.02379e+06
3 0.573849 0.506394 1.51636 1.02382e+06
3 0.574698 0.526932 1.52094 1.02385e+06
3 0.575057 0.549657 1.52299 1.02389e+06
3 0.575389 0.569622 1.52872 1.02392e+06
3 0.576774 0.591293 1.53149 1.02395e+06
3 0.577173 0.612244 1.53677 1.02399e+06
3 0.577842 0.633561 1.54339 1.02402e+06
3 0.5797 0.654156 1.55245 1.02405e+06
3 0.579372 0.675371 1.55943 1.02409e+06
3 0.580355 0.696486 1.56695 1.02412e+06
3 0.58019 0.716895 1.5748 1.02415e+06
3 0.580225 0.737592 1.58114 1.02419e+06
3 0.581225 0.754958 1.59348 1.02422e+06
3 0.580545 0.769748 1.60026 1.02425e+06
3 0.579463 0.783377 1.60491 1.02429e+06
3 0.578581 0.791809 1.60962 1.02432e+06
3 0.577788 0.80163 1.61073 1.02436e+06
3 0.577927 0.807147 1.61097 1.02439e+06
3 0.577593 0.810267 1.60993 1.02442e+06
3 0.577309 0.811559 1.60731 1.02446e+06
3 0.576448 0.811577 1.60377 1.02449e+06
3 0.574365 0.806456 1.60036 1.02452e+06

4 0.27148 0.523583 1.64606 1.02675e+06
4 0.271574 0.523859 1.64461 1.02678e+06
4 0.271989 0.524162 1.64232 1.02682e+06
4 0.272959 0.523914 1.63866 1.02687e+06
4 0.273886 0.522994 1.63411 1.02688e+06
4 0.276451 0.516904 1.62709 1.02692e+06
4 0.278647 0.511875 1.60913 1.02697e+06
4 0.280896 0.502198 1.58911 1.02698e+06
4 0.284348 0.488274 1.57338 1.02702e+06
4 0.287389 0.470228 1.5567 1.02705e+06
4 0.292645 0.452431 1.54348 1.02708e+06
4 0.298097 0.431983 1.53071 1.02712e+06
4 0.302875 0.408821 1.51609 1.02715e+06
4 0.305796 0.387022 1.5046 1.02718e+06
4 0.307978 0.363911 1.49435 1.02722e+06
4 0.308594 0.339846 1.48295 1.02725e+06
4 0.312236 0.314098 1.47986 1.02728e+06
4 0.317239 0.29112 1.48036 1.02732e+06
4 0.321146 0.270519 1.48466 1.02735e+06
4 0.323834 0.251967 1.48999 1.02738e+06
4 0.326061 0.237653 1.49544 1.02742e+06
4 0.327666 0.228492 1.50143 1.02745e+06
4 0.330114 0.222651 1.5074 1.02748e+06
4 0.332786 0.222568 1.51132 1.02752e+06
4 0.336225 0.227484 1.5119 1.02755e+06
4 0.338798 0.24091 1.51279 1.02759e+06
4 0.342472 0.257418 1.51197 1.02762e+06
4 0.346037 0.276097 1.51188 1.02765e+06
4 0.347801 0.301639 1.51115 1.02769e+06
4 0.350136 0.334225 1.51361 1.02772e+06
4 0.351211 0.36435 1.52463 1.02775e+06
4 0.352048 0.394392 1.53683 1.02779e+06
4 0.354702 0.423906 1.55403 1.02782e+06
4 0.356379 0.452046 1.56994 1.02785e+06
4 0.357583 0.479706 1.58673 1.02789e+06
4 0.357252 0.508785 1.60554 1.02792e+06
4 0.356257 0.537385 1.62487 1.02796e+06
4 0.354698 0.560535 1.64467 1.02799e+06
4 0.352754 0.580933 1.66688 1.02802e+06
4 0.353444 0.598204 1.69008 1.02806e+06
4 0.353536 0.614386 1.71394 1.02809e+06
4 0.351777 0.628534 1.73682 1.02812e+06
4 0.351988 0.639356 1.75633 1.02816e+06
4 0.353111 0.646271 1.77313 1.02819e+06
4 0.354492 0.651621 1.78722 1.02822e+06
4 0.356789 0.653591 1.79468 1.02826e+06
4 0.356622 0.658426 1.79923 1.02829e+06
4 0.356487 0.661498 1.79982 1.02833e+06

5 0.38574 0.296084 1.64922 1.03052e+06
5 0.386963 0.297474 1.64863 1.03056e+06
5 0.387814 0.298535 1.64559 1.03059e+06
5 0.387209 0.297357 1.63947 1.03062e+06
5 0.388719 0.29163 1.63476 1.03066e+06
5 0.392718 0.285064 1.63144 1.03069e+06
5 0.393732 0.27732 1.62295 1.03072e+06
5 0.396943 0.269659 1.61853 1.03076e+06
5 0.398627 0.259645 1.61495 1.03079e+06
5 0.399941 0.250647 1.60979 1.03082e+06
5 0.401399 0.241615 1.60894 1.03086e+06
5 0.403351 0.23494 1.60943 1.03089e+06
5 0.405098 0.227398 1.60502 1.03092e+06
5 0.40676 0.221209 1.60542 1.03096e+06
5 0.408158 0.216846 1.60825 1.03099e+06
5 0.40941 0.211247 1.6095 1.03102e+06
5 0.411588 0.206145 1.61102 1.03106e+06
5 0.412919 0.202929 1.61087 1.03109e+06
5 0.412119 0.200225 1.60947 1.03112e+06
5 0.413133 0.199741 1.60878 1.03116e+06
5 0.413511 0.199843 1.60883 1.03119e+06
5 0.413816 0.201124 1.60751 1.03122e+06
5 0.414653 0.207598 1.60557 1.03126e+06
5 0.414764 0.214978 1.60281 1.03129e+06
5 0.417221 0.222449 1.59948 1.03133e+06
5 0.418557 0.234048 1.59553 1.03136e+06
5 0.41932 0.247287 1.59043 1.03139e+06
5 0.42004 0.261723 1.5862 1.03143e+06
5 0.42143 0.277581 1.58368 1.03146e+06
5 0.422152 0.294054 1.57997 1.03149e+06
5 0.42303 0.314662 1.57739 1.03153e+06
5 0.426816 0.335589 1.57904 1.03156e+06
5 0.428438 0.361393 1.58046 1.03159e+06
5 0.429393 0.384107 1.58487 1.03163e+06
5 0.429951 0.404623 1.58883 1.03166e+06
5 0.431923 0.426618 1.59448 1.0317e+06
5 0.433168 0.448156 1.59883 1.03173e+06
5 0.433303 0.470065 1.60062 1.03176e+06
5 0.433624 0.491101 1.60599 1.0318e+06
5 0.433228 0.511897 1.61211 1.03183e+06
5 0.43414 0.528066 1.61836 1.03186e+06
5 0.435271 0.540879 1.62973 1.0319e+06
5 0.434469 0.553299 1.63676 1.03193e+06
5 0.436577 0.560188 1.64595 1.03196e+06

6 0.469024 0.347808 1.60999 1.03369e+06
6 0.468199 0.348949 1.60889 1.03372e+06
6 0.468173 0.349084 1.60879 1.03376e+06
6 0.469057 0.348676 1.60671 1.03379e+06
6 0.469619 0.348415 1.60612 1.03382e+06
6 0.47033 0.34817 1.60541 1.03386e+06
6 0.469278 0.346534 1.59944 1.03389e+06
6 0.470027 0.340732 1.5951 1.03392e+06
6 0.470416 0.337478 1.59289 1.03396e+06
6 0.470899 0.330101 1.58941 1.03399e+06
6 0.471778 0.325091 1.58816 1.03402e+06
6 0.47295 0.316628 1.5819 1.03406e+06
6 0.474409 0.310718 1.5812 1.03409e+06
6 0.474023 0.302495 1.57833 1.03412e+06
6 0.475569 0.294879 1.57724 1.03416e+06
6 0.475466 0.287028 1.57735 1.03419e+06
6 0.4773 0.279359 1.57607 1.03422e+06
6 0.478717 0.273575 1.57646 1.03426e+06
6 0.479156 0.267982 1.57553 1.03429e+06
6 0.479456 0.262791 1.5743 1.03432e+06
6 0.479535 0.259596 1.57279 1.03436e+06
6 0.47988 0.257056 1.57203 1.03439e+06
6 0.48082 0.254824 1.57096 1.03444e+06
6 0.480516 0.255673 1.57043 1.03446e+06
6 0.480141 0.258948 1.56593 1.03449e+06
6 0.48059 0.263135 1.56616 1.03454e+06
6 0.482231 0.26921 1.56525 1.03456e+06
6 0.482389 0.276321 1.56339 1.03459e+06
6 0.482564 0.285641 1.55878 1.03462e+06
6 0.484433 0.296415 1.55825 1.03466e+06
6 0.486427 0.306139 1.55645 1.03469e+06
6 0.487546 0.317509 1.5574 1.03473e+06
6 0.488979 0.328986 1.55666 1.03476e+06
6 0.489655 0.341494 1.55605 1.03479e+06
6 0.490454 0.353739 1.55901 1.03482e+06
6 0.491739 0.366243 1.56069 1.03486e+06
6 0.490921 0.3784 1.56301 1.03489e+06
6 0.490124 0.392095 1.56776 1.03492e+06
6 0.494168 0.402294 1.57256 1.03496e+06
6 0.493918 0.413308 1.57762 1.03499e+06
6 0.495847 0.424972 1.58716 1.03503e+06
6 0.495274 0.439557 1.58868 1.03506e+06
6 0.494522 0.454962 1.59655 1.03509e+06
6 0.492051 0.471761 1.60004 1.03512e+06
6 0.493079 0.485177 1.6099 1.03516e+06
6 0.495606 0.496845 1.61938 1.03519e+06
6 0.495331 0.511133 1.62716 1.03523e+06
6 0.494757 0.524099 1.63486 1.03526e+06
6 0.492019 0.53646 1.6423 1.03529e+06
6 0.491614 0.544906 1.64806 1.03532e+06
6 0.492143 0.552473 1.65303 1.03536e+06
6 0.492799 0.554691 1.65461 1.03539e+06

7 0.657326 0.40815 1.52371 1.0485e+06
7 0.656761 0.409417 1.5219 1.04854e+06
7 0.656105 0.411257 1.52262 1.04857e+06
7 0.656822 0.413365 1.52376 1.04860e+06
7 0.656706 0.41671 1.52326 1.04864e+06
7 0.656889 0.414735 1.51849 1.04867e+06
7 0.658331 0.409774 1.51194 1.0487e+06
7 0.660446 0.400535 1.50678 1.04874e+06
7 0.663236 0.388849 1.50243 1.04877e+06
7 0.66425 0.374255 1.49613 1.0488e+06
7 0.667677 0.357117 1.4893 1.04884e+06
7 0.672498 0.340272 1.48988 1.04887e+06
7 0.675481 0.323617 1.48932 1.0489e+06
7 0.679068 0.307216 1.49011 1.04894e+06
7 0.680677 0.292604 1.48642 1.04897e+06
7 0.683762 0.281458 1.49234 1.049e+06
7 0.687391 0.274888 1.50359 1.04904e+06
7 0.690254 0.268258 1.50633 1.04907e+06
7 0.692579 0.265331 1.51295 1.0491e+06
7 0.694085 0.264921 1.51565 1.04914e+06
7 0.695096 0.26933 1.5114 1.04917e+06
7 0.694372 0.276491 1.50328 1.0492e+06
7 0.695917 0.290786 1.50177 1.04925e+06
7 0.696141 0.309159 1.50068 1.04928e+06
7 0.695654 0.331948 1.49962 1.0493e+06
7 0.698239 0.359018 1.50812 1.04935e+06
7 0.6981 0.387589 1.51598 1.04938e+06
7 0.698283 0.416663 1.52422 1.0494e+06
7 0.696209 0.447148 1.53109 1.04945e+06
7 0.692869 0.479265 1.53445 1.04948e+06
7 0.68959 0.506243 1.53762 1.04952e+06
7 0.687327 0.527507 1.5456 1.04955e+06
7 0.685183 0.542695 1.55073 1.04958e+06
7 0.682838 0.552881 1.55499 1.04962e+06
7 0.68131 0.55791 1.55773 1.04965e+06
7 0.680591 0.560137 1.55904 1.04968e+06
7 0.682001 0.559887 1.55791 1.04972e+06

8 0.748451 0.406414 1.55039 1.05131e+06
8 0.749939 0.408711 1.54765 1.05134e+06
8 0.750765 0.409978 1.54317 1.05138e+06
8 0.751202 0.409063 1.53935 1.05141e+06
8 0.751943 0.410472 1.53734 1.05144e+06
8 0.754476 0.410394 1.53768 1.05148e+06
8 0.755546 0.410573 1.53549 1.05151e+06
8 0.757583 0.406869 1.53131 1.05154e+06
8 0.759341 0.402134 1.52472 1.05158e+06
8 0.762355 0.395481 1.51581 1.05161e+06
8 0.764413 0.386883 1.51016 1.05164e+06
8 0.767239 0.378769 1.50429 1.05168e+06
8 0.770422 0.367373 1.49905 1.05171e+06
8 0.773481 0.354712 1.49233 1.05174e+06
8 0.775534 0.343959 1.48965 1.05178e+06
8 0.777201 0.330445 1.48534 1.05181e+06
8 0.779105 0.316947 1.47941 1.05184e+06
8 0.780805 0.303828 1.47513 1.05188e+06
8 0.782628 0.293918 1.47527 1.05191e+06
8 0.785401 0.280465 1.47285 1.05194e+06
8 0.787354 0.268903 1.4738 1.05198e+06
8 0.786338 0.261167 1.47603 1.05201e+06
8 0.786683 0.25332 1.47799 1.05204e+06
8 0.787337 0.24825 1.48 1.05208e+06
8 0.786805 0.241905 1.47929 1.05211e+06
8 0.786116 0.238391 1.47762 1.05214e+06
8 0.785713 0.236695 1.4763 1.05218e+06
8 0.785827 0.239673 1.47661 1.05221e+06
8 0.784836 0.245161 1.47658 1.05224e+06
8 0.787678 0.250219 1.47622 1.05228e+06
8 0.78813 0.260525 1.47338 1.05231e+06
8 0.787459 0.271102 1.46983 1.05234e+06
8 0.786885 0.284325 1.47169 1.05238e+06
8 0.787017 0.296822 1.47246 1.05241e+06
8 0.786338 0.311823 1.4712 1.05244e+06
8 0.7862 0.327346 1.47088 1.05248e+06
8 0.786517 0.345062 1.47555 1.05251e+06
8 0.787832 0.361702 1.47947 1.05254e+06
8 0.789165 0.381382 1.48672 1.05258e+06
8 0.788178 0.399966 1.48797 1.05261e+06
8 0.788718 0.418063 1.49513 1.05264e+06
8 0.786908 0.439766 1.49742 1.05268e+06
8 0.78513 0.459517 1.50387 1.05271e+06
8 0.783321 0.479685 1.50946 1.05275e+06
8 0.780783 0.500975 1.5146 1.05278e+06
8 0.776974 0.523011 1.52067 1.05281e+06
8 0.774475 0.542525 1.52632 1.05285e+06
8 0.772581 0.562719 1.53695 1.05288e+06
8 0.771881 0.579946 1.54645 1.05291e+06
8 0.771275 0.5926 1.55893 1.05294e+06
8 0.769357 0.606927 1.56953 1.05298e+06
8 0.769807 0.619772 1.57868 1.05301e+06
8 0.770601 0.628736 1.5851 1.05305e+06
8 0.770441 0.639205 1.59214 1.05308e+06
8 0.770872 0.645557 1.59833 1.05311e+06
8 0.772687 0.648716 1.60485 1.05315e+06

9 0.850822 0.414728 1.50772 1.05532e+06
9 0.850274 0.41476 1.50398 1.05535e+06
9 0.849857 0.414444 1.49832 1.05538e+06
9 0.853055 0.408435 1.49517 1.05542e+06
9 0.855901 0.401709 1.49135 1.05545e+06
9 0.857951 0.393084 1.48257 1.05548e+06
9 0.86126 0.381633 1.47828 1.05552e+06
9 0.863273 0.367847 1.4708 1.05555e+06
9 0.866879 0.355313 1.46408 1.05558e+06
9 0.870269 0.339825 1.4604 1.05562e+06
9 0.874232 0.322847 1.4555 1.05565e+06
9 0.877057 0.307038 1.45359 1.05568e+06
9 0.879369 0.287228 1.44915 1.05572e+06
9 0.882174 0.269316 1.44916 1.05575e+06
9 0.88512 0.254311 1.44896 1.05578e+06
9 0.887695 0.240036 1.45345 1.05582e+06
9 0.889803 0.22594 1.45804 1.05585e+06
9 0.892557 0.212738 1.46239 1.05588e+06
9 0.893727 0.204601 1.46523 1.05592e+06
9 0.894064 0.199389 1.46411 1.05595e+06
9 0.895491 0.195383 1.46658 1.05598e+06
9 0.900781 0.195185 1.47032 1.05602e+06
9 0.903249 0.198972 1.47469 1.05605e+06
9 0.904905 0.203586 1.47461 1.05609e+06
9 0.906272 0.211425 1.4723 1.05612e+06
9 0.906689 0.221784 1.47179 1.05615e+06
9 0.907701 0.233269 1.46721 1.05619e+06
9 0.908055 0.251209 1.46585 1.05622e+06
9 0.907959 0.26866 1.46316 1.05625e+06
9 0.907906 0.287948 1.45645 1.05629e+06
9 0.907516 0.310112 1.45667 1.05632e+06
9 0.906214 0.333369 1.46047 1.05635e+06
9 0.904301 0.357146 1.46573 1.05639e+06
9 0.90126 0.38066 1.47429 1.05642e+06
9 0.898214 0.405202 1.48214 1.05646e+06
9 0.894844 0.431678 1.48963 1.05649e+06
9 0.89056 0.454583 1.50165 1.05651e+06
9 0.887654 0.47995 1.49484 1.05656e+06
9 0.885215 0.504654 1.49651 1.05658e+06
9 0.882648 0.529562 1.50012 1.05661e+06
9 0.881209 0.551123 1.50705 1.05664e+06
9 0.879094 0.569312 1.52 1.05668e+06
9 0.878654 0.585058 1.53093 1.05671e+06
9 0.878596 0.600596 1.54027 1.05674e+06
9 0.878991 0.616148 1.55045 1.05678e+06
9 0.878181 0.630961 1.56418 1.05681e+06
9 0.879305 0.639815 1.5759 1.05684e+06
9 0.880569 0.651156 1.58851 1.05688e+06
9 0.881378 0.658839 1.59964 1.05691e+06
9 0.881251 0.663933 1.60432 1.05695e+06
9 0.881558 0.667003 1.6107 1.05698e+06
9 0.882339 0.668413 1.61431 1.05702e+06

