Gesto: 1
0 0.156499 0.213646 1.60633 304784
0 0.156426 0.214029 1.60144 304816
0 0.156391 0.213572 1.6011 304850
0 0.155665 0.212693 1.60477 304884
0 0.157658 0.211563 1.60204 304917
0 0.158951 0.209564 1.60363 304950
0 0.161612 0.203615 1.60731 304984
0 0.166318 0.195993 1.60535 305018
0 0.169137 0.187846 1.60678 305051
0 0.172943 0.178635 1.60887 305084
0 0.176857 0.170392 1.61298 305118
0 0.183156 0.159781 1.61803 305152
0 0.189548 0.147999 1.62246 305184
0 0.193558 0.136898 1.6299 305217
0 0.198444 0.126818 1.63533 305250
0 0.202435 0.119426 1.64416 305282
0 0.205037 0.114347 1.64378 305317
0 0.206633 0.110628 1.64278 305337
0 0.209191 0.107496 1.64443 305381
0 0.211468 0.107253 1.64079 305415
0 0.213292 0.108688 1.64543 305449
0 0.215528 0.111205 1.64428 305481
0 0.215719 0.115113 1.64054 305514
0 0.216766 0.123854 1.63185 305547
0 0.217638 0.130687 1.62552 305581
0 0.219485 0.13723 1.61981 305615
0 0.220435 0.148098 1.60636 305648
0 0.221582 0.159782 1.59765 305681
0 0.223311 0.172853 1.58914 305713
0 0.22574 0.182414 1.57865 305746
0 0.227396 0.195454 1.57179 305779
0 0.229273 0.207819 1.56502 305812
0 0.230419 0.220827 1.5588 305846
0 0.231274 0.230731 1.54787 305880
0 0.232858 0.242391 1.54577 305915
0 0.234546 0.253951 1.53965 305948
0 0.235471 0.263144 1.53714 305981
0 0.23562 0.272609 1.53465 306013
0 0.235913 0.280492 1.53417 306047
0 0.239008 0.28885 1.53249 306080
0 0.240164 0.29503 1.53183 306113
0 0.24159 0.302271 1.53183 306147
0 0.243383 0.305969 1.53242 306181
0 0.243144 0.309437 1.53224 306215
0 0.243288 0.313105 1.53588 306247
0 0.243578 0.31595 1.53691 306281
0 0.2436 0.317397 1.53753 306314
0 0.242607 0.316509 1.53793 306348
0 0.242211 0.315922 1.53478 306381
0 0.2422 0.315467 1.53367 306413
0 0.242173 0.316804 1.5374 306447
0 0.242938 0.316855 1.5386 306479

1 0.40939 0.253239 1.61571 308249
1 0.409236 0.253097 1.61447 308282
1 0.409342 0.251024 1.6177 308316
1 0.409068 0.249231 1.62088 308348
1 0.411998 0.246382 1.62243 308382
1 0.414651 0.242049 1.62265 308415
1 0.416619 0.233172 1.62198 308449
1 0.417086 0.221808 1.62477 308483
1 0.418054 0.211594 1.62865 308517
1 0.422559 0.197112 1.63614 308553
1 0.426158 0.18561 1.64197 308586
1 0.427336 0.174025 1.64466 308620
1 0.429315 0.164572 1.64977 308653
1 0.430865 0.156331 1.654 308687
1 0.434051 0.150944 1.65971 308721
1 0.436222 0.147326 1.66141 308755
1 0.435979 0.147287 1.66106 308788
1 0.437003 0.151525 1.65895 308822
1 0.437893 0.155471 1.65426 308855
1 0.439243 0.16302 1.651 308888
1 0.439303 0.17034 1.6453 308922
1 0.439996 0.180534 1.63765 308956
1 0.440498 0.193292 1.6318 308990
1 0.439947 0.207811 1.6248 309023
1 0.44057 0.223092 1.61777 309056
1 0.440046 0.235387 1.61298 309088
1 0.440958 0.249586 1.60982 309120
1 0.440663 0.262378 1.60786 309153
1 0.441193 0.278496 1.60589 309185
1 0.441574 0.293717 1.60453 309218
1 0.440925 0.306463 1.60219 309253
1 0.442079 0.315965 1.60066 309286
1 0.442501 0.322908 1.59425 309319
1 0.44279 0.324182 1.59279 309353
1 0.444697 0.32438 1.59998 309385
1 0.443444 0.32252 1.59603 309418
1 0.443098 0.321142 1.59178 309451
1 0.442818 0.319449 1.58999 309484

2 0.529864 0.249736 1.65125 312754
2 0.529794 0.249891 1.65126 312789
2 0.529761 0.24973 1.65029 312823
2 0.531537 0.248425 1.64912 312857
2 0.531516 0.247936 1.64828 312890
2 0.531981 0.246341 1.64771 312923
2 0.534901 0.240555 1.65191 312956
2 0.53618 0.233546 1.65548 312990
2 0.540209 0.225017 1.65462 313023
2 0.542879 0.215996 1.66071 313056
2 0.543635 0.207878 1.66098 313089
2 0.544457 0.199107 1.66742 313121
2 0.545183 0.190704 1.67445 313156
2 0.545532 0.185195 1.67793 313189
2 0.547025 0.179428 1.67727 313223
2 0.54798 0.174885 1.68115 313256
2 0.549069 0.171406 1.68555 313289
2 0.548921 0.17224 1.68373 313321
2 0.547613 0.175289 1.68357 313362
2 0.548853 0.178557 1.68184 313384
2 0.550237 0.183885 1.67993 313415
2 0.55037 0.191906 1.67341 313448
2 0.54981 0.199866 1.66871 313480
2 0.549471 0.211136 1.66554 313513
2 0.549358 0.223542 1.66269 313546
2 0.55152 0.235605 1.658 313596
2 0.549816 0.246774 1.65248 313611
2 0.549117 0.258778 1.64858 313645
2 0.548903 0.269962 1.64825 313694
2 0.551152 0.281023 1.64499 313726
2 0.550646 0.288387 1.64574 313760
2 0.549027 0.295781 1.64309 313793
2 0.549303 0.302728 1.64139 313827
2 0.550635 0.305239 1.64179 313861
2 0.552302 0.306189 1.64282 313895
2 0.552074 0.307485 1.64074 313911
2 0.55004 0.309037 1.63911 313962
2 0.548655 0.306828 1.63985 313979
2 0.550618 0.3032 1.64073 314013
2 0.551449 0.299916 1.64208 314046
2 0.552012 0.298235 1.6415 314081
2 0.552714 0.296888 1.64122 314114
2 0.555521 0.297248 1.64633 314146
2 0.556256 0.292337 1.64631 314180

3 0.604827 0.239338 1.65902 326529
3 0.605516 0.239501 1.65735 326560
3 0.606225 0.23892 1.65956 326594
3 0.605074 0.238192 1.66146 326628
3 0.605473 0.23618 1.65553 326661
3 0.60708 0.23349 1.65198 326695
3 0.609286 0.226043 1.65675 326728
3 0.611667 0.219125 1.65948 326762
3 0.611754 0.209618 1.66204 326795
3 0.613942 0.198932 1.67298 326828
3 0.614935 0.189255 1.6814 326862
3 0.613767 0.17879 1.68139 326896
3 0.617176 0.170036 1.69143 326930
3 0.618911 0.160058 1.69605 326962
3 0.620235 0.152259 1.70575 326996
3 0.620721 0.1443 1.71318 327030
3 0.620996 0.140022 1.71507 327063
3 0.621928 0.140478 1.72196 327097
3 0.621843 0.142796 1.72025 327130
3 0.620205 0.146823 1.71567 327163
3 0.622783 0.15309 1.71211 327195
3 0.621665 0.158918 1.70316 327230
3 0.621509 0.16768 1.70058 327264
3 0.621068 0.179788 1.69823 327297
3 0.622 0.189294 1.68983 327330
3 0.62437 0.201129 1.67746 327362
3 0.625661 0.213797 1.67382 327396
3 0.624832 0.228452 1.66985 327428
3 0.625641 0.24156 1.66515 327461
3 0.624482 0.255507 1.66529 327495
3 0.624945 0.267489 1.66391 327529
3 0.625759 0.276581 1.66366 327561
3 0.623779 0.287477 1.65985 327593
3 0.625488 0.297137 1.65577 327626
3 0.624465 0.306441 1.65546 327660
3 0.62395 0.313562 1.65206 327692
3 0.624213 0.319381 1.65091 327726
3 0.626076 0.32171 1.65244 327759
3 0.625392 0.323102 1.65377 327793
3 0.625849 0.323705 1.65176 327827
3 0.626674 0.323403 1.64925 327863
3 0.626821 0.320215 1.65183 327904
3 0.626455 0.316696 1.65152 327938

4 0.70918 0.239808 1.68467 329472
4 0.708867 0.24025 1.68358 329506
4 0.708681 0.240933 1.68204 329538
4 0.709803 0.240297 1.68215 329571
4 0.709409 0.240349 1.68098 329604
4 0.710014 0.239613 1.68364 329638
4 0.710431 0.234008 1.68218 329671
4 0.710553 0.227167 1.68027 329704
4 0.71197 0.22018 1.6791 329737
4 0.711433 0.210634 1.6819 329769
4 0.713437 0.202215 1.68881 329803
4 0.714397 0.191263 1.69562 329837
4 0.716438 0.183024 1.70598 329871
4 0.718432 0.172571 1.71306 329903
4 0.719181 0.162783 1.71333 329938
4 0.720666 0.155315 1.71759 329971
4 0.720893 0.148382 1.72336 330004
4 0.720713 0.144253 1.73179 330038
4 0.720335 0.142429 1.73707 330072
4 0.720992 0.141638 1.73577 330106
4 0.72149 0.141671 1.73286 330139
4 0.72364 0.147104 1.73214 330173
4 0.723819 0.153304 1.72417 330190
4 0.725433 0.158567 1.72292 330241
4 0.727341 0.16738 1.71638 330274
4 0.727545 0.179578 1.70639 330291
4 0.73066 0.192975 1.70125 330341
4 0.731263 0.209149 1.70074 330378
4 0.731774 0.224265 1.69772 330400
4 0.733242 0.240807 1.69054 330435
4 0.734402 0.256975 1.68676 330468
4 0.734687 0.272825 1.68363 330502
4 0.734848 0.285898 1.68261 330535
4 0.735126 0.299394 1.68474 330569
4 0.735192 0.309947 1.68282 330603
4 0.733989 0.317064 1.68238 330636
4 0.73343 0.320903 1.68065 330669
4 0.733345 0.319731 1.67922 330703

5 0.83388 0.234984 1.67819 332967
5 0.832089 0.237916 1.67373 333001
5 0.83165 0.233881 1.67168 333035
5 0.832216 0.232123 1.66825 333069
5 0.832095 0.228996 1.67169 333102
5 0.833382 0.225778 1.68348 333136
5 0.837888 0.219496 1.68555 333170
5 0.836182 0.212584 1.69624 333204
5 0.839047 0.202768 1.70112 333237
5 0.838491 0.190966 1.70748 333270
5 0.838746 0.182727 1.7159 333304
5 0.838857 0.171797 1.72329 333338
5 0.839997 0.161019 1.7263 333371
5 0.840025 0.151868 1.7305 333405
5 0.841937 0.142136 1.73649 333440
5 0.841734 0.13399 1.74129 333473
5 0.84262 0.128489 1.74802 333506
5 0.844314 0.124513 1.75498 333540
5 0.844571 0.121871 1.76105 333574
5 0.844376 0.116991 1.76312 333608
5 0.845285 0.114084 1.76617 333642
5 0.846472 0.109939 1.76561 333676
5 0.848354 0.108901 1.76816 333693
5 0.848174 0.112757 1.76874 333742
5 0.846463 0.116132 1.76431 333776
5 0.845985 0.118912 1.76079 333810
5 0.848241 0.122554 1.75739 333844
5 0.850887 0.129711 1.75367 333877
5 0.851764 0.136008 1.74646 333894
5 0.853706 0.142626 1.73872 333945
5 0.855561 0.150862 1.72891 333962
5 0.854958 0.162745 1.72213 334013
5 0.855334 0.175298 1.71711 334030
5 0.857217 0.187694 1.71018 334064
5 0.857437 0.199636 1.70688 334097
5 0.858921 0.213274 1.70334 334131
5 0.858003 0.226638 1.70067 334164
5 0.857466 0.237627 1.69594 334198
5 0.857824 0.247715 1.69635 334230
5 0.856939 0.259718 1.69322 334264
5 0.856983 0.271106 1.69502 334298
5 0.856728 0.281726 1.69384 334332
5 0.856093 0.292604 1.68932 334366
5 0.854383 0.304239 1.68714 334400
5 0.853814 0.312851 1.691 334433
5 0.854082 0.320331 1.68997 334467
5 0.854266 0.325678 1.69109 334501
5 0.852495 0.334002 1.68443 334534
5 0.852698 0.338529 1.68186 334568
5 0.855143 0.343953 1.68818 334602
5 0.853826 0.349705 1.69032 334636
5 0.852153 0.353188 1.68621 334669
5 0.852707 0.354351 1.68984 334701
5 0.852416 0.355312 1.68902 334735
5 0.853989 0.353798 1.69026 334768
5 0.85371 0.354284 1.69432 334801

6 0.3218 0.464054 1.63101 337476
6 0.320477 0.464478 1.63347 337508
6 0.322114 0.463829 1.63639 337542
6 0.323123 0.463526 1.63503 337576
6 0.325864 0.458682 1.63504 337610
6 0.326493 0.454185 1.63251 337644
6 0.328124 0.447276 1.63138 337677
6 0.330278 0.436189 1.63212 337711
6 0.33491 0.423714 1.63182 337745
6 0.339379 0.408617 1.63323 337779
6 0.342056 0.392754 1.63353 337812
6 0.345975 0.379543 1.63717 337846
6 0.348207 0.365643 1.64059 337880
6 0.349424 0.353857 1.64244 337914
6 0.350325 0.346359 1.6419 337948
6 0.354125 0.343089 1.64042 337965
6 0.356301 0.341552 1.64115 338016
6 0.356708 0.341309 1.6393 338033
6 0.358039 0.342261 1.63608 338065
6 0.357357 0.349738 1.63695 338114
6 0.359407 0.359577 1.63567 338147
6 0.361205 0.372185 1.63146 338180
6 0.361592 0.385225 1.63185 338214
6 0.363507 0.403234 1.62962 338246
6 0.364821 0.419529 1.62808 338280
6 0.365805 0.437191 1.62778 338313
6 0.366641 0.45186 1.62891 338346
6 0.367605 0.465717 1.63068 338384
6 0.367704 0.480216 1.63028 338406
6 0.369998 0.492739 1.63158 338445
6 0.369394 0.504398 1.63249 338477
6 0.371108 0.513917 1.63145 338512
6 0.372438 0.52284 1.63536 338545
6 0.373385 0.530532 1.63728 338578
6 0.373823 0.534873 1.64134 338611
6 0.373866 0.540077 1.64333 338643
6 0.373659 0.545522 1.63942 338676
6 0.373391 0.548395 1.63828 338708
6 0.373551 0.550274 1.63698 338741
6 0.373352 0.550774 1.63709 338773
6 0.373638 0.551257 1.63554 338808
6 0.374191 0.549644 1.6361 338841

7 0.549886 0.444717 1.68165 340174
7 0.552245 0.446434 1.68052 340208
7 0.550162 0.446498 1.68105 340241
7 0.550751 0.4468 1.67979 340275
7 0.549632 0.443863 1.68148 340308
7 0.550878 0.437805 1.68319 340342
7 0.554377 0.429756 1.68626 340377
7 0.556545 0.420852 1.6823 340419
7 0.558714 0.410623 1.68553 340435
7 0.560369 0.398527 1.68763 340468
7 0.561387 0.384552 1.68615 340502
7 0.564191 0.370891 1.68413 340537
7 0.566637 0.360953 1.68398 340570
7 0.566963 0.350418 1.68217 340604
7 0.567976 0.342207 1.68064 340638
7 0.568697 0.334051 1.6846 340672
7 0.569516 0.329282 1.68741 340706
7 0.571666 0.325125 1.69447 340740
7 0.572664 0.323494 1.70012 340774
7 0.57185 0.324095 1.69995 340809
7 0.573471 0.328133 1.70522 340841
7 0.573619 0.331611 1.70376 340875
7 0.574675 0.334597 1.69694 340909
7 0.575824 0.341499 1.69179 340943
7 0.578318 0.349481 1.69102 340977
7 0.579957 0.361817 1.69273 341011
7 0.580472 0.374892 1.69915 341045
7 0.581047 0.391522 1.7031 341079
7 0.581515 0.406378 1.70598 341112
7 0.581387 0.424398 1.70519 341146
7 0.582417 0.441891 1.70579 341180
7 0.582254 0.458475 1.70675 341214
7 0.581923 0.475925 1.70706 341248
7 0.58372 0.491916 1.7061 341282
7 0.584676 0.506507 1.70497 341315
7 0.584652 0.515952 1.70926 341349
7 0.584377 0.523889 1.71212 341383
7 0.585541 0.529277 1.71354 341416
7 0.585945 0.534123 1.71122 341450
7 0.585887 0.53602 1.71259 341467
7 0.584872 0.535684 1.71618 341517
7 0.585007 0.53418 1.71761 341550
7 0.584202 0.533274 1.71479 341567

8 0.738864 0.439534 1.70281 343019
8 0.738434 0.438712 1.70275 343035
8 0.738091 0.437823 1.70316 343083
8 0.738156 0.435583 1.69957 343116
8 0.74068 0.430665 1.69751 343150
8 0.744958 0.421879 1.69805 343182
8 0.744688 0.412713 1.70282 343215
8 0.743742 0.403107 1.70625 343248
8 0.746399 0.389103 1.71104 343281
8 0.748596 0.374323 1.71222 343314
8 0.749216 0.361441 1.70939 343347
8 0.750702 0.349508 1.71556 343381
8 0.752254 0.33519 1.71435 343414
8 0.75548 0.324998 1.71318 343448
8 0.754769 0.313569 1.71423 343482
8 0.755068 0.306615 1.71875 343516
8 0.755651 0.302195 1.72312 343550
8 0.75571 0.29909 1.73222 343585
8 0.756706 0.298768 1.73689 343617
8 0.756876 0.298458 1.73676 343651
8 0.758487 0.298699 1.7287 343683
8 0.758962 0.301069 1.72743 343717
8 0.759215 0.306544 1.72666 343749
8 0.759858 0.310973 1.72191 343783
8 0.760339 0.31943 1.71739 343817
8 0.76209 0.328508 1.71933 343850
8 0.76318 0.338747 1.7145 343882
8 0.763422 0.351023 1.70931 343915
8 0.764216 0.364289 1.71138 343948
8 0.761294 0.378222 1.70999 343981
8 0.762881 0.387964 1.71111 344014
8 0.764578 0.401218 1.71305 344048
8 0.764258 0.414379 1.70883 344081
8 0.761768 0.425039 1.70853 344114
8 0.762579 0.4382 1.71164 344148
8 0.762587 0.448902 1.70839 344181
8 0.76286 0.459384 1.70884 344215
8 0.763109 0.470856 1.71125 344249
8 0.762781 0.479609 1.71968 344283
8 0.759957 0.490434 1.72608 344316
8 0.758038 0.498855 1.73039 344349
8 0.756132 0.510313 1.72653 344383
8 0.755577 0.517801 1.73163 344416
8 0.755055 0.52726 1.73195 344450
8 0.754354 0.533315 1.73525 344484
8 0.754468 0.537102 1.74124 344518
8 0.752912 0.539981 1.73965 344552
8 0.752159 0.541529 1.73869 344586
8 0.751529 0.544192 1.73682 344603

9 0.48759 0.669798 1.71369 346190
9 0.486996 0.669773 1.71209 346207
9 0.488822 0.668412 1.71267 346241
9 0.489151 0.666308 1.71313 346275
9 0.491233 0.660787 1.71489 346309
9 0.492281 0.656521 1.70724 346343
9 0.494626 0.646666 1.70807 346376
9 0.49778 0.636906 1.70917 346408
9 0.500068 0.623204 1.7097 346442
9 0.500313 0.610688 1.70743 346475
9 0.504303 0.595893 1.70913 346509
9 0.506448 0.579925 1.71015 346541
9 0.506856 0.563257 1.70449 346574
9 0.508371 0.550223 1.7032 346607
9 0.510731 0.540829 1.70501 346641
9 0.511362 0.534848 1.70783 346674
9 0.510212 0.53034 1.70611 346708
9 0.511763 0.529775 1.70623 346741
9 0.511949 0.532272 1.70142 346774
9 0.510964 0.535449 1.70094 346807
9 0.512132 0.544712 1.69925 346839
9 0.514021 0.554777 1.70022 346889
9 0.514952 0.568794 1.69876 346906
9 0.516223 0.583114 1.70467 346940
9 0.515843 0.598997 1.69951 346989
9 0.514593 0.615158 1.7017 347006
9 0.513878 0.630943 1.70164 347039
9 0.514884 0.649619 1.69731 347087
9 0.515269 0.669844 1.69271 347121
9 0.516356 0.686058 1.69316 347154
9 0.515265 0.703461 1.68631 347188
9 0.514009 0.715467 1.6891 347205
9 0.514467 0.728101 1.69282 347255
9 0.514588 0.738952 1.69548 347289
9 0.514579 0.747618 1.70034 347306
9 0.514746 0.753907 1.70735 347355
9 0.513475 0.761833 1.71233 347387
9 0.511604 0.769194 1.71184 347421
9 0.51161 0.773867 1.71701 347456
9 0.511572 0.776505 1.7232 347487
9 0.511433 0.777665 1.72632 347520

