Gesto: 1
0 0.661017 0.280175 1.70262 1.13704e+06
0 0.660915 0.280783 1.7032 1.13708e+06
0 0.660705 0.28066 1.70597 1.13711e+06
0 0.661063 0.281607 1.70715 1.13714e+06
0 0.663113 0.279218 1.70842 1.13718e+06
0 0.66452 0.280239 1.70682 1.1372e+06
0 0.664876 0.280246 1.70495 1.13725e+06
0 0.664651 0.278784 1.70616 1.13726e+06
0 0.666514 0.276992 1.7024 1.1373e+06
0 0.667369 0.273201 1.69808 1.13735e+06
0 0.67136 0.269872 1.69901 1.13736e+06
0 0.673218 0.266319 1.70182 1.1374e+06
0 0.675888 0.25798 1.69969 1.13743e+06
0 0.679749 0.252498 1.7021 1.13747e+06
0 0.683099 0.248812 1.70626 1.1375e+06
0 0.686813 0.243392 1.70573 1.13753e+06
0 0.689199 0.239357 1.70539 1.13757e+06
0 0.690955 0.236535 1.70854 1.1376e+06
0 0.692202 0.234977 1.71163 1.13764e+06
0 0.694258 0.228636 1.70893 1.13767e+06
0 0.696371 0.228126 1.71601 1.13771e+06
0 0.699189 0.226466 1.71427 1.13774e+06
0 0.701196 0.224855 1.71379 1.13778e+06
0 0.702214 0.22155 1.71334 1.13781e+06
0 0.703084 0.222092 1.71241 1.13784e+06
0 0.704158 0.222611 1.71523 1.13788e+06
0 0.705554 0.220838 1.71923 1.1379e+06
0 0.707466 0.219919 1.71773 1.13795e+06
0 0.707661 0.22281 1.71748 1.13796e+06
0 0.706201 0.228212 1.71254 1.13801e+06
0 0.705939 0.234069 1.71122 1.13803e+06
0 0.707975 0.239004 1.71227 1.13806e+06
0 0.710399 0.244506 1.71075 1.13812e+06
0 0.711194 0.24918 1.70718 1.13813e+06
0 0.711872 0.257871 1.70189 1.13816e+06
0 0.713362 0.269409 1.70093 1.13821e+06
0 0.715371 0.27724 1.70051 1.13825e+06
0 0.715614 0.287454 1.7014 1.13826e+06
0 0.716575 0.298274 1.70214 1.13831e+06
0 0.717336 0.311618 1.70108 1.13835e+06
0 0.716991 0.325276 1.69908 1.13838e+06
0 0.71723 0.333902 1.69829 1.13841e+06
0 0.71697 0.345355 1.69767 1.13844e+06
0 0.716361 0.356044 1.69906 1.13848e+06
0 0.716323 0.365128 1.6982 1.13851e+06
0 0.716104 0.374581 1.69634 1.13854e+06
0 0.714641 0.381254 1.70215 1.13858e+06
0 0.714073 0.387727 1.7023 1.13861e+06
0 0.712756 0.394621 1.69997 1.13864e+06
0 0.713332 0.398406 1.70027 1.13868e+06
0 0.712759 0.401807 1.7043 1.13871e+06
0 0.713135 0.40462 1.70113 1.13874e+06
0 0.71088 0.405362 1.70425 1.13877e+06
0 0.70938 0.405877 1.70726 1.13881e+06
0 0.708683 0.406 1.70857 1.13884e+06
0 0.708337 0.406191 1.70972 1.13888e+06
0 0.709903 0.405887 1.71127 1.13891e+06
0 0.711903 0.406772 1.70558 1.13894e+06

1 0.591091 0.441764 1.72995 1.14114e+06
1 0.592275 0.44127 1.72958 1.14117e+06
1 0.592491 0.438592 1.731 1.1412e+06
1 0.592761 0.436356 1.72844 1.14124e+06
1 0.594108 0.433757 1.73078 1.14127e+06
1 0.594477 0.430031 1.72545 1.1413e+06
1 0.593755 0.429628 1.71664 1.14134e+06
1 0.597599 0.425193 1.7144 1.14137e+06
1 0.601479 0.420276 1.71638 1.1414e+06
1 0.603489 0.417303 1.71574 1.14144e+06
1 0.606722 0.408902 1.72327 1.14147e+06
1 0.609358 0.404029 1.72275 1.14150e+06
1 0.612346 0.398394 1.71752 1.14154e+06
1 0.614668 0.390468 1.71279 1.14157e+06
1 0.616793 0.384681 1.70973 1.14161e+06
1 0.620599 0.37811 1.71056 1.14164e+06
1 0.623893 0.375041 1.71369 1.14167e+06
1 0.627316 0.372058 1.71087 1.14171e+06
1 0.629236 0.367053 1.7055 1.14174e+06
1 0.63087 0.366837 1.7057 1.14177e+06
1 0.631944 0.363828 1.71058 1.14181e+06
1 0.632156 0.365283 1.706 1.14184e+06
1 0.632495 0.365926 1.70544 1.14188e+06
1 0.632316 0.363728 1.70242 1.14191e+06
1 0.634309 0.367017 1.70126 1.14194e+06
1 0.632694 0.369817 1.70396 1.14198e+06
1 0.632399 0.376422 1.7057 1.14201e+06
1 0.63286 0.378539 1.7081 1.14204e+06
1 0.632781 0.386287 1.70613 1.14208e+06
1 0.633267 0.395522 1.70589 1.14211e+06
1 0.63354 0.405571 1.70427 1.14214e+06
1 0.634189 0.411822 1.70619 1.14218e+06
1 0.63585 0.425314 1.70392 1.14221e+06
1 0.636482 0.434712 1.70181 1.14224e+06
1 0.636618 0.446361 1.69935 1.14228e+06
1 0.637546 0.459684 1.70168 1.14231e+06
1 0.636993 0.474514 1.69868 1.14234e+06
1 0.638667 0.481324 1.70374 1.14238e+06
1 0.638202 0.492141 1.70865 1.14241e+06
1 0.638571 0.502727 1.70788 1.14244e+06
1 0.638881 0.512328 1.71349 1.14248e+06
1 0.638709 0.523364 1.71668 1.14251e+06
1 0.638992 0.52943 1.72368 1.14254e+06
1 0.638981 0.533872 1.73034 1.14257e+06
1 0.638639 0.541932 1.73078 1.14261e+06
1 0.639373 0.546567 1.73823 1.14264e+06
1 0.639706 0.548479 1.74298 1.14267e+06
1 0.639743 0.550713 1.74497 1.14271e+06
1 0.639734 0.552146 1.74373 1.14274e+06

2 0.543542 0.35892 1.68687 1.14515e+06
2 0.543619 0.358636 1.68869 1.14518e+06
2 0.54371 0.357781 1.68929 1.14521e+06
2 0.544803 0.356816 1.68884 1.14525e+06
2 0.546017 0.352771 1.68777 1.14528e+06
2 0.546865 0.350736 1.68184 1.14531e+06
2 0.549003 0.348474 1.68427 1.14534e+06
2 0.552252 0.346326 1.68135 1.14538e+06
2 0.554735 0.34295 1.68127 1.14541e+06
2 0.557749 0.337588 1.68488 1.14545e+06
2 0.561017 0.332414 1.68409 1.14548e+06
2 0.565473 0.32505 1.68406 1.14551e+06
2 0.569282 0.320202 1.68692 1.14554e+06
2 0.572496 0.311178 1.68171 1.14558e+06
2 0.577084 0.3051 1.68232 1.14561e+06
2 0.579757 0.301967 1.68418 1.14564e+06
2 0.582533 0.299538 1.68627 1.14568e+06
2 0.58541 0.295996 1.68995 1.14571e+06
2 0.585505 0.291536 1.69675 1.14574e+06
2 0.587262 0.287083 1.69955 1.14578e+06
2 0.589844 0.279276 1.69628 1.14581e+06
2 0.591227 0.277096 1.69825 1.14584e+06
2 0.592041 0.276414 1.70315 1.14588e+06
2 0.592525 0.27671 1.70598 1.14591e+06
2 0.59349 0.279355 1.70575 1.14594e+06
2 0.593706 0.281094 1.70216 1.14598e+06
2 0.592398 0.285445 1.70282 1.14601e+06
2 0.592065 0.289769 1.70225 1.14604e+06
2 0.593248 0.294304 1.69765 1.14608e+06
2 0.593219 0.301334 1.69823 1.14611e+06
2 0.592969 0.309258 1.69719 1.14614e+06
2 0.593533 0.319673 1.69624 1.14618e+06
2 0.593561 0.331519 1.69739 1.14621e+06
2 0.593876 0.344599 1.70155 1.14624e+06
2 0.593795 0.354078 1.70165 1.14628e+06
2 0.594184 0.364459 1.70323 1.14631e+06
2 0.59411 0.376439 1.70865 1.14634e+06
2 0.594797 0.387493 1.71112 1.14638e+06
2 0.594976 0.397911 1.71222 1.14641e+06
2 0.594168 0.409553 1.71553 1.14644e+06
2 0.595562 0.417345 1.7133 1.14648e+06
2 0.593487 0.430459 1.71525 1.14651e+06
2 0.592729 0.438904 1.71869 1.14654e+06
2 0.591964 0.446492 1.72215 1.14658e+06
2 0.593528 0.454049 1.72747 1.14661e+06
2 0.59366 0.457459 1.73278 1.14664e+06
2 0.593116 0.46304 1.73007 1.14668e+06
2 0.592569 0.467027 1.72978 1.14671e+06
2 0.592745 0.468895 1.72902 1.14674e+06
2 0.591316 0.470169 1.72641 1.14678e+06
2 0.590806 0.47091 1.72646 1.14681e+06
2 0.591441 0.471189 1.73066 1.14684e+06
2 0.592136 0.470849 1.73225 1.14688e+06
2 0.592755 0.471667 1.73446 1.14691e+06
2 0.592041 0.475106 1.73347 1.14694e+06
2 0.591033 0.480456 1.73122 1.14698e+06
2 0.590663 0.483809 1.73061 1.14701e+06
2 0.590381 0.485811 1.73171 1.14704e+06

3 0.620392 0.156215 1.70428 1.14901e+06
3 0.620496 0.156373 1.7034 1.14904e+06
3 0.62052 0.155994 1.70321 1.14907e+06
3 0.623811 0.154188 1.70134 1.14912e+06
3 0.62689 0.154253 1.69938 1.14914e+06
3 0.628616 0.151622 1.69772 1.14917e+06
3 0.630874 0.147026 1.70031 1.14922e+06
3 0.634077 0.142139 1.69974 1.14924e+06
3 0.633933 0.138858 1.69851 1.14927e+06
3 0.634572 0.133103 1.70264 1.14932e+06
3 0.638179 0.128376 1.70811 1.14936e+06
3 0.641442 0.123969 1.70795 1.14937e+06
3 0.642501 0.116836 1.70958 1.14942e+06
3 0.644643 0.115448 1.71288 1.14946e+06
3 0.644196 0.11103 1.71424 1.14947e+06
3 0.646114 0.106902 1.71467 1.14952e+06
3 0.647282 0.103837 1.71563 1.14955e+06
3 0.64807 0.101618 1.71823 1.14959e+06
3 0.648952 0.102812 1.7169 1.14962e+06
3 0.649811 0.101572 1.72084 1.14965e+06
3 0.651054 0.10308 1.72176 1.14968e+06
3 0.651065 0.107644 1.72317 1.14972e+06
3 0.653504 0.107623 1.72289 1.14975e+06
3 0.654185 0.113468 1.71903 1.14978e+06
3 0.653253 0.11814 1.71933 1.14982e+06
3 0.655706 0.125077 1.71412 1.14985e+06
3 0.657774 0.129427 1.71154 1.14988e+06
3 0.659251 0.138588 1.71028 1.14992e+06
3 0.662354 0.146816 1.70863 1.14995e+06
3 0.66496 0.152778 1.70712 1.14998e+06
3 0.666669 0.160883 1.70023 1.15002e+06
3 0.666448 0.173346 1.69721 1.15005e+06
3 0.667648 0.182012 1.69382 1.15008e+06
3 0.668324 0.191223 1.69068 1.15012e+06
3 0.670086 0.199912 1.68834 1.15015e+06
3 0.672574 0.211844 1.67844 1.15019e+06
3 0.673849 0.224331 1.67447 1.15023e+06
3 0.674563 0.23268 1.66909 1.15025e+06
3 0.676717 0.241355 1.66965 1.15028e+06
3 0.675991 0.249081 1.66478 1.15031e+06
3 0.677302 0.257631 1.66539 1.15034e+06
3 0.677835 0.264311 1.66434 1.15038e+06
3 0.678579 0.267916 1.66507 1.15042e+06
3 0.678194 0.274894 1.65584 1.15045e+06
3 0.678695 0.278766 1.65913 1.15048e+06
3 0.678486 0.282582 1.65985 1.15051e+06

4 0.665499 0.473287 1.77391 1.15232e+06
4 0.665473 0.470935 1.77164 1.15236e+06
4 0.666134 0.469888 1.77004 1.15239e+06
4 0.665695 0.465841 1.77265 1.15242e+06
4 0.667919 0.464525 1.77089 1.15246e+06
4 0.671202 0.462043 1.7686 1.15249e+06
4 0.673736 0.458092 1.76723 1.15252e+06
4 0.676016 0.455329 1.76585 1.15256e+06
4 0.677293 0.452165 1.76899 1.15258e+06
4 0.677296 0.448395 1.773 1.15262e+06
4 0.679881 0.441824 1.77608 1.15266e+06
4 0.683134 0.439364 1.77623 1.15268e+06
4 0.68523 0.434597 1.77316 1.15273e+06
4 0.686507 0.432145 1.77537 1.15274e+06
4 0.688284 0.427869 1.77892 1.15278e+06
4 0.690796 0.422628 1.77468 1.15281e+06
4 0.693539 0.41973 1.77456 1.15284e+06
4 0.694712 0.417437 1.77009 1.15288e+06
4 0.695587 0.416654 1.7694 1.15291e+06
4 0.696164 0.416389 1.76789 1.15295e+06
4 0.697876 0.414681 1.76528 1.15298e+06
4 0.699237 0.415652 1.76261 1.15301e+06
4 0.699084 0.414252 1.76509 1.15305e+06
4 0.698194 0.42189 1.76554 1.15308e+06
4 0.696854 0.426124 1.76083 1.15311e+06
4 0.697079 0.427776 1.76705 1.15315e+06
4 0.698306 0.429469 1.76807 1.15318e+06
4 0.697918 0.435694 1.7648 1.15321e+06
4 0.695009 0.440137 1.77138 1.15324e+06
4 0.692896 0.445648 1.77394 1.15328e+06
4 0.694312 0.451872 1.77281 1.15333e+06
4 0.693312 0.458705 1.77543 1.15334e+06
4 0.694222 0.466083 1.7741 1.15338e+06
4 0.693057 0.471305 1.77915 1.15341e+06
4 0.691869 0.479143 1.77969 1.15345e+06
4 0.693922 0.487234 1.78272 1.1535e+06
4 0.694829 0.496705 1.78463 1.15351e+06
4 0.694406 0.505179 1.78471 1.15354e+06
4 0.693236 0.512395 1.78809 1.15359e+06
4 0.693261 0.519724 1.78924 1.15362e+06
4 0.693331 0.525885 1.79306 1.15366e+06
4 0.692881 0.531622 1.79794 1.15369e+06
4 0.691911 0.536383 1.80166 1.15373e+06
4 0.692912 0.542436 1.80356 1.15376e+06
4 0.69347 0.547909 1.80516 1.15379e+06
4 0.694215 0.550858 1.80878 1.15383e+06
4 0.693001 0.554336 1.81176 1.15386e+06
4 0.693563 0.560352 1.81266 1.15389e+06
4 0.693525 0.564521 1.81212 1.15392e+06
4 0.693907 0.567293 1.81096 1.15396e+06
4 0.694138 0.570659 1.8181 1.15399e+06
4 0.693464 0.570845 1.81612 1.15403e+06
4 0.692294 0.572551 1.81417 1.15406e+06

5 0.547736 0.567124 1.80888 1.15612e+06
5 0.548077 0.567623 1.80831 1.15615e+06
5 0.549142 0.566821 1.81138 1.15619e+06
5 0.548886 0.564682 1.81054 1.15622e+06
5 0.549416 0.56482 1.81245 1.15625e+06
5 0.550289 0.564292 1.81376 1.15629e+06
5 0.551766 0.563338 1.81495 1.15632e+06
5 0.552983 0.560622 1.8121 1.15635e+06
5 0.556414 0.558707 1.80639 1.15639e+06
5 0.558055 0.555969 1.80489 1.15642e+06
5 0.561813 0.554256 1.80299 1.15645e+06
5 0.561906 0.553939 1.80267 1.15649e+06
5 0.560402 0.554582 1.79239 1.15652e+06
5 0.559721 0.555153 1.78502 1.15655e+06
5 0.559527 0.555639 1.7827 1.15658e+06
5 0.559909 0.556148 1.78163 1.15662e+06
5 0.562112 0.554378 1.78016 1.15665e+06
5 0.564017 0.55439 1.77694 1.15668e+06
5 0.567857 0.554269 1.77836 1.15673e+06
5 0.568794 0.547952 1.77914 1.15676e+06
5 0.570304 0.544788 1.7777 1.15678e+06
5 0.572102 0.541985 1.77886 1.15683e+06
5 0.572543 0.542437 1.78114 1.15686e+06
5 0.571749 0.542581 1.78058 1.15688e+06
5 0.574045 0.541149 1.78075 1.15693e+06
5 0.575008 0.539929 1.78036 1.15696e+06
5 0.575406 0.539809 1.78077 1.15699e+06
5 0.574564 0.53877 1.78098 1.15702e+06
5 0.573691 0.538356 1.7811 1.15706e+06
5 0.575281 0.539054 1.78462 1.15709e+06
5 0.574622 0.543322 1.78362 1.15712e+06
5 0.574618 0.542921 1.78595 1.15716e+06
5 0.576087 0.54507 1.78575 1.15719e+06
5 0.577088 0.547131 1.78891 1.15722e+06
5 0.575766 0.550364 1.79359 1.15726e+06
5 0.573396 0.552933 1.79411 1.15729e+06
5 0.574588 0.555412 1.7987 1.15732e+06
5 0.573742 0.557359 1.80522 1.15736e+06
5 0.573279 0.563249 1.8086 1.15739e+06
5 0.571643 0.570435 1.80875 1.15742e+06
5 0.571449 0.577631 1.80925 1.15746e+06
5 0.571943 0.582377 1.81181 1.15749e+06
5 0.572997 0.58502 1.81709 1.15752e+06
5 0.573614 0.584958 1.82277 1.15756e+06
5 0.573554 0.587213 1.82664 1.15759e+06
5 0.572687 0.594535 1.82574 1.15762e+06
5 0.573081 0.596368 1.83336 1.15766e+06
5 0.573665 0.604231 1.83241 1.15769e+06
5 0.574363 0.606312 1.83958 1.15772e+06
5 0.575919 0.609172 1.8448 1.15776e+06
5 0.577049 0.616103 1.84273 1.15779e+06
5 0.577201 0.616608 1.84845 1.15782e+06
5 0.578029 0.618504 1.8534 1.15786e+06
5 0.578168 0.625004 1.85142 1.15789e+06
5 0.578351 0.630001 1.85409 1.15792e+06
5 0.578968 0.62803 1.8578 1.15795e+06
5 0.578561 0.630556 1.85726 1.15799e+06
5 0.576018 0.634804 1.85788 1.15802e+06
5 0.576231 0.630435 1.86107 1.15805e+06
5 0.575993 0.633879 1.85942 1.15809e+06
5 0.575836 0.630765 1.86083 1.15812e+06
5 0.575851 0.633999 1.85854 1.15816e+06

6 0.762483 0.314516 1.79933 1.16035e+06
6 0.762478 0.313379 1.79677 1.16039e+06
6 0.762323 0.312828 1.79403 1.16042e+06
6 0.762751 0.312124 1.79635 1.16045e+06
6 0.76403 0.312391 1.79623 1.16049e+06
6 0.766944 0.314558 1.79642 1.16052e+06
6 0.768049 0.313738 1.79353 1.16055e+06
6 0.766546 0.312229 1.79368 1.16058e+06
6 0.767632 0.307383 1.79008 1.16062e+06
6 0.768783 0.303769 1.78621 1.16065e+06
6 0.768659 0.300218 1.79336 1.1607e+06
6 0.769282 0.296109 1.79247 1.16073e+06
6 0.77063 0.291034 1.79283 1.16077e+06
6 0.773426 0.285688 1.79491 1.1608e+06
6 0.771773 0.282284 1.79976 1.16083e+06
6 0.772222 0.276365 1.79885 1.16086e+06
6 0.772241 0.272281 1.79575 1.1609e+06
6 0.773028 0.270883 1.79721 1.16093e+06
6 0.77258 0.268247 1.79814 1.16095e+06
6 0.772474 0.266676 1.79889 1.161e+06
6 0.774334 0.263174 1.80033 1.16103e+06
6 0.77423 0.262249 1.80243 1.16105e+06
6 0.772718 0.257148 1.80521 1.1611e+06
6 0.772764 0.254378 1.80201 1.16113e+06
6 0.774995 0.250358 1.8019 1.16115e+06
6 0.775065 0.249538 1.8021 1.1612e+06
6 0.776483 0.24748 1.80201 1.16123e+06
6 0.775725 0.248076 1.80131 1.16125e+06
6 0.776358 0.250274 1.80012 1.1613e+06
6 0.776117 0.255654 1.79443 1.16133e+06
6 0.778793 0.259365 1.80009 1.16135e+06
6 0.779753 0.259622 1.80337 1.1614e+06
6 0.780592 0.263562 1.80131 1.16143e+06
6 0.78318 0.271828 1.80008 1.16146e+06
6 0.781775 0.281588 1.80053 1.1615e+06
6 0.781071 0.289213 1.80313 1.16153e+06
6 0.782635 0.295991 1.79722 1.16155e+06
6 0.781909 0.303903 1.79972 1.1616e+06
6 0.782217 0.313707 1.79127 1.16163e+06
6 0.783334 0.322541 1.79201 1.16165e+06
6 0.783954 0.335249 1.7911 1.1617e+06
6 0.784009 0.344297 1.79035 1.16173e+06
6 0.783926 0.354093 1.78585 1.16177e+06
6 0.785837 0.362918 1.78446 1.1618e+06
6 0.785738 0.372659 1.78705 1.16183e+06
6 0.782999 0.38218 1.79102 1.16186e+06
6 0.783544 0.393112 1.79153 1.1619e+06
6 0.781 0.402552 1.79216 1.16193e+06
6 0.78033 0.410038 1.794 1.16196e+06
6 0.779954 0.421197 1.79382 1.162e+06
6 0.779804 0.427636 1.7965 1.16203e+06
6 0.778285 0.433057 1.79968 1.16206e+06
6 0.777396 0.437783 1.79396 1.1621e+06
6 0.777559 0.443277 1.79533 1.16213e+06

7 0.509931 0.209305 1.65381 1.21256e+06
7 0.510556 0.20987 1.65504 1.2126e+06
7 0.512061 0.208476 1.6539 1.21263e+06
7 0.514461 0.207256 1.65154 1.21266e+06
7 0.515305 0.202629 1.65341 1.2127e+06
7 0.518458 0.199364 1.65296 1.21273e+06
7 0.520137 0.196409 1.65649 1.21276e+06
7 0.522469 0.189534 1.65847 1.2128e+06
7 0.524422 0.184982 1.65233 1.21283e+06
7 0.527514 0.175664 1.65758 1.21286e+06
7 0.530393 0.169234 1.66074 1.21291e+06
7 0.534013 0.163199 1.66306 1.21293e+06
7 0.534418 0.158322 1.66479 1.21296e+06
7 0.538211 0.151745 1.67463 1.21301e+06
7 0.541537 0.147547 1.68061 1.21304e+06
7 0.543036 0.142563 1.6859 1.21306e+06
7 0.545121 0.136159 1.69452 1.21311e+06
7 0.546379 0.136072 1.70197 1.21313e+06
7 0.548194 0.135439 1.70225 1.21318e+06
7 0.547757 0.136639 1.70249 1.2132e+06
7 0.549375 0.137814 1.69467 1.21323e+06
7 0.550916 0.13799 1.69139 1.21326e+06
7 0.553127 0.141642 1.68679 1.2133e+06
7 0.555324 0.150119 1.68265 1.21333e+06
7 0.556203 0.15643 1.67773 1.21336e+06
7 0.555691 0.166693 1.66944 1.2134e+06
7 0.5588 0.177961 1.66183 1.21343e+06
7 0.560223 0.190515 1.65419 1.21346e+06
7 0.562907 0.201632 1.6506 1.2135e+06
7 0.566812 0.210494 1.63639 1.21353e+06
7 0.5677 0.220804 1.63768 1.21357e+06
7 0.568454 0.233675 1.63431 1.2136e+06
7 0.569004 0.246686 1.63269 1.21363e+06
7 0.570022 0.258697 1.63047 1.21367e+06
7 0.571721 0.267776 1.62687 1.2137e+06
7 0.572417 0.278629 1.62586 1.21373e+06
7 0.573756 0.290727 1.62645 1.21377e+06
7 0.574645 0.299585 1.62552 1.2138e+06
7 0.574912 0.30854 1.62335 1.21383e+06
7 0.575658 0.315604 1.62355 1.21387e+06
7 0.574463 0.319423 1.62378 1.2139e+06
7 0.57492 0.323032 1.62308 1.21393e+06

8 0.42882 0.14117 1.69121 1.216e+06
8 0.429357 0.141902 1.68588 1.21604e+06
8 0.430312 0.142124 1.68242 1.21607e+06
8 0.432815 0.141444 1.68402 1.21610e+06
8 0.434837 0.139941 1.68525 1.21614e+06
8 0.436054 0.138279 1.68634 1.21617e+06
8 0.440587 0.133464 1.68988 1.2162e+06
8 0.443422 0.129889 1.6918 1.21624e+06
8 0.446667 0.125783 1.69185 1.21627e+06
8 0.450371 0.121854 1.69241 1.2163e+06
8 0.455044 0.11963 1.69745 1.21634e+06
8 0.459734 0.114988 1.69974 1.21637e+06
8 0.464648 0.110738 1.70316 1.2164e+06
8 0.468658 0.107084 1.70532 1.21644e+06
8 0.470475 0.104884 1.70539 1.21647e+06
8 0.475295 0.102731 1.71233 1.2165e+06
8 0.480123 0.101491 1.71416 1.21654e+06
8 0.482354 0.100179 1.71716 1.21657e+06
8 0.483856 0.0969322 1.71493 1.2166e+06
8 0.483892 0.0979914 1.71355 1.21664e+06
8 0.484058 0.0990946 1.71175 1.21667e+06
8 0.483489 0.100632 1.70748 1.2167e+06
8 0.483949 0.101961 1.70307 1.21674e+06
8 0.48374 0.108288 1.7012 1.21677e+06
8 0.48401 0.113347 1.69882 1.2168e+06
8 0.484144 0.117421 1.69313 1.21683e+06
8 0.484568 0.122267 1.68832 1.21687e+06
8 0.484468 0.1299 1.68239 1.2169e+06
8 0.485341 0.136802 1.67889 1.21694e+06
8 0.484786 0.146127 1.67123 1.21697e+06
8 0.486081 0.154683 1.6643 1.217e+06
8 0.485159 0.164975 1.65127 1.21704e+06
8 0.487511 0.172445 1.65041 1.21707e+06
8 0.491338 0.18128 1.64357 1.2171e+06
8 0.492681 0.188591 1.6406 1.21714e+06
8 0.49505 0.197502 1.63397 1.21717e+06
8 0.495668 0.204877 1.62942 1.2172e+06
8 0.497291 0.217049 1.6251 1.21724e+06
8 0.49716 0.225399 1.62158 1.21727e+06
8 0.497246 0.23804 1.61838 1.2173e+06
8 0.499383 0.247607 1.61831 1.21733e+06
8 0.500498 0.256262 1.61748 1.21737e+06
8 0.500554 0.261971 1.61699 1.2174e+06
8 0.499514 0.269613 1.61233 1.21744e+06
8 0.499567 0.274298 1.61116 1.21747e+06

9 0.31455 0.166441 1.76622 1.22007e+06
9 0.314778 0.166023 1.76351 1.22011e+06
9 0.315022 0.166228 1.75982 1.22014e+06
9 0.315201 0.166648 1.75621 1.22017e+06
9 0.316428 0.163305 1.75528 1.22021e+06
9 0.319986 0.158328 1.75985 1.22024e+06
9 0.323432 0.155454 1.75779 1.22027e+06
9 0.326169 0.154262 1.75346 1.22031e+06
9 0.329381 0.149477 1.75342 1.22034e+06
9 0.331287 0.145963 1.75167 1.22037e+06
9 0.335893 0.141277 1.75069 1.22041e+06
9 0.340497 0.138469 1.74811 1.22044e+06
9 0.344343 0.132049 1.74816 1.22047e+06
9 0.348255 0.128292 1.74729 1.2205e+06
9 0.351116 0.123068 1.74524 1.22054e+06
9 0.353313 0.122859 1.74115 1.22057e+06
9 0.355289 0.119607 1.74015 1.2206e+06
9 0.355141 0.11606 1.73444 1.22064e+06
9 0.355832 0.114749 1.73501 1.22067e+06
9 0.358921 0.11427 1.73618 1.2207e+06
9 0.360911 0.115436 1.73613 1.22074e+06
9 0.359593 0.116086 1.73723 1.22077e+06
9 0.358983 0.116918 1.73493 1.2208e+06
9 0.357713 0.117333 1.73445 1.22084e+06
9 0.357114 0.118202 1.73779 1.22087e+06
9 0.356577 0.130287 1.72605 1.2209e+06
9 0.357896 0.139518 1.71917 1.22094e+06
9 0.358132 0.150716 1.71039 1.22097e+06
9 0.360099 0.15832 1.70497 1.221e+06
9 0.3596 0.1671 1.69825 1.22104e+06
9 0.360038 0.17764 1.69015 1.22107e+06
9 0.36029 0.186144 1.68308 1.2211e+06
9 0.361766 0.19481 1.67749 1.22114e+06
9 0.361187 0.206327 1.66757 1.22117e+06
9 0.36177 0.217942 1.664 1.2212e+06
9 0.363084 0.227929 1.65953 1.22124e+06
9 0.362715 0.239016 1.65167 1.22127e+06
9 0.362663 0.24937 1.64798 1.22131e+06
9 0.363227 0.261839 1.64223 1.22134e+06
9 0.364406 0.271027 1.63871 1.22137e+06
9 0.365488 0.281493 1.63682 1.22141e+06
9 0.36558 0.288604 1.63598 1.22144e+06
9 0.366183 0.295612 1.63071 1.22148e+06
9 0.366788 0.300526 1.62964 1.22151e+06
9 0.36731 0.302882 1.62776 1.22154e+06

