Gesto: 2
0 0.134651 0.147493 1.76409 357859
0 0.135826 0.146991 1.7639 357893
0 0.135739 0.144093 1.76572 357927
0 0.135626 0.144236 1.76069 357961
0 0.135844 0.143687 1.7598 357993
0 0.135983 0.143593 1.75525 358027
0 0.135665 0.143693 1.75389 358061
0 0.135058 0.145306 1.75657 358095
0 0.135063 0.146248 1.75408 358129
0 0.137842 0.144209 1.75703 358163
0 0.137169 0.143446 1.76088 358196
0 0.13807 0.143755 1.75641 358230
0 0.140533 0.144057 1.75252 358265
0 0.14381 0.1423 1.75518 358298
0 0.148656 0.144131 1.76323 358331
0 0.154284 0.145229 1.76722 358365
0 0.161892 0.143567 1.76907 358399
0 0.171894 0.14468 1.77051 358416
0 0.181796 0.141134 1.77057 358466
0 0.192398 0.139098 1.76719 358483
0 0.202963 0.137125 1.76795 358516
0 0.214546 0.136065 1.76896 358567
0 0.223759 0.135345 1.76726 358584
0 0.231546 0.135747 1.76548 358616
0 0.237812 0.141155 1.77063 358665
0 0.242054 0.14587 1.7722 358682
0 0.243079 0.149092 1.76414 358716
0 0.243338 0.153439 1.75946 358765
0 0.240407 0.160327 1.75833 358798
0 0.235869 0.167083 1.74835 358815
0 0.229365 0.175652 1.7453 358864
0 0.223797 0.187597 1.74361 358896
0 0.214908 0.198947 1.73965 358929
0 0.207423 0.211709 1.73633 358963
0 0.199519 0.224623 1.73358 358995
0 0.193203 0.23853 1.72986 359029
0 0.186283 0.25199 1.72559 359063
0 0.180535 0.260944 1.71904 359098
0 0.178896 0.271199 1.71377 359131
0 0.178909 0.2767 1.71196 359165
0 0.179956 0.279688 1.71134 359199
0 0.185105 0.281126 1.71062 359233
0 0.188771 0.281409 1.71402 359266
0 0.198191 0.282596 1.71674 359283
0 0.206116 0.282978 1.72103 359334
0 0.214331 0.282821 1.72517 359351
0 0.22492 0.282669 1.7268 359385
0 0.232591 0.283634 1.72946 359434
0 0.243064 0.283551 1.73103 359451
0 0.252539 0.283901 1.73895 359485
0 0.261558 0.285603 1.74248 359519
0 0.268458 0.285352 1.74702 359553
0 0.27562 0.285693 1.74547 359587
0 0.280774 0.288394 1.7486 359621
0 0.286847 0.290253 1.75389 359655
0 0.291116 0.29179 1.75528 359688
0 0.296981 0.293766 1.7606 359721
0 0.297878 0.293794 1.76129 359755
0 0.299179 0.294177 1.76608 359788

1 0.385965 0.153845 1.75632 361864
1 0.38605 0.154263 1.75338 361898
1 0.385831 0.153756 1.7554 361932
1 0.386835 0.152565 1.75734 361965
1 0.389344 0.152647 1.7614 361998
1 0.393559 0.152216 1.76169 362030
1 0.396973 0.150176 1.76626 362064
1 0.404417 0.14866 1.77028 362098
1 0.414167 0.146669 1.77606 362131
1 0.422184 0.146665 1.78473 362165
1 0.431196 0.146126 1.79004 362199
1 0.440325 0.144023 1.79596 362233
1 0.448804 0.143652 1.80029 362267
1 0.457188 0.143408 1.80332 362301
1 0.4618 0.143439 1.80373 362318
1 0.463505 0.144094 1.80249 362368
1 0.462893 0.149363 1.80243 362385
1 0.462475 0.153183 1.80315 362418
1 0.462004 0.155962 1.79917 362468
1 0.456336 0.161492 1.79155 362500
1 0.453118 0.168515 1.78777 362517
1 0.446654 0.175389 1.78364 362568
1 0.44078 0.18563 1.77384 362602
1 0.432734 0.198528 1.76568 362636
1 0.42395 0.212567 1.76421 362669
1 0.418119 0.221588 1.75807 362686
1 0.408508 0.23315 1.7563 362738
1 0.401347 0.243664 1.75117 362755
1 0.395829 0.255338 1.75302 362788
1 0.391669 0.266699 1.75413 362823
1 0.388563 0.274745 1.75198 362855
1 0.386566 0.279146 1.74668 362888
1 0.386139 0.281137 1.74634 362922
1 0.387381 0.283927 1.74799 362956
1 0.389953 0.284224 1.75028 362988
1 0.395147 0.28247 1.7523 363021
1 0.402037 0.281862 1.75389 363054
1 0.411238 0.280557 1.75674 363088
1 0.420811 0.27931 1.75313 363122
1 0.431284 0.278366 1.75468 363156
1 0.440265 0.276959 1.75974 363189
1 0.452162 0.276718 1.75949 363222
1 0.46225 0.27572 1.76995 363256
1 0.471344 0.276043 1.77676 363288
1 0.478243 0.276258 1.78474 363321
1 0.489379 0.275736 1.78676 363354
1 0.497564 0.27635 1.78483 363388
1 0.503219 0.278095 1.78342 363422
1 0.509551 0.282072 1.78694 363456
1 0.512845 0.284837 1.79036 363490
1 0.514742 0.284672 1.7933 363523
1 0.515586 0.284974 1.79444 363557
1 0.516043 0.285073 1.7945 363591

2 0.623348 0.150142 1.79675 365659
2 0.623388 0.151044 1.79515 365692
2 0.624712 0.149915 1.79288 365726
2 0.626287 0.149019 1.78978 365760
2 0.62894 0.148387 1.78904 365793
2 0.632737 0.148934 1.79074 365827
2 0.638332 0.147602 1.79115 365861
2 0.645303 0.146359 1.79347 365895
2 0.655409 0.145112 1.79856 365928
2 0.666529 0.144499 1.80444 365962
2 0.673122 0.143442 1.80899 365996
2 0.681499 0.143611 1.81591 366030
2 0.68931 0.144285 1.81964 366064
2 0.698986 0.14712 1.82974 366098
2 0.704743 0.146308 1.83028 366131
2 0.707724 0.147325 1.84116 366164
2 0.711361 0.147955 1.84532 366198
2 0.710899 0.149471 1.84804 366230
2 0.709815 0.151447 1.84438 366264
2 0.708564 0.153579 1.83755 366298
2 0.706342 0.159176 1.83933 366332
2 0.701417 0.166606 1.83439 366366
2 0.69693 0.17709 1.82358 366399
2 0.689467 0.185218 1.81338 366433
2 0.684155 0.194984 1.81172 366467
2 0.67425 0.206575 1.81166 366501
2 0.669462 0.216253 1.80495 366533
2 0.661863 0.227968 1.80108 366567
2 0.656042 0.240163 1.80251 366600
2 0.648153 0.24969 1.79525 366634
2 0.642654 0.260397 1.7942 366668
2 0.641419 0.267978 1.79182 366703
2 0.639283 0.277102 1.79564 366736
2 0.638053 0.282424 1.79545 366770
2 0.637651 0.282295 1.79487 366804
2 0.637811 0.285585 1.79091 366838
2 0.640215 0.283576 1.79086 366870
2 0.645851 0.285161 1.79187 366903
2 0.651405 0.285937 1.79346 366924
2 0.661148 0.283867 1.79878 366968
2 0.66886 0.282177 1.80499 367001
2 0.676995 0.282931 1.81133 367034
2 0.687534 0.283465 1.81623 367067
2 0.699321 0.283361 1.82226 367100
2 0.707812 0.280506 1.8256 367135
2 0.714373 0.281556 1.83183 367168
2 0.724147 0.281917 1.84322 367200
2 0.72986 0.282329 1.85218 367233
2 0.736253 0.281269 1.85745 367267
2 0.741488 0.280827 1.8595 367300
2 0.744243 0.280426 1.86057 367333
2 0.746607 0.279792 1.86762 367367
2 0.747137 0.279915 1.87089 367401
2 0.746764 0.280392 1.86878 367433
2 0.746807 0.280622 1.86573 367466

3 0.852579 0.148138 1.85454 369391
3 0.853023 0.147702 1.85412 369425
3 0.854392 0.148918 1.85491 369475
3 0.85497 0.15047 1.85174 369492
3 0.856682 0.153684 1.86591 369526
3 0.856776 0.156575 1.87254 369560
3 0.860775 0.15334 1.87221 369593
3 0.86415 0.147512 1.86875 369627
3 0.8674 0.148398 1.87103 369659
3 0.870948 0.148252 1.87762 369693
3 0.87704 0.146855 1.87812 369726
3 0.880629 0.142603 1.875 369760
3 0.887123 0.139367 1.88565 369792
3 0.897568 0.145145 1.89484 369843
3 0.904658 0.149041 1.9031 369860
3 0.910699 0.147887 1.90943 369895
3 0.915012 0.145984 1.91459 369928
3 0.91576 0.148054 1.91829 369960
3 0.917504 0.148178 1.9068 369993
3 0.919863 0.149694 1.90678 370027
3 0.917445 0.152177 1.9049 370059
3 0.916285 0.155017 1.90505 370094
3 0.912244 0.159653 1.90016 370143
3 0.908507 0.166636 1.89203 370160
3 0.9052 0.177958 1.88565 370194
3 0.90076 0.187093 1.87966 370228
3 0.897124 0.199462 1.87575 370261
3 0.893773 0.213192 1.86931 370295
3 0.889418 0.222734 1.87282 370343
3 0.884341 0.234919 1.86966 370359
3 0.880962 0.24702 1.8698 370393
3 0.877854 0.257995 1.86735 370443
3 0.876484 0.264914 1.86462 370460
3 0.873195 0.272745 1.86459 370494
3 0.871403 0.279841 1.86342 370528
3 0.870445 0.284068 1.86062 370562
3 0.869702 0.28677 1.86085 370596
3 0.869981 0.288936 1.86209 370630
3 0.871538 0.289999 1.85506 370664
3 0.873613 0.29304 1.85255 370698
3 0.876124 0.29243 1.85712 370731
3 0.880999 0.292335 1.85845 370764
3 0.8875 0.294275 1.86172 370798
3 0.892161 0.290914 1.86268 370832
3 0.898094 0.290869 1.86276 370866
3 0.90515 0.2923 1.87457 370900
3 0.911357 0.29023 1.87894 370934
3 0.917805 0.292511 1.88642 370968
3 0.924158 0.293641 1.88373 371001
3 0.929153 0.290574 1.88736 371035
3 0.931875 0.29128 1.88997 371069
3 0.932382 0.293032 1.88098 371102
3 0.932452 0.294079 1.8709 371135
3 0.933693 0.294005 1.86697 371168
3 0.933607 0.294068 1.86578 371202

4 0.302634 0.381885 1.73288 375003
4 0.304258 0.382086 1.73198 375036
4 0.306083 0.381482 1.73009 375069
4 0.307606 0.382918 1.72908 375102
4 0.310876 0.382063 1.72519 375136
4 0.3135 0.3809 1.72623 375169
4 0.31722 0.380832 1.72996 375201
4 0.322586 0.379186 1.732 375234
4 0.330267 0.378071 1.73419 375269
4 0.336565 0.376672 1.73415 375301
4 0.344663 0.376686 1.736 375335
4 0.350568 0.376646 1.73354 375368
4 0.356203 0.376696 1.73623 375400
4 0.358409 0.376356 1.73207 375434
4 0.362949 0.374313 1.73487 375468
4 0.366515 0.375623 1.7385 375503
4 0.366501 0.375635 1.73814 375536
4 0.367159 0.376126 1.73578 375569
4 0.365346 0.377879 1.73231 375603
4 0.363911 0.378805 1.72904 375637
4 0.360112 0.382956 1.73646 375670
4 0.357801 0.38533 1.74637 375704
4 0.354929 0.393361 1.74945 375737
4 0.349269 0.400595 1.74862 375771
4 0.344623 0.404073 1.74885 375804
4 0.342466 0.409337 1.7554 375837
4 0.336592 0.4159 1.75299 375869
4 0.331937 0.423214 1.75377 375900
4 0.326674 0.429794 1.74503 375941
4 0.32542 0.435831 1.74762 375981
4 0.321793 0.441288 1.74633 376014
4 0.319193 0.445219 1.74527 376031
4 0.31771 0.447123 1.74321 376080
4 0.314745 0.453575 1.74264 376097
4 0.313469 0.456406 1.74442 376131
4 0.312918 0.4578 1.74554 376165
4 0.312778 0.458567 1.74421 376197
4 0.313272 0.458999 1.7453 376231
4 0.318365 0.456836 1.74792 376280
4 0.321738 0.45689 1.74987 376298
4 0.328255 0.456704 1.75377 376330
4 0.332813 0.456778 1.75311 376381
4 0.340403 0.458635 1.75341 376398
4 0.350245 0.459843 1.75254 376432
4 0.35625 0.459463 1.74845 376467
4 0.364983 0.460283 1.74988 376501
4 0.374489 0.464131 1.74987 376534
4 0.379583 0.463551 1.74608 376568
4 0.38187 0.462487 1.74628 376600
4 0.385573 0.461347 1.75165 376633
4 0.388495 0.462427 1.75324 376667
4 0.39055 0.46205 1.75381 376701
4 0.393048 0.461956 1.7582 376735
4 0.391894 0.462605 1.7545 376769
4 0.393857 0.462253 1.75483 376803
4 0.395912 0.462986 1.75529 376836
4 0.397149 0.462746 1.75758 376870

5 0.523006 0.365153 1.74192 379106
5 0.522608 0.364167 1.73863 379138
5 0.525371 0.364489 1.73826 379171
5 0.52852 0.363945 1.73917 379204
5 0.529732 0.363389 1.73984 379236
5 0.531387 0.361976 1.73994 379271
5 0.536357 0.361106 1.73971 379303
5 0.539359 0.360957 1.73799 379337
5 0.544932 0.359862 1.73934 379369
5 0.550841 0.35915 1.73527 379402
5 0.555684 0.358645 1.74095 379434
5 0.560173 0.359576 1.73921 379484
5 0.565624 0.359123 1.74372 379517
5 0.569382 0.358909 1.75142 379533
5 0.571969 0.358839 1.74692 379584
5 0.575842 0.357947 1.74999 379617
5 0.581796 0.358385 1.75366 379633
5 0.585143 0.358278 1.75908 379682
5 0.587152 0.358668 1.76111 379715
5 0.587424 0.358975 1.76315 379748
5 0.590744 0.360166 1.75872 379782
5 0.590384 0.361684 1.76212 379814
5 0.590253 0.362998 1.7644 379848
5 0.588756 0.36517 1.76253 379881
5 0.58729 0.366387 1.75635 379915
5 0.586273 0.370013 1.75177 379948
5 0.581697 0.37378 1.75843 379981
5 0.577837 0.379622 1.75907 380015
5 0.572534 0.38613 1.76154 380048
5 0.567072 0.393875 1.75927 380081
5 0.563412 0.399828 1.76315 380115
5 0.55655 0.407793 1.75958 380149
5 0.552437 0.414102 1.75695 380182
5 0.547325 0.42189 1.74959 380216
5 0.541774 0.426851 1.75021 380233
5 0.538287 0.43065 1.75148 380284
5 0.533946 0.435532 1.74932 380301
5 0.531336 0.439975 1.75084 380335
5 0.528217 0.443271 1.75015 380369
5 0.525355 0.445386 1.74648 380402
5 0.524364 0.447248 1.74519 380439
5 0.527807 0.448747 1.74794 380480
5 0.531231 0.451362 1.74973 380513
5 0.534453 0.455241 1.74885 380547
5 0.540122 0.457306 1.75443 380581
5 0.548762 0.457 1.75968 380615
5 0.555446 0.45709 1.75694 380649
5 0.565304 0.458259 1.75993 380683
5 0.576165 0.459565 1.76598 380717
5 0.582501 0.457272 1.77031 380750
5 0.592361 0.456113 1.77546 380784
5 0.597871 0.455293 1.78019 380801
5 0.601361 0.454722 1.78451 380851
5 0.607797 0.455048 1.78824 380868
5 0.611837 0.456531 1.78778 380901
5 0.615064 0.457025 1.78753 380952
5 0.619225 0.456445 1.79106 380969
5 0.621285 0.456375 1.79261 381003
5 0.619724 0.456937 1.78779 381037

6 0.747955 0.357883 1.77886 382507
6 0.748894 0.358337 1.77768 382540
6 0.750139 0.35801 1.78086 382574
6 0.751115 0.358049 1.78148 382606
6 0.754172 0.357601 1.78384 382640
6 0.756051 0.357414 1.78933 382674
6 0.759654 0.357189 1.79555 382706
6 0.761311 0.357333 1.79361 382738
6 0.763702 0.358413 1.79563 382771
6 0.767671 0.357456 1.79436 382820
6 0.772189 0.357193 1.79428 382837
6 0.780343 0.357133 1.79526 382871
6 0.784311 0.357929 1.79732 382920
6 0.787161 0.357228 1.79621 382936
6 0.790329 0.356612 1.79927 382985
6 0.79528 0.356986 1.79253 383019
6 0.796965 0.357172 1.79897 383052
6 0.797445 0.357894 1.80467 383087
6 0.799203 0.35912 1.81173 383103
6 0.802114 0.361542 1.81364 383137
6 0.803694 0.362921 1.81259 383185
6 0.805657 0.361962 1.81103 383219
6 0.808016 0.364368 1.81028 383250
6 0.806355 0.368639 1.80822 383283
6 0.804047 0.373488 1.80808 383315
6 0.801343 0.378195 1.80692 383347
6 0.795995 0.382327 1.80483 383381
6 0.790302 0.39037 1.80117 383415
6 0.78435 0.401132 1.80538 383447
6 0.773342 0.411634 1.80509 383480
6 0.762257 0.424628 1.80327 383513
6 0.750065 0.433927 1.8002 383546
6 0.740854 0.443324 1.79733 383580
6 0.732186 0.451189 1.80115 383612
6 0.725957 0.457205 1.7995 383644
6 0.718736 0.464771 1.79165 383678
6 0.715381 0.470115 1.78968 383712
6 0.714913 0.470445 1.79551 383745
6 0.714102 0.471225 1.79447 383778
6 0.714164 0.471203 1.79639 383812
6 0.713014 0.472373 1.78912 383844
6 0.712477 0.472807 1.78818 383878
6 0.71324 0.471904 1.78667 383911
6 0.715696 0.470549 1.78761 383944
6 0.719626 0.469437 1.79165 383978
6 0.724092 0.470143 1.80001 384011
6 0.730708 0.469529 1.80268 384045
6 0.740114 0.470061 1.80336 384079
6 0.74675 0.46874 1.81176 384113
6 0.755201 0.465201 1.81961 384147
6 0.764588 0.464768 1.82535 384181
6 0.772207 0.4636 1.82553 384215
6 0.779915 0.464498 1.82337 384249
6 0.786414 0.462954 1.82704 384283
6 0.792465 0.460367 1.83367 384317
6 0.796008 0.458364 1.83635 384351
6 0.798355 0.457828 1.84013 384385
6 0.799204 0.458016 1.8369 384420
6 0.799811 0.458914 1.83539 384453
6 0.79983 0.458984 1.83308 384487
6 0.799791 0.458756 1.82951 384504
6 0.80011 0.457246 1.83489 384553
6 0.800207 0.457086 1.83759 384587
6 0.799893 0.45673 1.842 384604
6 0.799291 0.45684 1.843 384655
6 0.798832 0.456959 1.8404 384672
6 0.799019 0.457613 1.83998 384705
6 0.797834 0.459139 1.83941 384755
6 0.795869 0.461695 1.83605 384787

7 0.423676 0.498012 1.75924 395559
7 0.424672 0.497322 1.76216 395593
7 0.42584 0.497015 1.76092 395625
7 0.426072 0.497797 1.7562 395659
7 0.430602 0.498734 1.76313 395693
7 0.432705 0.498064 1.76097 395726
7 0.434313 0.497178 1.75944 395760
7 0.438698 0.495678 1.76526 395795
7 0.443829 0.497113 1.76634 395826
7 0.446702 0.496821 1.76117 395860
7 0.451581 0.494671 1.7629 395891
7 0.457107 0.495112 1.76594 395925
7 0.46256 0.494323 1.76628 395959
7 0.466193 0.494567 1.7643 395993
7 0.472754 0.492847 1.76558 396027
7 0.476274 0.491979 1.76319 396061
7 0.480137 0.492427 1.76799 396094
7 0.482051 0.492918 1.76969 396128
7 0.484449 0.492026 1.77002 396162
7 0.484672 0.492771 1.77285 396196
7 0.482245 0.492434 1.77002 396228
7 0.481226 0.493189 1.7705 396262
7 0.480754 0.492816 1.77264 396297
7 0.478929 0.494029 1.77104 396330
7 0.476611 0.497476 1.77277 396364
7 0.472674 0.504117 1.76765 396382
7 0.467151 0.508958 1.767 396432
7 0.464854 0.51431 1.76776 396449
7 0.461632 0.518166 1.7714 396483
7 0.456322 0.523744 1.7735 396517
7 0.454155 0.529953 1.77362 396551
7 0.450504 0.53569 1.77289 396584
7 0.449171 0.53976 1.77624 396618
7 0.446783 0.542177 1.78429 396652
7 0.441791 0.549354 1.78722 396686
7 0.438373 0.553673 1.78982 396719
7 0.436229 0.557663 1.79539 396753
7 0.434319 0.563856 1.79836 396786
7 0.4331 0.568715 1.79654 396820
7 0.431011 0.571548 1.79985 396854
7 0.429006 0.57432 1.80008 396888
7 0.428149 0.574994 1.80272 396922
7 0.427876 0.575295 1.80232 396956
7 0.427687 0.575536 1.80199 396989
7 0.426942 0.576061 1.79748 397022
7 0.426282 0.577087 1.79605 397055
7 0.429629 0.57593 1.79994 397088
7 0.432301 0.575948 1.79973 397122
7 0.434162 0.575116 1.80009 397156
7 0.439411 0.574821 1.8002 397190
7 0.442878 0.575072 1.80203 397223
7 0.446117 0.574973 1.8006 397255
7 0.453294 0.575509 1.80003 397289
7 0.456237 0.576027 1.79394 397322
7 0.462285 0.575868 1.79599 397357
7 0.468405 0.575773 1.79698 397390
7 0.472359 0.574058 1.7992 397423
7 0.476389 0.573564 1.79906 397458
7 0.480156 0.574298 1.79584 397492
7 0.482074 0.573809 1.79687 397525
7 0.483126 0.573622 1.7982 397558
7 0.483406 0.572768 1.79851 397591
7 0.483087 0.572595 1.79955 397624
7 0.483274 0.572382 1.79957 397658
7 0.482995 0.572398 1.80009 397691

8 0.6226 0.485804 1.77905 400620
8 0.622709 0.486236 1.77966 400654
8 0.622711 0.486445 1.77994 400688
8 0.624407 0.484758 1.77981 400722
8 0.624865 0.483889 1.77981 400755
8 0.627105 0.485481 1.78102 400789
8 0.629901 0.485491 1.78409 400823
8 0.633617 0.485724 1.78296 400857
8 0.634914 0.484897 1.78032 400889
8 0.640538 0.486667 1.77872 400923
8 0.645283 0.486919 1.7743 400957
8 0.649192 0.48723 1.77024 400991
8 0.652711 0.484768 1.7695 401023
8 0.657125 0.485429 1.76959 401055
8 0.664233 0.485587 1.76986 401089
8 0.669468 0.485733 1.77232 401123
8 0.671878 0.486565 1.77135 401157
8 0.676029 0.486721 1.77683 401190
8 0.676705 0.486111 1.78023 401223
8 0.677943 0.485322 1.78448 401257
8 0.678982 0.485643 1.78383 401289
8 0.681185 0.487557 1.77758 401323
8 0.682279 0.487374 1.78203 401355
8 0.680893 0.488491 1.7752 401388
8 0.679035 0.490752 1.77183 401422
8 0.676312 0.493269 1.77057 401454
8 0.674405 0.495166 1.7718 401489
8 0.669594 0.499407 1.76711 401522
8 0.666389 0.50442 1.7674 401555
8 0.662205 0.508197 1.7647 401588
8 0.656135 0.510161 1.77175 401622
8 0.649988 0.515209 1.77736 401654
8 0.645968 0.521786 1.7762 401689
8 0.641695 0.526096 1.77602 401722
8 0.637705 0.53076 1.77323 401756
8 0.632644 0.53667 1.77363 401790
8 0.627807 0.540118 1.77919 401823
8 0.624818 0.541791 1.78186 401855
8 0.622152 0.543834 1.78551 401887
8 0.619361 0.549684 1.7868 401920
8 0.616521 0.552267 1.79038 401953
8 0.616279 0.553673 1.79424 401987
8 0.613436 0.555899 1.79454 402021
8 0.612399 0.557272 1.79819 402055
8 0.611926 0.558276 1.7994 402089
8 0.611706 0.558807 1.79995 402121
8 0.61172 0.558104 1.80157 402154
8 0.611613 0.55834 1.80321 402188
8 0.611338 0.558594 1.80282 402222
8 0.614317 0.555371 1.80243 402271
8 0.617372 0.556234 1.80149 402289
8 0.620333 0.55909 1.79703 402322
8 0.621163 0.560307 1.79548 402355
8 0.627391 0.558819 1.79479 402389
8 0.63195 0.561301 1.79724 402422
8 0.635211 0.560567 1.79632 402456
8 0.641762 0.559199 1.79639 402490
8 0.646769 0.558338 1.79844 402524
8 0.652458 0.562778 1.792 402557
8 0.656226 0.561739 1.79185 402590
8 0.658873 0.561929 1.79198 402624
8 0.664821 0.562197 1.79257 402658
8 0.668792 0.561921 1.79468 402691
8 0.671105 0.560925 1.79512 402724
8 0.671975 0.56116 1.79457 402757
8 0.673134 0.56129 1.79862 402793
8 0.673374 0.561335 1.79975 402826
8 0.67415 0.561558 1.80162 402860
8 0.674508 0.561201 1.79894 402894
8 0.673693 0.561706 1.79641 402928
8 0.673466 0.561781 1.79511 402962
8 0.673117 0.562651 1.79205 402996
8 0.673251 0.562856 1.79152 403030
8 0.672874 0.562997 1.79068 403064
8 0.673573 0.56188 1.79075 403098

9 0.49953 0.635128 1.91905 412906
9 0.499665 0.635314 1.91756 412939
9 0.499593 0.635545 1.91434 412972
9 0.499565 0.636176 1.91271 413004
9 0.499923 0.636026 1.91389 413037
9 0.500531 0.635903 1.91367 413071
9 0.500634 0.636157 1.9141 413104
9 0.502567 0.635692 1.90823 413137
9 0.503192 0.636059 1.90543 413169
9 0.504348 0.636065 1.90826 413203
9 0.506768 0.63528 1.91057 413235
9 0.510425 0.635839 1.91513 413268
9 0.514481 0.635114 1.90894 413302
9 0.51663 0.635472 1.90516 413336
9 0.521998 0.635843 1.91372 413369
9 0.526035 0.634437 1.91346 413403
9 0.531007 0.634567 1.91666 413436
9 0.534794 0.635177 1.91771 413471
9 0.536076 0.633089 1.90981 413512
9 0.541724 0.634707 1.91563 413533
9 0.544412 0.63563 1.91721 413565
9 0.545761 0.636235 1.9177 413599
9 0.548652 0.636694 1.91992 413633
9 0.550706 0.637565 1.92112 413666
9 0.551808 0.638002 1.92166 413699
9 0.551812 0.638223 1.92011 413733
9 0.551848 0.638387 1.91915 413766
9 0.552379 0.639006 1.92081 413800
9 0.552416 0.63846 1.92175 413833
9 0.550418 0.639203 1.92126 413866
9 0.548696 0.641761 1.91875 413899
9 0.544186 0.64497 1.91241 413931
9 0.541027 0.648922 1.91492 413964
9 0.537598 0.651294 1.91537 413998
9 0.533125 0.653579 1.91894 414032
9 0.529786 0.658915 1.91959 414065
9 0.524595 0.661532 1.91738 414099
9 0.521663 0.66424 1.92209 414133
9 0.517694 0.669671 1.92684 414167
9 0.517472 0.677878 1.92687 414201
9 0.512725 0.682784 1.93175 414235
9 0.509962 0.687498 1.93269 414268
9 0.507292 0.690078 1.93607 414302
9 0.50513 0.697348 1.93728 414336
9 0.50293 0.703004 1.93789 414369
9 0.501392 0.706373 1.9421 414403
9 0.500293 0.708372 1.94569 414437
9 0.500556 0.71047 1.95421 414471
9 0.500248 0.711782 1.96061 414505
9 0.500035 0.712093 1.96575 414539
9 0.499687 0.712758 1.96628 414573
9 0.499744 0.712417 1.96961 414607
9 0.500235 0.710609 1.97255 414641
9 0.501487 0.708758 1.9732 414675
9 0.506076 0.709511 1.96302 414709
9 0.50891 0.708803 1.96067 414743
9 0.512935 0.707407 1.96038 414776
9 0.516888 0.706626 1.95862 414809
9 0.520697 0.707206 1.95434 414842
9 0.525264 0.706948 1.95413 414874
9 0.531417 0.70586 1.95553 414908
9 0.536531 0.705186 1.95394 414941
9 0.539177 0.704738 1.95508 414974
9 0.542327 0.704723 1.95557 415008
9 0.544063 0.704722 1.949 415042
9 0.548796 0.702421 1.95531 415076
9 0.551415 0.698647 1.96082 415110
9 0.552595 0.700493 1.95635 415144
9 0.554569 0.702593 1.95687 415178
9 0.554845 0.703416 1.95305 415211
9 0.555542 0.704661 1.9523 415244
9 0.554889 0.703928 1.95446 415276
9 0.552209 0.705373 1.95107 415309
9 0.552849 0.704161 1.95319 415343
9 0.551853 0.704483 1.95227 415376

