Gesto: 2
0 0.344185 0.254993 1.98091 319294
0 0.344215 0.25506 1.98029 319327
0 0.344298 0.255215 1.97916 319361
0 0.344286 0.255223 1.97944 319395
0 0.344046 0.254976 1.9815 319429
0 0.344231 0.255212 1.97985 319463
0 0.344167 0.255085 1.98063 319480
0 0.343981 0.254874 1.98213 319531
0 0.343961 0.255034 1.98035 319548
0 0.345067 0.251842 1.97385 319582
0 0.345968 0.247847 1.97927 319616
0 0.348834 0.250151 1.97847 319650
0 0.351049 0.248619 1.97614 319684
0 0.355122 0.246077 1.97666 319717
0 0.358949 0.244919 1.97264 319750
0 0.362184 0.246081 1.96259 319783
0 0.368243 0.244419 1.95639 319816
0 0.373339 0.245946 1.9481 319850
0 0.377105 0.248084 1.93998 319884
0 0.383234 0.246951 1.93586 319918
0 0.389709 0.246384 1.92925 319952
0 0.396731 0.246709 1.92124 319986
0 0.40529 0.247705 1.91726 320019
0 0.411777 0.248937 1.90668 320053
0 0.421413 0.249208 1.90289 320086
0 0.429717 0.250106 1.89586 320120
0 0.437607 0.251201 1.89073 320154
0 0.442977 0.253688 1.88683 320188
0 0.449157 0.248176 1.88838 320222
0 0.451405 0.254538 1.88828 320256
0 0.456059 0.256673 1.87972 320289
0 0.458428 0.256596 1.87859 320322
0 0.457953 0.256084 1.88085 320354
0 0.457513 0.255432 1.88069 320387
0 0.456396 0.255068 1.88582 320420
0 0.454449 0.260092 1.88386 320453
0 0.449884 0.264507 1.88171 320487
0 0.443806 0.26887 1.8807 320521
0 0.439426 0.277952 1.88065 320555
0 0.433377 0.282786 1.87846 320586
0 0.427349 0.293377 1.87711 320620
0 0.419567 0.305916 1.87556 320655
0 0.41235 0.31663 1.87375 320688
0 0.403279 0.326235 1.87185 320721
0 0.398216 0.33784 1.87552 320755
0 0.389646 0.349344 1.87743 320788
0 0.384184 0.355878 1.87542 320822
0 0.379234 0.364473 1.88127 320856
0 0.373981 0.377395 1.8844 320888
0 0.36839 0.389931 1.89154 320922
0 0.365202 0.401128 1.90186 320954
0 0.363483 0.411663 1.90716 320986
0 0.361491 0.420473 1.91397 321019
0 0.360986 0.431066 1.92021 321052
0 0.360651 0.437301 1.92221 321084
0 0.360781 0.441303 1.92213 321117
0 0.360642 0.442835 1.91945 321151
0 0.361521 0.443967 1.92095 321184
0 0.362929 0.442432 1.91968 321215
0 0.365087 0.440397 1.92 321247
0 0.367149 0.442727 1.91613 321296
0 0.371957 0.44229 1.91488 321329
0 0.375701 0.441608 1.90783 321362
0 0.382301 0.442034 1.89777 321395
0 0.390337 0.43981 1.89159 321429
0 0.397519 0.441848 1.87997 321463
0 0.408449 0.441022 1.87124 321496
0 0.421193 0.440707 1.8688 321528
0 0.434658 0.44127 1.86547 321560
0 0.449343 0.442406 1.86294 321594
0 0.462809 0.442522 1.86237 321628
0 0.472687 0.443832 1.86362 321662
0 0.484064 0.444447 1.85537 321695
0 0.493634 0.446295 1.85231 321728
0 0.501226 0.444262 1.84521 321761
0 0.508164 0.442932 1.84188 321794
0 0.514605 0.446382 1.84945 321827
0 0.518679 0.447556 1.85799 321860

1 0.380759 0.213214 1.92461 323424
1 0.383213 0.213098 1.91948 323458
1 0.386675 0.212644 1.91468 323492
1 0.390008 0.211374 1.91021 323526
1 0.393399 0.211563 1.90398 323560
1 0.400525 0.212423 1.89305 323594
1 0.409533 0.211096 1.88442 323628
1 0.42077 0.207644 1.87814 323662
1 0.4313 0.205691 1.87262 323696
1 0.44353 0.206234 1.86142 323730
1 0.456265 0.207845 1.84996 323764
1 0.470708 0.209017 1.84149 323798
1 0.485028 0.212244 1.83465 323832
1 0.498065 0.214463 1.82592 323866
1 0.509036 0.220025 1.82282 323900
1 0.51803 0.222627 1.82148 323934
1 0.526837 0.224938 1.82016 323951
1 0.532807 0.227119 1.82211 324002
1 0.537675 0.227394 1.82147 324019
1 0.540051 0.226643 1.82139 324052
1 0.540066 0.229041 1.8201 324086
1 0.537526 0.23053 1.81851 324120
1 0.535192 0.231478 1.81532 324154
1 0.528931 0.236333 1.81607 324188
1 0.519269 0.24754 1.80536 324221
1 0.506536 0.259978 1.80311 324253
1 0.49387 0.274241 1.80095 324286
1 0.478182 0.291365 1.8012 324319
1 0.45778 0.312757 1.80409 324352
1 0.437648 0.33474 1.80586 324400
1 0.418071 0.362501 1.81182 324434
1 0.399256 0.390701 1.825 324450
1 0.385317 0.416947 1.84194 324502
1 0.376219 0.437022 1.85728 324518
1 0.372153 0.451471 1.87061 324550
1 0.370707 0.462583 1.87412 324599
1 0.369579 0.467346 1.88025 324633
1 0.368987 0.469981 1.88369 324665
1 0.372663 0.472298 1.88361 324698
1 0.376374 0.472385 1.8801 324731
1 0.382886 0.468969 1.87312 324763
1 0.38807 0.466142 1.86244 324797
1 0.397342 0.463767 1.84972 324829
1 0.409154 0.463338 1.83898 324863
1 0.425046 0.463403 1.82882 324895
1 0.442909 0.462205 1.81653 324929
1 0.466009 0.460894 1.81117 324962
1 0.485856 0.462062 1.81027 324997
1 0.507152 0.461307 1.81532 325031
1 0.527958 0.460332 1.82264 325063
1 0.547289 0.460931 1.82809 325096
1 0.561884 0.460538 1.84169 325131
1 0.575086 0.45885 1.85449 325164
1 0.584953 0.459592 1.86466 325197
1 0.591149 0.459607 1.87338 325228
1 0.597468 0.458124 1.87878 325260
1 0.601191 0.458999 1.87923 325292

2 0.34538 0.370771 1.88456 326456
2 0.348454 0.372836 1.87994 326489
2 0.351722 0.37319 1.87494 326523
2 0.355333 0.372196 1.86549 326557
2 0.361218 0.372358 1.8641 326591
2 0.369967 0.373199 1.85801 326625
2 0.376786 0.373346 1.85309 326659
2 0.385705 0.373538 1.84957 326693
2 0.392645 0.374908 1.84792 326727
2 0.398494 0.375574 1.84591 326761
2 0.402387 0.376987 1.84374 326794
2 0.40527 0.378941 1.84381 326827
2 0.405907 0.380705 1.84312 326861
2 0.404796 0.385506 1.84336 326895
2 0.401265 0.389476 1.84622 326929
2 0.395714 0.393677 1.84641 326963
2 0.389285 0.398997 1.84984 326996
2 0.383852 0.403842 1.85309 327030
2 0.375939 0.412507 1.86243 327065
2 0.369999 0.421218 1.86889 327098
2 0.366464 0.431654 1.87523 327133
2 0.363795 0.440534 1.87929 327166
2 0.35909 0.445269 1.88308 327199
2 0.359318 0.452124 1.89413 327233
2 0.355543 0.456388 1.89369 327267
2 0.353066 0.458493 1.89418 327301
2 0.353329 0.461319 1.89719 327335
2 0.354173 0.464094 1.90015 327368
2 0.356929 0.466091 1.90417 327402
2 0.359143 0.467723 1.90281 327436
2 0.361026 0.468197 1.89631 327470
2 0.364092 0.4683 1.88888 327502
2 0.370922 0.468458 1.88345 327535
2 0.377811 0.466521 1.87742 327568
2 0.385624 0.467361 1.87018 327601
2 0.395608 0.471649 1.86742 327634
2 0.407977 0.474169 1.86489 327667
2 0.421178 0.475186 1.86312 327702
2 0.435636 0.476009 1.85984 327734
2 0.448105 0.475651 1.85717 327768
2 0.460086 0.476208 1.85913 327802
2 0.469441 0.477379 1.86121 327835
2 0.477689 0.477426 1.8655 327869
2 0.482691 0.477919 1.86912 327903

3 0.488086 0.121954 1.85646 329665
3 0.48807 0.12251 1.85394 329699
3 0.489156 0.123757 1.84902 329733
3 0.493562 0.126117 1.84312 329767
3 0.497321 0.130817 1.83783 329800
3 0.50565 0.133901 1.83713 329834
3 0.513999 0.133874 1.83579 329868
3 0.522787 0.133093 1.83618 329902
3 0.530117 0.131708 1.83702 329936
3 0.536967 0.133705 1.84111 329969
3 0.542888 0.135242 1.84335 330002
3 0.544983 0.137865 1.84054 330036
3 0.545857 0.139947 1.83959 330069
3 0.545318 0.139594 1.83807 330102
3 0.542912 0.142007 1.83469 330134
3 0.535708 0.14751 1.82864 330167
3 0.528882 0.154004 1.82162 330201
3 0.519652 0.159274 1.81733 330235
3 0.510444 0.169329 1.81121 330268
3 0.499325 0.180409 1.8042 330303
3 0.488667 0.189455 1.78883 330336
3 0.477976 0.20092 1.78242 330370
3 0.466625 0.215543 1.7748 330404
3 0.460849 0.225945 1.76925 330438
3 0.462063 0.23232 1.76725 330472
3 0.466194 0.236015 1.76416 330489
3 0.474116 0.23751 1.76664 330539
3 0.485326 0.240794 1.76624 330572
3 0.498963 0.243301 1.76311 330589
3 0.517028 0.244896 1.76516 330641
3 0.53584 0.248631 1.76969 330657
3 0.554819 0.249704 1.77873 330692
3 0.567337 0.252186 1.78378 330725
3 0.579645 0.257064 1.79668 330759

4 0.368771 0.488039 1.96979 332375
4 0.372248 0.48986 1.96529 332392
4 0.379639 0.488348 1.95536 332426
4 0.387848 0.487193 1.94997 332460
4 0.398415 0.489433 1.947 332492
4 0.409575 0.490987 1.94232 332524
4 0.419904 0.491021 1.94321 332574
4 0.428648 0.49143 1.94397 332608
4 0.435523 0.490866 1.94222 332641
4 0.441194 0.490752 1.94502 332674
4 0.444842 0.490891 1.94543 332706
4 0.446765 0.491408 1.94632 332740
4 0.444596 0.491906 1.94676 332773
4 0.44185 0.49279 1.94315 332805
4 0.437303 0.495548 1.94141 332838
4 0.430192 0.501685 1.94358 332871
4 0.418639 0.509068 1.95144 332906
4 0.408272 0.517698 1.95716 332939
4 0.397755 0.527096 1.96824 332972
4 0.385426 0.534165 1.97716 333006
4 0.376037 0.540016 1.99001 333038
4 0.367298 0.547922 1.99952 333070
4 0.359005 0.554374 2.00806 333103
4 0.354344 0.55916 2.02215 333136
4 0.348938 0.563745 2.02739 333169
4 0.348753 0.565063 2.03503 333202
4 0.349061 0.566284 2.03793 333234
4 0.351178 0.567284 2.03044 333268
4 0.352803 0.568637 2.01896 333302
4 0.35686 0.571809 2.01633 333336
4 0.36292 0.576445 2.01016 333370
4 0.373257 0.579685 2.01424 333404
4 0.386041 0.58429 2.01462 333438
4 0.397477 0.585326 2.00575 333472
4 0.411338 0.585521 1.99758 333505
4 0.428059 0.583708 1.99092 333539
4 0.443111 0.582151 1.98851 333572
4 0.451233 0.581407 1.99197 333605
4 0.458663 0.580052 1.99271 333638
4 0.463262 0.579136 1.99361 333671

5 0.511442 0.344646 1.87748 334828
5 0.513587 0.34386 1.87538 334862
5 0.514923 0.343445 1.87315 334896
5 0.518848 0.34387 1.87017 334930
5 0.52396 0.343656 1.87062 334962
5 0.532361 0.343299 1.87446 334995
5 0.542796 0.341863 1.87839 335029
5 0.551846 0.341429 1.88199 335064
5 0.560407 0.340724 1.88572 335097
5 0.570071 0.339157 1.89077 335130
5 0.576697 0.337535 1.89449 335163
5 0.581742 0.338754 1.90228 335197
5 0.585246 0.339619 1.90228 335230
5 0.589184 0.34056 1.90691 335264
5 0.589388 0.341054 1.90679 335298
5 0.588799 0.341976 1.90321 335333
5 0.588661 0.341497 1.91172 335367
5 0.587075 0.345781 1.9107 335399
5 0.583721 0.351555 1.90502 335431
5 0.577864 0.359059 1.90095 335465
5 0.569943 0.367105 1.88764 335496
5 0.564768 0.378981 1.88161 335529
5 0.555357 0.390186 1.87531 335564
5 0.544707 0.404325 1.8753 335595
5 0.534916 0.419966 1.8793 335629
5 0.526686 0.431826 1.87887 335678
5 0.517083 0.444439 1.87763 335695
5 0.510863 0.452114 1.87956 335728
5 0.506202 0.461436 1.8846 335763
5 0.499784 0.469525 1.89479 335795
5 0.498324 0.477207 1.89912 335830
5 0.496184 0.481222 1.89544 335878
5 0.497555 0.485021 1.90436 335911
5 0.498922 0.487369 1.90374 335928
5 0.501804 0.488745 1.90701 335979
5 0.507269 0.489875 1.9067 336013
5 0.514858 0.488595 1.90851 336028
5 0.525482 0.487442 1.90909 336078
5 0.538132 0.486809 1.91181 336110
5 0.551151 0.486339 1.91562 336128
5 0.566753 0.485139 1.92416 336176
5 0.580138 0.485962 1.93433 336209
5 0.59408 0.48433 1.94388 336243
5 0.607881 0.480816 1.9538 336275
5 0.6168 0.477828 1.95671 336308
5 0.62215 0.475951 1.95938 336342
5 0.624954 0.474995 1.96068 336375

6 0.532176 0.140738 1.92011 337841
6 0.533885 0.142335 1.91563 337875
6 0.537269 0.141232 1.91276 337908
6 0.541873 0.141401 1.91067 337941
6 0.54582 0.144197 1.90928 337975
6 0.554447 0.150388 1.91628 338010
6 0.562067 0.153021 1.91862 338043
6 0.573099 0.157255 1.92546 338077
6 0.581041 0.16014 1.92461 338111
6 0.584751 0.165526 1.92504 338146
6 0.591945 0.164297 1.93757 338162
6 0.599943 0.161586 1.94514 338213
6 0.603162 0.164951 1.94297 338246
6 0.6041 0.169272 1.93761 338262
6 0.604141 0.172853 1.93188 338311
6 0.603932 0.175191 1.92639 338345
6 0.606998 0.177181 1.92833 338378
6 0.607508 0.183188 1.92774 338412
6 0.604448 0.187793 1.91707 338445
6 0.602572 0.196681 1.91054 338477
6 0.599695 0.202626 1.8991 338510
6 0.596655 0.214293 1.88389 338543
6 0.591659 0.225178 1.87421 338577
6 0.585811 0.235241 1.86804 338610
6 0.578716 0.251442 1.85281 338644
6 0.57167 0.267356 1.84308 338679
6 0.563492 0.279874 1.82955 338711
6 0.558951 0.292523 1.81914 338745
6 0.55217 0.307568 1.81747 338777
6 0.547324 0.317908 1.816 338809
6 0.546852 0.322879 1.81565 338843
6 0.550074 0.326984 1.81413 338876
6 0.552494 0.32996 1.81378 338908
6 0.555739 0.331987 1.81377 338941
6 0.560471 0.331924 1.81359 338974
6 0.568197 0.332047 1.81307 339006
6 0.578159 0.331754 1.81975 339039
6 0.586429 0.331884 1.81848 339072
6 0.595223 0.331709 1.81877 339105
6 0.607263 0.332087 1.81889 339139
6 0.620975 0.330143 1.82461 339172
6 0.633451 0.332967 1.83294 339205
6 0.645216 0.33467 1.83717 339237
6 0.656806 0.337582 1.84548 339270

7 0.345217 0.489589 2.033 341047
7 0.348711 0.491916 2.02901 341080
7 0.351045 0.493727 2.02384 341113
7 0.35697 0.493013 2.01556 341146
7 0.361863 0.491871 2.00969 341180
7 0.365002 0.492302 2.00458 341214
7 0.371092 0.493116 2.00386 341248
7 0.376328 0.491932 2.00023 341266
7 0.38242 0.489961 1.99368 341299
7 0.386928 0.491021 1.99291 341349
7 0.390316 0.491337 1.9934 341382
7 0.388818 0.49348 1.99345 341399
7 0.384914 0.49309 1.9962 341449
7 0.380124 0.496633 1.99918 341466
7 0.374809 0.500478 2.00272 341500
7 0.369243 0.504449 2.0087 341534
7 0.362737 0.511268 2.01987 341568
7 0.356648 0.514864 2.02745 341602
7 0.347963 0.522324 2.03491 341636
7 0.340941 0.528871 2.04893 341670
7 0.335922 0.531612 2.05256 341704
7 0.328407 0.539513 2.06451 341738
7 0.318874 0.54602 2.0833 341772
7 0.317103 0.552382 2.0995 341806
7 0.312695 0.557341 2.10831 341840
7 0.309671 0.563395 2.1197 341874
7 0.31215 0.567143 2.1247 341908
7 0.314566 0.569326 2.11939 341942
7 0.316125 0.569869 2.11314 341976
7 0.317536 0.570388 2.11536 342011
7 0.323676 0.570267 2.10958 342043
7 0.328045 0.56998 2.09958 342077
7 0.331324 0.569328 2.08445 342111
7 0.339037 0.568846 2.07527 342145
7 0.345568 0.56913 2.06164 342179

8 0.516033 0.54978 2.03225 343616
8 0.517589 0.549254 2.03102 343633
8 0.519964 0.54859 2.02821 343685
8 0.521707 0.549843 2.02999 343701
8 0.527185 0.548541 2.03029 343735
8 0.533891 0.548128 2.03376 343768
8 0.541324 0.547878 2.03683 343801
8 0.549328 0.547338 2.0345 343834
8 0.554207 0.546793 2.03123 343885
8 0.559132 0.547478 2.03362 343901
8 0.562381 0.548635 2.03588 343935
8 0.563908 0.549399 2.03733 343984
8 0.562953 0.550422 2.04002 344017
8 0.56135 0.553791 2.0385 344050
8 0.558508 0.556515 2.04132 344083
8 0.552904 0.559123 2.03858 344115
8 0.547808 0.560857 2.03868 344148
8 0.541438 0.564714 2.04063 344182
8 0.532345 0.569611 2.04491 344214
8 0.524806 0.575776 2.04818 344247
8 0.51623 0.580473 2.05177 344281
8 0.509099 0.586325 2.05604 344315
8 0.50243 0.589705 2.05968 344349
8 0.496826 0.59743 2.06567 344381
8 0.493184 0.599732 2.07439 344414
8 0.494574 0.603619 2.07188 344448
8 0.495014 0.599619 2.06779 344481
8 0.49199 0.603749 2.06765 344514
8 0.493927 0.605092 2.07649 344548
8 0.49658 0.605443 2.08174 344582
8 0.503043 0.606616 2.07398 344615
8 0.50906 0.605844 2.06947 344649
8 0.517433 0.60586 2.06722 344681
8 0.529812 0.604215 2.07282 344714
8 0.541694 0.601509 2.07318 344749
8 0.551992 0.597767 2.0724 344782
8 0.562026 0.59446 2.0667 344815
8 0.569039 0.592247 2.06347 344849
8 0.572781 0.590628 2.06017 344882
8 0.575332 0.589673 2.06117 344917

9 0.390673 0.196108 1.8118 346308
9 0.39507 0.194933 1.8092 346340
9 0.399392 0.195838 1.80717 346374
9 0.405873 0.195479 1.80337 346405
9 0.414665 0.195028 1.80348 346438
9 0.425503 0.194364 1.80676 346472
9 0.434369 0.195076 1.80775 346505
9 0.442163 0.194835 1.80861 346538
9 0.45158 0.19179 1.80956 346589
9 0.462729 0.189096 1.81305 346604
9 0.472012 0.187151 1.81602 346636
9 0.480288 0.185611 1.81956 346686
9 0.490763 0.188276 1.81896 346719
9 0.501619 0.190121 1.82163 346751
9 0.513378 0.191607 1.82116 346784
9 0.521784 0.193201 1.82096 346817
9 0.531001 0.192165 1.82569 346850
9 0.537152 0.192661 1.82588 346884
9 0.54426 0.193447 1.83005 346916
9 0.548736 0.195235 1.82942 346949
9 0.551027 0.196309 1.82948 346981
9 0.551052 0.195954 1.82789 347014
9 0.547864 0.201136 1.82178 347047
9 0.545392 0.20598 1.8146 347080
9 0.538619 0.216292 1.7993 347113
9 0.528865 0.23019 1.78573 347146
9 0.518496 0.24638 1.77213 347179
9 0.501228 0.268887 1.75811 347211
9 0.483889 0.296608 1.74496 347245
9 0.462642 0.322343 1.73323 347277
9 0.442604 0.351042 1.72832 347310
9 0.418904 0.384972 1.73444 347343
9 0.40033 0.419084 1.75314 347376
9 0.38157 0.448892 1.78185 347409
9 0.363714 0.475405 1.80708 347443
9 0.351355 0.494777 1.83178 347475
9 0.344262 0.508585 1.85544 347509
9 0.339573 0.520049 1.87582 347540
9 0.334519 0.527634 1.88937 347574
9 0.331582 0.531158 1.89799 347608
9 0.329438 0.534077 1.90437 347641
9 0.329292 0.53492 1.9027 347674
9 0.330242 0.535326 1.89588 347706
9 0.336631 0.535385 1.88338 347740
9 0.3461 0.537191 1.86551 347774
9 0.35877 0.537512 1.84259 347806
9 0.376571 0.536251 1.82373 347856
9 0.400082 0.537238 1.8043 347872
9 0.429129 0.53692 1.78719 347906
9 0.457588 0.532819 1.77315 347940
9 0.487138 0.525913 1.76334 347974
9 0.515942 0.519085 1.75955 348007
9 0.538469 0.514683 1.76281 348040
9 0.560232 0.509084 1.7707 348072
9 0.579791 0.503703 1.77567 348105
9 0.592698 0.501634 1.78128 348140
9 0.599676 0.501458 1.78717 348173
9 0.605061 0.501708 1.79416 348206

10 0.38535 0.235364 1.90335 349685
10 0.38532 0.235339 1.89426 349718
10 0.388005 0.234868 1.88848 349751
10 0.394123 0.234785 1.88283 349784
10 0.407342 0.234744 1.86974 349817
10 0.422432 0.236574 1.85641 349851
10 0.442422 0.234705 1.84453 349884
10 0.467387 0.235859 1.83113 349918
10 0.490844 0.238076 1.81956 349952
10 0.514588 0.241766 1.81393 349985
10 0.536093 0.245109 1.81478 350019
10 0.554194 0.248271 1.81799 350053
10 0.569892 0.248355 1.82295 350087
10 0.581507 0.246486 1.82857 350120
10 0.591119 0.246942 1.82927 350154
10 0.597142 0.248672 1.83676 350187
10 0.600911 0.251289 1.83916 350220
10 0.603781 0.253186 1.8418 350254
10 0.602968 0.257559 1.8347 350287
10 0.600178 0.259849 1.83369 350320
10 0.594566 0.268863 1.82288 350353
10 0.587961 0.278988 1.81891 350386
10 0.57783 0.298492 1.8136 350419
10 0.563068 0.319211 1.80054 350452
10 0.543368 0.346395 1.78498 350486
10 0.52162 0.382583 1.77236 350519
10 0.496069 0.417248 1.77722 350552
10 0.470963 0.452509 1.79447 350585
10 0.449065 0.480167 1.82043 350618
10 0.428225 0.501651 1.8435 350652
10 0.411394 0.517249 1.86043 350687
10 0.400657 0.527759 1.88055 350720
10 0.393817 0.536007 1.90093 350751
10 0.390057 0.541215 1.91573 350783
10 0.387527 0.547271 1.92373 350815
10 0.384311 0.550555 1.92939 350847
10 0.384904 0.552708 1.92971 350879
10 0.386912 0.555563 1.92522 350912
10 0.390597 0.555 1.91618 350946
10 0.397379 0.556216 1.90628 350979
10 0.408165 0.557847 1.89298 351012
10 0.421864 0.560264 1.88265 351046
10 0.440597 0.562955 1.8713 351079
10 0.464437 0.563031 1.85229 351112
10 0.488429 0.560886 1.84161 351145
10 0.514765 0.559653 1.83909 351178
10 0.538257 0.557856 1.84573 351211
10 0.5582 0.554926 1.85504 351245
10 0.574983 0.553124 1.86345 351279
10 0.590812 0.549261 1.86832 351312
10 0.600294 0.547976 1.87791 351345
10 0.605501 0.547925 1.88624 351378
10 0.613121 0.546976 1.89337 351412
10 0.615736 0.549186 1.89558 351445

