Gesto: 2
0 0.568934 0.123797 1.70581 1.22978e+06
0 0.57028 0.12414 1.70485 1.22982e+06
0 0.573676 0.123606 1.70291 1.22985e+06
0 0.576926 0.124578 1.70148 1.22988e+06
0 0.579902 0.124921 1.69898 1.22992e+06
0 0.583927 0.125063 1.69905 1.22995e+06
0 0.589202 0.124856 1.69826 1.22999e+06
0 0.595087 0.126938 1.70828 1.23002e+06
0 0.601839 0.127718 1.71502 1.23005e+06
0 0.608119 0.130433 1.71519 1.23009e+06
0 0.616644 0.129897 1.72191 1.23012e+06
0 0.622073 0.135694 1.72865 1.23015e+06
0 0.629173 0.139865 1.73003 1.23019e+06
0 0.633895 0.142145 1.73087 1.23022e+06
0 0.638074 0.145597 1.73086 1.23025e+06
0 0.640221 0.147646 1.73301 1.23028e+06
0 0.641515 0.153196 1.73531 1.23033e+06
0 0.641731 0.154558 1.73573 1.23035e+06
0 0.641454 0.155679 1.73337 1.23038e+06
0 0.638935 0.15898 1.72599 1.23041e+06
0 0.637044 0.16218 1.71661 1.23045e+06
0 0.631537 0.169202 1.71518 1.23048e+06
0 0.628877 0.173487 1.71077 1.23051e+06
0 0.623841 0.18021 1.70387 1.23055e+06
0 0.618587 0.188939 1.6949 1.23058e+06
0 0.612362 0.196611 1.68589 1.23061e+06
0 0.607271 0.201767 1.67853 1.23064e+06
0 0.60281 0.205188 1.67094 1.23068e+06
0 0.596015 0.210851 1.66588 1.23071e+06
0 0.589954 0.215541 1.6607 1.23074e+06
0 0.584502 0.222201 1.65938 1.23078e+06
0 0.579417 0.228379 1.66052 1.23081e+06
0 0.573832 0.233997 1.65839 1.23084e+06
0 0.568823 0.240874 1.65324 1.23088e+06
0 0.565497 0.245388 1.6526 1.23091e+06
0 0.56173 0.249634 1.64873 1.23094e+06
0 0.558276 0.254346 1.64447 1.23098e+06
0 0.557884 0.260084 1.64848 1.23101e+06
0 0.557218 0.264678 1.65213 1.23104e+06
0 0.558734 0.266141 1.65032 1.23109e+06
0 0.559601 0.268427 1.64718 1.23112e+06
0 0.5617 0.270573 1.64979 1.23116e+06
0 0.564177 0.271178 1.64866 1.23119e+06
0 0.565726 0.272911 1.64948 1.23122e+06
0 0.572197 0.272566 1.64613 1.23126e+06
0 0.57989 0.272312 1.64668 1.23129e+06
0 0.586047 0.272233 1.64975 1.23132e+06
0 0.591986 0.27205 1.65187 1.23134e+06
0 0.598677 0.274249 1.65337 1.23139e+06
0 0.607308 0.273926 1.66157 1.23141e+06
0 0.615022 0.273995 1.66725 1.23144e+06
0 0.621915 0.27559 1.66883 1.23149e+06
0 0.631971 0.277078 1.67315 1.23152e+06
0 0.638188 0.277503 1.67789 1.23154e+06
0 0.645688 0.277787 1.68057 1.23159e+06
0 0.650755 0.278121 1.6825 1.23162e+06
0 0.658277 0.280436 1.68557 1.23164e+06
0 0.663503 0.279936 1.68842 1.23169e+06
0 0.6672 0.280604 1.69183 1.23172e+06
0 0.667983 0.283364 1.6931 1.23174e+06

1 0.556937 0.359531 1.74448 1.23386e+06
1 0.557463 0.36424 1.74037 1.23389e+06
1 0.557784 0.365479 1.74225 1.23392e+06
1 0.559043 0.366775 1.74058 1.23396e+06
1 0.563039 0.366507 1.74308 1.23399e+06
1 0.56626 0.367959 1.74363 1.23403e+06
1 0.570278 0.36766 1.746 1.23406e+06
1 0.575781 0.366622 1.75359 1.23409e+06
1 0.581476 0.367469 1.75722 1.23412e+06
1 0.587558 0.367377 1.76345 1.23416e+06
1 0.594867 0.367608 1.76616 1.23419e+06
1 0.602654 0.369223 1.76865 1.23422e+06
1 0.609884 0.36849 1.77351 1.23426e+06
1 0.61755 0.369942 1.77479 1.23429e+06
1 0.622966 0.368408 1.7756 1.23432e+06
1 0.628897 0.369941 1.77854 1.23436e+06
1 0.635158 0.369734 1.77861 1.23439e+06
1 0.639404 0.369911 1.7857 1.23442e+06
1 0.640689 0.37304 1.7896 1.23446e+06
1 0.644316 0.375765 1.78834 1.23449e+06
1 0.6477 0.376516 1.78635 1.23452e+06
1 0.650187 0.377457 1.79038 1.23456e+06
1 0.651308 0.378335 1.78893 1.23459e+06
1 0.651146 0.377976 1.79272 1.23462e+06
1 0.651766 0.379727 1.79286 1.23466e+06
1 0.649007 0.383439 1.78952 1.23469e+06
1 0.645745 0.387535 1.79485 1.23472e+06
1 0.641058 0.392229 1.80259 1.23476e+06
1 0.634939 0.397551 1.80177 1.23479e+06
1 0.626943 0.404037 1.80406 1.23482e+06
1 0.621701 0.408352 1.80508 1.23486e+06
1 0.61436 0.415023 1.80138 1.23489e+06
1 0.608262 0.420352 1.80175 1.23492e+06
1 0.602137 0.424208 1.80732 1.23496e+06
1 0.597398 0.429575 1.80196 1.23499e+06
1 0.591589 0.436423 1.80428 1.23502e+06
1 0.583566 0.444989 1.80771 1.23506e+06
1 0.577735 0.452214 1.80417 1.23509e+06
1 0.57346 0.459826 1.80774 1.23512e+06
1 0.568589 0.467472 1.80611 1.23516e+06
1 0.564293 0.471745 1.80641 1.23519e+06
1 0.558513 0.47686 1.80746 1.23523e+06
1 0.554133 0.482754 1.80514 1.23526e+06
1 0.551133 0.486714 1.80555 1.23529e+06
1 0.549526 0.489541 1.80753 1.23533e+06
1 0.547772 0.49433 1.80532 1.23534e+06
1 0.547722 0.49943 1.8013 1.2354e+06
1 0.547893 0.501509 1.80225 1.23541e+06
1 0.54946 0.504032 1.79964 1.23545e+06
1 0.555783 0.505443 1.80336 1.23548e+06
1 0.562131 0.502905 1.80702 1.23552e+06
1 0.568954 0.504205 1.80976 1.23555e+06
1 0.576492 0.503609 1.81424 1.23558e+06
1 0.584135 0.50455 1.81714 1.23562e+06
1 0.590807 0.5051 1.81596 1.23565e+06
1 0.598175 0.505133 1.81391 1.23568e+06
1 0.605343 0.505304 1.81728 1.23572e+06
1 0.613092 0.505003 1.82026 1.23575e+06
1 0.621529 0.506799 1.82222 1.23579e+06
1 0.629122 0.506557 1.82584 1.23582e+06
1 0.637307 0.505789 1.82734 1.23585e+06
1 0.642026 0.505575 1.83018 1.23589e+06
1 0.648849 0.506142 1.82958 1.23592e+06
1 0.653168 0.507085 1.83672 1.23596e+06
1 0.656471 0.505216 1.84222 1.23599e+06
1 0.658192 0.504823 1.84361 1.23602e+06
1 0.659303 0.504242 1.84598 1.23606e+06
1 0.659681 0.504249 1.84786 1.23609e+06

2 0.723584 0.18879 1.84707 1.23816e+06
2 0.725985 0.189293 1.84116 1.23819e+06
2 0.729694 0.188558 1.83926 1.23823e+06
2 0.732815 0.188206 1.84255 1.23826e+06
2 0.734467 0.188018 1.84587 1.23829e+06
2 0.737477 0.186923 1.84354 1.23833e+06
2 0.741386 0.187298 1.84094 1.23836e+06
2 0.7458 0.186816 1.84764 1.23839e+06
2 0.749187 0.185523 1.85991 1.23843e+06
2 0.755876 0.184066 1.86834 1.23846e+06
2 0.760408 0.182945 1.87273 1.23849e+06
2 0.763835 0.182673 1.87854 1.23853e+06
2 0.766873 0.183439 1.88591 1.23856e+06
2 0.768259 0.189654 1.88961 1.23859e+06
2 0.771315 0.191949 1.89132 1.23862e+06
2 0.775749 0.193816 1.89367 1.23866e+06
2 0.779001 0.193865 1.90023 1.23869e+06
2 0.781304 0.193324 1.90552 1.23873e+06
2 0.783688 0.193275 1.91282 1.23876e+06
2 0.784783 0.193672 1.91234 1.23879e+06
2 0.783097 0.19848 1.91001 1.23883e+06
2 0.782045 0.203249 1.91152 1.23886e+06
2 0.779784 0.206055 1.90833 1.23889e+06
2 0.780185 0.207778 1.90912 1.23893e+06
2 0.778096 0.210759 1.90548 1.23896e+06
2 0.775153 0.213639 1.90317 1.239e+06
2 0.774568 0.222271 1.89603 1.23903e+06
2 0.77206 0.227925 1.89156 1.23906e+06
2 0.767318 0.235761 1.88638 1.2391e+06
2 0.761725 0.24482 1.879 1.23913e+06
2 0.758619 0.250452 1.87916 1.23915e+06
2 0.756627 0.254688 1.87298 1.2392e+06
2 0.753628 0.259771 1.86967 1.23922e+06
2 0.748879 0.271146 1.85586 1.23925e+06
2 0.742704 0.278271 1.85132 1.23928e+06
2 0.7393 0.283671 1.84658 1.23932e+06
2 0.737524 0.288107 1.8433 1.23935e+06
2 0.733414 0.29245 1.84621 1.23939e+06
2 0.72823 0.29972 1.84137 1.23942e+06
2 0.725379 0.305293 1.83795 1.23945e+06
2 0.720001 0.308422 1.83931 1.23949e+06
2 0.717817 0.317292 1.83647 1.23952e+06
2 0.714706 0.320767 1.84365 1.23956e+06
2 0.712374 0.322782 1.84609 1.23959e+06
2 0.711768 0.325681 1.84525 1.23962e+06
2 0.711892 0.326908 1.84587 1.23965e+06
2 0.712706 0.329165 1.84548 1.23969e+06
2 0.711492 0.333464 1.84223 1.23972e+06
2 0.713392 0.336662 1.84301 1.23976e+06
2 0.712835 0.338335 1.84422 1.23979e+06
2 0.716638 0.338824 1.84391 1.23982e+06
2 0.7214 0.339031 1.84993 1.23986e+06
2 0.727866 0.338448 1.85139 1.23989e+06
2 0.735421 0.339761 1.85791 1.23992e+06
2 0.741879 0.33949 1.86031 1.23996e+06
2 0.746236 0.338216 1.8669 1.23999e+06
2 0.749959 0.337408 1.87528 1.24003e+06
2 0.755109 0.335975 1.88136 1.24006e+06
2 0.759742 0.335416 1.88192 1.24009e+06
2 0.763623 0.336004 1.88453 1.24013e+06
2 0.766884 0.33525 1.89472 1.24016e+06
2 0.773222 0.334354 1.9014 1.2402e+06
2 0.778602 0.335908 1.90804 1.24023e+06
2 0.781473 0.335617 1.91195 1.24026e+06
2 0.78445 0.336482 1.91855 1.2403e+06
2 0.788546 0.338652 1.9188 1.24033e+06
2 0.79224 0.338907 1.92475 1.24036e+06
2 0.795112 0.338407 1.93348 1.2404e+06
2 0.795699 0.341203 1.93113 1.24043e+06
2 0.796224 0.342552 1.93222 1.24046e+06

3 0.729448 0.423924 1.91611 1.24206e+06
3 0.733576 0.422362 1.91673 1.2421e+06
3 0.734371 0.423865 1.91977 1.24213e+06
3 0.734784 0.424414 1.92301 1.24216e+06
3 0.735117 0.423379 1.92732 1.24219e+06
3 0.738334 0.422593 1.93038 1.24223e+06
3 0.740294 0.422031 1.93115 1.24226e+06
3 0.743377 0.422543 1.93451 1.24229e+06
3 0.745868 0.421621 1.93988 1.24233e+06
3 0.747584 0.421022 1.9476 1.24236e+06
3 0.752902 0.419288 1.95571 1.2424e+06
3 0.758329 0.420091 1.9631 1.24243e+06
3 0.762124 0.420955 1.97503 1.24246e+06
3 0.76691 0.423301 1.97813 1.2425e+06
3 0.771615 0.421309 1.99016 1.24253e+06
3 0.776369 0.421182 1.99545 1.24256e+06
3 0.77968 0.420744 2.001 1.2426e+06
3 0.782185 0.42262 2.00324 1.24263e+06
3 0.784243 0.421537 2.01066 1.24266e+06
3 0.78522 0.420985 2.01293 1.2427e+06
3 0.786462 0.420458 2.02065 1.24273e+06
3 0.786579 0.422662 2.0149 1.24276e+06
3 0.784943 0.426507 2.01342 1.2428e+06
3 0.784492 0.43075 2.00897 1.24284e+06
3 0.778718 0.433874 2.00659 1.24286e+06
3 0.774617 0.438609 2.00172 1.24289e+06
3 0.771721 0.446327 1.99302 1.24293e+06
3 0.768271 0.452222 1.98721 1.24296e+06
3 0.765084 0.456163 1.98307 1.243e+06
3 0.760593 0.46016 1.97798 1.24303e+06
3 0.757419 0.470428 1.97297 1.24306e+06
3 0.749695 0.478198 1.96812 1.2431e+06
3 0.744377 0.485408 1.96653 1.24313e+06
3 0.741293 0.488761 1.96611 1.24316e+06
3 0.737897 0.497309 1.96474 1.2432e+06
3 0.730879 0.501697 1.96347 1.24323e+06
3 0.726813 0.505971 1.96312 1.24326e+06
3 0.720362 0.512394 1.96096 1.2433e+06
3 0.714979 0.517424 1.95477 1.24333e+06
3 0.711499 0.52285 1.95202 1.24336e+06
3 0.710133 0.525421 1.95483 1.2434e+06
3 0.708474 0.529743 1.95147 1.24343e+06
3 0.704777 0.534401 1.95607 1.24347e+06
3 0.704148 0.536267 1.9563 1.2435e+06
3 0.704428 0.536997 1.96103 1.24353e+06
3 0.703991 0.537638 1.95731 1.24356e+06
3 0.706484 0.538472 1.95463 1.2436e+06
3 0.709005 0.538137 1.95511 1.24363e+06
3 0.71068 0.538423 1.95271 1.24367e+06
3 0.716528 0.539165 1.95913 1.2437e+06
3 0.724373 0.538596 1.96211 1.24373e+06
3 0.729791 0.535735 1.96378 1.24377e+06
3 0.736223 0.536196 1.97224 1.2438e+06
3 0.73945 0.532637 1.98123 1.24383e+06
3 0.744008 0.52839 1.99181 1.24387e+06
3 0.746985 0.524184 1.99641 1.2439e+06
3 0.751082 0.524102 1.99886 1.24394e+06
3 0.758391 0.521328 2.00547 1.24397e+06
3 0.760478 0.520124 2.01159 1.24399e+06
3 0.764219 0.520855 2.01528 1.24402e+06
3 0.768605 0.521223 2.01771 1.24407e+06
3 0.770438 0.522509 2.0219 1.2441e+06
3 0.772172 0.514695 2.03756 1.24413e+06
3 0.771044 0.519915 2.03475 1.24417e+06
3 0.772649 0.518034 2.03919 1.2442e+06
3 0.774961 0.51903 2.0424 1.24423e+06
3 0.776631 0.517225 2.05258 1.24427e+06
3 0.777485 0.517381 2.04992 1.2443e+06
3 0.778641 0.513955 2.05671 1.24433e+06
3 0.777267 0.514158 2.05804 1.24437e+06

4 0.357003 0.13744 1.75931 1.24727e+06
4 0.358329 0.139367 1.75372 1.24729e+06
4 0.358045 0.140021 1.75361 1.24732e+06
4 0.357737 0.140179 1.75386 1.24736e+06
4 0.360082 0.13966 1.7507 1.24739e+06
4 0.364464 0.140646 1.74855 1.24743e+06
4 0.367675 0.138043 1.74597 1.24746e+06
4 0.369743 0.140794 1.74012 1.2475e+06
4 0.376355 0.141576 1.73761 1.24753e+06
4 0.384073 0.143966 1.73445 1.24756e+06
4 0.393922 0.144004 1.7348 1.2476e+06
4 0.400672 0.143794 1.73284 1.24763e+06
4 0.408398 0.145211 1.72825 1.24766e+06
4 0.415507 0.145775 1.72307 1.2477e+06
4 0.423061 0.145612 1.72259 1.24773e+06
4 0.43172 0.144883 1.72563 1.24776e+06
4 0.44064 0.145942 1.72935 1.2478e+06
4 0.447893 0.151164 1.73025 1.24783e+06
4 0.45516 0.150165 1.73229 1.24786e+06
4 0.461395 0.153464 1.7314 1.2479e+06
4 0.466854 0.152124 1.72876 1.24793e+06
4 0.469247 0.155459 1.71973 1.24797e+06
4 0.471808 0.158518 1.71888 1.248e+06
4 0.472934 0.161592 1.72031 1.24803e+06
4 0.471579 0.165246 1.72031 1.24807e+06
4 0.467417 0.17225 1.72134 1.2481e+06
4 0.464176 0.180589 1.71835 1.24813e+06
4 0.457422 0.186861 1.71179 1.24817e+06
4 0.450186 0.193151 1.7059 1.2482e+06
4 0.441836 0.200425 1.70332 1.24823e+06
4 0.434463 0.210034 1.69641 1.24826e+06
4 0.426774 0.220663 1.68925 1.2483e+06
4 0.420618 0.229378 1.69339 1.24833e+06
4 0.41306 0.239412 1.69195 1.24837e+06
4 0.407567 0.247016 1.69335 1.2484e+06
4 0.400352 0.257545 1.69156 1.24843e+06
4 0.391785 0.269847 1.68557 1.24846e+06
4 0.383995 0.279257 1.68305 1.2485e+06
4 0.37876 0.288838 1.6827 1.24853e+06
4 0.373739 0.296429 1.68695 1.24856e+06
4 0.368576 0.304299 1.69121 1.2486e+06
4 0.36534 0.309079 1.69086 1.24863e+06
4 0.362821 0.315139 1.69278 1.24866e+06
4 0.360142 0.322081 1.6955 1.2487e+06
4 0.360277 0.326083 1.6979 1.24873e+06
4 0.359023 0.328866 1.69586 1.24876e+06
4 0.358147 0.330175 1.69312 1.24879e+06
4 0.359674 0.330844 1.69001 1.24884e+06
4 0.363809 0.331093 1.68839 1.24887e+06
4 0.368657 0.331111 1.68458 1.24889e+06
4 0.374211 0.334432 1.67808 1.24894e+06
4 0.382527 0.334375 1.67686 1.24896e+06
4 0.392041 0.336136 1.67156 1.24901e+06
4 0.399993 0.338943 1.66497 1.24904e+06
4 0.408098 0.338428 1.66469 1.24906e+06
4 0.417767 0.338641 1.664 1.24911e+06
4 0.427979 0.338724 1.66451 1.24914e+06
4 0.438445 0.339119 1.66763 1.24916e+06
4 0.444906 0.338495 1.66702 1.24921e+06
4 0.452849 0.338675 1.66744 1.24923e+06
4 0.461258 0.33836 1.67544 1.24926e+06
4 0.467215 0.339625 1.67794 1.24929e+06
4 0.476552 0.339998 1.68201 1.24933e+06
4 0.482278 0.340151 1.68495 1.24936e+06
4 0.48672 0.342636 1.68909 1.24939e+06
4 0.492011 0.343439 1.68749 1.24943e+06
4 0.495116 0.345489 1.6825 1.24946e+06
4 0.498619 0.350001 1.6797 1.2495e+06
4 0.50196 0.349543 1.67661 1.24953e+06

5 0.337367 0.443498 1.76127 1.25114e+06
5 0.339265 0.445216 1.75686 1.25117e+06
5 0.341255 0.445655 1.75184 1.25120e+06
5 0.347757 0.448487 1.75579 1.25124e+06
5 0.349973 0.446517 1.75109 1.25127e+06
5 0.352357 0.446318 1.75126 1.25131e+06
5 0.354956 0.446308 1.74796 1.25134e+06
5 0.360922 0.447206 1.74628 1.25137e+06
5 0.367698 0.445417 1.74509 1.25141e+06
5 0.375137 0.447527 1.73974 1.25144e+06
5 0.381845 0.449683 1.73553 1.25147e+06
5 0.388203 0.453118 1.73113 1.25151e+06
5 0.398105 0.453213 1.72908 1.25154e+06
5 0.406166 0.455818 1.72342 1.25157e+06
5 0.415442 0.456617 1.7219 1.25161e+06
5 0.425195 0.457511 1.72192 1.25164e+06
5 0.433939 0.458902 1.7207 1.25168e+06
5 0.441542 0.460059 1.7256 1.25169e+06
5 0.449817 0.457552 1.72776 1.25174e+06
5 0.456049 0.459688 1.72832 1.25178e+06
5 0.461437 0.459541 1.72934 1.25179e+06
5 0.466452 0.461373 1.73219 1.25184e+06
5 0.471305 0.460697 1.73683 1.25186e+06
5 0.472957 0.461523 1.73806 1.2519e+06
5 0.473648 0.461409 1.74005 1.25193e+06
5 0.469994 0.467165 1.74216 1.25196e+06
5 0.46696 0.471059 1.74072 1.252e+06
5 0.461813 0.474158 1.73967 1.25204e+06
5 0.454815 0.480748 1.73897 1.25208e+06
5 0.446647 0.485321 1.73751 1.25209e+06
5 0.440388 0.486807 1.73874 1.25214e+06
5 0.432075 0.494598 1.73891 1.25218e+06
5 0.423809 0.500477 1.73892 1.25219e+06
5 0.414341 0.509956 1.73733 1.25224e+06
5 0.406811 0.51608 1.73921 1.25227e+06
5 0.397973 0.522541 1.74129 1.25231e+06
5 0.38875 0.52994 1.74396 1.25234e+06
5 0.382973 0.534673 1.75253 1.25237e+06
5 0.375584 0.539864 1.75679 1.25241e+06
5 0.368707 0.542897 1.76416 1.25244e+06
5 0.367547 0.543774 1.78126 1.25247e+06
5 0.368155 0.544227 1.79756 1.25251e+06
5 0.363711 0.5494 1.80006 1.25254e+06
5 0.353593 0.557744 1.79809 1.25257e+06
5 0.353325 0.559829 1.80271 1.25261e+06
5 0.350155 0.56364 1.79963 1.25264e+06
5 0.34506 0.56825 1.79841 1.25267e+06
5 0.348384 0.569629 1.80029 1.25271e+06
5 0.347443 0.57433 1.79761 1.25274e+06
5 0.347587 0.578334 1.79468 1.25277e+06
5 0.349458 0.582445 1.79383 1.25281e+06
5 0.354457 0.585148 1.78956 1.25284e+06
5 0.358843 0.58999 1.78382 1.25287e+06
5 0.365235 0.593052 1.77884 1.25290e+06
5 0.373929 0.594831 1.77384 1.25294e+06
5 0.38144 0.598475 1.77189 1.25297e+06
5 0.38935 0.60018 1.76854 1.25300e+06
5 0.398305 0.60548 1.76704 1.25304e+06
5 0.40892 0.608661 1.76322 1.25307e+06
5 0.417497 0.610469 1.76221 1.2531e+06
5 0.42616 0.613565 1.7659 1.25314e+06
5 0.435886 0.614904 1.76722 1.25317e+06
5 0.441925 0.616337 1.76589 1.25321e+06
5 0.450689 0.61733 1.76899 1.25324e+06
5 0.455707 0.617757 1.77143 1.25327e+06
5 0.461868 0.61752 1.77459 1.25331e+06
5 0.467404 0.618162 1.77941 1.25334e+06
5 0.472925 0.61878 1.78412 1.25337e+06
5 0.475182 0.61654 1.78801 1.25341e+06

6 0.669037 0.107551 1.83621 1.2562e+06
6 0.669704 0.108343 1.83356 1.25624e+06
6 0.67001 0.109127 1.83205 1.25627e+06
6 0.674235 0.109486 1.83562 1.2563e+06
6 0.681258 0.107327 1.83535 1.25633e+06
6 0.683481 0.106683 1.84046 1.25637e+06
6 0.689476 0.107714 1.84124 1.2564e+06
6 0.694137 0.106851 1.84704 1.25644e+06
6 0.700518 0.10661 1.85347 1.25647e+06
6 0.70475 0.109093 1.85739 1.2565e+06
6 0.71086 0.110956 1.85909 1.25654e+06
6 0.716336 0.110857 1.86616 1.25657e+06
6 0.720798 0.11149 1.86885 1.2566e+06
6 0.725585 0.112315 1.88163 1.25664e+06
6 0.730233 0.112721 1.88916 1.25667e+06
6 0.731949 0.116488 1.88864 1.2567e+06
6 0.733274 0.119521 1.88555 1.25674e+06
6 0.73423 0.121588 1.88579 1.25677e+06
6 0.734747 0.122496 1.88706 1.2568e+06
6 0.735312 0.122637 1.88931 1.25684e+06
6 0.735226 0.123307 1.88705 1.25687e+06
6 0.731728 0.126225 1.88251 1.2569e+06
6 0.728991 0.128799 1.87667 1.25694e+06
6 0.72217 0.131274 1.87261 1.25697e+06
6 0.719795 0.135484 1.86064 1.257e+06
6 0.715397 0.142213 1.85299 1.25704e+06
6 0.711751 0.148446 1.84759 1.25707e+06
6 0.706733 0.155165 1.84066 1.2571e+06
6 0.701826 0.165389 1.8318 1.25714e+06
6 0.699223 0.172897 1.822 1.25717e+06
6 0.694766 0.183503 1.81686 1.25720e+06
6 0.688453 0.190239 1.81321 1.25724e+06
6 0.68345 0.201068 1.81126 1.25727e+06
6 0.68073 0.208405 1.81153 1.25731e+06
6 0.676091 0.216935 1.81212 1.25734e+06
6 0.673506 0.223117 1.80914 1.25737e+06
6 0.670627 0.228023 1.80489 1.25741e+06
6 0.667411 0.234845 1.8033 1.25744e+06
6 0.667059 0.238792 1.80878 1.25747e+06
6 0.665671 0.243309 1.80937 1.25750e+06
6 0.666238 0.244175 1.80951 1.25754e+06
6 0.667194 0.246235 1.80977 1.25757e+06
6 0.670262 0.247233 1.80649 1.25761e+06
6 0.675547 0.248394 1.80139 1.25764e+06
6 0.683432 0.24775 1.80308 1.25768e+06
6 0.689452 0.248007 1.81053 1.25771e+06
6 0.695931 0.252329 1.81441 1.25774e+06
6 0.701221 0.254035 1.822 1.25778e+06
6 0.709348 0.255502 1.82762 1.25781e+06
6 0.717184 0.256266 1.83263 1.25784e+06
6 0.724488 0.258932 1.84077 1.25788e+06
6 0.730633 0.258716 1.85006 1.25791e+06
6 0.737514 0.263252 1.84871 1.25794e+06
6 0.74367 0.262417 1.85674 1.25797e+06
6 0.748064 0.263228 1.86906 1.25801e+06
6 0.755235 0.265255 1.87286 1.25804e+06
6 0.760583 0.26635 1.87694 1.25807e+06

7 0.638422 0.448453 1.87359 1.25948e+06
7 0.640111 0.448195 1.874 1.25951e+06
7 0.641727 0.44799 1.87286 1.25955e+06
7 0.644428 0.444512 1.86678 1.25958e+06
7 0.647094 0.445954 1.86447 1.25961e+06
7 0.65208 0.445528 1.86584 1.25964e+06
7 0.656048 0.443154 1.863 1.25968e+06
7 0.663818 0.441958 1.85926 1.25971e+06
7 0.669094 0.441074 1.85995 1.25974e+06
7 0.677738 0.440628 1.86228 1.25978e+06
7 0.687579 0.441095 1.86542 1.25981e+06
7 0.695648 0.440276 1.87142 1.25984e+06
7 0.704722 0.440314 1.87756 1.25987e+06
7 0.715534 0.438844 1.88043 1.25991e+06
7 0.723619 0.435231 1.88927 1.25994e+06
7 0.730473 0.432613 1.89833 1.25997e+06
7 0.737175 0.431806 1.90367 1.26000e+06
7 0.741701 0.432546 1.90582 1.26004e+06
7 0.744319 0.432325 1.91142 1.26007e+06
7 0.746001 0.432772 1.91517 1.26011e+06
7 0.745901 0.435654 1.9153 1.26014e+06
7 0.745278 0.437256 1.91624 1.26017e+06
7 0.743126 0.444439 1.91117 1.26021e+06
7 0.737367 0.454547 1.90166 1.26024e+06
7 0.731975 0.461855 1.89989 1.26027e+06
7 0.724443 0.472521 1.89209 1.26031e+06
7 0.716704 0.483487 1.88814 1.26034e+06
7 0.708722 0.494372 1.88517 1.26037e+06
7 0.698445 0.507931 1.87766 1.26041e+06
7 0.686791 0.522668 1.86963 1.26044e+06
7 0.676604 0.534188 1.86464 1.26048e+06
7 0.668029 0.545547 1.86182 1.26051e+06
7 0.655308 0.558377 1.86618 1.26054e+06
7 0.645697 0.566435 1.8695 1.26057e+06
7 0.636949 0.570979 1.87375 1.26061e+06
7 0.627761 0.578003 1.87569 1.26064e+06
7 0.617512 0.582606 1.87644 1.26067e+06
7 0.609842 0.587858 1.8797 1.26071e+06
7 0.607234 0.59116 1.88579 1.26074e+06
7 0.605329 0.592282 1.88698 1.26078e+06
7 0.605787 0.59685 1.88552 1.26081e+06
7 0.605793 0.600445 1.8846 1.26084e+06
7 0.607989 0.604227 1.88377 1.26087e+06
7 0.613841 0.604747 1.88422 1.26091e+06
7 0.620848 0.606409 1.88608 1.26094e+06
7 0.627186 0.606986 1.88731 1.26097e+06
7 0.634498 0.607526 1.88381 1.26101e+06
7 0.646706 0.605543 1.886 1.26104e+06
7 0.656347 0.605962 1.88679 1.26108e+06
7 0.668545 0.599538 1.89634 1.26111e+06
7 0.677006 0.599693 1.89596 1.26114e+06
7 0.684534 0.596991 1.90441 1.26118e+06
7 0.694351 0.594194 1.91303 1.26121e+06
7 0.701807 0.59198 1.92001 1.26124e+06
7 0.710007 0.586495 1.93233 1.26128e+06
7 0.718394 0.581191 1.94298 1.26131e+06
7 0.724598 0.57732 1.95097 1.26135e+06
7 0.730382 0.576088 1.95442 1.26137e+06
7 0.734808 0.573855 1.95953 1.26141e+06
7 0.740415 0.572975 1.96413 1.26144e+06
7 0.744163 0.570152 1.9728 1.26147e+06
7 0.745346 0.564464 1.97391 1.26151e+06
7 0.745787 0.565428 1.978 1.26154e+06
7 0.746219 0.568706 1.97536 1.26157e+06
7 0.745182 0.571353 1.9797 1.26161e+06

8 0.513403 0.558928 1.91501 1.26365e+06
8 0.512651 0.56478 1.91254 1.26368e+06
8 0.510392 0.567919 1.91057 1.26371e+06
8 0.500582 0.561035 1.89456 1.26374e+06
8 0.492205 0.557876 1.87947 1.26378e+06
8 0.487948 0.557663 1.86583 1.26381e+06
8 0.491897 0.55746 1.86131 1.26385e+06
8 0.497948 0.557265 1.85725 1.26387e+06
8 0.503266 0.55718 1.85504 1.26391e+06
8 0.511229 0.556056 1.85675 1.26394e+06
8 0.519573 0.556723 1.85926 1.26398e+06
8 0.525644 0.556512 1.85982 1.26401e+06
8 0.532881 0.557964 1.86442 1.26404e+06
8 0.538933 0.557447 1.86608 1.26408e+06
8 0.542067 0.558946 1.8713 1.26411e+06
8 0.544743 0.558646 1.87688 1.26414e+06
8 0.545187 0.559248 1.87955 1.26418e+06
8 0.547998 0.564948 1.87679 1.26421e+06
8 0.550227 0.563704 1.87503 1.26424e+06
8 0.549138 0.568725 1.87333 1.26428e+06
8 0.547185 0.572177 1.87463 1.26431e+06
8 0.546067 0.574084 1.87589 1.26434e+06
8 0.543502 0.576424 1.87479 1.26438e+06
8 0.536455 0.576869 1.87528 1.26441e+06
8 0.528497 0.576447 1.87751 1.26444e+06
8 0.520832 0.580948 1.87742 1.26448e+06
8 0.513503 0.586176 1.87656 1.26451e+06
8 0.505846 0.589524 1.88006 1.26455e+06
8 0.500227 0.591729 1.8841 1.26458e+06
8 0.493854 0.589066 1.89777 1.26461e+06
8 0.489071 0.591144 1.90262 1.26465e+06
8 0.48228 0.597229 1.90492 1.26468e+06
8 0.476337 0.602543 1.91215 1.26471e+06
8 0.475025 0.602756 1.91734 1.26474e+06
8 0.473434 0.603456 1.92228 1.26478e+06
8 0.471454 0.604326 1.92442 1.26481e+06
8 0.46858 0.608278 1.92404 1.26484e+06
8 0.469866 0.607517 1.92658 1.26488e+06
8 0.469934 0.609171 1.92241 1.26491e+06
8 0.471604 0.610889 1.92598 1.26494e+06
8 0.473025 0.612752 1.9282 1.26498e+06
8 0.476322 0.612164 1.92798 1.26501e+06
8 0.482323 0.611237 1.92816 1.26504e+06
8 0.488619 0.608604 1.92628 1.26508e+06
8 0.494772 0.613806 1.92291 1.26511e+06
8 0.502704 0.619064 1.9186 1.26515e+06
8 0.510071 0.622714 1.91937 1.26518e+06
8 0.517373 0.625226 1.92114 1.26521e+06
8 0.525706 0.626919 1.92762 1.26525e+06
8 0.533361 0.62648 1.93164 1.26528e+06
8 0.54009 0.629136 1.93711 1.26531e+06
8 0.545004 0.628983 1.94652 1.26535e+06
8 0.550741 0.627427 1.95304 1.26538e+06
8 0.554338 0.626752 1.95514 1.26541e+06
8 0.556331 0.626245 1.95634 1.26545e+06
8 0.558548 0.628618 1.95803 1.26548e+06
8 0.558808 0.627322 1.96113 1.26552e+06
8 0.559048 0.625783 1.96184 1.26555e+06

9 0.408822 0.0625308 1.84155 1.26908e+06
9 0.410205 0.0639228 1.83889 1.26912e+06
9 0.412344 0.0653157 1.83667 1.26915e+06
9 0.417304 0.0628855 1.83878 1.26918e+06
9 0.421476 0.0648777 1.83997 1.26922e+06
9 0.427556 0.0648573 1.84047 1.26925e+06
9 0.432492 0.0667312 1.83991 1.26929e+06
9 0.440233 0.0653372 1.84208 1.26932e+06
9 0.449121 0.0638044 1.84494 1.26936e+06
9 0.457324 0.0654416 1.84919 1.26939e+06
9 0.464987 0.0694091 1.85074 1.26942e+06
9 0.474514 0.0634121 1.84847 1.26946e+06
9 0.480308 0.0661095 1.85286 1.26949e+06
9 0.489695 0.0630013 1.84777 1.26952e+06
9 0.496698 0.0617611 1.84153 1.26956e+06
9 0.500809 0.0647218 1.83896 1.26959e+06
9 0.504134 0.0681047 1.8358 1.26962e+06
9 0.506903 0.0730897 1.82978 1.26966e+06
9 0.5061 0.0793388 1.82698 1.26969e+06
9 0.503555 0.083549 1.82208 1.26971e+06
9 0.502073 0.0907285 1.81339 1.26976e+06
9 0.496755 0.10118 1.79947 1.26979e+06
9 0.490385 0.111106 1.78828 1.26981e+06
9 0.482428 0.124693 1.77637 1.26986e+06
9 0.474357 0.141592 1.76321 1.26988e+06
9 0.467289 0.161163 1.75578 1.26991e+06
9 0.458176 0.178651 1.7463 1.26994e+06
9 0.448955 0.196666 1.74198 1.26998e+06
9 0.438134 0.213113 1.73527 1.27001e+06
9 0.430546 0.226739 1.73267 1.27004e+06
9 0.420857 0.241037 1.73441 1.27008e+06
9 0.412355 0.256993 1.73392 1.27011e+06
9 0.405667 0.27106 1.73397 1.27016e+06
9 0.400775 0.280407 1.7407 1.27018e+06
9 0.393723 0.292327 1.74284 1.27021e+06
9 0.39001 0.303223 1.74249 1.27026e+06
9 0.387377 0.311559 1.74473 1.27028e+06
9 0.386593 0.316046 1.743 1.27031e+06
9 0.386952 0.319948 1.74305 1.27036e+06
9 0.388687 0.32381 1.73936 1.27038e+06
9 0.39255 0.322794 1.73805 1.27043e+06
9 0.396544 0.324743 1.73254 1.27046e+06
9 0.403092 0.324566 1.72637 1.27048e+06
9 0.411975 0.324342 1.71745 1.27053e+06
9 0.42314 0.321316 1.71447 1.27054e+06
9 0.436241 0.320037 1.71414 1.27058e+06
9 0.448661 0.319327 1.71551 1.27063e+06
9 0.461826 0.320275 1.71872 1.27066e+06
9 0.477358 0.318874 1.72094 1.27068e+06
9 0.49095 0.318807 1.72433 1.27073e+06
9 0.50333 0.318508 1.72513 1.27076e+06
9 0.514912 0.317934 1.72679 1.27078e+06
9 0.524967 0.318718 1.72519 1.27083e+06
9 0.536958 0.32339 1.72788 1.27084e+06
9 0.545603 0.324233 1.73291 1.27088e+06
9 0.554507 0.328758 1.73528 1.27091e+06
9 0.559933 0.330219 1.74036 1.27095e+06
9 0.565479 0.331162 1.74748 1.27098e+06

