Gesto: 2
0 0.375343 0.186124 2.0076 695734
0 0.376874 0.185682 2.00501 695767
0 0.379776 0.183782 1.99779 695801
0 0.381887 0.178403 1.99744 695835
0 0.384214 0.174676 1.99338 695867
0 0.389428 0.171601 1.99067 695900
0 0.397839 0.168892 1.99113 695933
0 0.407467 0.167868 1.98521 695967
0 0.422085 0.164665 1.98051 696001
0 0.438907 0.159832 1.97254 696035
0 0.453972 0.160913 1.96443 696069
0 0.471759 0.157173 1.95925 696103
0 0.488081 0.156787 1.95905 696135
0 0.504097 0.157574 1.9523 696168
0 0.51932 0.158348 1.95169 696201
0 0.531577 0.158926 1.94574 696235
0 0.541277 0.163202 1.94512 696269
0 0.546133 0.166781 1.9427 696301
0 0.546672 0.176966 1.93764 696334
0 0.545316 0.185824 1.93236 696367
0 0.536594 0.202346 1.92913 696401
0 0.526238 0.221983 1.92502 696434
0 0.512406 0.244205 1.92309 696467
0 0.493931 0.270194 1.92916 696500
0 0.467077 0.306984 1.92969 696533
0 0.444672 0.33691 1.93331 696566
0 0.423654 0.365057 1.94635 696600
0 0.405175 0.383718 1.96143 696634
0 0.388313 0.400211 1.97396 696665
0 0.37496 0.409631 1.98732 696698
0 0.367629 0.414374 1.99531 696732
0 0.367849 0.415218 1.99739 696765
0 0.374211 0.415908 1.99321 696799
0 0.385 0.418467 1.98681 696833
0 0.402814 0.418789 1.97589 696867
0 0.425224 0.419855 1.95364 696899
0 0.45819 0.420692 1.9492 696932
0 0.498533 0.422875 1.95242 696965
0 0.532082 0.424449 1.96097 696998
0 0.557175 0.426155 1.9685 697032
0 0.573523 0.424921 1.97678 697066
0 0.58599 0.421297 1.9823 697099
0 0.59314 0.419747 1.9866 697131
0 0.59741 0.418302 1.98508 697164

1 0.382452 0.194451 2.03522 698476
1 0.383751 0.195526 2.03535 698493
1 0.38842 0.194018 2.03538 698543
1 0.397514 0.193038 2.03005 698576
1 0.407124 0.193757 2.02244 698593
1 0.421049 0.188889 2.0109 698643
1 0.437303 0.187118 2.00249 698660
1 0.456614 0.1861 1.99246 698693
1 0.479224 0.184871 1.98119 698744
1 0.503919 0.183803 1.9779 698761
1 0.52986 0.184233 1.97787 698795
1 0.551861 0.18575 1.9803 698829
1 0.568415 0.190269 1.98696 698863
1 0.579241 0.195689 1.9899 698897
1 0.584643 0.203649 1.99084 698931
1 0.586812 0.208928 1.99259 698964
1 0.587107 0.212559 1.99261 698998
1 0.581833 0.221006 1.99336 699032
1 0.576321 0.229301 1.99255 699065
1 0.562501 0.247433 1.98256 699099
1 0.54433 0.26667 1.9755 699132
1 0.525121 0.28704 1.9679 699166
1 0.493076 0.320615 1.96811 699200
1 0.468896 0.351854 1.97457 699232
1 0.448376 0.379259 1.9832 699266
1 0.430144 0.398538 1.98518 699300
1 0.422252 0.410541 1.98609 699334
1 0.422137 0.414122 1.98039 699367
1 0.424837 0.417868 1.98692 699401
1 0.436778 0.417385 1.97534 699435
1 0.456385 0.41705 1.97825 699469
1 0.484086 0.412219 1.97716 699503
1 0.522257 0.408495 1.98106 699537
1 0.559538 0.412445 1.99134 699571
1 0.587846 0.417346 2.00515 699605
1 0.610041 0.419385 2.01877 699637
1 0.621752 0.41647 2.02895 699671
1 0.628614 0.408324 2.04037 699705
1 0.632091 0.405354 2.04756 699739

2 0.379148 0.196163 2.03909 700704
2 0.383844 0.194901 2.04159 700738
2 0.393456 0.194281 2.03962 700770
2 0.408803 0.192533 2.02956 700804
2 0.426921 0.189688 2.01851 700837
2 0.449599 0.18458 2.01076 700870
2 0.471414 0.182346 2.00264 700902
2 0.489089 0.185051 1.99268 700935
2 0.505584 0.189742 1.98879 700969
2 0.516122 0.193995 1.98308 701001
2 0.524508 0.198175 1.98585 701034
2 0.528661 0.200558 1.98969 701067
2 0.5266 0.207235 1.9899 701100
2 0.523759 0.212686 1.98621 701133
2 0.515386 0.222847 1.98217 701165
2 0.506996 0.236094 1.98168 701200
2 0.494586 0.252314 1.98334 701233
2 0.474909 0.269941 1.98685 701266
2 0.449526 0.297302 1.98318 701301
2 0.418719 0.328297 1.98561 701333
2 0.394035 0.354138 1.99367 701366
2 0.369836 0.373906 2.00572 701401
2 0.353847 0.389785 2.00988 701433
2 0.340996 0.40048 2.02785 701467
2 0.338433 0.407584 2.02849 701501
2 0.340614 0.418872 2.02013 701534
2 0.347939 0.424878 2.01408 701568
2 0.363291 0.431266 1.99954 701602
2 0.385262 0.433547 1.97319 701636
2 0.415924 0.434177 1.95738 701670
2 0.462064 0.443417 1.94875 701703
2 0.499775 0.448733 1.95907 701736
2 0.527796 0.452447 1.97192 701770
2 0.54556 0.453036 1.98504 701805
2 0.553873 0.449776 1.99463 701838

3 0.348727 0.200164 2.06949 702747
3 0.349271 0.195768 2.06756 702764
3 0.356949 0.192135 2.05786 702798
3 0.365738 0.19166 2.04728 702832
3 0.376244 0.185615 2.03931 702865
3 0.39527 0.179747 2.03012 702898
3 0.418068 0.172364 2.0182 702932
3 0.441744 0.169364 2.01272 702966
3 0.465575 0.166661 2.00296 702999
3 0.485674 0.167261 1.98844 703033
3 0.506262 0.171348 1.98579 703067
3 0.524586 0.177162 1.98797 703101
3 0.533704 0.18589 1.98709 703134
3 0.539768 0.191516 1.98778 703167
3 0.537133 0.201099 1.98856 703200
3 0.532162 0.207145 1.99191 703234
3 0.520055 0.218936 1.98939 703267
3 0.504065 0.232862 1.99264 703300
3 0.482424 0.245658 1.99558 703334
3 0.457281 0.261899 1.99517 703368
3 0.427601 0.286746 1.99558 703401
3 0.399573 0.312181 2.015 703434
3 0.376183 0.335521 2.02704 703468
3 0.359524 0.353841 2.03872 703502
3 0.348375 0.365947 2.04684 703535
3 0.342149 0.380154 2.05421 703568
3 0.341509 0.38611 2.04341 703601
3 0.351279 0.391089 2.03755 703634
3 0.365118 0.394229 2.01834 703668
3 0.385517 0.396228 2.00002 703701
3 0.410355 0.400948 1.9922 703734
3 0.442355 0.40713 1.98578 703767
3 0.475863 0.413399 1.97628 703815
3 0.502052 0.421185 1.97739 703831
3 0.518211 0.421657 1.97914 703866

4 0.389738 0.181899 2.05724 712975
4 0.391884 0.184882 2.05989 713009
4 0.393082 0.186315 2.05544 713041
4 0.395269 0.18381 2.04924 713074
4 0.399659 0.180845 2.04532 713107
4 0.405356 0.180371 2.03969 713141
4 0.411287 0.17899 2.03193 713175
4 0.420376 0.177821 2.0248 713207
4 0.430488 0.179498 2.02042 713241
4 0.442315 0.180306 2.01814 713273
4 0.457522 0.180513 2.00961 713307
4 0.472307 0.180671 2.00447 713349
4 0.487234 0.181683 1.99768 713384
4 0.502499 0.182111 1.99163 713417
4 0.521946 0.182393 1.9888 713451
4 0.535762 0.183835 1.98901 713484
4 0.543433 0.184454 1.99345 713518
4 0.550902 0.183419 2.00039 713551
4 0.555676 0.187478 2.00538 713585
4 0.558091 0.190729 2.00978 713618
4 0.555106 0.19594 2.00735 713652
4 0.548892 0.203256 1.99938 713686
4 0.540112 0.208859 1.9984 713720
4 0.526342 0.220011 1.99119 713754
4 0.505923 0.229634 1.9887 713788
4 0.485637 0.24456 1.98966 713822
4 0.461326 0.265478 1.99583 713856
4 0.435587 0.286861 1.99506 713873
4 0.415146 0.306666 2.00119 713924
4 0.397989 0.324059 2.01302 713941
4 0.388718 0.334816 2.01996 713975
4 0.383976 0.346382 2.0217 714009
4 0.382507 0.351917 2.02502 714043
4 0.382316 0.355271 2.02155 714077
4 0.388481 0.357368 2.01753 714111
4 0.399218 0.358006 2.00858 714145
4 0.410491 0.359614 1.99943 714178
4 0.42513 0.362367 1.99898 714211
4 0.44972 0.361445 1.99152 714243
4 0.476229 0.36199 1.97756 714277
4 0.500772 0.362734 1.97422 714311
4 0.526738 0.370799 1.97961 714345
4 0.546919 0.375721 1.98867 714378
4 0.559346 0.377987 1.99999 714411
4 0.566173 0.378727 2.0089 714445
4 0.567191 0.378985 2.01175 714479
4 0.565473 0.378537 2.01465 714512
4 0.561075 0.377149 2.01252 714546

5 0.373021 0.203596 2.05806 715748
5 0.375663 0.205911 2.05688 715780
5 0.377899 0.201083 2.04486 715814
5 0.383737 0.197653 2.04094 715846
5 0.393268 0.194627 2.04325 715880
5 0.405676 0.194615 2.02993 715913
5 0.420911 0.192568 2.02618 715946
5 0.435505 0.192546 2.02322 715980
5 0.450347 0.193202 2.01425 716014
5 0.468374 0.194639 2.00773 716049
5 0.48556 0.196645 2 716082
5 0.502304 0.199411 1.99735 716115
5 0.516613 0.201545 1.99714 716148
5 0.529322 0.204506 2.00597 716181
5 0.537918 0.207947 2.0108 716215
5 0.543594 0.205417 2.0165 716247
5 0.546248 0.20686 2.01996 716281
5 0.548815 0.209135 2.02334 716314
5 0.550735 0.212838 2.02375 716347
5 0.54903 0.21999 2.0222 716381
5 0.547276 0.225704 2.01888 716414
5 0.544113 0.231888 2.01574 716447
5 0.53616 0.243202 2.0096 716480
5 0.526485 0.256394 2.00435 716514
5 0.513199 0.278444 1.99925 716548
5 0.50142 0.300799 1.99297 716579
5 0.482683 0.329869 1.98876 716613
5 0.468093 0.357174 1.98881 716646
5 0.454772 0.383189 1.98791 716679
5 0.44508 0.4002 1.99246 716712
5 0.436547 0.413355 1.99929 716745
5 0.429988 0.423148 2.00555 716779
5 0.425859 0.428599 2.01278 716812
5 0.423427 0.431262 2.01765 716861
5 0.423263 0.432202 2.02578 716879
5 0.423541 0.432721 2.02554 716911
5 0.42936 0.431753 2.02847 716944
5 0.43556 0.427678 2.02146 716977
5 0.443575 0.425752 2.02192 717011
5 0.459351 0.421316 2.0225 717060
5 0.476946 0.417373 2.02221 717077
5 0.502599 0.414009 2.02417 717109
5 0.528169 0.413241 2.02841 717159
5 0.549915 0.41309 2.03227 717192
5 0.566768 0.413021 2.03549 717209
5 0.578414 0.415587 2.04546 717260
5 0.58399 0.415307 2.05183 717278
5 0.586719 0.415058 2.05611 717311

6 0.42269 0.1821 2.05533 719252
6 0.425118 0.178975 2.05336 719286
6 0.431086 0.181471 2.04854 719319
6 0.44177 0.179904 2.04902 719353
6 0.456036 0.17605 2.05366 719387
6 0.472602 0.169261 2.052 719421
6 0.490581 0.166233 2.04314 719455
6 0.510334 0.168565 2.03959 719489
6 0.5281 0.170824 2.03757 719524
6 0.542192 0.177685 2.041 719555
6 0.552055 0.182753 2.04528 719587
6 0.550864 0.19374 2.03721 719621
6 0.542517 0.201092 2.03435 719654
6 0.53015 0.213688 2.02716 719688
6 0.508512 0.228529 2.02186 719722
6 0.487613 0.24234 2.02443 719755
6 0.464156 0.261882 2.02285 719789
6 0.441362 0.284192 2.02133 719821
6 0.419541 0.302938 2.01982 719854
6 0.404037 0.316658 2.01355 719888
6 0.398625 0.329115 2.01626 719921
6 0.396429 0.335253 2.02032 719955
6 0.396811 0.338795 2.01633 719988
6 0.405067 0.341767 2.01541 720022
6 0.420454 0.341432 2.01127 720056
6 0.441668 0.341099 2.00492 720090
6 0.472933 0.340135 1.99939 720121
6 0.50019 0.342859 2.00202 720154
6 0.523258 0.34617 2.00752 720187

7 0.419752 0.202246 2.07497 721752
7 0.419371 0.198514 2.06832 721786
7 0.421981 0.198633 2.06495 721820
7 0.427566 0.196665 2.05919 721853
7 0.433694 0.193729 2.06284 721887
7 0.443164 0.194629 2.0537 721921
7 0.457004 0.193555 2.04752 721953
7 0.476918 0.186719 2.04176 721987
7 0.494143 0.187593 2.03257 722020
7 0.513097 0.191122 2.0321 722053
7 0.525087 0.194364 2.03198 722088
7 0.530117 0.201615 2.03344 722121
7 0.531324 0.206596 2.03312 722154
7 0.525231 0.216379 2.02833 722188
7 0.519214 0.226034 2.01845 722222
7 0.509199 0.236905 2.02502 722256
7 0.494821 0.252885 2.03205 722290
7 0.476946 0.276532 2.031 722324
7 0.455884 0.306215 2.03694 722359
7 0.434567 0.33565 2.03613 722393
7 0.417031 0.357412 2.04397 722427
7 0.405535 0.375544 2.04665 722459
7 0.399334 0.385112 2.04628 722491
7 0.39879 0.391149 2.05268 722523
7 0.40454 0.391146 2.04819 722557
7 0.413949 0.391197 2.04547 722589
7 0.430573 0.394032 2.03553 722623
7 0.448413 0.393 2.03199 722657
7 0.471225 0.394249 2.02605 722690
7 0.49969 0.396646 2.01419 722723
7 0.525327 0.402066 2.01705 722757
7 0.546438 0.407441 2.01968 722790
7 0.55931 0.410855 2.02197 722824
7 0.566761 0.412883 2.0225 722857

8 0.402624 0.207067 2.06334 725233
8 0.407899 0.209342 2.05601 725250
8 0.416341 0.211755 2.04896 725284
8 0.427751 0.204439 2.03856 725318
8 0.445099 0.200269 2.02296 725351
8 0.466375 0.198025 2.01223 725385
8 0.485679 0.198554 2.00123 725419
8 0.502025 0.200519 1.99688 725453
8 0.514597 0.201335 1.99518 725488
8 0.523778 0.206063 1.99613 725520
8 0.528115 0.209471 2.00121 725554
8 0.529493 0.212093 2.01043 725588
8 0.524206 0.22059 2.00583 725622
8 0.517939 0.228853 2.00265 725654
8 0.504787 0.238537 2.00473 725688
8 0.489704 0.251808 2.01263 725721
8 0.472444 0.270337 2.02176 725755
8 0.455591 0.289371 2.02715 725789
8 0.43798 0.313065 2.03465 725823
8 0.423743 0.334967 2.03568 725856
8 0.409495 0.347634 2.03329 725889
8 0.402114 0.359619 2.03234 725922
8 0.398708 0.366595 2.02544 725956
8 0.399445 0.367302 2.00972 725990
8 0.405723 0.364242 2.00978 726023
8 0.415316 0.363759 2.00472 726056
8 0.430469 0.366366 2.01503 726090
8 0.447941 0.369831 2.00118 726124
8 0.470142 0.372861 1.99992 726158
8 0.49578 0.377347 1.99946 726191
8 0.518542 0.379352 1.99847 726225
8 0.53186 0.378517 2.00981 726258
8 0.539458 0.37826 2.01638 726292

9 0.523866 0.192353 2.03377 728434
9 0.529695 0.190949 2.0369 728468
9 0.5357 0.191523 2.03803 728485
9 0.544319 0.19235 2.04083 728535
9 0.551894 0.191457 2.04037 728552
9 0.566313 0.188693 2.04009 728587
9 0.583602 0.1839 2.04003 728621
9 0.598914 0.183359 2.04562 728655
9 0.613515 0.182964 2.05665 728688
9 0.630813 0.184137 2.06441 728722
9 0.641828 0.187703 2.0625 728756
9 0.647678 0.19412 2.06896 728790
9 0.650253 0.19994 2.06854 728823
9 0.647396 0.205978 2.05906 728857
9 0.640848 0.21261 2.06445 728891
9 0.630026 0.227227 2.04908 728925
9 0.610729 0.243648 2.04063 728959
9 0.58769 0.265016 2.03704 728993
9 0.567099 0.289339 2.0362 729027
9 0.545484 0.31771 2.03287 729059
9 0.52653 0.339603 2.03593 729093
9 0.510731 0.357291 2.04571 729127
9 0.501819 0.366413 2.04956 729161
9 0.49719 0.371885 2.04778 729195
9 0.498174 0.375883 2.04611 729229
9 0.50514 0.378589 2.04507 729263
9 0.518963 0.378077 2.03606 729297
9 0.532887 0.377373 2.02737 729329
9 0.548781 0.381075 2.02425 729370
9 0.572108 0.379928 2.03072 729391
9 0.597696 0.380964 2.03406 729425
9 0.620847 0.386564 2.03568 729457
9 0.638693 0.392994 2.03229 729490
9 0.649626 0.394501 2.03027 729524
9 0.656225 0.39575 2.03052 729556

