Gesto: 2
0 0.581789 0.184704 1.65428 444682
0 0.581078 0.182867 1.65308 444716
0 0.580181 0.183886 1.65221 444750
0 0.579648 0.183527 1.65289 444784
0 0.581372 0.185539 1.65089 444817
0 0.581596 0.184177 1.64809 444851
0 0.580701 0.182816 1.64907 444885
0 0.581913 0.184944 1.65006 444919
0 0.581561 0.18754 1.6511 444952
0 0.580767 0.186891 1.65092 444986
0 0.581483 0.187546 1.64858 445020
0 0.584915 0.184183 1.64937 445053
0 0.587645 0.182077 1.65111 445087
0 0.590513 0.181738 1.65594 445121
0 0.596388 0.179913 1.65982 445154
0 0.602886 0.177243 1.66046 445188
0 0.612522 0.17541 1.66112 445222
0 0.622948 0.173975 1.66354 445255
0 0.632856 0.172515 1.66922 445287
0 0.639254 0.172903 1.67233 445320
0 0.644927 0.173215 1.67303 445352
0 0.649802 0.174226 1.67331 445386
0 0.649151 0.176359 1.67162 445421
0 0.650026 0.180367 1.67008 445454
0 0.650178 0.183129 1.67001 445488
0 0.648727 0.186965 1.66823 445520
0 0.646455 0.19117 1.66545 445553
0 0.642684 0.196941 1.66052 445586
0 0.637499 0.206238 1.6583 445619
0 0.631868 0.213042 1.66008 445651
0 0.626169 0.22335 1.66402 445685
0 0.617153 0.234943 1.65804 445720
0 0.609216 0.248989 1.65346 445753
0 0.60151 0.263056 1.64946 445786
0 0.594614 0.278677 1.64264 445819
0 0.587798 0.288017 1.64378 445853
0 0.582595 0.299419 1.63675 445885
0 0.576546 0.304492 1.63604 445919
0 0.571034 0.310208 1.6326 445952
0 0.568721 0.313041 1.62957 445985
0 0.56697 0.314403 1.62818 446018
0 0.570317 0.314232 1.63126 446051
0 0.576586 0.311911 1.6326 446084
0 0.586399 0.311367 1.63225 446118
0 0.599662 0.308459 1.63678 446150
0 0.616899 0.305072 1.6415 446183
0 0.63373 0.304716 1.64919 446216
0 0.654562 0.305548 1.65786 446248
0 0.674331 0.307401 1.66667 446282
0 0.690202 0.311376 1.6702 446316
0 0.700112 0.313805 1.67637 446348
0 0.705504 0.315012 1.68535 446380
0 0.707754 0.315753 1.68791 446413
0 0.708238 0.315404 1.68608 446463

1 0.756401 0.220457 1.74308 447990
1 0.755576 0.220452 1.7409 448024
1 0.755012 0.220394 1.73937 448057
1 0.753736 0.220835 1.73635 448091
1 0.753955 0.220648 1.73504 448123
1 0.755704 0.219321 1.736 448157
1 0.754393 0.219359 1.73677 448191
1 0.756134 0.217025 1.73902 448225
1 0.759224 0.215441 1.74116 448259
1 0.764121 0.212603 1.74442 448293
1 0.771974 0.20916 1.75071 448327
1 0.782071 0.206961 1.75326 448360
1 0.791015 0.204784 1.75797 448393
1 0.800641 0.203579 1.7656 448427
1 0.809012 0.202554 1.76375 448461
1 0.816552 0.203236 1.76856 448495
1 0.822257 0.204757 1.76835 448528
1 0.822055 0.20575 1.76255 448561
1 0.821244 0.204878 1.77213 448595
1 0.814686 0.20932 1.76924 448627
1 0.809047 0.211389 1.76742 448661
1 0.80527 0.212153 1.76715 448695
1 0.800897 0.215278 1.76639 448729
1 0.796517 0.223353 1.75758 448763
1 0.792703 0.23213 1.7485 448795
1 0.788277 0.241936 1.75031 448828
1 0.783061 0.251044 1.75224 448863
1 0.779984 0.261517 1.74587 448897
1 0.776342 0.272492 1.74041 448930
1 0.770307 0.283608 1.7378 448948
1 0.763723 0.295404 1.73203 448997
1 0.75613 0.305965 1.72802 449031
1 0.746923 0.316458 1.72239 449048
1 0.735587 0.328842 1.71456 449099
1 0.726616 0.338887 1.70701 449131
1 0.718933 0.350729 1.69931 449147
1 0.712961 0.35898 1.69614 449198
1 0.707636 0.368471 1.68795 449230
1 0.703567 0.374297 1.68402 449264
1 0.701185 0.376993 1.68368 449297
1 0.699268 0.378728 1.68231 449329
1 0.69864 0.379827 1.68062 449363
1 0.701456 0.379802 1.67952 449396
1 0.705237 0.379943 1.67769 449428
1 0.713434 0.380856 1.67962 449462
1 0.72515 0.378693 1.68276 449496
1 0.740098 0.373091 1.69645 449530
1 0.756069 0.367477 1.70773 449562
1 0.773799 0.364206 1.7168 449595
1 0.787199 0.361823 1.72682 449628
1 0.797209 0.359512 1.73727 449662
1 0.806735 0.358596 1.74642 449694
1 0.813584 0.356496 1.75296 449727
1 0.820474 0.356966 1.76034 449761
1 0.824068 0.357088 1.76239 449796
1 0.827188 0.354716 1.76597 449829
1 0.829605 0.355828 1.76538 449862
1 0.830855 0.35631 1.76379 449895
1 0.831212 0.355795 1.76387 449930
1 0.829005 0.354548 1.76206 449962

2 0.508812 0.162212 1.67957 452196
2 0.509027 0.162116 1.68112 452230
2 0.509116 0.165013 1.67983 452263
2 0.509134 0.16664 1.67896 452296
2 0.509474 0.167996 1.67759 452328
2 0.50884 0.169201 1.67678 452360
2 0.508484 0.170731 1.67485 452393
2 0.509068 0.173779 1.67418 452426
2 0.509681 0.175164 1.67657 452460
2 0.510686 0.176181 1.67627 452493
2 0.511227 0.177351 1.67231 452526
2 0.512085 0.176472 1.67466 452559
2 0.512586 0.176129 1.67456 452591
2 0.514407 0.175721 1.67549 452624
2 0.512875 0.177885 1.67386 452657
2 0.513073 0.176622 1.67466 452689
2 0.512875 0.176224 1.6748 452723
2 0.513071 0.175664 1.6757 452756
2 0.512978 0.175919 1.67264 452788
2 0.512782 0.176174 1.67139 452823
2 0.514578 0.175299 1.67459 452856
2 0.515352 0.175399 1.67675 452890
2 0.514007 0.176925 1.67506 452924
2 0.512981 0.177795 1.67161 452956
2 0.512996 0.176996 1.66996 452989
2 0.512337 0.177672 1.66969 453021
2 0.512323 0.177633 1.67145 453054
2 0.512438 0.176727 1.67351 453087
2 0.511113 0.178884 1.67113 453120
2 0.51193 0.177055 1.67156 453169
2 0.51258 0.175951 1.6724 453186
2 0.513485 0.175111 1.67064 453220
2 0.515487 0.174465 1.66728 453269
2 0.516479 0.175048 1.66148 453302
2 0.518984 0.17511 1.66473 453319
2 0.524133 0.174198 1.66653 453370
2 0.531243 0.174435 1.66938 453386
2 0.539071 0.175139 1.67106 453421
2 0.547796 0.173475 1.67197 453454
2 0.558015 0.171225 1.67219 453488
2 0.567389 0.170605 1.67527 453521
2 0.577183 0.167506 1.68142 453554
2 0.586186 0.168916 1.68039 453588
2 0.589915 0.171329 1.68302 453621
2 0.591264 0.173381 1.68703 453655
2 0.591651 0.177179 1.68745 453689
2 0.588807 0.181189 1.68644 453723
2 0.584377 0.185888 1.68348 453757
2 0.58026 0.191381 1.68064 453790
2 0.571844 0.206189 1.67746 453823
2 0.559532 0.223981 1.67309 453856
2 0.550775 0.242897 1.66852 453887
2 0.542045 0.25948 1.66212 453921
2 0.532093 0.270532 1.65825 453969
2 0.526188 0.280613 1.6555 454002
2 0.518676 0.286473 1.65651 454019
2 0.51313 0.291746 1.65865 454069
2 0.509615 0.292606 1.65795 454086
2 0.507276 0.293538 1.65739 454118
2 0.509162 0.291607 1.65465 454168
2 0.513639 0.288145 1.65481 454202
2 0.521809 0.284905 1.65113 454220
2 0.53278 0.281357 1.65042 454268
2 0.546005 0.279473 1.65428 454286
2 0.565219 0.277119 1.65685 454336
2 0.584313 0.275151 1.66482 454368
2 0.604483 0.274813 1.67201 454400
2 0.620068 0.277479 1.67892 454434
2 0.629343 0.280405 1.68292 454468
2 0.634493 0.282619 1.68428 454502
2 0.636675 0.281175 1.68727 454536

3 0.604182 0.410462 1.88011 456036
3 0.605318 0.408445 1.87971 456053
3 0.603611 0.406595 1.88265 456104
3 0.604032 0.405918 1.87517 456138
3 0.601979 0.406349 1.88051 456155
3 0.600546 0.405918 1.88274 456205
3 0.599946 0.405971 1.88336 456237
3 0.600105 0.405105 1.88285 456254
3 0.600549 0.404549 1.88201 456305
3 0.600903 0.404834 1.88307 456337
3 0.602354 0.403663 1.8806 456355
3 0.606808 0.398609 1.88239 456404
3 0.609398 0.401758 1.87993 456436
3 0.611606 0.402557 1.87847 456469
3 0.616977 0.404451 1.87514 456502
3 0.621376 0.405618 1.87212 456535
3 0.62887 0.406491 1.87002 456568
3 0.635708 0.406991 1.86768 456601
3 0.645019 0.403295 1.86456 456634
3 0.654843 0.40469 1.86849 456667
3 0.666628 0.403066 1.87131 456701
3 0.67535 0.403439 1.87221 456721
3 0.68223 0.400808 1.87893 456766
3 0.685987 0.397438 1.88499 456800
3 0.687992 0.395709 1.88686 456834
3 0.688182 0.397529 1.88815 456868
3 0.686832 0.399953 1.88505 456900
3 0.685145 0.402581 1.87673 456935
3 0.681543 0.405594 1.87219 456969
3 0.6772 0.408558 1.87116 457003
3 0.672454 0.413606 1.86914 457036
3 0.666924 0.419705 1.86517 457070
3 0.661604 0.426551 1.86382 457103
3 0.654954 0.432902 1.86241 457136
3 0.648777 0.43917 1.86475 457168
3 0.638682 0.447571 1.86231 457201
3 0.631625 0.454023 1.86567 457235
3 0.623147 0.463706 1.86136 457267
3 0.616005 0.473264 1.86066 457302
3 0.608588 0.482266 1.86012 457335
3 0.602801 0.49162 1.86169 457369
3 0.594884 0.499795 1.85789 457400
3 0.589988 0.509178 1.86012 457434
3 0.587437 0.514219 1.85997 457469
3 0.585705 0.517706 1.85787 457502
3 0.585405 0.519249 1.85674 457536
3 0.585139 0.520526 1.85274 457570
3 0.590833 0.521264 1.852 457604
3 0.599713 0.521792 1.85236 457635
3 0.610233 0.523305 1.84638 457669
3 0.62547 0.526624 1.8406 457703
3 0.649785 0.525501 1.84268 457738
3 0.672514 0.524392 1.85119 457771
3 0.688053 0.52361 1.86053 457805
3 0.700144 0.521989 1.87587 457839
3 0.703021 0.520053 1.8774 457873
3 0.70138 0.521266 1.87385 457889

4 0.600756 0.579066 1.9812 473680
4 0.601152 0.578819 1.98018 473714
4 0.603383 0.578059 1.97922 473747
4 0.604316 0.577538 1.98101 473781
4 0.606065 0.578144 1.98427 473814
4 0.609352 0.578752 1.98294 473848
4 0.612487 0.578704 1.98162 473882
4 0.614312 0.580305 1.97908 473915
4 0.615437 0.58185 1.97466 473949
4 0.62186 0.583039 1.97514 473983
4 0.630074 0.583935 1.97564 474016
4 0.64072 0.585165 1.97567 474050
4 0.652578 0.584951 1.973 474084
4 0.669368 0.585243 1.97172 474118
4 0.686047 0.58564 1.97999 474152
4 0.702438 0.585373 1.99047 474169
4 0.714128 0.584243 1.99928 474218
4 0.725746 0.584336 2.00434 474251
4 0.732618 0.585007 2.01038 474284
4 0.736603 0.58546 2.01529 474318
4 0.737432 0.588813 2.01711 474350
4 0.73895 0.593573 2.01699 474382
4 0.735521 0.596245 2.01791 474414
4 0.732149 0.599063 2.0167 474447
4 0.728825 0.602673 2.01927 474480
4 0.721543 0.610984 2.01572 474514
4 0.717656 0.615556 2.01816 474546
4 0.710935 0.624284 2.01857 474580
4 0.704022 0.632112 2.01738 474614
4 0.696986 0.641292 2.01702 474648
4 0.691092 0.649121 2.01696 474681
4 0.681711 0.661131 2.01806 474715
4 0.674859 0.669637 2.02 474750
4 0.666545 0.681229 2.02407 474783
4 0.659355 0.6884 2.02871 474818
4 0.651531 0.697496 2.02578 474851
4 0.645581 0.703675 2.02832 474884
4 0.640644 0.708485 2.02658 474916
4 0.638282 0.712004 2.02762 474949
4 0.63702 0.713552 2.02802 474982
4 0.638729 0.715362 2.03076 475014
4 0.642384 0.715611 2.0306 475046
4 0.649907 0.714684 2.02859 475079
4 0.657589 0.713631 2.02905 475111
4 0.666538 0.713378 2.03014 475144
4 0.676773 0.714767 2.0351 475177
4 0.690281 0.715712 2.04863 475209
4 0.704384 0.716416 2.06134 475242
4 0.717886 0.714739 2.07216 475275
4 0.729239 0.713041 2.08115 475307
4 0.739205 0.710299 2.09276 475340
4 0.746281 0.708709 2.10357 475373
4 0.750959 0.707267 2.11374 475406
4 0.753518 0.706417 2.11789 475439
4 0.754442 0.705736 2.11629 475472
4 0.755914 0.703678 2.1055 475506
4 0.754922 0.703688 2.10346 475540

5 0.29426 0.378891 1.84393 479212
5 0.295219 0.379737 1.84214 479245
5 0.295795 0.380157 1.84134 479278
5 0.298644 0.379716 1.84296 479313
5 0.301549 0.379641 1.84046 479345
5 0.303682 0.377923 1.83731 479378
5 0.306517 0.381045 1.8312 479412
5 0.30869 0.385228 1.82498 479446
5 0.313337 0.387261 1.82205 479480
5 0.320855 0.385719 1.81744 479512
5 0.33135 0.385172 1.81098 479545
5 0.343477 0.385366 1.80162 479580
5 0.357215 0.388517 1.79115 479612
5 0.370424 0.391238 1.78211 479646
5 0.383699 0.394045 1.77163 479679
5 0.395513 0.398451 1.76485 479713
5 0.405647 0.401488 1.75674 479748
5 0.413255 0.403824 1.75079 479782
5 0.418772 0.407084 1.74449 479814
5 0.421805 0.40857 1.74054 479848
5 0.424935 0.407746 1.7376 479882
5 0.425129 0.409437 1.73671 479915
5 0.423219 0.415125 1.73825 479948
5 0.42151 0.417587 1.73999 479981
5 0.418682 0.421871 1.7448 480015
5 0.414763 0.424607 1.74749 480048
5 0.4079 0.432961 1.75037 480082
5 0.400116 0.440394 1.75569 480116
5 0.390915 0.451234 1.75808 480150
5 0.381889 0.460784 1.76359 480184
5 0.372051 0.469003 1.77296 480216
5 0.361653 0.480144 1.77985 480250
5 0.351416 0.488491 1.78877 480284
5 0.33913 0.499399 1.79506 480318
5 0.329314 0.508027 1.80072 480352
5 0.319808 0.516361 1.80541 480386
5 0.312999 0.525508 1.81033 480420
5 0.305239 0.533865 1.81402 480454
5 0.299375 0.544058 1.81305 480488
5 0.294748 0.549917 1.82127 480522
5 0.292767 0.553425 1.82817 480556
5 0.289468 0.558757 1.83035 480590
5 0.285065 0.567652 1.83397 480624
5 0.283944 0.570566 1.83515 480658
5 0.282288 0.573904 1.83646 480675
5 0.28498 0.580003 1.83721 480725
5 0.28719 0.583359 1.83351 480759
5 0.290131 0.588616 1.83068 480776
5 0.29699 0.591974 1.82692 480827
5 0.303469 0.596345 1.82149 480844
5 0.31132 0.601668 1.81384 480878
5 0.321577 0.606322 1.80603 480912
5 0.335111 0.613152 1.79706 480946
5 0.349641 0.62038 1.77851 480980
5 0.37165 0.62145 1.76085 481014
5 0.395282 0.625554 1.74673 481048
5 0.414776 0.629408 1.73819 481082
5 0.42946 0.63435 1.73269 481116
5 0.441153 0.638038 1.72746 481150
5 0.448164 0.640754 1.72604 481184
5 0.450635 0.640739 1.72736 481218
5 0.450724 0.638568 1.7291 481253
5 0.449043 0.635728 1.72932 481295
5 0.447437 0.632162 1.72971 481311

6 0.766045 0.466878 1.90247 484017
6 0.765992 0.466517 1.90293 484051
6 0.764673 0.465764 1.90139 484085
6 0.763758 0.466507 1.8978 484119
6 0.763883 0.461786 1.90503 484153
6 0.764403 0.46098 1.90561 484187
6 0.763773 0.463954 1.90094 484221
6 0.765004 0.462221 1.90315 484255
6 0.765246 0.463806 1.90289 484289
6 0.765439 0.463746 1.9017 484323
6 0.769159 0.463693 1.90298 484357
6 0.773546 0.462849 1.90312 484391
6 0.777029 0.465737 1.90264 484425
6 0.783799 0.469533 1.90379 484459
6 0.790017 0.470476 1.9084 484493
6 0.798114 0.470851 1.90546 484527
6 0.807653 0.472646 1.903 484561
6 0.818867 0.473275 1.90229 484578
6 0.832058 0.473723 1.9093 484627
6 0.845678 0.473421 1.91947 484662
6 0.859444 0.473401 1.92386 484678
6 0.872981 0.473315 1.92787 484729
6 0.884409 0.471032 1.93675 484746
6 0.894577 0.468614 1.94687 484780
6 0.899805 0.465241 1.94949 484830
6 0.902167 0.461228 1.94962 484847
6 0.90366 0.461382 1.9502 484880
6 0.901144 0.457338 1.94918 484930
6 0.900223 0.459342 1.94627 484947
6 0.897362 0.46215 1.94936 484981
6 0.893738 0.467507 1.94482 485015
6 0.885527 0.473491 1.93626 485047
6 0.875546 0.481548 1.92896 485080
6 0.868409 0.492871 1.92201 485114
6 0.859815 0.50038 1.9203 485148
6 0.846933 0.515579 1.91432 485182
6 0.834507 0.535525 1.90944 485214
6 0.824398 0.55334 1.90706 485248
6 0.814789 0.568265 1.90634 485290
6 0.805005 0.580311 1.90445 485325
6 0.797758 0.590118 1.90504 485359
6 0.790394 0.599141 1.90857 485391
6 0.785111 0.604807 1.90752 485423
6 0.78316 0.60837 1.90991 485456
6 0.781022 0.611494 1.90912 485489
6 0.781073 0.612728 1.90958 485522
6 0.784199 0.617431 1.90324 485555
6 0.788157 0.617337 1.90518 485587
6 0.794149 0.6186 1.90732 485620
6 0.799797 0.618239 1.9083 485652
6 0.810007 0.616543 1.9145 485685
6 0.820022 0.61781 1.92279 485718
6 0.830027 0.61582 1.93281 485751
6 0.842191 0.614185 1.94439 485784
6 0.855779 0.611442 1.9627 485818
6 0.869609 0.607733 1.98157 485851
6 0.879483 0.606386 1.99768 485883
6 0.889067 0.601566 2.01116 485915
6 0.894096 0.598518 2.01793 485949
6 0.897263 0.591453 2.02742 485983
6 0.898639 0.587143 2.03287 486017
6 0.901172 0.586606 2.03068 486051

7 0.616347 0.636893 1.93757 487361
7 0.616815 0.636346 1.93581 487394
7 0.61712 0.636232 1.93119 487428
7 0.617864 0.636179 1.93127 487460
7 0.618684 0.636054 1.9316 487493
7 0.622665 0.636169 1.93093 487527
7 0.625298 0.635416 1.93057 487561
7 0.628029 0.636284 1.93038 487595
7 0.632988 0.640191 1.9303 487629
7 0.639789 0.642383 1.92948 487662
7 0.646673 0.645453 1.92717 487696
7 0.657106 0.648352 1.92357 487730
7 0.669914 0.651094 1.92616 487764
7 0.684073 0.655092 1.92706 487781
7 0.6962 0.659113 1.93167 487830
7 0.711604 0.66385 1.93599 487863
7 0.727039 0.667601 1.94278 487896
7 0.742914 0.668565 1.95113 487930
7 0.75259 0.669107 1.95776 487964
7 0.758016 0.667801 1.95854 487981
7 0.760353 0.668683 1.95993 488031
7 0.761219 0.66961 1.96019 488048
7 0.761256 0.670127 1.96015 488097
7 0.760839 0.670091 1.95722 488132
7 0.758575 0.671029 1.95615 488149
7 0.752741 0.670743 1.95194 488183
7 0.746659 0.674449 1.94545 488216
7 0.737285 0.677372 1.94282 488250
7 0.726291 0.682378 1.94337 488283
7 0.713918 0.68805 1.93628 488333
7 0.701166 0.691783 1.9352 488350
7 0.687352 0.697708 1.93159 488383
7 0.674581 0.702969 1.92724 488418
7 0.663628 0.708375 1.93084 488452
7 0.652316 0.713356 1.93768 488486
7 0.63964 0.717709 1.94553 488520
7 0.623677 0.727381 1.94423 488553
7 0.612726 0.733905 1.94588 488587
7 0.606823 0.737634 1.94964 488620
7 0.602273 0.743402 1.94637 488654
7 0.600124 0.747415 1.94048 488688
7 0.598643 0.749322 1.93326 488722
7 0.599489 0.751566 1.93009 488756
7 0.60614 0.753989 1.92758 488789
7 0.615695 0.755302 1.92485 488823
7 0.631892 0.754704 1.91804 488857
7 0.650618 0.758877 1.91144 488891
7 0.66752 0.765027 1.90903 488925
7 0.687586 0.768422 1.91638 488959
7 0.708953 0.771357 1.93058 488993
7 0.72697 0.773771 1.94046 489027
7 0.737013 0.775479 1.94578 489061
7 0.747737 0.775739 1.94608 489095
7 0.75367 0.776581 1.94628 489128
7 0.755764 0.776133 1.93932 489162
7 0.755181 0.775394 1.92993 489196
7 0.749162 0.769355 1.92812 489228

8 0.695571 0.150284 1.76545 491635
8 0.69556 0.152499 1.76549 491652
8 0.696323 0.151405 1.76694 491686
8 0.697182 0.15072 1.76841 491720
8 0.697049 0.150486 1.76898 491754
8 0.696866 0.152938 1.76671 491788
8 0.696996 0.154078 1.76714 491823
8 0.701435 0.154196 1.76842 491856
8 0.706693 0.154857 1.77202 491889
8 0.714106 0.154367 1.77813 491923
8 0.72365 0.153064 1.78603 491957
8 0.73688 0.153478 1.79252 491991
8 0.752193 0.156858 1.79882 492024
8 0.763931 0.158909 1.80721 492058
8 0.774628 0.160648 1.81638 492092
8 0.786541 0.162648 1.82287 492126
8 0.796224 0.167078 1.83142 492159
8 0.801128 0.171506 1.83108 492193
8 0.803299 0.174073 1.82824 492227
8 0.803839 0.176015 1.82358 492261
8 0.801912 0.178677 1.82061 492295
8 0.799581 0.180614 1.81649 492329
8 0.794653 0.180318 1.81342 492363
8 0.787172 0.181387 1.81228 492396
8 0.777293 0.18479 1.80689 492430
8 0.768307 0.191824 1.79933 492464
8 0.753387 0.197656 1.79024 492497
8 0.741895 0.205633 1.77705 492531
8 0.729247 0.213781 1.76729 492564
8 0.713969 0.22261 1.75703 492598
8 0.698233 0.233291 1.74674 492632
8 0.684192 0.242234 1.7361 492667
8 0.671324 0.253227 1.72661 492700
8 0.658469 0.26251 1.71985 492733
8 0.646222 0.271148 1.71668 492765
8 0.636821 0.280903 1.70794 492799
8 0.629953 0.286584 1.70156 492833
8 0.626512 0.295513 1.69721 492865
8 0.626606 0.301279 1.69116 492898
8 0.630044 0.304088 1.68855 492932
8 0.635678 0.309571 1.68691 492966
8 0.644843 0.313646 1.68644 493000
8 0.655038 0.316168 1.68622 493033
8 0.670507 0.316508 1.69117 493065
8 0.687189 0.31649 1.6994 493099
8 0.707551 0.317197 1.70801 493131
8 0.727956 0.319042 1.7228 493165
8 0.749075 0.320276 1.73535 493197
8 0.765539 0.322882 1.74605 493230
8 0.782372 0.324812 1.75729 493262
8 0.796287 0.323162 1.77248 493296
8 0.807323 0.324481 1.78276 493328
8 0.814738 0.324534 1.79267 493362
8 0.819082 0.324766 1.80049 493395
8 0.820811 0.324749 1.80354 493428
8 0.819493 0.322704 1.80729 493461
8 0.816766 0.322196 1.80284 493493
8 0.812619 0.320763 1.80298 493525
8 0.80572 0.319285 1.79653 493558

9 0.668299 0.467427 1.92872 496098
9 0.669562 0.464943 1.93427 496132
9 0.671509 0.467075 1.93061 496166
9 0.672467 0.468335 1.93026 496200
9 0.673965 0.467396 1.92824 496234
9 0.676075 0.465845 1.92928 496269
9 0.680129 0.465582 1.93106 496301
9 0.684216 0.464255 1.92884 496334
9 0.687275 0.464118 1.92581 496366
9 0.694183 0.463932 1.92633 496398
9 0.700841 0.465683 1.92568 496431
9 0.707936 0.466764 1.92952 496465
9 0.715405 0.46575 1.93577 496498
9 0.722179 0.463215 1.93795 496531
9 0.730654 0.463147 1.94331 496564
9 0.737624 0.464147 1.94716 496597
9 0.743028 0.460826 1.95081 496630
9 0.748238 0.465077 1.95158 496663
9 0.750942 0.464936 1.95564 496696
9 0.75128 0.467952 1.95571 496729
9 0.7493 0.469647 1.95221 496760
9 0.746351 0.472068 1.94212 496794
9 0.739868 0.473644 1.9429 496827
9 0.733155 0.479704 1.9384 496860
9 0.721455 0.487001 1.93266 496893
9 0.711529 0.494769 1.92671 496927
9 0.699619 0.503408 1.9171 496960
9 0.689712 0.507481 1.91472 496992
9 0.681614 0.510625 1.91593 497024
9 0.673003 0.515913 1.91539 497057
9 0.668418 0.519362 1.91408 497105
9 0.667038 0.523661 1.91251 497122
9 0.671163 0.52604 1.91129 497154
9 0.67617 0.526494 1.91377 497205
9 0.686195 0.529649 1.91372 497238
9 0.698775 0.531757 1.91703 497270
9 0.711448 0.535466 1.92235 497304
9 0.725949 0.537865 1.93085 497338
9 0.740649 0.535039 1.94122 497372
9 0.751487 0.531581 1.95145 497406
9 0.763196 0.529551 1.95905 497423
9 0.77115 0.529511 1.96982 497473
9 0.775824 0.528516 1.97602 497507
9 0.776782 0.528516 1.97505 497523
9 0.776821 0.527456 1.9692 497573
9 0.773213 0.527004 1.96807 497590

