Gesto: 2
0 0.494215 0.21112 1.75562 611006
0 0.490251 0.212932 1.75861 611055
0 0.490713 0.214911 1.76607 611089
0 0.488634 0.214464 1.76762 611105
0 0.49212 0.211479 1.76945 611155
0 0.497663 0.207817 1.7696 611189
0 0.506059 0.204574 1.77012 611206
0 0.51687 0.198468 1.76999 611256
0 0.530172 0.191484 1.77077 611289
0 0.543615 0.185773 1.77489 611305
0 0.557039 0.181637 1.78262 611353
0 0.567727 0.180417 1.78817 611386
0 0.574738 0.18048 1.79134 611420
0 0.580044 0.185704 1.79132 611454
0 0.57977 0.197636 1.78578 611488
0 0.578209 0.21229 1.78367 611521
0 0.577094 0.229463 1.78195 611555
0 0.569819 0.247672 1.78312 611589
0 0.560562 0.274374 1.78338 611607
0 0.551818 0.304318 1.7787 611657
0 0.543831 0.33323 1.78244 611673
0 0.533689 0.361219 1.7828 611707
0 0.524961 0.386397 1.78343 611757
0 0.51812 0.407245 1.78511 611774
0 0.516258 0.421167 1.78958 611823
0 0.5171 0.430322 1.7956 611856
0 0.522272 0.43602 1.79759 611889
0 0.532504 0.438045 1.80107 611923
0 0.550032 0.43911 1.80511 611941
0 0.572696 0.435418 1.81111 611975
0 0.59732 0.432448 1.81024 612010
0 0.618309 0.42907 1.81555 612043
0 0.636378 0.423286 1.81773 612077
0 0.651275 0.418092 1.82252 612111
0 0.659489 0.415137 1.82554 612145
0 0.664775 0.415549 1.82737 612178

1 0.39416 0.235565 1.76569 613721
1 0.390155 0.235281 1.75886 613753
1 0.38848 0.233262 1.76021 613787
1 0.388922 0.232778 1.7571 613820
1 0.39617 0.229751 1.75319 613853
1 0.406556 0.2259 1.74749 613887
1 0.418704 0.222303 1.74671 613921
1 0.437461 0.214429 1.74885 613955
1 0.452153 0.210051 1.75906 613988
1 0.464515 0.209322 1.76138 614021
1 0.474275 0.212283 1.76481 614053
1 0.47692 0.221183 1.76677 614084
1 0.47683 0.228609 1.76868 614116
1 0.473334 0.248406 1.76908 614150
1 0.46425 0.27431 1.7724 614183
1 0.452348 0.304322 1.77425 614216
1 0.435818 0.349225 1.77949 614249
1 0.421043 0.386027 1.78229 614283
1 0.408909 0.417764 1.78547 614316
1 0.401012 0.43658 1.79358 614348
1 0.399198 0.449271 1.80197 614381
1 0.402443 0.456311 1.80869 614414
1 0.409889 0.457331 1.81047 614448
1 0.42421 0.457233 1.81184 614479
1 0.445468 0.453933 1.81331 614512
1 0.467114 0.452152 1.81683 614546
1 0.490101 0.445699 1.82027 614580
1 0.508543 0.442162 1.82814 614612
1 0.522545 0.438315 1.83559 614646
1 0.532616 0.435998 1.84228 614679
1 0.538575 0.433832 1.84859 614714
1 0.540684 0.430563 1.85175 614746

2 0.55975 0.207314 1.74174 615956
2 0.563105 0.207179 1.73924 615990
2 0.568863 0.206607 1.74078 616024
2 0.575798 0.205692 1.74136 616058
2 0.587225 0.20035 1.74195 616091
2 0.602461 0.193747 1.74142 616125
2 0.623593 0.187365 1.74162 616157
2 0.642718 0.181526 1.74226 616191
2 0.658807 0.181936 1.74904 616225
2 0.671368 0.185387 1.75217 616259
2 0.679477 0.190236 1.75362 616276
2 0.683399 0.199025 1.75326 616327
2 0.683598 0.21672 1.74612 616344
2 0.678747 0.236574 1.74263 616377
2 0.672884 0.262662 1.73467 616428
2 0.665664 0.298513 1.72995 616445
2 0.652376 0.335768 1.73512 616477
2 0.634724 0.378211 1.74058 616528
2 0.620673 0.415478 1.74253 616560
2 0.610898 0.442529 1.75312 616594
2 0.606712 0.460208 1.76097 616628
2 0.606971 0.473198 1.76414 616645
2 0.612905 0.480724 1.76586 616695
2 0.625854 0.482511 1.76643 616712
2 0.645061 0.480645 1.76316 616746
2 0.66857 0.477741 1.76423 616796
2 0.691545 0.472047 1.77446 616814
2 0.710144 0.46654 1.78743 616846
2 0.72463 0.461912 1.79827 616881
2 0.733495 0.459076 1.80663 616914
2 0.740275 0.457017 1.80938 616946
2 0.744822 0.45581 1.81619 616983

3 0.223429 0.197582 1.72229 618659
3 0.220991 0.195545 1.72421 618691
3 0.224566 0.190883 1.71708 618723
3 0.230473 0.188543 1.70633 618756
3 0.24219 0.180619 1.69772 618789
3 0.258517 0.173653 1.69211 618822
3 0.278773 0.171695 1.69119 618856
3 0.298268 0.17131 1.69172 618890
3 0.31362 0.175744 1.69367 618923
3 0.322083 0.184295 1.69694 618956
3 0.323802 0.192606 1.69397 618990
3 0.320362 0.206139 1.69236 619023
3 0.310903 0.226491 1.69234 619055
3 0.299156 0.252546 1.69284 619089
3 0.282239 0.28724 1.69698 619123
3 0.267426 0.319565 1.70549 619156
3 0.2521 0.350637 1.7128 619189
3 0.238529 0.380542 1.71781 619222
3 0.228702 0.403915 1.72584 619255
3 0.224287 0.422015 1.72754 619289
3 0.224852 0.434584 1.73208 619322
3 0.233703 0.44065 1.73242 619355
3 0.24666 0.444183 1.72702 619388
3 0.265005 0.445237 1.72321 619420
3 0.289323 0.445129 1.72567 619453
3 0.314442 0.44482 1.73157 619487
3 0.336055 0.443315 1.73745 619521
3 0.353002 0.440986 1.74184 619554
3 0.361548 0.440681 1.74413 619587
3 0.369498 0.440052 1.74524 619620

4 0.440572 0.246176 1.75775 620696
4 0.44179 0.23688 1.75675 620730
4 0.443907 0.228313 1.75887 620747
4 0.447021 0.219567 1.75674 620797
4 0.453542 0.21048 1.75618 620830
4 0.463366 0.201864 1.75481 620847
4 0.475127 0.194433 1.75057 620897
4 0.492425 0.184892 1.74676 620914
4 0.507055 0.179343 1.74664 620948
4 0.523856 0.175487 1.74875 620998
4 0.535935 0.175969 1.74854 621014
4 0.543885 0.180788 1.7482 621048
4 0.545461 0.186988 1.74572 621098
4 0.542225 0.202831 1.74398 621130
4 0.534117 0.222914 1.73856 621163
4 0.524445 0.252773 1.74141 621196
4 0.513193 0.284444 1.7467 621230
4 0.498912 0.321473 1.75763 621246
4 0.485395 0.356818 1.77129 621296
4 0.47268 0.390147 1.77088 621329
4 0.465996 0.414574 1.77699 621363
4 0.463458 0.434339 1.78175 621396
4 0.467409 0.447196 1.78398 621428
4 0.478931 0.457052 1.78187 621461
4 0.495404 0.464257 1.78089 621494
4 0.518608 0.468147 1.78215 621526
4 0.544339 0.466459 1.78872 621559
4 0.563173 0.462646 1.79623 621592
4 0.575748 0.459498 1.80206 621625
4 0.583206 0.455881 1.80625 621659

5 0.479082 0.17455 1.89296 637494
5 0.479326 0.173454 1.88689 637545
5 0.481839 0.172177 1.88128 637578
5 0.486976 0.17187 1.88187 637595
5 0.493811 0.166798 1.87594 637645
5 0.501453 0.168408 1.87057 637678
5 0.514198 0.169177 1.87104 637695
5 0.531663 0.166298 1.86865 637746
5 0.546498 0.164051 1.87138 637762
5 0.563757 0.163137 1.87552 637795
5 0.579743 0.162192 1.88306 637846
5 0.594728 0.161771 1.89338 637864
5 0.605074 0.164853 1.89557 637898
5 0.613971 0.170548 1.90349 637930
5 0.61926 0.181962 1.9039 637965
5 0.621468 0.19726 1.90248 637998
5 0.621024 0.21394 1.89883 638031
5 0.618197 0.234567 1.89271 638063
5 0.613331 0.260537 1.89446 638098
5 0.60595 0.291554 1.88991 638131
5 0.59608 0.322445 1.89037 638164
5 0.58477 0.353492 1.89057 638214
5 0.571835 0.387684 1.89684 638231
5 0.559108 0.417069 1.90359 638264
5 0.552261 0.440599 1.90722 638314
5 0.544744 0.457819 1.91141 638330
5 0.539956 0.47155 1.91441 638364
5 0.542179 0.478617 1.91873 638413
5 0.543679 0.484623 1.91969 638431
5 0.550346 0.48948 1.9219 638464
5 0.562719 0.493058 1.92608 638498
5 0.57556 0.494785 1.92544 638530
5 0.595555 0.493571 1.92449 638564
5 0.615035 0.491102 1.92567 638599
5 0.632036 0.490326 1.9275 638631
5 0.647153 0.487443 1.9301 638664
5 0.660826 0.485271 1.92876 638698
5 0.670302 0.486009 1.92814 638732
5 0.67601 0.479029 1.93149 638765
5 0.678187 0.475727 1.93654 638799

6 0.47473 0.220655 1.86873 639780
6 0.472935 0.221504 1.87215 639812
6 0.476989 0.219944 1.87024 639846
6 0.482491 0.215795 1.86139 639880
6 0.491562 0.210827 1.85444 639897
6 0.502894 0.207265 1.85021 639929
6 0.518894 0.199536 1.84719 639978
6 0.53808 0.192345 1.84745 640017
6 0.555564 0.184657 1.85254 640039
6 0.57405 0.184593 1.85643 640075
6 0.590564 0.18376 1.86387 640108
6 0.605402 0.184201 1.86905 640141
6 0.618525 0.185796 1.8768 640175
6 0.627954 0.191394 1.88339 640209
6 0.631734 0.198559 1.88695 640242
6 0.636231 0.206765 1.88421 640276
6 0.635076 0.220847 1.87775 640309
6 0.631829 0.235791 1.87128 640341
6 0.626094 0.255991 1.86194 640375
6 0.615868 0.27954 1.85802 640409
6 0.602959 0.306344 1.84756 640442
6 0.588057 0.333706 1.84569 640476
6 0.570702 0.368467 1.8384 640510
6 0.554617 0.397285 1.83503 640543
6 0.539111 0.420818 1.83912 640576
6 0.528272 0.434046 1.84788 640609
6 0.518947 0.44836 1.85491 640642
6 0.509119 0.460368 1.86139 640676
6 0.502397 0.472264 1.86723 640709
6 0.495646 0.481313 1.87185 640743
6 0.495095 0.490072 1.87611 640776
6 0.497563 0.497829 1.8779 640809
6 0.504136 0.505642 1.87696 640842
6 0.513098 0.512567 1.87531 640876
6 0.526212 0.51845 1.87478 640910
6 0.5426 0.52218 1.87689 640945
6 0.562412 0.525645 1.87857 640979
6 0.584904 0.526605 1.88425 641014
6 0.606374 0.524722 1.89232 641047
6 0.628288 0.522303 1.90227 641081
6 0.644256 0.517479 1.91205 641098
6 0.66013 0.510152 1.91982 641148
6 0.67463 0.503573 1.9286 641165
6 0.686493 0.496335 1.93764 641199
6 0.694908 0.48951 1.94312 641234
6 0.701379 0.481423 1.95457 641267

7 0.314595 0.23524 1.87305 644476
7 0.304237 0.227859 1.86363 644512
7 0.295486 0.220292 1.8567 644553
7 0.293301 0.214742 1.84592 644570
7 0.294371 0.209735 1.83663 644604
7 0.301813 0.203252 1.82834 644639
7 0.317041 0.197333 1.81968 644672
7 0.332633 0.196049 1.80675 644706
7 0.347313 0.196394 1.79366 644738
7 0.361233 0.196331 1.78735 644772
7 0.373411 0.197964 1.78289 644807
7 0.380958 0.204814 1.77656 644841
7 0.383227 0.213758 1.77048 644873
7 0.381563 0.223608 1.77117 644906
7 0.376184 0.240527 1.77175 644939
7 0.3674 0.257576 1.76788 644973
7 0.357313 0.285925 1.77528 645006
7 0.343709 0.316815 1.78036 645039
7 0.331304 0.346783 1.78981 645073
7 0.316824 0.372801 1.79747 645107
7 0.305325 0.398425 1.80281 645141
7 0.293617 0.418898 1.80882 645175
7 0.286725 0.437656 1.81731 645210
7 0.285045 0.453982 1.82567 645243
7 0.288657 0.463392 1.82798 645277
7 0.298527 0.472071 1.83025 645311
7 0.311126 0.478937 1.82051 645345
7 0.3295 0.485276 1.81295 645379
7 0.350772 0.487372 1.80215 645412
7 0.373053 0.48895 1.79357 645446
7 0.39596 0.490696 1.79226 645479
7 0.413865 0.491489 1.78769 645513
7 0.427991 0.49026 1.78898 645546
7 0.439006 0.487404 1.79221 645579

8 0.581384 0.208879 1.90465 653712
8 0.582283 0.209076 1.90177 653746
8 0.583328 0.208644 1.89516 653780
8 0.585268 0.207276 1.90116 653814
8 0.586633 0.207227 1.90397 653847
8 0.591732 0.207807 1.90437 653880
8 0.603274 0.204382 1.91312 653911
8 0.618449 0.199847 1.91808 653944
8 0.634046 0.195618 1.9217 653993
8 0.649545 0.19344 1.92663 654009
8 0.663704 0.192772 1.92824 654041
8 0.671615 0.192271 1.92745 654091
8 0.675432 0.199403 1.92658 654124
8 0.676808 0.208755 1.9247 654158
8 0.677219 0.219556 1.91764 654190
8 0.673997 0.236114 1.91851 654224
8 0.667701 0.259766 1.91416 654256
8 0.657609 0.287957 1.91544 654290
8 0.647384 0.314859 1.91419 654323
8 0.635574 0.344696 1.9151 654356
8 0.626286 0.370432 1.91303 654389
8 0.619075 0.389745 1.91645 654423
8 0.616146 0.404896 1.91917 654455
8 0.618606 0.411721 1.92014 654488
8 0.623999 0.414179 1.9187 654524
8 0.634913 0.414337 1.91911 654546
8 0.649056 0.412253 1.91893 654584
8 0.667536 0.410152 1.91195 654619
8 0.684221 0.410812 1.91065 654651
8 0.698998 0.409469 1.91684 654686
8 0.711369 0.410264 1.92005 654719
8 0.721019 0.408511 1.92104 654753

9 0.215754 0.221093 1.91358 663234
9 0.209695 0.218502 1.90797 663252
9 0.203849 0.217377 1.9031 663285
9 0.204119 0.216912 1.89589 663335
9 0.207037 0.214146 1.8907 663353
9 0.215112 0.209411 1.87508 663387
9 0.227031 0.206415 1.86112 663421
9 0.241438 0.202234 1.84597 663455
9 0.255796 0.205917 1.83763 663489
9 0.267859 0.208053 1.82743 663523
9 0.276298 0.213326 1.81303 663557
9 0.281453 0.220691 1.81132 663591
9 0.280718 0.235613 1.80999 663624
9 0.274051 0.251408 1.80794 663657
9 0.26598 0.272769 1.81484 663691
9 0.254431 0.299309 1.82223 663724
9 0.243727 0.328174 1.83305 663758
9 0.230361 0.355497 1.84815 663791
9 0.222214 0.38231 1.86286 663824
9 0.215076 0.404138 1.87794 663857
9 0.21095 0.421583 1.88504 663891
9 0.209097 0.436026 1.89288 663924
9 0.211198 0.449109 1.89518 663959
9 0.220995 0.460188 1.89645 663993
9 0.236342 0.47046 1.89089 664026
9 0.254173 0.480479 1.88588 664059
9 0.273192 0.4896 1.87751 664093
9 0.292317 0.496853 1.86814 664127
9 0.309611 0.502738 1.86365 664161
9 0.325921 0.505939 1.85974 664195
9 0.33613 0.50723 1.85514 664229

