Gesto: 2
0 0.207797 0.166901 1.61624 1.07657e+06
0 0.206586 0.165925 1.61683 1.0766e+06
0 0.205654 0.165656 1.61581 1.07663e+06
0 0.208394 0.166225 1.60561 1.07667e+06
0 0.210817 0.165726 1.59812 1.0767e+06
0 0.21493 0.164688 1.59163 1.07673e+06
0 0.220202 0.163056 1.58175 1.07677e+06
0 0.226628 0.159035 1.57425 1.0768e+06
0 0.234396 0.157988 1.56082 1.07684e+06
0 0.244245 0.158028 1.54948 1.07687e+06
0 0.255244 0.157112 1.53563 1.0769e+06
0 0.268697 0.155339 1.51993 1.07694e+06
0 0.28106 0.154717 1.51075 1.07697e+06
0 0.296793 0.154617 1.49832 1.077e+06
0 0.312662 0.156493 1.48897 1.07704e+06
0 0.328217 0.157546 1.4803 1.07707e+06
0 0.345529 0.158054 1.47621 1.0771e+06
0 0.363784 0.159751 1.47248 1.07714e+06
0 0.382537 0.161675 1.46961 1.07717e+06
0 0.397678 0.164162 1.46881 1.0772e+06
0 0.411395 0.166928 1.46998 1.07724e+06
0 0.422888 0.170145 1.47183 1.07727e+06
0 0.430673 0.172886 1.47316 1.0773e+06
0 0.435457 0.178409 1.47436 1.07733e+06
0 0.436934 0.183958 1.47461 1.07737e+06
0 0.436555 0.191171 1.47669 1.0774e+06
0 0.430869 0.198053 1.47075 1.07744e+06
0 0.422857 0.206122 1.46545 1.07747e+06
0 0.413614 0.215299 1.45787 1.0775e+06
0 0.402895 0.224887 1.45267 1.07754e+06
0 0.393018 0.236808 1.45037 1.07757e+06
0 0.382182 0.24819 1.44889 1.0776e+06
0 0.370864 0.261362 1.4479 1.07764e+06
0 0.357207 0.277011 1.44905 1.07767e+06
0 0.344205 0.292824 1.4505 1.0777e+06
0 0.332384 0.305185 1.4528 1.07774e+06
0 0.323797 0.319836 1.46066 1.07777e+06
0 0.315028 0.333557 1.46767 1.07781e+06
0 0.306419 0.346804 1.47376 1.07784e+06
0 0.299648 0.359439 1.48266 1.07787e+06
0 0.290882 0.372428 1.49282 1.0779e+06
0 0.284811 0.385317 1.50458 1.07794e+06
0 0.278508 0.396887 1.51571 1.07797e+06
0 0.273735 0.408717 1.52647 1.078e+06
0 0.26953 0.418355 1.53581 1.07804e+06
0 0.267821 0.427513 1.54265 1.07807e+06
0 0.26988 0.439093 1.54923 1.0781e+06
0 0.272868 0.448721 1.55111 1.07814e+06
0 0.27531 0.456051 1.55194 1.07817e+06
0 0.280467 0.463032 1.54713 1.0782e+06
0 0.28579 0.466154 1.54361 1.07824e+06
0 0.293729 0.467569 1.5391 1.07827e+06
0 0.305831 0.467678 1.53161 1.0783e+06
0 0.317532 0.467576 1.52564 1.07834e+06
0 0.330064 0.466439 1.5185 1.07837e+06
0 0.343649 0.465531 1.51397 1.07840e+06
0 0.359529 0.465645 1.51094 1.07844e+06
0 0.375912 0.463031 1.50834 1.07847e+06
0 0.390771 0.461121 1.50583 1.0785e+06
0 0.402551 0.458654 1.50214 1.07854e+06
0 0.416197 0.45721 1.50129 1.07857e+06
0 0.431125 0.453422 1.50775 1.07860e+06
0 0.445331 0.449617 1.51163 1.07864e+06
0 0.455474 0.446548 1.51624 1.07867e+06
0 0.465716 0.444197 1.52356 1.0787e+06
0 0.473652 0.442182 1.53259 1.07874e+06
0 0.479978 0.441038 1.53993 1.07877e+06
0 0.485561 0.440239 1.54331 1.07881e+06
0 0.48853 0.438987 1.54523 1.07884e+06

1 0.223245 0.246475 1.58986 1.0801e+06
1 0.224165 0.24761 1.58849 1.08013e+06
1 0.22496 0.24754 1.58917 1.08017e+06
1 0.22611 0.245145 1.5848 1.0802e+06
1 0.229935 0.241873 1.57651 1.08023e+06
1 0.235384 0.242895 1.56483 1.08027e+06
1 0.242325 0.241928 1.55639 1.0803e+06
1 0.249146 0.239282 1.54401 1.08033e+06
1 0.258681 0.23728 1.53108 1.08037e+06
1 0.267435 0.236764 1.51946 1.0804e+06
1 0.279366 0.235972 1.50633 1.08044e+06
1 0.291412 0.237011 1.49284 1.08046e+06
1 0.303765 0.241478 1.48164 1.08051e+06
1 0.317451 0.242655 1.4728 1.08054e+06
1 0.330162 0.245496 1.46619 1.08056e+06
1 0.345909 0.245268 1.4603 1.08061e+06
1 0.362401 0.24692 1.4553 1.08064e+06
1 0.377577 0.250957 1.45123 1.08066e+06
1 0.391926 0.254788 1.44777 1.08071e+06
1 0.406255 0.256859 1.4474 1.08073e+06
1 0.42161 0.258408 1.44996 1.08076e+06
1 0.435077 0.262824 1.45599 1.08081e+06
1 0.446433 0.267058 1.4623 1.08083e+06
1 0.455072 0.269437 1.46724 1.08086e+06
1 0.461534 0.274419 1.47215 1.08091e+06
1 0.463252 0.278946 1.47111 1.08094e+06
1 0.464174 0.28265 1.47166 1.08098e+06
1 0.461054 0.289788 1.46956 1.08101e+06
1 0.456881 0.296715 1.46924 1.08103e+06
1 0.450242 0.305179 1.46754 1.08108e+06
1 0.442413 0.31185 1.4648 1.08111e+06
1 0.432772 0.31808 1.46344 1.08114e+06
1 0.423367 0.323588 1.45974 1.08118e+06
1 0.41315 0.332385 1.45819 1.08121e+06
1 0.401579 0.341712 1.45979 1.08124e+06
1 0.388803 0.351362 1.46099 1.08128e+06
1 0.375257 0.362227 1.46568 1.08131e+06
1 0.362635 0.37143 1.47073 1.08134e+06
1 0.35006 0.379892 1.4757 1.08137e+06
1 0.337655 0.389686 1.48346 1.08141e+06
1 0.325804 0.401437 1.49342 1.08144e+06
1 0.314692 0.412977 1.5031 1.08147e+06
1 0.30416 0.422858 1.51623 1.08151e+06
1 0.295814 0.431502 1.52843 1.08154e+06
1 0.287844 0.442449 1.5409 1.08158e+06
1 0.28535 0.456403 1.55183 1.08161e+06
1 0.278842 0.461446 1.56507 1.08164e+06
1 0.275324 0.468776 1.57597 1.08167e+06
1 0.273552 0.479751 1.58633 1.08171e+06
1 0.27305 0.487095 1.59376 1.08174e+06
1 0.272727 0.495306 1.59678 1.08177e+06
1 0.273071 0.501885 1.60115 1.08181e+06
1 0.27542 0.506075 1.60588 1.08184e+06
1 0.281028 0.509693 1.60689 1.08187e+06
1 0.291231 0.514611 1.60737 1.0819e+06
1 0.301066 0.520004 1.60722 1.08194e+06
1 0.308843 0.522292 1.59816 1.08197e+06
1 0.320462 0.52347 1.59345 1.082e+06
1 0.332853 0.52815 1.58414 1.08203e+06
1 0.345795 0.532 1.57246 1.08207e+06
1 0.362673 0.5325 1.56769 1.0821e+06
1 0.379144 0.531423 1.56004 1.08214e+06
1 0.39524 0.530521 1.5562 1.08217e+06
1 0.408846 0.528356 1.55492 1.0822e+06
1 0.423338 0.525188 1.55111 1.08224e+06
1 0.438714 0.522335 1.55391 1.08227e+06
1 0.453475 0.51813 1.56321 1.0823e+06
1 0.467644 0.512482 1.5732 1.08234e+06
1 0.478814 0.507359 1.58027 1.08237e+06
1 0.489469 0.502718 1.58722 1.0824e+06
1 0.496766 0.498341 1.59161 1.08244e+06
1 0.500403 0.495979 1.59704 1.08248e+06
1 0.502183 0.49501 1.59723 1.0825e+06

2 0.240059 0.263968 1.60963 1.08351e+06
2 0.238232 0.262296 1.61471 1.08355e+06
2 0.236913 0.2612 1.62012 1.08356e+06
2 0.236286 0.259952 1.62092 1.08361e+06
2 0.237275 0.258817 1.61973 1.08365e+06
2 0.239131 0.257888 1.61364 1.08366e+06
2 0.241065 0.258046 1.60679 1.08371e+06
2 0.242965 0.258644 1.59844 1.08373e+06
2 0.246431 0.260198 1.58874 1.08376e+06
2 0.253173 0.261908 1.57403 1.08381e+06
2 0.260742 0.260973 1.56013 1.08383e+06
2 0.269131 0.261416 1.54562 1.08386e+06
2 0.27861 0.260978 1.5313 1.0839e+06
2 0.287678 0.261609 1.51741 1.08393e+06
2 0.300728 0.261112 1.50496 1.08397e+06
2 0.312857 0.262853 1.49313 1.084e+06
2 0.325705 0.260338 1.48308 1.08403e+06
2 0.339591 0.257448 1.47339 1.08407e+06
2 0.354628 0.255345 1.46676 1.0841e+06
2 0.368587 0.254594 1.46121 1.08414e+06
2 0.38233 0.251323 1.45503 1.08417e+06
2 0.396478 0.249378 1.455 1.0842e+06
2 0.408304 0.247488 1.45536 1.08424e+06
2 0.421158 0.245531 1.46045 1.08427e+06
2 0.432828 0.244685 1.46665 1.0843e+06
2 0.44248 0.242528 1.46779 1.08434e+06
2 0.452285 0.23965 1.47197 1.08437e+06
2 0.460645 0.238687 1.47678 1.0844e+06
2 0.46897 0.237728 1.48317 1.08444e+06
2 0.473857 0.238388 1.48785 1.08447e+06
2 0.479307 0.239441 1.49107 1.0845e+06
2 0.483548 0.24411 1.4948 1.08454e+06
2 0.485603 0.248422 1.49206 1.08457e+06
2 0.486999 0.253295 1.49039 1.0846e+06
2 0.484276 0.262217 1.48569 1.08464e+06
2 0.479484 0.27373 1.48404 1.08467e+06
2 0.472675 0.288097 1.47688 1.0847e+06
2 0.466071 0.302435 1.47263 1.08474e+06
2 0.457744 0.319646 1.46948 1.08477e+06
2 0.448929 0.335895 1.46484 1.0848e+06
2 0.4394 0.351502 1.46261 1.08484e+06
2 0.42951 0.367243 1.46169 1.08487e+06
2 0.416951 0.383751 1.46338 1.0849e+06
2 0.404959 0.398765 1.46945 1.08494e+06
2 0.393173 0.41239 1.4766 1.08498e+06
2 0.379917 0.425517 1.48445 1.08501e+06
2 0.367281 0.438653 1.495 1.08504e+06
2 0.355259 0.45006 1.50404 1.08508e+06
2 0.34483 0.460271 1.51614 1.08511e+06
2 0.336999 0.469492 1.52563 1.08515e+06
2 0.32993 0.478971 1.53729 1.08518e+06
2 0.322774 0.485956 1.55024 1.08521e+06
2 0.318104 0.490002 1.56122 1.08525e+06
2 0.316394 0.498953 1.57305 1.08528e+06
2 0.311458 0.501596 1.58525 1.08531e+06
2 0.310841 0.504271 1.59083 1.08535e+06
2 0.311289 0.505545 1.5917 1.08538e+06
2 0.31497 0.509659 1.59424 1.08541e+06
2 0.316302 0.509717 1.5904 1.08545e+06
2 0.322304 0.514142 1.58344 1.08548e+06
2 0.328419 0.511805 1.57825 1.0855e+06
2 0.334345 0.511085 1.56896 1.08553e+06
2 0.342393 0.511079 1.56083 1.08558e+06
2 0.356175 0.511101 1.55639 1.0856e+06
2 0.36948 0.51015 1.5493 1.08563e+06
2 0.381941 0.509764 1.54195 1.08568e+06
2 0.396042 0.508881 1.53526 1.0857e+06
2 0.407707 0.50847 1.53033 1.08575e+06
2 0.418588 0.507527 1.52849 1.08577e+06
2 0.432975 0.506991 1.5341 1.0858e+06
2 0.446748 0.505385 1.53798 1.08585e+06
2 0.461162 0.502563 1.54878 1.08587e+06
2 0.474563 0.498058 1.55925 1.0859e+06
2 0.486132 0.495487 1.56684 1.08594e+06
2 0.49717 0.493692 1.57342 1.08597e+06
2 0.506166 0.492287 1.58021 1.086e+06
2 0.513149 0.491183 1.59169 1.08604e+06
2 0.51729 0.4912 1.59684 1.08607e+06
2 0.519947 0.491531 1.60241 1.0861e+06
2 0.521874 0.490027 1.60935 1.08614e+06

3 0.236809 0.224016 1.65722 1.08822e+06
3 0.234523 0.223344 1.6601 1.08823e+06
3 0.232372 0.221205 1.65826 1.08828e+06
3 0.231548 0.219895 1.65605 1.0883e+06
3 0.232749 0.216967 1.64948 1.08834e+06
3 0.234745 0.219265 1.63633 1.08839e+06
3 0.240598 0.216769 1.6258 1.0884e+06
3 0.245831 0.216809 1.61245 1.08844e+06
3 0.250735 0.216257 1.59972 1.08848e+06
3 0.257204 0.214231 1.58291 1.08852e+06
3 0.266052 0.213328 1.56832 1.08853e+06
3 0.275683 0.213252 1.55283 1.08858e+06
3 0.286869 0.211931 1.53755 1.0886e+06
3 0.297161 0.213089 1.52248 1.08864e+06
3 0.309429 0.211368 1.50957 1.08868e+06
3 0.322127 0.21019 1.49798 1.0887e+06
3 0.334763 0.210094 1.4866 1.08874e+06
3 0.349264 0.210352 1.47978 1.08879e+06
3 0.364241 0.211961 1.47251 1.0888e+06
3 0.380045 0.213972 1.46502 1.08884e+06
3 0.394495 0.215232 1.46024 1.08887e+06
3 0.407966 0.217396 1.45749 1.0889e+06
3 0.420823 0.220409 1.45889 1.08894e+06
3 0.433461 0.220675 1.46616 1.08897e+06
3 0.445203 0.221011 1.46922 1.089e+06
3 0.451405 0.223811 1.47078 1.08904e+06
3 0.457521 0.225616 1.47473 1.08908e+06
3 0.463013 0.227864 1.47733 1.0891e+06
3 0.463404 0.233781 1.47595 1.08914e+06
3 0.461698 0.239575 1.47633 1.08917e+06
3 0.45895 0.244484 1.47229 1.0892e+06
3 0.454445 0.251074 1.46951 1.08924e+06
3 0.44771 0.260872 1.46846 1.08927e+06
3 0.439714 0.271439 1.46584 1.08930e+06
3 0.429806 0.280478 1.46157 1.08934e+06
3 0.419005 0.290674 1.45849 1.08937e+06
3 0.407679 0.301154 1.45618 1.08940e+06
3 0.397035 0.311524 1.45849 1.08944e+06
3 0.386151 0.324024 1.46137 1.08947e+06
3 0.374691 0.338501 1.46703 1.0895e+06
3 0.363575 0.352292 1.47303 1.08954e+06
3 0.354592 0.36539 1.48136 1.08957e+06
3 0.344722 0.377839 1.48965 1.0896e+06
3 0.335581 0.390052 1.49739 1.08964e+06
3 0.32755 0.402662 1.50535 1.08967e+06
3 0.320916 0.415706 1.51304 1.0897e+06
3 0.312626 0.427191 1.52386 1.08975e+06
3 0.306226 0.437513 1.53231 1.08977e+06
3 0.30208 0.448995 1.54329 1.0898e+06
3 0.297527 0.456644 1.55281 1.08984e+06
3 0.296129 0.465704 1.56254 1.08987e+06
3 0.293612 0.471999 1.56961 1.08991e+06
3 0.291344 0.481308 1.57788 1.08994e+06
3 0.288557 0.484584 1.58313 1.08997e+06
3 0.287775 0.491411 1.58854 1.09001e+06
3 0.284926 0.493466 1.59187 1.09004e+06
3 0.286454 0.501007 1.59359 1.09007e+06
3 0.286625 0.50864 1.59281 1.09011e+06
3 0.289492 0.512657 1.58802 1.09014e+06
3 0.29548 0.513838 1.58605 1.09018e+06
3 0.301124 0.511787 1.57661 1.09021e+06
3 0.308923 0.511127 1.5662 1.09024e+06
3 0.317715 0.510102 1.55854 1.09028e+06
3 0.329615 0.510069 1.54877 1.09031e+06
3 0.34496 0.509571 1.54132 1.09034e+06
3 0.363156 0.509188 1.53401 1.09037e+06
3 0.379517 0.508733 1.52719 1.09041e+06
3 0.39386 0.508563 1.52227 1.09044e+06
3 0.407152 0.508772 1.51958 1.09048e+06
3 0.422432 0.508722 1.52427 1.09051e+06
3 0.436746 0.507909 1.53062 1.09054e+06
3 0.450088 0.507491 1.54082 1.09058e+06
3 0.464173 0.506751 1.55505 1.09061e+06
3 0.47604 0.506003 1.56605 1.09064e+06
3 0.486297 0.50605 1.57294 1.09068e+06
3 0.493559 0.505544 1.58173 1.09071e+06
3 0.498825 0.507036 1.58683 1.09074e+06
3 0.504634 0.505627 1.59213 1.09078e+06

4 0.23316 0.287486 1.58898 1.09202e+06
4 0.233384 0.287713 1.58641 1.09204e+06
4 0.234197 0.288575 1.58058 1.09209e+06
4 0.235724 0.289239 1.57443 1.0921e+06
4 0.238181 0.290927 1.57177 1.09214e+06
4 0.241272 0.291312 1.56183 1.09219e+06
4 0.246424 0.293379 1.55087 1.09220e+06
4 0.250898 0.294258 1.54168 1.09224e+06
4 0.25588 0.296033 1.53411 1.09229e+06
4 0.26328 0.295652 1.52256 1.09232e+06
4 0.273079 0.295535 1.509 1.09235e+06
4 0.283272 0.295024 1.4953 1.09239e+06
4 0.291681 0.29687 1.48427 1.09242e+06
4 0.302395 0.297582 1.47396 1.09245e+06
4 0.313669 0.296851 1.46235 1.09248e+06
4 0.328389 0.296329 1.45463 1.09252e+06
4 0.344124 0.295114 1.45072 1.09255e+06
4 0.35966 0.295492 1.44971 1.09259e+06
4 0.371982 0.295319 1.44626 1.09262e+06
4 0.385234 0.293388 1.44417 1.09264e+06
4 0.396932 0.291488 1.4434 1.09269e+06
4 0.407792 0.288843 1.44142 1.09272e+06
4 0.41776 0.28706 1.44207 1.09274e+06
4 0.426526 0.285982 1.44367 1.09277e+06
4 0.43548 0.285148 1.44898 1.09280e+06
4 0.443844 0.28543 1.45334 1.09284e+06
4 0.451628 0.286112 1.45775 1.09289e+06
4 0.458029 0.286419 1.46341 1.09290e+06
4 0.464117 0.286491 1.46895 1.09295e+06
4 0.46867 0.286366 1.47507 1.09298e+06
4 0.472469 0.287495 1.48081 1.09302e+06
4 0.475864 0.289645 1.48137 1.09305e+06
4 0.477139 0.292959 1.48118 1.09308e+06
4 0.477185 0.295697 1.48071 1.09312e+06
4 0.474294 0.300319 1.48003 1.09315e+06
4 0.471749 0.303924 1.47685 1.09318e+06
4 0.466289 0.311666 1.47357 1.09322e+06
4 0.458043 0.318311 1.47071 1.09325e+06
4 0.450177 0.327903 1.46748 1.09329e+06
4 0.442128 0.336496 1.46447 1.09332e+06
4 0.434653 0.344952 1.46395 1.09335e+06
4 0.425539 0.355366 1.46396 1.09339e+06
4 0.414744 0.366191 1.46232 1.09340e+06
4 0.405884 0.377088 1.46646 1.09346e+06
4 0.394942 0.387242 1.47177 1.09347e+06
4 0.383704 0.397855 1.47802 1.09351e+06
4 0.372093 0.407166 1.48378 1.09354e+06
4 0.359883 0.418074 1.49082 1.09357e+06
4 0.348342 0.429571 1.49876 1.09361e+06
4 0.33907 0.44017 1.51058 1.09364e+06
4 0.329331 0.451317 1.52405 1.09367e+06
4 0.320404 0.458884 1.53211 1.09371e+06
4 0.312478 0.468076 1.54391 1.09374e+06
4 0.305123 0.474141 1.55474 1.09378e+06
4 0.300079 0.477574 1.56218 1.09381e+06
4 0.297015 0.482578 1.57343 1.09384e+06
4 0.297814 0.489998 1.58084 1.09388e+06
4 0.294298 0.491614 1.58496 1.09391e+06
4 0.292937 0.4936 1.58721 1.09394e+06
4 0.295286 0.496893 1.59059 1.09398e+06
4 0.294914 0.497333 1.5881 1.09401e+06
4 0.29777 0.499171 1.59309 1.09404e+06
4 0.299365 0.502434 1.59341 1.09408e+06
4 0.302761 0.505778 1.58522 1.09411e+06
4 0.309327 0.50791 1.57626 1.09414e+06
4 0.318368 0.509253 1.56746 1.09418e+06
4 0.32707 0.512283 1.55941 1.09421e+06
4 0.338769 0.517166 1.55205 1.09424e+06
4 0.354506 0.519234 1.54609 1.09428e+06
4 0.369232 0.5202 1.53752 1.09431e+06
4 0.382243 0.520976 1.52935 1.09434e+06
4 0.396359 0.521654 1.52829 1.09438e+06
4 0.408008 0.521519 1.52797 1.09441e+06
4 0.419089 0.521032 1.52828 1.09444e+06
4 0.430995 0.520449 1.52852 1.09448e+06
4 0.441032 0.519961 1.536 1.09451e+06
4 0.450341 0.518353 1.5436 1.09454e+06
4 0.461049 0.51773 1.54891 1.09458e+06
4 0.471699 0.513982 1.55907 1.09461e+06
4 0.479586 0.51235 1.566 1.09465e+06
4 0.487238 0.510415 1.57635 1.09468e+06
4 0.494429 0.509643 1.58063 1.09471e+06
4 0.499221 0.508647 1.58304 1.09475e+06
4 0.502113 0.50835 1.58532 1.09478e+06
4 0.503712 0.508287 1.58577 1.09481e+06
4 0.50425 0.508455 1.58489 1.09485e+06

5 0.267927 0.134513 1.63094 1.09682e+06
5 0.267532 0.135029 1.63157 1.09685e+06
5 0.2672 0.134821 1.63159 1.09689e+06
5 0.268743 0.130572 1.62969 1.09692e+06
5 0.27137 0.129683 1.62522 1.09696e+06
5 0.275469 0.126619 1.62109 1.09699e+06
5 0.280565 0.125164 1.61717 1.09702e+06
5 0.285067 0.123762 1.61176 1.09705e+06
5 0.29318 0.122193 1.60297 1.09709e+06
5 0.303561 0.120534 1.59423 1.09712e+06
5 0.312753 0.119288 1.58458 1.09716e+06
5 0.328977 0.117709 1.57043 1.09719e+06
5 0.34476 0.118667 1.55701 1.09722e+06
5 0.361613 0.120874 1.54826 1.09725e+06
5 0.376316 0.122071 1.53936 1.09729e+06
5 0.391705 0.124459 1.53137 1.09732e+06
5 0.406527 0.125858 1.52729 1.09736e+06
5 0.420369 0.130027 1.52743 1.09739e+06
5 0.435701 0.132514 1.52918 1.09742e+06
5 0.444043 0.136735 1.53608 1.09746e+06
5 0.454369 0.139083 1.54212 1.09749e+06
5 0.463138 0.141008 1.54591 1.09752e+06
5 0.470242 0.147133 1.54823 1.09756e+06
5 0.477239 0.151308 1.55067 1.09759e+06
5 0.483351 0.155075 1.55375 1.09761e+06
5 0.485285 0.162013 1.55247 1.09766e+06
5 0.485289 0.16747 1.5487 1.09769e+06
5 0.483649 0.174924 1.54637 1.09772e+06
5 0.479397 0.18161 1.53942 1.09776e+06
5 0.474238 0.188363 1.53395 1.09779e+06
5 0.466809 0.196493 1.52414 1.09782e+06
5 0.459189 0.202733 1.51719 1.09786e+06
5 0.452377 0.209452 1.51093 1.09789e+06
5 0.443472 0.219308 1.5055 1.09792e+06
5 0.432374 0.230052 1.49713 1.09796e+06
5 0.422792 0.240864 1.49233 1.09799e+06
5 0.412252 0.253744 1.48928 1.09802e+06
5 0.404599 0.266164 1.48947 1.09806e+06
5 0.396148 0.278251 1.4912 1.09809e+06
5 0.387533 0.290679 1.49304 1.09812e+06
5 0.379284 0.304527 1.49593 1.09816e+06
5 0.369568 0.318715 1.49761 1.09818e+06
5 0.35936 0.335292 1.50268 1.09822e+06
5 0.351319 0.351871 1.50839 1.09826e+06
5 0.34215 0.367722 1.51257 1.09829e+06
5 0.333717 0.38346 1.51812 1.09832e+06
5 0.327946 0.398756 1.52636 1.09836e+06
5 0.320287 0.413577 1.53355 1.09839e+06
5 0.312138 0.428027 1.54181 1.09843e+06
5 0.305611 0.44036 1.54869 1.09846e+06
5 0.299133 0.452172 1.5556 1.09848e+06
5 0.296117 0.463866 1.56621 1.09853e+06
5 0.292561 0.477275 1.57446 1.09856e+06
5 0.289987 0.488743 1.57974 1.09858e+06
5 0.289442 0.495302 1.58452 1.09863e+06
5 0.288425 0.500778 1.59351 1.09864e+06
5 0.288792 0.504902 1.59739 1.09869e+06
5 0.287475 0.509328 1.59724 1.09873e+06
5 0.288867 0.511927 1.59877 1.09874e+06
5 0.292531 0.514145 1.59573 1.09878e+06
5 0.297447 0.515439 1.59234 1.09881e+06
5 0.300346 0.517095 1.58789 1.09884e+06
5 0.307027 0.518695 1.57589 1.0989e+06
5 0.316001 0.519677 1.56375 1.09891e+06
5 0.327375 0.520087 1.55281 1.09894e+06
5 0.341271 0.519881 1.54173 1.09898e+06
5 0.358447 0.518616 1.53329 1.09901e+06
5 0.377356 0.515841 1.52966 1.09905e+06
5 0.393278 0.51401 1.52669 1.09908e+06
5 0.405814 0.514058 1.52419 1.09911e+06
5 0.416993 0.514479 1.52467 1.09915e+06
5 0.431417 0.514011 1.53106 1.09918e+06
5 0.444939 0.51458 1.54084 1.09922e+06
5 0.458474 0.51455 1.55013 1.09925e+06
5 0.468396 0.514386 1.5628 1.09928e+06
5 0.478409 0.513716 1.57311 1.09932e+06
5 0.486646 0.510852 1.58382 1.09935e+06
5 0.493204 0.509331 1.59175 1.09938e+06
5 0.498152 0.507788 1.59743 1.09942e+06
5 0.500838 0.506935 1.60013 1.09945e+06
5 0.501826 0.506957 1.60093 1.09948e+06

6 0.238886 0.176473 1.57287 1.10062e+06
6 0.23873 0.176586 1.56979 1.10065e+06
6 0.24094 0.178315 1.56508 1.10068e+06
6 0.243345 0.180302 1.55903 1.10072e+06
6 0.248137 0.180218 1.55195 1.10075e+06
6 0.251756 0.1787 1.54672 1.10078e+06
6 0.259624 0.17853 1.5329 1.10082e+06
6 0.267238 0.178492 1.52186 1.10085e+06
6 0.27652 0.178865 1.51217 1.10088e+06
6 0.287022 0.178275 1.50287 1.10092e+06
6 0.30101 0.177816 1.49187 1.10095e+06
6 0.314802 0.177327 1.48281 1.10099e+06
6 0.326892 0.176244 1.47216 1.10102e+06
6 0.340573 0.17506 1.46712 1.10105e+06
6 0.353363 0.175184 1.46324 1.10109e+06
6 0.367412 0.176703 1.46171 1.10112e+06
6 0.381174 0.177587 1.45849 1.10115e+06
6 0.392859 0.177888 1.45725 1.10119e+06
6 0.404204 0.178681 1.45962 1.10122e+06
6 0.415097 0.179616 1.4603 1.10126e+06
6 0.421975 0.182175 1.46327 1.10129e+06
6 0.4294 0.183932 1.4704 1.10132e+06
6 0.433612 0.186132 1.47291 1.10136e+06
6 0.435793 0.187995 1.47258 1.10139e+06
6 0.435626 0.189411 1.46992 1.10142e+06
6 0.437229 0.191769 1.46876 1.10146e+06
6 0.435052 0.196753 1.4667 1.10149e+06
6 0.430268 0.200978 1.46344 1.10152e+06
6 0.425622 0.208066 1.46032 1.10156e+06
6 0.419705 0.215099 1.45586 1.10159e+06
6 0.411722 0.22559 1.45075 1.10162e+06
6 0.404904 0.236466 1.44763 1.10166e+06
6 0.397158 0.251079 1.44755 1.10169e+06
6 0.389323 0.26822 1.44904 1.10173e+06
6 0.38128 0.286577 1.45 1.10176e+06
6 0.3753 0.306498 1.45333 1.10179e+06
6 0.369459 0.327881 1.45534 1.10183e+06
6 0.363021 0.350829 1.45791 1.10186e+06
6 0.357606 0.370207 1.45871 1.10189e+06
6 0.351804 0.390703 1.4612 1.10193e+06
6 0.347791 0.40842 1.47001 1.10196e+06
6 0.342796 0.42553 1.47942 1.10199e+06
6 0.338464 0.43932 1.48651 1.10203e+06
6 0.334734 0.452093 1.49542 1.10206e+06
6 0.329655 0.4627 1.5048 1.10208e+06
6 0.325176 0.472156 1.51524 1.10213e+06
6 0.321977 0.481541 1.52801 1.10215e+06
6 0.320252 0.487913 1.53541 1.10218e+06
6 0.320119 0.492959 1.54034 1.10223e+06
6 0.317714 0.499278 1.54857 1.10225e+06
6 0.316669 0.502793 1.55358 1.10228e+06
6 0.31651 0.504785 1.55227 1.10231e+06
6 0.318078 0.50675 1.55241 1.10235e+06
6 0.319709 0.507755 1.54974 1.10238e+06
6 0.323823 0.507609 1.5445 1.10242e+06
6 0.330638 0.507171 1.54234 1.10245e+06
6 0.34012 0.505333 1.53865 1.10248e+06
6 0.351252 0.504451 1.53496 1.10251e+06
6 0.364103 0.501826 1.52965 1.10255e+06
6 0.376814 0.499137 1.52325 1.1026e+06
6 0.390074 0.496634 1.51848 1.10262e+06
6 0.402004 0.493767 1.52213 1.10265e+06
6 0.411167 0.491849 1.52075 1.1027e+06
6 0.419063 0.493705 1.51696 1.10272e+06
6 0.427554 0.490253 1.518 1.10275e+06
6 0.437985 0.491302 1.52338 1.1028e+06
6 0.447821 0.490799 1.52944 1.10282e+06
6 0.458063 0.490853 1.53651 1.10285e+06
6 0.468146 0.489939 1.54974 1.10288e+06
6 0.475716 0.488518 1.55656 1.10292e+06
6 0.48248 0.488289 1.56424 1.10295e+06
6 0.487198 0.487957 1.56681 1.10298e+06
6 0.490115 0.487258 1.56765 1.10302e+06
6 0.492355 0.48598 1.57197 1.10305e+06

7 0.261672 0.20171 1.54418 1.10442e+06
7 0.262079 0.201704 1.54401 1.10446e+06
7 0.264245 0.20272 1.5419 1.10449e+06
7 0.265077 0.202677 1.53834 1.10452e+06
7 0.265449 0.202501 1.53499 1.10456e+06
7 0.268555 0.203317 1.52759 1.10459e+06
7 0.274221 0.203642 1.51868 1.10462e+06
7 0.278802 0.203763 1.51169 1.10466e+06
7 0.286548 0.204813 1.50042 1.10469e+06
7 0.296211 0.207176 1.48877 1.10472e+06
7 0.307478 0.208232 1.47932 1.10476e+06
7 0.320876 0.20606 1.46756 1.10479e+06
7 0.333018 0.205281 1.45879 1.10482e+06
7 0.345906 0.203757 1.45267 1.10486e+06
7 0.361759 0.203632 1.44846 1.10489e+06
7 0.375459 0.20516 1.44459 1.10492e+06
7 0.386426 0.206685 1.44097 1.10496e+06
7 0.396315 0.208309 1.43771 1.10499e+06
7 0.405825 0.208754 1.43517 1.10502e+06
7 0.413237 0.211388 1.43411 1.10506e+06
7 0.420936 0.214246 1.4372 1.10509e+06
7 0.425239 0.216951 1.43854 1.10512e+06
7 0.427457 0.21864 1.43906 1.10516e+06
7 0.429105 0.220182 1.43704 1.10519e+06
7 0.429978 0.223228 1.43372 1.10522e+06
7 0.430552 0.227352 1.43385 1.10526e+06
7 0.429482 0.232649 1.43133 1.10529e+06
7 0.42637 0.239546 1.42857 1.10532e+06
7 0.422962 0.245881 1.42713 1.10536e+06
7 0.415463 0.256026 1.42079 1.10539e+06
7 0.409625 0.267927 1.41983 1.10542e+06
7 0.402901 0.280358 1.4202 1.10546e+06
7 0.395257 0.292203 1.42109 1.10549e+06
7 0.389076 0.305365 1.42607 1.10552e+06
7 0.381383 0.318261 1.42925 1.10556e+06
7 0.373384 0.334507 1.43365 1.10559e+06
7 0.365117 0.349479 1.43814 1.10562e+06
7 0.358965 0.363562 1.44431 1.10566e+06
7 0.353881 0.379047 1.45109 1.10569e+06
7 0.346624 0.395155 1.45844 1.10572e+06
7 0.339081 0.412579 1.4642 1.10576e+06
7 0.333727 0.427772 1.47394 1.10579e+06
7 0.33052 0.440518 1.48278 1.10582e+06
7 0.326864 0.452181 1.49307 1.10586e+06
7 0.325397 0.461713 1.50338 1.10589e+06
7 0.32246 0.471509 1.51518 1.10592e+06
7 0.32038 0.481556 1.52483 1.10596e+06
7 0.320089 0.488397 1.53445 1.10599e+06
7 0.315424 0.497011 1.546 1.10603e+06
7 0.312145 0.502702 1.55277 1.10606e+06
7 0.310299 0.505365 1.55697 1.10609e+06
7 0.308881 0.507244 1.55957 1.10613e+06
7 0.30837 0.507968 1.55987 1.10616e+06
7 0.310608 0.507021 1.56259 1.10619e+06
7 0.31444 0.506955 1.5648 1.10623e+06
7 0.319771 0.505425 1.56345 1.10626e+06
7 0.325663 0.502707 1.55619 1.1063e+06
7 0.335679 0.500823 1.54859 1.10633e+06
7 0.348079 0.497238 1.53663 1.10636e+06
7 0.361221 0.495642 1.52838 1.1064e+06
7 0.377089 0.494946 1.51985 1.10643e+06
7 0.391246 0.494531 1.51148 1.10645e+06
7 0.405713 0.492889 1.51138 1.1065e+06
7 0.416827 0.491102 1.51074 1.10653e+06
7 0.429294 0.490316 1.51157 1.10656e+06
7 0.440924 0.487894 1.51597 1.1066e+06
7 0.45412 0.485737 1.51687 1.10663e+06
7 0.46706 0.482399 1.52467 1.10666e+06
7 0.479176 0.479294 1.53349 1.1067e+06
7 0.488551 0.476611 1.53918 1.10673e+06
7 0.495558 0.472607 1.54067 1.10676e+06
7 0.501603 0.468221 1.54132 1.1068e+06
7 0.505887 0.464035 1.54184 1.10683e+06
7 0.507718 0.462368 1.54237 1.10686e+06

8 0.241792 0.208532 1.55592 1.10842e+06
8 0.24224 0.208694 1.55285 1.10846e+06
8 0.242926 0.207582 1.54812 1.10849e+06
8 0.243963 0.205683 1.54499 1.10852e+06
8 0.245997 0.203973 1.53807 1.10856e+06
8 0.250338 0.203399 1.53019 1.10859e+06
8 0.254573 0.203626 1.52135 1.10863e+06
8 0.258715 0.204143 1.51067 1.10866e+06
8 0.264977 0.206646 1.49956 1.10869e+06
8 0.270929 0.207972 1.4892 1.10872e+06
8 0.27937 0.20978 1.47824 1.10876e+06
8 0.28944 0.212036 1.46729 1.10879e+06
8 0.299953 0.214684 1.45806 1.10882e+06
8 0.310956 0.216635 1.44671 1.10886e+06
8 0.324052 0.214867 1.43875 1.10889e+06
8 0.335992 0.212676 1.4311 1.10892e+06
8 0.349128 0.210385 1.42793 1.10896e+06
8 0.362256 0.209887 1.42899 1.10899e+06
8 0.372602 0.209665 1.42827 1.10902e+06
8 0.381899 0.21071 1.42751 1.10906e+06
8 0.388995 0.211129 1.42721 1.10909e+06
8 0.39401 0.211353 1.42657 1.10913e+06
8 0.397609 0.213169 1.42722 1.10916e+06
8 0.399539 0.21637 1.42952 1.10919e+06
8 0.398696 0.219644 1.43057 1.10923e+06
8 0.39748 0.223849 1.43164 1.10926e+06
8 0.394158 0.229928 1.43323 1.1093e+06
8 0.388779 0.237433 1.43677 1.10933e+06
8 0.382636 0.244176 1.43934 1.10936e+06
8 0.3775 0.252721 1.44403 1.1094e+06
8 0.37172 0.262097 1.44866 1.10943e+06
8 0.364072 0.273167 1.45008 1.10946e+06
8 0.356947 0.284036 1.45176 1.1095e+06
8 0.350744 0.295437 1.45485 1.10953e+06
8 0.345936 0.305797 1.45758 1.10956e+06
8 0.339613 0.316063 1.45914 1.1096e+06
8 0.334541 0.326984 1.46123 1.10963e+06
8 0.330525 0.340376 1.46924 1.10967e+06
8 0.327263 0.355074 1.47819 1.1097e+06
8 0.325045 0.368954 1.4873 1.10973e+06
8 0.322836 0.382771 1.49962 1.10977e+06
8 0.321302 0.396473 1.51052 1.1098e+06
8 0.32001 0.409169 1.5223 1.10984e+06
8 0.317114 0.418685 1.5277 1.10987e+06
8 0.314637 0.428871 1.53351 1.1099e+06
8 0.312577 0.436864 1.53737 1.10994e+06
8 0.310955 0.444683 1.54154 1.10996e+06
8 0.30836 0.4537 1.54773 1.11e+06
8 0.307352 0.460139 1.55289 1.11003e+06
8 0.304956 0.468407 1.56135 1.11006e+06
8 0.30383 0.473347 1.56437 1.1101e+06
8 0.306018 0.48153 1.56709 1.11013e+06
8 0.305967 0.482449 1.56971 1.11016e+06
8 0.30605 0.486045 1.57234 1.1102e+06
8 0.308939 0.492287 1.57362 1.11023e+06
8 0.309406 0.495829 1.57087 1.11026e+06
8 0.311535 0.498401 1.56526 1.1103e+06
8 0.314573 0.497158 1.56118 1.11033e+06
8 0.320063 0.495538 1.55586 1.11036e+06
8 0.326323 0.495505 1.54923 1.11039e+06
8 0.336629 0.494645 1.54168 1.11043e+06
8 0.348016 0.493884 1.53659 1.11046e+06
8 0.360623 0.493313 1.52901 1.11049e+06
8 0.373223 0.49261 1.52338 1.11053e+06
8 0.388716 0.49134 1.51994 1.11056e+06
8 0.401112 0.489675 1.51838 1.1106e+06
8 0.412785 0.488486 1.51513 1.11063e+06
8 0.425314 0.488425 1.51502 1.11066e+06
8 0.43773 0.486908 1.51544 1.1107e+06
8 0.449279 0.485962 1.51976 1.11073e+06
8 0.460461 0.485246 1.52463 1.11076e+06
8 0.47055 0.484747 1.53214 1.11079e+06
8 0.478818 0.484912 1.53237 1.11083e+06
8 0.48595 0.483615 1.5359 1.11086e+06
8 0.490449 0.48403 1.53676 1.11089e+06

9 0.606133 0.147105 1.55438 1.1181e+06
9 0.609765 0.148799 1.55289 1.11814e+06
9 0.614003 0.15149 1.55038 1.11817e+06
9 0.620855 0.153193 1.54734 1.1182e+06
9 0.625083 0.154638 1.54399 1.11823e+06
9 0.631956 0.155462 1.54117 1.11827e+06
9 0.638549 0.155116 1.53876 1.1183e+06
9 0.647141 0.15448 1.53814 1.11833e+06
9 0.658025 0.155636 1.5373 1.11836e+06
9 0.669884 0.153385 1.53853 1.1184e+06
9 0.679989 0.154581 1.54163 1.11843e+06
9 0.692064 0.154061 1.54459 1.11847e+06
9 0.703824 0.153186 1.54847 1.1185e+06
9 0.715403 0.152332 1.55305 1.11853e+06
9 0.725311 0.152951 1.55882 1.11857e+06
9 0.734593 0.154461 1.56483 1.1186e+06
9 0.74369 0.152737 1.57186 1.11863e+06
9 0.752545 0.152489 1.57977 1.11867e+06
9 0.760345 0.152075 1.58803 1.1187e+06
9 0.766083 0.153721 1.59723 1.11874e+06
9 0.772432 0.154989 1.60145 1.11877e+06
9 0.777792 0.154614 1.61116 1.1188e+06
9 0.781673 0.154204 1.61813 1.11883e+06
9 0.785271 0.155261 1.62677 1.11887e+06
9 0.786335 0.159055 1.63162 1.1189e+06
9 0.786881 0.161261 1.6353 1.11893e+06
9 0.786917 0.163005 1.63592 1.11897e+06
9 0.78669 0.16557 1.63153 1.119e+06
9 0.785546 0.171566 1.62927 1.11903e+06
9 0.784957 0.178234 1.62404 1.11907e+06
9 0.782519 0.185259 1.61317 1.1191e+06
9 0.779196 0.192232 1.60638 1.11913e+06
9 0.774785 0.203655 1.59952 1.11917e+06
9 0.772951 0.214504 1.59747 1.1192e+06
9 0.768779 0.226773 1.58661 1.11924e+06
9 0.761214 0.244119 1.57773 1.11927e+06
9 0.752623 0.262633 1.57066 1.1193e+06
9 0.744924 0.281412 1.56715 1.11934e+06
9 0.736229 0.303021 1.55747 1.11937e+06
9 0.726178 0.32391 1.55178 1.11940e+06
9 0.714342 0.347225 1.54888 1.11944e+06
9 0.699264 0.36922 1.5405 1.11947e+06
9 0.686597 0.391445 1.54326 1.11951e+06
9 0.672469 0.413612 1.54703 1.11954e+06
9 0.657873 0.435009 1.54982 1.11958e+06
9 0.641626 0.454157 1.55573 1.11961e+06
9 0.630392 0.470343 1.56404 1.11964e+06
9 0.617932 0.485419 1.57504 1.11968e+06
9 0.605511 0.497301 1.58416 1.11969e+06
9 0.592514 0.509847 1.59455 1.11974e+06
9 0.582069 0.517634 1.61032 1.11976e+06
9 0.57044 0.526953 1.62217 1.1198e+06
9 0.560745 0.533747 1.63362 1.11983e+06
9 0.558923 0.539468 1.6454 1.11986e+06
9 0.556374 0.544189 1.65267 1.1199e+06
9 0.549621 0.550622 1.65513 1.11993e+06
9 0.546373 0.554541 1.65582 1.11996e+06
9 0.545894 0.558138 1.65521 1.12e+06
9 0.549901 0.560533 1.65648 1.12003e+06
9 0.556483 0.563582 1.65051 1.12006e+06
9 0.56083 0.564659 1.64122 1.1201e+06
9 0.569092 0.566634 1.63128 1.12013e+06
9 0.578262 0.567877 1.62381 1.12016e+06
9 0.593251 0.568734 1.61743 1.1202e+06
9 0.609365 0.571844 1.61052 1.12023e+06
9 0.622864 0.574574 1.60671 1.12027e+06
9 0.638616 0.576125 1.60066 1.1203e+06
9 0.656989 0.577261 1.59897 1.12034e+06
9 0.676601 0.57348 1.6039 1.12037e+06
9 0.695868 0.570192 1.61632 1.1204e+06
9 0.714456 0.566268 1.62973 1.12044e+06
9 0.732284 0.558942 1.64612 1.12047e+06
9 0.749194 0.55095 1.65964 1.1205e+06
9 0.763929 0.54614 1.67146 1.12054e+06
9 0.774983 0.54101 1.68397 1.12057e+06
9 0.784686 0.535984 1.69326 1.1206e+06
9 0.792895 0.529726 1.70359 1.12064e+06
9 0.797601 0.523337 1.71673 1.12067e+06
9 0.804076 0.518891 1.72882 1.1207e+06
9 0.809129 0.514922 1.73837 1.12074e+06
9 0.810819 0.514501 1.74254 1.12077e+06
9 0.812898 0.512817 1.74685 1.12081e+06

