Gesto: 2
0 0.451481 0.228993 1.52849 410088
0 0.45448 0.228501 1.52723 410122
0 0.459781 0.229492 1.52356 410154
0 0.463661 0.229909 1.52127 410188
0 0.470625 0.230057 1.51881 410222
0 0.47638 0.227809 1.51532 410254
0 0.48194 0.226237 1.5136 410287
0 0.489223 0.225798 1.50946 410319
0 0.496127 0.224795 1.50604 410352
0 0.502382 0.224104 1.50417 410385
0 0.508277 0.225364 1.49858 410418
0 0.51372 0.224645 1.49708 410468
0 0.518747 0.227322 1.49732 410486
0 0.52369 0.230465 1.49942 410518
0 0.526407 0.233124 1.50005 410569
0 0.526929 0.235574 1.49898 410586
0 0.524429 0.241107 1.49937 410620
0 0.520514 0.246597 1.49657 410657
0 0.517203 0.254177 1.49048 410696
0 0.511055 0.261796 1.48614 410730
0 0.504659 0.27229 1.48627 410764
0 0.501542 0.286538 1.48531 410796
0 0.495805 0.300624 1.48829 410829
0 0.48991 0.315243 1.49201 410862
0 0.483741 0.325902 1.49229 410896
0 0.478287 0.337129 1.4944 410930
0 0.472801 0.34715 1.49546 410964
0 0.470455 0.355952 1.49685 410997
0 0.468755 0.363863 1.49857 411029
0 0.467083 0.370789 1.49905 411062
0 0.464614 0.376379 1.49413 411096
0 0.462421 0.379531 1.49038 411130
0 0.46403 0.383154 1.48863 411163
0 0.465744 0.385309 1.49023 411197
0 0.468141 0.388109 1.4865 411231
0 0.472509 0.389019 1.48445 411265
0 0.479425 0.389874 1.48293 411299
0 0.487839 0.390606 1.48349 411333
0 0.497283 0.390895 1.4805 411367
0 0.506874 0.390789 1.47667 411384
0 0.516654 0.391203 1.47671 411433
0 0.526933 0.391077 1.47645 411466
0 0.536305 0.38967 1.47665 411500
0 0.545982 0.390387 1.48028 411533
0 0.554676 0.391264 1.48201 411566
0 0.559521 0.391249 1.48088 411600
0 0.564163 0.390052 1.48101 411631
0 0.569051 0.390402 1.48395 411665

1 0.593287 0.234743 1.51594 412559
1 0.594426 0.236262 1.51573 412593
1 0.598347 0.235884 1.51426 412627
1 0.602346 0.234735 1.51331 412661
1 0.609418 0.234124 1.51541 412694
1 0.615329 0.234441 1.5164 412726
1 0.621927 0.233432 1.5171 412759
1 0.630687 0.231947 1.51961 412793
1 0.640168 0.231216 1.52214 412826
1 0.647706 0.229815 1.52346 412858
1 0.655554 0.230044 1.52876 412893
1 0.661931 0.230617 1.53311 412926
1 0.666753 0.234404 1.53683 412959
1 0.669078 0.237468 1.53863 412993
1 0.669986 0.24261 1.53706 413026
1 0.667835 0.250282 1.53411 413058
1 0.664263 0.260029 1.53023 413092
1 0.66218 0.268033 1.52468 413126
1 0.656087 0.277977 1.51922 413159
1 0.651292 0.289561 1.51244 413192
1 0.644625 0.303981 1.50664 413227
1 0.637534 0.318143 1.50148 413259
1 0.630048 0.33253 1.49646 413291
1 0.62355 0.345643 1.49346 413324
1 0.619175 0.35727 1.49287 413358
1 0.615955 0.367502 1.49682 413391
1 0.612758 0.375872 1.49539 413422
1 0.611275 0.380709 1.4945 413472
1 0.611323 0.384178 1.49144 413504
1 0.610477 0.386461 1.49077 413520
1 0.611884 0.386503 1.49189 413571
1 0.612942 0.385581 1.48787 413604
1 0.615527 0.38545 1.48849 413622
1 0.619049 0.384887 1.48961 413670
1 0.626113 0.383873 1.49314 413704
1 0.633512 0.381155 1.49601 413722
1 0.642965 0.377801 1.49972 413771
1 0.653296 0.375888 1.50697 413803
1 0.663829 0.373849 1.51288 413836
1 0.673742 0.371518 1.51988 413870
1 0.682915 0.370676 1.52527 413888
1 0.690236 0.370599 1.52608 413920

2 0.69279 0.250423 1.52721 414771
2 0.695226 0.248988 1.52599 414788
2 0.698291 0.24652 1.5246 414838
2 0.702981 0.245984 1.52704 414872
2 0.709643 0.2452 1.5319 414888
2 0.717182 0.244267 1.53485 414937
2 0.725447 0.244312 1.5386 414971
2 0.731487 0.242702 1.54388 414988
2 0.73638 0.242221 1.54596 415039
2 0.740121 0.246699 1.55239 415072
2 0.744974 0.249221 1.55727 415104
2 0.747295 0.253253 1.56063 415138
2 0.747843 0.256251 1.56011 415155
2 0.74615 0.262039 1.55759 415189
2 0.744422 0.270753 1.55775 415240
2 0.741907 0.279039 1.55693 415257
2 0.738361 0.287655 1.55391 415291
2 0.733812 0.299948 1.55391 415340
2 0.727631 0.312547 1.55151 415356
2 0.721874 0.32675 1.55245 415390
2 0.713834 0.342248 1.55208 415439
2 0.709197 0.356376 1.55088 415456
2 0.704617 0.370604 1.55201 415490
2 0.700723 0.382297 1.55364 415524
2 0.697741 0.391023 1.55333 415558
2 0.695021 0.397084 1.55241 415592
2 0.695294 0.402322 1.55233 415625
2 0.69603 0.404292 1.5509 415659
2 0.700288 0.402859 1.55286 415693
2 0.706638 0.400728 1.54949 415727
2 0.71162 0.399723 1.55532 415760
2 0.721386 0.396 1.55434 415794
2 0.73025 0.391497 1.55886 415828
2 0.740434 0.389515 1.56358 415862
2 0.750997 0.387084 1.57069 415897
2 0.760632 0.385886 1.5791 415930
2 0.770103 0.383562 1.58564 415964

3 0.77368 0.255476 1.57909 417432
3 0.773464 0.254996 1.57193 417465
3 0.775152 0.254468 1.56972 417498
3 0.776277 0.254419 1.56551 417532
3 0.781826 0.253945 1.56615 417565
3 0.787813 0.252237 1.56634 417598
3 0.796568 0.250368 1.57232 417631
3 0.804386 0.24918 1.57858 417664
3 0.811527 0.248237 1.58314 417697
3 0.816087 0.24767 1.58439 417731
3 0.818894 0.247583 1.58602 417765
3 0.819947 0.253016 1.58705 417798
3 0.816413 0.263789 1.58596 417832
3 0.81305 0.276436 1.58239 417865
3 0.809818 0.288843 1.58116 417898
3 0.804568 0.304117 1.58059 417932
3 0.79927 0.320856 1.58042 417966
3 0.793548 0.339383 1.57929 418000
3 0.787678 0.355698 1.57871 418034
3 0.781335 0.372048 1.57499 418068
3 0.777108 0.386938 1.57618 418102
3 0.773427 0.398838 1.57379 418136
3 0.769502 0.410026 1.57523 418170
3 0.767021 0.418544 1.57378 418204
3 0.767772 0.423786 1.57963 418238
3 0.769278 0.425046 1.57697 418273
3 0.773366 0.424506 1.57831 418305
3 0.779246 0.423236 1.57855 418340
3 0.787632 0.420251 1.58202 418374
3 0.796475 0.415852 1.58585 418405
3 0.804913 0.412873 1.59165 418439
3 0.815739 0.41097 1.59574 418471
3 0.82482 0.409994 1.6028 418505
3 0.834139 0.409643 1.60483 418538
3 0.840816 0.408971 1.61296 418572

4 0.651012 0.334279 1.65762 436417
4 0.652344 0.332297 1.65589 436449
4 0.654374 0.331021 1.65399 436481
4 0.657515 0.328924 1.65235 436514
4 0.661449 0.328729 1.65272 436549
4 0.665851 0.328414 1.65049 436581
4 0.670375 0.327078 1.65386 436615
4 0.676788 0.326414 1.66039 436649
4 0.681812 0.326164 1.66519 436682
4 0.687358 0.326833 1.67036 436716
4 0.691898 0.324219 1.6705 436750
4 0.69384 0.32565 1.67093 436784
4 0.694685 0.326775 1.67038 436818
4 0.69554 0.328413 1.66867 436852
4 0.696509 0.333772 1.66812 436886
4 0.695527 0.339765 1.66348 436918
4 0.692419 0.348482 1.66287 436952
4 0.688092 0.359566 1.65586 436986
4 0.684282 0.368298 1.65391 437020
4 0.679935 0.378349 1.65059 437054
4 0.673334 0.391206 1.6476 437088
4 0.667868 0.401336 1.64777 437122
4 0.663823 0.41148 1.64449 437155
4 0.660381 0.423536 1.64848 437189
4 0.655474 0.432322 1.65091 437223
4 0.654226 0.441059 1.65467 437258
4 0.652485 0.448067 1.65613 437274
4 0.651727 0.452425 1.65772 437326
4 0.652981 0.455852 1.65128 437358
4 0.655449 0.457504 1.65408 437375
4 0.659279 0.458793 1.65928 437426
4 0.661809 0.458543 1.65924 437444
4 0.666653 0.460039 1.65743 437477
4 0.671196 0.460229 1.65845 437511
4 0.678467 0.460175 1.66179 437545
4 0.682967 0.459249 1.6602 437578
4 0.690254 0.458359 1.66048 437612
4 0.69483 0.455492 1.6638 437645
4 0.702688 0.453916 1.67021 437679
4 0.710061 0.453334 1.67486 437713
4 0.71449 0.450746 1.6788 437746
4 0.720852 0.45168 1.68912 437780
4 0.725433 0.450727 1.69329 437814
4 0.730308 0.451116 1.69665 437848
4 0.732053 0.450271 1.6993 437882
4 0.732984 0.45007 1.70056 437916

5 0.510635 0.354363 1.61294 438888
5 0.512908 0.352385 1.6111 438921
5 0.515587 0.351902 1.60833 438954
5 0.51917 0.351765 1.60542 438988
5 0.524738 0.35193 1.60426 439022
5 0.531901 0.350011 1.60054 439055
5 0.538312 0.350341 1.59869 439088
5 0.546622 0.348661 1.59878 439122
5 0.555208 0.347951 1.5994 439156
5 0.560969 0.346819 1.59836 439189
5 0.567673 0.346152 1.6005 439222
5 0.571483 0.346368 1.60364 439255
5 0.573295 0.347235 1.60313 439287
5 0.575362 0.351973 1.6088 439322
5 0.575234 0.356344 1.6104 439354
5 0.57266 0.363831 1.61336 439388
5 0.568634 0.371518 1.61524 439421
5 0.561592 0.380193 1.6192 439453
5 0.555593 0.387663 1.61971 439486
5 0.548537 0.395933 1.61963 439519
5 0.544742 0.40728 1.62685 439552
5 0.543092 0.419037 1.63375 439586
5 0.537933 0.427704 1.63873 439619
5 0.534011 0.437686 1.64328 439653
5 0.531515 0.445504 1.64411 439685
5 0.530814 0.45405 1.65055 439719
5 0.52839 0.458756 1.65023 439752
5 0.529079 0.464363 1.65513 439786
5 0.529932 0.466471 1.65455 439820
5 0.530481 0.466924 1.65301 439854
5 0.534904 0.468918 1.65088 439888
5 0.538105 0.468572 1.65198 439922
5 0.543206 0.468779 1.6501 439956
5 0.549118 0.467994 1.64667 439989
5 0.557529 0.466576 1.64672 440022
5 0.566062 0.466721 1.64968 440056
5 0.576153 0.464973 1.64993 440090
5 0.58608 0.465291 1.65052 440124
5 0.59435 0.463861 1.65214 440158
5 0.602985 0.463448 1.65156 440191
5 0.61041 0.461417 1.64801 440225
5 0.614937 0.459884 1.64625 440259
5 0.617689 0.46006 1.64361 440292
5 0.618696 0.45998 1.64367 440325

6 0.604949 0.333004 1.60968 441529
6 0.606302 0.331179 1.60485 441545
6 0.609605 0.331285 1.60373 441579
6 0.612263 0.329801 1.6031 441613
6 0.616451 0.328912 1.60105 441647
6 0.622501 0.326351 1.60064 441681
6 0.628551 0.32327 1.59917 441714
6 0.634811 0.322722 1.59917 441746
6 0.640378 0.3232 1.60267 441780
6 0.645709 0.322455 1.60443 441814
6 0.647697 0.321409 1.60633 441848
6 0.64866 0.325589 1.6082 441882
6 0.648712 0.329251 1.60715 441914
6 0.647524 0.333576 1.60843 441949
6 0.644741 0.340602 1.60938 441981
6 0.642009 0.347517 1.60656 442015
6 0.637637 0.356718 1.60593 442048
6 0.632307 0.366752 1.60265 442083
6 0.626303 0.377982 1.60333 442116
6 0.621397 0.387745 1.60518 442150
6 0.616402 0.397124 1.60705 442183
6 0.613502 0.40789 1.61346 442217
6 0.609688 0.417185 1.61864 442250
6 0.608239 0.425405 1.62807 442284
6 0.607837 0.43489 1.63659 442318
6 0.606874 0.438022 1.63942 442351
6 0.605799 0.438567 1.63793 442384
6 0.607294 0.439712 1.63598 442419
6 0.611532 0.439815 1.63901 442452
6 0.614541 0.439393 1.6373 442484
6 0.617902 0.437596 1.63278 442516
6 0.623301 0.435028 1.62378 442549
6 0.627612 0.433505 1.626 442581
6 0.634272 0.432984 1.6298 442612
6 0.641659 0.430121 1.63331 442646
6 0.650813 0.429567 1.63597 442695
6 0.656511 0.426885 1.63889 442712
6 0.661476 0.423266 1.64099 442747
6 0.66938 0.423241 1.6486 442797
6 0.674972 0.42248 1.65002 442813
6 0.678006 0.42169 1.65281 442847
6 0.679567 0.422792 1.65294 442896
6 0.681415 0.423064 1.65335 442913

7 0.722878 0.340423 1.66949 443757
7 0.723408 0.342243 1.66881 443791
7 0.726198 0.34369 1.66969 443825
7 0.730085 0.342001 1.67253 443857
7 0.733176 0.342392 1.67338 443890
7 0.739198 0.339333 1.67567 443924
7 0.744731 0.33933 1.67904 443958
7 0.748557 0.339446 1.68476 443992
7 0.754404 0.33969 1.6895 444024
7 0.758909 0.340153 1.69218 444057
7 0.763723 0.340205 1.69092 444091
7 0.763828 0.340587 1.69103 444124
7 0.764242 0.346514 1.69367 444157
7 0.764581 0.351074 1.6946 444191
7 0.764057 0.359591 1.69312 444225
7 0.763151 0.365229 1.68752 444258
7 0.760747 0.370133 1.68418 444291
7 0.75913 0.380626 1.68486 444325
7 0.754672 0.390828 1.67775 444357
7 0.75027 0.402967 1.68356 444389
7 0.743715 0.413342 1.68404 444423
7 0.739643 0.424426 1.68675 444456
7 0.734962 0.434491 1.69079 444490
7 0.730266 0.443434 1.69009 444524
7 0.727402 0.451882 1.68688 444558
7 0.723935 0.457785 1.69073 444591
7 0.719154 0.46317 1.68833 444625
7 0.717756 0.467261 1.69213 444658
7 0.720507 0.469149 1.69201 444691
7 0.722554 0.470651 1.69413 444724
7 0.727568 0.469805 1.69581 444757
7 0.732107 0.467939 1.69995 444791
7 0.739188 0.466838 1.70496 444825
7 0.744747 0.464182 1.70092 444858
7 0.752218 0.459847 1.70131 444892
7 0.758736 0.460521 1.71198 444926
7 0.766675 0.456677 1.71766 444960
7 0.775903 0.45527 1.72543 444993
7 0.781925 0.452561 1.72938 445027
7 0.788061 0.44919 1.73893 445060
7 0.791144 0.447009 1.74529 445094
7 0.792823 0.446091 1.74846 445128
7 0.793859 0.445699 1.75029 445162
7 0.792594 0.444887 1.74768 445196

8 0.661603 0.282414 1.63241 446083
8 0.661219 0.282964 1.63123 446116
8 0.665085 0.280531 1.62981 446150
8 0.667435 0.278971 1.63018 446184
8 0.672809 0.275934 1.62988 446226
8 0.678324 0.275132 1.63434 446262
8 0.681763 0.277872 1.63326 446297
8 0.687889 0.278733 1.64066 446330
8 0.695162 0.281252 1.64605 446363
8 0.69967 0.282657 1.65064 446395
8 0.703726 0.284607 1.65564 446426
8 0.705036 0.286662 1.65474 446460
8 0.705225 0.291162 1.65932 446494
8 0.704776 0.295511 1.66024 446528
8 0.701496 0.300119 1.65616 446561
8 0.696943 0.305914 1.65249 446594
8 0.692677 0.310395 1.65199 446628
8 0.688727 0.318087 1.65144 446662
8 0.683786 0.324489 1.64999 446694
8 0.677606 0.332966 1.64666 446727
8 0.671133 0.345152 1.64505 446761
8 0.664089 0.352619 1.64097 446794
8 0.658524 0.362323 1.64082 446829
8 0.653448 0.370179 1.63984 446861
8 0.650527 0.376899 1.64016 446894
8 0.649185 0.38162 1.63714 446926
8 0.647034 0.384441 1.63601 446960
8 0.64898 0.387448 1.6416 446994
8 0.65232 0.387799 1.63652 447028
8 0.654796 0.387045 1.63975 447061
8 0.661547 0.386685 1.64348 447095
8 0.669277 0.387608 1.64616 447130
8 0.678648 0.387024 1.64787 447163
8 0.687992 0.385666 1.65362 447197
8 0.697734 0.385109 1.6619 447230
8 0.706452 0.385315 1.66729 447262
8 0.713774 0.382959 1.67171 447296
8 0.721457 0.383035 1.67345 447330
8 0.726192 0.379538 1.67507 447364
8 0.729025 0.377024 1.67587 447396

9 0.731319 0.278265 1.67262 448165
9 0.733695 0.279939 1.67341 448201
9 0.736255 0.281634 1.67249 448223
9 0.739834 0.28104 1.67159 448264
9 0.742597 0.280447 1.67048 448298
9 0.746498 0.281006 1.67213 448330
9 0.752105 0.279698 1.67541 448364
9 0.759782 0.27853 1.6801 448397
9 0.763971 0.277502 1.68183 448431
9 0.769068 0.27796 1.68667 448465
9 0.771542 0.278275 1.68863 448483
9 0.77299 0.278153 1.69213 448532
9 0.774265 0.283637 1.69523 448566
9 0.774827 0.287367 1.69805 448583
9 0.774681 0.290009 1.7024 448634
9 0.770744 0.294396 1.69433 448651
9 0.766957 0.300211 1.69261 448684
9 0.763575 0.30913 1.69347 448734
9 0.758772 0.317831 1.69009 448767
9 0.753408 0.32769 1.68816 448784
9 0.746749 0.340045 1.68697 448834
9 0.739989 0.350253 1.68001 448851
9 0.733886 0.360152 1.67918 448884
9 0.72676 0.372865 1.67702 448918
9 0.72344 0.384063 1.67846 448952
9 0.72022 0.392387 1.67828 449002
9 0.716686 0.396665 1.67767 449020
9 0.715152 0.398904 1.67602 449053
9 0.718008 0.404898 1.68213 449087
9 0.720149 0.40579 1.68541 449121
9 0.724765 0.406182 1.68942 449154
9 0.731392 0.404584 1.69096 449188
9 0.737238 0.403579 1.69301 449222
9 0.744335 0.401151 1.69131 449256
9 0.752921 0.399641 1.69771 449288
9 0.761471 0.399557 1.70445 449321
9 0.769927 0.39837 1.71373 449354
9 0.779883 0.397559 1.72274 449389
9 0.786728 0.394003 1.73229 449421
9 0.792911 0.390263 1.74132 449455
9 0.798593 0.39245 1.74784 449490
9 0.803703 0.390325 1.75523 449523
9 0.806967 0.386756 1.75757 449557
9 0.808897 0.384904 1.75733 449591
9 0.808706 0.38441 1.75934 449624

