Gesto: 2
0 0.452844 0.203506 2.10546 274059
0 0.456104 0.203165 2.10641 274076
0 0.459289 0.200966 2.11102 274127
0 0.463462 0.203194 2.10842 274159
0 0.465832 0.204644 2.1079 274192
0 0.47037 0.204412 2.10587 274225
0 0.476298 0.20554 2.10533 274259
0 0.484306 0.203325 2.10203 274294
0 0.492857 0.205105 2.09617 274327
0 0.502807 0.207223 2.08771 274344
0 0.514681 0.20849 2.08437 274395
0 0.526729 0.207193 2.07832 274428
0 0.537755 0.205554 2.07938 274445
0 0.550954 0.20444 2.08504 274495
0 0.564536 0.20404 2.08683 274527
0 0.577342 0.20355 2.08991 274544
0 0.586504 0.203748 2.09433 274592
0 0.596296 0.203217 2.09691 274626
0 0.602798 0.201177 2.1048 274660
0 0.608121 0.201031 2.11429 274695
0 0.611098 0.201295 2.11721 274728
0 0.610293 0.207908 2.11462 274744
0 0.609623 0.212011 2.11734 274793
0 0.608961 0.215227 2.11526 274826
0 0.602367 0.216331 2.11066 274858
0 0.595316 0.22057 2.10448 274891
0 0.589886 0.224801 2.0955 274923
0 0.583503 0.231991 2.08941 274957
0 0.5757 0.244737 2.08834 274991
0 0.567958 0.25203 2.07983 275026
0 0.560614 0.258979 2.07406 275059
0 0.551681 0.264334 2.07696 275093
0 0.539394 0.279233 2.06875 275127
0 0.528827 0.292175 2.07218 275160
0 0.519385 0.305687 2.07317 275193
0 0.506099 0.320171 2.07277 275228
0 0.492301 0.334976 2.0772 275260
0 0.483084 0.347553 2.08762 275294
0 0.472593 0.36021 2.09664 275311
0 0.461727 0.372134 2.10432 275344
0 0.453096 0.384874 2.10865 275395
0 0.444127 0.391805 2.11164 275412
0 0.437985 0.395979 2.11608 275446
0 0.432414 0.400105 2.12463 275480
0 0.428274 0.405029 2.12207 275513
0 0.426054 0.407555 2.12382 275547
0 0.425693 0.408875 2.12363 275581
0 0.425027 0.408831 2.12547 275614
0 0.429346 0.411201 2.12472 275665
0 0.432947 0.411147 2.12519 275681
0 0.437877 0.411412 2.12546 275715
0 0.443371 0.411571 2.11904 275748
0 0.453075 0.413125 2.11426 275782
0 0.4586 0.412951 2.10942 275815
0 0.468058 0.412296 2.10484 275849
0 0.479106 0.413313 2.10695 275882
0 0.494103 0.415362 2.10808 275919
0 0.507728 0.417697 2.1028 275960
0 0.521446 0.419197 2.10448 275994
0 0.535687 0.419024 2.10689 276028
0 0.549456 0.418941 2.11331 276062
0 0.561903 0.418989 2.1246 276096
0 0.575282 0.422591 2.14068 276113
0 0.58878 0.422972 2.14131 276147
0 0.599884 0.423086 2.1473 276181
0 0.608008 0.420343 2.15491 276215
0 0.617135 0.418334 2.16814 276248
0 0.622714 0.416238 2.17664 276282
0 0.625771 0.413818 2.17534 276313

1 0.320414 0.271086 2.1254 277657
1 0.325064 0.271976 2.12752 277691
1 0.328335 0.272293 2.12977 277724
1 0.332343 0.268091 2.12883 277757
1 0.33836 0.26518 2.11998 277790
1 0.347286 0.262298 2.11583 277824
1 0.354444 0.260731 2.10938 277858
1 0.366109 0.258575 2.10775 277892
1 0.380141 0.256795 2.10802 277924
1 0.394828 0.251967 2.11143 277958
1 0.408271 0.246638 2.1095 277991
1 0.423041 0.24532 2.11025 278022
1 0.432028 0.244904 2.11122 278057
1 0.441869 0.244386 2.11363 278090
1 0.447563 0.244739 2.11689 278123
1 0.450236 0.244848 2.12223 278156
1 0.449412 0.24875 2.12349 278190
1 0.448885 0.250889 2.12304 278223
1 0.445035 0.255719 2.12332 278256
1 0.442846 0.258792 2.1241 278290
1 0.437669 0.259822 2.12123 278322
1 0.429568 0.266324 2.11531 278356
1 0.422651 0.271877 2.11342 278388
1 0.41512 0.277017 2.11116 278422
1 0.40788 0.287349 2.10853 278454
1 0.398909 0.300625 2.10785 278488
1 0.387345 0.314842 2.11071 278520
1 0.379138 0.326149 2.11632 278551
1 0.369681 0.337414 2.1213 278584
1 0.361449 0.346592 2.13489 278617
1 0.35304 0.35757 2.14217 278651
1 0.346102 0.366322 2.1539 278686
1 0.339436 0.373743 2.16764 278718
1 0.333764 0.381306 2.1788 278753
1 0.331179 0.386863 2.18203 278785
1 0.328159 0.390922 2.18637 278819
1 0.325362 0.39402 2.19207 278853
1 0.324653 0.399974 2.19605 278887
1 0.330628 0.406637 2.19935 278919
1 0.332372 0.408805 2.1928 278952
1 0.336708 0.40393 2.18319 278985
1 0.34065 0.401067 2.18133 279019
1 0.347737 0.400391 2.17699 279053
1 0.358882 0.404202 2.16869 279087
1 0.371491 0.40845 2.15607 279121
1 0.383952 0.411987 2.1514 279154
1 0.399911 0.414132 2.15275 279188
1 0.418025 0.415682 2.14867 279221
1 0.434928 0.416069 2.14628 279255
1 0.451169 0.417634 2.15415 279289
1 0.46614 0.416972 2.16454 279323
1 0.484876 0.420141 2.17271 279357
1 0.497927 0.418067 2.17673 279391
1 0.509902 0.420509 2.17248 279425
1 0.515512 0.422584 2.18321 279459

2 0.359073 0.211203 2.1506 280699
2 0.360371 0.210689 2.14432 280733
2 0.366603 0.2114 2.14164 280766
2 0.370425 0.213158 2.13703 280783
2 0.373839 0.213446 2.13581 280834
2 0.380896 0.213702 2.13481 280851
2 0.388258 0.212015 2.13108 280884
2 0.397551 0.211315 2.13502 280918
2 0.410291 0.20794 2.13196 280952
2 0.423429 0.210106 2.12905 280986
2 0.438961 0.212083 2.123 281020
2 0.458624 0.21262 2.12873 281054
2 0.474973 0.213258 2.1366 281087
2 0.48945 0.215355 2.13313 281120
2 0.501081 0.217219 2.1341 281154
2 0.508772 0.22601 2.13918 281188
2 0.5128 0.232514 2.14271 281221
2 0.515398 0.23438 2.1466 281254
2 0.514427 0.238457 2.14653 281288
2 0.511669 0.245442 2.14248 281321
2 0.506363 0.252413 2.14397 281355
2 0.497731 0.262105 2.13448 281389
2 0.484304 0.274909 2.12845 281422
2 0.468642 0.288434 2.12052 281456
2 0.456715 0.307693 2.12399 281488
2 0.442547 0.328257 2.12861 281523
2 0.427232 0.349436 2.13177 281556
2 0.413485 0.362583 2.13358 281589
2 0.398584 0.375659 2.14805 281623
2 0.386784 0.387585 2.16445 281657
2 0.377644 0.397708 2.17567 281691
2 0.369562 0.403941 2.17907 281724
2 0.363564 0.408772 2.18186 281757
2 0.360748 0.413701 2.18639 281790
2 0.364967 0.418317 2.19129 281822
2 0.369917 0.420143 2.19082 281856
2 0.375013 0.422921 2.18587 281890
2 0.38285 0.422788 2.1804 281927
2 0.392313 0.424792 2.17474 281970
2 0.405277 0.427177 2.17519 281986
2 0.422923 0.43176 2.17781 282018
2 0.439674 0.435967 2.17717 282053
2 0.460321 0.437889 2.18439 282086
2 0.478236 0.437826 2.18739 282120
2 0.497947 0.443115 2.19742 282153
2 0.516095 0.445975 2.20994 282202
2 0.527342 0.447396 2.22563 282218
2 0.539823 0.448504 2.24298 282250
2 0.547483 0.448674 2.26323 282300

3 0.553389 0.305952 2.22477 283531
3 0.551148 0.305805 2.22307 283565
3 0.551312 0.304597 2.22087 283597
3 0.552003 0.303295 2.22497 283631
3 0.554315 0.302506 2.22749 283665
3 0.556844 0.301449 2.23014 283699
3 0.561242 0.294966 2.23019 283733
3 0.568232 0.29255 2.23171 283766
3 0.577698 0.289456 2.2267 283799
3 0.585781 0.289664 2.22206 283833
3 0.59745 0.287937 2.22781 283867
3 0.61233 0.286673 2.23487 283901
3 0.628384 0.285041 2.24406 283935
3 0.640487 0.283551 2.25181 283966
3 0.653378 0.282088 2.25818 284000
3 0.664325 0.285238 2.26661 284034
3 0.673136 0.287583 2.27175 284068
3 0.678307 0.288701 2.26105 284101
3 0.681202 0.292769 2.26564 284134
3 0.682585 0.295927 2.27283 284168
3 0.682324 0.300411 2.26124 284201
3 0.679003 0.30539 2.2521 284234
3 0.673164 0.311316 2.25177 284268
3 0.666425 0.318674 2.25249 284285
3 0.656696 0.331414 2.25079 284334
3 0.646568 0.342517 2.24625 284367
3 0.638039 0.354649 2.24442 284401
3 0.624514 0.37008 2.24238 284423
3 0.61125 0.386214 2.24863 284464
3 0.592337 0.404237 2.25055 284498
3 0.579569 0.416511 2.25194 284532
3 0.568873 0.431485 2.26194 284566
3 0.558331 0.447754 2.27056 284600
3 0.548382 0.457162 2.27542 284634
3 0.54441 0.454823 2.28489 284668
3 0.542089 0.460699 2.2954 284686
3 0.538782 0.470085 2.29362 284735
3 0.536905 0.476695 2.29052 284769
3 0.538836 0.474301 2.29607 284785
3 0.539975 0.479405 2.29579 284837
3 0.546113 0.479268 2.28701 284854
3 0.557516 0.480603 2.29018 284886
3 0.567383 0.484081 2.29086 284921
3 0.581934 0.487866 2.29201 284954
3 0.603232 0.492739 2.29578 284988
3 0.626097 0.499665 2.30355 285039
3 0.644065 0.501348 2.30638 285056
3 0.663668 0.503861 2.30418 285089
3 0.68154 0.507277 2.3077 285124
3 0.693205 0.506997 2.31629 285156
3 0.698671 0.510659 2.31176 285204
3 0.706943 0.510215 2.3236 285236

4 0.52707 0.212302 2.20044 286371
4 0.525259 0.210712 2.19273 286403
4 0.524136 0.209389 2.19087 286425
4 0.525384 0.211357 2.18936 286466
4 0.527782 0.210922 2.19223 286498
4 0.530908 0.21152 2.18494 286533
4 0.534771 0.209321 2.18554 286565
4 0.543324 0.207659 2.18359 286598
4 0.548809 0.207917 2.1825 286631
4 0.559787 0.203695 2.17485 286665
4 0.571434 0.204253 2.17375 286696
4 0.584179 0.20537 2.1807 286729
4 0.598904 0.205284 2.18541 286763
4 0.614988 0.206187 2.18781 286797
4 0.629366 0.205904 2.189 286830
4 0.64296 0.207012 2.19666 286864
4 0.656698 0.21161 2.20727 286898
4 0.666689 0.217936 2.21058 286932
4 0.671515 0.220753 2.21391 286966
4 0.674091 0.221969 2.21748 287000
4 0.675283 0.221846 2.22087 287034
4 0.671721 0.222248 2.22876 287068
4 0.667086 0.230377 2.22936 287099
4 0.659631 0.238684 2.2236 287131
4 0.651292 0.243323 2.21514 287165
4 0.639109 0.253022 2.20665 287199
4 0.624155 0.261731 2.19471 287232
4 0.608452 0.27567 2.18676 287266
4 0.592457 0.289057 2.18175 287300
4 0.578428 0.300898 2.18462 287333
4 0.56451 0.320131 2.19008 287367
4 0.552164 0.332609 2.19799 287401
4 0.543272 0.342403 2.21067 287435
4 0.534006 0.353084 2.21977 287468
4 0.528121 0.360675 2.22506 287502
4 0.524175 0.366206 2.23458 287536
4 0.522153 0.369772 2.22983 287569
4 0.522007 0.376673 2.23068 287602
4 0.522966 0.379189 2.23265 287636
4 0.525849 0.380023 2.23705 287669
4 0.531292 0.381141 2.23632 287701
4 0.540678 0.383273 2.22814 287734
4 0.55009 0.385962 2.23122 287769
4 0.56687 0.38555 2.23313 287802
4 0.583904 0.386831 2.22682 287836
4 0.599911 0.386994 2.22821 287870
4 0.615133 0.392572 2.23921 287904
4 0.632786 0.401511 2.24919 287938
4 0.653166 0.406848 2.26192 287972
4 0.668815 0.410107 2.26871 287989
4 0.681077 0.411507 2.2765 288040
4 0.691446 0.410155 2.28179 288057
4 0.696491 0.410743 2.28883 288090
4 0.696195 0.412064 2.28795 288141

5 0.458813 0.282027 2.27239 289266
5 0.455014 0.279013 2.27399 289298
5 0.452842 0.277498 2.26566 289332
5 0.451157 0.277132 2.25212 289365
5 0.454211 0.277507 2.25368 289397
5 0.456927 0.278337 2.25702 289431
5 0.463958 0.279938 2.25393 289464
5 0.470546 0.280182 2.2506 289496
5 0.480015 0.279756 2.25531 289528
5 0.4923 0.282583 2.25272 289563
5 0.503347 0.286235 2.24385 289596
5 0.514321 0.285828 2.23027 289628
5 0.523556 0.286724 2.22923 289662
5 0.534126 0.292069 2.23034 289694
5 0.543484 0.296765 2.23139 289727
5 0.547265 0.302425 2.238 289761
5 0.552093 0.306011 2.24229 289794
5 0.553006 0.313736 2.24414 289826
5 0.548773 0.322893 2.2425 289876
5 0.544525 0.33262 2.23858 289894
5 0.537449 0.340771 2.23888 289927
5 0.528093 0.345417 2.23031 289960
5 0.516166 0.354141 2.23708 289992
5 0.500372 0.368127 2.24885 290026
5 0.487261 0.385478 2.25294 290060
5 0.47404 0.398696 2.26107 290093
5 0.459947 0.412578 2.2718 290125
5 0.449409 0.424668 2.27593 290175
5 0.440729 0.434117 2.29139 290192
5 0.434387 0.445499 2.31092 290227
5 0.425199 0.461048 2.31397 290259
5 0.421549 0.46936 2.31214 290294
5 0.423226 0.470177 2.31854 290328
5 0.428574 0.474114 2.3277 290362
5 0.438643 0.480344 2.32737 290396
5 0.449376 0.487011 2.31831 290428
5 0.462546 0.491291 2.31545 290461
5 0.476662 0.49618 2.31055 290494
5 0.49586 0.505783 2.31308 290528
5 0.52004 0.512776 2.32431 290563
5 0.541575 0.52168 2.34515 290595
5 0.562185 0.527646 2.35588 290628
5 0.578267 0.532233 2.3735 290662

6 0.246544 0.288224 2.39391 292472
6 0.245655 0.287624 2.38323 292504
6 0.244417 0.282162 2.37157 292537
6 0.248829 0.284421 2.37219 292571
6 0.253478 0.286213 2.37532 292605
6 0.258973 0.287216 2.3606 292637
6 0.266492 0.29076 2.35082 292671
6 0.271778 0.297798 2.36101 292704
6 0.283648 0.306546 2.36316 292738
6 0.297717 0.311254 2.35057 292772
6 0.311282 0.316764 2.34575 292805
6 0.32681 0.319885 2.32075 292839
6 0.340498 0.328111 2.31438 292871
6 0.351495 0.332692 2.3134 292903
6 0.36343 0.337713 2.30319 292937
6 0.370257 0.338823 2.29516 292970
6 0.375079 0.346444 2.29831 293002
6 0.376575 0.351928 2.29879 293034
6 0.377209 0.354544 2.29889 293067
6 0.373008 0.358995 2.30126 293099
6 0.366591 0.367163 2.31434 293131
6 0.358192 0.374326 2.32168 293165
6 0.346368 0.381287 2.33749 293198
6 0.336198 0.392173 2.33527 293233
6 0.324098 0.400019 2.35078 293265
6 0.312611 0.409266 2.37276 293298
6 0.302362 0.417266 2.3914 293330
6 0.297959 0.430434 2.40178 293364
6 0.289638 0.435565 2.40147 293398
6 0.282067 0.437448 2.41207 293431
6 0.275689 0.440547 2.42689 293464
6 0.271888 0.442575 2.43743 293495
6 0.277656 0.450563 2.43189 293529
6 0.275735 0.457645 2.42421 293579
6 0.283704 0.460606 2.42152 293597
6 0.292023 0.467814 2.4185 293630
6 0.29565 0.46547 2.41572 293663
6 0.301627 0.468013 2.41343 293695
6 0.313209 0.47221 2.39959 293727
6 0.32662 0.480143 2.38831 293779
6 0.343481 0.488858 2.37968 293811
6 0.361695 0.497964 2.37233 293829
6 0.380874 0.508502 2.38172 293878
6 0.401824 0.519304 2.39828 293895
6 0.42147 0.526163 2.40803 293927

7 0.411301 0.19108 2.42365 295606
7 0.416624 0.194287 2.40863 295639
7 0.420457 0.195754 2.40405 295671
7 0.422569 0.197255 2.39785 295705
7 0.426125 0.19569 2.39785 295739
7 0.435934 0.192392 2.38406 295773
7 0.444021 0.187838 2.37393 295806
7 0.450285 0.183838 2.36565 295839
7 0.459322 0.181896 2.37253 295871
7 0.474698 0.176903 2.39442 295903
7 0.488637 0.179397 2.37894 295937
7 0.503409 0.180318 2.37495 295971
7 0.517428 0.182768 2.37688 296004
7 0.528934 0.180615 2.38384 296038
7 0.537699 0.181293 2.39442 296072
7 0.547932 0.188632 2.38952 296105
7 0.551528 0.19348 2.39183 296138
7 0.55528 0.196264 2.39436 296171
7 0.55469 0.201269 2.3901 296204
7 0.552797 0.204345 2.39104 296238
7 0.546005 0.206752 2.39458 296272
7 0.539435 0.208797 2.38571 296304
7 0.524855 0.215681 2.37826 296337
7 0.511845 0.228055 2.37849 296371
7 0.498076 0.238989 2.37743 296406
7 0.486309 0.250621 2.38114 296439
7 0.472803 0.259479 2.38895 296472
7 0.458693 0.272485 2.3896 296506
7 0.443744 0.284362 2.39549 296540
7 0.427844 0.295477 2.40645 296574
7 0.416465 0.306721 2.41868 296608
7 0.406266 0.316014 2.42328 296642
7 0.399928 0.322309 2.42519 296675
7 0.396475 0.324969 2.43096 296708
7 0.396028 0.330534 2.4419 296741
7 0.396675 0.335167 2.44585 296773
7 0.401178 0.34167 2.43187 296806
7 0.410055 0.348281 2.41631 296840
7 0.422939 0.352891 2.41353 296874
7 0.43248 0.357291 2.41333 296907
7 0.445527 0.362015 2.41753 296945
7 0.460793 0.363837 2.41414 296967
7 0.483752 0.368867 2.41 297006
7 0.502626 0.372436 2.4022 297041
7 0.515326 0.374844 2.39678 297074
7 0.528621 0.376438 2.39932 297106
7 0.540263 0.378383 2.39838 297138
7 0.549752 0.378242 2.40407 297172
7 0.555103 0.38045 2.41016 297204
7 0.558127 0.380985 2.41866 297238

8 0.585188 0.204825 2.37253 298951
8 0.590745 0.206398 2.37266 298973
8 0.598477 0.203794 2.38017 299011
8 0.606351 0.205687 2.38613 299044
8 0.616446 0.205205 2.37918 299077
8 0.627579 0.203941 2.37962 299112
8 0.638038 0.205352 2.38338 299145
8 0.649751 0.205149 2.3826 299179
8 0.663043 0.205945 2.37889 299212
8 0.673291 0.20783 2.37873 299245
8 0.684205 0.206924 2.3825 299279
8 0.692125 0.207368 2.38661 299312
8 0.69912 0.213648 2.39286 299345
8 0.703891 0.217324 2.39459 299379
8 0.710177 0.217812 2.40234 299413
8 0.709954 0.21848 2.40231 299447
8 0.70746 0.229026 2.39634 299480
8 0.699962 0.2363 2.39237 299514
8 0.692595 0.244642 2.38721 299547
8 0.682293 0.254604 2.38805 299582
8 0.66881 0.270464 2.37582 299616
8 0.650053 0.285647 2.35942 299633
8 0.635269 0.298522 2.34195 299665
8 0.618816 0.313603 2.34412 299715
8 0.600394 0.341346 2.3515 299748
8 0.583969 0.363773 2.37287 299780
8 0.566934 0.383168 2.38936 299812
8 0.541982 0.399533 2.38306 299846
8 0.530438 0.413591 2.38975 299880
8 0.524953 0.423716 2.39749 299913
8 0.519653 0.431338 2.40311 299946
8 0.516298 0.440453 2.41413 299978
8 0.512593 0.443354 2.42258 300012
8 0.510976 0.444237 2.42508 300046
8 0.510896 0.444225 2.42727 300078
8 0.515673 0.445276 2.41507 300112
8 0.520176 0.444327 2.41761 300145
8 0.530159 0.444735 2.41744 300179
8 0.545363 0.447669 2.41576 300213
8 0.562271 0.44485 2.41282 300246
8 0.580508 0.44634 2.41052 300279
8 0.602546 0.443031 2.41244 300313
8 0.626535 0.443461 2.42085 300346
8 0.64815 0.442804 2.43367 300379
8 0.665632 0.444561 2.44781 300412
8 0.683248 0.443246 2.45542 300446
8 0.692673 0.442947 2.4635 300477
8 0.701339 0.439746 2.46569 300511
8 0.707087 0.437662 2.46912 300544
8 0.710039 0.437359 2.46292 300577

9 0.605882 0.291887 2.38109 301444
9 0.606963 0.292107 2.38253 301479
9 0.606455 0.291883 2.37625 301511
9 0.608642 0.292541 2.37355 301545
9 0.615547 0.290162 2.36559 301579
9 0.619425 0.288057 2.36912 301613
9 0.620619 0.289416 2.36662 301646
9 0.629596 0.288261 2.3694 301679
9 0.640882 0.290403 2.3753 301711
9 0.653926 0.293022 2.38202 301744
9 0.662482 0.293066 2.37686 301777
9 0.67401 0.295893 2.38312 301810
9 0.681327 0.303309 2.3843 301843
9 0.690537 0.301355 2.38828 301877
9 0.693463 0.307097 2.38432 301911
9 0.694906 0.309391 2.38724 301945
9 0.693416 0.319486 2.38915 301977
9 0.692239 0.325148 2.38654 302011
9 0.686059 0.32881 2.3876 302045
9 0.679656 0.339759 2.3985 302079
9 0.669103 0.347877 2.39445 302113
9 0.659356 0.355091 2.39537 302147
9 0.647305 0.36641 2.39963 302181
9 0.635756 0.380891 2.40613 302215
9 0.623548 0.394758 2.41767 302249
9 0.61056 0.407709 2.43064 302283
9 0.601437 0.414639 2.43467 302316
9 0.595187 0.422411 2.44359 302349
9 0.592585 0.429462 2.44512 302383
9 0.586682 0.43355 2.45182 302400
9 0.587696 0.436709 2.46168 302451
9 0.589957 0.439501 2.46054 302484
9 0.591446 0.441233 2.46345 302501
9 0.596113 0.442576 2.46288 302552
9 0.603549 0.442282 2.45285 302569
9 0.615348 0.44079 2.45218 302603
9 0.626125 0.437115 2.44789 302637
9 0.642503 0.43438 2.45014 302671
9 0.655652 0.43376 2.44561 302705
9 0.666705 0.428223 2.44677 302739
9 0.67942 0.427049 2.45316 302772
9 0.688266 0.429936 2.46495 302806
9 0.694006 0.435432 2.46259 302838
9 0.69897 0.432242 2.46873 302872

