Gesto: 2
0 0.505812 0.186826 2.06156 501050
0 0.506297 0.187559 2.0702 501083
0 0.507607 0.1867 2.07447 501117
0 0.508161 0.185419 2.08025 501151
0 0.510106 0.186822 2.08352 501185
0 0.515567 0.186824 2.08737 501219
0 0.520038 0.187277 2.09255 501253
0 0.525268 0.18614 2.09408 501287
0 0.531571 0.183459 2.0977 501321
0 0.536596 0.183811 2.10351 501352
0 0.541139 0.184557 2.10628 501386
0 0.545782 0.18817 2.11374 501419
0 0.54855 0.190578 2.12212 501453
0 0.549775 0.192428 2.12546 501487
0 0.55142 0.1935 2.12703 501521
0 0.551167 0.194132 2.12387 501539
0 0.550925 0.194211 2.12136 501589
0 0.550053 0.195316 2.12206 501622
0 0.548036 0.197988 2.12132 501639
0 0.541954 0.20441 2.12168 501690
0 0.536229 0.210504 2.12591 501708
0 0.528593 0.220913 2.12466 501741
0 0.52168 0.230252 2.12107 501776
0 0.516525 0.236902 2.11573 501809
0 0.511137 0.244902 2.11385 501843
0 0.504618 0.249579 2.11135 501877
0 0.499204 0.253314 2.11218 501911
0 0.499143 0.256813 2.1118 501945
0 0.496994 0.264257 2.11758 501978
0 0.497106 0.268873 2.11588 502012
0 0.49951 0.269901 2.11407 502046
0 0.50303 0.272174 2.1056 502078
0 0.506524 0.272584 2.1 502112
0 0.515722 0.271868 2.09957 502146
0 0.528553 0.268165 2.0975 502180
0 0.544681 0.264797 2.09757 502215
0 0.560272 0.264133 2.10325 502248
0 0.568667 0.264149 2.10456 502282

1 0.249217 0.24858 2.18832 503976
1 0.248685 0.247158 2.19038 504010
1 0.248644 0.246353 2.19339 504045
1 0.251679 0.248644 2.1867 504078
1 0.254468 0.247893 2.19046 504112
1 0.258556 0.249279 2.19143 504144
1 0.263853 0.248071 2.18778 504178
1 0.274112 0.24896 2.18552 504210
1 0.278968 0.249222 2.19387 504245
1 0.284768 0.2542 2.19921 504278
1 0.290531 0.252534 2.20227 504311
1 0.29602 0.25521 2.20945 504343
1 0.294285 0.258272 2.2099 504378
1 0.292333 0.260381 2.21237 504411
1 0.286199 0.263319 2.20214 504444
1 0.280192 0.266567 2.19348 504477
1 0.275172 0.272906 2.19151 504511
1 0.266815 0.280626 2.19187 504543
1 0.257165 0.298323 2.20322 504578
1 0.251817 0.309894 2.21242 504611
1 0.249928 0.317157 2.20794 504644
1 0.249519 0.319804 2.19755 504677
1 0.255322 0.319967 2.1976 504709
1 0.259823 0.321783 2.19242 504742
1 0.273226 0.320528 2.19101 504792
1 0.290104 0.319495 2.19318 504809
1 0.304403 0.313327 2.20402 504842
1 0.31744 0.310751 2.21016 504892
1 0.329579 0.308872 2.22065 504909
1 0.336821 0.308218 2.22064 504942
1 0.340404 0.306343 2.22786 504991

2 0.481765 0.344648 2.19967 506111
2 0.487543 0.343877 2.19238 506159
2 0.496908 0.342817 2.19308 506192
2 0.504896 0.341744 2.199 506209
2 0.513842 0.337625 2.19964 506259
2 0.524917 0.341073 2.19544 506293
2 0.538334 0.338767 2.20324 506310
2 0.544477 0.341243 2.206 506361
2 0.546774 0.34368 2.20853 506378
2 0.544957 0.345831 2.19824 506411
2 0.53962 0.353555 2.19985 506461
2 0.531383 0.358368 2.20812 506478
2 0.521079 0.369829 2.21428 506512
2 0.508013 0.383275 2.2292 506545
2 0.499544 0.393524 2.23848 506577
2 0.490589 0.401874 2.24368 506612
2 0.486913 0.407239 2.24406 506645
2 0.487361 0.409324 2.23862 506679
2 0.492721 0.412313 2.24047 506712
2 0.501303 0.414822 2.2351 506745
2 0.512036 0.412277 2.23268 506778
2 0.527144 0.411648 2.23041 506812
2 0.545183 0.410459 2.24015 506845
2 0.562626 0.40685 2.24513 506877
2 0.575907 0.406547 2.25181 506911

3 0.708836 0.246893 2.20772 508487
3 0.708834 0.24854 2.20698 508520
3 0.714304 0.255304 2.20496 508553
3 0.717744 0.251271 2.20514 508586
3 0.72388 0.249721 2.21265 508621
3 0.731033 0.246985 2.21769 508655
3 0.742101 0.244584 2.22597 508688
3 0.749303 0.248711 2.24671 508722
3 0.755028 0.248041 2.25508 508756
3 0.76217 0.249601 2.26994 508789
3 0.762012 0.252581 2.2728 508822
3 0.759994 0.255285 2.27006 508855
3 0.755039 0.260709 2.25856 508890
3 0.744003 0.273305 2.24273 508924
3 0.729957 0.289913 2.22831 508956
3 0.71498 0.306415 2.22257 508990
3 0.699977 0.318897 2.21209 509023
3 0.691242 0.326863 2.1976 509056
3 0.689561 0.334334 2.18618 509088
3 0.692746 0.339502 2.19328 509123
3 0.700016 0.34533 2.20499 509157
3 0.709074 0.350481 2.21427 509190
3 0.722235 0.357289 2.22504 509224
3 0.737573 0.361736 2.23566 509259
3 0.754191 0.3642 2.24733 509292
3 0.770397 0.362093 2.26157 509325

4 0.487007 0.577924 1.9428 510952
4 0.491727 0.57795 1.9357 510985
4 0.498273 0.577456 1.93459 511018
4 0.502143 0.576543 1.93279 511052
4 0.509848 0.569938 1.93531 511084
4 0.519627 0.569107 1.94026 511118
4 0.525299 0.568476 1.951 511150
4 0.52577 0.568546 1.94787 511183
4 0.529182 0.567681 1.95643 511217
4 0.528333 0.570205 1.95865 511252
4 0.526191 0.57502 1.96243 511284
4 0.520343 0.579036 1.96016 511318
4 0.515055 0.582499 1.95737 511351
4 0.50698 0.59239 1.96451 511384
4 0.499469 0.601724 1.96536 511417
4 0.489078 0.611936 1.96881 511451
4 0.48322 0.625346 1.97362 511485
4 0.476259 0.63463 1.97739 511519
4 0.473344 0.642854 1.97867 511552
4 0.471984 0.647259 1.98066 511586
4 0.473482 0.651062 1.97294 511620
4 0.478011 0.650169 1.97912 511652
4 0.485528 0.645147 1.97838 511687
4 0.495116 0.641609 1.97683 511720
4 0.50491 0.638883 1.97459 511753
4 0.522774 0.636095 1.97802 511785
4 0.537042 0.631775 1.97952 511818
4 0.546962 0.626699 1.98037 511852
4 0.552049 0.624348 1.98215 511886
4 0.555645 0.622135 1.98249 511918
4 0.556474 0.621767 1.98391 511952
4 0.556805 0.622312 1.98677 511985

5 0.340983 0.106969 1.99315 513429
5 0.341631 0.108135 1.98891 513462
5 0.343872 0.108001 1.98463 513497
5 0.345441 0.10695 1.98274 513530
5 0.352251 0.106094 1.98228 513563
5 0.361235 0.102105 1.97978 513596
5 0.368623 0.0998898 1.97843 513629
5 0.376519 0.0985411 1.97585 513663
5 0.384391 0.102983 1.97689 513697
5 0.391557 0.104974 1.98217 513715
5 0.395572 0.106897 1.98272 513763
5 0.397564 0.108341 1.9808 513796
5 0.397356 0.109307 1.97468 513829
5 0.394741 0.112855 1.9727 513862
5 0.391208 0.119867 1.96981 513896
5 0.384996 0.126414 1.96579 513930
5 0.376672 0.137598 1.95937 513964
5 0.369034 0.150723 1.95683 513996
5 0.363612 0.159435 1.95459 514030
5 0.359899 0.165504 1.95589 514064
5 0.359083 0.167311 1.95599 514097
5 0.359302 0.168289 1.95277 514130
5 0.363292 0.168529 1.95116 514163
5 0.369139 0.16711 1.9527 514195
5 0.377451 0.166728 1.95198 514228
5 0.387016 0.167326 1.95171 514261
5 0.398529 0.16638 1.94453 514295
5 0.409532 0.166097 1.94848 514328
5 0.4216 0.165431 1.95574 514362
5 0.428105 0.165408 1.96054 514396

6 0.683377 0.544353 1.55364 523640
6 0.682299 0.540999 1.55188 523674
6 0.684423 0.540125 1.55488 523708
6 0.688629 0.535924 1.55508 523724
6 0.694137 0.533796 1.5576 523774
6 0.701592 0.534884 1.56373 523808
6 0.708388 0.532369 1.56875 523824
6 0.716475 0.53405 1.57483 523875
6 0.722678 0.536446 1.57965 523908
6 0.726678 0.537759 1.58271 523926
6 0.728471 0.541346 1.58397 523977
6 0.728895 0.546502 1.58505 523993
6 0.724312 0.550164 1.58184 524027
6 0.717495 0.558301 1.57804 524060
6 0.71063 0.565586 1.5666 524094
6 0.699464 0.579171 1.56403 524128
6 0.688396 0.591419 1.56484 524162
6 0.68072 0.601346 1.56523 524195
6 0.67529 0.612324 1.56513 524229
6 0.673748 0.618752 1.56431 524263
6 0.676648 0.623166 1.56592 524297
6 0.683103 0.625811 1.57011 524331
6 0.693322 0.627457 1.57682 524365
6 0.705439 0.628801 1.58606 524398
6 0.719249 0.631552 1.59827 524432
6 0.734674 0.632261 1.60863 524466
6 0.745653 0.633239 1.61645 524499

7 0.79556 0.680708 1.65556 525361
7 0.800629 0.678289 1.6555 525393
7 0.807108 0.674707 1.65777 525444
7 0.816905 0.67191 1.65918 525460
7 0.825469 0.671252 1.66645 525492
7 0.83544 0.671149 1.67413 525543
7 0.845473 0.671729 1.68133 525560
7 0.851278 0.671601 1.68603 525594
7 0.851411 0.671951 1.69138 525643
7 0.848839 0.67187 1.69104 525660
7 0.844187 0.672805 1.69088 525694
7 0.835951 0.676066 1.68298 525727
7 0.825858 0.685135 1.67486 525760
7 0.814123 0.695885 1.66902 525793
7 0.801459 0.709545 1.66383 525842
7 0.786926 0.725063 1.653 525876
7 0.777396 0.737197 1.65289 525893
7 0.774597 0.745679 1.65664 525928
7 0.775361 0.750137 1.66093 525960
7 0.778089 0.75289 1.66808 525993
7 0.784199 0.754839 1.67458 526044
7 0.793836 0.756289 1.68233 526061
7 0.80524 0.756057 1.68868 526110
7 0.815624 0.753673 1.69043 526145
7 0.829881 0.74887 1.70863 526162
7 0.838605 0.744351 1.7236 526210
7 0.845714 0.738136 1.74293 526242
7 0.848509 0.734336 1.75226 526274

8 0.319325 0.538639 1.52605 528410
8 0.319827 0.535347 1.52714 528443
8 0.323136 0.531603 1.52747 528476
8 0.327901 0.530259 1.52832 528508
8 0.334237 0.530412 1.52649 528542
8 0.341969 0.53265 1.52306 528575
8 0.348027 0.535289 1.52279 528609
8 0.350316 0.537607 1.52392 528642
8 0.350149 0.540752 1.52529 528676
8 0.348466 0.545307 1.5265 528710
8 0.343782 0.548142 1.52684 528743
8 0.336253 0.553662 1.52963 528777
8 0.330792 0.56004 1.535 528810
8 0.320425 0.566328 1.53539 528844
8 0.307894 0.572956 1.53937 528877
8 0.301269 0.579011 1.54778 528911
8 0.296617 0.586661 1.55455 528944
8 0.29647 0.592381 1.55579 528977
8 0.301064 0.597134 1.56077 529010
8 0.311826 0.603256 1.56148 529044
8 0.328842 0.610723 1.55594 529077
8 0.34758 0.61683 1.55515 529095
8 0.36511 0.619902 1.55692 529145
8 0.376265 0.620244 1.55299 529163
8 0.38052 0.620674 1.55568 529197

9 0.577144 0.685049 1.48198 536304
9 0.57517 0.687048 1.47883 536337
9 0.577017 0.688135 1.47936 536371
9 0.579949 0.689294 1.47706 536404
9 0.587431 0.691146 1.47634 536437
9 0.595358 0.696191 1.47236 536471
9 0.603796 0.700559 1.47406 536505
9 0.609571 0.705457 1.47564 536539
9 0.614571 0.710514 1.47704 536572
9 0.616548 0.714815 1.47967 536604
9 0.612491 0.719696 1.47982 536638
9 0.607075 0.726671 1.4838 536671
9 0.600115 0.7343 1.48498 536704
9 0.592542 0.742584 1.48435 536752
9 0.586931 0.749033 1.48218 536770
9 0.584215 0.754452 1.48277 536820
9 0.582037 0.760212 1.48319 536837
9 0.582852 0.764556 1.48607 536869
9 0.589741 0.77123 1.4859 536918
9 0.598278 0.776063 1.48553 536951
9 0.610689 0.779658 1.48685 536969
9 0.624755 0.783052 1.49346 537018
9 0.639589 0.783893 1.50112 537051
9 0.651156 0.784686 1.50483 537084

