Gesto: 2
0 0.417696 0.259685 1.19614 1.74688e+06
0 0.41972 0.260482 1.19266 1.74692e+06
0 0.422217 0.260497 1.19025 1.74695e+06
0 0.425067 0.261293 1.1861 1.74698e+06
0 0.430296 0.261732 1.1816 1.74702e+06
0 0.436683 0.262098 1.17667 1.74705e+06
0 0.444336 0.261821 1.17186 1.74708e+06
0 0.45219 0.263122 1.16579 1.74712e+06
0 0.462627 0.263708 1.15884 1.74715e+06
0 0.473987 0.263845 1.15337 1.74719e+06
0 0.486099 0.264444 1.14748 1.74722e+06
0 0.49913 0.264547 1.142 1.74725e+06
0 0.511722 0.265975 1.13812 1.74729e+06
0 0.523565 0.266685 1.13656 1.74732e+06
0 0.535806 0.266322 1.13741 1.74736e+06
0 0.548711 0.266705 1.14092 1.74739e+06
0 0.559591 0.266497 1.14657 1.74742e+06
0 0.568651 0.265729 1.15129 1.74746e+06
0 0.576465 0.265551 1.15595 1.74749e+06
0 0.584294 0.267134 1.16025 1.74753e+06
0 0.587519 0.268679 1.16414 1.74756e+06
0 0.588141 0.270962 1.16727 1.74759e+06
0 0.586444 0.273536 1.16823 1.74763e+06
0 0.581816 0.279976 1.16722 1.74766e+06
0 0.574792 0.289511 1.16349 1.74769e+06
0 0.56498 0.302974 1.15788 1.74773e+06
0 0.552212 0.320479 1.15334 1.74776e+06
0 0.538823 0.338344 1.14924 1.74779e+06
0 0.525534 0.358246 1.15089 1.74783e+06
0 0.510637 0.381636 1.15507 1.74786e+06
0 0.496413 0.402847 1.16219 1.74789e+06
0 0.483185 0.420963 1.17159 1.74793e+06
0 0.470475 0.437981 1.18047 1.74796e+06
0 0.459861 0.45189 1.19037 1.74799e+06
0 0.450876 0.461863 1.20082 1.74803e+06
0 0.446603 0.468817 1.20818 1.74806e+06
0 0.446663 0.473039 1.21131 1.74809e+06
0 0.450333 0.474252 1.20967 1.74812e+06
0 0.457294 0.475444 1.20488 1.74816e+06
0 0.467699 0.476422 1.19747 1.74819e+06
0 0.481205 0.477873 1.19008 1.74823e+06
0 0.49757 0.479901 1.18309 1.74826e+06
0 0.515402 0.482248 1.17819 1.74829e+06
0 0.531993 0.484299 1.174 1.74833e+06
0 0.551129 0.488365 1.17267 1.74836e+06
0 0.571971 0.489847 1.17081 1.74839e+06
0 0.59265 0.489972 1.17301 1.74843e+06
0 0.612512 0.489829 1.1786 1.74846e+06
0 0.63089 0.49163 1.18921 1.7485e+06
0 0.643665 0.492709 1.20176 1.74853e+06
0 0.654049 0.493703 1.21452 1.74854e+06

1 0.62901 0.301049 1.22489 1.74986e+06
1 0.634232 0.303757 1.22597 1.74989e+06
1 0.64416 0.30678 1.22838 1.74992e+06
1 0.657068 0.30972 1.23358 1.74996e+06
1 0.671402 0.311631 1.24171 1.74999e+06
1 0.688271 0.312439 1.25371 1.75003e+06
1 0.702188 0.313484 1.26821 1.75006e+06
1 0.713381 0.309722 1.2853 1.7501e+06
1 0.723979 0.304381 1.30194 1.75013e+06
1 0.729314 0.301216 1.3152 1.75016e+06
1 0.731073 0.297361 1.32785 1.75019e+06
1 0.730111 0.296519 1.3339 1.75023e+06
1 0.726121 0.300126 1.33378 1.75026e+06
1 0.721379 0.30492 1.32849 1.7503e+06
1 0.714181 0.312891 1.32285 1.75033e+06
1 0.705274 0.326382 1.31308 1.75036e+06
1 0.694448 0.340336 1.30133 1.7504e+06
1 0.681075 0.358124 1.28593 1.75043e+06
1 0.665093 0.378743 1.27048 1.75046e+06
1 0.647598 0.399372 1.25953 1.7505e+06
1 0.629095 0.418419 1.252 1.75053e+06
1 0.61132 0.437103 1.25083 1.75056e+06
1 0.595904 0.454871 1.25308 1.75059e+06
1 0.581734 0.468152 1.25652 1.75062e+06
1 0.574126 0.475411 1.25808 1.75066e+06
1 0.572938 0.481718 1.26201 1.75069e+06
1 0.577775 0.486171 1.2622 1.75072e+06
1 0.588007 0.487835 1.26328 1.75076e+06
1 0.601023 0.488519 1.26498 1.75079e+06
1 0.616462 0.488262 1.26565 1.75082e+06
1 0.634154 0.486872 1.27207 1.75086e+06
1 0.651255 0.486563 1.27855 1.75089e+06
1 0.669086 0.486409 1.28905 1.75092e+06
1 0.688967 0.486254 1.30038 1.75096e+06
1 0.707279 0.486879 1.3133 1.75099e+06
1 0.72468 0.488937 1.32931 1.75102e+06
1 0.738982 0.489865 1.35243 1.75106e+06
1 0.750355 0.491726 1.37219 1.75109e+06
1 0.759821 0.49171 1.38923 1.75112e+06

2 0.579124 0.616505 1.31374 1.75249e+06
2 0.580892 0.609218 1.30807 1.75252e+06
2 0.585591 0.604441 1.30491 1.75255e+06
2 0.593497 0.598603 1.30796 1.75259e+06
2 0.605519 0.595448 1.31431 1.75262e+06
2 0.620242 0.595995 1.32062 1.75266e+06
2 0.639511 0.594102 1.33142 1.75269e+06
2 0.658952 0.591508 1.34321 1.75272e+06
2 0.679529 0.585193 1.35865 1.75276e+06
2 0.698323 0.575771 1.37203 1.75279e+06
2 0.713929 0.566283 1.3824 1.75282e+06
2 0.72661 0.554885 1.39122 1.75286e+06
2 0.736498 0.542878 1.40147 1.75289e+06
2 0.742245 0.533228 1.40384 1.75292e+06
2 0.744829 0.526872 1.40459 1.75296e+06
2 0.742609 0.526387 1.40237 1.75299e+06
2 0.739708 0.530009 1.39916 1.75302e+06
2 0.734231 0.538424 1.39454 1.75306e+06
2 0.724825 0.552727 1.38803 1.75309e+06
2 0.71257 0.573078 1.38448 1.75313e+06
2 0.696314 0.597108 1.38204 1.75316e+06
2 0.679856 0.619018 1.38071 1.7532e+06
2 0.66031 0.640604 1.38288 1.75323e+06
2 0.638431 0.656141 1.39271 1.75326e+06
2 0.617252 0.673339 1.39724 1.7533e+06
2 0.599318 0.679129 1.40692 1.75333e+06
2 0.584562 0.683461 1.41371 1.75336e+06
2 0.572302 0.684093 1.41978 1.7534e+06
2 0.562427 0.681822 1.42599 1.75343e+06
2 0.555815 0.677731 1.42784 1.75346e+06
2 0.5513 0.674349 1.42818 1.7535e+06
2 0.549652 0.671809 1.42545 1.75353e+06
2 0.549848 0.672907 1.41892 1.75356e+06
2 0.551739 0.676534 1.41296 1.7536e+06
2 0.555458 0.684233 1.40532 1.75362e+06
2 0.562936 0.692811 1.4013 1.75366e+06
2 0.573818 0.699755 1.40124 1.7537e+06
2 0.589653 0.703867 1.40247 1.75373e+06
2 0.607357 0.707344 1.40874 1.75377e+06
2 0.628548 0.708371 1.42133 1.7538e+06
2 0.650008 0.705844 1.43783 1.75383e+06
2 0.670071 0.701721 1.45734 1.75386e+06
2 0.68741 0.69608 1.47718 1.7539e+06
2 0.7032 0.687058 1.4957 1.75393e+06
2 0.71626 0.677672 1.51032 1.75396e+06
2 0.72828 0.666848 1.52067 1.754e+06

3 0.529182 0.19993 1.25567 1.75659e+06
3 0.533982 0.202435 1.24488 1.75663e+06
3 0.540246 0.203344 1.23472 1.75666e+06
3 0.548159 0.204231 1.22719 1.75669e+06
3 0.557572 0.204274 1.22117 1.75673e+06
3 0.569594 0.204145 1.21744 1.75676e+06
3 0.582574 0.203851 1.21453 1.7568e+06
3 0.597962 0.202835 1.21371 1.75683e+06
3 0.613013 0.202626 1.21824 1.75686e+06
3 0.626592 0.202917 1.22827 1.7569e+06
3 0.639155 0.205168 1.24074 1.75693e+06
3 0.64958 0.206095 1.25288 1.75696e+06
3 0.657071 0.208516 1.26414 1.757e+06
3 0.662523 0.211055 1.27355 1.75703e+06
3 0.668024 0.208508 1.27269 1.75707e+06
3 0.670819 0.209101 1.27154 1.7571e+06
3 0.672205 0.210191 1.2714 1.75713e+06
3 0.670365 0.21374 1.26939 1.75717e+06
3 0.667147 0.221184 1.26497 1.7572e+06
3 0.662014 0.229696 1.25799 1.75722e+06
3 0.656128 0.238193 1.25121 1.75727e+06
3 0.647682 0.251084 1.24256 1.75729e+06
3 0.637197 0.266387 1.23258 1.75734e+06
3 0.625983 0.281608 1.2211 1.75736e+06
3 0.612678 0.299847 1.21218 1.75739e+06
3 0.598012 0.31682 1.20424 1.75742e+06
3 0.582894 0.335356 1.19679 1.75746e+06
3 0.567633 0.354322 1.19476 1.75749e+06
3 0.55459 0.370599 1.19581 1.75752e+06
3 0.540984 0.387053 1.19583 1.75756e+06
3 0.529793 0.400614 1.20117 1.75759e+06
3 0.520777 0.412176 1.20745 1.75762e+06
3 0.514253 0.418538 1.21269 1.75766e+06
3 0.511672 0.423657 1.2169 1.75769e+06
3 0.510597 0.426466 1.21961 1.75773e+06
3 0.51341 0.428857 1.21707 1.75776e+06
3 0.519545 0.428781 1.21587 1.75779e+06
3 0.529058 0.42755 1.2125 1.75783e+06
3 0.539265 0.427826 1.20906 1.75786e+06
3 0.552807 0.427058 1.20796 1.75789e+06
3 0.568626 0.426681 1.2051 1.75793e+06
3 0.585041 0.425522 1.2031 1.75796e+06
3 0.602083 0.426891 1.20147 1.758e+06
3 0.619149 0.428812 1.20275 1.75803e+06
3 0.637616 0.430246 1.20805 1.75806e+06
3 0.654786 0.433306 1.2146 1.7581e+06
3 0.669887 0.435607 1.22458 1.75813e+06
3 0.683589 0.438558 1.23367 1.75817e+06
3 0.694332 0.439721 1.24328 1.7582e+06
3 0.703335 0.44243 1.25267 1.75823e+06
3 0.708958 0.443255 1.26019 1.75826e+06
3 0.712144 0.443231 1.26383 1.7583e+06

4 0.755828 0.34226 1.16384 1.7605e+06
4 0.761908 0.345419 1.16013 1.76054e+06
4 0.769213 0.348512 1.15822 1.76057e+06
4 0.778199 0.35237 1.15812 1.7606e+06
4 0.787952 0.354892 1.16127 1.76064e+06
4 0.795505 0.361774 1.18076 1.76067e+06
4 0.80274 0.366153 1.19999 1.7607e+06
4 0.810042 0.369708 1.21622 1.76074e+06
4 0.819663 0.368168 1.22653 1.76077e+06
4 0.829279 0.365192 1.23317 1.76080e+06
4 0.836247 0.360971 1.24333 1.76084e+06
4 0.840978 0.358054 1.25185 1.76087e+06
4 0.84422 0.357595 1.26243 1.7609e+06
4 0.84603 0.357789 1.26886 1.76094e+06
4 0.846563 0.359496 1.27305 1.76097e+06
4 0.846045 0.362015 1.27524 1.761e+06
4 0.843398 0.365608 1.27587 1.76104e+06
4 0.839125 0.373853 1.27578 1.76106e+06
4 0.833248 0.382604 1.27359 1.7611e+06
4 0.827143 0.39292 1.26885 1.76113e+06
4 0.81778 0.403768 1.26449 1.76117e+06
4 0.811231 0.412944 1.24335 1.7612e+06
4 0.803861 0.425525 1.22564 1.76123e+06
4 0.793456 0.441005 1.2127 1.76127e+06
4 0.782718 0.457291 1.20624 1.7613e+06
4 0.770056 0.475685 1.20341 1.76133e+06
4 0.757243 0.492713 1.20357 1.76137e+06
4 0.745481 0.508407 1.20648 1.7614e+06
4 0.735305 0.520809 1.21028 1.76143e+06
4 0.725519 0.531196 1.21269 1.76147e+06
4 0.71713 0.538197 1.21572 1.7615e+06
4 0.711312 0.541502 1.2173 1.76153e+06
4 0.707738 0.54246 1.21722 1.76157e+06
4 0.707714 0.542464 1.21553 1.7616e+06
4 0.711192 0.538747 1.21662 1.76163e+06
4 0.717751 0.536315 1.21618 1.76167e+06
4 0.727396 0.534106 1.21377 1.7617e+06
4 0.738606 0.529043 1.21431 1.76173e+06
4 0.752519 0.52551 1.21344 1.76176e+06
4 0.766091 0.521978 1.21466 1.7618e+06
4 0.782044 0.518548 1.21773 1.76183e+06
4 0.795682 0.513351 1.22958 1.76187e+06
4 0.808239 0.509903 1.24376 1.7619e+06
4 0.820152 0.507476 1.26013 1.76193e+06
4 0.830597 0.50508 1.27598 1.76197e+06
4 0.838913 0.503125 1.29234 1.762e+06
4 0.846006 0.501051 1.30721 1.76203e+06
4 0.852316 0.501463 1.32149 1.76206e+06
4 0.858143 0.499904 1.33395 1.7621e+06
4 0.861976 0.49912 1.3454 1.76213e+06
4 0.864873 0.498048 1.35423 1.76216e+06
4 0.865673 0.497645 1.35838 1.7622e+06
4 0.865523 0.496083 1.36135 1.76223e+06

5 0.727228 0.192243 1.17518 1.76426e+06
5 0.730255 0.192523 1.17799 1.76429e+06
5 0.734135 0.192468 1.18133 1.76433e+06
5 0.737784 0.193576 1.18583 1.76436e+06
5 0.742785 0.194317 1.19099 1.76439e+06
5 0.748787 0.194685 1.19457 1.76444e+06
5 0.755087 0.195199 1.20118 1.76446e+06
5 0.761652 0.19629 1.2085 1.7645e+06
5 0.769146 0.19785 1.21575 1.76453e+06
5 0.776641 0.198748 1.2228 1.76456e+06
5 0.783451 0.200185 1.23132 1.7646e+06
5 0.789434 0.203015 1.24212 1.76463e+06
5 0.794233 0.204889 1.25115 1.76466e+06
5 0.798412 0.206798 1.25962 1.7647e+06
5 0.801607 0.208569 1.2649 1.76473e+06
5 0.803459 0.209454 1.26821 1.76476e+06
5 0.804604 0.212766 1.27014 1.7648e+06
5 0.803004 0.220111 1.27148 1.76483e+06
5 0.80243 0.218261 1.26153 1.76486e+06
5 0.801119 0.217436 1.25134 1.7649e+06
5 0.797615 0.22074 1.23875 1.76493e+06
5 0.792006 0.227973 1.22855 1.76496e+06
5 0.786536 0.237382 1.22221 1.765e+06
5 0.77939 0.248235 1.21316 1.76503e+06
5 0.772489 0.258236 1.20437 1.76507e+06
5 0.764851 0.26766 1.19539 1.7651e+06
5 0.757502 0.279707 1.18866 1.76513e+06
5 0.750255 0.292552 1.18439 1.76517e+06
5 0.74537 0.302714 1.18093 1.7652e+06
5 0.740787 0.313114 1.17978 1.76523e+06
5 0.736903 0.323083 1.1783 1.76527e+06
5 0.734256 0.332139 1.18235 1.7653e+06
5 0.732622 0.3394 1.18156 1.76533e+06
5 0.732808 0.345966 1.18377 1.76537e+06
5 0.734635 0.351838 1.1841 1.7654e+06
5 0.738522 0.357115 1.18568 1.76543e+06
5 0.744317 0.35958 1.18847 1.76547e+06
5 0.751379 0.360679 1.18954 1.7655e+06
5 0.760904 0.361576 1.18783 1.76554e+06
5 0.770976 0.362053 1.18737 1.76557e+06
5 0.782027 0.363246 1.18828 1.7656e+06
5 0.79342 0.36418 1.19208 1.76564e+06
5 0.801262 0.371408 1.21384 1.76567e+06
5 0.807975 0.377275 1.23526 1.7657e+06
5 0.815519 0.381396 1.25003 1.76574e+06
5 0.822317 0.384622 1.25931 1.76577e+06
5 0.829438 0.38798 1.26591 1.7658e+06
5 0.835885 0.390766 1.27008 1.76583e+06
5 0.840145 0.392742 1.27122 1.76587e+06

6 0.342836 0.349491 1.44575 1.78145e+06
6 0.342283 0.351956 1.44237 1.78149e+06
6 0.345168 0.354847 1.43866 1.78152e+06
6 0.347693 0.357475 1.43114 1.78155e+06
6 0.351831 0.36114 1.42146 1.78159e+06
6 0.357641 0.36196 1.41112 1.78162e+06
6 0.363864 0.363643 1.39647 1.78165e+06
6 0.372277 0.364458 1.38281 1.78168e+06
6 0.381706 0.360977 1.36887 1.78172e+06
6 0.390419 0.35886 1.35597 1.78175e+06
6 0.39929 0.355737 1.3465 1.78178e+06
6 0.405891 0.352398 1.33898 1.78181e+06
6 0.412808 0.350203 1.33597 1.78185e+06
6 0.417093 0.349236 1.33129 1.78188e+06
6 0.422862 0.348373 1.33044 1.78192e+06
6 0.426617 0.348613 1.33005 1.78195e+06
6 0.428361 0.349717 1.3287 1.78198e+06
6 0.428991 0.351125 1.32877 1.78202e+06
6 0.427959 0.354847 1.3301 1.78205e+06
6 0.426272 0.356395 1.33109 1.78208e+06
6 0.422672 0.362985 1.33591 1.78212e+06
6 0.419231 0.368322 1.33907 1.78215e+06
6 0.414891 0.375646 1.34404 1.78218e+06
6 0.410004 0.386169 1.3517 1.78222e+06
6 0.403415 0.398453 1.36019 1.78225e+06
6 0.39716 0.410191 1.36838 1.78229e+06
6 0.391019 0.422935 1.37921 1.78232e+06
6 0.385651 0.435833 1.38921 1.78236e+06
6 0.379634 0.44746 1.39782 1.78239e+06
6 0.37482 0.457914 1.40761 1.78242e+06
6 0.372281 0.467851 1.41907 1.78245e+06
6 0.367545 0.477433 1.42933 1.78249e+06
6 0.364036 0.486785 1.44087 1.78252e+06
6 0.360606 0.494519 1.44945 1.78256e+06
6 0.358855 0.502775 1.46176 1.78259e+06
6 0.357517 0.508526 1.47128 1.78262e+06
6 0.355924 0.512653 1.4772 1.78266e+06
6 0.356596 0.516169 1.48019 1.78269e+06
6 0.357314 0.51614 1.48235 1.78272e+06
6 0.360277 0.517013 1.48066 1.78276e+06
6 0.362561 0.517218 1.47671 1.78279e+06
6 0.367943 0.516567 1.4705 1.78281e+06
6 0.372285 0.516712 1.46267 1.78286e+06
6 0.37893 0.516051 1.45286 1.78288e+06
6 0.384893 0.517133 1.44006 1.78291e+06
6 0.392746 0.518255 1.4263 1.78294e+06
6 0.402939 0.517825 1.41427 1.78298e+06
6 0.416333 0.5193 1.40449 1.78301e+06
6 0.428646 0.519997 1.39575 1.78304e+06
6 0.443407 0.52018 1.39303 1.78308e+06
6 0.455264 0.52194 1.39017 1.78311e+06
6 0.465778 0.523274 1.38811 1.78314e+06
6 0.475865 0.525685 1.38661 1.78318e+06
6 0.482706 0.527494 1.38614 1.78321e+06
6 0.488049 0.528073 1.38423 1.78324e+06

7 0.257051 0.290831 1.54753 1.78508e+06
7 0.26046 0.291762 1.53713 1.78513e+06
7 0.26226 0.294016 1.52913 1.78514e+06
7 0.263026 0.29963 1.51545 1.78519e+06
7 0.266386 0.304413 1.50099 1.78521e+06
7 0.268234 0.308425 1.4864 1.78524e+06
7 0.274282 0.311594 1.46703 1.7853e+06
7 0.280438 0.313236 1.4453 1.78533e+06
7 0.287955 0.313057 1.42657 1.78534e+06
7 0.29523 0.314302 1.40851 1.78539e+06
7 0.30278 0.31439 1.39025 1.78543e+06
7 0.309415 0.315559 1.37168 1.78544e+06
7 0.318094 0.315385 1.35837 1.78548e+06
7 0.326603 0.312173 1.34657 1.78551e+06
7 0.332524 0.311839 1.33721 1.78554e+06
7 0.337493 0.31106 1.33164 1.78558e+06
7 0.341189 0.316003 1.33116 1.78561e+06
7 0.342687 0.318054 1.33021 1.78565e+06
7 0.343082 0.32211 1.32981 1.78568e+06
7 0.342819 0.327083 1.33195 1.78571e+06
7 0.342523 0.335106 1.33386 1.78575e+06
7 0.341149 0.34247 1.33632 1.78578e+06
7 0.340708 0.350403 1.33884 1.78581e+06
7 0.339264 0.359979 1.34216 1.78585e+06
7 0.337138 0.370675 1.3441 1.78588e+06
7 0.334856 0.380931 1.34718 1.78592e+06
7 0.332762 0.39174 1.35193 1.78595e+06
7 0.33136 0.40237 1.35722 1.78598e+06
7 0.327166 0.414321 1.36057 1.78602e+06
7 0.323525 0.426103 1.36689 1.78605e+06
7 0.320803 0.437381 1.37309 1.78609e+06
7 0.318829 0.448391 1.38114 1.78612e+06
7 0.316894 0.460827 1.39074 1.78616e+06
7 0.315262 0.468755 1.40032 1.78619e+06
7 0.313733 0.477843 1.41014 1.78623e+06
7 0.312229 0.484011 1.42125 1.78626e+06
7 0.311478 0.489593 1.43293 1.78629e+06
7 0.31006 0.496141 1.43989 1.78631e+06
7 0.309936 0.500859 1.44884 1.78636e+06
7 0.308982 0.502972 1.4532 1.7864e+06
7 0.309202 0.502712 1.45821 1.78641e+06
7 0.311813 0.503351 1.45958 1.78645e+06
7 0.313804 0.50347 1.45882 1.78648e+06
7 0.316457 0.505127 1.45352 1.78651e+06
7 0.321368 0.50479 1.4478 1.78655e+06
7 0.326791 0.506328 1.43872 1.78658e+06
7 0.333168 0.509898 1.42897 1.78661e+06
7 0.339937 0.512574 1.41724 1.78665e+06
7 0.34697 0.515051 1.40578 1.78668e+06
7 0.356048 0.519064 1.3957 1.78672e+06
7 0.367336 0.523365 1.38582 1.78675e+06
7 0.378968 0.525915 1.37505 1.78678e+06
7 0.388822 0.529729 1.36793 1.78682e+06
7 0.399051 0.533907 1.36012 1.78685e+06
7 0.410292 0.53721 1.35564 1.78689e+06
7 0.421184 0.539414 1.35381 1.78692e+06
7 0.430747 0.542704 1.35283 1.78695e+06
7 0.436435 0.545987 1.35163 1.78699e+06
7 0.443229 0.546966 1.35086 1.78702e+06
7 0.447875 0.54844 1.34891 1.78705e+06
7 0.453129 0.548402 1.34932 1.78709e+06

8 0.583666 0.126129 1.45017 1.78943e+06
8 0.592123 0.129876 1.44793 1.78946e+06
8 0.601306 0.134584 1.44578 1.78949e+06
8 0.61239 0.139383 1.44412 1.78952e+06
8 0.622365 0.143569 1.44572 1.78956e+06
8 0.633534 0.149714 1.44935 1.78959e+06
8 0.643543 0.156309 1.45632 1.78963e+06
8 0.652785 0.163371 1.46555 1.78966e+06
8 0.665906 0.160239 1.46948 1.78969e+06
8 0.67554 0.158082 1.4738 1.78973e+06
8 0.685279 0.156526 1.48057 1.78976e+06
8 0.690997 0.157201 1.4878 1.7898e+06
8 0.69533 0.156713 1.49725 1.78983e+06
8 0.69817 0.158691 1.50276 1.78986e+06
8 0.698836 0.161489 1.50985 1.7899e+06
8 0.70028 0.161861 1.51082 1.78993e+06
8 0.699271 0.16421 1.50879 1.78996e+06
8 0.697883 0.16669 1.50412 1.78998e+06
8 0.696312 0.168644 1.49714 1.79002e+06
8 0.691724 0.170778 1.49025 1.79005e+06
8 0.687992 0.174215 1.47919 1.79008e+06
8 0.685802 0.176443 1.47209 1.79012e+06
8 0.681916 0.180767 1.46443 1.79015e+06
8 0.677047 0.187765 1.45493 1.79018e+06
8 0.673864 0.194613 1.44672 1.79022e+06
8 0.669913 0.203811 1.44144 1.79025e+06
8 0.66586 0.210976 1.43548 1.79028e+06
8 0.662104 0.219094 1.42818 1.79032e+06
8 0.657802 0.231004 1.42107 1.79035e+06
8 0.652971 0.240054 1.41505 1.79039e+06
8 0.649057 0.249164 1.40934 1.79042e+06
8 0.645074 0.261332 1.40123 1.79045e+06
8 0.639384 0.274139 1.39463 1.79048e+06
8 0.636393 0.285933 1.38937 1.79052e+06
8 0.632256 0.298012 1.38382 1.79055e+06
8 0.628125 0.307872 1.3813 1.79059e+06
8 0.624738 0.318341 1.37712 1.79062e+06
8 0.620475 0.330093 1.37452 1.79065e+06
8 0.617059 0.34007 1.37507 1.79069e+06
8 0.613662 0.351145 1.37455 1.79072e+06
8 0.611555 0.359921 1.37244 1.79076e+06
8 0.609344 0.368541 1.37432 1.79079e+06
8 0.60583 0.378053 1.37423 1.79082e+06
8 0.603541 0.385562 1.37568 1.79086e+06
8 0.600317 0.393496 1.37716 1.79089e+06
8 0.598597 0.398212 1.3799 1.79092e+06
8 0.596651 0.404321 1.37956 1.79096e+06
8 0.595545 0.408729 1.37743 1.79099e+06
8 0.594907 0.411268 1.37691 1.79102e+06
8 0.59508 0.413012 1.37692 1.79106e+06
8 0.595096 0.413855 1.37819 1.79109e+06
8 0.597048 0.415271 1.37915 1.79112e+06
8 0.598846 0.415664 1.37829 1.79116e+06
8 0.601433 0.414508 1.3764 1.79119e+06
8 0.605667 0.414595 1.37759 1.79122e+06
8 0.609981 0.413359 1.37695 1.79126e+06
8 0.614353 0.414 1.37548 1.79129e+06
8 0.620148 0.413781 1.37898 1.79132e+06
8 0.626468 0.413723 1.38269 1.79136e+06
8 0.633356 0.41401 1.38787 1.79139e+06
8 0.641278 0.413969 1.39041 1.79142e+06
8 0.649208 0.41405 1.39479 1.79146e+06
8 0.656039 0.414485 1.40006 1.79149e+06
8 0.663151 0.416852 1.4068 1.79152e+06
8 0.669615 0.417374 1.41185 1.79156e+06
8 0.677777 0.419839 1.41752 1.79159e+06
8 0.683044 0.421383 1.42361 1.79162e+06
8 0.689413 0.422699 1.43157 1.79166e+06
8 0.693893 0.424075 1.43989 1.79169e+06
8 0.697002 0.424807 1.44556 1.79172e+06
8 0.702851 0.426544 1.44955 1.79176e+06
8 0.706813 0.428794 1.45312 1.79179e+06
8 0.711379 0.431522 1.45209 1.79182e+06
8 0.713447 0.433275 1.46054 1.79186e+06
8 0.714448 0.434398 1.46528 1.79189e+06
8 0.716644 0.436243 1.46729 1.79192e+06
8 0.718226 0.437294 1.46842 1.79195e+06
8 0.719669 0.438638 1.46626 1.79199e+06
8 0.720682 0.439467 1.46579 1.79202e+06
8 0.720583 0.438964 1.46978 1.79206e+06
8 0.720018 0.439176 1.47155 1.79209e+06
8 0.719787 0.438992 1.47157 1.79212e+06

9 0.768243 0.606767 1.57274 1.79379e+06
9 0.773477 0.609999 1.57178 1.79382e+06
9 0.777083 0.613609 1.57212 1.79385e+06
9 0.78362 0.616982 1.56936 1.79389e+06
9 0.791412 0.619099 1.56746 1.79392e+06
9 0.799603 0.618979 1.56796 1.79395e+06
9 0.807823 0.618739 1.57224 1.79399e+06
9 0.816263 0.61621 1.57537 1.79402e+06
9 0.827509 0.611716 1.58125 1.79405e+06
9 0.835575 0.609305 1.58916 1.79409e+06
9 0.844851 0.604224 1.5994 1.79412e+06
9 0.854486 0.598 1.61002 1.79416e+06
9 0.861718 0.591037 1.61587 1.79419e+06
9 0.867332 0.586429 1.623 1.79424e+06
9 0.872049 0.581747 1.63053 1.79425e+06
9 0.874046 0.576029 1.63631 1.79429e+06
9 0.875834 0.571959 1.64367 1.79432e+06
9 0.877377 0.570013 1.65025 1.79435e+06
9 0.878542 0.568992 1.65565 1.79439e+06
9 0.878536 0.570708 1.65745 1.79444e+06
9 0.874998 0.575207 1.65759 1.79447e+06
9 0.871907 0.579626 1.65852 1.79448e+06
9 0.865868 0.587558 1.65762 1.79454e+06
9 0.860872 0.59471 1.65803 1.79457e+06
9 0.852897 0.604272 1.65368 1.7946e+06
9 0.847042 0.61367 1.65205 1.79463e+06
9 0.843017 0.621622 1.65458 1.79467e+06
9 0.833657 0.631613 1.65271 1.7947e+06
9 0.826964 0.640867 1.6527 1.79473e+06
9 0.818323 0.650747 1.64994 1.79477e+06
9 0.809569 0.655271 1.64987 1.7948e+06
9 0.80141 0.663337 1.64874 1.79484e+06
9 0.793815 0.669827 1.64771 1.79487e+06
9 0.788614 0.676635 1.64863 1.79489e+06
9 0.782303 0.682627 1.64916 1.79494e+06
9 0.776669 0.69015 1.65005 1.79497e+06
9 0.770621 0.697001 1.64933 1.79498e+06
9 0.767295 0.701979 1.65459 1.79503e+06
9 0.760279 0.70521 1.6556 1.79506e+06
9 0.757303 0.710661 1.65649 1.7951e+06
9 0.756154 0.714464 1.65642 1.79513e+06
9 0.754597 0.714455 1.65608 1.79517e+06
9 0.752864 0.714976 1.65663 1.7952e+06
9 0.751866 0.715129 1.65669 1.79523e+06
9 0.752369 0.712078 1.65793 1.79527e+06
9 0.753098 0.713936 1.65567 1.7953e+06
9 0.753789 0.710337 1.65556 1.79533e+06
9 0.758389 0.708717 1.65863 1.79537e+06
9 0.761432 0.707993 1.66155 1.7954e+06
9 0.768167 0.707579 1.66393 1.79543e+06
9 0.773866 0.706895 1.66842 1.79547e+06
9 0.780319 0.7054 1.67589 1.7955e+06
9 0.787317 0.705104 1.68096 1.79553e+06
9 0.795471 0.702524 1.68559 1.79557e+06
9 0.801503 0.700251 1.69521 1.79561e+06
9 0.810157 0.698447 1.70307 1.79563e+06
9 0.815999 0.696381 1.70803 1.79566e+06
9 0.822454 0.695218 1.71447 1.7957e+06
9 0.831527 0.694472 1.72533 1.79573e+06
9 0.835378 0.690515 1.73054 1.79576e+06
9 0.84065 0.686332 1.73614 1.7958e+06
9 0.84598 0.686197 1.74154 1.79583e+06
9 0.849518 0.686775 1.7461 1.79586e+06
9 0.852422 0.685725 1.7497 1.79589e+06
9 0.857054 0.68643 1.75197 1.79593e+06
9 0.860504 0.687466 1.75508 1.79596e+06

