Gesto: 2
0 0.614901 0.229609 1.94902 657440
0 0.615431 0.23003 1.94966 657473
0 0.616366 0.228828 1.9497 657507
0 0.617856 0.230063 1.94334 657541
0 0.619053 0.22703 1.95149 657575
0 0.620919 0.227849 1.9548 657609
0 0.623449 0.225021 1.95885 657643
0 0.62458 0.226031 1.96148 657676
0 0.626264 0.222237 1.95789 657711
0 0.629218 0.218146 1.96242 657744
0 0.636994 0.215804 1.96858 657778
0 0.643251 0.217137 1.97327 657811
0 0.651461 0.214151 1.97585 657845
0 0.661747 0.21804 1.98235 657878
0 0.669047 0.215827 1.98314 657911
0 0.678637 0.217072 1.99656 657943
0 0.687711 0.212442 2.00257 657977
0 0.696022 0.211496 2.01371 658011
0 0.701615 0.210783 2.01835 658045
0 0.708511 0.20613 2.0197 658078
0 0.714281 0.204446 2.02027 658110
0 0.717287 0.204138 2.01532 658144
0 0.725067 0.201702 2.02103 658178
0 0.733876 0.197762 2.03846 658210
0 0.735849 0.201487 2.03695 658245
0 0.737812 0.202455 2.03888 658277
0 0.743203 0.199543 2.04605 658309
0 0.747209 0.19711 2.06626 658341
0 0.747451 0.197057 2.06378 658375
0 0.750083 0.196614 2.07175 658408
0 0.75125 0.195798 2.07824 658441
0 0.749291 0.206274 2.07247 658474
0 0.744235 0.210364 2.06579 658507
0 0.740775 0.213067 2.06395 658539
0 0.738156 0.215513 2.05616 658571
0 0.736725 0.217689 2.0493 658605
0 0.733982 0.225791 2.03797 658638
0 0.732327 0.231022 2.03269 658670
0 0.726032 0.23475 2.0335 658703
0 0.720992 0.245501 2.0194 658735
0 0.715034 0.254736 2.02043 658768
0 0.709254 0.267252 2.01222 658800
0 0.704956 0.280099 2.00671 658851
0 0.700333 0.293696 1.99889 658867
0 0.694251 0.305956 1.99211 658900
0 0.689571 0.319145 1.98918 658951
0 0.684706 0.332681 1.98414 658968
0 0.678411 0.348457 1.97962 659002
0 0.673787 0.36195 1.96935 659036
0 0.666165 0.375888 1.96963 659069
0 0.659601 0.390197 1.96217 659104
0 0.6526 0.403618 1.96011 659137
0 0.647237 0.414618 1.95937 659171
0 0.643907 0.424943 1.95821 659204
0 0.637852 0.434009 1.96145 659238
0 0.633333 0.440359 1.96246 659271
0 0.630478 0.448347 1.96779 659304
0 0.625815 0.453992 1.97019 659337
0 0.623135 0.458303 1.96903 659370
0 0.620625 0.462056 1.96905 659404
0 0.620806 0.467885 1.97034 659438
0 0.618567 0.471911 1.97025 659473
0 0.620846 0.474618 1.97147 659506
0 0.623925 0.476948 1.97393 659541
0 0.626268 0.477898 1.9756 659574
0 0.628135 0.478745 1.9775 659608
0 0.635712 0.479788 1.97397 659642
0 0.644776 0.479182 1.97441 659676
0 0.653207 0.474132 1.97656 659711
0 0.658768 0.469561 1.98009 659744
0 0.667031 0.464475 1.99404 659778
0 0.675154 0.461574 1.99733 659811
0 0.685371 0.45521 2.00158 659845
0 0.693626 0.45165 2.00866 659879
0 0.702693 0.450014 2.0087 659913
0 0.7111 0.447973 2.01974 659947
0 0.715868 0.445413 2.02811 659981
0 0.723437 0.442898 2.03334 660014
0 0.729394 0.443536 2.04291 660047
0 0.732545 0.44069 2.05384 660082
0 0.736218 0.44212 2.05759 660115
0 0.739162 0.441741 2.06082 660148
0 0.74137 0.440183 2.06932 660181
0 0.745369 0.442516 2.07311 660215
0 0.747334 0.446446 2.06572 660247
0 0.750032 0.444858 2.06951 660281
0 0.75084 0.445143 2.0749 660314

1 0.616862 0.232094 1.95477 662150
1 0.61795 0.231866 1.9572 662183
1 0.621706 0.230791 1.95998 662216
1 0.621261 0.231924 1.95481 662249
1 0.623543 0.230998 1.95379 662283
1 0.626312 0.230479 1.95678 662317
1 0.627731 0.229679 1.96274 662350
1 0.630533 0.230023 1.96787 662383
1 0.634075 0.229962 1.96798 662418
1 0.641248 0.225914 1.97289 662451
1 0.649833 0.222904 1.96953 662484
1 0.655467 0.223167 1.97425 662516
1 0.663417 0.223514 1.97894 662550
1 0.668226 0.219323 1.99176 662582
1 0.675952 0.219734 1.99899 662615
1 0.684313 0.215658 2.01017 662647
1 0.694158 0.213128 2.02187 662682
1 0.699591 0.208648 2.02255 662714
1 0.706531 0.204316 2.02208 662746
1 0.712893 0.201197 2.03065 662779
1 0.716668 0.20074 2.03428 662811
1 0.720147 0.200772 2.04169 662845
1 0.725527 0.19976 2.0444 662879
1 0.72916 0.200223 2.03973 662912
1 0.733364 0.202152 2.03914 662946
1 0.734417 0.202557 2.05009 662980
1 0.73537 0.205091 2.063 663014
1 0.740019 0.200453 2.0661 663047
1 0.74298 0.20119 2.05898 663080
1 0.742307 0.206181 2.06265 663114
1 0.74196 0.204982 2.06682 663147
1 0.740335 0.208727 2.06551 663181
1 0.738225 0.209224 2.0663 663215
1 0.737679 0.213024 2.06289 663250
1 0.736361 0.216764 2.05247 663283
1 0.735389 0.219002 2.04713 663317
1 0.732006 0.227336 2.0338 663351
1 0.731185 0.232003 2.03362 663384
1 0.725494 0.242034 2.02653 663418
1 0.720605 0.250914 2.02096 663452
1 0.71321 0.258173 2.00895 663486
1 0.711192 0.266209 2.00038 663520
1 0.706201 0.27425 1.99104 663553
1 0.703242 0.28504 1.98808 663570
1 0.69948 0.294226 1.9814 663621
1 0.695423 0.301686 1.97828 663638
1 0.690763 0.312422 1.97558 663671
1 0.6857 0.320256 1.9713 663722
1 0.68178 0.331455 1.96992 663738
1 0.676959 0.340426 1.97042 663772
1 0.674034 0.35273 1.96333 663806
1 0.67162 0.363178 1.95773 663840
1 0.668627 0.375539 1.9487 663873
1 0.66255 0.384599 1.95194 663906
1 0.658905 0.395787 1.94805 663939
1 0.656674 0.40535 1.94376 663973
1 0.650613 0.414521 1.94645 664006
1 0.645821 0.420494 1.94673 664040
1 0.642624 0.427808 1.94962 664073
1 0.641956 0.435304 1.94676 664106
1 0.639021 0.442379 1.94145 664139
1 0.634536 0.44741 1.94282 664173
1 0.631236 0.451666 1.94278 664206
1 0.630086 0.454401 1.94596 664240
1 0.628955 0.457788 1.95169 664274
1 0.627393 0.458799 1.95466 664309
1 0.626857 0.457991 1.95761 664342
1 0.62786 0.460405 1.95649 664376
1 0.628883 0.461728 1.95858 664410
1 0.632906 0.461262 1.96073 664442
1 0.637732 0.462577 1.96107 664475
1 0.64042 0.463975 1.9585 664509
1 0.646767 0.46181 1.96327 664543
1 0.652536 0.462863 1.96574 664577
1 0.660246 0.461089 1.96896 664611
1 0.664667 0.459545 1.97547 664645
1 0.67319 0.457455 1.98082 664679
1 0.679115 0.453069 1.98611 664713
1 0.687942 0.454554 1.98802 664747
1 0.695699 0.45042 2.00023 664780
1 0.70002 0.447322 2.0086 664814
1 0.707113 0.445868 2.01474 664846
1 0.71322 0.445175 2.02019 664881
1 0.7175 0.44351 2.02306 664915
1 0.72065 0.440983 2.03154 664948
1 0.725624 0.439657 2.03632 664982
1 0.729858 0.438584 2.04448 665014
1 0.732649 0.435129 2.05613 665047
1 0.732895 0.433422 2.05755 665081
1 0.734338 0.432184 2.0612 665115
1 0.734759 0.432171 2.06327 665148
1 0.736979 0.430537 2.05806 665181
1 0.737699 0.432145 2.05795 665214

2 0.619644 0.242544 1.93724 666720
2 0.618629 0.239338 1.94405 666755
2 0.618548 0.239495 1.94494 666787
2 0.618637 0.239628 1.94351 666821
2 0.619582 0.23955 1.94352 666854
2 0.620422 0.241011 1.94505 666888
2 0.619804 0.240357 1.94994 666922
2 0.621642 0.240473 1.95182 666956
2 0.625233 0.238916 1.95007 666990
2 0.627129 0.237656 1.95551 667023
2 0.63113 0.236373 1.96113 667056
2 0.637032 0.235487 1.9647 667073
2 0.643122 0.234586 1.96779 667124
2 0.649809 0.232664 1.97029 667158
2 0.657062 0.233233 1.97477 667174
2 0.664522 0.232839 1.97546 667226
2 0.673198 0.231337 1.97591 667243
2 0.679709 0.229382 1.97979 667277
2 0.683611 0.226633 1.99071 667326
2 0.689718 0.224151 1.99784 667343
2 0.69523 0.224366 2.00186 667377
2 0.701872 0.225304 2.00587 667411
2 0.707012 0.222837 2.00945 667446
2 0.710783 0.220548 2.01456 667479
2 0.715644 0.220374 2.02172 667513
2 0.721704 0.219154 2.0249 667547
2 0.72534 0.218009 2.02912 667581
2 0.728967 0.219018 2.02943 667614
2 0.731174 0.218471 2.03365 667648
2 0.731622 0.215775 2.04002 667681
2 0.733498 0.215563 2.04641 667715
2 0.735373 0.215235 2.05093 667748
2 0.736451 0.215538 2.05246 667782
2 0.740851 0.214269 2.05197 667817
2 0.743422 0.214357 2.04421 667850
2 0.745486 0.213975 2.04134 667884
2 0.743141 0.213771 2.05251 667917
2 0.74065 0.21473 2.05629 667951
2 0.738524 0.216435 2.05401 667985
2 0.736463 0.218103 2.05211 668017
2 0.733752 0.225945 2.04042 668051
2 0.730605 0.229638 2.03742 668084
2 0.728615 0.234783 2.02969 668118
2 0.722536 0.245311 2.0131 668152
2 0.718128 0.251849 2.00287 668185
2 0.711618 0.259991 1.99831 668218
2 0.705674 0.270628 1.9912 668252
2 0.69752 0.278117 1.99199 668285
2 0.691922 0.287548 1.98593 668318
2 0.687392 0.296727 1.97684 668351
2 0.684254 0.308962 1.96858 668383
2 0.678898 0.319468 1.96831 668416
2 0.674142 0.331547 1.96196 668450
2 0.669385 0.344203 1.96068 668484
2 0.662776 0.354697 1.96402 668518
2 0.658409 0.36428 1.96214 668550
2 0.654833 0.375071 1.95647 668583
2 0.649664 0.387444 1.9503 668616
2 0.646343 0.398136 1.94615 668649
2 0.643272 0.407374 1.94251 668684
2 0.63945 0.414755 1.94216 668718
2 0.634142 0.422858 1.93905 668751
2 0.630904 0.430666 1.93997 668785
2 0.627937 0.436685 1.94126 668818
2 0.624395 0.443229 1.93883 668852
2 0.622746 0.446081 1.94262 668886
2 0.622582 0.451248 1.94571 668920
2 0.621193 0.455208 1.94686 668953
2 0.618603 0.459473 1.94022 668984
2 0.616551 0.461589 1.9393 669017
2 0.616432 0.462747 1.93978 669052
2 0.616558 0.464793 1.93747 669085
2 0.616351 0.46522 1.93803 669119
2 0.619686 0.462461 1.94299 669154
2 0.623137 0.461547 1.9466 669188
2 0.627778 0.462217 1.94731 669222
2 0.634535 0.462973 1.94435 669254
2 0.63912 0.463908 1.94765 669286
2 0.645948 0.460869 1.95273 669320
2 0.650916 0.461637 1.9549 669355
2 0.658884 0.459734 1.96126 669387
2 0.663872 0.458686 1.96686 669420
2 0.672491 0.45591 1.97479 669452
2 0.679582 0.451974 1.98065 669484
2 0.687153 0.449906 1.98268 669518
2 0.694831 0.44665 1.99135 669551
2 0.699819 0.444226 2.00196 669586
2 0.705521 0.441268 2.00811 669620
2 0.710022 0.437133 2.01262 669654
2 0.71335 0.437398 2.02008 669687
2 0.71542 0.435289 2.0261 669721
2 0.720018 0.435948 2.03502 669755
2 0.724717 0.437469 2.037 669789
2 0.728851 0.436085 2.04604 669824
2 0.732458 0.433797 2.05764 669857
2 0.734427 0.433191 2.05827 669889
2 0.736561 0.432573 2.06855 669921
2 0.736574 0.434843 2.07478 669956
2 0.73731 0.435516 2.08096 669988
2 0.738932 0.437619 2.08728 670023
2 0.739897 0.438949 2.08856 670056

3 0.619616 0.231156 1.9372 671784
3 0.620488 0.232175 1.94293 671817
3 0.620996 0.232001 1.94772 671851
3 0.620264 0.231781 1.94694 671885
3 0.622839 0.229666 1.94423 671918
3 0.624773 0.228423 1.94681 671952
3 0.62455 0.226771 1.94434 671986
3 0.628794 0.229174 1.94851 672018
3 0.636131 0.226565 1.94647 672050
3 0.640914 0.229864 1.95088 672083
3 0.646881 0.230199 1.95573 672116
3 0.654191 0.231592 1.96281 672149
3 0.6614 0.230442 1.96743 672183
3 0.669963 0.228464 1.97252 672215
3 0.676992 0.227166 1.97731 672247
3 0.685062 0.226787 1.98136 672281
3 0.691082 0.223797 1.98873 672315
3 0.696679 0.222408 2.00146 672348
3 0.703481 0.220392 2.01336 672381
3 0.707887 0.219043 2.02047 672415
3 0.717198 0.218553 2.02342 672449
3 0.7243 0.217136 2.02958 672481
3 0.729692 0.216599 2.04016 672515
3 0.731793 0.213904 2.05001 672548
3 0.734398 0.213447 2.06223 672582
3 0.736983 0.212987 2.07113 672614
3 0.742532 0.211873 2.07863 672664
3 0.746219 0.210531 2.08337 672681
3 0.748225 0.209955 2.08357 672713
3 0.748946 0.209967 2.08002 672765
3 0.750231 0.209267 2.08126 672781
3 0.752131 0.210794 2.08299 672816
3 0.747866 0.211366 2.08637 672849
3 0.74456 0.212181 2.08641 672883
3 0.742953 0.215516 2.08158 672916
3 0.741354 0.216549 2.07075 672949
3 0.739773 0.222827 2.06782 672981
3 0.736457 0.227691 2.06002 673015
3 0.734195 0.231419 2.05165 673048
3 0.728987 0.236838 2.04465 673081
3 0.724262 0.247238 2.03601 673114
3 0.721167 0.252546 2.0296 673147
3 0.71956 0.257688 2.02923 673180
3 0.715915 0.267113 2.01979 673213
3 0.714659 0.275235 2.00889 673263
3 0.713075 0.285371 1.99982 673279
3 0.707293 0.294049 1.98936 673313
3 0.702777 0.306433 1.98717 673347
3 0.699813 0.318078 1.9805 673379
3 0.694201 0.327434 1.97653 673412
3 0.688486 0.335925 1.9788 673463
3 0.685156 0.349708 1.97325 673479
3 0.682219 0.359387 1.96678 673512
3 0.676321 0.369571 1.96399 673562
3 0.671873 0.37947 1.95843 673579
3 0.664245 0.387721 1.96119 673611
3 0.65926 0.398187 1.95357 673661
3 0.652011 0.407438 1.95214 673695
3 0.646855 0.414723 1.95176 673711
3 0.643016 0.420901 1.9488 673763
3 0.640744 0.428555 1.95212 673779
3 0.636796 0.435922 1.9525 673830
3 0.633418 0.440417 1.95206 673863
3 0.631593 0.446225 1.95383 673879
3 0.63018 0.451618 1.95203 673929
3 0.628058 0.456423 1.95228 673963
3 0.627794 0.458877 1.95565 673979
3 0.627775 0.460485 1.95443 674029
3 0.627926 0.461276 1.95635 674061
3 0.6273 0.46522 1.95652 674094
3 0.62843 0.466637 1.95848 674128
3 0.633406 0.467702 1.94928 674162
3 0.637539 0.470347 1.95212 674194
3 0.643997 0.468496 1.95771 674227
3 0.65126 0.466122 1.96283 674261
3 0.658683 0.462823 1.96764 674294
3 0.664791 0.461934 1.97342 674328
3 0.673281 0.458668 1.98257 674361
3 0.680915 0.452199 1.99653 674394
3 0.690639 0.44755 2.00849 674428
3 0.698443 0.444322 2.01639 674461
3 0.707257 0.441254 2.0262 674493
3 0.718057 0.436861 2.0343 674527
3 0.72589 0.434233 2.04379 674561
3 0.731395 0.433154 2.0484 674595
3 0.736677 0.429034 2.06067 674628
3 0.739553 0.425835 2.07705 674661
3 0.741791 0.423837 2.0884 674679
3 0.746881 0.425718 2.09267 674728
3 0.751339 0.427239 2.09924 674762
3 0.753848 0.426355 2.10547 674779
3 0.755501 0.427704 2.10896 674829

4 0.616613 0.23678 1.92185 676755
4 0.617054 0.236563 1.92163 676787
4 0.61822 0.236265 1.92239 676821
4 0.618647 0.235714 1.92224 676854
4 0.618404 0.235884 1.92649 676888
4 0.618937 0.23632 1.92571 676921
4 0.622006 0.23497 1.9289 676954
4 0.62387 0.234365 1.93068 676987
4 0.624758 0.234183 1.93165 677022
4 0.628875 0.234925 1.93498 677055
4 0.633554 0.23186 1.93723 677089
4 0.637744 0.232826 1.94116 677122
4 0.641914 0.232426 1.95082 677156
4 0.648399 0.229174 1.94902 677189
4 0.653528 0.228565 1.95705 677222
4 0.660673 0.228592 1.96312 677254
4 0.665993 0.228002 1.97197 677288
4 0.673541 0.226469 1.97866 677322
4 0.679933 0.22583 1.98298 677356
4 0.683696 0.225054 1.98928 677388
4 0.690543 0.218193 2.00585 677422
4 0.694952 0.218914 2.00943 677456
4 0.698455 0.217916 2.01493 677489
4 0.705413 0.217638 2.0201 677523
4 0.709891 0.215853 2.03011 677557
4 0.712511 0.215424 2.03296 677591
4 0.71982 0.215415 2.03869 677624
4 0.725377 0.214989 2.04112 677657
4 0.729273 0.213602 2.05 677690
4 0.73135 0.212566 2.0567 677723
4 0.732668 0.212281 2.06011 677756
4 0.73341 0.211653 2.06293 677789
4 0.73417 0.21075 2.07029 677821
4 0.734311 0.210504 2.07136 677855
4 0.734581 0.21045 2.0721 677889
4 0.734616 0.210385 2.07291 677922
4 0.734773 0.210118 2.07789 677956
4 0.733355 0.210623 2.07383 677990
4 0.732483 0.211879 2.06563 678023
4 0.732038 0.213142 2.05951 678058
4 0.731043 0.214376 2.05365 678091
4 0.728181 0.219061 2.05053 678125
4 0.725731 0.222648 2.04214 678160
4 0.721793 0.229662 2.03532 678193
4 0.719859 0.238472 2.02254 678226
4 0.715521 0.247688 2.00912 678260
4 0.71326 0.25443 1.99969 678294
4 0.708918 0.260234 1.99404 678328
4 0.702936 0.268601 1.9896 678361
4 0.699262 0.276569 1.98247 678394
4 0.694113 0.281946 1.98014 678429
4 0.68938 0.288953 1.97654 678462
4 0.686767 0.297258 1.96842 678496
4 0.682702 0.306356 1.96195 678530
4 0.676877 0.312681 1.96204 678564
4 0.672129 0.318383 1.9598 678596
4 0.668719 0.325591 1.95646 678629
4 0.664429 0.335223 1.95584 678662
4 0.659716 0.344646 1.95326 678695
4 0.655594 0.353215 1.94686 678728
4 0.651991 0.3618 1.94002 678763
4 0.650708 0.374136 1.93803 678796
4 0.646454 0.384053 1.93397 678829
4 0.643084 0.390606 1.93142 678862
4 0.640713 0.399325 1.93309 678896
4 0.638603 0.407787 1.9322 678928
4 0.634021 0.415453 1.92498 678961
4 0.630043 0.421967 1.9245 678995
4 0.627285 0.427747 1.92551 679029
4 0.624359 0.434541 1.92326 679062
4 0.620997 0.438627 1.92381 679095
4 0.619154 0.440853 1.92465 679128
4 0.617559 0.444944 1.92623 679161
4 0.614918 0.45016 1.92736 679195
4 0.612729 0.452743 1.9255 679229
4 0.610548 0.455448 1.92315 679263
4 0.608691 0.456828 1.92058 679297
4 0.610185 0.457554 1.92246 679330
4 0.611288 0.457206 1.92623 679365
4 0.612542 0.456828 1.92835 679398
4 0.617291 0.455257 1.93517 679431
4 0.620341 0.452701 1.93272 679464
4 0.627524 0.452652 1.93455 679498
4 0.63357 0.44956 1.93694 679530
4 0.641786 0.448191 1.93912 679564
4 0.649268 0.446377 1.94447 679595
4 0.658462 0.441465 1.95581 679628
4 0.664826 0.436129 1.96596 679662
4 0.673752 0.431554 1.96912 679695
4 0.680865 0.427778 1.97911 679728
4 0.68949 0.426559 1.98515 679760
4 0.696781 0.426179 1.9958 679792
4 0.704425 0.422553 2.00863 679825
4 0.711053 0.422302 2.01956 679858
4 0.71613 0.422246 2.02347 679892
4 0.722829 0.421038 2.02534 679926
4 0.728876 0.419316 2.04094 679959
4 0.731979 0.417868 2.05314 679993
4 0.735549 0.41912 2.05968 680027
4 0.737815 0.419866 2.06601 680059
4 0.742766 0.423042 2.07525 680093

5 0.618389 0.232456 1.95275 681729
5 0.61858 0.232147 1.95598 681763
5 0.618883 0.231767 1.95327 681796
5 0.619978 0.230957 1.95634 681829
5 0.620691 0.230976 1.96088 681863
5 0.623345 0.226893 1.96363 681897
5 0.625579 0.228306 1.96447 681931
5 0.628789 0.229138 1.96793 681965
5 0.631062 0.230039 1.97068 681999
5 0.636217 0.229174 1.97386 682033
5 0.642204 0.229682 1.97827 682067
5 0.646296 0.230555 1.97986 682100
5 0.65063 0.228499 1.9802 682135
5 0.659351 0.226538 1.9821 682168
5 0.664512 0.224699 1.99197 682203
5 0.667908 0.220033 1.99585 682236
5 0.674626 0.220647 1.99473 682269
5 0.681906 0.220309 2.0059 682302
5 0.685355 0.219766 2.01579 682335
5 0.693262 0.216349 2.01637 682369
5 0.698338 0.216699 2.02132 682402
5 0.701122 0.215928 2.02336 682436
5 0.70681 0.2146 2.0291 682453
5 0.710975 0.214718 2.03603 682503
5 0.715287 0.214944 2.04279 682536
5 0.717658 0.213868 2.04638 682553
5 0.718803 0.212474 2.05147 682603
5 0.718653 0.211796 2.05334 682635
5 0.722023 0.212571 2.06249 682669
5 0.721802 0.207784 2.06891 682703
5 0.722381 0.205673 2.07371 682721
5 0.728663 0.202755 2.07043 682755
5 0.731294 0.202201 2.0748 682790
5 0.732272 0.201739 2.07996 682823
5 0.73398 0.20381 2.08213 682857
5 0.733724 0.20414 2.08366 682891
5 0.734363 0.205301 2.08347 682924
5 0.73456 0.208026 2.07614 682957
5 0.734489 0.208967 2.07635 682992
5 0.734313 0.209041 2.0782 683025
5 0.733192 0.210197 2.07716 683058
5 0.731489 0.212618 2.06259 683092
5 0.727645 0.214281 2.05962 683127
5 0.724707 0.223782 2.05618 683159
5 0.721105 0.230427 2.04546 683193
5 0.718477 0.235894 2.0376 683226
5 0.715979 0.244427 2.0322 683259
5 0.710266 0.252233 2.02694 683292
5 0.707211 0.258688 2.02454 683325
5 0.702683 0.265917 2.01715 683358
5 0.698699 0.273492 2.00448 683391
5 0.693505 0.279424 1.99888 683424
5 0.692969 0.286721 1.98999 683456
5 0.689444 0.295116 1.98187 683490
5 0.685346 0.302045 1.97701 683522
5 0.682341 0.30847 1.97372 683572
5 0.677674 0.315148 1.97414 683588
5 0.67314 0.32328 1.97122 683621
5 0.670769 0.330495 1.96665 683670
5 0.667889 0.338544 1.96383 683703
5 0.662679 0.343239 1.96403 683735
5 0.659363 0.353117 1.96273 683768
5 0.656481 0.36108 1.95713 683801
5 0.653489 0.370094 1.95641 683833
5 0.650614 0.378588 1.94658 683865
5 0.645796 0.387881 1.94354 683898
5 0.642503 0.396166 1.94147 683932
5 0.639793 0.402434 1.93599 683967
5 0.634756 0.410744 1.94006 683999
5 0.631267 0.416741 1.94042 684033
5 0.629958 0.420164 1.94268 684067
5 0.627387 0.42284 1.94439 684100
5 0.625165 0.428665 1.94021 684134
5 0.623038 0.434619 1.93706 684168
5 0.620562 0.440728 1.93518 684202
5 0.618853 0.444368 1.93567 684235
5 0.616952 0.449138 1.93851 684268
5 0.617273 0.448487 1.94071 684302
5 0.615829 0.449009 1.94001 684334
5 0.614211 0.45105 1.94444 684366
5 0.612735 0.452105 1.94783 684398
5 0.609829 0.453879 1.94512 684431
5 0.608283 0.454066 1.94428 684466
5 0.60726 0.455979 1.9471 684498
5 0.607254 0.456882 1.94757 684530
5 0.608613 0.457174 1.95249 684562
5 0.607996 0.462056 1.94521 684595
5 0.610804 0.460813 1.95133 684629
5 0.614385 0.461662 1.95064 684661
5 0.61542 0.463232 1.95089 684695
5 0.618783 0.464287 1.95385 684729
5 0.622349 0.469746 1.95244 684763
5 0.63064 0.468888 1.95645 684796
5 0.635575 0.470393 1.9599 684829
5 0.642454 0.469868 1.96134 684862
5 0.649283 0.470396 1.9665 684895
5 0.654093 0.467817 1.97198 684927
5 0.661749 0.466254 1.97484 684960
5 0.666766 0.465172 1.98144 684993
5 0.67125 0.462362 1.98808 685026
5 0.677453 0.458685 1.99757 685059

6 0.616156 0.233204 1.95603 687503
6 0.616455 0.233257 1.95595 687535
6 0.617234 0.232536 1.96089 687568
6 0.618772 0.232223 1.96307 687601
6 0.618409 0.232292 1.96333 687633
6 0.620912 0.232475 1.96143 687666
6 0.623346 0.23095 1.96391 687700
6 0.626486 0.231053 1.96548 687732
6 0.629893 0.232419 1.97067 687765
6 0.632767 0.234216 1.96882 687798
6 0.637632 0.232994 1.96995 687832
6 0.642021 0.232533 1.97321 687864
6 0.648192 0.230497 1.9737 687898
6 0.65763 0.228899 1.97861 687933
6 0.663818 0.228429 1.98257 687966
6 0.668115 0.227704 1.98332 688000
6 0.675264 0.225966 1.98577 688034
6 0.680999 0.224973 1.99548 688067
6 0.687985 0.224269 1.99556 688101
6 0.693533 0.22207 2.00681 688134
6 0.698665 0.221723 2.01644 688168
6 0.701107 0.221049 2.02217 688201
6 0.708248 0.220303 2.02924 688234
6 0.712158 0.218501 2.032 688266
6 0.716249 0.218341 2.03733 688299
6 0.719051 0.218334 2.04201 688333
6 0.724228 0.216715 2.04664 688367
6 0.727773 0.215688 2.04781 688401
6 0.730824 0.213617 2.05648 688434
6 0.7324 0.21227 2.0644 688467
6 0.733225 0.211459 2.06879 688499
6 0.733336 0.210931 2.0718 688532
6 0.734104 0.210318 2.07772 688566
6 0.733858 0.210601 2.07713 688599
6 0.732897 0.211445 2.07044 688632
6 0.732533 0.21218 2.06577 688667
6 0.732066 0.213832 2.0557 688699
6 0.733508 0.214628 2.05939 688733
6 0.730275 0.216632 2.06486 688767
6 0.725727 0.217282 2.06243 688799
6 0.722009 0.221674 2.05266 688833
6 0.719901 0.228979 2.04243 688865
6 0.718393 0.234476 2.03584 688898
6 0.715183 0.23977 2.02516 688932
6 0.714306 0.248222 2.02132 688965
6 0.709998 0.25751 2.01253 688998
6 0.704468 0.265093 2.01278 689033
6 0.70144 0.273961 2.0024 689066
6 0.69845 0.281449 1.99419 689100
6 0.696551 0.289574 1.9853 689133
6 0.691222 0.297148 1.98156 689167
6 0.686557 0.308462 1.97815 689201
6 0.683629 0.315809 1.97498 689234
6 0.678759 0.323226 1.97521 689267
6 0.674601 0.333472 1.97039 689301
6 0.670695 0.341508 1.96673 689336
6 0.668812 0.350793 1.96653 689369
6 0.665662 0.359028 1.95975 689403
6 0.661259 0.373527 1.95236 689437
6 0.657853 0.379218 1.94939 689470
6 0.65523 0.384762 1.94445 689503
6 0.651927 0.396009 1.93515 689538
6 0.646864 0.403557 1.93156 689571
6 0.642816 0.410356 1.93157 689605
6 0.640885 0.416186 1.93178 689639
6 0.637855 0.42066 1.93313 689673
6 0.632547 0.426441 1.93245 689707
6 0.62885 0.430692 1.93331 689741
6 0.624921 0.435521 1.93135 689773
6 0.622861 0.439536 1.92813 689807
6 0.621339 0.441581 1.92958 689840
6 0.621467 0.442802 1.93062 689873
6 0.618933 0.445188 1.92663 689908
6 0.61627 0.447609 1.92232 689943
6 0.614787 0.448703 1.91972 689960
6 0.615449 0.448665 1.92319 689994
6 0.616263 0.44821 1.9262 690027
6 0.617108 0.448063 1.92912 690059
6 0.620772 0.447505 1.92889 690109
6 0.62334 0.447651 1.92977 690142
6 0.626022 0.448235 1.93249 690159
6 0.62994 0.448749 1.9341 690210
6 0.634154 0.448237 1.93408 690243
6 0.637533 0.448451 1.93596 690260
6 0.645655 0.448206 1.9372 690311
6 0.652257 0.445704 1.94785 690328
6 0.659884 0.446033 1.95026 690361
6 0.665583 0.443016 1.95903 690410
6 0.67258 0.442062 1.96855 690427
6 0.678604 0.438923 1.97289 690478
6 0.686474 0.436513 1.97488 690495
6 0.692366 0.436601 1.98516 690528
6 0.701061 0.434684 1.99341 690578
6 0.706428 0.434092 2.00032 690595
6 0.712727 0.432719 2.0105 690630
6 0.720327 0.431932 2.01968 690663
6 0.721419 0.43068 2.0256 690698
6 0.723157 0.429413 2.03571 690731
6 0.727044 0.430128 2.03771 690764
6 0.730969 0.431447 2.04177 690796
6 0.732465 0.43268 2.04475 690830

7 0.621777 0.231443 1.93992 692438
7 0.622748 0.231682 1.93956 692471
7 0.623913 0.23235 1.94054 692504
7 0.623787 0.230002 1.94197 692538
7 0.62442 0.227877 1.94238 692573
7 0.625284 0.227506 1.94708 692606
7 0.628223 0.229744 1.95399 692639
7 0.628765 0.229131 1.94724 692672
7 0.632835 0.228976 1.95308 692706
7 0.637369 0.226431 1.94827 692740
7 0.641388 0.227964 1.95841 692774
7 0.644865 0.229984 1.95946 692807
7 0.651135 0.225345 1.9617 692841
7 0.65563 0.222899 1.96367 692874
7 0.657494 0.220754 1.97174 692907
7 0.663222 0.22385 1.97571 692941
7 0.666783 0.22219 1.98002 692974
7 0.670039 0.222761 1.9874 693008
7 0.677043 0.22484 1.98843 693040
7 0.681647 0.22412 1.99222 693074
7 0.684723 0.223357 1.99871 693109
7 0.686334 0.223463 2.00338 693142
7 0.691005 0.221762 2.0098 693175
7 0.695638 0.219695 2.0164 693209
7 0.702825 0.219903 2.01772 693243
7 0.706896 0.218709 2.02471 693276
7 0.710089 0.216838 2.03176 693310
7 0.711971 0.216176 2.03174 693343
7 0.716137 0.217295 2.03553 693376
7 0.717627 0.215788 2.04067 693410
7 0.722897 0.215333 2.04248 693443
7 0.726915 0.214466 2.04842 693476
7 0.729082 0.214402 2.05021 693509
7 0.729943 0.211181 2.05853 693542
7 0.731051 0.21215 2.06528 693576
7 0.731615 0.211705 2.06853 693609
7 0.732186 0.210926 2.07296 693643
7 0.732396 0.211423 2.06959 693677
7 0.732331 0.212653 2.06444 693712
7 0.731628 0.213451 2.0572 693745
7 0.731777 0.213446 2.0579 693778
7 0.729035 0.216711 2.05505 693811
7 0.727261 0.218772 2.05762 693844
7 0.727543 0.222831 2.05206 693877
7 0.727971 0.228666 2.03892 693912
7 0.724186 0.235488 2.02772 693944
7 0.721524 0.23779 2.02905 693977
7 0.718993 0.243767 2.02771 694011
7 0.715628 0.251139 2.0139 694044
7 0.71514 0.257674 2.00901 694077
7 0.712841 0.265049 2.00676 694111
7 0.710513 0.272555 1.99721 694145
7 0.704822 0.28323 1.99049 694177
7 0.704691 0.292404 1.97129 694211
7 0.7055 0.295444 1.97058 694244
7 0.69781 0.303842 1.97189 694277
7 0.694564 0.310757 1.96502 694310
7 0.689409 0.31696 1.96637 694344
7 0.684674 0.324755 1.96365 694377
7 0.682711 0.334419 1.95164 694411
7 0.680572 0.34239 1.94602 694444
7 0.674693 0.348885 1.95243 694477
7 0.670569 0.356434 1.95514 694510
7 0.666671 0.362804 1.95032 694543
7 0.661184 0.374093 1.94695 694575
7 0.657141 0.38025 1.94324 694609
7 0.654908 0.388948 1.93871 694642
7 0.651922 0.398167 1.93029 694675
7 0.649865 0.40304 1.92594 694708
7 0.644572 0.409117 1.92512 694741
7 0.641204 0.416551 1.92489 694776
7 0.637852 0.420445 1.924 694809
7 0.637058 0.425191 1.92325 694842
7 0.633827 0.432812 1.92636 694876
7 0.630694 0.438495 1.92596 694911
7 0.628903 0.442044 1.92697 694944
7 0.626078 0.445281 1.92323 694977
7 0.624711 0.446284 1.92023 695011
7 0.624943 0.448112 1.91861 695045
7 0.624682 0.446826 1.92268 695078
7 0.623894 0.448949 1.92551 695111
7 0.624172 0.449744 1.92774 695145
7 0.624283 0.450611 1.92614 695179
7 0.624648 0.450968 1.92563 695213
7 0.622865 0.452876 1.92386 695246
7 0.622361 0.454272 1.92467 695280
7 0.622906 0.453561 1.92594 695297
7 0.623141 0.451098 1.92381 695348
7 0.624575 0.452078 1.92663 695381
7 0.625991 0.455921 1.92523 695397
7 0.630587 0.455964 1.92751 695448
7 0.635418 0.454405 1.93079 695465
7 0.641935 0.456362 1.93012 695499
7 0.645564 0.45718 1.93614 695549
7 0.651701 0.455817 1.94633 695565
7 0.658505 0.454468 1.95284 695599
7 0.662941 0.453407 1.95565 695649
7 0.667291 0.449393 1.96421 695665
7 0.673228 0.45126 1.97069 695697
7 0.679282 0.449058 1.98174 695746
7 0.687132 0.448634 1.98223 695780

8 0.617822 0.233674 1.93524 698342
8 0.617594 0.233337 1.93959 698375
8 0.61818 0.233066 1.94123 698408
8 0.6185 0.234138 1.93828 698441
8 0.617289 0.234633 1.93823 698476
8 0.620049 0.230313 1.93716 698509
8 0.619913 0.231414 1.9393 698542
8 0.622322 0.230597 1.94997 698575
8 0.62441 0.232052 1.9534 698608
8 0.626491 0.228636 1.95226 698642
8 0.633089 0.226011 1.94773 698675
8 0.637081 0.226667 1.95531 698708
8 0.639639 0.227591 1.96304 698742
8 0.643032 0.22426 1.96725 698776
8 0.648661 0.222957 1.97141 698808
8 0.654654 0.224195 1.97573 698842
8 0.661744 0.223383 1.97776 698875
8 0.666116 0.220078 1.98248 698908
8 0.672524 0.220793 1.98903 698940
8 0.679602 0.222428 1.99205 698972
8 0.684055 0.221274 2.0051 699005
8 0.689895 0.220015 2.01327 699038
8 0.696732 0.216094 2.01688 699071
8 0.700409 0.217422 2.02035 699105
8 0.705729 0.215753 2.02599 699139
8 0.709621 0.216215 2.03077 699172
8 0.713038 0.216376 2.03668 699206
8 0.715062 0.2157 2.04047 699238
8 0.721037 0.213846 2.04342 699272
8 0.725636 0.214258 2.04555 699305
8 0.728182 0.214682 2.04612 699339
8 0.730312 0.213714 2.05305 699372
8 0.731426 0.213289 2.05645 699404
8 0.73298 0.212165 2.06457 699437
8 0.73328 0.211137 2.07054 699470
8 0.733521 0.210925 2.07472 699504
8 0.735087 0.208083 2.0673 699538
8 0.735295 0.209801 2.06417 699570
8 0.736522 0.21192 2.06719 699603
8 0.735842 0.21334 2.06592 699637
8 0.733613 0.21376 2.05779 699672
8 0.733003 0.214332 2.05387 699704
8 0.734151 0.216282 2.05483 699738
8 0.728503 0.21733 2.05062 699770
8 0.722661 0.221826 2.04305 699804
8 0.719806 0.228375 2.04018 699837
8 0.717935 0.233252 2.03593 699872
8 0.715887 0.237456 2.0308 699905
8 0.710032 0.245086 2.02325 699938
8 0.705069 0.251208 2.01566 699972
8 0.700662 0.255542 2.00684 700007
8 0.697271 0.257873 2.00044 700040
8 0.692954 0.264515 1.99413 700073
8 0.689351 0.274651 1.98709 700107
8 0.686469 0.280874 1.98089 700140
8 0.682247 0.286994 1.97068 700173
8 0.67673 0.295907 1.96663 700207
8 0.673502 0.305115 1.96565 700241
8 0.670123 0.315336 1.96118 700276
8 0.666109 0.32289 1.95632 700309
8 0.66325 0.331596 1.95455 700343
8 0.659188 0.341156 1.95264 700376
8 0.656218 0.352811 1.94695 700410
8 0.653367 0.360528 1.9409 700442
8 0.649588 0.365711 1.93475 700476
8 0.645779 0.377466 1.93129 700509
8 0.64272 0.385804 1.92889 700541
8 0.639181 0.393615 1.93025 700575
8 0.633141 0.400886 1.92807 700608
8 0.629199 0.408138 1.92599 700642
8 0.626128 0.414793 1.92893 700675
8 0.622238 0.422316 1.93249 700710
8 0.619121 0.430973 1.92885 700743
8 0.614565 0.438258 1.92792 700776
8 0.611106 0.444674 1.92875 700811
8 0.608447 0.447752 1.93223 700844
8 0.607391 0.451608 1.93434 700879
8 0.605861 0.455107 1.93476 700912
8 0.603788 0.45874 1.93436 700946
8 0.602204 0.461287 1.93295 700980
8 0.601373 0.463193 1.93182 701013
8 0.601436 0.464378 1.93404 701046
8 0.602752 0.464482 1.93334 701079
8 0.604434 0.46129 1.93771 701113
8 0.608542 0.46121 1.93605 701145
8 0.613842 0.454704 1.94215 701179
8 0.619275 0.453305 1.94406 701211
8 0.627606 0.452669 1.94612 701244
8 0.633881 0.450636 1.95399 701277
8 0.643803 0.448698 1.95011 701309
8 0.651006 0.445608 1.96063 701341
8 0.658213 0.442628 1.96968 701375
8 0.665047 0.442842 1.97441 701410
8 0.673613 0.441383 1.98214 701443
8 0.67934 0.43811 1.98937 701476
8 0.684156 0.434267 1.99589 701509
8 0.691557 0.433401 2.00456 701543
8 0.698027 0.432443 2.01916 701575
8 0.704692 0.43228 2.01615 701607
8 0.711122 0.432878 2.02261 701641
8 0.716778 0.430196 2.02262 701674

9 0.616123 0.229444 1.94894 703674
9 0.615856 0.230595 1.94765 703708
9 0.618043 0.231288 1.94892 703742
9 0.619055 0.232473 1.95061 703775
9 0.620012 0.232261 1.95678 703809
9 0.622892 0.231347 1.95884 703841
9 0.624525 0.230084 1.96359 703873
9 0.629344 0.231636 1.96517 703908
9 0.635437 0.224722 1.96574 703942
9 0.642064 0.225305 1.97125 703975
9 0.648315 0.225769 1.97385 704010
9 0.653303 0.225689 1.97737 704043
9 0.660724 0.221913 1.9839 704077
9 0.665552 0.220009 1.98588 704111
9 0.673253 0.219249 1.99805 704145
9 0.680858 0.221064 2.00586 704179
9 0.684688 0.217679 2.01483 704212
9 0.692682 0.211416 2.02084 704246
9 0.69773 0.207637 2.02757 704280
9 0.707271 0.20621 2.02856 704314
9 0.712648 0.203495 2.03186 704348
9 0.71652 0.206156 2.04176 704383
9 0.717258 0.206132 2.04749 704416
9 0.718977 0.207649 2.05773 704450
9 0.724043 0.206838 2.06923 704483
9 0.727913 0.208947 2.07085 704518
9 0.731532 0.209218 2.07512 704550
9 0.733369 0.209023 2.08212 704583
9 0.734636 0.209032 2.08584 704617
9 0.735536 0.208384 2.08973 704651
9 0.737831 0.209094 2.0933 704684
9 0.739002 0.209403 2.09828 704718
9 0.738047 0.208041 2.10108 704753
9 0.737216 0.209045 2.09912 704787
9 0.736406 0.208352 2.09764 704820
9 0.735825 0.208466 2.09565 704855
9 0.735134 0.20915 2.08883 704888
9 0.735931 0.211248 2.08587 704922
9 0.736599 0.212399 2.08381 704939
9 0.734317 0.215386 2.07811 704989
9 0.731684 0.223711 2.05955 705022
9 0.73041 0.229899 2.04752 705039
9 0.729956 0.233448 2.041 705087
9 0.725515 0.237001 2.03781 705119
9 0.72165 0.248263 2.03038 705152
9 0.716548 0.258717 2.02025 705185
9 0.713294 0.266911 2.01782 705218
9 0.709647 0.278464 2.00862 705251
9 0.704978 0.290444 1.99804 705284
9 0.700567 0.301615 1.98813 705318
9 0.696351 0.314816 1.97909 705351
9 0.690282 0.324692 1.97361 705384
9 0.68491 0.336094 1.96761 705418
9 0.682397 0.349799 1.95908 705451
9 0.676375 0.359992 1.95415 705484
9 0.67188 0.37181 1.95005 705517
9 0.667382 0.381579 1.9396 705550
9 0.660546 0.390744 1.93912 705583
9 0.653736 0.399073 1.93587 705616
9 0.650338 0.409555 1.92728 705649
9 0.64493 0.418939 1.92374 705683
9 0.640338 0.427654 1.92509 705716
9 0.636761 0.434224 1.92595 705749
9 0.632327 0.44032 1.92438 705782
9 0.629891 0.443838 1.92594 705815
9 0.62661 0.45189 1.92097 705849
9 0.625454 0.458502 1.92139 705882
9 0.621625 0.461705 1.92718 705915
9 0.618033 0.463767 1.92432 705948
9 0.616433 0.465935 1.92386 705981
9 0.615675 0.466261 1.92346 706013
9 0.615472 0.467229 1.92456 706048
9 0.615156 0.467821 1.92361 706080
9 0.617959 0.469131 1.92621 706114
9 0.621433 0.467252 1.92621 706148
9 0.626201 0.466914 1.92511 706182
9 0.631497 0.466619 1.92791 706215
9 0.638897 0.465535 1.93058 706249
9 0.644376 0.463609 1.93565 706283
9 0.648918 0.460455 1.94691 706318
9 0.657057 0.457165 1.95431 706351
9 0.663087 0.452985 1.96433 706384
9 0.670728 0.450373 1.96885 706418
9 0.676359 0.447118 1.97667 706450
9 0.683292 0.445025 1.98423 706484
9 0.691637 0.445237 1.99311 706517
9 0.697859 0.445664 2.00424 706551
9 0.705258 0.442166 2.01247 706584
9 0.710243 0.436831 2.01872 706618
9 0.714563 0.436855 2.02777 706650
9 0.722239 0.433558 2.03644 706684
9 0.724425 0.431527 2.04361 706717
9 0.726414 0.42991 2.05649 706750
9 0.730379 0.429482 2.06232 706784
9 0.73427 0.429144 2.0749 706817
9 0.736147 0.428533 2.07667 706850
9 0.738586 0.428786 2.08503 706884
9 0.741293 0.428184 2.08849 706917
9 0.741916 0.429927 2.09419 706951
9 0.7429 0.428408 2.09263 706985

