Gesto: 2
0 0.524902 0.153632 1.81382 1.10630e+06
0 0.526652 0.155863 1.81691 1.10634e+06
0 0.527821 0.154458 1.8128 1.10637e+06
0 0.529669 0.152317 1.80695 1.10639e+06
0 0.529281 0.152336 1.81064 1.10644e+06
0 0.530539 0.151219 1.80804 1.10647e+06
0 0.534135 0.148994 1.80905 1.10649e+06
0 0.541108 0.148765 1.80852 1.10654e+06
0 0.548462 0.147692 1.80658 1.10657e+06
0 0.556687 0.144101 1.80703 1.10659e+06
0 0.569121 0.14218 1.81129 1.10664e+06
0 0.58183 0.141168 1.81626 1.10666e+06
0 0.593587 0.135542 1.81806 1.1067e+06
0 0.607309 0.131416 1.81873 1.10673e+06
0 0.6198 0.129243 1.82008 1.10677e+06
0 0.629623 0.129289 1.81908 1.1068e+06
0 0.63446 0.129823 1.81973 1.10683e+06
0 0.633756 0.13495 1.82036 1.10687e+06
0 0.629893 0.140122 1.82052 1.1069e+06
0 0.623452 0.147797 1.82205 1.10694e+06
0 0.611301 0.159776 1.81851 1.10697e+06
0 0.598629 0.173374 1.8186 1.107e+06
0 0.584752 0.188785 1.81947 1.10704e+06
0 0.567253 0.204379 1.82226 1.10707e+06
0 0.55347 0.221652 1.82913 1.10710e+06
0 0.540382 0.233926 1.83302 1.10714e+06
0 0.530092 0.244923 1.82691 1.10717e+06
0 0.525939 0.254812 1.83528 1.10721e+06
0 0.524217 0.260872 1.83977 1.10724e+06
0 0.528662 0.264207 1.84268 1.10727e+06
0 0.534536 0.265913 1.83962 1.10731e+06
0 0.544213 0.265778 1.84242 1.10734e+06
0 0.555201 0.262219 1.8384 1.10737e+06
0 0.574605 0.258285 1.83496 1.10741e+06
0 0.5921 0.256176 1.83387 1.10744e+06
0 0.610271 0.25495 1.83094 1.10746e+06
0 0.626763 0.254666 1.82905 1.10751e+06
0 0.639677 0.256454 1.82469 1.10753e+06
0 0.64834 0.257129 1.82311 1.10756e+06
0 0.652594 0.257495 1.81774 1.10759e+06
0 0.654328 0.257044 1.81747 1.10763e+06

1 0.398484 0.157 1.88385 1.10824e+06
1 0.391386 0.15035 1.88534 1.10827e+06
1 0.387257 0.147157 1.88442 1.10831e+06
1 0.385088 0.145575 1.88319 1.10834e+06
1 0.384016 0.144276 1.8817 1.10837e+06
1 0.386649 0.146002 1.87654 1.10841e+06
1 0.387688 0.148943 1.87507 1.10844e+06
1 0.391386 0.148969 1.86687 1.10847e+06
1 0.398775 0.14929 1.85997 1.10851e+06
1 0.40891 0.149203 1.85623 1.10854e+06
1 0.422594 0.149301 1.84639 1.10857e+06
1 0.438969 0.150514 1.84152 1.10861e+06
1 0.452417 0.152795 1.83648 1.10864e+06
1 0.461315 0.154697 1.8314 1.10868e+06
1 0.467695 0.157699 1.82771 1.1087e+06
1 0.469855 0.162748 1.83108 1.10873e+06
1 0.467151 0.165746 1.83289 1.10877e+06
1 0.462077 0.168649 1.83748 1.1088e+06
1 0.452721 0.176273 1.84375 1.10883e+06
1 0.440709 0.186594 1.85828 1.10887e+06
1 0.4252 0.196962 1.8672 1.1089e+06
1 0.409897 0.205042 1.87594 1.10893e+06
1 0.397136 0.211296 1.88667 1.10897e+06
1 0.387734 0.219607 1.89097 1.109e+06
1 0.38133 0.225766 1.89336 1.10903e+06
1 0.378623 0.227736 1.89449 1.10907e+06
1 0.379073 0.23046 1.89735 1.1091e+06
1 0.383101 0.230598 1.90006 1.10914e+06
1 0.388389 0.232318 1.8973 1.10917e+06
1 0.39884 0.23283 1.88753 1.1092e+06
1 0.414015 0.233091 1.87171 1.10924e+06
1 0.429942 0.235965 1.86092 1.10927e+06
1 0.447776 0.236982 1.85098 1.10930e+06
1 0.466855 0.239494 1.84385 1.10934e+06
1 0.481954 0.240201 1.83615 1.10937e+06
1 0.490977 0.242841 1.82864 1.10941e+06

2 0.494323 0.318607 1.87151 1.10988e+06
2 0.490158 0.321087 1.87422 1.10989e+06
2 0.488053 0.322711 1.87413 1.10994e+06
2 0.487273 0.326622 1.87284 1.10996e+06
2 0.490839 0.3294 1.87472 1.11e+06
2 0.497595 0.332662 1.87229 1.11003e+06
2 0.506984 0.33427 1.86739 1.11006e+06
2 0.518201 0.336033 1.85994 1.1101e+06
2 0.532384 0.335693 1.85238 1.11013e+06
2 0.547702 0.333291 1.84961 1.11016e+06
2 0.563297 0.334641 1.84832 1.1102e+06
2 0.57417 0.337026 1.84581 1.11023e+06
2 0.581395 0.339922 1.84687 1.11026e+06
2 0.587225 0.343219 1.84898 1.1103e+06
2 0.588509 0.34411 1.84997 1.11033e+06
2 0.588146 0.347426 1.84705 1.11037e+06
2 0.582487 0.349439 1.84397 1.1104e+06
2 0.5745 0.351003 1.84078 1.11043e+06
2 0.562198 0.357745 1.85086 1.11047e+06
2 0.546625 0.365678 1.86044 1.1105e+06
2 0.528109 0.374794 1.87354 1.11054e+06
2 0.508573 0.382574 1.87985 1.11057e+06
2 0.489758 0.395765 1.89023 1.1106e+06
2 0.478404 0.408088 1.90691 1.11064e+06
2 0.46662 0.416455 1.90727 1.11067e+06
2 0.45989 0.420962 1.90381 1.1107e+06
2 0.457555 0.425817 1.90791 1.11074e+06
2 0.456475 0.426887 1.90081 1.11077e+06
2 0.462113 0.426493 1.90624 1.1108e+06
2 0.473005 0.428105 1.90822 1.11083e+06
2 0.486785 0.429603 1.90047 1.11087e+06
2 0.504905 0.432421 1.89971 1.1109e+06
2 0.525684 0.436235 1.90103 1.11094e+06
2 0.548198 0.439868 1.90098 1.11097e+06
2 0.567753 0.443091 1.90234 1.111e+06
2 0.579594 0.44365 1.89639 1.11104e+06

3 0.643376 0.335763 1.91947 1.1115e+06
3 0.645385 0.337645 1.91805 1.11153e+06
3 0.646777 0.338109 1.92131 1.11156e+06
3 0.647653 0.338748 1.92113 1.1116e+06
3 0.651789 0.336926 1.9196 1.11163e+06
3 0.658217 0.33539 1.92007 1.11166e+06
3 0.669576 0.334374 1.92047 1.1117e+06
3 0.683259 0.334137 1.92725 1.11173e+06
3 0.696884 0.334326 1.92824 1.11178e+06
3 0.707859 0.332561 1.92901 1.1118e+06
3 0.715803 0.332465 1.93717 1.11183e+06
3 0.723634 0.33203 1.93893 1.11188e+06
3 0.728201 0.331824 1.93616 1.11191e+06
3 0.729601 0.33074 1.94102 1.11193e+06
3 0.727625 0.333068 1.94509 1.11198e+06
3 0.724791 0.334171 1.9417 1.11201e+06
3 0.719474 0.341316 1.94319 1.11203e+06
3 0.708784 0.346535 1.94909 1.11208e+06
3 0.695353 0.355413 1.9478 1.1121e+06
3 0.681505 0.369816 1.94991 1.11213e+06
3 0.663718 0.385749 1.95559 1.11216e+06
3 0.647902 0.401627 1.96823 1.1122e+06
3 0.636313 0.413042 1.976 1.11223e+06
3 0.629743 0.424414 1.97937 1.11226e+06
3 0.627368 0.430327 1.98262 1.1123e+06
3 0.629068 0.432697 1.98268 1.11233e+06
3 0.636199 0.431249 1.9821 1.11236e+06
3 0.647889 0.428012 1.97485 1.1124e+06
3 0.661524 0.426709 1.97101 1.11243e+06
3 0.676553 0.424665 1.96653 1.11246e+06
3 0.695265 0.424183 1.9682 1.1125e+06
3 0.712714 0.42232 1.96533 1.11254e+06
3 0.727331 0.423994 1.96766 1.11257e+06

4 0.326158 0.226759 1.92385 1.1135e+06
4 0.323529 0.226478 1.92412 1.11353e+06
4 0.322607 0.227403 1.91728 1.11357e+06
4 0.323381 0.229873 1.91664 1.1136e+06
4 0.325575 0.232981 1.90654 1.11363e+06
4 0.330305 0.23353 1.89942 1.11367e+06
4 0.340154 0.239618 1.88669 1.1137e+06
4 0.353328 0.244465 1.86794 1.11374e+06
4 0.366653 0.248911 1.8517 1.11377e+06
4 0.377728 0.254416 1.84066 1.1138e+06
4 0.386869 0.261485 1.82769 1.11384e+06
4 0.392977 0.269679 1.82969 1.11387e+06
4 0.393943 0.277808 1.83001 1.1139e+06
4 0.392625 0.283376 1.83303 1.11394e+06
4 0.386281 0.285981 1.83707 1.11397e+06
4 0.378072 0.289323 1.84436 1.114e+06
4 0.368383 0.289135 1.86073 1.11404e+06
4 0.356778 0.292999 1.8791 1.11407e+06
4 0.343892 0.297972 1.8934 1.1141e+06
4 0.333185 0.305757 1.90817 1.11414e+06
4 0.323265 0.312706 1.91911 1.11417e+06
4 0.316263 0.316204 1.93171 1.11420e+06
4 0.310997 0.322736 1.93807 1.11424e+06
4 0.308205 0.326822 1.93565 1.11427e+06
4 0.309352 0.33079 1.93098 1.11431e+06
4 0.313183 0.332914 1.92998 1.11434e+06
4 0.321737 0.34011 1.92414 1.11437e+06
4 0.329427 0.342353 1.92231 1.11441e+06
4 0.344169 0.346032 1.90769 1.11444e+06
4 0.358883 0.348809 1.89805 1.11448e+06
4 0.379186 0.355795 1.88515 1.11451e+06
4 0.397062 0.36047 1.8757 1.11454e+06
4 0.411314 0.369572 1.87417 1.11458e+06
4 0.418854 0.377817 1.87271 1.11461e+06

5 0.69326 0.159281 1.91346 1.11668e+06
5 0.685853 0.16205 1.92392 1.11671e+06
5 0.682874 0.165698 1.92987 1.11675e+06
5 0.681473 0.164265 1.92802 1.11678e+06
5 0.68253 0.162834 1.92462 1.11681e+06
5 0.690082 0.159711 1.91674 1.11684e+06
5 0.700424 0.157743 1.90967 1.11688e+06
5 0.718137 0.155811 1.91313 1.11691e+06
5 0.737798 0.155722 1.91899 1.11695e+06
5 0.752558 0.152734 1.91708 1.11698e+06
5 0.770145 0.148842 1.91944 1.117e+06
5 0.783237 0.147309 1.9241 1.11705e+06
5 0.790715 0.150388 1.92674 1.11708e+06
5 0.795989 0.153137 1.92934 1.11712e+06
5 0.797112 0.154624 1.92387 1.11715e+06
5 0.792774 0.160469 1.92841 1.11718e+06
5 0.783368 0.166245 1.92631 1.11721e+06
5 0.773489 0.177867 1.92041 1.11725e+06
5 0.760524 0.19127 1.9155 1.11728e+06
5 0.746953 0.214143 1.9085 1.11731e+06
5 0.73305 0.23633 1.90478 1.11735e+06
5 0.721991 0.256468 1.90645 1.11738e+06
5 0.715407 0.271808 1.90051 1.11741e+06
5 0.709973 0.28309 1.89822 1.11745e+06
5 0.708442 0.29081 1.90099 1.11748e+06
5 0.712695 0.293995 1.90525 1.11752e+06
5 0.719875 0.29094 1.90766 1.11755e+06
5 0.731378 0.285893 1.91188 1.11758e+06
5 0.744936 0.277435 1.91641 1.11762e+06
5 0.758557 0.269773 1.92536 1.11765e+06
5 0.776965 0.265043 1.93086 1.11768e+06
5 0.793153 0.262433 1.93335 1.1177e+06
5 0.807731 0.261414 1.93415 1.11775e+06
5 0.819813 0.259542 1.93336 1.11778e+06

6 0.239311 0.17208 1.92007 1.11938e+06
6 0.239706 0.172221 1.9195 1.11941e+06
6 0.238553 0.172295 1.91163 1.11945e+06
6 0.240226 0.173068 1.91146 1.11948e+06
6 0.244463 0.173192 1.90022 1.11951e+06
6 0.252174 0.173587 1.89441 1.11954e+06
6 0.26166 0.17524 1.88913 1.11958e+06
6 0.272851 0.173615 1.87698 1.11961e+06
6 0.286007 0.171613 1.86464 1.11964e+06
6 0.299181 0.172915 1.84974 1.11968e+06
6 0.31435 0.174201 1.84367 1.11971e+06
6 0.327853 0.179897 1.83878 1.11975e+06
6 0.33717 0.182404 1.83425 1.11978e+06
6 0.342503 0.184792 1.83029 1.11981e+06
6 0.341639 0.189243 1.83188 1.11984e+06
6 0.338268 0.191463 1.83972 1.11988e+06
6 0.333324 0.197208 1.84738 1.11991e+06
6 0.321487 0.205315 1.85857 1.11995e+06
6 0.311141 0.212335 1.87046 1.11998e+06
6 0.29611 0.222043 1.88318 1.12001e+06
6 0.28171 0.232568 1.89379 1.12004e+06
6 0.267781 0.242916 1.90283 1.12008e+06
6 0.252361 0.254146 1.9072 1.12011e+06
6 0.239157 0.263835 1.90982 1.12015e+06
6 0.229716 0.272091 1.90849 1.12018e+06
6 0.223878 0.278078 1.91933 1.12022e+06
6 0.22077 0.280747 1.92305 1.12025e+06
6 0.225107 0.286305 1.91598 1.12028e+06
6 0.229076 0.289662 1.91072 1.12032e+06
6 0.236418 0.288138 1.91044 1.12035e+06
6 0.24722 0.286355 1.90883 1.12038e+06
6 0.258445 0.289392 1.90259 1.12042e+06
6 0.277095 0.287179 1.89698 1.12045e+06
6 0.294844 0.291257 1.87817 1.12048e+06
6 0.313825 0.293779 1.87817 1.12052e+06
6 0.331186 0.296953 1.87203 1.12055e+06
6 0.342342 0.304894 1.86598 1.12058e+06

7 0.487322 0.398731 1.87678 1.12351e+06
7 0.486299 0.40011 1.87852 1.12355e+06
7 0.486171 0.401323 1.88072 1.12358e+06
7 0.489281 0.400479 1.87961 1.12362e+06
7 0.491804 0.401662 1.87834 1.12365e+06
7 0.498109 0.40234 1.87622 1.12368e+06
7 0.511035 0.402142 1.87248 1.12371e+06
7 0.521793 0.402685 1.8686 1.12375e+06
7 0.539269 0.403144 1.86778 1.12378e+06
7 0.560953 0.404224 1.87259 1.12381e+06
7 0.58076 0.406305 1.87576 1.12385e+06
7 0.593753 0.40882 1.87494 1.12388e+06
7 0.600673 0.413232 1.88395 1.12391e+06
7 0.602182 0.417465 1.88748 1.12395e+06
7 0.599015 0.42131 1.88864 1.12398e+06
7 0.589448 0.428973 1.89543 1.12402e+06
7 0.575214 0.436518 1.90538 1.12405e+06
7 0.558222 0.450293 1.9147 1.12408e+06
7 0.539774 0.463116 1.91892 1.12412e+06
7 0.525314 0.474243 1.92932 1.12415e+06
7 0.51131 0.483093 1.93469 1.12418e+06
7 0.502817 0.488385 1.94357 1.12422e+06
7 0.500091 0.492929 1.95312 1.12425e+06
7 0.498637 0.497222 1.95664 1.12428e+06
7 0.49974 0.501891 1.95767 1.12432e+06
7 0.503821 0.506102 1.94845 1.12435e+06
7 0.511953 0.5106 1.94226 1.12439e+06
7 0.528509 0.517155 1.94011 1.12442e+06
7 0.548754 0.5245 1.94205 1.12446e+06
7 0.573022 0.531804 1.94002 1.12449e+06
7 0.595122 0.538982 1.93637 1.12450e+06
7 0.615061 0.540149 1.93421 1.12456e+06
7 0.627604 0.542453 1.93186 1.12457e+06
7 0.63469 0.545122 1.93431 1.12461e+06

8 0.229471 0.419844 2.02994 1.12699e+06
8 0.226442 0.421067 2.0349 1.12702e+06
8 0.224209 0.427063 2.0471 1.12706e+06
8 0.223795 0.430852 2.05056 1.12709e+06
8 0.224031 0.432042 2.04828 1.12712e+06
8 0.226847 0.431421 2.04044 1.12716e+06
8 0.233148 0.43094 2.03546 1.12719e+06
8 0.242358 0.430579 2.0314 1.12722e+06
8 0.25481 0.430735 2.02957 1.12725e+06
8 0.266886 0.431964 2.0332 1.12729e+06
8 0.274383 0.432965 2.0325 1.12732e+06
8 0.277898 0.435172 2.04738 1.12735e+06
8 0.277019 0.436348 2.0548 1.12739e+06
8 0.271457 0.443923 2.06589 1.12742e+06
8 0.260768 0.450744 2.07066 1.12746e+06
8 0.25076 0.460674 2.08838 1.12749e+06
8 0.241258 0.469049 2.09681 1.12752e+06
8 0.234007 0.477552 2.11598 1.12756e+06
8 0.225397 0.485561 2.12776 1.12759e+06
8 0.219532 0.491966 2.13041 1.12761e+06
8 0.216045 0.496557 2.13084 1.12766e+06
8 0.220953 0.501509 2.13482 1.12768e+06
8 0.229992 0.506762 2.13551 1.12771e+06
8 0.237473 0.511431 2.13875 1.12776e+06
8 0.250829 0.51505 2.13714 1.12778e+06
8 0.264612 0.522418 2.131 1.12781e+06
8 0.276518 0.528295 2.12576 1.12786e+06
8 0.285321 0.528792 2.12838 1.12788e+06
8 0.289705 0.528345 2.12947 1.12791e+06

9 0.292229 0.131076 2.26376 1.12922e+06
9 0.289403 0.131721 2.2669 1.12925e+06
9 0.289882 0.128587 2.26913 1.12928e+06
9 0.295949 0.129519 2.26485 1.12932e+06
9 0.307394 0.130712 2.25604 1.12935e+06
9 0.320893 0.132925 2.24962 1.12938e+06
9 0.338332 0.132138 2.22815 1.12942e+06
9 0.361779 0.127857 2.20556 1.12945e+06
9 0.388519 0.121035 2.20193 1.12949e+06
9 0.421978 0.11296 2.18617 1.12952e+06
9 0.461267 0.110548 2.16407 1.12955e+06
9 0.505207 0.109868 2.14055 1.12959e+06
9 0.538591 0.108134 2.15499 1.12962e+06
9 0.57263 0.109091 2.16914 1.12966e+06
9 0.606052 0.110295 2.18164 1.12969e+06
9 0.638365 0.115446 2.19429 1.12972e+06
9 0.661006 0.122817 2.1949 1.12976e+06
9 0.676694 0.13187 2.20235 1.12979e+06
9 0.683415 0.144649 2.20525 1.12982e+06
9 0.684101 0.153154 2.19853 1.12985e+06
9 0.679185 0.164226 2.19205 1.12989e+06
9 0.667692 0.182864 2.17594 1.12992e+06
9 0.649123 0.205318 2.14531 1.12996e+06
9 0.626477 0.234 2.14024 1.12999e+06
9 0.596717 0.258736 2.14723 1.13002e+06
9 0.56993 0.282377 2.14911 1.13006e+06
9 0.534965 0.320301 2.16791 1.13009e+06
9 0.503384 0.354812 2.17649 1.13012e+06
9 0.470946 0.384397 2.17122 1.13016e+06
9 0.439333 0.408387 2.17465 1.13019e+06
9 0.409851 0.439071 2.18522 1.13022e+06
9 0.383412 0.465173 2.19618 1.13026e+06
9 0.362047 0.487534 2.21425 1.13029e+06
9 0.341181 0.511437 2.24283 1.13032e+06
9 0.321679 0.53292 2.26351 1.13036e+06
9 0.303724 0.554087 2.28274 1.13039e+06
9 0.286461 0.574046 2.31032 1.13042e+06
9 0.276159 0.594856 2.32511 1.13046e+06
9 0.26513 0.60919 2.3356 1.13049e+06
9 0.257942 0.621818 2.34968 1.13052e+06
9 0.253772 0.624413 2.34888 1.13056e+06
9 0.257168 0.623507 2.34356 1.13059e+06
9 0.262489 0.624677 2.33452 1.13062e+06
9 0.27271 0.629555 2.3325 1.13066e+06
9 0.291239 0.626324 2.31545 1.13069e+06
9 0.311924 0.630356 2.29085 1.13072e+06
9 0.331473 0.632638 2.26804 1.13076e+06
9 0.356006 0.635843 2.24968 1.13079e+06
9 0.392972 0.637853 2.21616 1.13082e+06
9 0.426074 0.638336 2.19737 1.13086e+06
9 0.458583 0.638302 2.19351 1.13089e+06
9 0.490792 0.636409 2.17764 1.13092e+06
9 0.519977 0.637325 2.17189 1.13096e+06
9 0.549906 0.637646 2.17084 1.13099e+06
9 0.578765 0.636257 2.18317 1.13102e+06
9 0.605005 0.634626 2.19011 1.13106e+06
9 0.633404 0.631537 2.21052 1.13109e+06
9 0.657615 0.628068 2.22143 1.13112e+06
9 0.680616 0.62277 2.22896 1.13115e+06
9 0.701069 0.619363 2.24291 1.13119e+06
9 0.721297 0.615875 2.25757 1.13122e+06
9 0.733536 0.612338 2.25644 1.13125e+06
9 0.741727 0.607049 2.25403 1.13128e+06

