Gesto: 3
0 0.260316 0.184204 1.71538 431922
0 0.259377 0.183189 1.7183 431956
0 0.260902 0.184217 1.7212 431990
0 0.265008 0.185623 1.72575 432024
0 0.2653 0.182652 1.72602 432058
0 0.26679 0.180198 1.72412 432089
0 0.268551 0.178044 1.72455 432123
0 0.270667 0.171243 1.72055 432157
0 0.27441 0.168206 1.72205 432189
0 0.279359 0.164937 1.71964 432222
0 0.285813 0.163071 1.71985 432256
0 0.294104 0.163182 1.72005 432290
0 0.300643 0.167525 1.72157 432322
0 0.308454 0.172225 1.7178 432356
0 0.314038 0.18096 1.71203 432389
0 0.317956 0.191316 1.70101 432422
0 0.31961 0.203741 1.69607 432456
0 0.318845 0.220335 1.69414 432490
0 0.316947 0.230644 1.68912 432524
0 0.311039 0.24005 1.67969 432558
0 0.305159 0.248464 1.67945 432592
0 0.301807 0.252509 1.68297 432625
0 0.300258 0.255053 1.68559 432658
0 0.299784 0.256244 1.68625 432692
0 0.299622 0.256508 1.68469 432726
0 0.299316 0.253531 1.6866 432760
0 0.304727 0.252122 1.68723 432794
0 0.312695 0.253863 1.68642 432811
0 0.318286 0.254622 1.68333 432862
0 0.323766 0.256198 1.69113 432879
0 0.331032 0.263845 1.69425 432913
0 0.336262 0.269712 1.69265 432948
0 0.340318 0.27822 1.69419 432980
0 0.342341 0.288861 1.69582 433016
0 0.343394 0.30125 1.69438 433060
0 0.343051 0.312304 1.69092 433094
0 0.342109 0.323509 1.69406 433128
0 0.337752 0.333897 1.69435 433161
0 0.330265 0.343356 1.68927 433178
0 0.322387 0.350773 1.68411 433229
0 0.313408 0.357771 1.67954 433246
0 0.303327 0.360706 1.67839 433280
0 0.296336 0.36123 1.67933 433331
0 0.288855 0.36101 1.67941 433348
0 0.283946 0.359125 1.68039 433381
0 0.277342 0.357332 1.67781 433415
0 0.272304 0.353594 1.67894 433448
0 0.269766 0.34794 1.67912 433483
0 0.267397 0.343696 1.68015 433517
0 0.265321 0.339887 1.68277 433552
0 0.265069 0.337678 1.68389 433585
0 0.266191 0.335402 1.685 433619
0 0.267712 0.334485 1.68014 433653

1 0.446848 0.190775 1.74236 435818
1 0.446865 0.19014 1.74162 435852
1 0.44649 0.191068 1.74179 435886
1 0.447655 0.189517 1.74129 435920
1 0.448497 0.18819 1.74335 435953
1 0.453054 0.186603 1.74838 435987
1 0.457398 0.185843 1.75032 436021
1 0.463849 0.184931 1.75185 436052
1 0.46891 0.184707 1.75023 436086
1 0.47564 0.184152 1.75246 436119
1 0.480846 0.183756 1.75373 436153
1 0.486339 0.185693 1.75589 436187
1 0.492146 0.192135 1.75275 436219
1 0.493895 0.197502 1.747 436253
1 0.495826 0.205488 1.74715 436287
1 0.496102 0.211732 1.74689 436321
1 0.492579 0.221098 1.74349 436355
1 0.490968 0.22944 1.74038 436389
1 0.488029 0.238447 1.73907 436422
1 0.483759 0.2454 1.74017 436456
1 0.477948 0.254714 1.73843 436490
1 0.475722 0.260085 1.73521 436524
1 0.473279 0.263806 1.72814 436557
1 0.471707 0.264982 1.72779 436591
1 0.470938 0.265932 1.72619 436623
1 0.47082 0.266417 1.7233 436655
1 0.47064 0.2662 1.72402 436688
1 0.472395 0.263483 1.72643 436721
1 0.477591 0.264124 1.7295 436755
1 0.481795 0.265122 1.73148 436788
1 0.487138 0.267075 1.73136 436822
1 0.495227 0.270259 1.72806 436855
1 0.501164 0.275861 1.72469 436889
1 0.504809 0.280468 1.7271 436922
1 0.507953 0.286988 1.72544 436956
1 0.51034 0.295837 1.72654 436990
1 0.510725 0.304445 1.72938 437023
1 0.510824 0.31385 1.73157 437056
1 0.509123 0.322463 1.73049 437090
1 0.505434 0.329377 1.73188 437124
1 0.501941 0.33706 1.73282 437156
1 0.498191 0.34236 1.7327 437189
1 0.490759 0.346922 1.72685 437222
1 0.485713 0.348831 1.72516 437255
1 0.47863 0.351249 1.72053 437287
1 0.471881 0.351611 1.72033 437321
1 0.465664 0.351977 1.72083 437357
1 0.461797 0.350913 1.72266 437389
1 0.456695 0.346435 1.72397 437422
1 0.452145 0.341195 1.72494 437456
1 0.447023 0.33907 1.72192 437490
1 0.442514 0.335868 1.7223 437523
1 0.441021 0.332525 1.7238 437557
1 0.436966 0.326832 1.72517 437590
1 0.436063 0.323142 1.73036 437622
1 0.433385 0.321973 1.73033 437656
1 0.43162 0.320307 1.73509 437689

2 0.620567 0.201595 1.78668 439496
2 0.620132 0.201113 1.78415 439530
2 0.621599 0.200976 1.78127 439563
2 0.623905 0.19953 1.78494 439596
2 0.623726 0.198828 1.78963 439630
2 0.626126 0.196723 1.792 439664
2 0.627959 0.19465 1.78821 439698
2 0.631556 0.192758 1.78944 439732
2 0.636396 0.192356 1.79574 439766
2 0.639338 0.192822 1.79583 439800
2 0.644793 0.194234 1.80208 439817
2 0.649468 0.199697 1.80632 439868
2 0.651877 0.204326 1.80714 439900
2 0.654024 0.212398 1.80786 439917
2 0.654764 0.218942 1.80082 439966
2 0.654983 0.223116 1.79771 440000
2 0.654202 0.231716 1.79253 440017
2 0.651581 0.238879 1.79163 440067
2 0.647415 0.244752 1.78645 440084
2 0.644102 0.252074 1.78087 440118
2 0.639196 0.255838 1.77937 440168
2 0.634378 0.258539 1.77702 440200
2 0.62873 0.261648 1.7771 440234
2 0.627498 0.262163 1.7743 440268
2 0.625816 0.262348 1.77689 440285
2 0.62558 0.261822 1.77538 440336
2 0.623333 0.260617 1.77509 440353
2 0.625503 0.259942 1.77576 440387
2 0.627435 0.259063 1.77693 440421
2 0.631199 0.258476 1.77593 440455
2 0.635775 0.258209 1.77848 440489
2 0.637813 0.259118 1.7778 440522
2 0.645728 0.258348 1.78177 440556
2 0.65399 0.260096 1.78875 440590
2 0.658803 0.26193 1.79641 440624
2 0.66655 0.26605 1.80195 440658
2 0.671197 0.270045 1.80408 440691
2 0.674052 0.274025 1.80581 440725
2 0.676077 0.281052 1.80589 440759
2 0.678469 0.286566 1.80629 440792
2 0.678695 0.294541 1.81099 440826
2 0.677412 0.302226 1.80901 440860
2 0.677049 0.310627 1.80473 440893
2 0.673223 0.316777 1.8106 440927
2 0.667945 0.322698 1.81013 440961
2 0.661124 0.330131 1.81036 440996
2 0.655862 0.335939 1.80384 441030
2 0.65072 0.341746 1.79736 441063
2 0.644388 0.344905 1.79231 441095
2 0.636755 0.344811 1.79374 441127
2 0.628501 0.344828 1.7915 441161
2 0.623516 0.342735 1.78833 441195
2 0.6176 0.339435 1.78668 441229
2 0.611146 0.334725 1.78198 441262
2 0.606267 0.33205 1.78125 441295
2 0.599563 0.329596 1.77714 441328
2 0.592901 0.326408 1.77311 441363
2 0.590173 0.32075 1.77452 441396
2 0.591161 0.316552 1.77572 441429

3 0.344889 0.428612 1.69927 444771
3 0.34669 0.429513 1.70339 444803
3 0.346163 0.428947 1.70059 444837
3 0.346261 0.425799 1.70039 444871
3 0.347383 0.42151 1.70407 444888
3 0.350538 0.417587 1.70565 444938
3 0.354023 0.411119 1.70569 444955
3 0.356759 0.407778 1.70534 445006
3 0.363187 0.405788 1.70461 445038
3 0.367927 0.404073 1.70376 445055
3 0.373778 0.406172 1.70391 445106
3 0.38063 0.410137 1.70164 445123
3 0.38659 0.415203 1.70349 445156
3 0.390922 0.424164 1.70566 445207
3 0.392803 0.432362 1.70148 445223
3 0.392885 0.44147 1.70141 445257
3 0.392673 0.447659 1.70327 445306
3 0.390648 0.45487 1.70493 445323
3 0.386957 0.460772 1.70443 445355
3 0.384773 0.465458 1.69986 445407
3 0.382257 0.471088 1.70312 445439
3 0.376531 0.475253 1.70306 445456
3 0.371942 0.478457 1.70338 445506
3 0.36911 0.479733 1.70622 445539
3 0.363897 0.479783 1.70247 445556
3 0.361109 0.479964 1.69985 445605
3 0.363165 0.478124 1.7061 445622
3 0.365447 0.474412 1.70768 445656
3 0.369511 0.473433 1.71133 445706
3 0.37239 0.473605 1.70984 445739
3 0.374958 0.47398 1.70715 445755
3 0.378104 0.474525 1.70827 445806
3 0.382505 0.475315 1.70805 445839
3 0.385531 0.477224 1.7046 445855
3 0.388046 0.478994 1.70726 445904
3 0.389524 0.480678 1.71351 445937
3 0.390962 0.483223 1.71327 445969
3 0.39205 0.489789 1.71157 446002
3 0.392543 0.492903 1.71151 446035
3 0.393061 0.495148 1.71686 446068
3 0.393307 0.50075 1.72291 446102
3 0.392137 0.505063 1.72286 446135
3 0.3876 0.511775 1.7192 446169
3 0.384413 0.51586 1.72239 446203
3 0.38107 0.520219 1.72184 446237
3 0.376695 0.523151 1.72017 446271
3 0.373525 0.525429 1.72179 446305
3 0.369919 0.524903 1.72592 446323
3 0.363387 0.5262 1.72444 446372
3 0.360186 0.526646 1.72356 446405
3 0.356444 0.525998 1.72771 446422
3 0.350337 0.525226 1.72777 446473
3 0.346078 0.523396 1.72996 446491
3 0.342606 0.522434 1.72644 446524
3 0.337842 0.518227 1.72568 446558
3 0.334426 0.515007 1.72037 446592
3 0.33196 0.511786 1.71701 446626
3 0.331335 0.507631 1.71759 446659
3 0.33063 0.50516 1.7157 446692
3 0.331083 0.502998 1.71728 446725

4 0.523416 0.415175 1.75957 448342
4 0.523797 0.414205 1.75685 448359
4 0.524117 0.413659 1.75184 448392
4 0.524676 0.413155 1.75739 448441
4 0.52701 0.411365 1.76063 448458
4 0.52756 0.411038 1.75126 448492
4 0.529987 0.406286 1.75285 448541
4 0.53266 0.404093 1.75349 448574
4 0.535943 0.401755 1.75324 448607
4 0.540544 0.401158 1.75314 448639
4 0.544764 0.402344 1.75349 448673
4 0.551175 0.403409 1.76176 448706
4 0.556584 0.404553 1.76569 448740
4 0.561127 0.407774 1.77077 448772
4 0.567311 0.412229 1.77585 448806
4 0.569614 0.418046 1.77746 448840
4 0.572994 0.426058 1.77835 448873
4 0.572966 0.434251 1.77752 448907
4 0.573196 0.440238 1.77699 448941
4 0.572156 0.448689 1.77885 448987
4 0.569607 0.454064 1.77815 449004
4 0.565998 0.460679 1.7789 449037
4 0.564117 0.464494 1.7803 449070
4 0.5588 0.468072 1.77866 449103
4 0.554078 0.467508 1.77513 449136
4 0.553371 0.467223 1.77566 449170
4 0.55228 0.465937 1.77796 449203
4 0.551722 0.465595 1.77908 449235
4 0.550557 0.464848 1.77683 449268
4 0.554124 0.465911 1.77688 449302
4 0.558779 0.468888 1.7759 449336
4 0.563523 0.472807 1.77645 449370
4 0.569036 0.475843 1.77908 449402
4 0.572878 0.480228 1.78302 449435
4 0.575808 0.485295 1.79079 449469
4 0.580332 0.49294 1.7894 449503
4 0.582098 0.499889 1.79474 449537
4 0.584154 0.50949 1.79541 449571
4 0.582682 0.51737 1.80013 449605
4 0.581165 0.529116 1.79708 449637
4 0.5777 0.539687 1.79539 449670
4 0.574996 0.54614 1.79637 449702
4 0.570126 0.552185 1.7905 449735
4 0.563119 0.555685 1.78694 449768
4 0.557338 0.556211 1.79008 449802
4 0.549609 0.555949 1.78933 449836
4 0.544766 0.555859 1.78507 449870
4 0.536687 0.554311 1.7851 449905
4 0.530961 0.553563 1.78176 449938
4 0.524869 0.550581 1.78062 449971
4 0.520809 0.549769 1.7793 450003
4 0.517293 0.545775 1.78077 450037
4 0.514886 0.543277 1.78173 450071
4 0.51343 0.541611 1.77968 450105

5 0.751244 0.401476 1.85598 452164
5 0.751735 0.400688 1.85908 452198
5 0.748562 0.398476 1.85035 452231
5 0.749084 0.394664 1.84839 452265
5 0.748579 0.391879 1.8481 452299
5 0.753993 0.388946 1.85247 452332
5 0.757407 0.387855 1.85793 452364
5 0.76374 0.388706 1.85505 452397
5 0.770054 0.388514 1.8562 452429
5 0.773762 0.39158 1.86545 452462
5 0.7768 0.398534 1.8688 452511
5 0.779656 0.404308 1.86469 452528
5 0.783727 0.415722 1.86346 452563
5 0.785235 0.425303 1.86873 452613
5 0.785358 0.437269 1.8659 452629
5 0.780684 0.445886 1.86643 452662
5 0.777396 0.453516 1.86797 452711
5 0.770693 0.462176 1.86819 452744
5 0.764164 0.468294 1.86548 452777
5 0.760268 0.47152 1.86807 452810
5 0.756393 0.473195 1.87067 452843
5 0.753069 0.474029 1.86958 452875
5 0.751501 0.475354 1.86536 452909
5 0.751057 0.47637 1.86636 452942
5 0.752876 0.475394 1.87214 452974
5 0.755057 0.474953 1.86994 453007
5 0.759876 0.474123 1.87126 453045
5 0.764848 0.473599 1.87431 453067
5 0.770355 0.473403 1.87652 453102
5 0.775227 0.474517 1.87983 453135
5 0.7811 0.479713 1.87848 453169
5 0.785933 0.485595 1.88718 453203
5 0.788152 0.492016 1.89192 453236
5 0.791365 0.499642 1.89387 453270
5 0.792608 0.512022 1.8903 453304
5 0.793054 0.52108 1.89827 453337
5 0.7889 0.531338 1.90303 453369
5 0.784381 0.538892 1.90594 453401
5 0.779396 0.548772 1.9052 453435
5 0.772468 0.559365 1.89936 453469
5 0.765792 0.568676 1.89999 453502
5 0.757298 0.574176 1.89803 453536
5 0.747577 0.576964 1.90023 453569
5 0.738932 0.583017 1.8902 453602
5 0.729808 0.585257 1.88552 453636
5 0.719144 0.582698 1.88373 453670
5 0.708711 0.579731 1.87979 453704
5 0.701558 0.577341 1.87442 453738
5 0.693599 0.572698 1.86817 453772
5 0.68842 0.565231 1.86534 453805
5 0.685637 0.559405 1.86338 453838
5 0.681722 0.554935 1.85755 453871
5 0.680088 0.549865 1.85685 453904

6 0.439433 0.611648 1.89042 457768
6 0.440289 0.610402 1.88978 457802
6 0.441112 0.607723 1.8868 457836
6 0.440719 0.606489 1.88647 457870
6 0.443348 0.606046 1.89078 457904
6 0.44446 0.604747 1.88601 457938
6 0.449347 0.604689 1.88686 457972
6 0.450855 0.607663 1.88554 458006
6 0.456502 0.608643 1.89057 458040
6 0.458662 0.611333 1.88882 458074
6 0.460649 0.613879 1.89082 458108
6 0.464547 0.618667 1.89186 458141
6 0.464712 0.625379 1.88851 458175
6 0.4669 0.631654 1.88942 458209
6 0.468969 0.635778 1.89413 458243
6 0.467717 0.643668 1.89603 458278
6 0.467129 0.647765 1.8915 458311
6 0.466177 0.651307 1.89559 458345
6 0.463314 0.654446 1.89907 458379
6 0.460556 0.65708 1.90053 458413
6 0.45779 0.657655 1.8985 458447
6 0.452172 0.658124 1.89459 458481
6 0.448458 0.657769 1.89315 458514
6 0.445337 0.656499 1.88873 458547
6 0.443542 0.655772 1.8856 458581
6 0.442419 0.655482 1.88656 458614
6 0.441885 0.65528 1.88737 458648
6 0.441724 0.654573 1.8846 458682
6 0.44242 0.65488 1.88365 458699
6 0.443494 0.654155 1.88244 458749
6 0.44441 0.65429 1.8812 458782
6 0.448023 0.651287 1.87839 458799
6 0.451021 0.652669 1.87912 458850
6 0.454531 0.654361 1.88421 458867
6 0.459979 0.654628 1.89473 458901
6 0.462392 0.654877 1.89546 458935
6 0.464379 0.660004 1.89821 458969
6 0.46568 0.664778 1.89567 459001
6 0.467159 0.668046 1.89589 459052
6 0.467842 0.669947 1.89522 459068
6 0.469227 0.67164 1.90612 459100
6 0.469996 0.675885 1.90991 459151
6 0.468477 0.67976 1.90362 459168
6 0.466852 0.684315 1.90068 459201
6 0.465619 0.686515 1.90083 459250
6 0.462372 0.690697 1.89914 459282
6 0.461465 0.693752 1.89984 459316
6 0.459238 0.696589 1.90216 459350
6 0.456147 0.700884 1.90627 459366
6 0.45113 0.701898 1.90383 459416
6 0.447626 0.703807 1.90092 459450
6 0.443884 0.704082 1.89994 459467
6 0.438615 0.705129 1.89907 459518
6 0.435607 0.706063 1.89943 459550
6 0.432298 0.704865 1.89765 459567
6 0.430044 0.703466 1.89712 459616
6 0.427973 0.702843 1.89682 459649
6 0.42656 0.701587 1.89763 459682
6 0.423175 0.698195 1.89787 459715
6 0.420752 0.693772 1.89292 459747
6 0.419631 0.691256 1.89254 459781
6 0.418731 0.690233 1.88946 459814
6 0.418339 0.689729 1.88477 459848

7 0.595408 0.598157 1.86665 462040
7 0.597901 0.597918 1.86481 462074
7 0.598992 0.597164 1.86434 462108
7 0.601898 0.594668 1.86867 462142
7 0.604934 0.592907 1.86171 462175
7 0.607042 0.593095 1.86916 462209
7 0.610646 0.593871 1.8696 462243
7 0.61556 0.593374 1.86899 462277
7 0.619656 0.59511 1.87307 462311
7 0.624043 0.597324 1.87462 462345
7 0.627613 0.602259 1.87548 462379
7 0.631904 0.607706 1.8788 462413
7 0.630274 0.613854 1.87591 462447
7 0.634028 0.622704 1.8782 462481
7 0.634226 0.629736 1.87416 462515
7 0.634454 0.637859 1.87571 462550
7 0.631446 0.646307 1.876 462584
7 0.628052 0.653285 1.87397 462618
7 0.624921 0.661779 1.87428 462652
7 0.62067 0.667999 1.87424 462669
7 0.615416 0.672309 1.87369 462703
7 0.611926 0.67276 1.87703 462754
7 0.609744 0.675099 1.87947 462771
7 0.608836 0.675951 1.8836 462805
7 0.609314 0.675734 1.88134 462839
7 0.611757 0.677605 1.87931 462873
7 0.613904 0.676636 1.8792 462906
7 0.618458 0.675655 1.8809 462941
7 0.623666 0.67655 1.8861 462974
7 0.629693 0.678817 1.88695 463008
7 0.637408 0.683128 1.88335 463041
7 0.641048 0.687982 1.88456 463082
7 0.644541 0.694818 1.88654 463119
7 0.647372 0.700993 1.8884 463152
7 0.649139 0.711415 1.88693 463184
7 0.647042 0.721162 1.88734 463218
7 0.644681 0.727282 1.89488 463251
7 0.640987 0.734076 1.89682 463284
7 0.63671 0.741777 1.90032 463316
7 0.632032 0.745351 1.90624 463349
7 0.625335 0.750857 1.90595 463382
7 0.62157 0.753694 1.90812 463417
7 0.613542 0.755642 1.91049 463450
7 0.608118 0.755404 1.91117 463483
7 0.600297 0.755204 1.90647 463515
7 0.594056 0.752722 1.90222 463549
7 0.590457 0.751267 1.90016 463583
7 0.584778 0.74962 1.89321 463616
7 0.580897 0.745925 1.88558 463649
7 0.579636 0.740834 1.88799 463681
7 0.58071 0.73746 1.89128 463715
7 0.58112 0.735403 1.89428 463748

8 0.513261 0.744715 1.94301 465917
8 0.51634 0.744268 1.94434 465951
8 0.518881 0.741537 1.9401 465985
8 0.521625 0.73773 1.93768 466019
8 0.522714 0.732623 1.93168 466052
8 0.525818 0.728362 1.92686 466085
8 0.529991 0.728727 1.92429 466119
8 0.537711 0.728077 1.9273 466153
8 0.542487 0.728201 1.93031 466186
8 0.546349 0.727907 1.93004 466220
8 0.548168 0.728785 1.92705 466255
8 0.548956 0.729554 1.92898 466287
8 0.549419 0.734179 1.92381 466321
8 0.552837 0.740029 1.9239 466355
8 0.552522 0.743388 1.92719 466388
8 0.552197 0.745369 1.93214 466405
8 0.552577 0.748834 1.93416 466455
8 0.550008 0.754638 1.93253 466488
8 0.548191 0.757475 1.93043 466522
8 0.547009 0.760272 1.93625 466556
8 0.543144 0.762472 1.93724 466589
8 0.539634 0.762314 1.93891 466623
8 0.537045 0.762418 1.94078 466657
8 0.53219 0.764237 1.94444 466674
8 0.529862 0.765181 1.94405 466724
8 0.526688 0.764584 1.94145 466741
8 0.526113 0.76386 1.94082 466776
8 0.526102 0.762738 1.93842 466810
8 0.524869 0.761986 1.94152 466843
8 0.523981 0.76105 1.94388 466877
8 0.525858 0.761518 1.94459 466910
8 0.527672 0.760807 1.94293 466944
8 0.528557 0.761292 1.94062 466978
8 0.530683 0.761702 1.93707 467012
8 0.532498 0.761383 1.93407 467044
8 0.533301 0.761962 1.93188 467078
8 0.535881 0.763864 1.93509 467110
8 0.536243 0.764191 1.93307 467143
8 0.541488 0.76742 1.94064 467175
8 0.544166 0.771862 1.94258 467209
8 0.545678 0.775714 1.94314 467243
8 0.548537 0.779285 1.94368 467277
8 0.550317 0.782069 1.95374 467309
8 0.549118 0.787665 1.94763 467343
8 0.54864 0.793163 1.94822 467375
8 0.543683 0.798042 1.946 467425
8 0.544365 0.804705 1.95703 467441
8 0.543078 0.80905 1.9666 467474
8 0.539689 0.812941 1.96669 467523
8 0.537369 0.815421 1.96656 467557
8 0.537203 0.8166 1.97117 467573
8 0.533686 0.818688 1.97425 467623
8 0.528002 0.818857 1.97446 467655
8 0.525194 0.816397 1.97316 467689
8 0.523567 0.814784 1.96872 467723
8 0.522679 0.810977 1.97685 467757
8 0.521639 0.806182 1.97783 467790
8 0.521374 0.80352 1.97939 467824
8 0.520636 0.799786 1.97948 467856
8 0.520041 0.79762 1.97892 467890
8 0.520861 0.791481 1.97816 467924
8 0.523044 0.78866 1.97536 467956
8 0.522888 0.787339 1.9795 467988

9 0.817051 0.186428 1.92666 470844
9 0.81861 0.183808 1.91178 470877
9 0.822348 0.183209 1.92459 470925
9 0.823306 0.185337 1.92646 470958
9 0.824118 0.187039 1.92659 470991
9 0.82458 0.187331 1.92742 471024
9 0.826007 0.183797 1.92325 471056
9 0.830068 0.186337 1.92374 471090
9 0.833588 0.187801 1.92035 471122
9 0.837595 0.193927 1.93055 471156
9 0.845977 0.198788 1.9367 471189
9 0.848957 0.204399 1.93958 471221
9 0.85476 0.21197 1.93696 471254
9 0.857238 0.216881 1.93272 471287
9 0.858942 0.224109 1.92497 471320
9 0.860283 0.232807 1.92832 471353
9 0.857422 0.246006 1.92677 471387
9 0.856972 0.255304 1.92854 471420
9 0.852482 0.266198 1.91973 471453
9 0.849509 0.273695 1.91993 471486
9 0.844645 0.277375 1.92091 471521
9 0.839415 0.281402 1.9194 471553
9 0.835269 0.282172 1.9112 471586
9 0.83153 0.282867 1.91046 471619
9 0.826104 0.281168 1.90875 471652
9 0.823067 0.280695 1.91386 471685
9 0.823011 0.278849 1.91403 471719
9 0.82213 0.276534 1.91628 471754
9 0.825257 0.27567 1.91227 471786
9 0.828562 0.275147 1.91143 471820
9 0.83203 0.274688 1.91108 471852
9 0.835324 0.270771 1.91125 471886
9 0.838111 0.272391 1.91286 471919
9 0.842289 0.273923 1.92504 471952
9 0.846954 0.277413 1.9347 471985
9 0.850725 0.282632 1.94223 472017
9 0.857926 0.286195 1.9412 472051
9 0.862194 0.28912 1.94272 472085
9 0.864457 0.293234 1.94587 472119
9 0.866436 0.296829 1.9488 472153
9 0.867902 0.302945 1.94532 472187
9 0.867574 0.308013 1.9486 472220
9 0.866509 0.315586 1.94574 472254
9 0.865719 0.320772 1.93541 472288
9 0.861257 0.323537 1.93293 472321
9 0.856928 0.328982 1.93383 472355
9 0.853159 0.332586 1.92962 472389
9 0.847093 0.334908 1.93034 472423
9 0.842145 0.335796 1.92813 472457
9 0.838112 0.337477 1.92492 472490
9 0.835519 0.335953 1.92691 472523
9 0.829722 0.334268 1.92747 472555
9 0.824669 0.333931 1.92341 472589
9 0.81751 0.331904 1.91624 472624
9 0.813551 0.330113 1.91756 472657
9 0.809613 0.326028 1.91328 472690
9 0.80405 0.322343 1.9076 472723
9 0.800323 0.318341 1.907 472757
9 0.797951 0.315063 1.90715 472790
9 0.795373 0.312059 1.90757 472822
9 0.79302 0.307971 1.91715 472856
9 0.789354 0.30328 1.91629 472890
9 0.786798 0.301648 1.89761 472922

