Gesto: 3
0 0.492894 0.218108 1.83482 686710
0 0.488604 0.206507 1.83015 686744
0 0.485607 0.19913 1.82804 686777
0 0.484099 0.195476 1.82652 686810
0 0.483766 0.19078 1.82237 686843
0 0.484562 0.187401 1.81972 686877
0 0.487796 0.180682 1.82095 686912
0 0.493878 0.172432 1.81871 686944
0 0.502188 0.162722 1.81539 686978
0 0.509971 0.153628 1.81562 687011
0 0.52102 0.146248 1.81914 687045
0 0.534647 0.140984 1.82346 687078
0 0.547939 0.139037 1.82744 687112
0 0.560872 0.145145 1.8298 687146
0 0.574901 0.150874 1.83314 687180
0 0.585027 0.162746 1.83675 687213
0 0.592872 0.18163 1.82996 687247
0 0.598563 0.200479 1.82841 687281
0 0.600494 0.219678 1.82406 687315
0 0.594529 0.241064 1.82019 687348
0 0.584988 0.263559 1.8164 687381
0 0.57237 0.280846 1.80982 687414
0 0.559262 0.295077 1.8078 687448
0 0.549697 0.304026 1.80037 687482
0 0.54262 0.306962 1.79552 687516
0 0.54053 0.307498 1.79587 687549
0 0.540585 0.303424 1.79609 687583
0 0.547084 0.299993 1.79879 687616
0 0.555067 0.297788 1.80638 687649
0 0.563258 0.295365 1.81356 687683
0 0.574876 0.293331 1.82024 687717
0 0.589128 0.294344 1.82422 687751
0 0.603135 0.300256 1.83279 687785
0 0.615503 0.310354 1.84272 687819
0 0.624873 0.320868 1.85259 687853
0 0.631499 0.338389 1.85845 687885
0 0.637011 0.356566 1.86061 687919
0 0.636275 0.375956 1.86432 687952
0 0.634138 0.395328 1.86845 687986
0 0.626907 0.41966 1.86811 688020
0 0.616766 0.437791 1.87064 688053
0 0.604656 0.451295 1.86368 688086
0 0.588944 0.458839 1.86225 688121
0 0.570994 0.464738 1.86221 688154
0 0.554745 0.466193 1.85525 688186
0 0.541915 0.467767 1.85091 688220
0 0.535463 0.468458 1.84743 688253
0 0.532533 0.468871 1.84419 688286

1 0.280749 0.260549 1.85121 691444
1 0.280037 0.263461 1.84962 691476
1 0.278328 0.264153 1.84571 691508
1 0.278145 0.259498 1.84602 691542
1 0.280151 0.251262 1.84976 691576
1 0.283734 0.24046 1.85145 691608
1 0.289544 0.223727 1.85575 691642
1 0.29997 0.208621 1.86513 691690
1 0.314618 0.195796 1.87099 691707
1 0.329851 0.188625 1.86993 691757
1 0.344215 0.189689 1.87756 691791
1 0.358938 0.193506 1.88051 691824
1 0.373328 0.204088 1.88305 691856
1 0.383585 0.223072 1.88738 691887
1 0.389038 0.247645 1.89239 691921
1 0.390386 0.2744 1.89183 691953
1 0.388051 0.298752 1.88822 691985
1 0.380597 0.324473 1.88079 692018
1 0.369661 0.343671 1.87915 692051
1 0.354557 0.361789 1.8694 692090
1 0.338819 0.372463 1.86494 692111
1 0.328046 0.377733 1.86195 692148
1 0.318715 0.380058 1.8587 692183
1 0.316486 0.375752 1.8546 692215
1 0.322527 0.372714 1.86456 692248
1 0.33351 0.365835 1.87356 692282
1 0.347457 0.359958 1.87453 692315
1 0.359755 0.357465 1.87682 692349
1 0.373977 0.359739 1.87947 692382
1 0.388144 0.368157 1.89 692415
1 0.404169 0.383351 1.90406 692449
1 0.416453 0.401365 1.91653 692482
1 0.426277 0.426176 1.92532 692515
1 0.429125 0.453151 1.93431 692549
1 0.427628 0.483482 1.94199 692583
1 0.420061 0.511734 1.94972 692618
1 0.405939 0.537587 1.95485 692650
1 0.389419 0.556995 1.95506 692684
1 0.370595 0.569497 1.95134 692717
1 0.350046 0.573605 1.95207 692751
1 0.334376 0.575916 1.94655 692784
1 0.324736 0.574595 1.94694 692818

2 0.486656 0.301443 1.94197 697186
2 0.483841 0.303168 1.94687 697218
2 0.483443 0.305123 1.94584 697252
2 0.485645 0.299947 1.94898 697286
2 0.490713 0.296997 1.94827 697320
2 0.495231 0.289142 1.95127 697354
2 0.502655 0.281534 1.94936 697388
2 0.515009 0.271272 1.94755 697422
2 0.529812 0.265318 1.95361 697456
2 0.546154 0.259979 1.96097 697490
2 0.562828 0.258746 1.96533 697524
2 0.578422 0.263722 1.97245 697558
2 0.593889 0.27405 1.98199 697592
2 0.604402 0.290642 1.99246 697626
2 0.608329 0.313059 1.99664 697659
2 0.609348 0.339128 1.9977 697692
2 0.604236 0.360922 1.99999 697726
2 0.594793 0.381928 1.99428 697759
2 0.58144 0.399432 1.99065 697793
2 0.566917 0.408487 1.98847 697827
2 0.557789 0.412546 1.98458 697860
2 0.557381 0.413622 1.98255 697893
2 0.556633 0.409756 1.9843 697926
2 0.564687 0.408846 1.98887 697960
2 0.575366 0.408312 1.99904 697993
2 0.59022 0.41231 2.00259 698027
2 0.603736 0.42033 2.00862 698061
2 0.616085 0.433444 2.0218 698094
2 0.62677 0.449321 2.03811 698128
2 0.635054 0.472299 2.05361 698162
2 0.637233 0.495154 2.06604 698195
2 0.63239 0.518451 2.07468 698229
2 0.622301 0.541152 2.08453 698247
2 0.604724 0.56023 2.08314 698297
2 0.585473 0.572169 2.0814 698330
2 0.564362 0.579228 2.07144 698347
2 0.547469 0.581595 2.06087 698397
2 0.534838 0.583169 2.05076 698414
2 0.529306 0.581688 2.04791 698447

3 0.35071 0.205527 1.84885 699451
3 0.34745 0.206085 1.85177 699483
3 0.344723 0.205005 1.84895 699517
3 0.344657 0.203317 1.84787 699551
3 0.347526 0.197391 1.84488 699584
3 0.354391 0.193582 1.84164 699616
3 0.362737 0.189995 1.83876 699650
3 0.376383 0.18757 1.84067 699684
3 0.391691 0.186642 1.84199 699717
3 0.405647 0.192715 1.84369 699751
3 0.418332 0.200669 1.84361 699784
3 0.430931 0.216614 1.84458 699818
3 0.43949 0.234965 1.84659 699850
3 0.437924 0.257105 1.84469 699884
3 0.430527 0.280337 1.8411 699918
3 0.419812 0.30042 1.84052 699949
3 0.406717 0.314057 1.8377 699983
3 0.394546 0.322371 1.83477 700017
3 0.385972 0.325015 1.83257 700050
3 0.384131 0.325204 1.82862 700084
3 0.38857 0.3248 1.83208 700117
3 0.397603 0.324241 1.83246 700150
3 0.406989 0.325801 1.83503 700182
3 0.419266 0.335836 1.84393 700232
3 0.432246 0.348169 1.85723 700249
3 0.444851 0.36508 1.86737 700283
3 0.452943 0.390613 1.87719 700317
3 0.457807 0.419115 1.88348 700350
3 0.459715 0.447618 1.89259 700383
3 0.454688 0.474 1.89808 700432
3 0.443001 0.496739 1.90243 700465
3 0.426895 0.511376 1.90007 700497
3 0.40984 0.518538 1.8997 700531
3 0.395188 0.520781 1.89578 700565
3 0.383461 0.521996 1.89182 700582
3 0.37527 0.520096 1.89386 700632
3 0.371889 0.518152 1.89302 700649

4 0.306114 0.0363212 1.87464 702464
4 0.30452 0.0329767 1.87355 702498
4 0.304342 0.0330328 1.87482 702532
4 0.30512 0.0327492 1.87394 702566
4 0.305167 0.03264 1.8756 702601
4 0.307549 0.0300723 1.87733 702622
4 0.313608 0.0244522 1.8821 702663
4 0.321632 0.0197831 1.88785 702697
4 0.334561 0.0140287 1.8947 702728
4 0.351871 0.00909408 1.89784 702761
4 0.371586 0.00458298 1.90422 702795
4 0.391865 0.00508251 1.91012 702828
4 0.41357 0.00825736 1.91553 702862
4 0.433122 0.018269 1.91753 702895
4 0.4528 0.0312428 1.91251 702928
4 0.471766 0.039665 1.89682 702963
4 0.486907 0.0560637 1.8731 702997
4 0.496549 0.0798028 1.84915 703029
4 0.499457 0.11136 1.82951 703061
4 0.492207 0.145293 1.80912 703093
4 0.476612 0.18181 1.78438 703127
4 0.454542 0.216624 1.76843 703159
4 0.432508 0.245391 1.75881 703193
4 0.411981 0.266264 1.75707 703227
4 0.394979 0.28117 1.75625 703261
4 0.386252 0.284888 1.75367 703294
4 0.383528 0.283109 1.759 703328
4 0.387256 0.276406 1.76415 703362
4 0.396969 0.26676 1.76617 703396
4 0.413926 0.256658 1.77145 703431
4 0.43808 0.245712 1.779 703464
4 0.462429 0.242122 1.78613 703498
4 0.490683 0.242698 1.80034 703531
4 0.518614 0.252307 1.81704 703564
4 0.544196 0.268917 1.8414 703596
4 0.56838 0.290748 1.86279 703630
4 0.589312 0.320175 1.89047 703662
4 0.606034 0.35688 1.91529 703696
4 0.617141 0.398653 1.9426 703729
4 0.623013 0.448305 1.96176 703763
4 0.620564 0.500005 1.97774 703797
4 0.610861 0.550798 1.98781 703831
4 0.597346 0.601852 1.99068 703864
4 0.579612 0.647305 1.98533 703898
4 0.552766 0.687609 1.97745 703931
4 0.52045 0.721068 1.9731 703965
4 0.488043 0.742148 1.96398 703999
4 0.457091 0.75264 1.9553 704032
4 0.430604 0.75631 1.94839 704066
4 0.413034 0.756615 1.94092 704100
4 0.403564 0.756403 1.93765 704134

5 0.24266 0.19791 2.00954 706123
5 0.238344 0.199504 2.01029 706156
5 0.241325 0.200821 2.0083 706189
5 0.238191 0.201895 2.00425 706222
5 0.235933 0.201119 2.00559 706255
5 0.237036 0.200271 2.00876 706289
5 0.235248 0.201887 2.00599 706322
5 0.236554 0.200443 2.00415 706355
5 0.237353 0.199154 2.0022 706389
5 0.23814 0.198818 2.00214 706421
5 0.241075 0.196784 2.00289 706471
5 0.247047 0.188985 2.00338 706488
5 0.256147 0.183437 2.00337 706520
5 0.26565 0.187932 1.9992 706569
5 0.276854 0.190358 2.00024 706602
5 0.284959 0.194873 1.99588 706635
5 0.289441 0.204229 1.9971 706667
5 0.289042 0.217833 1.99333 706701
5 0.285439 0.227185 1.98806 706733
5 0.280328 0.237251 1.99129 706765
5 0.275518 0.243289 1.9937 706798
5 0.27042 0.242177 1.99124 706831
5 0.270963 0.238311 1.99642 706864
5 0.272984 0.234944 2.0002 706897
5 0.281318 0.235689 1.99912 706930
5 0.290771 0.241956 1.99627 706963
5 0.299285 0.247742 1.99793 706997
5 0.304621 0.264669 1.99578 707030
5 0.311152 0.284797 1.9939 707063
5 0.310876 0.3062 1.99422 707096
5 0.304092 0.33239 1.99657 707129
5 0.29348 0.354129 1.99996 707163
5 0.278424 0.36862 1.99234 707197
5 0.265538 0.377748 1.99234 707231
5 0.251263 0.382107 1.98607 707264
5 0.240416 0.381422 1.98855 707297

6 0.660627 0.115822 1.93165 709963
6 0.661611 0.116716 1.93126 709997
6 0.66186 0.113333 1.93172 710029
6 0.661883 0.108823 1.93188 710064
6 0.661598 0.106509 1.92945 710096
6 0.662576 0.0985414 1.92594 710129
6 0.665486 0.0911586 1.92647 710162
6 0.670883 0.0791154 1.93442 710195
6 0.679719 0.0684796 1.94506 710230
6 0.690211 0.0562188 1.9509 710263
6 0.705117 0.0478781 1.95691 710297
6 0.720473 0.0432894 1.96453 710330
6 0.738282 0.0473192 1.96602 710363
6 0.750681 0.0546949 1.96496 710397
6 0.764391 0.0716627 1.96197 710429
6 0.774599 0.0955178 1.94856 710462
6 0.782494 0.124466 1.93104 710495
6 0.788409 0.154294 1.92359 710529
6 0.785554 0.181008 1.9127 710563
6 0.776493 0.205789 1.89789 710596
6 0.758746 0.229511 1.89092 710631
6 0.739339 0.249083 1.87731 710664
6 0.72396 0.260797 1.86767 710696
6 0.713216 0.266913 1.8679 710730
6 0.709811 0.267776 1.86455 710762
6 0.714435 0.262633 1.86243 710796
6 0.721045 0.25667 1.86593 710829
6 0.735135 0.253242 1.87402 710860
6 0.750763 0.252306 1.88285 710894
6 0.768718 0.257081 1.89033 710928
6 0.784445 0.262383 1.89579 710960
6 0.800217 0.275116 1.89972 710993
6 0.811178 0.294924 1.90467 711027
6 0.820767 0.318135 1.9111 711060
6 0.829179 0.346006 1.91308 711094
6 0.833939 0.376325 1.91981 711128
6 0.830812 0.40972 1.92003 711161
6 0.826003 0.43932 1.92346 711194
6 0.817064 0.46643 1.93297 711227
6 0.802637 0.487133 1.93342 711261
6 0.783676 0.504602 1.92424 711295
6 0.766187 0.513905 1.91682 711329
6 0.746973 0.518743 1.90886 711362
6 0.729829 0.521332 1.90286 711396
6 0.714984 0.522255 1.89842 711428
6 0.705716 0.523224 1.89005 711460
6 0.698247 0.522624 1.88998 711494

7 0.252008 0.28596 1.95194 713695
7 0.250072 0.280931 1.95575 713728
7 0.247364 0.27885 1.95478 713762
7 0.244215 0.277945 1.95873 713796
7 0.244611 0.277289 1.95693 713830
7 0.245994 0.274661 1.95864 713863
7 0.251691 0.269558 1.96217 713896
7 0.264233 0.261967 1.96577 713929
7 0.273245 0.2576 1.96843 713962
7 0.28716 0.255553 1.96932 713994
7 0.300188 0.25904 1.9654 714028
7 0.316465 0.270743 1.97149 714061
7 0.332567 0.288477 1.97246 714094
7 0.341318 0.308634 1.96579 714129
7 0.337918 0.33602 1.97506 714162
7 0.326264 0.36621 1.98409 714195
7 0.30917 0.390368 1.98382 714228
7 0.293605 0.405146 1.98242 714262
7 0.279259 0.414581 1.97622 714294
7 0.270873 0.419092 1.97523 714328
7 0.272558 0.418771 1.97736 714362
7 0.280268 0.427248 1.97854 714396
7 0.290922 0.43159 1.98562 714445
7 0.305004 0.440359 1.9906 714463
7 0.323915 0.454657 1.99793 714496
7 0.340771 0.473945 2.00006 714529
7 0.350923 0.4974 2.01408 714563
7 0.355779 0.52449 2.02691 714595
7 0.355676 0.550594 2.03715 714645
7 0.348034 0.576654 2.05259 714662
7 0.3373 0.601374 2.06164 714695
7 0.316024 0.620837 2.06325 714729
7 0.294607 0.630738 2.06799 714763
7 0.273656 0.633483 2.06959 714796
7 0.256676 0.630296 2.06876 714845
7 0.241172 0.627956 2.0685 714877
7 0.233442 0.626863 2.06829 714894

8 0.396711 0.0879235 2.01058 716228
8 0.395263 0.0824619 2.00852 716262
8 0.394221 0.0771254 2.00615 716296
8 0.395272 0.0727228 2.0023 716330
8 0.397049 0.0652027 2.00572 716363
8 0.40372 0.0547933 2.01465 716412
8 0.414785 0.0426349 2.02626 716429
8 0.430033 0.0254352 2.03546 716463
8 0.44861 0.0126149 2.04254 716497
8 0.473552 0.023315 2.05221 716531
8 0.497483 0.0247995 2.0494 716565
8 0.523961 0.0301641 2.0446 716599
8 0.551761 0.0450016 2.03563 716633
8 0.57367 0.0725789 2.01727 716667
8 0.594561 0.105434 2.00539 716701
8 0.607037 0.149578 1.98473 716735
8 0.605902 0.192445 1.95778 716769
8 0.592534 0.234425 1.93716 716801
8 0.564866 0.272553 1.92186 716835
8 0.538825 0.312577 1.91156 716869
8 0.512866 0.34574 1.91207 716903
8 0.48993 0.362383 1.91261 716936
8 0.475377 0.369852 1.91356 716971
8 0.47201 0.369032 1.9097 717005
8 0.481709 0.362761 1.91357 717039
8 0.496783 0.358982 1.91025 717071
8 0.515068 0.352738 1.91 717104
8 0.538126 0.347302 1.91314 717146
8 0.558263 0.347567 1.91732 717166
8 0.583418 0.355448 1.92566 717200
8 0.608182 0.371658 1.93662 717233
8 0.631131 0.395563 1.94727 717268
8 0.649351 0.425297 1.95791 717301
8 0.664695 0.462069 1.97637 717335
8 0.675663 0.503328 1.9877 717368
8 0.68171 0.551251 2.00338 717402
8 0.678633 0.601999 2.01614 717435
8 0.668719 0.652795 2.03023 717469
8 0.654687 0.700564 2.04687 717502
8 0.634913 0.743459 2.05266 717535
8 0.607618 0.776343 2.04611 717568
8 0.578153 0.800174 2.03484 717602
8 0.547731 0.81646 2.0283 717635
8 0.51846 0.820256 2.01624 717668
8 0.494403 0.818498 2.00995 717701
8 0.474923 0.812876 2.00565 717735
8 0.463656 0.809253 2.00494 717769

9 0.383099 0.264501 1.9008 720777
9 0.382866 0.265398 1.89725 720811
9 0.382637 0.264919 1.89764 720844
9 0.380325 0.264209 1.89903 720877
9 0.383728 0.255753 1.90231 720909
9 0.39053 0.245526 1.90584 720942
9 0.402818 0.229385 1.90946 720976
9 0.414672 0.21873 1.91422 721008
9 0.433708 0.211957 1.9223 721040
9 0.452772 0.212644 1.92563 721075
9 0.47056 0.22545 1.92656 721107
9 0.481046 0.248868 1.92569 721141
9 0.484416 0.275022 1.92082 721176
9 0.474382 0.302175 1.92011 721209
9 0.45877 0.326036 1.91717 721242
9 0.441759 0.338837 1.91868 721275
9 0.425416 0.343495 1.91708 721308
9 0.416914 0.339213 1.91558 721341
9 0.417935 0.329364 1.92198 721373
9 0.426255 0.320439 1.92482 721407
9 0.439723 0.316109 1.92552 721440
9 0.456122 0.317434 1.92749 721473
9 0.47361 0.328677 1.929 721506
9 0.488926 0.347083 1.93179 721540
9 0.500507 0.375316 1.945 721575
9 0.510622 0.411791 1.95081 721607
9 0.513196 0.449675 1.96022 721640
9 0.506027 0.485687 1.96868 721673
9 0.487977 0.518261 1.97583 721705
9 0.463343 0.541059 1.97297 721739
9 0.439365 0.551985 1.97067 721773
9 0.419942 0.5566 1.97526 721805
9 0.406757 0.557384 1.97665 721838
9 0.400428 0.557664 1.97223 721870

