Gesto: 3
0 0.338685 0.231625 1.58212 1.13609e+06
0 0.338637 0.231757 1.58126 1.13612e+06
0 0.339162 0.231255 1.58196 1.13614e+06
0 0.339932 0.227575 1.57973 1.13619e+06
0 0.342732 0.224156 1.57927 1.13622e+06
0 0.347423 0.218898 1.57781 1.13626e+06
0 0.353045 0.21264 1.57491 1.13629e+06
0 0.360407 0.205767 1.5692 1.13632e+06
0 0.369813 0.200495 1.56514 1.13635e+06
0 0.381671 0.194224 1.56031 1.13639e+06
0 0.391726 0.18766 1.55839 1.13642e+06
0 0.404087 0.183145 1.55528 1.13646e+06
0 0.418938 0.178339 1.55744 1.13649e+06
0 0.43391 0.174222 1.55841 1.13652e+06
0 0.448575 0.171816 1.56246 1.13655e+06
0 0.461877 0.173079 1.56565 1.13659e+06
0 0.47626 0.175215 1.5678 1.13662e+06
0 0.48938 0.181907 1.56726 1.13665e+06
0 0.501409 0.187426 1.56739 1.13669e+06
0 0.511443 0.195477 1.56783 1.13672e+06
0 0.521511 0.208474 1.57422 1.13676e+06
0 0.52837 0.221574 1.57462 1.13679e+06
0 0.531902 0.235418 1.57311 1.13682e+06
0 0.53316 0.250367 1.57051 1.13685e+06
0 0.531495 0.26264 1.56715 1.13689e+06
0 0.525689 0.275951 1.56143 1.13692e+06
0 0.518377 0.289452 1.55512 1.13696e+06
0 0.508392 0.300906 1.54903 1.13699e+06
0 0.496999 0.312538 1.55065 1.13701e+06
0 0.485274 0.323917 1.55055 1.13705e+06
0 0.472749 0.335134 1.54704 1.13708e+06
0 0.459613 0.349342 1.54787 1.13712e+06
0 0.447856 0.358591 1.54705 1.13715e+06
0 0.437156 0.365452 1.54624 1.13718e+06
0 0.42748 0.37158 1.54752 1.13722e+06
0 0.420846 0.375164 1.54965 1.13725e+06
0 0.414438 0.376224 1.55104 1.13728e+06
0 0.410204 0.376674 1.55186 1.13732e+06
0 0.407276 0.374934 1.55241 1.13735e+06
0 0.405874 0.37103 1.54892 1.13738e+06
0 0.406319 0.367976 1.54822 1.13742e+06
0 0.40939 0.362679 1.54544 1.13745e+06
0 0.413624 0.3576 1.54288 1.13748e+06
0 0.41959 0.349727 1.53842 1.13751e+06
0 0.429959 0.343494 1.5369 1.13755e+06
0 0.440383 0.338053 1.53638 1.13758e+06
0 0.451088 0.333367 1.5356 1.13761e+06
0 0.461682 0.329311 1.53569 1.13765e+06
0 0.474583 0.327432 1.53925 1.13768e+06
0 0.487199 0.327842 1.54225 1.13772e+06
0 0.499639 0.331599 1.54532 1.13775e+06
0 0.512068 0.334819 1.55043 1.13778e+06
0 0.523178 0.341611 1.55908 1.13782e+06
0 0.533581 0.35089 1.56657 1.13785e+06
0 0.540951 0.363276 1.57758 1.13788e+06
0 0.548586 0.376593 1.59024 1.13791e+06
0 0.554164 0.39288 1.60343 1.13795e+06
0 0.557335 0.409826 1.61396 1.13798e+06
0 0.558928 0.428912 1.62475 1.13802e+06
0 0.559006 0.44727 1.63362 1.13805e+06
0 0.554674 0.46338 1.63867 1.13808e+06
0 0.545933 0.481503 1.64436 1.13812e+06
0 0.533054 0.500748 1.64636 1.13815e+06
0 0.519681 0.518482 1.64713 1.13818e+06
0 0.505944 0.535119 1.6437 1.13822e+06
0 0.491575 0.545413 1.64616 1.13825e+06
0 0.478925 0.55323 1.6463 1.13828e+06
0 0.46678 0.557447 1.6473 1.13832e+06
0 0.451994 0.557031 1.64704 1.13835e+06
0 0.438776 0.556728 1.64557 1.13838e+06
0 0.425541 0.55533 1.6426 1.13842e+06
0 0.414049 0.550421 1.64202 1.13845e+06
0 0.401363 0.544953 1.63937 1.13849e+06
0 0.391872 0.53895 1.64016 1.13852e+06
0 0.38408 0.531153 1.63749 1.13856e+06
0 0.375984 0.521466 1.63585 1.13859e+06
0 0.371933 0.513887 1.63778 1.13862e+06
0 0.365839 0.506191 1.63666 1.13866e+06

1 0.458526 0.251687 1.59945 1.14001e+06
1 0.457763 0.252785 1.59634 1.14005e+06
1 0.458612 0.25125 1.59652 1.14008e+06
1 0.459378 0.25003 1.59445 1.14012e+06
1 0.459827 0.249457 1.59165 1.14015e+06
1 0.460909 0.244936 1.58717 1.14018e+06
1 0.463985 0.24299 1.58212 1.14022e+06
1 0.466925 0.238301 1.57752 1.14025e+06
1 0.472297 0.235822 1.57284 1.14028e+06
1 0.480542 0.232668 1.56912 1.14031e+06
1 0.487509 0.229868 1.56489 1.14035e+06
1 0.494417 0.226944 1.55973 1.14038e+06
1 0.499903 0.22483 1.55719 1.14042e+06
1 0.507279 0.223548 1.55325 1.14045e+06
1 0.518929 0.22396 1.55145 1.14048e+06
1 0.530854 0.222436 1.54989 1.14052e+06
1 0.542034 0.223558 1.54901 1.14055e+06
1 0.551573 0.224983 1.54711 1.14058e+06
1 0.560771 0.225822 1.54774 1.14062e+06
1 0.572768 0.230531 1.5516 1.14065e+06
1 0.581945 0.235575 1.55232 1.14068e+06
1 0.589182 0.243159 1.55288 1.14072e+06
1 0.597023 0.254284 1.55616 1.14075e+06
1 0.601496 0.26475 1.55728 1.14078e+06
1 0.604209 0.279055 1.55357 1.14082e+06
1 0.604011 0.294714 1.55288 1.14085e+06
1 0.600978 0.315079 1.55282 1.14088e+06
1 0.597398 0.334047 1.55039 1.14092e+06
1 0.591674 0.352771 1.54938 1.14095e+06
1 0.583477 0.37306 1.55155 1.14098e+06
1 0.577095 0.390513 1.55628 1.14102e+06
1 0.56874 0.403857 1.55686 1.14105e+06
1 0.557804 0.41527 1.55675 1.14108e+06
1 0.547093 0.424411 1.55488 1.14112e+06
1 0.538447 0.427094 1.55093 1.14115e+06
1 0.530218 0.428066 1.54745 1.14118e+06
1 0.524515 0.42599 1.54576 1.14122e+06
1 0.518641 0.423019 1.5443 1.14125e+06
1 0.513309 0.418071 1.54261 1.14129e+06
1 0.508413 0.413383 1.54076 1.14132e+06
1 0.505389 0.405205 1.53785 1.14135e+06
1 0.505375 0.39968 1.53697 1.14139e+06
1 0.506915 0.393026 1.53292 1.14142e+06
1 0.508721 0.387746 1.53191 1.14146e+06
1 0.511749 0.383638 1.53094 1.14149e+06
1 0.51646 0.381807 1.5309 1.14152e+06
1 0.52375 0.381584 1.53373 1.14155e+06
1 0.532529 0.37891 1.5327 1.14159e+06
1 0.53948 0.37567 1.52691 1.14162e+06
1 0.54592 0.377237 1.52777 1.14165e+06
1 0.553895 0.378486 1.53016 1.14169e+06
1 0.563332 0.379538 1.53232 1.14172e+06
1 0.573602 0.382778 1.53663 1.14176e+06
1 0.585071 0.386777 1.54538 1.14179e+06
1 0.596651 0.390231 1.55396 1.14182e+06
1 0.607404 0.395145 1.56158 1.14186e+06
1 0.617123 0.403139 1.57304 1.14189e+06
1 0.625578 0.411603 1.58205 1.14192e+06
1 0.631231 0.421845 1.59004 1.14196e+06
1 0.635627 0.430479 1.60115 1.14199e+06
1 0.636596 0.441543 1.60603 1.14203e+06
1 0.63745 0.454184 1.60817 1.14206e+06
1 0.63673 0.467398 1.61652 1.14209e+06
1 0.633339 0.480053 1.62175 1.14213e+06
1 0.627473 0.491443 1.62804 1.14216e+06
1 0.619763 0.504246 1.63025 1.14219e+06
1 0.607091 0.517602 1.62366 1.14223e+06
1 0.59468 0.52845 1.62621 1.14226e+06
1 0.58226 0.534508 1.62932 1.14229e+06
1 0.566466 0.541114 1.62498 1.14233e+06
1 0.552389 0.547972 1.61843 1.14236e+06
1 0.53787 0.550825 1.61695 1.14239e+06
1 0.524756 0.551996 1.61736 1.14243e+06
1 0.50876 0.551956 1.61705 1.14246e+06
1 0.493752 0.551675 1.62086 1.14249e+06
1 0.481345 0.546919 1.62778 1.14253e+06
1 0.470158 0.543582 1.63243 1.14256e+06
1 0.461714 0.539918 1.63755 1.14259e+06
1 0.454875 0.537703 1.64145 1.14263e+06
1 0.446951 0.532859 1.645 1.14266e+06
1 0.440554 0.526538 1.64531 1.14268e+06

2 0.439974 0.231945 1.62324 1.14385e+06
2 0.44086 0.236195 1.62107 1.14388e+06
2 0.441918 0.239236 1.61809 1.14392e+06
2 0.44268 0.241244 1.61466 1.14395e+06
2 0.443403 0.242685 1.61055 1.14398e+06
2 0.443913 0.243718 1.60727 1.14402e+06
2 0.444262 0.243937 1.60358 1.14405e+06
2 0.445404 0.240972 1.59839 1.14408e+06
2 0.447294 0.237706 1.59521 1.14412e+06
2 0.450968 0.235792 1.59088 1.14415e+06
2 0.45461 0.233849 1.58542 1.14418e+06
2 0.461084 0.230968 1.57656 1.14422e+06
2 0.467006 0.226538 1.57243 1.14427e+06
2 0.473982 0.224923 1.5704 1.14428e+06
2 0.481761 0.22299 1.56664 1.14432e+06
2 0.490725 0.220412 1.56296 1.14435e+06
2 0.496838 0.217805 1.55874 1.14438e+06
2 0.50354 0.215787 1.55208 1.14442e+06
2 0.512658 0.218002 1.54966 1.14445e+06
2 0.524868 0.217794 1.55066 1.14448e+06
2 0.533938 0.221128 1.54931 1.14452e+06
2 0.541487 0.223173 1.54464 1.14457e+06
2 0.54921 0.227186 1.54184 1.14458e+06
2 0.556147 0.234246 1.53952 1.14462e+06
2 0.56378 0.243939 1.53902 1.14465e+06
2 0.569273 0.253255 1.53679 1.14468e+06
2 0.575424 0.262304 1.53544 1.14472e+06
2 0.578321 0.27386 1.53134 1.14475e+06
2 0.58085 0.285553 1.52848 1.14479e+06
2 0.579253 0.299721 1.52633 1.14482e+06
2 0.577641 0.313909 1.52627 1.14486e+06
2 0.57579 0.327164 1.52596 1.14489e+06
2 0.571103 0.338046 1.52054 1.14492e+06
2 0.566801 0.350617 1.52587 1.14496e+06
2 0.559778 0.359785 1.52539 1.14499e+06
2 0.554323 0.365829 1.52455 1.14503e+06
2 0.54872 0.371689 1.52913 1.14506e+06
2 0.540821 0.377274 1.53219 1.14508e+06
2 0.534005 0.379544 1.5323 1.14512e+06
2 0.528655 0.380371 1.53218 1.14517e+06
2 0.523345 0.378113 1.52775 1.14518e+06
2 0.519082 0.375589 1.52474 1.14522e+06
2 0.518723 0.373729 1.52539 1.14527e+06
2 0.519584 0.371149 1.52568 1.14528e+06
2 0.521023 0.368966 1.52364 1.14532e+06
2 0.525609 0.366191 1.51913 1.14537e+06
2 0.530107 0.362897 1.51834 1.14538e+06
2 0.535361 0.359626 1.51622 1.14543e+06
2 0.54227 0.358126 1.51515 1.14545e+06
2 0.54859 0.357356 1.51575 1.14548e+06
2 0.556484 0.35776 1.52043 1.14552e+06
2 0.565709 0.35811 1.52432 1.14555e+06
2 0.574836 0.358713 1.53077 1.14559e+06
2 0.584762 0.360795 1.539 1.14562e+06
2 0.593569 0.363715 1.54403 1.14565e+06
2 0.600537 0.366206 1.5507 1.14569e+06
2 0.608469 0.370656 1.56041 1.14572e+06
2 0.616362 0.3747 1.57011 1.14575e+06
2 0.622699 0.3786 1.57875 1.14579e+06
2 0.627202 0.386355 1.58573 1.14582e+06
2 0.630002 0.392866 1.59134 1.14585e+06
2 0.633733 0.401514 1.59574 1.14589e+06
2 0.63563 0.410958 1.60133 1.14592e+06
2 0.636555 0.421978 1.60357 1.14596e+06
2 0.637057 0.433361 1.61021 1.14599e+06
2 0.633176 0.445364 1.61284 1.14602e+06
2 0.629683 0.45769 1.61499 1.14605e+06
2 0.624788 0.47117 1.61897 1.14609e+06
2 0.614665 0.48456 1.62274 1.14612e+06
2 0.604465 0.496201 1.62071 1.14615e+06
2 0.593384 0.507576 1.62011 1.14619e+06
2 0.58142 0.514699 1.61588 1.14622e+06
2 0.568799 0.523837 1.60917 1.14625e+06
2 0.556843 0.528843 1.60622 1.14628e+06
2 0.544835 0.531204 1.60536 1.14632e+06
2 0.532965 0.533298 1.60367 1.14635e+06
2 0.523108 0.533207 1.60271 1.14638e+06
2 0.512597 0.529853 1.60253 1.14642e+06
2 0.502353 0.527243 1.6036 1.14645e+06
2 0.492033 0.524913 1.60545 1.14649e+06
2 0.484693 0.517439 1.60388 1.14652e+06
2 0.479356 0.510308 1.60468 1.14656e+06

3 0.639104 0.138584 1.68855 1.14796e+06
3 0.638893 0.138676 1.68728 1.148e+06
3 0.638653 0.138886 1.68563 1.14803e+06
3 0.638668 0.139212 1.6851 1.14806e+06
3 0.639686 0.136876 1.68456 1.1481e+06
3 0.642742 0.134637 1.68876 1.14813e+06
3 0.644008 0.136193 1.68997 1.14816e+06
3 0.645566 0.138171 1.68798 1.1482e+06
3 0.64811 0.135552 1.68757 1.14823e+06
3 0.649153 0.136699 1.68725 1.14826e+06
3 0.652075 0.139579 1.68784 1.14829e+06
3 0.657445 0.141565 1.69101 1.14833e+06
3 0.660612 0.145925 1.69575 1.14836e+06
3 0.664664 0.149194 1.69817 1.14839e+06
3 0.667866 0.150707 1.70053 1.14843e+06
3 0.669372 0.154627 1.69405 1.14846e+06
3 0.670635 0.161088 1.69177 1.14849e+06
3 0.670575 0.166344 1.68882 1.14853e+06
3 0.669151 0.175268 1.68474 1.14856e+06
3 0.667818 0.18197 1.67997 1.1486e+06
3 0.664325 0.192491 1.67341 1.14863e+06
3 0.661555 0.199224 1.66536 1.14866e+06
3 0.6597 0.203676 1.65859 1.1487e+06
3 0.657793 0.206237 1.65411 1.14873e+06
3 0.654665 0.20769 1.64757 1.14876e+06
3 0.653965 0.209842 1.64339 1.14879e+06
3 0.651667 0.211448 1.6409 1.14883e+06
3 0.651235 0.211014 1.63805 1.14886e+06
3 0.65107 0.210802 1.63652 1.14889e+06
3 0.652822 0.212374 1.63793 1.14893e+06
3 0.65414 0.212774 1.63982 1.14896e+06
3 0.655116 0.211327 1.64039 1.14899e+06
3 0.656265 0.210206 1.63955 1.14903e+06
3 0.658306 0.207866 1.64396 1.14906e+06
3 0.661227 0.207202 1.64814 1.1491e+06
3 0.662686 0.206511 1.64969 1.14913e+06
3 0.666392 0.206754 1.65281 1.14916e+06
3 0.670231 0.208038 1.65784 1.1492e+06
3 0.673559 0.207493 1.66118 1.14923e+06
3 0.677885 0.208378 1.66481 1.14926e+06
3 0.68076 0.211823 1.67034 1.1493e+06
3 0.684521 0.214042 1.67429 1.14933e+06
3 0.687825 0.215468 1.67965 1.14936e+06
3 0.689944 0.218708 1.6816 1.1494e+06
3 0.690994 0.224255 1.6824 1.14943e+06
3 0.692959 0.229881 1.68513 1.14946e+06
3 0.694663 0.237527 1.68657 1.1495e+06
3 0.695604 0.24205 1.68182 1.14952e+06
3 0.697293 0.249021 1.68599 1.14956e+06
3 0.696476 0.257356 1.6865 1.14959e+06
3 0.697555 0.266247 1.6846 1.14962e+06
3 0.695139 0.272825 1.68114 1.14966e+06
3 0.694018 0.279895 1.67664 1.14969e+06
3 0.692439 0.287546 1.67551 1.14972e+06
3 0.691337 0.294725 1.67164 1.14976e+06
3 0.688455 0.302273 1.66081 1.14979e+06
3 0.68582 0.307466 1.65847 1.14982e+06
3 0.680619 0.312707 1.65077 1.14986e+06
3 0.675436 0.320101 1.64346 1.14989e+06
3 0.668712 0.326071 1.63291 1.14992e+06
3 0.663207 0.331669 1.62489 1.14996e+06
3 0.657771 0.334852 1.61611 1.14999e+06
3 0.652492 0.337183 1.60747 1.15003e+06
3 0.643945 0.341904 1.5995 1.15006e+06
3 0.637434 0.343931 1.59418 1.15009e+06
3 0.630088 0.34561 1.59193 1.15013e+06
3 0.625096 0.345901 1.5889 1.15016e+06
3 0.61907 0.343342 1.5824 1.15019e+06
3 0.613094 0.340659 1.57687 1.15023e+06
3 0.607583 0.339285 1.57256 1.15026e+06
3 0.602785 0.335303 1.56705 1.15029e+06
3 0.599896 0.331673 1.56647 1.15033e+06
3 0.598188 0.329966 1.56765 1.15036e+06
3 0.596766 0.327146 1.56956 1.15039e+06
3 0.594621 0.325367 1.57049 1.15043e+06

4 0.267565 0.333375 1.6734 1.15734e+06
4 0.264217 0.334015 1.67428 1.15737e+06
4 0.265294 0.329791 1.6725 1.1574e+06
4 0.267987 0.326896 1.66815 1.15744e+06
4 0.271726 0.321283 1.66198 1.15747e+06
4 0.273702 0.316181 1.65744 1.1575e+06
4 0.279301 0.309287 1.64853 1.15754e+06
4 0.287696 0.303884 1.64027 1.15756e+06
4 0.298413 0.298255 1.63085 1.1576e+06
4 0.317141 0.287193 1.61268 1.15766e+06
4 0.330486 0.27971 1.60532 1.1577e+06
4 0.34746 0.275874 1.6015 1.15773e+06
4 0.363189 0.274969 1.59424 1.15776e+06
4 0.37678 0.274839 1.58797 1.1578e+06
4 0.388273 0.276354 1.58309 1.15783e+06
4 0.399694 0.281148 1.58432 1.15786e+06
4 0.410959 0.288056 1.5839 1.1579e+06
4 0.421398 0.295324 1.58673 1.15793e+06
4 0.428943 0.305688 1.58551 1.15796e+06
4 0.434968 0.318992 1.58364 1.158e+06
4 0.440841 0.333486 1.58507 1.15803e+06
4 0.443424 0.352997 1.58814 1.15806e+06
4 0.444019 0.369032 1.59194 1.1581e+06
4 0.442422 0.385695 1.59495 1.15813e+06
4 0.436188 0.403574 1.59941 1.15816e+06
4 0.426453 0.41949 1.60299 1.1582e+06
4 0.417953 0.433485 1.60744 1.15823e+06
4 0.406835 0.44482 1.61072 1.15827e+06
4 0.396142 0.454044 1.61584 1.1583e+06
4 0.384908 0.463326 1.62486 1.15833e+06
4 0.372621 0.468722 1.63547 1.15837e+06
4 0.360306 0.472707 1.64499 1.1584e+06
4 0.350176 0.475235 1.64822 1.15843e+06
4 0.339727 0.475867 1.65357 1.15847e+06
4 0.332426 0.475936 1.65492 1.1585e+06
4 0.330453 0.475986 1.65436 1.15854e+06
4 0.328457 0.470013 1.65343 1.15857e+06
4 0.329977 0.465033 1.65118 1.1586e+06
4 0.332227 0.462018 1.64361 1.15863e+06
4 0.338321 0.46036 1.63656 1.15867e+06
4 0.347141 0.458889 1.63228 1.1587e+06
4 0.356529 0.457405 1.62729 1.15873e+06
4 0.367579 0.456358 1.62022 1.15877e+06
4 0.377429 0.454488 1.61443 1.1588e+06
4 0.388246 0.453755 1.61486 1.15883e+06
4 0.39891 0.453736 1.61578 1.15887e+06
4 0.408396 0.453703 1.61551 1.1589e+06
4 0.419266 0.455469 1.61521 1.15893e+06
4 0.431039 0.457888 1.61832 1.15896e+06
4 0.442417 0.45858 1.62393 1.159e+06
4 0.454105 0.462402 1.62745 1.15903e+06
4 0.465093 0.463312 1.63605 1.15906e+06
4 0.475883 0.466981 1.64904 1.1591e+06
4 0.483252 0.472777 1.65837 1.15913e+06
4 0.490328 0.479084 1.66691 1.15917e+06
4 0.494643 0.484617 1.67752 1.1592e+06
4 0.496704 0.494469 1.68218 1.15923e+06
4 0.496063 0.507332 1.68752 1.15927e+06
4 0.49421 0.516882 1.68933 1.1593e+06
4 0.488397 0.528108 1.69238 1.15934e+06
4 0.481989 0.539017 1.69282 1.15937e+06
4 0.470939 0.547738 1.69522 1.1594e+06
4 0.461123 0.55692 1.69755 1.15943e+06
4 0.450282 0.562834 1.69891 1.15947e+06
4 0.437562 0.570831 1.69737 1.1595e+06
4 0.426981 0.575573 1.69755 1.15953e+06
4 0.416753 0.58006 1.69681 1.15957e+06
4 0.40452 0.581089 1.69492 1.1596e+06
4 0.391127 0.582933 1.69492 1.15963e+06
4 0.378201 0.584386 1.69606 1.15967e+06
4 0.363513 0.583717 1.69696 1.1597e+06
4 0.349775 0.583037 1.69782 1.15973e+06
4 0.337055 0.580428 1.69536 1.15977e+06
4 0.327141 0.576004 1.68925 1.1598e+06
4 0.320088 0.571027 1.68975 1.15983e+06
4 0.311821 0.564666 1.69036 1.15987e+06
4 0.30244 0.558926 1.68936 1.1599e+06
4 0.294261 0.55294 1.68647 1.15993e+06
4 0.28675 0.547785 1.68588 1.15997e+06
4 0.280183 0.544599 1.68053 1.16e+06

5 0.441721 0.103051 1.70361 1.16157e+06
5 0.441194 0.101814 1.70211 1.1616e+06
5 0.441328 0.102237 1.69679 1.16164e+06
5 0.441437 0.102517 1.69393 1.16167e+06
5 0.44318 0.0989227 1.69144 1.1617e+06
5 0.447274 0.0948144 1.68835 1.16174e+06
5 0.458576 0.0921702 1.68672 1.16177e+06
5 0.467965 0.0908926 1.68452 1.16181e+06
5 0.477086 0.0866109 1.68274 1.16184e+06
5 0.487557 0.0842896 1.68085 1.16187e+06
5 0.498069 0.0839979 1.68129 1.16191e+06
5 0.509892 0.0860765 1.68095 1.16194e+06
5 0.521308 0.0878917 1.68304 1.16197e+06
5 0.532498 0.0881082 1.68324 1.162e+06
5 0.543643 0.0915208 1.68629 1.16204e+06
5 0.555946 0.0938557 1.68764 1.16207e+06
5 0.566893 0.100107 1.6877 1.1621e+06
5 0.575852 0.103975 1.68855 1.16214e+06
5 0.583779 0.108997 1.68735 1.16217e+06
5 0.593025 0.122319 1.68474 1.1622e+06
5 0.600709 0.137352 1.68173 1.16224e+06
5 0.60513 0.154306 1.67146 1.16227e+06
5 0.606589 0.176012 1.66773 1.1623e+06
5 0.608328 0.197094 1.66151 1.16234e+06
5 0.607083 0.217358 1.65249 1.16237e+06
5 0.603306 0.23809 1.64247 1.16240e+06
5 0.596628 0.260408 1.6331 1.16244e+06
5 0.58688 0.283185 1.62297 1.16247e+06
5 0.575981 0.30625 1.61325 1.16251e+06
5 0.563716 0.327917 1.6078 1.16254e+06
5 0.552055 0.345277 1.6075 1.16257e+06
5 0.541314 0.361261 1.60832 1.16261e+06
5 0.529542 0.376601 1.60956 1.16264e+06
5 0.516416 0.389 1.61343 1.16267e+06
5 0.504227 0.395724 1.6166 1.16271e+06
5 0.491871 0.399447 1.61762 1.16274e+06
5 0.480977 0.400497 1.61515 1.16278e+06
5 0.473316 0.400884 1.61663 1.16281e+06
5 0.468674 0.396214 1.61312 1.16284e+06
5 0.464138 0.39129 1.61445 1.16287e+06
5 0.46187 0.385175 1.61073 1.16291e+06
5 0.462293 0.381275 1.60762 1.16294e+06
5 0.464003 0.377806 1.60371 1.16297e+06
5 0.470334 0.375777 1.59861 1.16301e+06
5 0.478979 0.374553 1.59584 1.16304e+06
5 0.487054 0.373598 1.59196 1.16307e+06
5 0.499535 0.369966 1.58371 1.16311e+06
5 0.511853 0.367002 1.57935 1.16314e+06
5 0.524839 0.363675 1.57856 1.16318e+06
5 0.534641 0.362363 1.57522 1.16321e+06
5 0.548722 0.361343 1.58109 1.16324e+06
5 0.562795 0.360271 1.59027 1.16328e+06
5 0.577436 0.359995 1.60098 1.16331e+06
5 0.591123 0.364827 1.61204 1.16334e+06
5 0.60234 0.367583 1.62185 1.16338e+06
5 0.61383 0.372286 1.63612 1.16341e+06
5 0.622863 0.378523 1.65134 1.16344e+06
5 0.631808 0.386552 1.6605 1.16348e+06
5 0.638306 0.395257 1.67055 1.16351e+06
5 0.642757 0.406511 1.68485 1.16355e+06
5 0.649241 0.419549 1.69334 1.16358e+06
5 0.653288 0.434308 1.70126 1.16361e+06
5 0.65426 0.451475 1.71062 1.16365e+06
5 0.654395 0.469259 1.71769 1.16368e+06
5 0.651769 0.487287 1.7202 1.16371e+06
5 0.647673 0.504845 1.72499 1.16375e+06
5 0.642852 0.522278 1.7315 1.16378e+06
5 0.636515 0.539 1.74153 1.1638e+06
5 0.62787 0.554098 1.74801 1.16385e+06
5 0.617133 0.570182 1.75125 1.16388e+06
5 0.604838 0.586093 1.75334 1.16391e+06
5 0.593429 0.600613 1.75219 1.16395e+06
5 0.580774 0.614285 1.75407 1.16398e+06
5 0.567079 0.624575 1.75419 1.16402e+06
5 0.551636 0.634726 1.74841 1.16404e+06
5 0.537103 0.641177 1.74404 1.16408e+06
5 0.522325 0.646291 1.74179 1.16411e+06
5 0.509936 0.647055 1.74016 1.16414e+06
5 0.495244 0.647573 1.73544 1.16418e+06
5 0.482382 0.642321 1.72759 1.16421e+06
5 0.46716 0.63655 1.71802 1.16424e+06
5 0.453742 0.631275 1.70464 1.16428e+06
5 0.441072 0.622785 1.69615 1.16431e+06
5 0.431903 0.612909 1.68299 1.16434e+06
5 0.424645 0.599409 1.67768 1.16438e+06
5 0.418138 0.586192 1.67398 1.16441e+06
5 0.41496 0.573624 1.66535 1.16444e+06

6 0.734673 0.2686 1.6262 1.17257e+06
6 0.734933 0.266657 1.62262 1.17262e+06
6 0.735772 0.263219 1.61518 1.17264e+06
6 0.739232 0.259888 1.6105 1.17267e+06
6 0.742423 0.258074 1.60741 1.17271e+06
6 0.747588 0.255037 1.60143 1.17274e+06
6 0.751009 0.252331 1.59922 1.17277e+06
6 0.756716 0.250662 1.59917 1.17281e+06
6 0.764069 0.250034 1.60139 1.17284e+06
6 0.770058 0.252859 1.60395 1.17289e+06
6 0.777996 0.253681 1.61228 1.17292e+06
6 0.787195 0.259493 1.62086 1.17295e+06
6 0.796068 0.264432 1.62301 1.17299e+06
6 0.803369 0.269207 1.62717 1.17302e+06
6 0.811137 0.275894 1.63194 1.17305e+06
6 0.817011 0.285583 1.63909 1.17309e+06
6 0.820919 0.297873 1.64721 1.17312e+06
6 0.823174 0.312031 1.65203 1.17315e+06
6 0.823863 0.325743 1.65497 1.17319e+06
6 0.824002 0.340188 1.65693 1.17322e+06
6 0.822589 0.354571 1.65888 1.17325e+06
6 0.817976 0.369535 1.65647 1.17329e+06
6 0.810218 0.386014 1.65539 1.17332e+06
6 0.800579 0.401573 1.65488 1.17335e+06
6 0.789508 0.418271 1.65344 1.17339e+06
6 0.777115 0.433763 1.64853 1.17342e+06
6 0.766978 0.444628 1.64513 1.17345e+06
6 0.755872 0.45428 1.63911 1.17348e+06
6 0.748422 0.459464 1.63589 1.17352e+06
6 0.74412 0.460763 1.63504 1.17354e+06
6 0.743085 0.461727 1.63647 1.17358e+06
6 0.746582 0.4596 1.63473 1.17362e+06
6 0.751121 0.456008 1.63631 1.17365e+06
6 0.757288 0.452218 1.63766 1.17368e+06
6 0.765821 0.448629 1.6471 1.17372e+06
6 0.77611 0.445996 1.65717 1.17375e+06
6 0.784041 0.444169 1.66999 1.17378e+06
6 0.793997 0.443068 1.68186 1.17382e+06
6 0.801819 0.437134 1.69271 1.17385e+06
6 0.807651 0.435529 1.70383 1.17388e+06
6 0.815811 0.435614 1.71505 1.17392e+06
6 0.822442 0.43463 1.73089 1.17395e+06
6 0.825336 0.435698 1.73796 1.17398e+06
6 0.829079 0.440577 1.74849 1.17402e+06
6 0.831941 0.44572 1.75924 1.17405e+06
6 0.833023 0.455954 1.76637 1.17409e+06
6 0.834506 0.466179 1.77083 1.17412e+06
6 0.833841 0.480381 1.77851 1.17415e+06
6 0.829068 0.492604 1.78888 1.17419e+06
6 0.823243 0.506685 1.79402 1.17422e+06
6 0.817556 0.52082 1.79919 1.17426e+06
6 0.810856 0.53722 1.8021 1.17429e+06
6 0.8058 0.55217 1.80523 1.17432e+06
6 0.796485 0.568357 1.80488 1.17436e+06
6 0.788077 0.579513 1.80645 1.17439e+06
6 0.780172 0.591645 1.80674 1.17442e+06
6 0.772697 0.600449 1.80602 1.17446e+06
6 0.763769 0.610289 1.80535 1.17449e+06
6 0.754778 0.615898 1.80294 1.17452e+06
6 0.745117 0.622562 1.79422 1.17455e+06
6 0.733576 0.629266 1.7824 1.17459e+06
6 0.720431 0.632637 1.76698 1.17462e+06
6 0.707715 0.632587 1.75107 1.17465e+06
6 0.69346 0.629784 1.73408 1.17469e+06
6 0.6797 0.624062 1.71697 1.17472e+06
6 0.66755 0.618235 1.69706 1.17475e+06
6 0.659069 0.610651 1.68447 1.17479e+06
6 0.652115 0.60422 1.67081 1.17482e+06
6 0.64688 0.593976 1.6584 1.17486e+06
6 0.641972 0.58253 1.64676 1.17489e+06
6 0.639205 0.570885 1.64144 1.17491e+06
6 0.638721 0.561219 1.63583 1.17496e+06
6 0.638914 0.553106 1.62968 1.17499e+06
6 0.636402 0.545647 1.6213 1.17502e+06

7 0.576665 0.243409 1.70047 1.17739e+06
7 0.577228 0.24356 1.70063 1.17742e+06
7 0.579078 0.242024 1.70041 1.17746e+06
7 0.580949 0.238807 1.69954 1.17749e+06
7 0.583161 0.23729 1.69188 1.17752e+06
7 0.587143 0.229648 1.68865 1.17755e+06
7 0.593864 0.222486 1.68922 1.17759e+06
7 0.601606 0.213617 1.69115 1.17762e+06
7 0.608433 0.206924 1.69807 1.17765e+06
7 0.61712 0.202921 1.69864 1.17769e+06
7 0.625832 0.199902 1.7 1.17772e+06
7 0.635135 0.198063 1.70511 1.17775e+06
7 0.645374 0.198442 1.70994 1.17779e+06
7 0.654776 0.198478 1.71422 1.17782e+06
7 0.66422 0.20286 1.71883 1.17786e+06
7 0.673122 0.209976 1.72678 1.17789e+06
7 0.68184 0.222197 1.73521 1.17792e+06
7 0.687186 0.231252 1.73785 1.17796e+06
7 0.692192 0.242204 1.73706 1.17799e+06
7 0.695164 0.255112 1.73634 1.17802e+06
7 0.695803 0.268617 1.73707 1.17805e+06
7 0.696502 0.283533 1.73944 1.17809e+06
7 0.694259 0.299109 1.73741 1.17812e+06
7 0.689761 0.31618 1.73533 1.17815e+06
7 0.683034 0.334359 1.73249 1.17819e+06
7 0.676712 0.350921 1.72429 1.17822e+06
7 0.668829 0.367921 1.71999 1.17825e+06
7 0.6606 0.382435 1.70902 1.17829e+06
7 0.651608 0.394947 1.70841 1.17832e+06
7 0.643819 0.403379 1.70123 1.17836e+06
7 0.636724 0.408682 1.69138 1.17839e+06
7 0.631988 0.411083 1.68824 1.17842e+06
7 0.629657 0.409762 1.68715 1.17846e+06
7 0.629744 0.406063 1.6849 1.17849e+06
7 0.630961 0.402582 1.68281 1.17852e+06
7 0.634263 0.396755 1.6826 1.17856e+06
7 0.643536 0.389633 1.68664 1.17859e+06
7 0.651555 0.384715 1.69213 1.17861e+06
7 0.660387 0.377936 1.6966 1.17866e+06
7 0.670422 0.372286 1.70283 1.17869e+06
7 0.681095 0.365794 1.71351 1.17871e+06
7 0.690073 0.360338 1.72375 1.17876e+06
7 0.698799 0.357808 1.74031 1.17879e+06
7 0.706094 0.358702 1.75253 1.17883e+06
7 0.714226 0.357815 1.76449 1.17886e+06
7 0.721282 0.359042 1.77951 1.17889e+06
7 0.726851 0.36555 1.7984 1.17893e+06
7 0.73043 0.371206 1.81247 1.17896e+06
7 0.733302 0.381022 1.82737 1.17899e+06
7 0.737456 0.388871 1.83442 1.17903e+06
7 0.741151 0.401214 1.84953 1.17906e+06
7 0.742804 0.416406 1.85575 1.17908e+06
7 0.741291 0.433103 1.86106 1.17913e+06
7 0.740233 0.451105 1.86735 1.17915e+06
7 0.734384 0.469317 1.8698 1.17918e+06
7 0.72868 0.49061 1.87149 1.17923e+06
7 0.720903 0.508816 1.87131 1.17925e+06
7 0.710886 0.525322 1.87164 1.17928e+06
7 0.700124 0.544281 1.86885 1.17931e+06
7 0.689253 0.564676 1.86339 1.17935e+06
7 0.674342 0.582166 1.85542 1.17938e+06
7 0.660517 0.5956 1.84858 1.17942e+06
7 0.641692 0.605702 1.84456 1.17945e+06
7 0.625518 0.613483 1.83659 1.17948e+06
7 0.608934 0.618637 1.82737 1.17952e+06
7 0.592167 0.620815 1.81668 1.17955e+06
7 0.577493 0.618297 1.80343 1.17958e+06
7 0.563677 0.612614 1.7912 1.17962e+06
7 0.550006 0.601194 1.77904 1.17965e+06
7 0.538665 0.588959 1.76875 1.17968e+06
7 0.526083 0.57489 1.75031 1.17971e+06
7 0.519165 0.559956 1.73643 1.17975e+06
7 0.514501 0.544559 1.72649 1.17978e+06
7 0.511983 0.528895 1.7158 1.17982e+06
7 0.511283 0.516096 1.70461 1.17985e+06
7 0.512269 0.500347 1.69668 1.17988e+06
7 0.512724 0.484282 1.69051 1.17992e+06
7 0.516207 0.472762 1.6889 1.17995e+06

8 0.522335 0.165872 1.7276 1.18165e+06
8 0.521926 0.164469 1.72769 1.18169e+06
8 0.52085 0.163545 1.72484 1.18172e+06
8 0.521999 0.161505 1.7225 1.18175e+06
8 0.523969 0.159214 1.72246 1.18179e+06
8 0.528909 0.158651 1.72103 1.18182e+06
8 0.533824 0.155777 1.71911 1.18185e+06
8 0.538711 0.152148 1.71762 1.18188e+06
8 0.545015 0.149528 1.71987 1.18192e+06
8 0.552358 0.146793 1.72058 1.18195e+06
8 0.561279 0.145781 1.72064 1.18199e+06
8 0.56906 0.142014 1.71911 1.18202e+06
8 0.576346 0.142158 1.71932 1.18205e+06
8 0.586232 0.138696 1.72371 1.18209e+06
8 0.597554 0.139466 1.72635 1.18212e+06
8 0.608954 0.140197 1.72928 1.18215e+06
8 0.619717 0.142622 1.72903 1.18219e+06
8 0.629794 0.145616 1.72837 1.18222e+06
8 0.641104 0.150215 1.7367 1.18225e+06
8 0.650987 0.154542 1.73932 1.18229e+06
8 0.660595 0.158946 1.74123 1.18232e+06
8 0.670286 0.169916 1.74575 1.18235e+06
8 0.680032 0.180822 1.74715 1.18239e+06
8 0.688633 0.194033 1.75262 1.18242e+06
8 0.695083 0.208263 1.75291 1.18245e+06
8 0.70186 0.224054 1.7524 1.18249e+06
8 0.703359 0.238724 1.74877 1.18252e+06
8 0.70429 0.25467 1.74613 1.18255e+06
8 0.70184 0.27628 1.74028 1.18259e+06
8 0.698736 0.295059 1.73395 1.18262e+06
8 0.694533 0.307114 1.73298 1.18266e+06
8 0.688004 0.320924 1.72455 1.18269e+06
8 0.678975 0.335031 1.71409 1.18272e+06
8 0.672677 0.34236 1.71073 1.18276e+06
8 0.662759 0.347879 1.7005 1.18279e+06
8 0.654341 0.35407 1.69249 1.18282e+06
8 0.645278 0.355624 1.68542 1.18286e+06
8 0.637285 0.358429 1.68125 1.18289e+06
8 0.629823 0.359076 1.67652 1.18292e+06
8 0.623198 0.35681 1.67405 1.18296e+06
8 0.618861 0.354996 1.67253 1.18299e+06
8 0.616753 0.353385 1.66964 1.18302e+06
8 0.615717 0.348612 1.67208 1.18306e+06
8 0.614854 0.34491 1.66533 1.18309e+06
8 0.617805 0.342427 1.66587 1.18313e+06
8 0.622542 0.339441 1.66708 1.18316e+06
8 0.62842 0.333457 1.66698 1.18319e+06
8 0.63477 0.329102 1.67071 1.18323e+06
8 0.643731 0.324222 1.6732 1.18326e+06
8 0.653278 0.321669 1.67806 1.1833e+06
8 0.665712 0.318748 1.68893 1.18333e+06
8 0.676712 0.316894 1.70215 1.18336e+06
8 0.685616 0.31683 1.71571 1.18339e+06
8 0.696193 0.315697 1.72859 1.18343e+06
8 0.708258 0.314747 1.74238 1.18346e+06
8 0.717174 0.315316 1.75728 1.1835e+06
8 0.726308 0.320681 1.76932 1.18353e+06
8 0.733396 0.324021 1.78605 1.18356e+06
8 0.738367 0.333885 1.79677 1.1836e+06
8 0.743793 0.345263 1.80412 1.18363e+06
8 0.749189 0.35568 1.81558 1.18365e+06
8 0.75248 0.370243 1.82263 1.1837e+06
8 0.75379 0.386918 1.8235 1.18372e+06
8 0.756104 0.406263 1.83194 1.18375e+06
8 0.754562 0.426966 1.82897 1.18378e+06
8 0.751614 0.447922 1.83585 1.18382e+06
8 0.746997 0.467282 1.84197 1.18385e+06
8 0.74058 0.485091 1.84225 1.1839e+06
8 0.733057 0.503105 1.84027 1.18392e+06
8 0.724015 0.519878 1.83623 1.18395e+06
8 0.712927 0.536464 1.83169 1.184e+06
8 0.70085 0.552828 1.8254 1.18403e+06
8 0.687986 0.568803 1.81958 1.18406e+06
8 0.674016 0.585036 1.81005 1.1841e+06
8 0.65921 0.595654 1.80168 1.18413e+06
8 0.640768 0.606358 1.80108 1.18416e+06
8 0.623399 0.614204 1.79471 1.18419e+06
8 0.606657 0.617532 1.78534 1.18423e+06
8 0.588558 0.617195 1.77408 1.18426e+06
8 0.574598 0.611978 1.76597 1.1843e+06
8 0.559781 0.604544 1.75386 1.18433e+06
8 0.543344 0.596105 1.7382 1.18436e+06
8 0.532343 0.584102 1.72724 1.1844e+06
8 0.52151 0.570316 1.71296 1.18443e+06
8 0.514368 0.556168 1.7033 1.18446e+06
8 0.506804 0.541012 1.69583 1.1845e+06
8 0.501294 0.525065 1.68226 1.18453e+06
8 0.498299 0.510735 1.67408 1.18456e+06
8 0.495331 0.497837 1.66541 1.1846e+06
8 0.496294 0.484119 1.66302 1.18463e+06

