Gesto: 3
0 0.522188 0.182537 1.70947 1.14376e+06
0 0.522261 0.183325 1.70799 1.1438e+06
0 0.522505 0.183065 1.71167 1.14383e+06
0 0.522884 0.18276 1.71651 1.14387e+06
0 0.523439 0.179663 1.71691 1.1439e+06
0 0.521993 0.174373 1.71113 1.14394e+06
0 0.522322 0.165092 1.71348 1.14397e+06
0 0.524631 0.156906 1.71804 1.144e+06
0 0.528355 0.145272 1.71961 1.14404e+06
0 0.532052 0.134424 1.72245 1.14407e+06
0 0.537917 0.124457 1.72512 1.1441e+06
0 0.548071 0.11676 1.7292 1.14413e+06
0 0.557857 0.111785 1.72873 1.14417e+06
0 0.568177 0.112268 1.72849 1.1442e+06
0 0.578698 0.119427 1.72908 1.14424e+06
0 0.586931 0.130262 1.72429 1.14427e+06
0 0.590274 0.144413 1.71838 1.1443e+06
0 0.590255 0.160002 1.71347 1.14434e+06
0 0.585866 0.175127 1.71104 1.14437e+06
0 0.578486 0.187351 1.70806 1.1444e+06
0 0.571413 0.193364 1.70557 1.14444e+06
0 0.567855 0.196809 1.70306 1.14447e+06
0 0.567239 0.195732 1.70271 1.1445e+06
0 0.571279 0.194775 1.7072 1.14453e+06
0 0.581163 0.19356 1.71193 1.14457e+06
0 0.593284 0.196706 1.71232 1.1446e+06
0 0.605959 0.204578 1.71264 1.14464e+06
0 0.615791 0.220452 1.71645 1.14467e+06
0 0.62446 0.240086 1.71845 1.1447e+06
0 0.627722 0.263235 1.71904 1.14474e+06
0 0.625175 0.285487 1.7207 1.14477e+06
0 0.614196 0.303828 1.71696 1.1448e+06
0 0.597407 0.320777 1.71756 1.14483e+06
0 0.581748 0.329643 1.72008 1.14487e+06
0 0.567451 0.32961 1.71796 1.1449e+06

1 0.41069 0.162304 1.74189 1.14557e+06
1 0.40808 0.163569 1.7385 1.1456e+06
1 0.407039 0.162819 1.73708 1.14564e+06
1 0.406498 0.162348 1.73608 1.14567e+06
1 0.407946 0.161555 1.73739 1.1457e+06
1 0.408842 0.161187 1.74003 1.14574e+06
1 0.409986 0.159957 1.74346 1.14577e+06
1 0.410581 0.154098 1.74288 1.1458e+06
1 0.413662 0.147022 1.74129 1.14584e+06
1 0.418042 0.139339 1.73929 1.14587e+06
1 0.426059 0.13368 1.73652 1.14590e+06
1 0.436184 0.130694 1.73379 1.14594e+06
1 0.447083 0.132267 1.72518 1.14597e+06
1 0.455592 0.140211 1.7204 1.14601e+06
1 0.463255 0.150673 1.71417 1.14602e+06
1 0.466463 0.164825 1.70863 1.14607e+06
1 0.462243 0.180493 1.70782 1.14609e+06
1 0.454779 0.190105 1.70829 1.14612e+06
1 0.449718 0.194313 1.70965 1.14616e+06
1 0.445541 0.196241 1.70981 1.14619e+06
1 0.446391 0.194723 1.71326 1.14622e+06
1 0.4529 0.194421 1.70802 1.14626e+06
1 0.460768 0.200235 1.70896 1.14629e+06
1 0.46742 0.207221 1.70735 1.14633e+06
1 0.473906 0.218452 1.70281 1.14636e+06
1 0.47755 0.234951 1.70391 1.14639e+06
1 0.478174 0.252039 1.70668 1.14643e+06
1 0.473446 0.264029 1.71506 1.14646e+06
1 0.464924 0.277476 1.7195 1.14649e+06
1 0.451278 0.285055 1.72264 1.14653e+06
1 0.438129 0.287408 1.72696 1.14656e+06
1 0.4271 0.285842 1.72868 1.1466e+06
1 0.418944 0.281495 1.73229 1.14663e+06
1 0.415175 0.276869 1.73042 1.14666e+06
1 0.412379 0.270877 1.73585 1.1467e+06

2 0.344673 0.150059 1.7714 1.1472e+06
2 0.341479 0.149722 1.77106 1.14724e+06
2 0.339209 0.15138 1.77211 1.14727e+06
2 0.338408 0.152847 1.77008 1.1473e+06
2 0.337865 0.153411 1.77024 1.14734e+06
2 0.340233 0.149408 1.76547 1.14737e+06
2 0.345131 0.145375 1.7611 1.1474e+06
2 0.351249 0.141615 1.75371 1.14744e+06
2 0.361555 0.143858 1.74099 1.14747e+06
2 0.372464 0.151853 1.73209 1.14750e+06
2 0.378737 0.165441 1.72161 1.14754e+06
2 0.383104 0.18361 1.71999 1.14757e+06
2 0.38426 0.198181 1.72813 1.14761e+06
2 0.380259 0.217183 1.72853 1.14764e+06
2 0.374246 0.226275 1.73345 1.14768e+06
2 0.36945 0.230015 1.74012 1.14771e+06
2 0.365245 0.22737 1.74989 1.14774e+06
2 0.364618 0.22233 1.75563 1.14776e+06
2 0.36442 0.214671 1.75272 1.14781e+06
2 0.365197 0.209582 1.74681 1.14783e+06
2 0.368203 0.207041 1.73474 1.14786e+06
2 0.373235 0.21047 1.72546 1.14791e+06
2 0.380762 0.216521 1.72064 1.14794e+06
2 0.385006 0.22651 1.71567 1.14797e+06
2 0.38877 0.240463 1.71674 1.14801e+06
2 0.391985 0.250774 1.72202 1.14804e+06
2 0.390472 0.27106 1.72373 1.14807e+06
2 0.385802 0.288142 1.72487 1.14811e+06
2 0.376371 0.301849 1.72555 1.14814e+06
2 0.366627 0.307234 1.73675 1.14816e+06
2 0.355858 0.30509 1.74894 1.14821e+06
2 0.347677 0.301628 1.75881 1.14824e+06
2 0.341374 0.295498 1.76366 1.14827e+06

3 0.472912 0.314485 1.73833 1.14884e+06
3 0.473219 0.313424 1.73901 1.14887e+06
3 0.473964 0.312625 1.74039 1.1489e+06
3 0.474092 0.312119 1.7431 1.14893e+06
3 0.477794 0.308337 1.74629 1.14897e+06
3 0.481192 0.303614 1.74471 1.149e+06
3 0.485476 0.297057 1.74727 1.14904e+06
3 0.490927 0.291816 1.74231 1.14907e+06
3 0.499584 0.288695 1.73551 1.1491e+06
3 0.509639 0.287883 1.73469 1.14914e+06
3 0.519113 0.291824 1.73056 1.14917e+06
3 0.530849 0.303239 1.72691 1.1492e+06
3 0.536608 0.317663 1.72844 1.14924e+06
3 0.53977 0.33066 1.73058 1.14927e+06
3 0.535999 0.341618 1.73319 1.1493e+06
3 0.527299 0.348966 1.73854 1.14934e+06
3 0.517792 0.355335 1.7387 1.14937e+06
3 0.511544 0.358264 1.73804 1.1494e+06
3 0.508449 0.358637 1.73804 1.14944e+06
3 0.510003 0.356348 1.74171 1.14947e+06
3 0.513944 0.353493 1.74082 1.1495e+06
3 0.5201 0.353097 1.74312 1.14954e+06
3 0.529016 0.356391 1.74701 1.14957e+06
3 0.538224 0.362763 1.75205 1.1496e+06
3 0.546139 0.372307 1.76014 1.14964e+06
3 0.554026 0.386776 1.76379 1.14967e+06
3 0.556274 0.402069 1.76931 1.1497e+06
3 0.550571 0.419365 1.77509 1.14974e+06
3 0.539687 0.433538 1.78083 1.14977e+06
3 0.52593 0.441964 1.77908 1.1498e+06
3 0.516405 0.446009 1.77537 1.14984e+06
3 0.509149 0.448318 1.77428 1.14987e+06

4 0.615649 0.296969 1.77847 1.15044e+06
4 0.615906 0.29632 1.77672 1.15046e+06
4 0.614207 0.297645 1.77514 1.1505e+06
4 0.613423 0.298466 1.77664 1.15053e+06
4 0.614587 0.297302 1.77513 1.15056e+06
4 0.616056 0.295429 1.78058 1.1506e+06
4 0.619822 0.290917 1.77976 1.15063e+06
4 0.62402 0.284265 1.784 1.15066e+06
4 0.629437 0.277474 1.78241 1.1507e+06
4 0.636304 0.272537 1.78706 1.15073e+06
4 0.646267 0.271265 1.79021 1.15076e+06
4 0.654704 0.271229 1.79403 1.1508e+06
4 0.665498 0.278547 1.79617 1.15083e+06
4 0.672255 0.287594 1.79615 1.15087e+06
4 0.678109 0.299758 1.79469 1.1509e+06
4 0.676383 0.310213 1.79813 1.15093e+06
4 0.671766 0.321271 1.79604 1.15097e+06
4 0.663737 0.332174 1.79456 1.151e+06
4 0.657912 0.340937 1.79483 1.15104e+06
4 0.653014 0.343232 1.7983 1.15107e+06
4 0.652706 0.33975 1.79889 1.1511e+06
4 0.653953 0.334991 1.80418 1.15114e+06
4 0.658992 0.334429 1.80561 1.15117e+06
4 0.667169 0.333815 1.81422 1.15120e+06
4 0.676447 0.33931 1.81895 1.15124e+06
4 0.685783 0.347521 1.82552 1.15127e+06
4 0.691284 0.361962 1.82857 1.1513e+06
4 0.693993 0.3793 1.83094 1.15133e+06
4 0.690342 0.395853 1.83104 1.15137e+06
4 0.684539 0.410191 1.82776 1.1514e+06
4 0.675637 0.427284 1.82287 1.15144e+06
4 0.664675 0.438139 1.82456 1.15147e+06
4 0.653132 0.443303 1.82642 1.1515e+06
4 0.646977 0.445346 1.82783 1.15154e+06

5 0.645333 0.120865 1.84508 1.1522e+06
5 0.645457 0.120744 1.83897 1.15223e+06
5 0.644349 0.121681 1.84073 1.15226e+06
5 0.643769 0.122806 1.84238 1.1523e+06
5 0.64486 0.121305 1.84488 1.15233e+06
5 0.645366 0.120602 1.8412 1.15238e+06
5 0.645876 0.118691 1.84237 1.1524e+06
5 0.647191 0.114171 1.83602 1.15243e+06
5 0.650258 0.109774 1.83908 1.15246e+06
5 0.656679 0.105072 1.84828 1.1525e+06
5 0.664333 0.101417 1.85793 1.15253e+06
5 0.675048 0.0996538 1.86385 1.15257e+06
5 0.685789 0.104539 1.86999 1.1526e+06
5 0.69208 0.110761 1.87564 1.15263e+06
5 0.698703 0.121544 1.87367 1.15267e+06
5 0.702456 0.132936 1.86776 1.1527e+06
5 0.700327 0.147583 1.86287 1.15273e+06
5 0.698195 0.158033 1.85706 1.15277e+06
5 0.693113 0.165971 1.84903 1.1528e+06
5 0.688242 0.171414 1.84444 1.15284e+06
5 0.686209 0.171768 1.84599 1.15287e+06
5 0.685423 0.173188 1.84888 1.1529e+06
5 0.688376 0.172821 1.85118 1.15294e+06
5 0.694815 0.172438 1.8569 1.15297e+06
5 0.701638 0.176082 1.86033 1.153e+06
5 0.709911 0.180729 1.86538 1.15304e+06
5 0.716622 0.189948 1.87729 1.15307e+06
5 0.721988 0.202412 1.88068 1.1531e+06
5 0.724873 0.217129 1.88063 1.15314e+06
5 0.725603 0.234039 1.87534 1.15317e+06
5 0.722641 0.252441 1.86853 1.1532e+06
5 0.714565 0.270849 1.8606 1.15324e+06
5 0.704812 0.287798 1.85142 1.15328e+06
5 0.693895 0.299298 1.83749 1.15331e+06
5 0.682016 0.306354 1.82789 1.15333e+06
5 0.672953 0.310937 1.8214 1.15338e+06
5 0.664432 0.314621 1.81618 1.15341e+06

6 0.492093 0.293674 1.75593 1.15428e+06
6 0.489644 0.293479 1.75673 1.1543e+06
6 0.487676 0.294671 1.75571 1.15435e+06
6 0.487812 0.294754 1.7523 1.15438e+06
6 0.49053 0.294812 1.75332 1.15441e+06
6 0.492601 0.291715 1.7499 1.15445e+06
6 0.496333 0.289027 1.749 1.15448e+06
6 0.501931 0.286515 1.74635 1.15451e+06
6 0.510788 0.285636 1.74025 1.15455e+06
6 0.517656 0.287075 1.73808 1.15458e+06
6 0.527017 0.294542 1.73618 1.15461e+06
6 0.533836 0.304944 1.72516 1.15465e+06
6 0.537957 0.317318 1.73703 1.15468e+06
6 0.538914 0.332031 1.74224 1.15471e+06
6 0.535116 0.346032 1.75272 1.15475e+06
6 0.530115 0.357978 1.75431 1.15476e+06
6 0.522157 0.363331 1.75831 1.15481e+06
6 0.512798 0.364227 1.76408 1.15485e+06
6 0.507179 0.364644 1.76922 1.15486e+06
6 0.503913 0.359684 1.76614 1.15491e+06
6 0.502351 0.355618 1.76158 1.15495e+06
6 0.506685 0.353303 1.75905 1.15498e+06
6 0.51122 0.352895 1.7576 1.15501e+06
6 0.517024 0.356739 1.7563 1.15504e+06
6 0.526063 0.362067 1.7555 1.15508e+06
6 0.534774 0.373197 1.75989 1.15511e+06
6 0.541679 0.387745 1.76919 1.15514e+06
6 0.54452 0.403358 1.77352 1.15518e+06
6 0.541781 0.422247 1.78126 1.15521e+06
6 0.53279 0.440812 1.77748 1.15524e+06
6 0.523409 0.454543 1.77557 1.15528e+06
6 0.512701 0.458214 1.77734 1.15531e+06
6 0.500906 0.456603 1.78134 1.15534e+06
6 0.495139 0.455404 1.7834 1.15538e+06

7 0.38084 0.170743 1.78818 1.15618e+06
7 0.377458 0.174888 1.78619 1.15621e+06
7 0.375319 0.176203 1.78919 1.15625e+06
7 0.374365 0.177081 1.79011 1.15627e+06
7 0.375061 0.176823 1.78973 1.15631e+06
7 0.37489 0.17305 1.78332 1.15634e+06
7 0.379476 0.168936 1.78208 1.15637e+06
7 0.381853 0.164764 1.77702 1.15640e+06
7 0.388567 0.159025 1.77511 1.15644e+06
7 0.397393 0.157469 1.76738 1.15647e+06
7 0.404088 0.162173 1.76174 1.15651e+06
7 0.410096 0.169399 1.7543 1.15654e+06
7 0.416974 0.178112 1.74594 1.15657e+06
7 0.419476 0.190253 1.74278 1.15661e+06
7 0.418489 0.204794 1.74353 1.15664e+06
7 0.414971 0.218554 1.74827 1.15667e+06
7 0.408783 0.226256 1.74977 1.15671e+06
7 0.405942 0.229965 1.74512 1.15674e+06
7 0.403246 0.230603 1.74852 1.15677e+06
7 0.403591 0.227588 1.74835 1.15681e+06
7 0.406537 0.224058 1.74753 1.15684e+06
7 0.40877 0.222562 1.74597 1.15687e+06
7 0.415304 0.226615 1.74688 1.15691e+06
7 0.418938 0.232077 1.74047 1.15694e+06
7 0.42369 0.238508 1.73897 1.15698e+06
7 0.428346 0.248743 1.73404 1.15701e+06
7 0.430816 0.261081 1.72563 1.15704e+06
7 0.431327 0.274035 1.72853 1.15708e+06
7 0.428033 0.289423 1.73457 1.15711e+06
7 0.420837 0.301601 1.74143 1.15714e+06
7 0.411179 0.307949 1.74609 1.15718e+06
7 0.403775 0.311349 1.75159 1.15721e+06
7 0.397093 0.3106 1.76146 1.15724e+06
7 0.391622 0.305288 1.76409 1.15728e+06

8 0.38356 0.30511 1.77944 1.15911e+06
8 0.383096 0.303915 1.77919 1.15914e+06
8 0.383587 0.301159 1.77847 1.15918e+06
8 0.383897 0.299237 1.77913 1.15921e+06
8 0.385212 0.297209 1.77705 1.15924e+06
8 0.388017 0.297512 1.77672 1.15928e+06
8 0.392675 0.297388 1.76831 1.15931e+06
8 0.399741 0.299766 1.7613 1.15934e+06
8 0.409445 0.307594 1.75163 1.15938e+06
8 0.415052 0.319551 1.75286 1.15941e+06
8 0.418656 0.333132 1.75572 1.15944e+06
8 0.420461 0.349569 1.75781 1.15948e+06
8 0.417899 0.361866 1.76091 1.15951e+06
8 0.413858 0.370604 1.76702 1.15954e+06
8 0.40818 0.372903 1.77232 1.15958e+06
8 0.402886 0.370723 1.77612 1.15961e+06
8 0.399955 0.368546 1.77928 1.15964e+06
8 0.398478 0.366005 1.77845 1.15968e+06
8 0.403346 0.364657 1.77551 1.15971e+06
8 0.408199 0.367392 1.76644 1.15974e+06
8 0.414104 0.372644 1.75867 1.15978e+06
8 0.421996 0.379175 1.76183 1.15981e+06
8 0.427935 0.394355 1.76498 1.15984e+06
8 0.4307 0.41099 1.7675 1.15988e+06
8 0.427182 0.425314 1.77125 1.15991e+06
8 0.42001 0.436397 1.7845 1.15994e+06
8 0.409119 0.446213 1.79188 1.15998e+06
8 0.397202 0.451503 1.80206 1.16001e+06
8 0.382677 0.449945 1.81285 1.16004e+06
8 0.369984 0.441823 1.81803 1.16008e+06
8 0.362311 0.432934 1.82603 1.16011e+06

9 0.526389 0.235746 1.77497 1.16094e+06
9 0.527464 0.235544 1.77089 1.16098e+06
9 0.528997 0.233493 1.76998 1.16101e+06
9 0.53099 0.232014 1.77259 1.16104e+06
9 0.53279 0.230111 1.77562 1.16108e+06
9 0.538182 0.229206 1.7795 1.16111e+06
9 0.545529 0.229243 1.78336 1.16114e+06
9 0.554891 0.230427 1.78035 1.16118e+06
9 0.561193 0.236896 1.77944 1.16121e+06
9 0.568334 0.247292 1.7824 1.16125e+06
9 0.573714 0.26115 1.78323 1.16128e+06
9 0.572583 0.273961 1.77751 1.16131e+06
9 0.567409 0.287216 1.77774 1.16135e+06
9 0.558694 0.294966 1.77664 1.16138e+06
9 0.553192 0.301606 1.77976 1.16141e+06
9 0.550434 0.302217 1.7819 1.16145e+06
9 0.550097 0.30073 1.78368 1.16148e+06
9 0.551919 0.297272 1.78522 1.16152e+06
9 0.557195 0.291736 1.7803 1.16155e+06
9 0.563437 0.291665 1.78523 1.16158e+06
9 0.569672 0.295859 1.79138 1.16161e+06
9 0.577799 0.30524 1.79828 1.16165e+06
9 0.584366 0.316013 1.80269 1.16168e+06
9 0.587665 0.332652 1.80295 1.16171e+06
9 0.584773 0.346502 1.80338 1.16175e+06
9 0.577291 0.358487 1.80612 1.16178e+06
9 0.566627 0.368344 1.80872 1.16182e+06
9 0.55403 0.374661 1.80276 1.16185e+06
9 0.545124 0.377145 1.79772 1.16188e+06

