Gesto: 3
0 0.419663 0.171436 1.96811 735407
0 0.418275 0.17077 1.97513 735441
0 0.418485 0.16864 1.97802 735475
0 0.422252 0.16396 1.98206 735492
0 0.430562 0.154892 1.9867 735543
0 0.441189 0.141754 1.99038 735559
0 0.454339 0.132702 1.98986 735591
0 0.470423 0.122608 1.99193 735642
0 0.489901 0.121227 1.98715 735659
0 0.509764 0.124394 1.979 735692
0 0.527026 0.134555 1.96985 735726
0 0.538262 0.150137 1.95486 735760
0 0.54783 0.167808 1.94436 735794
0 0.54903 0.188279 1.93046 735828
0 0.539753 0.208158 1.91429 735863
0 0.522821 0.228106 1.91324 735896
0 0.50269 0.251155 1.92237 735930
0 0.485316 0.266131 1.92725 735964
0 0.475545 0.273058 1.92974 735997
0 0.47424 0.276113 1.93342 736031
0 0.478841 0.27648 1.9365 736064
0 0.488977 0.276337 1.93222 736097
0 0.50881 0.278114 1.92457 736131
0 0.529338 0.285993 1.91885 736165
0 0.548173 0.298825 1.91771 736199
0 0.568316 0.315877 1.92064 736232
0 0.582539 0.336549 1.91886 736265
0 0.593894 0.364655 1.92198 736298
0 0.596211 0.395315 1.91961 736332
0 0.58594 0.431069 1.91952 736367
0 0.560941 0.466947 1.91802 736400
0 0.535293 0.487577 1.92302 736433
0 0.508654 0.497885 1.93008 736467
0 0.487594 0.499226 1.93529 736501
0 0.470924 0.493579 1.93614 736535
0 0.46224 0.482598 1.93766 736569
0 0.457223 0.47346 1.93716 736603
0 0.455785 0.464414 1.93188 736636
0 0.460043 0.459684 1.9297 736670

1 0.458498 0.171551 2.02218 737806
1 0.461566 0.166071 2.01857 737840
1 0.464716 0.161146 2.01956 737872
1 0.471535 0.157534 2.02217 737905
1 0.479842 0.151208 2.0191 737939
1 0.493746 0.143771 2.02211 737971
1 0.509888 0.142181 2.02292 738005
1 0.525834 0.147201 2.01906 738037
1 0.543868 0.160974 2.00709 738071
1 0.56147 0.173074 1.99462 738105
1 0.572822 0.191584 1.98778 738137
1 0.579818 0.211687 1.98265 738171
1 0.578789 0.233582 1.97128 738204
1 0.570798 0.254563 1.96285 738239
1 0.556048 0.277342 1.95352 738272
1 0.537209 0.295504 1.94941 738303
1 0.520222 0.313095 1.949 738336
1 0.509529 0.32344 1.95225 738369
1 0.504282 0.329015 1.95573 738402
1 0.505947 0.329891 1.95311 738434
1 0.513391 0.329492 1.95076 738467
1 0.527393 0.328052 1.94843 738501
1 0.542538 0.328302 1.95522 738534
1 0.557369 0.331223 1.95724 738568
1 0.575894 0.340617 1.96261 738603
1 0.588562 0.353435 1.97163 738635
1 0.594361 0.372906 1.97329 738669
1 0.59555 0.393755 1.97478 738703
1 0.589354 0.416201 1.97901 738737
1 0.574964 0.441711 1.9724 738772
1 0.547114 0.465815 1.96431 738805
1 0.51888 0.477051 1.96379 738839
1 0.494554 0.482248 1.96565 738872
1 0.474746 0.479858 1.97288 738907
1 0.459211 0.474469 1.97317 738939
1 0.449898 0.465472 1.97503 738973
1 0.445003 0.458279 1.97831 739006

2 0.436509 0.169105 2.02227 739863
2 0.436436 0.166762 2.0163 739896
2 0.439666 0.164851 2.01259 739945
2 0.44763 0.163138 2.01256 739961
2 0.457439 0.161317 2.00405 740010
2 0.469864 0.154913 2.00423 740044
2 0.486587 0.151564 2.00048 740061
2 0.507611 0.15021 1.998 740110
2 0.525595 0.156626 1.99151 740141
2 0.540088 0.170254 1.98061 740175
2 0.543546 0.191954 1.96586 740210
2 0.539232 0.210948 1.9483 740242
2 0.530318 0.227206 1.94563 740276
2 0.514985 0.245475 1.93956 740310
2 0.500444 0.264235 1.94235 740341
2 0.483474 0.279189 1.94737 740375
2 0.47356 0.288994 1.95486 740408
2 0.470294 0.292899 1.95387 740441
2 0.475073 0.293671 1.94879 740475
2 0.480451 0.293511 1.94275 740507
2 0.493863 0.290649 1.9335 740541
2 0.505471 0.287092 1.92596 740574
2 0.522157 0.28887 1.93161 740607
2 0.538585 0.291456 1.93638 740639
2 0.553727 0.296831 1.94233 740672
2 0.569454 0.311204 1.94726 740705
2 0.586194 0.327391 1.95068 740738
2 0.598723 0.34723 1.95131 740771
2 0.60483 0.366978 1.94934 740804
2 0.601647 0.387537 1.9407 740837
2 0.589617 0.411223 1.94536 740875
2 0.561078 0.433136 1.94918 740916
2 0.528836 0.452058 1.9419 740931
2 0.50081 0.465605 1.94355 740964
2 0.478965 0.472713 1.95196 740997
2 0.46284 0.474529 1.96038 741030
2 0.453648 0.475306 1.96182 741063
2 0.452815 0.473557 1.95974 741097

3 0.411459 0.178733 2.01492 742031
3 0.412219 0.172859 2.0173 742065
3 0.416388 0.167969 2.01855 742097
3 0.423683 0.164184 2.01454 742131
3 0.433414 0.154832 2.01318 742165
3 0.450627 0.150184 2.00587 742197
3 0.468747 0.146842 2.00216 742231
3 0.486516 0.148227 1.99706 742265
3 0.505624 0.153948 1.98773 742299
3 0.520979 0.160988 1.96999 742331
3 0.534304 0.170718 1.96459 742365
3 0.539894 0.184936 1.96202 742398
3 0.531117 0.202251 1.95291 742447
3 0.518417 0.21616 1.94701 742464
3 0.500856 0.233569 1.95025 742499
3 0.48545 0.248528 1.95424 742532
3 0.470897 0.264793 1.95537 742566
3 0.463687 0.272922 1.96035 742599
3 0.465081 0.27457 1.96362 742633
3 0.473133 0.27533 1.9638 742667
3 0.486495 0.277891 1.9575 742700
3 0.503669 0.284775 1.95298 742733
3 0.524324 0.291199 1.94763 742767
3 0.540322 0.302763 1.94413 742801
3 0.56124 0.321691 1.94464 742835
3 0.573223 0.341384 1.95424 742870
3 0.574762 0.362298 1.95588 742912
3 0.566922 0.38208 1.95211 742946
3 0.555355 0.407808 1.94407 742978
3 0.531029 0.427187 1.94836 743012
3 0.507793 0.444913 1.95218 743046
3 0.487738 0.452831 1.94821 743080
3 0.472976 0.458908 1.94514 743112
3 0.463447 0.459715 1.9437 743147

4 0.438476 0.190526 1.9864 744066
4 0.442451 0.187255 1.98336 744116
4 0.448735 0.180309 1.98336 744133
4 0.458559 0.175021 1.98426 744165
4 0.471079 0.168745 1.98267 744216
4 0.488154 0.166019 1.98196 744249
4 0.50431 0.166437 1.97549 744265
4 0.52016 0.173373 1.97107 744315
4 0.532665 0.186333 1.96479 744332
4 0.540428 0.19821 1.9585 744366
4 0.53893 0.213417 1.94144 744416
4 0.530984 0.229863 1.93189 744432
4 0.517992 0.247185 1.92815 744465
4 0.498727 0.266004 1.93242 744514
4 0.482306 0.281103 1.93383 744548
4 0.468615 0.295393 1.93083 744566
4 0.461987 0.30261 1.93202 744615
4 0.465187 0.30316 1.93931 744647
4 0.474334 0.302981 1.93911 744664
4 0.48821 0.300518 1.93724 744715
4 0.501543 0.300527 1.92888 744748
4 0.51677 0.304599 1.92506 744781
4 0.536936 0.309718 1.92335 744815
4 0.556709 0.321093 1.92687 744847
4 0.574109 0.335597 1.93068 744869
4 0.585767 0.354041 1.93574 744910
4 0.592856 0.377176 1.93387 744943
4 0.589168 0.398524 1.94087 744977
4 0.574879 0.420895 1.93843 745010
4 0.546941 0.442068 1.94572 745044
4 0.51628 0.459781 1.93943 745077
4 0.491066 0.466612 1.94155 745109
4 0.472722 0.471602 1.94978 745142

5 0.436489 0.188379 1.98368 746078
5 0.431107 0.18428 1.99137 746110
5 0.430246 0.184574 1.99107 746145
5 0.434872 0.184914 1.99427 746179
5 0.443801 0.181595 1.99501 746213
5 0.456202 0.175513 1.99563 746245
5 0.471199 0.170837 1.9903 746278
5 0.488417 0.168968 1.98096 746312
5 0.506362 0.174833 1.96804 746345
5 0.524955 0.187507 1.95949 746378
5 0.534989 0.204559 1.94334 746412
5 0.539972 0.222481 1.93148 746446
5 0.535418 0.241187 1.92339 746480
5 0.523855 0.25971 1.9206 746514
5 0.507438 0.277935 1.923 746548
5 0.491316 0.295477 1.93098 746581
5 0.479606 0.309483 1.93735 746615
5 0.4739 0.316964 1.93809 746649
5 0.472111 0.319758 1.93679 746683
5 0.478066 0.317287 1.93421 746700
5 0.492395 0.315881 1.92816 746751
5 0.509037 0.314253 1.92334 746768
5 0.529498 0.314583 1.92359 746802
5 0.551619 0.320689 1.92888 746836
5 0.571113 0.329454 1.93592 746870
5 0.5847 0.341739 1.94005 746904
5 0.599079 0.362469 1.95 746938
5 0.605246 0.387031 1.95023 746973
5 0.603209 0.413475 1.9596 747006
5 0.588663 0.441956 1.95212 747040

6 0.442861 0.193589 1.97802 747981
6 0.439071 0.191779 1.97842 748015
6 0.437921 0.189146 1.9808 748048
6 0.439924 0.184428 1.98234 748082
6 0.447048 0.181223 1.97878 748116
6 0.461033 0.17367 1.98049 748149
6 0.477764 0.168603 1.97981 748182
6 0.495016 0.167626 1.96538 748216
6 0.516776 0.172967 1.9611 748250
6 0.535692 0.180475 1.96372 748283
6 0.551748 0.194853 1.95157 748316
6 0.562578 0.215934 1.94072 748350
6 0.566125 0.236718 1.92948 748383
6 0.556895 0.264753 1.92006 748417
6 0.540888 0.288433 1.91316 748450
6 0.518928 0.316637 1.9174 748483
6 0.495204 0.336239 1.91626 748517
6 0.481072 0.349773 1.92317 748550
6 0.474103 0.351529 1.92552 748583
6 0.472021 0.350154 1.92733 748617
6 0.477833 0.348369 1.93001 748650
6 0.491446 0.341992 1.92747 748683
6 0.507851 0.336523 1.92436 748717
6 0.526273 0.329575 1.918 748751
6 0.546571 0.329136 1.92108 748784
6 0.56826 0.332656 1.92821 748816
6 0.58828 0.341733 1.9394 748850
6 0.601431 0.362666 1.94393 748882
6 0.604693 0.385331 1.94219 748916
6 0.59682 0.415027 1.94008 748949
6 0.577333 0.446478 1.93676 748981
6 0.54793 0.479738 1.93267 749015
6 0.518163 0.500891 1.93794 749047

7 0.446511 0.186937 1.96767 750018
7 0.444133 0.183805 1.97082 750051
7 0.447216 0.181626 1.97811 750085
7 0.451588 0.17656 1.97991 750103
7 0.461416 0.171355 1.98125 750152
7 0.474214 0.168504 1.98221 750186
7 0.49013 0.167625 1.97417 750203
7 0.507478 0.173995 1.96412 750254
7 0.52791 0.182669 1.95488 750271
7 0.543489 0.20197 1.93696 750305
7 0.551041 0.222901 1.92198 750338
7 0.554078 0.243397 1.90611 750372
7 0.545869 0.264847 1.90181 750414
7 0.5313 0.282519 1.89398 750448
7 0.509592 0.298587 1.90171 750481
7 0.490687 0.311431 1.90057 750515
7 0.481406 0.317649 1.9037 750549
7 0.47888 0.317491 1.90966 750583
7 0.481342 0.315788 1.90732 750617
7 0.493085 0.309664 1.90842 750651
7 0.509202 0.304776 1.90594 750684
7 0.526431 0.303907 1.90081 750718
7 0.543476 0.306541 1.90528 750752
7 0.564641 0.318159 1.91228 750786
7 0.584231 0.335879 1.91988 750820
7 0.598606 0.355406 1.92634 750853
7 0.60421 0.377803 1.92876 750870
7 0.601426 0.402066 1.92609 750920
7 0.588169 0.430427 1.92486 750954
7 0.564258 0.456056 1.92358 750971
7 0.534418 0.479936 1.92255 751021
7 0.507585 0.493881 1.92738 751038
7 0.488751 0.500528 1.93241 751072
7 0.474812 0.501474 1.93244 751122
7 0.467727 0.502059 1.9305 751138
7 0.468145 0.499413 1.9275 751171
7 0.470159 0.493291 1.92294 751222

8 0.42433 0.184516 1.97548 752113
8 0.426812 0.185099 1.97855 752147
8 0.433232 0.183723 1.97603 752182
8 0.443433 0.180905 1.97464 752213
8 0.45962 0.174305 1.97397 752246
8 0.477152 0.16976 1.97219 752279
8 0.499782 0.171296 1.96461 752312
8 0.521401 0.179042 1.95504 752346
8 0.540794 0.193356 1.94341 752380
8 0.549883 0.2089 1.9297 752413
8 0.552659 0.231966 1.9219 752444
8 0.543413 0.248419 1.90539 752476
8 0.528064 0.264338 1.89929 752510
8 0.509868 0.281039 1.89553 752542
8 0.490341 0.298817 1.90669 752575
8 0.474222 0.314663 1.91358 752609
8 0.46601 0.323047 1.91765 752643
8 0.468045 0.322365 1.91994 752676
8 0.475532 0.319958 1.91494 752708
8 0.488481 0.316135 1.91201 752742
8 0.506808 0.311646 1.90343 752776
8 0.526151 0.313935 1.90137 752810
8 0.543059 0.318782 1.90126 752843
8 0.561556 0.326402 1.9038 752877
8 0.57967 0.341914 1.91115 752910
8 0.589087 0.36199 1.91507 752944
8 0.592976 0.383932 1.90978 752976
8 0.584644 0.403668 1.91074 753010
8 0.569101 0.42223 1.90894 753044
8 0.537969 0.442532 1.91045 753076
8 0.509658 0.461646 1.90776 753108
8 0.484834 0.473326 1.90816 753142
8 0.468748 0.480008 1.91197 753174
8 0.457449 0.482335 1.91524 753208

9 0.424258 0.183625 1.98619 754119
9 0.426418 0.177963 1.98767 754153
9 0.43311 0.171124 1.98193 754187
9 0.443633 0.162143 1.98512 754220
9 0.460835 0.156895 1.98489 754254
9 0.477819 0.154035 1.97717 754287
9 0.494409 0.157924 1.9672 754321
9 0.513206 0.162504 1.95792 754355
9 0.528748 0.172464 1.95588 754392
9 0.536861 0.188306 1.94152 754414
9 0.54029 0.205357 1.93366 754451
9 0.535899 0.223181 1.92723 754485
9 0.52043 0.242103 1.91869 754517
9 0.501112 0.262896 1.91939 754551
9 0.481606 0.280582 1.92211 754586
9 0.466203 0.298102 1.92372 754619
9 0.458568 0.307485 1.92486 754653
9 0.456354 0.311878 1.92024 754688
9 0.462179 0.313708 1.91752 754721
9 0.473698 0.313814 1.91637 754755
9 0.486914 0.314468 1.91114 754789
9 0.504152 0.316215 1.91007 754823
9 0.521058 0.320551 1.90868 754856
9 0.537451 0.328712 1.90616 754890
9 0.55008 0.343401 1.91204 754924
9 0.560025 0.363422 1.91805 754941
9 0.559061 0.384061 1.91815 754976
9 0.550842 0.404309 1.91826 755010
9 0.529338 0.421984 1.91463 755042
9 0.498614 0.440619 1.90772 755076
9 0.475015 0.45746 1.90794 755109
9 0.453524 0.467962 1.90711 755142
9 0.439446 0.47551 1.9195 755176

