Gesto: 3
0 0.600602 0.134233 1.79322 1.27879e+06
0 0.602427 0.133455 1.79023 1.27882e+06
0 0.603507 0.13234 1.78884 1.27886e+06
0 0.604836 0.1304 1.79134 1.27889e+06
0 0.608411 0.132478 1.79228 1.27892e+06
0 0.610868 0.132992 1.79685 1.27896e+06
0 0.615223 0.133368 1.79988 1.27899e+06
0 0.619402 0.13378 1.80346 1.27902e+06
0 0.625088 0.136698 1.81065 1.27906e+06
0 0.628738 0.140592 1.81342 1.27909e+06
0 0.635083 0.142418 1.81401 1.27912e+06
0 0.639929 0.149001 1.8162 1.27915e+06
0 0.645261 0.153097 1.81634 1.27919e+06
0 0.651142 0.157876 1.81756 1.27922e+06
0 0.653118 0.165288 1.81495 1.27926e+06
0 0.654395 0.170562 1.81302 1.27929e+06
0 0.654705 0.174 1.80903 1.27932e+06
0 0.654731 0.181558 1.80782 1.27936e+06
0 0.650858 0.188456 1.80403 1.27939e+06
0 0.648298 0.193595 1.8004 1.27942e+06
0 0.645002 0.199808 1.80341 1.27946e+06
0 0.639202 0.204699 1.80817 1.27949e+06
0 0.634104 0.208775 1.80535 1.27953e+06
0 0.62801 0.214324 1.79684 1.27956e+06
0 0.623037 0.217408 1.79398 1.2796e+06
0 0.61732 0.224601 1.78974 1.27963e+06
0 0.614856 0.227847 1.78164 1.27966e+06
0 0.609023 0.229311 1.77896 1.27969e+06
0 0.605286 0.231995 1.77572 1.27973e+06
0 0.605587 0.233943 1.77121 1.27976e+06
0 0.603514 0.238617 1.77469 1.2798e+06
0 0.604387 0.237907 1.77701 1.27983e+06
0 0.606876 0.237353 1.78021 1.27986e+06
0 0.610527 0.235615 1.77781 1.2799e+06
0 0.614772 0.235197 1.78311 1.27993e+06
0 0.618151 0.236134 1.78098 1.27996e+06
0 0.623182 0.236325 1.78277 1.27999e+06
0 0.628834 0.236585 1.78873 1.28003e+06
0 0.634275 0.237582 1.78529 1.28006e+06
0 0.637881 0.241351 1.78363 1.2801e+06
0 0.644134 0.243438 1.78794 1.28013e+06
0 0.649449 0.247304 1.78959 1.28016e+06
0 0.651943 0.253267 1.79139 1.2802e+06
0 0.656251 0.256427 1.79585 1.28023e+06
0 0.658633 0.261981 1.79261 1.28026e+06
0 0.657767 0.268983 1.79388 1.2803e+06
0 0.656509 0.274389 1.79 1.28033e+06
0 0.658579 0.279856 1.78482 1.28036e+06
0 0.656218 0.285694 1.78691 1.2804e+06
0 0.654456 0.291105 1.7835 1.28043e+06
0 0.649026 0.301194 1.78387 1.28046e+06
0 0.645467 0.307896 1.7782 1.2805e+06
0 0.643192 0.312047 1.77072 1.28053e+06
0 0.63824 0.320775 1.77557 1.28057e+06
0 0.632647 0.325806 1.7746 1.2806e+06
0 0.62531 0.328725 1.77715 1.28062e+06
0 0.61803 0.336854 1.77462 1.28067e+06
0 0.610335 0.34112 1.77648 1.28068e+06
0 0.605293 0.343487 1.77541 1.28072e+06
0 0.600222 0.345696 1.77402 1.28075e+06
0 0.595305 0.348134 1.77412 1.28078e+06
0 0.59113 0.348219 1.77637 1.28082e+06
0 0.585809 0.350098 1.77301 1.28087e+06
0 0.58243 0.351806 1.764 1.28089e+06
0 0.578348 0.350905 1.75683 1.28092e+06
0 0.57887 0.351373 1.75253 1.28095e+06

1 0.718739 0.19665 1.87008 1.2825e+06
1 0.720844 0.19687 1.87176 1.28253e+06
1 0.722547 0.194742 1.86566 1.28257e+06
1 0.723512 0.195678 1.8671 1.2826e+06
1 0.725613 0.198021 1.8725 1.28264e+06
1 0.729562 0.197274 1.8778 1.28265e+06
1 0.733537 0.198972 1.876 1.2827e+06
1 0.73767 0.201253 1.8814 1.28272e+06
1 0.7426 0.204714 1.88625 1.28275e+06
1 0.745883 0.206937 1.89361 1.28279e+06
1 0.750675 0.210678 1.89975 1.28282e+06
1 0.757672 0.213429 1.90869 1.28285e+06
1 0.762343 0.220334 1.90727 1.2829e+06
1 0.766098 0.226373 1.90478 1.28292e+06
1 0.766649 0.234191 1.90471 1.28295e+06
1 0.766673 0.242482 1.90651 1.283e+06
1 0.762367 0.251674 1.9057 1.28304e+06
1 0.758318 0.257617 1.90142 1.28305e+06
1 0.754701 0.267822 1.89536 1.2831e+06
1 0.751832 0.27477 1.88727 1.28312e+06
1 0.747304 0.280249 1.8848 1.28315e+06
1 0.744532 0.286178 1.88065 1.2832e+06
1 0.741153 0.293511 1.87532 1.28322e+06
1 0.734121 0.299831 1.86622 1.28326e+06
1 0.730273 0.305283 1.86244 1.28329e+06
1 0.726054 0.312627 1.85334 1.28332e+06
1 0.723506 0.317025 1.84181 1.28336e+06
1 0.72112 0.320412 1.84708 1.28339e+06
1 0.718888 0.323205 1.84591 1.28342e+06
1 0.718058 0.324097 1.84633 1.28346e+06
1 0.71785 0.324802 1.84638 1.28349e+06
1 0.720038 0.322096 1.85376 1.28352e+06
1 0.718055 0.321175 1.86024 1.28356e+06
1 0.72064 0.321005 1.86072 1.28359e+06
1 0.726179 0.319208 1.86018 1.28363e+06
1 0.732864 0.315385 1.8637 1.28366e+06
1 0.739172 0.312745 1.86576 1.28369e+06
1 0.745881 0.309935 1.87181 1.28373e+06
1 0.749032 0.313084 1.87803 1.28376e+06
1 0.751164 0.315213 1.88613 1.28379e+06
1 0.753774 0.318282 1.89246 1.28382e+06
1 0.757695 0.320688 1.89677 1.28386e+06
1 0.762054 0.328191 1.89533 1.28389e+06
1 0.76409 0.334262 1.90059 1.28393e+06
1 0.766909 0.342659 1.9079 1.28396e+06
1 0.767511 0.347899 1.90452 1.28399e+06
1 0.768333 0.35751 1.90239 1.28403e+06
1 0.768519 0.362818 1.90377 1.28406e+06
1 0.765411 0.366681 1.91183 1.2841e+06
1 0.756314 0.375464 1.91064 1.28413e+06
1 0.751331 0.383368 1.89562 1.28416e+06
1 0.747021 0.387823 1.89479 1.2842e+06
1 0.738644 0.395671 1.89067 1.28423e+06
1 0.732259 0.400679 1.88217 1.28426e+06
1 0.724279 0.407187 1.87461 1.2843e+06
1 0.715627 0.409827 1.86991 1.28433e+06
1 0.706683 0.416205 1.86611 1.28437e+06
1 0.700467 0.420212 1.85725 1.28441e+06
1 0.692108 0.42225 1.85142 1.28442e+06
1 0.685272 0.425379 1.85171 1.28446e+06
1 0.678162 0.427225 1.84351 1.28449e+06
1 0.672786 0.432805 1.83863 1.28453e+06
1 0.668359 0.439063 1.82801 1.28456e+06

2 0.521062 0.494281 1.88057 1.28649e+06
2 0.523795 0.496147 1.87772 1.28652e+06
2 0.523372 0.497086 1.86633 1.28656e+06
2 0.52836 0.495223 1.86676 1.28659e+06
2 0.532915 0.49578 1.8742 1.28662e+06
2 0.538188 0.496114 1.87854 1.28666e+06
2 0.545381 0.49144 1.87855 1.28669e+06
2 0.551629 0.492175 1.87951 1.28672e+06
2 0.560349 0.491839 1.88118 1.28676e+06
2 0.56903 0.493259 1.89077 1.28681e+06
2 0.577305 0.495406 1.89226 1.28682e+06
2 0.583071 0.496747 1.90269 1.28686e+06
2 0.588816 0.502031 1.90552 1.28689e+06
2 0.593246 0.505932 1.90837 1.28693e+06
2 0.595832 0.507679 1.9171 1.28696e+06
2 0.597761 0.512297 1.91987 1.28699e+06
2 0.598504 0.519551 1.9228 1.28703e+06
2 0.594579 0.529377 1.92622 1.28706e+06
2 0.591713 0.534104 1.92884 1.2871e+06
2 0.588872 0.53893 1.93107 1.28713e+06
2 0.582369 0.547554 1.92309 1.28716e+06
2 0.577129 0.550169 1.92211 1.2872e+06
2 0.56979 0.553963 1.91988 1.28723e+06
2 0.562613 0.554408 1.91841 1.28726e+06
2 0.554905 0.557206 1.91607 1.2873e+06
2 0.548702 0.559393 1.91652 1.28733e+06
2 0.532461 0.563581 1.91293 1.28744e+06
2 0.525546 0.563923 1.90885 1.28747e+06
2 0.522486 0.562692 1.90977 1.2875e+06
2 0.520962 0.563176 1.91126 1.28754e+06
2 0.524474 0.562493 1.9155 1.2876e+06
2 0.529302 0.561073 1.92392 1.28764e+06
2 0.540144 0.561738 1.92285 1.2877e+06
2 0.547779 0.562144 1.92812 1.28774e+06
2 0.554139 0.563294 1.93156 1.28777e+06
2 0.559908 0.563354 1.93783 1.28780e+06
2 0.566038 0.56342 1.9442 1.28784e+06
2 0.571243 0.568884 1.94599 1.28787e+06
2 0.578117 0.573925 1.94891 1.28791e+06
2 0.582875 0.576349 1.95313 1.28792e+06
2 0.585436 0.578364 1.9594 1.28797e+06
2 0.588438 0.578141 1.97142 1.28801e+06
2 0.588911 0.578377 1.97774 1.28802e+06
2 0.589319 0.580909 1.98709 1.28807e+06
2 0.589092 0.588512 1.98823 1.28809e+06
2 0.589427 0.593034 1.99325 1.28812e+06
2 0.586183 0.596893 1.99232 1.28817e+06
2 0.580922 0.605691 1.98846 1.28820e+06
2 0.574225 0.611086 1.98984 1.28824e+06
2 0.568215 0.613803 1.98545 1.28827e+06
2 0.560791 0.615843 1.98241 1.28830e+06
2 0.552502 0.617259 1.97951 1.28834e+06
2 0.544957 0.617015 1.97974 1.28837e+06
2 0.540372 0.61853 1.97054 1.28841e+06
2 0.533127 0.621113 1.96521 1.28844e+06
2 0.525194 0.623203 1.96037 1.28847e+06
2 0.522413 0.625374 1.95941 1.28851e+06
2 0.51671 0.619003 1.96079 1.28854e+06
2 0.510291 0.619087 1.96954 1.28857e+06
2 0.500464 0.618337 1.98143 1.28860e+06
2 0.496398 0.623614 1.97446 1.28864e+06
2 0.496737 0.629876 1.96715 1.28867e+06
2 0.495626 0.628797 1.96844 1.28869e+06

3 0.822554 0.227841 1.88934 1.29103e+06
3 0.823509 0.224932 1.88338 1.29108e+06
3 0.824757 0.223004 1.88321 1.29111e+06
3 0.827709 0.221562 1.88038 1.29113e+06
3 0.8303 0.219787 1.88169 1.29118e+06
3 0.834902 0.218861 1.88424 1.2912e+06
3 0.839412 0.217801 1.89407 1.29123e+06
3 0.842266 0.216736 1.90351 1.29126e+06
3 0.844487 0.216202 1.90865 1.2913e+06
3 0.847349 0.220877 1.91298 1.29133e+06
3 0.849716 0.222493 1.92243 1.29136e+06
3 0.855781 0.225113 1.93235 1.2914e+06
3 0.860667 0.230058 1.9403 1.29143e+06
3 0.861935 0.235597 1.94358 1.29147e+06
3 0.866786 0.245012 1.95456 1.2915e+06
3 0.869034 0.250287 1.96155 1.29153e+06
3 0.868483 0.260489 1.95931 1.29157e+06
3 0.868689 0.267645 1.96586 1.2916e+06
3 0.870673 0.276379 1.9691 1.29164e+06
3 0.866278 0.28383 1.9651 1.29167e+06
3 0.862015 0.28863 1.95999 1.2917e+06
3 0.859919 0.29305 1.96371 1.29174e+06
3 0.852357 0.301561 1.9527 1.29177e+06
3 0.849261 0.306614 1.95467 1.2918e+06
3 0.844204 0.316199 1.94308 1.29184e+06
3 0.839835 0.32214 1.93232 1.29187e+06
3 0.833127 0.326855 1.9261 1.2919e+06
3 0.82962 0.329385 1.92239 1.29194e+06
3 0.827283 0.333572 1.91547 1.29197e+06
3 0.826055 0.334066 1.91518 1.292e+06
3 0.823107 0.336947 1.91166 1.29204e+06
3 0.821033 0.33854 1.90792 1.29207e+06
3 0.824141 0.339778 1.90675 1.2921e+06
3 0.827248 0.338241 1.90841 1.29214e+06
3 0.828238 0.336576 1.91736 1.29217e+06
3 0.830348 0.337222 1.91604 1.2922e+06
3 0.833438 0.335439 1.91932 1.29224e+06
3 0.836746 0.334565 1.92459 1.29227e+06
3 0.841929 0.334466 1.92986 1.2923e+06
3 0.846975 0.339181 1.93394 1.29234e+06
3 0.851832 0.343426 1.95191 1.29237e+06
3 0.856624 0.343454 1.96376 1.2924e+06
3 0.859773 0.343688 1.9705 1.29244e+06
3 0.859852 0.349827 1.97003 1.29247e+06
3 0.861372 0.355793 1.97467 1.29250e+06
3 0.863302 0.36461 1.98691 1.29254e+06
3 0.864656 0.37187 1.98971 1.29257e+06
3 0.864611 0.3818 1.99254 1.2926e+06
3 0.865236 0.387428 1.99893 1.29264e+06
3 0.861557 0.394313 2.00537 1.29267e+06
3 0.858277 0.405085 2.00094 1.2927e+06
3 0.853534 0.41366 1.99613 1.29274e+06
3 0.849308 0.420393 1.98618 1.29277e+06
3 0.842885 0.429685 1.98012 1.2928e+06
3 0.837495 0.43523 1.97235 1.29284e+06
3 0.833496 0.443133 1.9675 1.29287e+06
3 0.825971 0.453802 1.9544 1.29291e+06
3 0.81908 0.459451 1.94818 1.29293e+06
3 0.813936 0.463954 1.94038 1.29297e+06
3 0.808866 0.471824 1.93915 1.293e+06
3 0.803005 0.471147 1.93296 1.29303e+06
3 0.801268 0.477594 1.93017 1.29307e+06
3 0.800316 0.48233 1.93052 1.2931e+06
3 0.8001 0.484372 1.9295 1.29313e+06
3 0.799224 0.484647 1.92092 1.29317e+06
3 0.797925 0.485897 1.91568 1.2932e+06
3 0.797257 0.486573 1.91309 1.29323e+06

4 0.412066 0.113698 1.73292 1.29507e+06
4 0.412274 0.112624 1.73346 1.2951e+06
4 0.41477 0.111414 1.73153 1.29513e+06
4 0.419162 0.111138 1.73318 1.29517e+06
4 0.422821 0.110482 1.73503 1.2952e+06
4 0.429302 0.110038 1.73801 1.29524e+06
4 0.435356 0.109651 1.73687 1.29527e+06
4 0.442532 0.109038 1.73612 1.2953e+06
4 0.450651 0.110083 1.73412 1.29534e+06
4 0.458626 0.115643 1.74017 1.29537e+06
4 0.464109 0.121578 1.73947 1.29540e+06
4 0.469861 0.126573 1.73902 1.29544e+06
4 0.47545 0.133164 1.73831 1.29547e+06
4 0.478753 0.138548 1.73734 1.29551e+06
4 0.480386 0.146938 1.73693 1.29554e+06
4 0.481088 0.153619 1.73465 1.29558e+06
4 0.480165 0.162845 1.73392 1.29561e+06
4 0.476525 0.169352 1.73153 1.29564e+06
4 0.473101 0.173605 1.72958 1.29568e+06
4 0.468213 0.181336 1.72479 1.29571e+06
4 0.463688 0.187619 1.72185 1.29574e+06
4 0.45756 0.193473 1.71746 1.29578e+06
4 0.450677 0.197497 1.71581 1.29581e+06
4 0.442766 0.20023 1.71541 1.29585e+06
4 0.435434 0.204243 1.71563 1.29588e+06
4 0.429725 0.206699 1.71757 1.2959e+06
4 0.423681 0.209808 1.7173 1.29595e+06
4 0.418124 0.210568 1.71859 1.29596e+06
4 0.417497 0.211015 1.72084 1.296e+06
4 0.418163 0.211221 1.72294 1.29603e+06
4 0.419534 0.211265 1.72024 1.29606e+06
4 0.420831 0.208615 1.72002 1.2961e+06
4 0.425024 0.20979 1.71804 1.29615e+06
4 0.431519 0.20958 1.71436 1.29618e+06
4 0.438787 0.210437 1.71316 1.2962e+06
4 0.444764 0.210094 1.71135 1.29625e+06
4 0.451212 0.211518 1.7046 1.29626e+06
4 0.458875 0.213874 1.69764 1.2963e+06
4 0.464952 0.218706 1.7028 1.29633e+06
4 0.471509 0.221758 1.70917 1.29638e+06
4 0.477093 0.226075 1.7153 1.2964e+06
4 0.480665 0.233326 1.7141 1.29645e+06
4 0.482667 0.237706 1.71434 1.29648e+06
4 0.483923 0.245962 1.71572 1.29651e+06
4 0.483032 0.251673 1.71196 1.29654e+06
4 0.482345 0.259945 1.71433 1.29658e+06
4 0.481536 0.265869 1.72136 1.29661e+06
4 0.478364 0.274561 1.71703 1.29664e+06
4 0.473743 0.281144 1.71449 1.29668e+06
4 0.469505 0.285466 1.71262 1.29671e+06
4 0.464267 0.292778 1.71255 1.29674e+06
4 0.45822 0.29733 1.71203 1.29678e+06
4 0.451098 0.303298 1.71042 1.29681e+06
4 0.446157 0.305082 1.71111 1.29684e+06
4 0.441065 0.308238 1.71254 1.29688e+06
4 0.433473 0.312682 1.7136 1.29691e+06
4 0.426565 0.317385 1.71425 1.29694e+06
4 0.421737 0.319307 1.71672 1.29697e+06
4 0.417833 0.32164 1.72055 1.29701e+06
4 0.412134 0.321889 1.72196 1.29704e+06
4 0.409224 0.321774 1.7206 1.29707e+06
4 0.407835 0.321449 1.71961 1.29711e+06
4 0.406959 0.321504 1.71743 1.29714e+06
4 0.406671 0.320998 1.72063 1.29717e+06

5 0.279765 0.0882661 1.72 1.31215e+06
5 0.280985 0.0870695 1.71844 1.31218e+06
5 0.282048 0.0873489 1.71323 1.31222e+06
5 0.289516 0.0961514 1.71853 1.31225e+06
5 0.290355 0.0922126 1.71767 1.31228e+06
5 0.295712 0.0956344 1.71665 1.31232e+06
5 0.29986 0.0966978 1.71683 1.31235e+06
5 0.303961 0.0945376 1.71343 1.31238e+06
5 0.307416 0.0940874 1.71238 1.31242e+06
5 0.311652 0.0928651 1.71129 1.31245e+06
5 0.316222 0.0923585 1.70982 1.31248e+06
5 0.320319 0.0927969 1.70585 1.31252e+06
5 0.323673 0.0917751 1.70248 1.31255e+06
5 0.327224 0.0939651 1.70058 1.31258e+06
5 0.330596 0.0941573 1.69411 1.31262e+06
5 0.333162 0.0960397 1.68818 1.31265e+06
5 0.333009 0.101664 1.68418 1.31269e+06
5 0.332927 0.106073 1.68004 1.31272e+06
5 0.333563 0.109731 1.68215 1.31275e+06
5 0.33306 0.116505 1.68137 1.31278e+06
5 0.330051 0.120475 1.67706 1.31282e+06
5 0.328537 0.125539 1.67137 1.31285e+06
5 0.325897 0.131699 1.67325 1.31288e+06
5 0.32118 0.136329 1.66849 1.31292e+06
5 0.317109 0.139152 1.66667 1.31295e+06
5 0.31113 0.144802 1.66263 1.31298e+06
5 0.306454 0.150831 1.66337 1.31302e+06
5 0.301426 0.156597 1.66032 1.31305e+06
5 0.295078 0.162819 1.65803 1.31308e+06
5 0.28816 0.16782 1.65681 1.31312e+06
5 0.284025 0.170539 1.65751 1.31315e+06
5 0.280045 0.173056 1.66081 1.31319e+06
5 0.277872 0.175359 1.66268 1.31322e+06
5 0.275614 0.176943 1.66128 1.31326e+06
5 0.274373 0.177609 1.66022 1.31329e+06
5 0.275913 0.177522 1.6564 1.31332e+06
5 0.278596 0.175928 1.65484 1.31336e+06
5 0.280635 0.175973 1.64984 1.31339e+06
5 0.28343 0.174998 1.64605 1.31342e+06
5 0.287529 0.174922 1.6477 1.31346e+06
5 0.293166 0.174539 1.64484 1.31349e+06
5 0.296773 0.174215 1.64622 1.31353e+06
5 0.303232 0.174384 1.64362 1.31356e+06
5 0.309797 0.175491 1.64157 1.3136e+06
5 0.317845 0.176236 1.63979 1.31361e+06
5 0.323204 0.177372 1.63724 1.31366e+06
5 0.32955 0.17834 1.63527 1.3137e+06
5 0.334592 0.180705 1.63628 1.31371e+06
5 0.33641 0.181888 1.63389 1.31376e+06
5 0.339036 0.185875 1.6309 1.31378e+06
5 0.342865 0.189296 1.63512 1.31381e+06
5 0.345823 0.193429 1.63287 1.31386e+06
5 0.347588 0.199564 1.63294 1.31388e+06
5 0.345862 0.206181 1.6313 1.31391e+06
5 0.343229 0.213805 1.62879 1.31396e+06
5 0.341367 0.219611 1.62496 1.31398e+06
5 0.340309 0.225459 1.62743 1.31401e+06
5 0.336827 0.233558 1.62525 1.31405e+06
5 0.328591 0.241606 1.61325 1.31408e+06
5 0.325089 0.249189 1.61177 1.31412e+06
5 0.322299 0.255161 1.61154 1.31415e+06
5 0.315861 0.263573 1.60486 1.31418e+06
5 0.311819 0.269631 1.61094 1.31421e+06
5 0.30555 0.273534 1.61549 1.31425e+06
5 0.298973 0.27866 1.61454 1.31428e+06
5 0.293129 0.282699 1.61785 1.31431e+06
5 0.286661 0.28675 1.6185 1.31435e+06
5 0.281601 0.287816 1.62111 1.31438e+06
5 0.277577 0.289147 1.62507 1.31441e+06
5 0.275302 0.28991 1.62856 1.31446e+06
5 0.273482 0.291049 1.63066 1.3145e+06
5 0.273112 0.291476 1.62959 1.31453e+06

6 0.52041 0.083753 1.71033 1.3178e+06
6 0.521548 0.0852671 1.71125 1.31783e+06
6 0.5211 0.0831584 1.70875 1.31786e+06
6 0.521254 0.0815013 1.70583 1.3179e+06
6 0.521514 0.0810942 1.70572 1.31792e+06
6 0.522606 0.0798448 1.70501 1.31796e+06
6 0.524009 0.0815251 1.709 1.31799e+06
6 0.525051 0.0826559 1.7087 1.31802e+06
6 0.52765 0.0834847 1.71152 1.31806e+06
6 0.530992 0.0859082 1.71291 1.31809e+06
6 0.533863 0.0865654 1.7116 1.31812e+06
6 0.537893 0.0888848 1.71268 1.31816e+06
6 0.542038 0.0902875 1.7122 1.31819e+06
6 0.546444 0.0912074 1.71396 1.31822e+06
6 0.55187 0.0913115 1.71435 1.31826e+06
6 0.556887 0.0946824 1.71404 1.31829e+06
6 0.560413 0.0981731 1.7126 1.31832e+06
6 0.563267 0.0976189 1.70883 1.31836e+06
6 0.566495 0.0980619 1.70377 1.31839e+06
6 0.569997 0.100767 1.70035 1.31842e+06
6 0.571716 0.103482 1.6962 1.31845e+06
6 0.5725 0.105012 1.69424 1.31849e+06
6 0.570053 0.111909 1.69248 1.31852e+06
6 0.566657 0.116665 1.69062 1.31855e+06
6 0.563625 0.119705 1.68882 1.31859e+06
6 0.560748 0.123783 1.68544 1.31862e+06
6 0.556755 0.127526 1.68086 1.31866e+06
6 0.553016 0.128262 1.67617 1.31869e+06
6 0.547205 0.133203 1.67672 1.31872e+06
6 0.540577 0.137267 1.66996 1.31876e+06
6 0.53549 0.139483 1.66815 1.31879e+06
6 0.532963 0.140954 1.66546 1.31882e+06
6 0.531775 0.141486 1.66542 1.31886e+06
6 0.529483 0.142755 1.66508 1.31889e+06
6 0.529201 0.142655 1.66417 1.31892e+06
6 0.529831 0.142839 1.66275 1.31896e+06
6 0.531405 0.143945 1.6658 1.31899e+06
6 0.532026 0.146306 1.66173 1.31902e+06
6 0.533966 0.145598 1.66586 1.31906e+06
6 0.539368 0.14607 1.66531 1.31909e+06
6 0.545123 0.1478 1.65769 1.31912e+06
6 0.549947 0.147015 1.66075 1.31916e+06
6 0.555375 0.149646 1.66936 1.31919e+06
6 0.560317 0.152879 1.67261 1.31922e+06
6 0.565937 0.15462 1.67238 1.31926e+06
6 0.570584 0.157083 1.67725 1.31929e+06
6 0.574033 0.159735 1.67766 1.31932e+06
6 0.575201 0.16407 1.68101 1.31936e+06
6 0.578313 0.168599 1.68294 1.31939e+06
6 0.58153 0.171824 1.68187 1.31942e+06
6 0.583156 0.177366 1.68018 1.31946e+06
6 0.583902 0.18127 1.67726 1.31949e+06
6 0.584166 0.183231 1.68069 1.31953e+06
6 0.581686 0.187938 1.67795 1.31956e+06
6 0.577929 0.194745 1.67468 1.31959e+06
6 0.575294 0.204025 1.67143 1.31962e+06
6 0.572558 0.211095 1.67303 1.31966e+06
6 0.568658 0.216599 1.67522 1.31969e+06
6 0.562416 0.222775 1.67002 1.31973e+06
6 0.556444 0.227634 1.66636 1.31976e+06
6 0.550758 0.231246 1.67269 1.31979e+06
6 0.547427 0.234913 1.67352 1.31982e+06
6 0.543416 0.238864 1.67347 1.31986e+06
6 0.539059 0.240104 1.67455 1.31989e+06
6 0.535841 0.240633 1.66798 1.31992e+06
6 0.533757 0.240946 1.66321 1.31996e+06
6 0.532642 0.24313 1.66061 1.31999e+06
6 0.531494 0.245486 1.65106 1.32002e+06

7 0.678643 0.556252 1.78149 1.32199e+06
7 0.68206 0.556556 1.77946 1.32202e+06
7 0.685022 0.555927 1.77849 1.32206e+06
7 0.686305 0.555133 1.77612 1.32209e+06
7 0.687984 0.553559 1.77559 1.32212e+06
7 0.691935 0.55455 1.77581 1.32216e+06
7 0.694511 0.555287 1.77478 1.32219e+06
7 0.700397 0.555408 1.77577 1.32222e+06
7 0.704136 0.555381 1.77446 1.32226e+06
7 0.707136 0.556008 1.78012 1.32229e+06
7 0.711783 0.554414 1.78649 1.32232e+06
7 0.717221 0.557883 1.7898 1.32236e+06
7 0.722723 0.557386 1.79811 1.32239e+06
7 0.726521 0.558283 1.80724 1.32243e+06
7 0.727535 0.560754 1.81343 1.32247e+06
7 0.729703 0.565065 1.81911 1.3225e+06
7 0.730184 0.569279 1.82161 1.32253e+06
7 0.72875 0.572154 1.8287 1.32257e+06
7 0.724605 0.573811 1.83013 1.3226e+06
7 0.722505 0.580351 1.82754 1.32263e+06
7 0.719221 0.584078 1.83194 1.32266e+06
7 0.713746 0.587916 1.8371 1.3227e+06
7 0.710434 0.59559 1.8315 1.32273e+06
7 0.703148 0.600468 1.82443 1.32277e+06
7 0.697601 0.603568 1.81952 1.32278e+06
7 0.69018 0.605292 1.81809 1.32283e+06
7 0.682989 0.606544 1.81709 1.32287e+06
7 0.678772 0.605539 1.81745 1.3229e+06
7 0.673731 0.610226 1.80945 1.32293e+06
7 0.670576 0.609487 1.80756 1.32297e+06
7 0.668602 0.608435 1.80718 1.323e+06
7 0.667617 0.608238 1.80729 1.32303e+06
7 0.668367 0.612433 1.80365 1.32307e+06
7 0.673514 0.611246 1.80799 1.3231e+06
7 0.676763 0.61009 1.81507 1.32314e+06
7 0.681165 0.608828 1.82192 1.32317e+06
7 0.683922 0.608205 1.82789 1.3232e+06
7 0.688672 0.606883 1.83168 1.32324e+06
7 0.695217 0.609059 1.83973 1.32325e+06
7 0.699386 0.60689 1.8453 1.3233e+06
7 0.703662 0.607947 1.85103 1.32334e+06
7 0.708421 0.607078 1.86173 1.32335e+06
7 0.711251 0.606482 1.86661 1.32339e+06
7 0.712835 0.606264 1.86958 1.32342e+06
7 0.714386 0.606628 1.8791 1.32346e+06
7 0.715465 0.60715 1.88799 1.32349e+06
7 0.7163 0.607431 1.89559 1.32352e+06
7 0.716331 0.609475 1.90084 1.32356e+06
7 0.716859 0.615958 1.9009 1.32359e+06
7 0.717852 0.62098 1.90798 1.32362e+06
7 0.717904 0.625884 1.91345 1.32366e+06
7 0.717621 0.629944 1.91823 1.32369e+06
7 0.712408 0.635553 1.91639 1.32372e+06
7 0.710034 0.639349 1.91984 1.32376e+06
7 0.705449 0.642996 1.92532 1.32379e+06
7 0.700586 0.651191 1.92784 1.32382e+06
7 0.695943 0.658937 1.92456 1.32386e+06
7 0.6911 0.66715 1.92545 1.32389e+06
7 0.686771 0.672884 1.92594 1.32392e+06
7 0.683056 0.677693 1.92707 1.32396e+06
7 0.675438 0.684407 1.91947 1.32399e+06
7 0.671846 0.688753 1.92042 1.32402e+06
7 0.666666 0.690167 1.91263 1.32406e+06
7 0.66064 0.692787 1.90934 1.32409e+06
7 0.657586 0.694329 1.91059 1.32413e+06
7 0.655882 0.694731 1.90955 1.32416e+06

8 0.409915 0.392499 1.82826 1.333e+06
8 0.410224 0.392363 1.83255 1.33303e+06
8 0.409235 0.394362 1.8301 1.33306e+06
8 0.408706 0.39491 1.82757 1.3331e+06
8 0.409738 0.393567 1.82678 1.33313e+06
8 0.413738 0.391649 1.82665 1.33316e+06
8 0.416243 0.390758 1.8279 1.3332e+06
8 0.422096 0.390167 1.8358 1.33323e+06
8 0.427229 0.387344 1.83609 1.33327e+06
8 0.432364 0.384909 1.83779 1.3333e+06
8 0.438028 0.382153 1.8405 1.33333e+06
8 0.443289 0.385372 1.8419 1.33337e+06
8 0.449001 0.388799 1.84024 1.3334e+06
8 0.454124 0.392154 1.84599 1.33343e+06
8 0.459724 0.395489 1.85301 1.33347e+06
8 0.465931 0.399775 1.84876 1.3335e+06
8 0.466315 0.40542 1.84988 1.33353e+06
8 0.468048 0.41155 1.85465 1.33357e+06
8 0.469055 0.419835 1.85819 1.3336e+06
8 0.468016 0.424392 1.85561 1.33363e+06
8 0.46618 0.432844 1.85192 1.33366e+06
8 0.462362 0.43881 1.85105 1.3337e+06
8 0.457717 0.442121 1.85106 1.33373e+06
8 0.451778 0.443101 1.85537 1.33376e+06
8 0.44689 0.444864 1.85654 1.3338e+06
8 0.441165 0.447569 1.86165 1.33383e+06
8 0.437588 0.449709 1.86142 1.33387e+06
8 0.432578 0.45304 1.85801 1.3339e+06
8 0.427435 0.456328 1.85518 1.33393e+06
8 0.424017 0.458524 1.8522 1.33397e+06
8 0.420796 0.460725 1.84386 1.334e+06
8 0.419523 0.461542 1.84754 1.33403e+06
8 0.41938 0.461177 1.84924 1.33407e+06
8 0.420973 0.460838 1.84395 1.3341e+06
8 0.424739 0.459606 1.85045 1.33414e+06
8 0.431988 0.459589 1.85121 1.3342e+06
8 0.438412 0.4593 1.85432 1.33424e+06
8 0.445642 0.459934 1.85637 1.33427e+06
8 0.451301 0.459652 1.85778 1.3343e+06
8 0.457102 0.459674 1.85902 1.33434e+06
8 0.460644 0.45913 1.85728 1.33437e+06
8 0.46768 0.459237 1.85994 1.3344e+06
8 0.473012 0.459977 1.86345 1.33444e+06
8 0.476593 0.460094 1.87106 1.33447e+06
8 0.481275 0.461682 1.88187 1.3345e+06
8 0.486219 0.464121 1.88629 1.33453e+06
8 0.48818 0.46779 1.89278 1.33457e+06
8 0.488877 0.470991 1.89487 1.3346e+06
8 0.489109 0.473979 1.89524 1.33463e+06
8 0.488 0.478684 1.8982 1.33467e+06
8 0.484055 0.486476 1.89576 1.3347e+06
8 0.482614 0.493235 1.89671 1.33474e+06
8 0.480417 0.50119 1.89636 1.33477e+06
8 0.474882 0.510584 1.90146 1.3348e+06
8 0.470015 0.515956 1.9047 1.33483e+06
8 0.467293 0.520063 1.90473 1.33487e+06
8 0.460151 0.525223 1.9011 1.3349e+06
8 0.45474 0.531059 1.90311 1.33494e+06
8 0.44979 0.535955 1.90547 1.33497e+06
8 0.444526 0.539958 1.90306 1.335e+06
8 0.439155 0.543236 1.89894 1.33504e+06
8 0.433707 0.543725 1.89987 1.33507e+06
8 0.426861 0.545161 1.89429 1.3351e+06
8 0.423321 0.545023 1.89625 1.33514e+06
8 0.419726 0.542562 1.89725 1.33517e+06
8 0.4177 0.533304 1.8727 1.33524e+06
8 0.415877 0.538108 1.88376 1.33527e+06

9 0.704508 0.0781212 1.70621 1.33937e+06
9 0.705095 0.0772988 1.70299 1.33941e+06
9 0.705591 0.0777772 1.70095 1.33944e+06
9 0.706092 0.0789723 1.70058 1.33948e+06
9 0.707037 0.0787591 1.69934 1.33951e+06
9 0.707858 0.0781187 1.70082 1.33954e+06
9 0.709548 0.0785685 1.69859 1.33958e+06
9 0.711093 0.0786249 1.69978 1.33961e+06
9 0.714237 0.0811357 1.70486 1.33964e+06
9 0.717949 0.0829957 1.70758 1.33968e+06
9 0.722782 0.083689 1.71095 1.33971e+06
9 0.727792 0.0860766 1.71654 1.33974e+06
9 0.732268 0.0855202 1.71694 1.33978e+06
9 0.737442 0.0852433 1.71921 1.33981e+06
9 0.74159 0.0880645 1.71952 1.33985e+06
9 0.74446 0.0914037 1.7192 1.33988e+06
9 0.747198 0.0916439 1.71351 1.33992e+06
9 0.751847 0.090235 1.71113 1.33995e+06
9 0.752213 0.0928975 1.70227 1.33998e+06
9 0.75172 0.0973823 1.70241 1.34001e+06
9 0.750678 0.101899 1.70011 1.34004e+06
9 0.748835 0.104179 1.6975 1.34008e+06
9 0.743902 0.110807 1.69611 1.34011e+06
9 0.740461 0.116089 1.69306 1.34014e+06
9 0.738258 0.119485 1.68946 1.34018e+06
9 0.735468 0.122217 1.68393 1.34021e+06
9 0.730054 0.124286 1.67722 1.34024e+06
9 0.726678 0.130921 1.67436 1.34028e+06
9 0.725376 0.132094 1.67347 1.34031e+06
9 0.720874 0.13657 1.67109 1.34034e+06
9 0.717221 0.139666 1.66953 1.34038e+06
9 0.713468 0.14171 1.66563 1.34041e+06
9 0.711219 0.142883 1.66252 1.34044e+06
9 0.707115 0.144919 1.6633 1.34048e+06
9 0.705222 0.146669 1.66124 1.34051e+06
9 0.705831 0.146517 1.65811 1.34054e+06
9 0.705512 0.146934 1.66016 1.34057e+06
9 0.707571 0.14537 1.66309 1.34060e+06
9 0.710781 0.146328 1.66679 1.34064e+06
9 0.713993 0.145916 1.66317 1.34067e+06
9 0.718273 0.143495 1.66823 1.34070e+06
9 0.722589 0.141277 1.67074 1.34074e+06
9 0.728092 0.141243 1.67336 1.34077e+06
9 0.733615 0.139878 1.67483 1.3408e+06
9 0.738334 0.13873 1.67824 1.34085e+06
9 0.742841 0.139553 1.68159 1.34087e+06
9 0.747715 0.141302 1.68348 1.34092e+06
9 0.752329 0.14625 1.6851 1.34096e+06
9 0.755456 0.150405 1.68546 1.34098e+06
9 0.75877 0.153983 1.68829 1.34102e+06
9 0.759373 0.15931 1.69114 1.34105e+06
9 0.761804 0.163244 1.68733 1.34107e+06
9 0.763283 0.169041 1.68201 1.34112e+06
9 0.765163 0.174072 1.68503 1.34115e+06
9 0.764109 0.178595 1.69069 1.34117e+06
9 0.764746 0.183969 1.68969 1.34122e+06
9 0.764935 0.190617 1.6842 1.34124e+06
9 0.763387 0.194901 1.68638 1.34127e+06
9 0.760332 0.200341 1.68475 1.3413e+06
9 0.757569 0.205824 1.68321 1.34134e+06
9 0.754869 0.211669 1.68108 1.34137e+06
9 0.748707 0.216896 1.6774 1.34142e+06
9 0.740182 0.22277 1.68154 1.34144e+06
9 0.733833 0.227162 1.67955 1.34147e+06
9 0.728847 0.229568 1.67627 1.34152e+06
9 0.725706 0.231601 1.67311 1.34155e+06
9 0.721474 0.234274 1.67549 1.34157e+06
9 0.717917 0.23619 1.67311 1.34162e+06
9 0.714055 0.235883 1.671 1.34164e+06
9 0.709429 0.238827 1.66577 1.34167e+06
9 0.707701 0.239923 1.66194 1.34172e+06
9 0.706978 0.24039 1.65945 1.34174e+06

