Gesto: 3
0 0.483655 0.143594 2.15202 369460
0 0.48509 0.144179 2.15802 369494
0 0.488358 0.146531 2.16193 369527
0 0.49044 0.148213 2.16575 369561
0 0.493893 0.14461 2.16262 369594
0 0.496595 0.14102 2.16103 369629
0 0.500102 0.136938 2.16353 369662
0 0.507233 0.137222 2.15306 369695
0 0.515184 0.134742 2.15343 369728
0 0.526523 0.132399 2.15639 369760
0 0.540228 0.131252 2.15807 369809
0 0.553116 0.133041 2.16269 369826
0 0.563617 0.131891 2.16866 369859
0 0.576827 0.132578 2.17299 369909
0 0.587656 0.136978 2.18056 369926
0 0.594712 0.141928 2.1814 369960
0 0.600362 0.151499 2.18057 370009
0 0.604691 0.159382 2.17915 370042
0 0.609565 0.168725 2.18907 370058
0 0.610357 0.179488 2.19127 370109
0 0.608779 0.1952 2.18717 370142
0 0.602721 0.210382 2.17715 370158
0 0.591046 0.228928 2.16482 370208
0 0.577469 0.248622 2.15899 370240
0 0.562232 0.263101 2.14665 370274
0 0.550703 0.275253 2.14391 370309
0 0.539488 0.286953 2.14803 370342
0 0.531227 0.292119 2.14777 370357
0 0.522294 0.296305 2.13998 370407
0 0.516151 0.302732 2.14507 370439
0 0.51105 0.301438 2.15289 370473
0 0.50917 0.301871 2.15409 370507
0 0.510038 0.298747 2.15346 370541
0 0.509984 0.297038 2.14917 370558
0 0.515554 0.294695 2.14742 370609
0 0.519876 0.293339 2.1468 370641
0 0.523986 0.291891 2.1475 370674
0 0.533543 0.288537 2.14649 370708
0 0.545692 0.288512 2.14592 370740
0 0.555974 0.285649 2.15198 370774
0 0.564112 0.287254 2.15035 370808
0 0.577916 0.288076 2.16016 370842
0 0.590406 0.289684 2.16684 370857
0 0.598719 0.292817 2.1789 370909
0 0.610673 0.298053 2.17277 370926
0 0.617585 0.300573 2.18561 370976
0 0.625667 0.310256 2.2074 371010
0 0.631127 0.320737 2.22485 371026
0 0.633422 0.333908 2.22391 371067
0 0.632183 0.350786 2.23271 371104
0 0.626548 0.36739 2.23831 371138
0 0.623134 0.386334 2.23696 371172
0 0.614607 0.405043 2.24351 371206
0 0.602293 0.428013 2.24168 371240
0 0.588586 0.440366 2.23543 371274
0 0.573002 0.457372 2.24075 371308
0 0.558726 0.474278 2.24529 371341
0 0.543303 0.485784 2.24351 371374
0 0.527977 0.495522 2.23935 371408
0 0.510465 0.501063 2.23598 371425
0 0.494539 0.498941 2.23317 371476
0 0.485108 0.496831 2.22554 371493
0 0.474604 0.49296 2.21594 371527

1 0.371326 0.216472 2.17786 372802
1 0.369984 0.216067 2.17032 372836
1 0.366679 0.2108 2.17571 372870
1 0.365228 0.209294 2.18594 372904
1 0.368222 0.20947 2.17775 372938
1 0.371665 0.209291 2.17328 372972
1 0.378754 0.208584 2.17523 373006
1 0.383568 0.200793 2.17686 373040
1 0.392703 0.194853 2.17525 373078
1 0.399495 0.191093 2.17105 373099
1 0.408209 0.18957 2.17089 373133
1 0.420205 0.188745 2.16918 373168
1 0.433887 0.188118 2.17043 373202
1 0.444935 0.189852 2.16888 373235
1 0.454399 0.188787 2.17548 373269
1 0.468678 0.190123 2.17978 373304
1 0.480592 0.196922 2.17896 373336
1 0.492759 0.21036 2.1765 373370
1 0.499952 0.219493 2.17247 373403
1 0.504434 0.232415 2.17206 373437
1 0.505729 0.248588 2.16712 373471
1 0.508318 0.261166 2.16628 373504
1 0.50329 0.275016 2.1689 373538
1 0.494803 0.292324 2.17786 373571
1 0.482813 0.310989 2.17591 373605
1 0.470745 0.320826 2.17932 373638
1 0.457248 0.334538 2.18098 373671
1 0.442971 0.350615 2.18167 373705
1 0.429148 0.358646 2.18116 373740
1 0.416158 0.362329 2.18676 373772
1 0.408479 0.364835 2.19126 373806
1 0.401083 0.36281 2.19673 373840
1 0.399312 0.360368 2.19698 373873
1 0.400606 0.356175 2.20005 373907
1 0.402138 0.352449 2.19726 373940
1 0.408309 0.349281 2.19203 373974
1 0.41901 0.34751 2.19078 374005
1 0.429244 0.347066 2.19509 374039
1 0.439006 0.345022 2.19697 374072
1 0.45149 0.33972 2.18996 374105
1 0.463059 0.340044 2.19589 374139
1 0.47722 0.341776 2.20011 374172
1 0.487564 0.346628 2.20966 374206
1 0.497216 0.355648 2.21989 374240
1 0.505083 0.365182 2.22595 374273
1 0.509684 0.37824 2.23703 374305
1 0.510353 0.394191 2.24589 374339
1 0.51144 0.406861 2.24888 374374
1 0.51157 0.425312 2.25355 374407
1 0.503265 0.445201 2.26729 374441
1 0.492967 0.463517 2.27581 374474
1 0.480246 0.483058 2.28105 374507
1 0.464764 0.501634 2.27348 374541
1 0.448334 0.51682 2.26094 374574
1 0.433475 0.526306 2.25253 374609
1 0.41387 0.531615 2.24649 374641
1 0.395326 0.534195 2.24296 374675
1 0.37822 0.535244 2.24413 374708
1 0.366734 0.53437 2.24368 374742
1 0.356898 0.537691 2.24716 374776
1 0.348051 0.534388 2.25651 374809

2 0.52649 0.301133 2.24137 375805
2 0.528103 0.300371 2.24615 375839
2 0.528752 0.29845 2.24922 375872
2 0.532648 0.292234 2.25342 375905
2 0.533952 0.288652 2.25523 375939
2 0.536634 0.291874 2.25539 375973
2 0.541127 0.28976 2.25656 376006
2 0.546807 0.287633 2.25986 376039
2 0.553547 0.286497 2.26047 376074
2 0.561635 0.282704 2.25699 376107
2 0.565395 0.279841 2.25419 376141
2 0.57639 0.276849 2.27024 376173
2 0.586817 0.278853 2.28115 376207
2 0.599691 0.281518 2.28743 376241
2 0.609292 0.286946 2.29376 376273
2 0.618091 0.298161 2.30597 376307
2 0.62331 0.315347 2.31791 376341
2 0.629331 0.334407 2.33052 376375
2 0.630307 0.349828 2.3315 376409
2 0.627863 0.363576 2.3304 376443
2 0.619136 0.382644 2.3351 376477
2 0.606179 0.403837 2.33905 376511
2 0.594895 0.424925 2.33692 376544
2 0.58527 0.43978 2.3334 376576
2 0.569401 0.442215 2.32065 376607
2 0.558968 0.454908 2.31939 376641
2 0.54964 0.463965 2.31818 376675
2 0.541694 0.467574 2.32289 376709
2 0.53988 0.465695 2.33005 376743
2 0.541363 0.465622 2.33173 376776
2 0.544331 0.467242 2.3292 376809
2 0.549304 0.459926 2.32598 376842
2 0.557773 0.457456 2.33343 376875
2 0.564869 0.456696 2.33481 376908
2 0.577136 0.452128 2.33819 376941
2 0.585422 0.453277 2.34512 376974
2 0.591651 0.45409 2.35936 377008
2 0.600057 0.450933 2.37104 377042
2 0.610699 0.452425 2.38343 377074
2 0.618379 0.448757 2.392 377107
2 0.624241 0.449598 2.40336 377139
2 0.632615 0.454303 2.41766 377171
2 0.63961 0.461017 2.43954 377204
2 0.642597 0.466317 2.4456 377236
2 0.645126 0.477446 2.46096 377269
2 0.643517 0.490265 2.46034 377301
2 0.642368 0.507375 2.46239 377335
2 0.636627 0.521666 2.46844 377369
2 0.624943 0.541512 2.47585 377403
2 0.60732 0.560495 2.47016 377435
2 0.589923 0.577876 2.45991 377468
2 0.572928 0.59218 2.45167 377500
2 0.554179 0.605664 2.43818 377533
2 0.537155 0.615416 2.43024 377566
2 0.522213 0.620855 2.41797 377600
2 0.507193 0.623496 2.41804 377633
2 0.493108 0.626101 2.42448 377666
2 0.483372 0.625925 2.42623 377716

3 0.473724 0.236879 2.30706 378905
3 0.475318 0.235516 2.30802 378938
3 0.478009 0.233929 2.30231 378972
3 0.480123 0.229715 2.30057 379006
3 0.486346 0.222713 2.29758 379040
3 0.494663 0.221021 2.28247 379073
3 0.503514 0.219094 2.26907 379106
3 0.512825 0.217529 2.26556 379139
3 0.520436 0.220692 2.26452 379173
3 0.531533 0.223372 2.26062 379206
3 0.542928 0.229387 2.25346 379239
3 0.550811 0.236249 2.24874 379273
3 0.557987 0.247125 2.24872 379307
3 0.562768 0.253262 2.24913 379340
3 0.566211 0.264299 2.25057 379374
3 0.567305 0.279458 2.24566 379408
3 0.566252 0.290907 2.24799 379442
3 0.562008 0.306949 2.25118 379476
3 0.555153 0.324318 2.2598 379510
3 0.547314 0.341013 2.26577 379543
3 0.536359 0.355274 2.26645 379583
3 0.525288 0.369928 2.27583 379605
3 0.512658 0.382534 2.28367 379639
3 0.502333 0.390748 2.2913 379672
3 0.490879 0.39598 2.2981 379704
3 0.482863 0.396131 2.29318 379738
3 0.478206 0.39651 2.2843 379771
3 0.479918 0.394363 2.29776 379805
3 0.48451 0.38978 2.29617 379839
3 0.488476 0.386004 2.29074 379872
3 0.498705 0.384018 2.29304 379906
3 0.510337 0.382404 2.28009 379940
3 0.522298 0.373308 2.27853 379973
3 0.53429 0.369816 2.28076 380005
3 0.545588 0.366786 2.28792 380038
3 0.558457 0.372266 2.29622 380072
3 0.570797 0.380004 2.30841 380105
3 0.580245 0.389036 2.32222 380138
3 0.587785 0.398892 2.32877 380172
3 0.595818 0.41537 2.34725 380206
3 0.598081 0.435378 2.36324 380240
3 0.595846 0.455834 2.37062 380274
3 0.591178 0.477988 2.37699 380308
3 0.581382 0.500113 2.38243 380342
3 0.564965 0.523838 2.38536 380376
3 0.543784 0.54173 2.3739 380410
3 0.523148 0.561242 2.36252 380444
3 0.501814 0.571853 2.36022 380478
3 0.481829 0.576972 2.35571 380511
3 0.463453 0.57839 2.35125 380544
3 0.445366 0.578028 2.34941 380578

4 0.325283 0.201453 2.28239 381876
4 0.324451 0.195241 2.28298 381910
4 0.323726 0.191849 2.28299 381944
4 0.322205 0.189094 2.28946 381978
4 0.327787 0.189706 2.28288 382011
4 0.336942 0.184505 2.27293 382045
4 0.344939 0.180756 2.25789 382079
4 0.355082 0.17786 2.25511 382113
4 0.361358 0.177162 2.25503 382146
4 0.372095 0.176657 2.25176 382180
4 0.38022 0.18025 2.24744 382213
4 0.38891 0.186613 2.24978 382246
4 0.401073 0.190954 2.24836 382280
4 0.410938 0.196462 2.24952 382314
4 0.417558 0.206835 2.2524 382348
4 0.422982 0.220227 2.252 382382
4 0.425948 0.229305 2.25323 382414
4 0.420014 0.242582 2.25209 382445
4 0.416043 0.259563 2.25 382479
4 0.409041 0.27317 2.2514 382511
4 0.398408 0.283433 2.25094 382543
4 0.388793 0.294911 2.2473 382577
4 0.377264 0.306782 2.25049 382611
4 0.365057 0.314332 2.24948 382645
4 0.357858 0.31763 2.2472 382678
4 0.353855 0.319386 2.24805 382712
4 0.35211 0.320114 2.24678 382744
4 0.352272 0.318973 2.25525 382777
4 0.357419 0.314278 2.26088 382811
4 0.362281 0.308687 2.26008 382844
4 0.371615 0.305505 2.25501 382878
4 0.384127 0.303279 2.25231 382912
4 0.396659 0.303816 2.25645 382946
4 0.407574 0.305616 2.25811 382981
4 0.421685 0.306996 2.25817 383014
4 0.434156 0.311991 2.26069 383048
4 0.449419 0.317767 2.25174 383082
4 0.461859 0.331572 2.25933 383115
4 0.469855 0.352542 2.26931 383149
4 0.474959 0.378158 2.28531 383183
4 0.477625 0.404054 2.29803 383217
4 0.474922 0.432634 2.31224 383250
4 0.466145 0.460969 2.31972 383283
4 0.452123 0.488629 2.32347 383315
4 0.430246 0.516945 2.30659 383349
4 0.407503 0.53135 2.29553 383382
4 0.38177 0.540445 2.29509 383416
4 0.359612 0.540689 2.29486 383450
4 0.339412 0.538083 2.30117 383483

5 0.431809 0.21666 2.26588 384543
5 0.435555 0.218006 2.26303 384576
5 0.436214 0.215539 2.26426 384610
5 0.440543 0.21607 2.26386 384643
5 0.443272 0.215645 2.26577 384676
5 0.451311 0.215271 2.26459 384710
5 0.456537 0.215757 2.2649 384743
5 0.466767 0.215268 2.26609 384777
5 0.476539 0.215086 2.27471 384812
5 0.487528 0.217244 2.27979 384846
5 0.497925 0.224656 2.28581 384880
5 0.505086 0.231762 2.28354 384912
5 0.509199 0.243958 2.27545 384946
5 0.51145 0.258977 2.27097 384979
5 0.510485 0.276042 2.26682 385013
5 0.501922 0.294206 2.2637 385046
5 0.491092 0.30766 2.2654 385080
5 0.477693 0.316749 2.25702 385113
5 0.463704 0.329475 2.25841 385146
5 0.451095 0.339127 2.25734 385179
5 0.441253 0.345452 2.26333 385212
5 0.434905 0.345401 2.25809 385245
5 0.432053 0.344672 2.25381 385279
5 0.430581 0.343869 2.25623 385313
5 0.433579 0.343549 2.26616 385347
5 0.439987 0.342719 2.26839 385381
5 0.44826 0.335776 2.27337 385414
5 0.455911 0.332421 2.2753 385447
5 0.46317 0.331313 2.27452 385480
5 0.472174 0.332804 2.2701 385514
5 0.484877 0.330599 2.27774 385547
5 0.49997 0.32985 2.28643 385581
5 0.512045 0.333611 2.29618 385614
5 0.523865 0.341609 2.30623 385646
5 0.531577 0.351016 2.31468 385681
5 0.538055 0.359377 2.31835 385714
5 0.54324 0.372448 2.33423 385746
5 0.548706 0.395364 2.33837 385780
5 0.546606 0.411651 2.33669 385814
5 0.538927 0.441581 2.35082 385848
5 0.52867 0.469815 2.35011 385882
5 0.512392 0.500046 2.35265 385916
5 0.490939 0.525975 2.35342 385950
5 0.467676 0.543514 2.34945 385984
5 0.442553 0.560168 2.33914 386018
5 0.421844 0.569349 2.3289 386051
5 0.398314 0.569 2.32667 386084
5 0.375248 0.563425 2.32169 386117
5 0.354872 0.559147 2.32396 386151

6 0.247985 0.237839 2.28719 387516
6 0.249172 0.239327 2.28155 387550
6 0.249989 0.237176 2.29129 387584
6 0.252189 0.235755 2.28926 387618
6 0.259919 0.23468 2.29103 387651
6 0.265814 0.235032 2.28383 387684
6 0.276474 0.235735 2.27421 387717
6 0.289163 0.23595 2.27101 387750
6 0.29693 0.237178 2.27319 387783
6 0.308501 0.237264 2.2725 387817
6 0.3231 0.246534 2.26288 387850
6 0.333294 0.255672 2.26172 387883
6 0.342631 0.266587 2.25748 387917
6 0.346871 0.281182 2.25885 387950
6 0.349764 0.299761 2.26022 387984
6 0.348644 0.319344 2.26441 388019
6 0.340873 0.338688 2.26162 388052
6 0.329668 0.356789 2.27119 388085
6 0.317589 0.368429 2.28498 388118
6 0.307709 0.376459 2.29425 388152
6 0.297833 0.38006 2.30387 388186
6 0.292556 0.381666 2.30362 388218
6 0.294801 0.382459 2.2977 388253
6 0.29647 0.380692 2.29635 388284
6 0.301615 0.375371 2.29743 388318
6 0.308812 0.368865 2.29609 388353
6 0.32135 0.367114 2.28745 388385
6 0.332702 0.36388 2.28951 388419
6 0.343445 0.35581 2.28494 388453
6 0.354465 0.356221 2.29238 388487
6 0.367462 0.358926 2.29826 388522
6 0.379666 0.368647 2.31123 388554
6 0.391914 0.379166 2.32146 388587
6 0.399114 0.393707 2.32903 388621
6 0.405259 0.409451 2.33255 388655
6 0.40912 0.428378 2.34044 388688
6 0.410991 0.452612 2.34296 388721
6 0.408963 0.477942 2.34242 388755
6 0.400482 0.509038 2.35007 388787
6 0.38375 0.540705 2.34959 388821
6 0.362143 0.561999 2.34628 388853
6 0.343205 0.579746 2.3479 388888
6 0.322658 0.591225 2.35275 388922
6 0.284783 0.58469 2.36739 388990
6 0.254338 0.586207 2.36183 389024
6 0.233839 0.580732 2.36418 389041

7 0.412471 0.25206 2.32423 390122
7 0.419122 0.251078 2.32562 390155
7 0.424323 0.251772 2.32344 390190
7 0.42897 0.247017 2.32532 390222
7 0.433271 0.243833 2.32578 390256
7 0.441901 0.24164 2.32294 390290
7 0.452388 0.239739 2.3272 390323
7 0.462308 0.23795 2.33032 390356
7 0.475639 0.243637 2.33279 390390
7 0.488815 0.252938 2.32602 390423
7 0.497731 0.262073 2.32463 390457
7 0.503139 0.276502 2.32583 390491
7 0.507452 0.288494 2.32312 390509
7 0.502427 0.302669 2.32554 390558
7 0.493095 0.318317 2.3191 390592
7 0.48285 0.335975 2.31271 390609
7 0.467306 0.351748 2.31991 390660
7 0.45332 0.366242 2.31954 390693
7 0.440403 0.375657 2.3154 390710
7 0.431427 0.381241 2.31614 390761
7 0.42857 0.382323 2.31086 390776
7 0.430726 0.381923 2.30997 390808
7 0.436699 0.380953 2.31256 390857
7 0.443885 0.375287 2.31968 390890
7 0.453088 0.370007 2.32284 390923
7 0.46231 0.366409 2.32547 390957
7 0.474768 0.362313 2.32565 390991
7 0.484882 0.359453 2.33367 391008
7 0.495436 0.359221 2.34382 391058
7 0.508391 0.363674 2.35707 391092
7 0.516591 0.370876 2.36592 391109
7 0.521817 0.376834 2.36903 391159
7 0.524821 0.387459 2.37825 391192
7 0.526831 0.396301 2.38753 391225
7 0.524253 0.412497 2.39439 391259
7 0.519182 0.432299 2.39133 391276
7 0.51321 0.453473 2.39084 391327
7 0.49772 0.460639 2.37625 391344
7 0.477696 0.48035 2.38265 391378
7 0.454868 0.502404 2.38821 391412
7 0.433407 0.516202 2.38082 391445
7 0.415493 0.525331 2.37085 391479
7 0.397614 0.527324 2.36161 391527
7 0.386172 0.529824 2.35842 391544

8 0.484355 0.199711 2.36255 392752
8 0.48206 0.200396 2.36327 392785
8 0.482082 0.197576 2.35617 392818
8 0.483864 0.195218 2.35043 392851
8 0.488028 0.190228 2.35257 392885
8 0.491218 0.18806 2.34878 392917
8 0.497092 0.184466 2.34922 392950
8 0.508202 0.186228 2.33649 392984
8 0.51646 0.186864 2.3285 393018
8 0.526018 0.188125 2.32084 393052
8 0.539708 0.195653 2.3283 393086
8 0.552769 0.202659 2.345 393119
8 0.563012 0.214015 2.34498 393152
8 0.568571 0.228713 2.34746 393187
8 0.571237 0.247105 2.34483 393220
8 0.567264 0.267039 2.33609 393253
8 0.562784 0.288287 2.3295 393287
8 0.546154 0.309493 2.32587 393321
8 0.529392 0.333212 2.32384 393355
8 0.511922 0.350397 2.32828 393389
8 0.493607 0.366604 2.33091 393422
8 0.478886 0.379517 2.32911 393456
8 0.467371 0.385781 2.32395 393489
8 0.461003 0.388692 2.31579 393523
8 0.458502 0.386212 2.31286 393557
8 0.463351 0.385611 2.31916 393589
8 0.469277 0.381853 2.33015 393623
8 0.476609 0.374533 2.33473 393656
8 0.48487 0.3685 2.33858 393689
8 0.498215 0.363141 2.34319 393723
8 0.512802 0.361304 2.35786 393757
8 0.524738 0.361249 2.36789 393791
8 0.539158 0.362786 2.37891 393825
8 0.547905 0.362948 2.39157 393859
8 0.5551 0.368202 2.41095 393893
8 0.563656 0.376893 2.42976 393927
8 0.571319 0.390191 2.44613 393961
8 0.576108 0.405132 2.45767 393995
8 0.577821 0.424498 2.46055 394012
8 0.572334 0.446283 2.46857 394064
8 0.564841 0.470248 2.47311 394081
8 0.552616 0.487058 2.46528 394114
8 0.536955 0.508904 2.45617 394148
8 0.511284 0.532756 2.44726 394182
8 0.486265 0.546536 2.42967 394216
8 0.466386 0.553225 2.41484 394250
8 0.440817 0.556199 2.40382 394282
8 0.416716 0.549427 2.38811 394315
8 0.399129 0.544247 2.37124 394349

9 0.609622 0.265348 2.41416 395459
9 0.613527 0.265808 2.42313 395493
9 0.617269 0.265417 2.42143 395526
9 0.619686 0.26565 2.42537 395560
9 0.622336 0.265027 2.4205 395592
9 0.626093 0.264289 2.42448 395625
9 0.634451 0.261875 2.4326 395657
9 0.639817 0.261125 2.43407 395690
9 0.646997 0.263434 2.44592 395723
9 0.657427 0.264818 2.45759 395756
9 0.660836 0.271893 2.45885 395789
9 0.668299 0.279928 2.46037 395822
9 0.669776 0.290897 2.46371 395856
9 0.668257 0.307235 2.46567 395889
9 0.66767 0.326437 2.46328 395922
9 0.659964 0.340334 2.46084 395955
9 0.652024 0.353326 2.45969 395989
9 0.641584 0.360972 2.44061 396024
9 0.629367 0.365729 2.43557 396056
9 0.616766 0.375653 2.44568 396090
9 0.607581 0.385387 2.43698 396124
9 0.601134 0.389075 2.41039 396159
9 0.598543 0.388813 2.40839 396191
9 0.599216 0.388446 2.43049 396225
9 0.603246 0.388677 2.44888 396257
9 0.610043 0.385452 2.4573 396291
9 0.615969 0.382793 2.45944 396324
9 0.622743 0.380547 2.46742 396357
9 0.628935 0.381702 2.47473 396392
9 0.637917 0.380834 2.47501 396426
9 0.645156 0.382984 2.48563 396460
9 0.649568 0.389102 2.49998 396494
9 0.655028 0.396724 2.49954 396528
9 0.66086 0.400641 2.5165 396562
9 0.663959 0.407757 2.52134 396596
9 0.666547 0.413678 2.51653 396629
9 0.670177 0.42607 2.53217 396661
9 0.664268 0.438368 2.53749 396694
9 0.658563 0.451624 2.53872 396728
9 0.656029 0.469509 2.53942 396762
9 0.645097 0.487013 2.54005 396796
9 0.629985 0.507115 2.53487 396830
9 0.613896 0.530038 2.52412 396846
9 0.591824 0.545094 2.49453 396897
9 0.57281 0.549484 2.48823 396931
9 0.557935 0.547163 2.47823 396948

