Gesto: 3
0 0.559388 0.233298 1.60064 545115
0 0.558835 0.234445 1.60458 545150
0 0.557524 0.235334 1.60609 545182
0 0.557706 0.236151 1.60379 545217
0 0.556637 0.236004 1.60387 545249
0 0.557498 0.234963 1.604 545284
0 0.560228 0.233261 1.60573 545318
0 0.56208 0.231635 1.60852 545351
0 0.565352 0.230558 1.61123 545385
0 0.567934 0.226902 1.61257 545417
0 0.570992 0.227611 1.6149 545450
0 0.573442 0.22807 1.61606 545484
0 0.575758 0.230019 1.6178 545519
0 0.577062 0.234139 1.6174 545552
0 0.579049 0.237722 1.61724 545586
0 0.580953 0.240354 1.61576 545620
0 0.582557 0.246879 1.61854 545654
0 0.581362 0.250698 1.61984 545688
0 0.581378 0.254485 1.61571 545723
0 0.578311 0.261882 1.61604 545756
0 0.57725 0.2642 1.61614 545790
0 0.573288 0.268144 1.61291 545824
0 0.569999 0.269633 1.60888 545857
0 0.566926 0.271398 1.60704 545891
0 0.563621 0.273201 1.60563 545925
0 0.56224 0.274576 1.60377 545958
0 0.561597 0.274728 1.60513 545992
0 0.560977 0.274802 1.60571 546027
0 0.563153 0.273395 1.60655 546044
0 0.56509 0.271986 1.6079 546078
0 0.5709 0.270676 1.61319 546111
0 0.574423 0.270194 1.61524 546143
0 0.577191 0.269575 1.61597 546193
0 0.581974 0.270447 1.61583 546226
0 0.584736 0.270976 1.61639 546243
0 0.588777 0.274881 1.62611 546292
0 0.590878 0.278114 1.63184 546326
0 0.593782 0.281481 1.634 546358
0 0.593323 0.285407 1.63548 546390
0 0.59402 0.291132 1.63331 546422
0 0.593336 0.296957 1.63444 546456
0 0.593199 0.299724 1.63231 546490
0 0.59207 0.305599 1.63147 546523
0 0.589566 0.311124 1.62937 546556
0 0.584977 0.316479 1.62879 546589
0 0.580562 0.322689 1.62553 546623
0 0.574957 0.328177 1.62199 546657
0 0.56914 0.333076 1.61644 546690
0 0.563035 0.335821 1.61177 546724
0 0.558618 0.335753 1.60682 546758
0 0.551739 0.33437 1.6004 546792

1 0.325907 0.265929 1.65583 548027
1 0.325147 0.265963 1.65768 548062
1 0.324445 0.265627 1.66131 548078
1 0.326608 0.266782 1.66637 548130
1 0.326267 0.265334 1.66725 548146
1 0.326782 0.263457 1.66935 548179
1 0.328007 0.261808 1.67267 548228
1 0.331467 0.261053 1.67568 548263
1 0.334029 0.261015 1.6756 548279
1 0.335343 0.260805 1.67901 548328
1 0.339518 0.260636 1.68383 548362
1 0.341986 0.261344 1.68694 548378
1 0.34435 0.263087 1.69053 548427
1 0.345002 0.267324 1.68988 548460
1 0.345836 0.270107 1.69231 548494
1 0.349674 0.272304 1.69287 548527
1 0.352173 0.275944 1.69126 548561
1 0.35458 0.28045 1.6952 548577
1 0.354545 0.284857 1.69671 548625
1 0.354626 0.289381 1.69668 548659
1 0.355888 0.294714 1.70098 548692
1 0.353335 0.299677 1.69938 548725
1 0.350139 0.304821 1.69594 548760
1 0.348049 0.30801 1.69653 548793
1 0.344889 0.3104 1.69428 548827
1 0.34227 0.311307 1.6909 548860
1 0.340078 0.310333 1.68954 548893
1 0.339174 0.308342 1.69078 548927
1 0.339127 0.307513 1.69106 548962
1 0.339477 0.306065 1.69104 548995
1 0.341297 0.301713 1.69324 549029
1 0.343467 0.301592 1.69918 549046
1 0.345769 0.299882 1.70065 549096
1 0.347847 0.302579 1.69991 549129
1 0.351774 0.302236 1.70277 549146
1 0.354869 0.302076 1.70311 549197
1 0.358711 0.303151 1.70808 549213
1 0.36279 0.30668 1.71453 549247
1 0.367218 0.311619 1.71912 549297
1 0.367593 0.317672 1.72265 549313
1 0.370031 0.32504 1.72628 549345
1 0.369192 0.333703 1.7304 549393
1 0.368024 0.34089 1.73469 549427
1 0.36403 0.349324 1.73247 549461
1 0.360309 0.357354 1.73174 549494
1 0.354327 0.363784 1.72659 549528
1 0.349038 0.368646 1.72266 549545
1 0.341572 0.374218 1.71614 549596
1 0.334709 0.377368 1.71113 549613
1 0.328567 0.375894 1.70233 549647
1 0.324277 0.373636 1.69779 549681
1 0.321048 0.371481 1.69438 549715
1 0.318833 0.367582 1.69147 549749
1 0.31938 0.364448 1.69004 549783

2 0.533384 0.548723 1.61925 551433
2 0.535541 0.551771 1.6243 551449
2 0.534988 0.550163 1.62491 551482
2 0.536382 0.547691 1.63055 551531
2 0.538496 0.545823 1.63312 551564
2 0.541585 0.545688 1.63497 551581
2 0.543266 0.545862 1.63698 551630
2 0.544812 0.549456 1.64073 551664
2 0.545944 0.553121 1.63844 551681
2 0.549211 0.559719 1.63961 551729
2 0.54995 0.564434 1.63983 551763
2 0.548984 0.569345 1.64146 551796
2 0.548595 0.576463 1.64415 551830
2 0.5448 0.582032 1.64434 551863
2 0.541012 0.59054 1.6442 551896
2 0.537099 0.594877 1.64131 551929
2 0.532648 0.598077 1.63832 551961
2 0.527578 0.599167 1.63593 551994
2 0.523869 0.599937 1.63322 552029
2 0.519609 0.600829 1.62782 552062
2 0.520606 0.598924 1.62456 552097
2 0.521364 0.597908 1.6278 552130
2 0.523158 0.59858 1.63182 552163
2 0.525062 0.599653 1.63712 552195
2 0.528635 0.599201 1.64019 552227
2 0.533929 0.600166 1.64375 552259
2 0.536774 0.600904 1.64523 552293
2 0.538471 0.604107 1.65091 552327
2 0.54062 0.609088 1.65306 552360
2 0.542954 0.61305 1.65458 552393
2 0.541727 0.620125 1.65342 552425
2 0.540433 0.62598 1.65261 552458
2 0.539924 0.629918 1.65253 552492
2 0.537984 0.633134 1.6485 552526
2 0.535624 0.638762 1.64581 552560
2 0.532549 0.643636 1.64708 552594
2 0.523832 0.648172 1.6423 552628
2 0.517167 0.650874 1.63685 552660
2 0.511309 0.65475 1.63372 552694
2 0.506708 0.652412 1.63053 552726
2 0.502941 0.648419 1.62703 552761

3 0.695683 0.298595 1.75194 554357
3 0.69587 0.295095 1.74666 554390
3 0.695958 0.291661 1.74552 554423
3 0.696165 0.289784 1.7482 554454
3 0.696137 0.288826 1.75325 554487
3 0.697072 0.288399 1.75647 554520
3 0.697993 0.288327 1.76109 554555
3 0.700132 0.286622 1.75963 554588
3 0.702031 0.285017 1.7606 554623
3 0.704883 0.285551 1.76389 554656
3 0.709499 0.284053 1.76779 554689
3 0.711135 0.285145 1.77152 554722
3 0.714246 0.290636 1.77401 554755
3 0.717281 0.292787 1.77565 554788
3 0.720567 0.294263 1.7778 554823
3 0.723135 0.295848 1.77642 554855
3 0.723789 0.298925 1.77959 554889
3 0.724136 0.301352 1.7834 554923
3 0.724908 0.306928 1.78059 554956
3 0.725173 0.309793 1.77683 554990
3 0.723978 0.317092 1.77681 555022
3 0.719206 0.322893 1.77763 555055
3 0.716061 0.327155 1.77615 555088
3 0.713609 0.330066 1.77342 555122
3 0.711351 0.332011 1.76999 555154
3 0.708997 0.330466 1.77037 555187
3 0.707433 0.329084 1.77049 555219
3 0.707381 0.328488 1.77083 555251
3 0.70899 0.327634 1.77499 555285
3 0.710444 0.327025 1.77655 555334
3 0.710219 0.324152 1.77362 555367
3 0.712916 0.322494 1.77985 555384
3 0.716636 0.323558 1.77973 555435
3 0.718683 0.32117 1.78085 555452
3 0.721667 0.32057 1.78429 555484
3 0.724565 0.323124 1.78556 555534
3 0.726578 0.325826 1.78949 555568
3 0.729647 0.32728 1.78953 555584
3 0.731578 0.328774 1.78925 555633
3 0.732068 0.331144 1.79163 555667
3 0.733606 0.336505 1.79334 555684
3 0.732673 0.34156 1.79093 555735
3 0.731309 0.34621 1.78246 555751
3 0.729693 0.351907 1.78552 555786
3 0.72569 0.358961 1.79008 555819
3 0.722955 0.36507 1.789 555852
3 0.718202 0.372775 1.78636 555902
3 0.714764 0.377394 1.78475 555933
3 0.710875 0.38022 1.77874 555968
3 0.705371 0.382761 1.77243 556003
3 0.699314 0.38237 1.76776 556020
3 0.694424 0.381134 1.76739 556053
3 0.690321 0.379222 1.76149 556102
3 0.687146 0.377701 1.75687 556134
3 0.68537 0.372923 1.75021 556151

4 0.440589 0.33529 1.69248 557493
4 0.442785 0.335526 1.68616 557526
4 0.443811 0.334581 1.69122 557561
4 0.443725 0.335516 1.69964 557593
4 0.44518 0.334642 1.7064 557627
4 0.446975 0.334797 1.70019 557660
4 0.450324 0.335004 1.70704 557694
4 0.452358 0.337251 1.71016 557729
4 0.454049 0.338747 1.71355 557762
4 0.454434 0.340266 1.71924 557797
4 0.454957 0.344903 1.72327 557831
4 0.45511 0.349245 1.72652 557864
4 0.455275 0.351558 1.72793 557899
4 0.455559 0.356157 1.7283 557931
4 0.455595 0.360484 1.72928 557964
4 0.454951 0.364881 1.72897 557998
4 0.452366 0.368813 1.73099 558033
4 0.447071 0.370013 1.73266 558066
4 0.442388 0.373948 1.73172 558099
4 0.436841 0.376733 1.73082 558133
4 0.431836 0.377099 1.72566 558167
4 0.429105 0.376289 1.72281 558200
4 0.428103 0.374919 1.7215 558233
4 0.427892 0.373691 1.72189 558267
4 0.429034 0.371347 1.72498 558299
4 0.434892 0.369393 1.72947 558332
4 0.437938 0.368541 1.73266 558366
4 0.440329 0.367731 1.72792 558400
4 0.445667 0.365389 1.72734 558435
4 0.450258 0.364901 1.73121 558469
4 0.452276 0.365773 1.73348 558501
4 0.453241 0.367064 1.73598 558535
4 0.457651 0.367302 1.73924 558568
4 0.461675 0.368702 1.74314 558601
4 0.463468 0.369192 1.74468 558635
4 0.464189 0.369713 1.74418 558668
4 0.466271 0.375421 1.74774 558700
4 0.466605 0.379338 1.75387 558733
4 0.466822 0.383654 1.76131 558767
4 0.466301 0.390462 1.7609 558800
4 0.465293 0.393838 1.76237 558832
4 0.460793 0.399523 1.76166 558867
4 0.457664 0.403448 1.75914 558899
4 0.455721 0.40819 1.75348 558931
4 0.452128 0.412107 1.75655 558965
4 0.448297 0.414364 1.75095 558999
4 0.444514 0.418067 1.74831 559033
4 0.440896 0.419751 1.74299 559065
4 0.433998 0.422824 1.733 559099
4 0.428429 0.421745 1.72486 559132
4 0.421472 0.42313 1.71955 559165
4 0.41528 0.421825 1.71097 559199
4 0.410839 0.420495 1.7071 559232
4 0.407635 0.416365 1.70244 559265

5 0.468991 0.177908 1.52801 562439
5 0.472428 0.173812 1.52427 562474
5 0.474844 0.171793 1.52969 562490
5 0.47574 0.171869 1.53535 562540
5 0.476939 0.170417 1.54145 562574
5 0.482093 0.168816 1.54697 562592
5 0.485905 0.170128 1.55309 562643
5 0.490421 0.169231 1.56065 562660
5 0.493147 0.169279 1.56638 562693
5 0.496885 0.171892 1.57075 562727
5 0.499272 0.174241 1.5716 562760
5 0.501955 0.175943 1.57686 562793
5 0.50594 0.180367 1.58298 562828
5 0.506889 0.184574 1.58693 562861
5 0.503587 0.18921 1.58829 562895
5 0.50152 0.194348 1.58936 562928
5 0.499548 0.198856 1.5871 562961
5 0.497254 0.202219 1.58707 562994
5 0.492951 0.20732 1.592 563027
5 0.491088 0.210992 1.59524 563061
5 0.485787 0.208475 1.59866 563094
5 0.483145 0.209225 1.60016 563127
5 0.481712 0.209839 1.60126 563161
5 0.482721 0.207926 1.6019 563194
5 0.483557 0.205835 1.60312 563227
5 0.484865 0.203862 1.60494 563261
5 0.486935 0.202292 1.605 563294
5 0.491256 0.202099 1.60654 563328
5 0.49346 0.201879 1.60821 563361
5 0.495353 0.200975 1.61074 563395
5 0.499224 0.203019 1.61112 563428
5 0.501957 0.207417 1.61273 563462
5 0.504681 0.210539 1.61343 563497
5 0.507534 0.214214 1.61375 563529
5 0.509011 0.219058 1.61409 563562
5 0.512207 0.222969 1.61484 563597
5 0.512937 0.230469 1.62034 563631
5 0.511762 0.237424 1.6235 563664
5 0.512385 0.24243 1.62092 563697
5 0.511303 0.247609 1.61726 563731
5 0.510464 0.251415 1.61533 563764
5 0.509066 0.25517 1.61322 563797
5 0.505767 0.257464 1.60944 563830
5 0.498788 0.263072 1.60892 563863
5 0.494937 0.263254 1.60428 563896
5 0.489018 0.266302 1.60386 563929
5 0.480653 0.266684 1.60149 563963
5 0.474916 0.266157 1.6017 563997
5 0.468444 0.26491 1.59955 564029
5 0.462581 0.262668 1.5982 564063
5 0.460365 0.261795 1.59762 564097

6 0.653962 0.508871 1.61425 565466
6 0.655967 0.506556 1.61291 565500
6 0.661239 0.507175 1.61222 565533
6 0.665855 0.507978 1.61386 565566
6 0.671573 0.510195 1.61918 565599
6 0.676897 0.510201 1.6205 565633
6 0.683231 0.51198 1.62493 565665
6 0.688537 0.517584 1.6309 565700
6 0.690709 0.523535 1.63756 565733
6 0.692515 0.52897 1.64173 565767
6 0.694114 0.535003 1.64318 565801
6 0.694586 0.543793 1.64434 565835
6 0.69196 0.550759 1.6475 565868
6 0.690816 0.555596 1.64524 565902
6 0.686912 0.562173 1.64016 565935
6 0.682753 0.567032 1.63557 565967
6 0.679702 0.569747 1.63614 566000
6 0.674613 0.570196 1.63105 566034
6 0.671176 0.572058 1.63031 566068
6 0.669635 0.571371 1.62798 566101
6 0.667578 0.572022 1.62711 566134
6 0.668317 0.57045 1.62603 566168
6 0.669538 0.569849 1.62649 566200
6 0.670873 0.569709 1.62941 566234
6 0.674003 0.570873 1.63429 566269
6 0.676454 0.571933 1.64278 566303
6 0.679816 0.570986 1.64507 566337
6 0.683706 0.571067 1.64783 566370
6 0.687341 0.57365 1.65068 566403
6 0.689668 0.575408 1.65332 566437
6 0.693411 0.579573 1.65719 566470
6 0.694214 0.584195 1.66382 566504
6 0.69539 0.590167 1.66401 566538
6 0.696517 0.595803 1.66824 566572
6 0.69585 0.600539 1.66623 566606
6 0.692243 0.605211 1.66802 566640
6 0.692279 0.612944 1.66884 566672
6 0.688844 0.619346 1.66735 566706
6 0.68622 0.626363 1.66111 566741
6 0.682413 0.632264 1.65372 566774
6 0.676553 0.639428 1.64519 566809
6 0.671094 0.643949 1.63563 566843
6 0.662911 0.646561 1.62583 566878
6 0.657109 0.648291 1.61954 566911
6 0.652237 0.648458 1.61306 566928
6 0.647291 0.647906 1.60641 566963
6 0.645832 0.647095 1.6061 566997
6 0.645069 0.645836 1.60482 567030

7 0.776304 0.600575 1.65061 568301
7 0.777891 0.599155 1.65303 568335
7 0.776826 0.5949 1.65109 568369
7 0.780721 0.591524 1.6568 568403
7 0.784038 0.591262 1.66533 568436
7 0.790253 0.593035 1.67238 568469
7 0.793511 0.593966 1.67859 568503
7 0.797027 0.595609 1.68488 568537
7 0.80179 0.598233 1.69017 568571
7 0.805035 0.601014 1.69823 568605
7 0.80417 0.604766 1.70414 568640
7 0.806227 0.611905 1.71065 568673
7 0.807361 0.615452 1.70846 568707
7 0.803417 0.613716 1.70745 568742
7 0.8015 0.620256 1.70963 568776
7 0.798927 0.628535 1.71016 568809
7 0.794309 0.633492 1.71102 568842
7 0.791085 0.635759 1.71088 568875
7 0.78676 0.635757 1.70432 568909
7 0.784095 0.634997 1.69941 568943
7 0.785258 0.6335 1.69658 568975
7 0.783897 0.633103 1.69621 569010
7 0.784379 0.629341 1.697 569044
7 0.783585 0.628822 1.70105 569078
7 0.78359 0.62834 1.70211 569110
7 0.785058 0.625884 1.70099 569143
7 0.788094 0.626639 1.70496 569177
7 0.791304 0.626186 1.70972 569210
7 0.795741 0.629089 1.71958 569244
7 0.799436 0.633288 1.72549 569278
7 0.80185 0.636401 1.73283 569311
7 0.805215 0.63829 1.73585 569343
7 0.808972 0.640449 1.73859 569377
7 0.811465 0.643714 1.7454 569410
7 0.814687 0.650044 1.75136 569443
7 0.814604 0.656832 1.75125 569476
7 0.815472 0.658785 1.75401 569509
7 0.817061 0.665098 1.75611 569542
7 0.814387 0.670684 1.75962 569576
7 0.810746 0.675746 1.75985 569609
7 0.808096 0.682904 1.75505 569642
7 0.804684 0.687321 1.75098 569676
7 0.799149 0.691976 1.74881 569710
7 0.794211 0.696395 1.74652 569744
7 0.786351 0.699366 1.74052 569778
7 0.776935 0.700557 1.7348 569795
7 0.769493 0.700619 1.72671 569845
7 0.762079 0.700336 1.7229 569878
7 0.756901 0.696693 1.71631 569895
7 0.753384 0.694246 1.71619 569945
7 0.74976 0.690008 1.71461 569978

8 0.357961 0.609152 1.58001 572037
8 0.362625 0.607571 1.58278 572070
8 0.365705 0.608491 1.58128 572104
8 0.370871 0.609316 1.58115 572137
8 0.374782 0.609786 1.58071 572171
8 0.37869 0.611688 1.58184 572203
8 0.380685 0.613384 1.58339 572237
8 0.384572 0.616501 1.58382 572272
8 0.386095 0.621667 1.5868 572305
8 0.383886 0.626304 1.5887 572338
8 0.381703 0.629431 1.59125 572371
8 0.378913 0.633437 1.59406 572403
8 0.374856 0.638769 1.59866 572437
8 0.3706 0.640824 1.59753 572470
8 0.367211 0.641882 1.59894 572504
8 0.365248 0.640864 1.60195 572538
8 0.364318 0.639119 1.60518 572572
8 0.365082 0.63668 1.60363 572606
8 0.365101 0.637008 1.60375 572641
8 0.368491 0.636182 1.60629 572674
8 0.370881 0.635018 1.60669 572708
8 0.374012 0.63629 1.60431 572742
8 0.375302 0.638325 1.59767 572775
8 0.379069 0.64113 1.59759 572808
8 0.382492 0.643945 1.5966 572843
8 0.389878 0.64745 1.59791 572876
8 0.394023 0.652374 1.60084 572910
8 0.397879 0.6569 1.60216 572943
8 0.402042 0.66038 1.60759 572977
8 0.40514 0.665167 1.61027 573010
8 0.405971 0.671096 1.61404 573042
8 0.40579 0.677957 1.61157 573075
8 0.402617 0.683325 1.61563 573108
8 0.401448 0.687803 1.61979 573141
8 0.39989 0.691992 1.62745 573174
8 0.394334 0.696247 1.62406 573207
8 0.38683 0.697428 1.62334 573241
8 0.380029 0.69841 1.62273 573275
8 0.373259 0.697725 1.62486 573309
8 0.366979 0.69632 1.62388 573343
8 0.360397 0.692982 1.62443 573377
8 0.353575 0.687428 1.61651 573409
8 0.349478 0.68536 1.61679 573443
8 0.348381 0.682527 1.6147 573477

9 0.807425 0.385257 1.5219 578040
9 0.807383 0.382313 1.52368 578074
9 0.808069 0.380555 1.52744 578108
9 0.809855 0.377489 1.53148 578142
9 0.813577 0.376097 1.53544 578176
9 0.818404 0.37829 1.5438 578209
9 0.820157 0.379458 1.54945 578242
9 0.823646 0.380557 1.55808 578277
9 0.828308 0.384354 1.565 578310
9 0.830093 0.389134 1.57346 578344
9 0.833449 0.391385 1.57687 578378
9 0.835588 0.394549 1.58032 578412
9 0.837012 0.400083 1.58101 578445
9 0.837051 0.403576 1.57832 578478
9 0.835244 0.409767 1.5824 578511
9 0.83258 0.412838 1.58515 578545
9 0.8295 0.419738 1.58177 578580
9 0.825264 0.424111 1.57769 578613
9 0.821573 0.428896 1.57405 578646
9 0.817623 0.430383 1.56769 578680
9 0.813858 0.433654 1.55814 578713
9 0.809272 0.436306 1.55616 578745
9 0.806387 0.436509 1.55471 578779
9 0.806338 0.435207 1.5533 578812
9 0.805023 0.434511 1.55468 578847
9 0.806461 0.434854 1.55959 578880
9 0.808329 0.432339 1.5615 578914
9 0.810979 0.43225 1.56624 578948
9 0.815155 0.43032 1.57388 578982
9 0.818239 0.433965 1.58111 579015
9 0.820257 0.434283 1.58647 579048
9 0.825198 0.435912 1.58801 579081
9 0.830874 0.436086 1.58847 579114
9 0.834366 0.435798 1.58804 579149
9 0.83573 0.439185 1.59709 579182
9 0.836461 0.444499 1.60382 579217
9 0.837114 0.44693 1.60895 579251
9 0.838126 0.450874 1.61098 579284
9 0.83837 0.453025 1.60999 579317
9 0.838506 0.45931 1.61166 579350
9 0.836384 0.463612 1.60378 579382
9 0.833355 0.468263 1.5971 579416
9 0.82982 0.469487 1.59115 579449
9 0.826622 0.470031 1.5829 579482
9 0.820193 0.470984 1.57557 579515
9 0.812255 0.470055 1.56628 579549
9 0.80506 0.468531 1.55553 579581
9 0.797057 0.465563 1.5479 579614
9 0.789913 0.462509 1.54274 579648
9 0.783648 0.457303 1.53831 579682

