Gesto: 3
0 0.370718 0.194629 1.80948 360083
0 0.370656 0.194937 1.80899 360117
0 0.372724 0.194793 1.80419 360151
0 0.375619 0.195885 1.79285 360185
0 0.38106 0.192023 1.79573 360219
0 0.385109 0.189929 1.79614 360252
0 0.391533 0.187221 1.78977 360286
0 0.399212 0.186548 1.78316 360320
0 0.406182 0.187275 1.78186 360353
0 0.415886 0.187561 1.78421 360386
0 0.425868 0.189142 1.78293 360418
0 0.432636 0.193156 1.77923 360450
0 0.439554 0.197252 1.7789 360483
0 0.445649 0.201577 1.77754 360533
0 0.453048 0.207539 1.77258 360549
0 0.456263 0.218132 1.77704 360583
0 0.459196 0.227163 1.77725 360632
0 0.459513 0.239049 1.77146 360664
0 0.457884 0.251698 1.76579 360697
0 0.458296 0.26082 1.76468 360730
0 0.456937 0.270955 1.76124 360764
0 0.451469 0.284027 1.75201 360797
0 0.447897 0.298363 1.7497 360831
0 0.441529 0.308838 1.74639 360863
0 0.435637 0.319474 1.74851 360896
0 0.429314 0.329711 1.74657 360929
0 0.422551 0.337977 1.7451 360963
0 0.415361 0.344121 1.74444 360996
0 0.410143 0.347629 1.74594 361030
0 0.401037 0.353792 1.74891 361065
0 0.394786 0.358029 1.75096 361098
0 0.390295 0.361374 1.75435 361131
0 0.38608 0.364187 1.75493 361164
0 0.383113 0.365615 1.75648 361197
0 0.384759 0.366271 1.75881 361230
0 0.385413 0.366454 1.75721 361263
0 0.388863 0.367308 1.75824 361296
0 0.393636 0.367123 1.7549 361331
0 0.401 0.367529 1.75268 361364
0 0.40864 0.368293 1.7513 361397
0 0.417541 0.366959 1.74764 361430
0 0.42789 0.365191 1.74705 361464
0 0.438843 0.362232 1.74687 361496
0 0.449264 0.358513 1.74671 361531
0 0.463061 0.356505 1.74681 361563
0 0.470423 0.359066 1.74899 361596
0 0.478657 0.361156 1.75147 361628
0 0.485811 0.364343 1.75194 361662
0 0.493392 0.370916 1.7554 361695
0 0.497337 0.378063 1.76198 361728
0 0.501195 0.38722 1.7624 361762
0 0.503179 0.398864 1.76769 361795
0 0.504589 0.41277 1.76756 361828
0 0.504158 0.427554 1.77055 361860
0 0.500618 0.443124 1.77456 361894
0 0.497453 0.462033 1.77981 361928
0 0.490568 0.477864 1.7942 361960
0 0.480394 0.495175 1.8109 361994
0 0.472952 0.511443 1.82349 362027
0 0.464301 0.527426 1.82885 362060
0 0.450895 0.542566 1.84394 362092
0 0.439359 0.552395 1.85721 362124
0 0.426034 0.562845 1.87183 362157
0 0.415381 0.57101 1.88665 362188
0 0.402509 0.575472 1.89901 362221
0 0.391383 0.579044 1.91232 362255
0 0.378668 0.57814 1.92447 362288
0 0.367752 0.578375 1.93081 362322
0 0.354842 0.577707 1.9375 362357
0 0.34445 0.5727 1.94457 362390
0 0.33583 0.566714 1.95078 362424
0 0.328361 0.5592 1.95608 362457
0 0.323179 0.553067 1.95739 362490
0 0.319993 0.548308 1.95903 362524
0 0.318759 0.545729 1.95918 362557
0 0.32038 0.541988 1.96042 362592
0 0.321427 0.540679 1.95882 362625
0 0.324798 0.540303 1.96487 362659
0 0.327693 0.540109 1.9689 362693
0 0.329581 0.540655 1.96884 362726

1 0.426658 0.186052 1.87702 364635
1 0.428953 0.184638 1.87643 364668
1 0.431541 0.183235 1.87352 364701
1 0.436458 0.183586 1.87089 364736
1 0.4422 0.17965 1.86864 364752
1 0.450094 0.174131 1.86937 364800
1 0.460606 0.170286 1.87204 364832
1 0.469757 0.168954 1.87303 364865
1 0.478855 0.169815 1.87404 364899
1 0.489972 0.173966 1.875 364933
1 0.500372 0.179813 1.87013 364966
1 0.506841 0.18533 1.8695 364998
1 0.515494 0.196322 1.86232 365030
1 0.521999 0.206411 1.85977 365064
1 0.528249 0.215169 1.85961 365097
1 0.53167 0.227197 1.85081 365131
1 0.533787 0.240866 1.84989 365164
1 0.533039 0.256059 1.84279 365196
1 0.529539 0.270288 1.83589 365229
1 0.524395 0.287124 1.83052 365263
1 0.518463 0.300959 1.82293 365296
1 0.512099 0.311692 1.81641 365329
1 0.503288 0.324321 1.81663 365362
1 0.494089 0.335094 1.81644 365396
1 0.484322 0.345493 1.81297 365428
1 0.473283 0.353629 1.80948 365462
1 0.462072 0.363206 1.8119 365495
1 0.450708 0.369879 1.81133 365527
1 0.442016 0.374415 1.80856 365559
1 0.437458 0.376249 1.80679 365592
1 0.437515 0.376732 1.81067 365625
1 0.441101 0.373503 1.80967 365659
1 0.446795 0.368987 1.80974 365693
1 0.455716 0.366393 1.80982 365725
1 0.464048 0.363407 1.80841 365757
1 0.473409 0.357644 1.80674 365792
1 0.484905 0.353387 1.80719 365825
1 0.49505 0.352299 1.80773 365859
1 0.507735 0.354664 1.81106 365893
1 0.519347 0.357762 1.81307 365926
1 0.530167 0.36162 1.8149 365959
1 0.536852 0.369788 1.8181 365993
1 0.540643 0.380379 1.82037 366028
1 0.544086 0.397091 1.82588 366059
1 0.543732 0.413212 1.83266 366091
1 0.542224 0.430789 1.84464 366123
1 0.538026 0.452747 1.84908 366156
1 0.53316 0.470556 1.85324 366189
1 0.526957 0.490401 1.85502 366221
1 0.517818 0.508819 1.86274 366271
1 0.506191 0.526424 1.87302 366287
1 0.492793 0.540109 1.87777 366320
1 0.479948 0.552145 1.88037 366371
1 0.464282 0.564139 1.88571 366388
1 0.448033 0.57161 1.89316 366422
1 0.436048 0.576837 1.8943 366457
1 0.422938 0.579508 1.89876 366490
1 0.409278 0.576618 1.90488 366524
1 0.399087 0.572347 1.90555 366557
1 0.389225 0.568681 1.90931 366590
1 0.382131 0.56321 1.91009 366625
1 0.379012 0.556 1.90502 366659
1 0.376926 0.551552 1.90809 366692
1 0.378539 0.549695 1.90567 366725

2 0.42326 0.158103 1.86554 367700
2 0.428036 0.157808 1.86218 367734
2 0.433835 0.158705 1.85865 367768
2 0.439662 0.158232 1.84979 367801
2 0.450513 0.158602 1.84776 367835
2 0.462273 0.159271 1.84775 367869
2 0.47397 0.163392 1.8487 367903
2 0.486406 0.16647 1.85037 367937
2 0.49854 0.171593 1.84966 367971
2 0.509083 0.180151 1.847 368005
2 0.52004 0.191634 1.84672 368022
2 0.530101 0.202084 1.84813 368056
2 0.535974 0.214989 1.84649 368090
2 0.540816 0.227458 1.84294 368124
2 0.546724 0.243418 1.83999 368158
2 0.552154 0.258347 1.84213 368206
2 0.550639 0.27456 1.83544 368223
2 0.547808 0.289673 1.83288 368254
2 0.541614 0.30616 1.82945 368303
2 0.531137 0.322638 1.81518 368334
2 0.520007 0.338793 1.80818 368368
2 0.50802 0.349405 1.80191 368401
2 0.497679 0.359435 1.80219 368435
2 0.483074 0.372958 1.80061 368468
2 0.467877 0.381449 1.79822 368501
2 0.453147 0.384931 1.79946 368534
2 0.441459 0.388976 1.79676 368567
2 0.433575 0.39045 1.79465 368599
2 0.429391 0.390408 1.79261 368633
2 0.42867 0.39162 1.79478 368666
2 0.431571 0.388917 1.7932 368698
2 0.437354 0.38467 1.79448 368730
2 0.445545 0.381853 1.79587 368763
2 0.455724 0.377178 1.79248 368795
2 0.468099 0.37117 1.79356 368828
2 0.482541 0.370418 1.79492 368862
2 0.494696 0.370293 1.80117 368896
2 0.50863 0.372959 1.80371 368930
2 0.521162 0.377437 1.80684 368963
2 0.529801 0.387776 1.81161 368996
2 0.536156 0.399002 1.81467 369029
2 0.541897 0.413046 1.8249 369062
2 0.543786 0.433294 1.83535 369095
2 0.544069 0.454332 1.83928 369128
2 0.542281 0.475008 1.84333 369161
2 0.537116 0.492954 1.85261 369194
2 0.52784 0.512144 1.85586 369228
2 0.518169 0.52897 1.86304 369262
2 0.505265 0.547672 1.86923 369295
2 0.490918 0.565314 1.87426 369329
2 0.476618 0.578153 1.87696 369363
2 0.458381 0.588291 1.88421 369398
2 0.442017 0.593696 1.89048 369431
2 0.428911 0.596879 1.8974 369464
2 0.414502 0.599237 1.89416 369497
2 0.403541 0.599497 1.89242 369530
2 0.390113 0.597658 1.89058 369562
2 0.378784 0.590533 1.89047 369594
2 0.37154 0.583453 1.8882 369626
2 0.363855 0.574319 1.87576 369658
2 0.361181 0.564671 1.8779 369692

3 0.394585 0.238627 1.86159 373528
3 0.395209 0.240273 1.86038 373560
3 0.398704 0.236095 1.8578 373609
3 0.403699 0.228993 1.85504 373626
3 0.408747 0.225965 1.85366 373676
3 0.414789 0.221657 1.84345 373693
3 0.422182 0.215409 1.84677 373726
3 0.433408 0.209859 1.85083 373775
3 0.445577 0.207075 1.85093 373809
3 0.45893 0.202003 1.85298 373842
3 0.472991 0.20134 1.85539 373877
3 0.485338 0.203881 1.85406 373894
3 0.499001 0.211471 1.85087 373943
3 0.510707 0.224014 1.85031 373975
3 0.521082 0.238941 1.84788 374007
3 0.530719 0.259632 1.84999 374041
3 0.537467 0.288018 1.84763 374075
3 0.54158 0.313785 1.84403 374109
3 0.541945 0.340717 1.83245 374142
3 0.532977 0.363927 1.82815 374176
3 0.521696 0.391827 1.82546 374193
3 0.506797 0.409667 1.82827 374243
3 0.488313 0.425541 1.82675 374276
3 0.469868 0.435806 1.82689 374293
3 0.451441 0.440403 1.83141 374343
3 0.436821 0.440219 1.8339 374360
3 0.429535 0.435814 1.83655 374394
3 0.43121 0.432358 1.83951 374428
3 0.436753 0.429319 1.84395 374462
3 0.447767 0.427931 1.84625 374496
3 0.46074 0.43046 1.85608 374529
3 0.473204 0.438218 1.86912 374563
3 0.482762 0.452406 1.88479 374597
3 0.491708 0.46961 1.89853 374631
3 0.497829 0.490367 1.91557 374665
3 0.494892 0.514871 1.93014 374699
3 0.48905 0.537365 1.94435 374733
3 0.478526 0.559248 1.95401 374767
3 0.46505 0.58103 1.96598 374800
3 0.448441 0.601691 1.97376 374834
3 0.431476 0.62325 1.97885 374868
3 0.41525 0.639731 1.98355 374902
3 0.401076 0.649157 1.98808 374936
3 0.383843 0.654937 1.98944 374969
3 0.364453 0.656856 1.99318 375003
3 0.35002 0.655924 1.99403 375038
3 0.339388 0.649042 1.99638 375071
3 0.327767 0.643273 1.99368 375105
3 0.322067 0.633553 1.99066 375139
3 0.317369 0.625517 1.98436 375172

4 0.49283 0.162851 1.80241 376431
4 0.496657 0.163678 1.79428 376464
4 0.499345 0.161868 1.78812 376498
4 0.505831 0.163579 1.77997 376530
4 0.513719 0.164079 1.77205 376579
4 0.524078 0.166018 1.76998 376596
4 0.533521 0.168115 1.77106 376629
4 0.547658 0.174075 1.77539 376678
4 0.563201 0.185788 1.77999 376711
4 0.57405 0.201668 1.77798 376728
4 0.58446 0.218623 1.78206 376779
4 0.593484 0.239428 1.78368 376796
4 0.599527 0.258982 1.7863 376829
4 0.602092 0.28448 1.78023 376879
4 0.600453 0.307393 1.7775 376896
4 0.59478 0.33116 1.774 376930
4 0.586391 0.34737 1.7651 376979
4 0.573838 0.361483 1.75592 376996
4 0.557583 0.371837 1.74576 377028
4 0.541837 0.380211 1.74087 377078
4 0.531155 0.382626 1.74049 377111
4 0.524056 0.382833 1.7385 377144
4 0.520372 0.382195 1.73817 377178
4 0.522235 0.375517 1.73758 377211
4 0.529241 0.37138 1.74417 377243
4 0.537505 0.369236 1.75067 377278
4 0.548427 0.367406 1.75645 377312
4 0.560964 0.365633 1.76374 377329
4 0.577938 0.36402 1.77587 377364
4 0.590079 0.364392 1.78721 377398
4 0.602214 0.370829 1.79801 377448
4 0.614201 0.381068 1.80648 377464
4 0.622816 0.395492 1.81285 377497
4 0.627782 0.417981 1.82273 377548
4 0.625569 0.441661 1.82678 377565
4 0.621467 0.462224 1.83216 377599
4 0.614291 0.488449 1.83511 377633
4 0.604817 0.510556 1.84257 377668
4 0.593292 0.534884 1.84481 377701
4 0.576316 0.555441 1.84399 377735
4 0.559203 0.5716 1.85191 377768
4 0.540968 0.584067 1.85306 377801
4 0.521264 0.595524 1.8551 377836
4 0.501953 0.601557 1.8551 377870
4 0.485249 0.604868 1.85021 377904
4 0.471272 0.600933 1.84487 377937
4 0.453616 0.593905 1.83766 377970
4 0.438509 0.581627 1.83137 378004
4 0.425018 0.567787 1.82892 378038
4 0.415312 0.553057 1.82483 378072
4 0.406189 0.538837 1.81496 378106
4 0.400407 0.525502 1.80483 378141

5 0.514442 0.110015 1.81163 379269
5 0.519982 0.114239 1.80472 379302
5 0.524913 0.115554 1.80112 379337
5 0.533084 0.121291 1.79771 379370
5 0.544087 0.127373 1.79253 379404
5 0.557719 0.134916 1.79414 379437
5 0.574108 0.146081 1.80171 379470
5 0.587996 0.161395 1.81207 379502
5 0.59981 0.178114 1.81409 379533
5 0.610092 0.199762 1.81997 379566
5 0.615428 0.221539 1.81876 379599
5 0.618247 0.247775 1.81658 379631
5 0.61895 0.27129 1.81154 379663
5 0.616587 0.292666 1.80095 379712
5 0.60935 0.311741 1.79044 379745
5 0.59944 0.330999 1.77205 379778
5 0.584235 0.351067 1.75473 379812
5 0.56377 0.363788 1.7408 379844
5 0.541796 0.37315 1.73173 379877
5 0.520497 0.378657 1.72655 379910
5 0.499716 0.379462 1.72123 379943
5 0.483133 0.379175 1.72335 379975
5 0.472943 0.376383 1.72668 380009
5 0.469179 0.371932 1.73271 380042
5 0.472309 0.364164 1.73315 380075
5 0.478757 0.357447 1.73477 380109
5 0.490124 0.350855 1.73302 380142
5 0.500764 0.345248 1.73364 380175
5 0.512677 0.34132 1.73342 380209
5 0.526819 0.341574 1.73818 380243
5 0.542701 0.345302 1.74412 380275
5 0.558944 0.350518 1.75396 380309
5 0.572338 0.357076 1.76115 380342
5 0.583979 0.369519 1.77023 380374
5 0.592039 0.387574 1.77726 380407
5 0.59801 0.406221 1.78679 380440
5 0.599469 0.426923 1.79662 380473
5 0.596204 0.448729 1.80472 380506
5 0.592605 0.47298 1.81079 380540
5 0.586353 0.493921 1.81687 380575
5 0.577435 0.517585 1.8213 380608
5 0.56647 0.53879 1.82286 380641
5 0.550407 0.557684 1.8285 380674
5 0.534431 0.575637 1.83016 380708
5 0.513649 0.594155 1.83794 380742
5 0.49553 0.604224 1.85235 380775
5 0.477227 0.611823 1.85915 380808
5 0.461467 0.620357 1.86597 380841
5 0.44656 0.62451 1.8629 380873
5 0.432975 0.621562 1.86885 380907
5 0.418944 0.617693 1.87158 380940

6 0.37923 0.15032 1.87293 382282
6 0.386789 0.149315 1.86569 382315
6 0.395521 0.148042 1.8554 382350
6 0.405258 0.144407 1.85148 382366
6 0.416802 0.142057 1.84726 382416
6 0.429436 0.141424 1.84306 382451
6 0.442842 0.146171 1.83836 382468
6 0.457718 0.15001 1.83835 382517
6 0.468363 0.157599 1.83153 382550
6 0.478696 0.168017 1.82854 382566
6 0.48809 0.181444 1.81951 382618
6 0.495428 0.198089 1.81426 382634
6 0.499703 0.218391 1.80733 382667
6 0.499552 0.239848 1.79747 382716
6 0.496928 0.264566 1.79193 382749
6 0.492283 0.288065 1.78626 382783
6 0.487128 0.308181 1.78484 382817
6 0.477647 0.332263 1.77795 382850
6 0.465983 0.357658 1.77664 382866
6 0.45018 0.375805 1.77291 382917
6 0.435095 0.39282 1.76934 382934
6 0.417246 0.407007 1.77273 382969
6 0.399792 0.417635 1.77942 383003
6 0.384721 0.423262 1.78609 383037
6 0.372452 0.42427 1.78932 383070
6 0.367054 0.420913 1.79167 383104
6 0.364961 0.417241 1.79631 383137
6 0.369493 0.413019 1.79735 383171
6 0.378153 0.406943 1.79721 383205
6 0.389408 0.402268 1.79521 383238
6 0.401121 0.398211 1.79303 383272
6 0.415133 0.39575 1.79577 383305
6 0.427622 0.397761 1.80341 383337
6 0.442819 0.404098 1.81265 383386
6 0.454734 0.414582 1.82043 383403
6 0.46606 0.421039 1.82606 383438
6 0.477775 0.43418 1.83353 383471
6 0.484618 0.449902 1.84192 383504
6 0.488615 0.466674 1.8553 383536
6 0.491065 0.484997 1.86827 383587
6 0.490922 0.502941 1.87931 383603
6 0.489385 0.52099 1.89259 383636
6 0.484775 0.540656 1.90295 383671
6 0.477346 0.555368 1.91702 383703
6 0.468187 0.574487 1.92643 383737
6 0.459208 0.587997 1.93868 383785
6 0.450324 0.601646 1.94685 383818
6 0.440986 0.611698 1.96142 383834
6 0.430862 0.617579 1.97342 383883
6 0.419005 0.625281 1.98258 383918
6 0.408697 0.630697 1.98775 383934
6 0.397611 0.63133 1.98826 383984
6 0.384593 0.627806 1.99521 384018
6 0.375833 0.624142 1.99786 384035
6 0.367615 0.620334 2.00018 384086
6 0.361245 0.61298 2.00547 384103
6 0.353466 0.608965 2.00809 384135

7 0.298512 0.201329 1.99527 385478
7 0.302771 0.201719 1.98817 385511
7 0.305009 0.200278 1.97746 385545
7 0.310533 0.200454 1.96998 385578
7 0.314881 0.195784 1.95901 385612
7 0.320706 0.192812 1.95317 385646
7 0.32875 0.190281 1.94106 385680
7 0.339151 0.185913 1.93283 385715
7 0.347931 0.182029 1.92716 385748
7 0.35758 0.181959 1.91584 385782
7 0.368067 0.183327 1.90878 385816
7 0.377025 0.189543 1.89678 385850
7 0.385795 0.192895 1.8929 385884
7 0.391403 0.202137 1.88486 385917
7 0.400093 0.208731 1.88076 385950
7 0.405681 0.219599 1.87409 385984
7 0.411619 0.229584 1.87044 386018
7 0.417034 0.242344 1.86736 386052
7 0.41958 0.2575 1.86326 386085
7 0.421392 0.274254 1.85298 386120
7 0.420787 0.290343 1.84479 386153
7 0.418204 0.306718 1.84097 386170
7 0.415261 0.324992 1.83443 386221
7 0.410311 0.340836 1.83098 386239
7 0.402476 0.357381 1.83241 386272
7 0.396898 0.372981 1.83098 386305
7 0.388183 0.387784 1.83503 386339
7 0.378376 0.400427 1.84079 386372
7 0.36803 0.411038 1.84109 386422
7 0.357434 0.419681 1.85047 386438
7 0.348599 0.426037 1.85893 386471
7 0.339854 0.433981 1.87008 386520
7 0.330074 0.438852 1.87771 386552
7 0.323204 0.441114 1.88406 386570
7 0.317082 0.439906 1.8893 386620
7 0.313242 0.439186 1.89289 386652
7 0.310213 0.437906 1.8981 386685
7 0.308599 0.433425 1.90303 386718
7 0.308302 0.429476 1.90369 386752
7 0.308517 0.429061 1.90092 386785
7 0.310291 0.423969 1.90005 386818
7 0.313404 0.420727 1.8998 386853
7 0.319344 0.414971 1.89844 386886
7 0.328688 0.411551 1.89057 386919
7 0.33572 0.408966 1.88462 386952
7 0.344907 0.404815 1.87817 386985
7 0.353329 0.401821 1.8736 387018
7 0.3623 0.399009 1.86762 387050
7 0.372247 0.398344 1.86664 387084
7 0.379589 0.398024 1.85706 387117
7 0.3881 0.39739 1.84983 387151
7 0.396941 0.395914 1.84731 387184
7 0.405314 0.400425 1.84883 387215
7 0.411832 0.404838 1.85032 387249
7 0.418955 0.413366 1.85331 387283
7 0.422422 0.4218 1.85189 387315
7 0.425978 0.432637 1.85595 387347
7 0.428162 0.445621 1.85896 387380
7 0.427984 0.461531 1.86485 387412
7 0.427574 0.477433 1.86812 387447
7 0.423681 0.495223 1.8768 387479
7 0.416458 0.512907 1.88734 387512
7 0.406992 0.533386 1.89266 387546
7 0.395027 0.550984 1.90801 387579
7 0.384992 0.565441 1.91738 387611
7 0.371652 0.577998 1.92518 387644
7 0.358582 0.588198 1.9364 387677
7 0.346923 0.5954 1.952 387710
7 0.333968 0.599162 1.96999 387743
7 0.324877 0.600944 1.98254 387775
7 0.313622 0.602731 1.9946 387807
7 0.307037 0.599517 2.00829 387840
7 0.303449 0.59299 2.00933 387888
7 0.300955 0.588347 2.01161 387921
7 0.299764 0.583635 2.01135 387937

8 0.493085 0.145612 1.88407 389413
8 0.495355 0.146834 1.88052 389446
8 0.498042 0.146711 1.87667 389479
8 0.502072 0.147528 1.87158 389513
8 0.507996 0.147828 1.86907 389546
8 0.515453 0.148988 1.87033 389580
8 0.523724 0.149516 1.86872 389613
8 0.533132 0.152041 1.86927 389647
8 0.540607 0.156604 1.87809 389680
8 0.55451 0.167525 1.88441 389715
8 0.566341 0.176788 1.89003 389748
8 0.576031 0.186395 1.89144 389782
8 0.582961 0.201187 1.89132 389816
8 0.589579 0.215439 1.89499 389850
8 0.595317 0.226453 1.89715 389884
8 0.598897 0.239961 1.89577 389917
8 0.603378 0.254985 1.89597 389951
8 0.60231 0.269925 1.89055 389983
8 0.600755 0.285037 1.88306 390016
8 0.599148 0.299954 1.88331 390050
8 0.596337 0.312726 1.87453 390084
8 0.590498 0.324467 1.86411 390118
8 0.584577 0.334142 1.85382 390152
8 0.576963 0.344023 1.85018 390187
8 0.566436 0.354235 1.84171 390220
8 0.558106 0.361964 1.83526 390254
8 0.550783 0.367994 1.82874 390286
8 0.5436 0.373394 1.82515 390320
8 0.535398 0.377394 1.82244 390355
8 0.527095 0.383524 1.81765 390387
8 0.52294 0.387637 1.81539 390420
8 0.515521 0.389753 1.81666 390453
8 0.508822 0.392928 1.81906 390487
8 0.500934 0.399389 1.82315 390521
8 0.49478 0.402774 1.82544 390553
8 0.487951 0.406027 1.82715 390586
8 0.484216 0.408334 1.82423 390619
8 0.482597 0.408105 1.81778 390652
8 0.479223 0.410373 1.82513 390686
8 0.476964 0.412177 1.83039 390721
8 0.476168 0.412783 1.83334 390756
8 0.475107 0.413605 1.83616 390788
8 0.474688 0.415043 1.8332 390822
8 0.474504 0.415508 1.8328 390855
8 0.476908 0.414263 1.82708 390888
8 0.480328 0.413033 1.82537 390921
8 0.483597 0.413574 1.82469 390952
8 0.485786 0.41139 1.82735 390985
8 0.488351 0.410562 1.82363 391019
8 0.492805 0.409269 1.82355 391051
8 0.497132 0.40921 1.8217 391084
8 0.499779 0.408049 1.8192 391117
8 0.506916 0.402842 1.81605 391150
8 0.512267 0.399671 1.8134 391183
8 0.519259 0.397737 1.81299 391216
8 0.523914 0.396421 1.81194 391250
8 0.53044 0.395453 1.81314 391282
8 0.536029 0.395331 1.81351 391315
8 0.543014 0.394718 1.81716 391348
8 0.549976 0.396533 1.82199 391382
8 0.55573 0.400677 1.82047 391414
8 0.561539 0.403356 1.82754 391448
8 0.563853 0.408838 1.83579 391480
8 0.566199 0.416626 1.84404 391513
8 0.571048 0.424629 1.84886 391546
8 0.574284 0.436148 1.85512 391578
8 0.575773 0.448899 1.8552 391611
8 0.577098 0.459831 1.862 391644
8 0.577648 0.473102 1.86682 391678
8 0.573227 0.486932 1.87291 391712
8 0.569202 0.501243 1.88971 391745
8 0.562485 0.516679 1.89523 391777
8 0.553801 0.531196 1.89878 391810
8 0.545937 0.547815 1.90465 391860
8 0.53346 0.563077 1.90949 391877
8 0.520999 0.577879 1.91444 391910
8 0.504063 0.591726 1.92233 391944
8 0.488637 0.60733 1.92236 391977
8 0.475401 0.618369 1.9288 392011
8 0.460599 0.625615 1.93074 392044
8 0.445209 0.629335 1.93137 392078
8 0.427381 0.630115 1.93021 392113
8 0.411887 0.622779 1.92344 392146
8 0.397256 0.614531 1.9177 392178
8 0.387339 0.603196 1.91108 392212
8 0.379841 0.591337 1.90777 392244

9 0.511153 0.141507 1.90455 393582
9 0.51254 0.141969 1.89866 393615
9 0.517308 0.143022 1.89638 393648
9 0.520899 0.145115 1.89018 393682
9 0.526431 0.145529 1.88837 393717
9 0.533631 0.144619 1.88934 393750
9 0.542843 0.142249 1.89304 393784
9 0.557024 0.142137 1.89993 393817
9 0.572466 0.148842 1.90736 393851
9 0.584067 0.155179 1.91474 393884
9 0.598202 0.161865 1.93018 393918
9 0.611317 0.167234 1.9415 393953
9 0.621569 0.17659 1.94745 393986
9 0.63256 0.188374 1.95906 394020
9 0.639282 0.203254 1.96053 394052
9 0.647514 0.219645 1.95941 394085
9 0.653319 0.237277 1.95757 394118
9 0.656334 0.254683 1.95937 394153
9 0.658283 0.275157 1.95586 394186
9 0.657888 0.292093 1.94692 394218
9 0.654779 0.31345 1.93309 394250
9 0.648432 0.330883 1.92153 394284
9 0.643853 0.349177 1.91289 394317
9 0.635542 0.367103 1.89897 394349
9 0.628908 0.38284 1.8924 394381
9 0.614739 0.393229 1.87635 394415
9 0.60434 0.405749 1.86653 394448
9 0.592164 0.416094 1.85819 394482
9 0.579067 0.425733 1.84141 394515
9 0.563123 0.432216 1.83297 394549
9 0.547829 0.437297 1.82732 394583
9 0.531923 0.440353 1.8213 394616
9 0.518688 0.442932 1.8165 394651
9 0.506778 0.443211 1.81098 394684
9 0.49584 0.446918 1.81934 394719
9 0.484287 0.448244 1.82466 394752
9 0.473706 0.449634 1.82924 394785
9 0.466907 0.449852 1.83043 394819
9 0.463675 0.450125 1.83082 394853
9 0.462272 0.449094 1.83378 394886
9 0.464408 0.446911 1.82836 394920
9 0.46776 0.446966 1.82658 394953
9 0.470593 0.448953 1.82579 394986
9 0.475389 0.450479 1.8243 395021
9 0.480931 0.451246 1.82436 395054
9 0.487164 0.449034 1.812 395087
9 0.493935 0.449191 1.80575 395121
9 0.50108 0.448643 1.80375 395154
9 0.508279 0.44733 1.80165 395186
9 0.51744 0.447081 1.80287 395219
9 0.527993 0.445834 1.80761 395253
9 0.538507 0.444037 1.80754 395285
9 0.550668 0.44226 1.80055 395319
9 0.559284 0.442307 1.80899 395353
9 0.568683 0.443893 1.81545 395386
9 0.579494 0.444695 1.82119 395419
9 0.586121 0.443862 1.83327 395453
9 0.593656 0.449896 1.84003 395486
9 0.600034 0.455795 1.85089 395519
9 0.602752 0.463274 1.8589 395551
9 0.604029 0.473341 1.86681 395584
9 0.604798 0.48678 1.88238 395617
9 0.601559 0.500435 1.89038 395651
9 0.599048 0.514626 1.89344 395683
9 0.593284 0.530558 1.90552 395717
9 0.583676 0.547375 1.91541 395750
9 0.570721 0.565138 1.92552 395783
9 0.552728 0.582104 1.92899 395815
9 0.534958 0.599557 1.93541 395848
9 0.515962 0.617599 1.94249 395882
9 0.495529 0.633191 1.9504 395915
9 0.476319 0.643427 1.95916 395948
9 0.454148 0.649319 1.96345 395981
9 0.431545 0.652182 1.96714 396014
9 0.414149 0.651505 1.9735 396047

