Gesto: 3
0 0.510005 0.240421 1.66158 468972
0 0.514413 0.238597 1.65998 469004
0 0.516834 0.238045 1.65905 469038
0 0.520351 0.235861 1.6594 469073
0 0.52551 0.235617 1.66101 469106
0 0.530047 0.232944 1.65907 469140
0 0.534947 0.229379 1.66234 469174
0 0.539889 0.230761 1.66182 469206
0 0.546719 0.232891 1.66141 469240
0 0.550954 0.235049 1.66107 469274
0 0.556839 0.238106 1.65934 469308
0 0.561045 0.244029 1.65631 469341
0 0.56328 0.248089 1.65502 469374
0 0.56473 0.250583 1.6515 469409
0 0.564889 0.257597 1.65064 469441
0 0.564929 0.262917 1.64857 469474
0 0.563747 0.271366 1.64989 469508
0 0.561653 0.279106 1.6484 469542
0 0.559354 0.284409 1.64781 469574
0 0.556836 0.290854 1.64628 469608
0 0.553948 0.295737 1.64258 469641
0 0.548828 0.297825 1.64419 469673
0 0.545531 0.299227 1.64225 469707
0 0.543995 0.299403 1.64157 469740
0 0.543344 0.299575 1.6418 469772
0 0.542941 0.299532 1.64187 469806
0 0.542641 0.299107 1.64292 469838
0 0.543146 0.294183 1.64218 469871
0 0.544911 0.291952 1.64141 469905
0 0.549352 0.288844 1.64072 469938
0 0.552272 0.287226 1.64179 469972
0 0.556821 0.286226 1.64377 470003
0 0.561116 0.285464 1.64381 470051
0 0.566873 0.285248 1.64318 470068
0 0.572304 0.284439 1.64449 470101
0 0.579609 0.284825 1.64908 470153
0 0.586011 0.288846 1.65248 470169
0 0.593583 0.292094 1.65865 470203
0 0.597382 0.295657 1.66229 470237
0 0.601492 0.300647 1.67001 470271
0 0.606221 0.306072 1.67343 470304
0 0.607957 0.31168 1.67449 470338
0 0.609246 0.317926 1.67723 470372
0 0.608625 0.324069 1.67855 470405
0 0.607638 0.332805 1.67981 470440
0 0.606892 0.341521 1.67947 470473
0 0.60351 0.350591 1.68194 470507
0 0.601202 0.359776 1.68273 470541
0 0.597919 0.367293 1.68146 470574
0 0.594273 0.373275 1.68186 470608
0 0.588763 0.378443 1.681 470642
0 0.583114 0.383402 1.67997 470676
0 0.577453 0.388186 1.67847 470710
0 0.572493 0.389292 1.67178 470744
0 0.565601 0.39101 1.66879 470778
0 0.561291 0.39104 1.66261 470811
0 0.557964 0.38961 1.65792 470844
0 0.555332 0.38827 1.65086 470878
0 0.55309 0.38384 1.64682 470911
0 0.550539 0.382346 1.64422 470944
0 0.549035 0.38053 1.64438 470977
0 0.548581 0.379233 1.64433 471011
0 0.548116 0.376124 1.64653 471045

1 0.609446 0.265798 1.67821 471945
1 0.61143 0.266259 1.67538 471979
1 0.612898 0.266734 1.67354 472013
1 0.614918 0.266809 1.67092 472046
1 0.619516 0.267405 1.66533 472078
1 0.624372 0.267554 1.66152 472112
1 0.630984 0.26684 1.65934 472144
1 0.635789 0.264584 1.65911 472179
1 0.641676 0.265274 1.6619 472212
1 0.649675 0.266529 1.66553 472244
1 0.655794 0.269361 1.66663 472278
1 0.659374 0.273324 1.66975 472311
1 0.662751 0.276882 1.67354 472343
1 0.666317 0.281967 1.67381 472376
1 0.666804 0.288163 1.67509 472411
1 0.666253 0.294488 1.67426 472443
1 0.666239 0.301801 1.67415 472477
1 0.663347 0.307774 1.67103 472509
1 0.659576 0.316241 1.66939 472543
1 0.656141 0.322729 1.66656 472574
1 0.653064 0.328497 1.66237 472607
1 0.648319 0.335054 1.66272 472641
1 0.644099 0.339119 1.65981 472674
1 0.641228 0.340826 1.65615 472707
1 0.639424 0.34137 1.65533 472741
1 0.638555 0.341719 1.6526 472775
1 0.637217 0.33759 1.64796 472809
1 0.637208 0.335909 1.64642 472843
1 0.637451 0.335008 1.649 472877
1 0.639399 0.332824 1.65189 472911
1 0.642191 0.331608 1.65437 472945
1 0.646432 0.329264 1.65594 472979
1 0.649931 0.328552 1.6587 473011
1 0.654523 0.328064 1.66211 473045
1 0.658612 0.326497 1.66418 473079
1 0.662614 0.326036 1.66792 473113
1 0.667661 0.326125 1.67603 473147
1 0.672233 0.327841 1.6837 473181
1 0.676526 0.327148 1.68709 473214
1 0.678926 0.33158 1.68975 473253
1 0.684311 0.333805 1.69599 473274
1 0.687666 0.338351 1.70054 473307
1 0.690525 0.345465 1.70476 473340
1 0.690651 0.352108 1.70738 473374
1 0.692134 0.359204 1.70806 473406
1 0.691154 0.365634 1.71043 473440
1 0.68846 0.374193 1.71406 473474
1 0.68552 0.379886 1.7153 473508
1 0.683695 0.388966 1.71399 473542
1 0.678693 0.39748 1.70991 473574
1 0.674738 0.405896 1.71081 473608
1 0.671361 0.41368 1.70652 473642
1 0.665958 0.421968 1.70491 473675
1 0.660106 0.425184 1.70044 473710
1 0.654786 0.429381 1.6978 473744
1 0.651604 0.431932 1.69399 473776
1 0.646501 0.434599 1.6893 473810
1 0.641671 0.434717 1.68241 473844
1 0.637258 0.433778 1.6775 473878
1 0.635115 0.433218 1.66988 473912

2 0.700839 0.246199 1.72203 474922
2 0.70341 0.24549 1.72235 474955
2 0.707302 0.243954 1.72413 474972
2 0.710067 0.243114 1.72394 475021
2 0.716209 0.242304 1.72884 475054
2 0.720789 0.241321 1.73391 475087
2 0.727149 0.24221 1.74166 475120
2 0.734538 0.24309 1.74798 475153
2 0.740104 0.246047 1.75306 475187
2 0.744424 0.248791 1.7579 475221
2 0.75057 0.251811 1.7603 475255
2 0.753933 0.256042 1.76341 475289
2 0.756643 0.263076 1.76644 475323
2 0.755804 0.268179 1.76539 475339
2 0.753571 0.274301 1.7633 475390
2 0.752664 0.284831 1.76291 475407
2 0.751519 0.292929 1.76132 475440
2 0.751235 0.300215 1.75972 475489
2 0.744967 0.308891 1.74996 475520
2 0.741858 0.313166 1.73949 475554
2 0.738033 0.316482 1.73631 475589
2 0.735236 0.319007 1.73252 475622
2 0.733434 0.321394 1.72906 475654
2 0.731634 0.322673 1.72382 475686
2 0.730732 0.323151 1.72155 475721
2 0.730321 0.323172 1.71934 475743
2 0.732286 0.324233 1.71947 475784
2 0.73313 0.324199 1.72136 475818
2 0.737817 0.323501 1.72401 475850
2 0.740855 0.322873 1.72667 475885
2 0.743496 0.322095 1.72991 475918
2 0.748488 0.32139 1.73163 475951
2 0.75318 0.320113 1.73471 475985
2 0.756476 0.319303 1.74057 476019
2 0.759453 0.31897 1.74697 476053
2 0.76153 0.324438 1.75254 476088
2 0.762983 0.324326 1.75627 476120
2 0.763875 0.327236 1.76146 476155
2 0.765992 0.331305 1.77139 476188
2 0.766359 0.338161 1.77705 476220
2 0.766172 0.34302 1.78008 476252
2 0.766284 0.351061 1.78109 476285
2 0.766564 0.357511 1.78406 476318
2 0.767307 0.365985 1.79135 476351
2 0.762861 0.373806 1.79096 476383
2 0.759181 0.383887 1.79032 476417
2 0.756677 0.394087 1.79554 476450
2 0.7546 0.403044 1.78931 476483
2 0.751208 0.409938 1.78145 476516
2 0.744771 0.416695 1.77941 476548
2 0.737137 0.424649 1.77214 476582
2 0.732132 0.434322 1.7701 476615
2 0.727591 0.439432 1.76312 476648
2 0.722488 0.439227 1.75787 476682
2 0.716741 0.442658 1.74873 476714
2 0.713864 0.440744 1.74044 476747
2 0.711001 0.438018 1.73208 476780

3 0.786118 0.279336 1.74248 478579
3 0.788234 0.279064 1.74072 478613
3 0.790461 0.278886 1.74127 478646
3 0.793303 0.27752 1.74037 478680
3 0.796295 0.276455 1.73729 478712
3 0.801176 0.274217 1.74215 478745
3 0.804402 0.273156 1.74244 478779
3 0.808421 0.274653 1.74719 478812
3 0.812862 0.27838 1.74946 478845
3 0.816398 0.28169 1.75097 478879
3 0.818336 0.284194 1.75143 478911
3 0.81962 0.285562 1.75258 478945
3 0.820259 0.292186 1.75299 478978
3 0.820171 0.297642 1.75158 479013
3 0.819324 0.305324 1.75186 479045
3 0.816342 0.309759 1.74835 479079
3 0.811929 0.313924 1.74437 479111
3 0.809627 0.316656 1.74232 479144
3 0.807076 0.318659 1.73678 479194
3 0.802932 0.322151 1.73187 479211
3 0.801155 0.32489 1.72814 479243
3 0.800418 0.325484 1.72531 479293
3 0.799356 0.32617 1.72256 479310
3 0.799072 0.326931 1.7216 479344
3 0.799684 0.326937 1.72167 479392
3 0.801277 0.325149 1.72258 479425
3 0.801909 0.322561 1.72598 479443
3 0.803912 0.321664 1.72972 479491
3 0.80461 0.321255 1.72921 479525
3 0.807294 0.321025 1.73608 479558
3 0.811224 0.323873 1.74043 479590
3 0.814782 0.322947 1.7426 479622
3 0.817838 0.320912 1.74482 479655
3 0.820439 0.318716 1.74793 479688
3 0.823623 0.323297 1.75787 479721
3 0.827109 0.329004 1.76693 479756
3 0.828657 0.332601 1.77423 479789
3 0.828547 0.334703 1.77371 479822
3 0.829535 0.338854 1.78278 479855
3 0.8312 0.34437 1.78911 479891
3 0.833892 0.350782 1.79165 479923
3 0.834343 0.357637 1.79785 479955
3 0.834399 0.366943 1.80516 479989
3 0.833546 0.374671 1.80401 480023
3 0.83324 0.382894 1.80728 480055
3 0.832209 0.392017 1.80464 480087
3 0.828582 0.39956 1.80159 480120
3 0.825668 0.405534 1.79794 480153
3 0.821157 0.412081 1.79372 480187
3 0.816061 0.419748 1.78996 480222
3 0.812135 0.424066 1.7835 480254
3 0.805769 0.427669 1.7744 480288
3 0.800601 0.429956 1.76204 480323
3 0.796917 0.43094 1.75312 480356

4 0.552816 0.280594 1.66322 481890
4 0.554048 0.281548 1.66538 481923
4 0.557177 0.280911 1.66414 481957
4 0.559973 0.281382 1.6651 481990
4 0.563202 0.28177 1.66602 482023
4 0.567934 0.282181 1.66637 482056
4 0.573301 0.282085 1.66894 482089
4 0.577661 0.28158 1.67346 482123
4 0.581458 0.281579 1.67074 482157
4 0.586863 0.282812 1.67035 482191
4 0.590328 0.285939 1.67505 482224
4 0.591719 0.292298 1.67685 482258
4 0.592504 0.298852 1.6806 482292
4 0.59164 0.303862 1.68147 482326
4 0.590827 0.306593 1.6818 482360
4 0.58621 0.313727 1.68279 482394
4 0.582317 0.319498 1.68242 482427
4 0.579067 0.322946 1.67759 482461
4 0.572918 0.325067 1.67745 482495
4 0.569555 0.325467 1.67427 482529
4 0.567833 0.325573 1.67201 482546
4 0.566669 0.327092 1.67414 482597
4 0.566612 0.327302 1.67299 482629
4 0.566607 0.326672 1.67312 482662
4 0.566904 0.326993 1.67315 482695
4 0.567845 0.326424 1.67483 482728
4 0.572667 0.325865 1.67319 482761
4 0.57548 0.325955 1.67474 482795
4 0.5782 0.324911 1.67741 482828
4 0.584208 0.32456 1.67936 482861
4 0.588789 0.323685 1.68099 482895
4 0.591992 0.323663 1.68209 482929
4 0.597149 0.323501 1.68622 482962
4 0.601378 0.325437 1.69051 482994
4 0.604985 0.327303 1.69234 483028
4 0.608805 0.332185 1.69542 483062
4 0.610738 0.335323 1.7003 483095
4 0.614679 0.342019 1.70725 483129
4 0.615228 0.347623 1.70941 483162
4 0.613824 0.35006 1.70837 483300
4 0.613184 0.356434 1.71095 483300
4 0.611129 0.360543 1.71708 483300
4 0.608296 0.363906 1.71832 483300
4 0.6067 0.371101 1.71971 483319
4 0.603484 0.377037 1.71931 483352
4 0.600148 0.3826 1.72075 483386
4 0.594542 0.38971 1.72068 483419
4 0.587667 0.390228 1.71174 483451
4 0.583207 0.392976 1.70975 483486
4 0.577798 0.394507 1.70612 483518
4 0.573727 0.395338 1.70709 483552
4 0.568399 0.397594 1.70536 483586
4 0.564339 0.397754 1.70124 483618
4 0.560548 0.398389 1.70198 483652
4 0.55662 0.394791 1.69867 483685
4 0.554631 0.392439 1.69482 483717
4 0.555044 0.390501 1.69279 483757

5 0.634413 0.218699 1.71636 485324
5 0.638341 0.217774 1.71774 485358
5 0.640575 0.217732 1.71754 485392
5 0.642655 0.216258 1.71816 485426
5 0.647715 0.216092 1.72017 485460
5 0.651514 0.215665 1.72369 485494
5 0.655948 0.219253 1.72445 485527
5 0.659637 0.222143 1.72607 485561
5 0.662067 0.230147 1.72516 485595
5 0.663167 0.236305 1.72152 485628
5 0.663442 0.24039 1.7169 485661
5 0.66365 0.244376 1.71466 485694
5 0.660809 0.250698 1.71459 485728
5 0.657926 0.259687 1.71458 485769
5 0.654172 0.267958 1.71197 485790
5 0.649549 0.272654 1.70947 485824
5 0.646973 0.275002 1.70752 485857
5 0.644138 0.278423 1.70302 485891
5 0.640439 0.280858 1.69908 485925
5 0.638438 0.280634 1.69895 485958
5 0.637675 0.280275 1.69594 485991
5 0.637826 0.279144 1.69507 486025
5 0.637334 0.276463 1.69562 486058
5 0.639157 0.275108 1.69779 486090
5 0.640435 0.27469 1.70003 486123
5 0.643903 0.275385 1.70262 486157
5 0.648168 0.27486 1.70692 486191
5 0.651823 0.273568 1.71233 486224
5 0.655249 0.274498 1.71555 486257
5 0.658501 0.27475 1.71958 486291
5 0.66201 0.27383 1.7242 486325
5 0.665374 0.278046 1.72926 486358
5 0.668834 0.282067 1.73456 486391
5 0.671586 0.284957 1.73605 486425
5 0.672878 0.292254 1.73978 486458
5 0.676685 0.299374 1.7428 486491
5 0.677854 0.303046 1.73905 486525
5 0.678721 0.309032 1.73698 486558
5 0.67865 0.316009 1.7303 486591
5 0.675836 0.323912 1.73078 486624
5 0.6745 0.329535 1.72923 486656
5 0.67369 0.338892 1.72899 486690
5 0.670689 0.348176 1.72407 486722
5 0.665875 0.357438 1.72259 486757
5 0.662113 0.363201 1.71987 486789
5 0.656933 0.366283 1.71554 486822
5 0.653216 0.367961 1.71017 486856
5 0.647378 0.367519 1.70004 486889
5 0.644072 0.366633 1.69551 486922
5 0.642338 0.365905 1.69452 486954
5 0.638566 0.364223 1.68801 486987

6 0.691494 0.406324 1.74151 488353
6 0.694249 0.402854 1.74189 488386
6 0.695481 0.401202 1.74256 488420
6 0.700537 0.399714 1.74493 488454
6 0.705632 0.399056 1.74682 488486
6 0.709733 0.399668 1.74896 488520
6 0.714468 0.401449 1.75279 488554
6 0.716596 0.403432 1.75692 488587
6 0.720173 0.407291 1.7601 488622
6 0.722344 0.410577 1.76423 488655
6 0.723109 0.414813 1.76913 488689
6 0.724568 0.420438 1.7683 488720
6 0.724361 0.423033 1.764 488753
6 0.72106 0.426804 1.76329 488786
6 0.716141 0.432833 1.76279 488820
6 0.71511 0.436343 1.76522 488854
6 0.712263 0.441463 1.76222 488888
6 0.712251 0.447746 1.76797 488922
6 0.709592 0.447247 1.76742 488956
6 0.70786 0.446628 1.76643 488990
6 0.704924 0.445863 1.76731 489025
6 0.707993 0.444801 1.76347 489057
6 0.710029 0.441244 1.76342 489091
6 0.714779 0.440272 1.76303 489125
6 0.719357 0.440533 1.76874 489159
6 0.722683 0.440549 1.77144 489193
6 0.725153 0.440357 1.77688 489227
6 0.727649 0.440945 1.78522 489261
6 0.729705 0.44209 1.79382 489295
6 0.733281 0.444272 1.80228 489329
6 0.73708 0.448887 1.80787 489362
6 0.736831 0.455239 1.81687 489396
6 0.737449 0.459677 1.82052 489430
6 0.735133 0.469857 1.82969 489464
6 0.732848 0.477062 1.82964 489498
6 0.727907 0.483405 1.83 489532
6 0.724231 0.488803 1.82503 489567
6 0.720352 0.493543 1.82393 489600
6 0.717108 0.499198 1.82795 489634
6 0.711541 0.502669 1.82064 489651
6 0.707043 0.504878 1.81644 489701
6 0.700966 0.506428 1.81259 489734
6 0.698669 0.508039 1.80532 489768

7 0.561397 0.387885 1.72166 490859
7 0.561133 0.388031 1.71875 490893
7 0.563635 0.386039 1.71519 490926
7 0.565837 0.384916 1.71373 490960
7 0.568913 0.383067 1.71213 490993
7 0.574343 0.383242 1.71535 491025
7 0.578762 0.382763 1.71732 491059
7 0.585206 0.38274 1.71694 491093
7 0.588001 0.3827 1.71093 491126
7 0.593045 0.38305 1.71458 491160
7 0.596668 0.384797 1.71651 491192
7 0.599417 0.390125 1.71859 491225
7 0.601841 0.394475 1.72436 491259
7 0.601822 0.402427 1.73099 491292
7 0.600561 0.410181 1.73629 491325
7 0.598907 0.414987 1.73919 491359
7 0.593776 0.418034 1.73949 491393
7 0.589429 0.421395 1.74107 491426
7 0.585722 0.425254 1.74402 491458
7 0.583158 0.427338 1.73851 491491
7 0.580177 0.425663 1.73595 491524
7 0.578659 0.426886 1.73648 491558
7 0.577474 0.425133 1.73288 491591
7 0.57721 0.422625 1.73113 491625
7 0.577177 0.420949 1.72937 491659
7 0.578909 0.418307 1.72439 491693
7 0.581682 0.418132 1.7234 491727
7 0.586206 0.416822 1.72004 491761
7 0.591642 0.417017 1.72431 491795
7 0.598487 0.422074 1.7289 491828
7 0.603702 0.427038 1.73319 491862
7 0.607557 0.430614 1.7389 491894
7 0.61281 0.435585 1.7418 491928
7 0.61574 0.439777 1.74414 491962
7 0.620989 0.445898 1.74934 491996
7 0.620319 0.451353 1.75585 492028
7 0.619353 0.457979 1.76739 492061
7 0.616582 0.462576 1.77078 492095
7 0.614709 0.46834 1.77601 492129
7 0.611322 0.474523 1.78165 492163
7 0.606556 0.479822 1.78262 492195
7 0.603028 0.485414 1.78387 492228
7 0.596044 0.487393 1.78182 492262
7 0.590126 0.488624 1.78021 492297
7 0.583441 0.489734 1.77465 492329
7 0.578709 0.489553 1.76602 492363

8 0.483704 0.318257 1.74188 493307
8 0.483012 0.3143 1.74004 493324
8 0.484706 0.310095 1.73724 493358
8 0.488321 0.308576 1.73404 493391
8 0.49175 0.307855 1.73106 493425
8 0.49884 0.311858 1.7304 493459
8 0.504798 0.314413 1.73255 493493
8 0.50768 0.316367 1.73269 493527
8 0.50993 0.321944 1.73304 493561
8 0.513746 0.327277 1.73265 493594
8 0.515927 0.336604 1.73516 493628
8 0.51589 0.345158 1.73715 493662
8 0.516266 0.354132 1.73784 493695
8 0.51476 0.365107 1.74163 493728
8 0.512087 0.372705 1.74394 493761
8 0.508911 0.378638 1.75076 493794
8 0.506216 0.383066 1.75735 493829
8 0.502372 0.383461 1.75225 493862
8 0.497941 0.38192 1.74758 493895
8 0.496544 0.380766 1.74629 493928
8 0.496725 0.379955 1.74858 493962
8 0.496678 0.379499 1.74922 493996
8 0.499115 0.378982 1.74992 494028
8 0.503327 0.379587 1.75139 494061
8 0.507961 0.379229 1.75151 494094
8 0.51053 0.378681 1.74287 494127
8 0.514547 0.378475 1.74021 494160
8 0.518661 0.377886 1.74307 494194
8 0.523414 0.380227 1.74625 494227
8 0.527112 0.386495 1.74863 494261
8 0.529524 0.390203 1.74914 494294
8 0.531747 0.399074 1.75541 494326
8 0.535225 0.406593 1.76353 494359
8 0.536068 0.41476 1.76766 494393
8 0.533991 0.421284 1.77429 494425
8 0.5326 0.430564 1.77951 494474
8 0.529332 0.438687 1.78287 494507
8 0.525018 0.446543 1.78453 494523
8 0.518785 0.451408 1.78735 494573
8 0.513521 0.452097 1.78596 494604
8 0.510802 0.452303 1.78456 494637
8 0.504706 0.448779 1.77 494670
8 0.501707 0.445397 1.77019 494703
8 0.500683 0.442726 1.76352 494737
8 0.502897 0.439507 1.76343 494771

9 0.496837 0.19842 1.73238 496036
9 0.496542 0.195496 1.73275 496070
9 0.497642 0.192297 1.7332 496104
9 0.502293 0.191619 1.73095 496137
9 0.506329 0.192648 1.72648 496170
9 0.512956 0.192932 1.72482 496203
9 0.52362 0.195369 1.72139 496236
9 0.530612 0.197891 1.72053 496277
9 0.537175 0.203187 1.71832 496298
9 0.54228 0.20906 1.71761 496333
9 0.54475 0.21886 1.715 496367
9 0.546022 0.22847 1.71349 496401
9 0.545149 0.236329 1.71119 496435
9 0.541939 0.243186 1.70412 496469
9 0.53865 0.252707 1.70088 496503
9 0.534323 0.259411 1.70365 496537
9 0.528732 0.26399 1.69968 496571
9 0.524645 0.26589 1.69745 496604
9 0.522613 0.265022 1.69565 496636
9 0.521806 0.263886 1.69457 496670
9 0.524433 0.262967 1.6926 496704
9 0.528237 0.262893 1.69101 496738
9 0.53313 0.263169 1.6907 496771
9 0.538924 0.260005 1.68849 496804
9 0.542332 0.26068 1.69362 496837
9 0.548053 0.262505 1.69432 496869
9 0.556229 0.263254 1.69245 496903
9 0.563142 0.266976 1.69882 496937
9 0.569136 0.271661 1.70427 496970
9 0.574343 0.27519 1.70759 497003
9 0.577882 0.281814 1.71196 497037
9 0.58081 0.288785 1.71335 497070
9 0.5825 0.295878 1.71569 497103
9 0.581215 0.30387 1.71065 497137
9 0.578817 0.312577 1.70365 497170
9 0.573369 0.323959 1.70014 497203
9 0.567987 0.333673 1.69708 497234
9 0.563295 0.344845 1.69497 497267
9 0.553791 0.355572 1.69625 497301
9 0.543644 0.364218 1.69613 497334
9 0.533741 0.367176 1.69077 497367
9 0.526584 0.369765 1.68504 497401
9 0.516703 0.367757 1.6779 497435
9 0.507913 0.363816 1.67104 497468
9 0.502822 0.361019 1.66794 497501

