Gesto: 3
0 0.626498 0.221348 2.01186 741574
0 0.627082 0.222337 2.00999 741607
0 0.626863 0.222289 2.00905 741641
0 0.627148 0.222685 2.00582 741675
0 0.626726 0.218447 2.00028 741709
0 0.626368 0.216822 1.99996 741743
0 0.627824 0.218941 2.00634 741776
0 0.630282 0.216246 2.01172 741810
0 0.635336 0.217909 2.0189 741843
0 0.638459 0.215913 2.01835 741876
0 0.642839 0.213656 2.02532 741909
0 0.645011 0.212662 2.02849 741943
0 0.653579 0.211604 2.02664 741974
0 0.660125 0.215307 2.03058 742007
0 0.666631 0.216237 2.03885 742040
0 0.670855 0.216499 2.04378 742074
0 0.679235 0.21739 2.05081 742107
0 0.685102 0.217117 2.05353 742138
0 0.690025 0.217624 2.06159 742188
0 0.695583 0.220116 2.06678 742204
0 0.700816 0.225893 2.06938 742236
0 0.70598 0.231214 2.08013 742286
0 0.711848 0.239892 2.08061 742319
0 0.717668 0.247221 2.08262 742353
0 0.718767 0.257534 2.08052 742386
0 0.72078 0.265673 2.07815 742421
0 0.720579 0.271767 2.08586 742436
0 0.719919 0.280245 2.0829 742486
0 0.718252 0.291251 2.06861 742519
0 0.719117 0.299268 2.06515 742536
0 0.714849 0.309007 2.06072 742585
0 0.711137 0.315573 2.0508 742620
0 0.708873 0.324367 2.04438 742653
0 0.700898 0.331331 2.04513 742687
0 0.696882 0.336057 2.04053 742721
0 0.692006 0.337692 2.04084 742737
0 0.684051 0.341717 2.03716 742788
0 0.679002 0.345543 2.03283 742805
0 0.674691 0.35014 2.0243 742838
0 0.668449 0.348807 2.02573 742872
0 0.663292 0.351441 2.02153 742906
0 0.65761 0.356094 2.01853 742955
0 0.652688 0.359597 2.01235 742990
0 0.649287 0.361913 2.00556 743006
0 0.644942 0.360987 2.00741 743040
0 0.642053 0.360034 2.00689 743073
0 0.640414 0.360082 2.00264 743107
0 0.639573 0.359933 2.00009 743140
0 0.638718 0.3586 2.00131 743174
0 0.641139 0.357317 1.99992 743208
0 0.64173 0.357626 2.00162 743241
0 0.644002 0.359397 2.00701 743275
0 0.648546 0.361229 2.00825 743309
0 0.652255 0.359468 2.01302 743343
0 0.656083 0.357933 2.01531 743377
0 0.662208 0.358655 2.01827 743411
0 0.668556 0.356621 2.02229 743446
0 0.67374 0.35494 2.0266 743480
0 0.68101 0.355239 2.0277 743513
0 0.686633 0.355574 2.02793 743546
0 0.690523 0.356053 2.03413 743580
0 0.692324 0.35783 2.04179 743613
0 0.694955 0.356563 2.04898 743647
0 0.699099 0.362168 2.06465 743681
0 0.703677 0.36632 2.0668 743716
0 0.706673 0.373062 2.07077 743749
0 0.709078 0.377209 2.08033 743783
0 0.713884 0.384593 2.07902 743816
0 0.717741 0.390717 2.08531 743851
0 0.719454 0.396571 2.08824 743883
0 0.721113 0.405851 2.09185 743917
0 0.721593 0.415693 2.09158 743951
0 0.722695 0.423656 2.09336 743984
0 0.718741 0.43374 2.09296 744017
0 0.716555 0.440118 2.09382 744050
0 0.714612 0.450529 2.09837 744084
0 0.712164 0.458565 2.09522 744117
0 0.709552 0.467307 2.09672 744151
0 0.70762 0.47725 2.09445 744185
0 0.701277 0.484585 2.09502 744219
0 0.697789 0.492789 2.08887 744253
0 0.691538 0.497621 2.09014 744286
0 0.68485 0.502047 2.08645 744320
0 0.681364 0.511628 2.08132 744352
0 0.674939 0.51623 2.08169 744385
0 0.668655 0.520492 2.07777 744419
0 0.662884 0.528053 2.06856 744452
0 0.657474 0.533841 2.06334 744486
0 0.653142 0.53802 2.05188 744520
0 0.645602 0.538162 2.0497 744553
0 0.638973 0.53625 2.05268 744586
0 0.63457 0.53391 2.04947 744620
0 0.62947 0.526754 2.05126 744653
0 0.625878 0.524402 2.05254 744687
0 0.622568 0.522231 2.04395 744721
0 0.618603 0.518718 2.04174 744754
0 0.614787 0.514968 2.04145 744787
0 0.612816 0.511408 2.0403 744822
0 0.610456 0.507155 2.03719 744856
0 0.608959 0.503501 2.0347 744872
0 0.607665 0.50163 2.0298 744921

1 0.597289 0.241359 1.92931 775771
1 0.600611 0.241688 1.93324 775803
1 0.603639 0.241311 1.94541 775836
1 0.604018 0.239962 1.94457 775869
1 0.60761 0.237751 1.94432 775903
1 0.61177 0.233323 1.94672 775936
1 0.618934 0.229193 1.95599 775970
1 0.626194 0.225869 1.96671 776004
1 0.635967 0.22404 1.97064 776039
1 0.645441 0.224603 1.98366 776073
1 0.657217 0.227146 1.99054 776106
1 0.66943 0.231804 1.99567 776138
1 0.681854 0.241229 2.00122 776173
1 0.692475 0.254583 2.00545 776205
1 0.702819 0.268019 2.00772 776239
1 0.709638 0.285271 2.01202 776272
1 0.71381 0.305675 2.0151 776306
1 0.715228 0.324118 2.01418 776340
1 0.714607 0.341791 2.01186 776373
1 0.713366 0.359282 2.00746 776406
1 0.705947 0.377641 1.99952 776440
1 0.694739 0.393578 1.99209 776472
1 0.682464 0.405019 1.98566 776506
1 0.668111 0.415285 1.97939 776539
1 0.653792 0.420553 1.97323 776572
1 0.639477 0.423622 1.9724 776606
1 0.625001 0.422916 1.97445 776640
1 0.614973 0.422472 1.97208 776673
1 0.607326 0.423598 1.96675 776707
1 0.603357 0.424318 1.96322 776741
1 0.60137 0.422056 1.96359 776774
1 0.604177 0.421575 1.96596 776808
1 0.609815 0.421632 1.96516 776842
1 0.61817 0.41826 1.96433 776876
1 0.628655 0.414975 1.96607 776909
1 0.639211 0.410546 1.9743 776943
1 0.651376 0.409038 1.98547 776978
1 0.667282 0.410456 1.98963 777011
1 0.678921 0.410893 2.00668 777045
1 0.691303 0.414099 2.02264 777079
1 0.703834 0.418389 2.03728 777112
1 0.717239 0.426718 2.05292 777146
1 0.726682 0.439155 2.06097 777179
1 0.732834 0.453877 2.07126 777213
1 0.738068 0.470451 2.09031 777246
1 0.739082 0.491953 2.10449 777279
1 0.738605 0.512602 2.12092 777311
1 0.734024 0.528963 2.12996 777344
1 0.723559 0.550018 2.13091 777377
1 0.710042 0.567768 2.12192 777409
1 0.695125 0.584732 2.11514 777443
1 0.680423 0.60073 2.10618 777476
1 0.662784 0.614398 2.09381 777511
1 0.643151 0.624099 2.0757 777545
1 0.624782 0.631054 2.0626 777578
1 0.605947 0.632926 2.05202 777612
1 0.588775 0.625164 2.0434 777645
1 0.572835 0.612423 2.03604 777679
1 0.557965 0.600848 2.02166 777713
1 0.545686 0.590907 2.00998 777746
1 0.537639 0.577778 2.00211 777779
1 0.530342 0.56634 1.99618 777812
1 0.524652 0.555797 1.98785 777845
1 0.523892 0.546627 1.98417 777879
1 0.523054 0.539699 1.98027 777913
1 0.521402 0.532483 1.97605 777947

2 0.600826 0.228403 1.93369 779541
2 0.598871 0.22803 1.93018 779573
2 0.599917 0.227654 1.93513 779608
2 0.600037 0.227611 1.93099 779641
2 0.600721 0.226166 1.92805 779673
2 0.600937 0.226601 1.92739 779707
2 0.599896 0.224798 1.92926 779742
2 0.602314 0.224778 1.93536 779776
2 0.606096 0.223415 1.93575 779809
2 0.609891 0.217528 1.93619 779844
2 0.615233 0.216225 1.94748 779878
2 0.622848 0.215063 1.95714 779911
2 0.634079 0.215443 1.96632 779945
2 0.644666 0.215923 1.96812 779978
2 0.656859 0.221565 1.97824 780012
2 0.66844 0.226354 1.9814 780046
2 0.678941 0.232787 1.98861 780079
2 0.687752 0.241153 1.98989 780113
2 0.695835 0.255171 1.99362 780146
2 0.702849 0.271078 1.99034 780179
2 0.707165 0.288461 1.98793 780211
2 0.707447 0.306211 1.98749 780244
2 0.703139 0.323983 1.9789 780277
2 0.698158 0.339467 1.97216 780311
2 0.690257 0.352022 1.97018 780344
2 0.678037 0.364576 1.96869 780378
2 0.665034 0.375087 1.96523 780412
2 0.65073 0.381145 1.95712 780446
2 0.635512 0.383298 1.95697 780478
2 0.620277 0.38699 1.95607 780510
2 0.607758 0.385437 1.94883 780544
2 0.597876 0.384582 1.94825 780578
2 0.587375 0.383329 1.94546 780612
2 0.582016 0.381283 1.94795 780644
2 0.579885 0.379496 1.94923 780678
2 0.580691 0.376457 1.94078 780710
2 0.585724 0.375447 1.94137 780744
2 0.59287 0.3725 1.94631 780777
2 0.598896 0.370973 1.94895 780811
2 0.608763 0.368451 1.95543 780845
2 0.620673 0.367192 1.95974 780879
2 0.634008 0.363738 1.96348 780912
2 0.645181 0.364633 1.97448 780947
2 0.659423 0.364246 1.99265 780980
2 0.673772 0.372973 2.00707 781014
2 0.691809 0.379072 2.01657 781047
2 0.703915 0.391965 2.02804 781080
2 0.715878 0.405989 2.03687 781114
2 0.724925 0.424905 2.04863 781148
2 0.730598 0.442973 2.05377 781182
2 0.733469 0.463754 2.06579 781216
2 0.732113 0.490251 2.07245 781250
2 0.72716 0.512013 2.08159 781284
2 0.716262 0.532875 2.08249 781318
2 0.704854 0.555055 2.0801 781352
2 0.689735 0.573292 2.07848 781386
2 0.67293 0.588593 2.07086 781419
2 0.651101 0.600212 2.05413 781454
2 0.629534 0.608571 2.04497 781470
2 0.609092 0.611046 2.0345 781522
2 0.58788 0.607008 2.02782 781538
2 0.568438 0.599001 2.0218 781570
2 0.546467 0.586584 2.01008 781621
2 0.52766 0.571591 2.00012 781654
2 0.51417 0.557444 1.99814 781672
2 0.502518 0.542272 2.00063 781705
2 0.493045 0.530299 2.00376 781740
2 0.485639 0.51894 2.00372 781773
2 0.481199 0.513046 1.99978 781806
2 0.480474 0.507027 2.00254 781840

3 0.589557 0.267449 1.94964 783689
3 0.592108 0.263639 1.95184 783705
3 0.593415 0.262261 1.95376 783756
3 0.597201 0.258444 1.95291 783773
3 0.599161 0.255098 1.95116 783806
3 0.602873 0.254448 1.95586 783855
3 0.611556 0.249221 1.95701 783889
3 0.619594 0.244444 1.96595 783906
3 0.627708 0.242898 1.96882 783957
3 0.633792 0.24474 1.97009 783989
3 0.643199 0.242839 1.97587 784006
3 0.655223 0.245901 1.98329 784057
3 0.665842 0.249317 1.98907 784074
3 0.674758 0.256491 1.99538 784108
3 0.685995 0.262429 1.99979 784141
3 0.694182 0.273501 2.00747 784174
3 0.702858 0.288232 2.00572 784208
3 0.707145 0.301165 2.01299 784242
3 0.709499 0.320034 2.00448 784276
3 0.705849 0.335622 2.00513 784311
3 0.701975 0.348867 2.00058 784344
3 0.693923 0.36242 1.99624 784378
3 0.68287 0.373773 1.98905 784412
3 0.670201 0.384045 1.98565 784446
3 0.655674 0.390313 1.98312 784479
3 0.640322 0.395627 1.97738 784513
3 0.626285 0.399673 1.97768 784547
3 0.612437 0.401202 1.97597 784580
3 0.597757 0.401361 1.97153 784615
3 0.589488 0.399812 1.96593 784649
3 0.58258 0.399713 1.96347 784682
3 0.579467 0.39655 1.96347 784716
3 0.57994 0.39452 1.96272 784750
3 0.586229 0.395098 1.96452 784784
3 0.592718 0.392052 1.9673 784817
3 0.602126 0.391158 1.96846 784850
3 0.614054 0.39057 1.97111 784885
3 0.626287 0.389788 1.97452 784918
3 0.639709 0.388977 1.97901 784953
3 0.654618 0.39043 1.98504 784987
3 0.668982 0.389585 1.99384 785019
3 0.682846 0.39251 2.00825 785053
3 0.69357 0.39837 2.02035 785087
3 0.703804 0.403346 2.03352 785121
3 0.715828 0.413487 2.04091 785155
3 0.724169 0.426116 2.05562 785189
3 0.728464 0.442016 2.0646 785223
3 0.730957 0.458969 2.0743 785257
3 0.729491 0.478017 2.08536 785274
3 0.723436 0.498999 2.08783 785325
3 0.715785 0.514841 2.09124 785341
3 0.705441 0.536097 2.08748 785375
3 0.696997 0.552499 2.085 785408
3 0.68136 0.567582 2.07939 785442
3 0.664343 0.580285 2.0752 785476
3 0.647972 0.59047 2.06799 785508
3 0.631316 0.59767 2.05669 785542
3 0.614423 0.600816 2.04677 785576
3 0.599661 0.601893 2.03997 785610
3 0.584688 0.601793 2.03474 785644
3 0.572465 0.599997 2.02944 785678
3 0.560734 0.595396 2.01872 785712
3 0.55069 0.588567 2.01458 785745
3 0.541039 0.583782 2.00118 785778
3 0.535108 0.574501 1.99619 785811
3 0.532467 0.568569 1.99554 785844
3 0.528964 0.556959 1.99403 785876

4 0.594234 0.230129 1.94663 792116
4 0.594013 0.229649 1.94709 792150
4 0.593949 0.231044 1.9483 792183
4 0.596887 0.228799 1.94959 792216
4 0.599329 0.228532 1.94837 792250
4 0.60376 0.225828 1.94852 792283
4 0.609183 0.223481 1.95145 792316
4 0.616886 0.221533 1.95223 792350
4 0.625893 0.219105 1.96101 792384
4 0.637771 0.219109 1.96312 792416
4 0.649482 0.220945 1.97153 792450
4 0.662088 0.225247 1.97535 792484
4 0.672789 0.230186 1.97837 792516
4 0.684749 0.240323 1.98205 792550
4 0.692086 0.252998 1.98813 792584
4 0.701257 0.267968 1.9954 792619
4 0.706619 0.285632 1.99774 792653
4 0.70704 0.300892 1.99615 792686
4 0.706775 0.318334 1.99575 792719
4 0.70242 0.335338 1.99126 792752
4 0.694587 0.350556 1.98694 792786
4 0.686487 0.365166 1.98189 792819
4 0.676386 0.379543 1.97661 792854
4 0.664019 0.390011 1.97367 792887
4 0.649908 0.399916 1.96845 792920
4 0.636166 0.404875 1.96321 792954
4 0.622645 0.412891 1.96134 792987
4 0.607775 0.414837 1.96509 793020
4 0.59276 0.413572 1.96043 793053
4 0.583582 0.415006 1.95201 793086
4 0.578359 0.415826 1.94651 793120
4 0.576185 0.41568 1.94556 793153
4 0.5764 0.413415 1.95155 793186
4 0.577842 0.411717 1.94869 793219
4 0.586473 0.410247 1.95471 793252
4 0.595126 0.408677 1.96048 793285
4 0.604357 0.407104 1.96443 793318
4 0.617409 0.407104 1.96654 793350
4 0.628248 0.408101 1.9725 793383
4 0.6444 0.410232 1.97566 793418
4 0.658203 0.416284 1.98283 793451
4 0.67114 0.421735 1.98958 793483
4 0.681783 0.427305 2.00155 793514
4 0.691742 0.437621 2.01951 793548
4 0.700957 0.448506 2.03042 793597
4 0.706631 0.463129 2.03545 793630
4 0.71119 0.478917 2.04317 793647
4 0.711957 0.498275 2.04945 793698
4 0.708576 0.513086 2.05468 793731
4 0.702784 0.534493 2.0579 793748
4 0.695263 0.549149 2.05422 793797
4 0.683892 0.56217 2.04923 793828
4 0.671592 0.572496 2.0459 793861
4 0.65681 0.581677 2.04089 793894
4 0.641856 0.590173 2.03183 793927
4 0.623722 0.59484 2.0192 793961
4 0.605817 0.596102 2.01716 793996
4 0.58673 0.593313 2.0042 794028
4 0.572776 0.587089 1.99788 794061
4 0.559352 0.578445 1.99762 794095
4 0.547698 0.568251 1.99394 794127
4 0.539265 0.556227 1.99226 794160
4 0.532118 0.546727 1.99016 794193
4 0.526148 0.536726 1.98435 794226
4 0.521815 0.530855 1.98047 794260
4 0.519437 0.527771 1.97555 794294
4 0.519271 0.523426 1.97522 794326
4 0.519016 0.521755 1.97804 794360

5 0.59674 0.269193 1.95646 796096
5 0.597078 0.266283 1.95492 796130
5 0.595629 0.264583 1.95148 796164
5 0.595363 0.262852 1.95012 796197
5 0.595153 0.262344 1.94097 796231
5 0.596689 0.258972 1.94138 796264
5 0.598019 0.257686 1.94736 796298
5 0.600177 0.258697 1.94586 796332
5 0.605935 0.256443 1.95022 796366
5 0.615345 0.251197 1.94706 796383
5 0.625285 0.25138 1.94926 796435
5 0.636857 0.250795 1.95988 796452
5 0.645995 0.253091 1.96584 796485
5 0.656842 0.260712 1.97037 796518
5 0.667317 0.265294 1.97333 796551
5 0.675025 0.275608 1.97392 796585
5 0.681883 0.285174 1.97495 796619
5 0.685982 0.298532 1.97358 796653
5 0.684149 0.311766 1.97045 796687
5 0.680924 0.32186 1.96622 796721
5 0.675044 0.333088 1.96392 796755
5 0.668025 0.342001 1.95756 796789
5 0.659592 0.35326 1.95559 796823
5 0.649141 0.361863 1.95224 796855
5 0.638315 0.366832 1.94992 796888
5 0.629262 0.372427 1.94442 796922
5 0.619738 0.375002 1.94124 796955
5 0.609108 0.377739 1.94278 796988
5 0.600883 0.379395 1.94338 797021
5 0.591399 0.379121 1.93588 797054
5 0.584833 0.377506 1.93334 797088
5 0.581207 0.376775 1.93224 797121
5 0.57821 0.376634 1.9324 797154
5 0.578405 0.37561 1.92886 797187
5 0.579014 0.375117 1.92382 797220
5 0.579267 0.37633 1.92396 797252
5 0.587083 0.376321 1.92703 797285
5 0.596372 0.379049 1.93313 797319
5 0.604362 0.377994 1.93627 797352
5 0.614599 0.377673 1.93898 797386
5 0.62564 0.377973 1.94035 797420
5 0.636247 0.379349 1.9509 797453
5 0.647474 0.38328 1.9504 797486
5 0.657206 0.38689 1.95484 797521
5 0.667532 0.389627 1.962 797554
5 0.674854 0.397281 1.97235 797587
5 0.682978 0.403352 1.9723 797620
5 0.685498 0.416411 1.97812 797653
5 0.686418 0.426705 1.98758 797685
5 0.68541 0.43785 1.99877 797719
5 0.682283 0.450637 1.99744 797752
5 0.675715 0.463468 1.99973 797786
5 0.666165 0.474316 1.99616 797819
5 0.657548 0.487372 1.99402 797853
5 0.647209 0.500467 1.98043 797887
5 0.63448 0.508841 1.9755 797919
5 0.621522 0.512227 1.9733 797967
5 0.61039 0.516096 1.96249 798000
5 0.595462 0.516565 1.95913 798017
5 0.58231 0.514062 1.95947 798068
5 0.572232 0.511702 1.95464 798085
5 0.562229 0.50549 1.95191 798119
5 0.555982 0.501356 1.94667 798153
5 0.550012 0.493857 1.9483 798186
5 0.54632 0.487808 1.94243 798220
5 0.543647 0.483119 1.94414 798254
5 0.540692 0.478256 1.94734 798288

6 0.5884 0.253742 1.92217 799966
6 0.590048 0.254702 1.92778 799999
6 0.588395 0.255088 1.92676 800031
6 0.58965 0.255223 1.92701 800064
6 0.590854 0.255391 1.92831 800097
6 0.593535 0.25538 1.93062 800129
6 0.593248 0.25589 1.9351 800163
6 0.595306 0.252664 1.93826 800195
6 0.596385 0.249938 1.94341 800228
6 0.601959 0.248266 1.93932 800262
6 0.608854 0.244929 1.94268 800296
6 0.616519 0.242274 1.94592 800330
6 0.62425 0.244486 1.94859 800363
6 0.63206 0.248534 1.95778 800396
6 0.641224 0.252824 1.95808 800431
6 0.64692 0.260727 1.96129 800465
6 0.652891 0.268445 1.96269 800500
6 0.660274 0.281582 1.96041 800533
6 0.665439 0.293417 1.96143 800565
6 0.663712 0.30458 1.95302 800597
6 0.661998 0.315659 1.94934 800631
6 0.660227 0.325721 1.93999 800663
6 0.656294 0.332397 1.93885 800696
6 0.647927 0.338669 1.94252 800729
6 0.641442 0.346264 1.93503 800762
6 0.632583 0.350015 1.92828 800797
6 0.6226 0.35151 1.92196 800829
6 0.613525 0.352539 1.92535 800862
6 0.603583 0.354422 1.93276 800896
6 0.595973 0.353884 1.93394 800929
6 0.591439 0.355333 1.92876 800964
6 0.586151 0.356885 1.92861 800996
6 0.58706 0.355456 1.92951 801030
6 0.586973 0.352863 1.92919 801062
6 0.590095 0.352719 1.92932 801096
6 0.596489 0.351828 1.92972 801129
6 0.603112 0.348692 1.93206 801161
6 0.611282 0.347472 1.932 801194
6 0.619519 0.348589 1.93869 801226
6 0.627657 0.348533 1.94306 801260
6 0.637104 0.349252 1.95124 801292
6 0.643867 0.350335 1.96036 801324
6 0.653969 0.354811 1.96803 801357
6 0.662296 0.360354 1.97202 801390
6 0.670698 0.362736 1.98041 801423
6 0.677988 0.37361 1.98935 801457
6 0.681481 0.38471 1.99238 801491
6 0.686792 0.395592 1.99163 801524
6 0.689961 0.408092 1.9896 801557
6 0.688427 0.418946 1.99345 801590
6 0.684317 0.431361 1.99053 801623
6 0.677748 0.440413 1.99414 801656
6 0.670856 0.450043 1.99064 801689
6 0.662661 0.461039 1.9839 801722
6 0.65246 0.473021 1.96854 801772
6 0.642819 0.478904 1.96736 801788
6 0.628805 0.481474 1.96622 801820
6 0.614633 0.481536 1.96842 801870
6 0.603675 0.480703 1.96828 801903
6 0.591941 0.478044 1.96599 801936
6 0.580194 0.471978 1.96158 801968
6 0.571591 0.466535 1.95789 802000
6 0.561356 0.458636 1.94739 802033
6 0.552668 0.452999 1.93772 802067
6 0.545109 0.44317 1.9334 802100
6 0.540621 0.435053 1.92971 802132

7 0.592553 0.262463 1.93101 804172
7 0.593934 0.259974 1.93077 804205
7 0.594767 0.258752 1.93254 804238
7 0.597809 0.257948 1.93435 804255
7 0.601408 0.255574 1.93389 804305
7 0.605561 0.255428 1.93614 804339
7 0.610626 0.251723 1.93547 804356
7 0.616943 0.251132 1.94071 804407
7 0.624411 0.249343 1.94716 804423
7 0.630527 0.249871 1.95703 804457
7 0.639477 0.252113 1.96566 804508
7 0.649142 0.259321 1.96878 804525
7 0.657549 0.27133 1.97083 804558
7 0.663455 0.280948 1.97817 804609
7 0.669372 0.298433 1.97404 804626
7 0.673229 0.311813 1.97099 804660
7 0.671399 0.326603 1.97073 804693
7 0.666361 0.337478 1.9673 804727
7 0.65946 0.34928 1.96587 804759
7 0.653014 0.359724 1.95791 804793
7 0.645596 0.367251 1.95773 804826
7 0.635066 0.375937 1.95608 804860
7 0.624608 0.383859 1.95043 804894
7 0.615359 0.388854 1.94343 804927
7 0.604372 0.390027 1.94392 804959
7 0.595377 0.389286 1.94281 804992
7 0.585983 0.388626 1.94099 805026
7 0.579884 0.385353 1.93722 805076
7 0.573969 0.38052 1.93553 805092
7 0.571935 0.375551 1.93063 805126
7 0.575436 0.375138 1.93106 805175
7 0.577994 0.374198 1.92972 805191
7 0.580759 0.373948 1.92817 805223
7 0.587865 0.375139 1.93076 805271
7 0.596798 0.375306 1.93513 805305
7 0.607062 0.375916 1.93063 805339
7 0.619147 0.376165 1.93618 805372
7 0.629398 0.3814 1.9405 805406
7 0.638033 0.385111 1.94739 805439
7 0.644483 0.388179 1.96118 805471
7 0.654516 0.396469 1.97367 805505
7 0.662323 0.40492 1.98132 805539
7 0.670369 0.41362 1.98872 805571
7 0.674558 0.427143 1.99494 805605
7 0.676913 0.440322 1.99111 805638
7 0.675191 0.452828 2.00465 805672
7 0.671557 0.463181 2.00605 805705
7 0.66445 0.474697 2.00694 805737
7 0.656738 0.486237 1.99659 805771
7 0.646627 0.4953 1.99197 805804
7 0.636386 0.5007 1.98771 805838
7 0.622941 0.505169 1.98376 805872
7 0.608566 0.507235 1.98196 805907
7 0.593868 0.505746 1.97877 805939
7 0.578212 0.503535 1.97359 805972
7 0.565006 0.498831 1.96655 806005
7 0.553033 0.490609 1.96373 806038
7 0.544074 0.484837 1.96119 806071
7 0.536475 0.482562 1.95318 806106
7 0.530951 0.473124 1.95461 806124

8 0.590402 0.250143 1.90491 808537
8 0.590623 0.248987 1.90842 808570
8 0.592669 0.247174 1.90335 808603
8 0.593337 0.245993 1.9028 808637
8 0.594641 0.244688 1.90604 808669
8 0.598759 0.243086 1.90922 808702
8 0.60474 0.239106 1.91263 808736
8 0.610395 0.239873 1.91701 808769
8 0.619277 0.24101 1.92296 808801
8 0.627826 0.240969 1.92726 808834
8 0.639074 0.242217 1.92936 808867
8 0.648773 0.247155 1.94056 808901
8 0.655913 0.252742 1.9448 808934
8 0.661565 0.264012 1.94942 808968
8 0.6676 0.27672 1.94959 809000
8 0.671468 0.291453 1.9467 809034
8 0.672969 0.304936 1.94282 809068
8 0.668831 0.319773 1.93857 809101
8 0.664937 0.332286 1.93741 809134
8 0.657707 0.340757 1.93343 809169
8 0.647772 0.349643 1.93206 809201
8 0.635734 0.356999 1.927 809234
8 0.626891 0.363283 1.92538 809268
8 0.61432 0.366521 1.92482 809303
8 0.602513 0.36842 1.93057 809336
8 0.593061 0.369332 1.92819 809370
8 0.587311 0.370445 1.9225 809403
8 0.582654 0.367881 1.92371 809436
8 0.581399 0.367608 1.91705 809469
8 0.583074 0.366646 1.91892 809501
8 0.587485 0.365172 1.92376 809535
8 0.592764 0.36513 1.927 809568
8 0.600612 0.363923 1.92603 809602
8 0.61095 0.364554 1.92921 809635
8 0.622048 0.364525 1.93159 809668
8 0.631711 0.365378 1.94553 809701
8 0.642747 0.366647 1.9522 809735
8 0.654387 0.371089 1.9585 809769
8 0.667234 0.381166 1.96462 809803
8 0.676709 0.392078 1.9734 809837
8 0.685846 0.399895 1.98388 809871
8 0.690079 0.410202 1.99641 809906
8 0.693934 0.421128 2.00516 809938
8 0.695307 0.434336 2.00834 809973
8 0.694314 0.447744 2.01215 810006
8 0.689134 0.460932 2.00811 810039
8 0.679792 0.473977 2.00466 810073
8 0.671912 0.486078 1.99573 810107
8 0.660504 0.493703 1.98849 810140
8 0.650617 0.500373 1.97461 810174
8 0.638564 0.504226 1.97552 810208
8 0.623003 0.507376 1.97296 810243
8 0.609993 0.505926 1.9672 810276
8 0.598022 0.500558 1.96762 810309
8 0.583622 0.494168 1.96608 810344
8 0.576079 0.489255 1.96227 810377
8 0.567903 0.485645 1.95892 810410
8 0.561682 0.476433 1.95404 810442
8 0.556531 0.469721 1.95037 810476

9 0.596283 0.244441 1.92354 812774
9 0.598622 0.245558 1.91938 812808
9 0.595447 0.245259 1.9203 812840
9 0.59464 0.244461 1.9208 812873
9 0.595932 0.243994 1.92327 812906
9 0.599013 0.241585 1.92711 812940
9 0.603515 0.237785 1.93354 812973
9 0.612003 0.235274 1.93073 813007
9 0.61834 0.236069 1.9323 813040
9 0.626114 0.237016 1.94083 813074
9 0.632839 0.239252 1.94545 813107
9 0.640016 0.245481 1.9502 813140
9 0.646337 0.25233 1.95218 813174
9 0.649132 0.262686 1.95008 813207
9 0.650177 0.271886 1.95321 813241
9 0.652926 0.281204 1.95145 813275
9 0.652132 0.29421 1.94768 813309
9 0.648851 0.305106 1.93923 813342
9 0.64851 0.318656 1.9351 813376
9 0.642095 0.328555 1.9296 813410
9 0.632831 0.338061 1.92854 813443
9 0.622648 0.346369 1.92283 813476
9 0.613633 0.352445 1.92609 813510
9 0.602844 0.356631 1.92779 813543
9 0.591708 0.360895 1.92604 813575
9 0.582622 0.363438 1.92322 813609
9 0.574159 0.364022 1.92031 813643
9 0.568598 0.36416 1.91366 813676
9 0.565785 0.362058 1.90728 813710
9 0.564063 0.360366 1.90574 813744
9 0.563886 0.359704 1.90629 813777
9 0.569541 0.358386 1.90621 813810
9 0.575276 0.356034 1.90914 813844
9 0.583265 0.35548 1.9146 813878
9 0.592609 0.354522 1.92039 813912
9 0.6035 0.356276 1.92568 813946
9 0.615639 0.357206 1.92306 813979
9 0.62657 0.359899 1.93097 814014
9 0.637853 0.36512 1.94061 814047
9 0.646221 0.373734 1.9551 814080
9 0.653959 0.382912 1.96078 814097
9 0.66023 0.391544 1.9658 814148
9 0.662912 0.403917 1.97108 814164
9 0.665365 0.418081 1.9791 814198
9 0.663282 0.43066 1.98076 814249
9 0.66032 0.446736 1.98052 814266
9 0.656189 0.46083 1.97742 814301
9 0.647914 0.469612 1.97593 814335
9 0.635933 0.47804 1.97443 814368
9 0.622714 0.486963 1.96725 814402
9 0.609311 0.490477 1.9648 814435
9 0.595723 0.492608 1.95915 814469
9 0.586062 0.494011 1.95454 814503
9 0.576434 0.492718 1.9519 814537
9 0.56712 0.488258 1.94593 814572
9 0.557979 0.48289 1.93996 814605
9 0.551229 0.475931 1.93528 814639
9 0.547821 0.468698 1.93184 814673
9 0.545632 0.459871 1.93203 814706
9 0.542441 0.453485 1.92823 814739

