Gesto: 3
0 0.402723 0.149795 1.22583 1.80588e+06
0 0.403904 0.152424 1.22552 1.80591e+06
0 0.406107 0.152321 1.22349 1.80594e+06
0 0.40911 0.150721 1.22122 1.80598e+06
0 0.412642 0.148845 1.21743 1.80601e+06
0 0.418662 0.147976 1.21762 1.80604e+06
0 0.425708 0.143513 1.21542 1.80608e+06
0 0.43418 0.140086 1.21465 1.80609e+06
0 0.442459 0.137827 1.21449 1.80614e+06
0 0.45087 0.136152 1.21462 1.80616e+06
0 0.46019 0.134616 1.21483 1.80621e+06
0 0.468108 0.134324 1.21194 1.80624e+06
0 0.47355 0.135169 1.20822 1.80628e+06
0 0.479262 0.13899 1.20456 1.80631e+06
0 0.484558 0.143612 1.19838 1.80634e+06
0 0.487296 0.155605 1.19854 1.80638e+06
0 0.490722 0.16668 1.19825 1.80641e+06
0 0.49372 0.179025 1.19557 1.80644e+06
0 0.49607 0.203317 1.20468 1.80648e+06
0 0.497891 0.224977 1.20764 1.80651e+06
0 0.497899 0.243315 1.20977 1.80654e+06
0 0.49575 0.259331 1.20823 1.80657e+06
0 0.49272 0.273514 1.20717 1.80661e+06
0 0.489101 0.286543 1.20468 1.80664e+06
0 0.48418 0.29695 1.20161 1.80667e+06
0 0.477862 0.30666 1.19629 1.80671e+06
0 0.470805 0.312469 1.19075 1.80674e+06
0 0.463786 0.316413 1.18802 1.80678e+06
0 0.456553 0.318751 1.18551 1.80681e+06
0 0.450982 0.319646 1.18506 1.80684e+06
0 0.445734 0.318915 1.18487 1.80687e+06
0 0.441911 0.317974 1.18653 1.80691e+06
0 0.440316 0.314448 1.18805 1.80694e+06
0 0.439045 0.310895 1.18853 1.80697e+06
0 0.440074 0.309861 1.19102 1.80701e+06
0 0.442535 0.30824 1.19134 1.80704e+06
0 0.446138 0.306556 1.19209 1.80708e+06
0 0.449684 0.306456 1.19076 1.80711e+06
0 0.455792 0.307403 1.19121 1.80714e+06
0 0.461237 0.310375 1.19094 1.80718e+06
0 0.468377 0.313932 1.1906 1.80721e+06
0 0.475171 0.315195 1.19104 1.80724e+06
0 0.480701 0.315639 1.1915 1.80726e+06
0 0.487436 0.318054 1.19266 1.80731e+06
0 0.494657 0.321871 1.19299 1.80733e+06
0 0.499477 0.324387 1.19373 1.80738e+06
0 0.504758 0.32749 1.1949 1.80741e+06
0 0.508994 0.332133 1.19799 1.80744e+06
0 0.512797 0.335719 1.20101 1.80748e+06
0 0.51452 0.341834 1.20234 1.80751e+06
0 0.51562 0.346752 1.20412 1.80753e+06
0 0.516403 0.353416 1.2056 1.80758e+06
0 0.515638 0.360072 1.20889 1.80761e+06
0 0.5138 0.366779 1.20841 1.80763e+06
0 0.51146 0.374245 1.21172 1.80768e+06
0 0.50734 0.38198 1.21463 1.80771e+06
0 0.503716 0.388799 1.21434 1.80773e+06
0 0.498732 0.396214 1.21621 1.80778e+06
0 0.493854 0.404035 1.21663 1.8078e+06
0 0.488841 0.410485 1.21611 1.80783e+06
0 0.483051 0.416991 1.21349 1.80788e+06
0 0.476987 0.422177 1.21061 1.80791e+06
0 0.471985 0.426205 1.21137 1.80794e+06
0 0.465442 0.429463 1.21066 1.80798e+06
0 0.459238 0.432187 1.20989 1.80801e+06
0 0.453133 0.433849 1.20865 1.80803e+06
0 0.446283 0.434266 1.20736 1.80806e+06
0 0.438784 0.434356 1.20821 1.8081e+06
0 0.432457 0.433148 1.21022 1.80813e+06
0 0.42521 0.428558 1.21121 1.80817e+06
0 0.41977 0.425569 1.2135 1.8082e+06
0 0.41316 0.420702 1.21525 1.80823e+06
0 0.408149 0.41576 1.2183 1.80827e+06
0 0.404088 0.4106 1.22193 1.8083e+06
0 0.402254 0.404369 1.22273 1.80834e+06

1 0.556857 0.246403 1.21906 1.80958e+06
1 0.559157 0.245224 1.21757 1.8096e+06
1 0.560857 0.24658 1.21399 1.80965e+06
1 0.564841 0.248125 1.21107 1.80968e+06
1 0.571242 0.249428 1.20911 1.8097e+06
1 0.577736 0.250125 1.20999 1.80973e+06
1 0.583375 0.251064 1.21128 1.80977e+06
1 0.589923 0.2539 1.21101 1.80982e+06
1 0.597463 0.256377 1.21357 1.80985e+06
1 0.603037 0.262753 1.21602 1.80988e+06
1 0.608612 0.270066 1.21938 1.80991e+06
1 0.612688 0.278029 1.22182 1.80995e+06
1 0.614139 0.288294 1.22338 1.80998e+06
1 0.615049 0.300432 1.22257 1.81001e+06
1 0.614072 0.312537 1.22058 1.81005e+06
1 0.610819 0.322158 1.2179 1.81008e+06
1 0.605714 0.333447 1.2146 1.81011e+06
1 0.599919 0.342223 1.21102 1.81015e+06
1 0.592 0.349758 1.20595 1.81018e+06
1 0.584845 0.354806 1.20054 1.81021e+06
1 0.578555 0.358551 1.19706 1.81024e+06
1 0.574613 0.359722 1.19456 1.81028e+06
1 0.573443 0.358243 1.19206 1.81031e+06
1 0.573625 0.355767 1.19082 1.81035e+06
1 0.575876 0.352414 1.18992 1.81038e+06
1 0.579357 0.351885 1.193 1.81041e+06
1 0.584025 0.351357 1.19474 1.81044e+06
1 0.589341 0.350639 1.1981 1.81048e+06
1 0.595421 0.351632 1.20205 1.81051e+06
1 0.600864 0.354615 1.20622 1.81054e+06
1 0.606398 0.35684 1.21026 1.81058e+06
1 0.610591 0.359301 1.2144 1.81061e+06
1 0.613698 0.364572 1.21793 1.81064e+06
1 0.616193 0.37069 1.22635 1.81068e+06
1 0.618943 0.375257 1.23003 1.81071e+06
1 0.619515 0.38131 1.23204 1.81074e+06
1 0.619391 0.387715 1.23471 1.81077e+06
1 0.616909 0.395345 1.23406 1.81081e+06
1 0.613135 0.405052 1.23589 1.81084e+06
1 0.608738 0.412891 1.2335 1.81087e+06
1 0.603441 0.419784 1.2299 1.81091e+06
1 0.598045 0.425685 1.22603 1.81094e+06
1 0.589873 0.432117 1.22334 1.81097e+06
1 0.582801 0.437121 1.21845 1.811e+06
1 0.576649 0.439549 1.2139 1.81104e+06
1 0.569345 0.44042 1.20905 1.81107e+06
1 0.562382 0.440867 1.20375 1.8111e+06
1 0.556297 0.438393 1.19857 1.81114e+06
1 0.549388 0.435421 1.1931 1.81117e+06
1 0.544301 0.430463 1.19027 1.8112e+06
1 0.540927 0.424065 1.18742 1.81124e+06
1 0.537618 0.416199 1.18387 1.81127e+06
1 0.536143 0.40812 1.18188 1.8113e+06

2 0.678784 0.256531 1.23863 1.8128e+06
2 0.681204 0.255864 1.23632 1.81284e+06
2 0.683917 0.256388 1.23563 1.81287e+06
2 0.687792 0.255561 1.23507 1.8129e+06
2 0.691785 0.256607 1.23471 1.81295e+06
2 0.69708 0.256337 1.23737 1.81298e+06
2 0.701191 0.259066 1.24335 1.813e+06
2 0.707304 0.261638 1.2471 1.81305e+06
2 0.712014 0.266566 1.25438 1.81308e+06
2 0.717526 0.273918 1.25954 1.8131e+06
2 0.722452 0.282793 1.26767 1.81315e+06
2 0.724745 0.294175 1.27484 1.81318e+06
2 0.726067 0.305026 1.28116 1.81322e+06
2 0.726728 0.318117 1.28101 1.81325e+06
2 0.725637 0.332571 1.28104 1.81328e+06
2 0.722899 0.345589 1.27878 1.8133e+06
2 0.717807 0.358797 1.27507 1.81335e+06
2 0.711432 0.372022 1.27146 1.81338e+06
2 0.70394 0.382118 1.26533 1.81342e+06
2 0.696484 0.389313 1.25785 1.81345e+06
2 0.690364 0.394131 1.25159 1.81348e+06
2 0.684534 0.39664 1.2437 1.81352e+06
2 0.679788 0.396517 1.23859 1.81355e+06
2 0.677037 0.393863 1.23658 1.81357e+06
2 0.675529 0.3921 1.23704 1.81362e+06
2 0.675961 0.390158 1.23805 1.81365e+06
2 0.677992 0.387916 1.24044 1.81367e+06
2 0.681815 0.386667 1.24566 1.81372e+06
2 0.686097 0.38541 1.25109 1.81375e+06
2 0.69142 0.384657 1.25837 1.81377e+06
2 0.696279 0.383931 1.26272 1.81382e+06
2 0.701198 0.384782 1.26919 1.81384e+06
2 0.705328 0.386919 1.27542 1.81387e+06
2 0.709228 0.388612 1.28354 1.81392e+06
2 0.713527 0.391354 1.28751 1.81394e+06
2 0.716502 0.393291 1.29525 1.81397e+06
2 0.719519 0.397754 1.30025 1.814e+06
2 0.721606 0.401521 1.30559 1.81404e+06
2 0.722659 0.409209 1.30995 1.81407e+06
2 0.720933 0.41373 1.31348 1.81410e+06
2 0.718515 0.421537 1.31584 1.81414e+06
2 0.716649 0.431971 1.31492 1.81417e+06
2 0.714138 0.440611 1.31373 1.8142e+06
2 0.709936 0.450892 1.31197 1.81424e+06
2 0.704243 0.458534 1.30993 1.81427e+06
2 0.69805 0.467574 1.30756 1.81430e+06
2 0.692665 0.476063 1.30388 1.81434e+06
2 0.684865 0.48454 1.29554 1.81437e+06
2 0.67776 0.492304 1.28835 1.8144e+06
2 0.670093 0.496481 1.28101 1.81444e+06
2 0.661781 0.498972 1.27335 1.81447e+06
2 0.653355 0.499651 1.26511 1.81450e+06
2 0.645086 0.500427 1.25584 1.81454e+06
2 0.637887 0.499934 1.24575 1.81457e+06
2 0.630368 0.495949 1.23885 1.8146e+06
2 0.623487 0.492423 1.2303 1.81464e+06
2 0.619796 0.485474 1.22582 1.81467e+06

3 0.77104 0.264444 1.28756 1.81638e+06
3 0.771793 0.262731 1.28653 1.81642e+06
3 0.774184 0.263464 1.2859 1.81645e+06
3 0.774765 0.263314 1.28961 1.81648e+06
3 0.777382 0.264262 1.2917 1.81652e+06
3 0.78127 0.264307 1.29831 1.81655e+06
3 0.784356 0.265777 1.30291 1.81658e+06
3 0.787879 0.268351 1.31029 1.81662e+06
3 0.792144 0.271314 1.32292 1.81665e+06
3 0.797511 0.276788 1.3305 1.81668e+06
3 0.802615 0.282743 1.34001 1.81672e+06
3 0.806479 0.291149 1.34822 1.81675e+06
3 0.809512 0.301055 1.35621 1.81677e+06
3 0.811716 0.313014 1.36192 1.8168e+06
3 0.811261 0.327442 1.36183 1.81685e+06
3 0.810116 0.342569 1.36284 1.81688e+06
3 0.806926 0.358905 1.35703 1.81692e+06
3 0.80176 0.370606 1.34968 1.81695e+06
3 0.795447 0.382434 1.34043 1.81698e+06
3 0.787113 0.391395 1.33143 1.81702e+06
3 0.779122 0.39789 1.32047 1.81705e+06
3 0.771952 0.402848 1.30878 1.81708e+06
3 0.766356 0.404195 1.29911 1.81712e+06
3 0.762107 0.401309 1.29112 1.81714e+06
3 0.760632 0.397652 1.28613 1.81718e+06
3 0.760574 0.393923 1.28578 1.81721e+06
3 0.7629 0.391093 1.29105 1.81725e+06
3 0.764992 0.390334 1.29387 1.81728e+06
3 0.76929 0.389871 1.30104 1.81731e+06
3 0.774512 0.388782 1.30952 1.81734e+06
3 0.78076 0.388921 1.31794 1.81738e+06
3 0.786943 0.390373 1.32946 1.81741e+06
3 0.792378 0.393102 1.34114 1.81744e+06
3 0.797099 0.396342 1.35271 1.81748e+06
3 0.80223 0.40034 1.36045 1.81751e+06
3 0.805269 0.40508 1.37241 1.81755e+06
3 0.807923 0.410752 1.38301 1.81758e+06
3 0.808744 0.417321 1.39001 1.81761e+06
3 0.809382 0.424722 1.39692 1.81764e+06
3 0.808288 0.433395 1.4022 1.81768e+06
3 0.804348 0.444036 1.40322 1.81771e+06
3 0.801465 0.454406 1.4039 1.81774e+06
3 0.795685 0.464533 1.40092 1.81778e+06
3 0.791234 0.474247 1.39517 1.81781e+06
3 0.784787 0.485222 1.38513 1.81784e+06
3 0.777995 0.493091 1.37628 1.81788e+06
3 0.771114 0.501504 1.36709 1.81791e+06
3 0.763932 0.508862 1.35596 1.81794e+06
3 0.755446 0.512935 1.34337 1.81798e+06
3 0.74821 0.5156 1.33186 1.81801e+06
3 0.74231 0.517771 1.31843 1.81805e+06

4 0.871095 0.31602 1.26836 1.82062e+06
4 0.877449 0.317559 1.27095 1.82065e+06
4 0.882757 0.32279 1.27464 1.82068e+06
4 0.889337 0.329171 1.28311 1.82072e+06
4 0.893515 0.331035 1.29339 1.82075e+06
4 0.899345 0.336295 1.30489 1.82078e+06
4 0.903639 0.3379 1.31421 1.82082e+06
4 0.908079 0.341561 1.32374 1.82085e+06
4 0.910718 0.347066 1.33262 1.82088e+06
4 0.910179 0.3525 1.33663 1.82092e+06
4 0.909544 0.358725 1.34312 1.82095e+06
4 0.90832 0.367812 1.34357 1.82098e+06
4 0.90289 0.37339 1.3404 1.82102e+06
4 0.895416 0.386825 1.33858 1.82105e+06
4 0.886883 0.394852 1.32863 1.82108e+06
4 0.876771 0.403121 1.32192 1.82112e+06
4 0.867999 0.409685 1.31427 1.82115e+06
4 0.859021 0.416529 1.30688 1.82118e+06
4 0.851777 0.420665 1.29592 1.82122e+06
4 0.844584 0.422384 1.28547 1.82125e+06
4 0.839998 0.423006 1.27688 1.82128e+06
4 0.837367 0.423078 1.26856 1.82132e+06
4 0.836536 0.42087 1.25964 1.82135e+06
4 0.836574 0.41903 1.25612 1.82138e+06
4 0.839111 0.415893 1.25854 1.82141e+06
4 0.841966 0.414353 1.26193 1.82145e+06
4 0.845236 0.413077 1.26989 1.82148e+06
4 0.850214 0.411953 1.27981 1.82151e+06
4 0.85567 0.411369 1.28823 1.82154e+06
4 0.860475 0.413318 1.30409 1.82158e+06
4 0.86727 0.41334 1.31585 1.82161e+06
4 0.873755 0.415377 1.32506 1.82166e+06
4 0.879701 0.41777 1.33152 1.82169e+06
4 0.884552 0.421951 1.34005 1.82171e+06
4 0.888447 0.427361 1.34896 1.82174e+06
4 0.890666 0.434487 1.35473 1.82179e+06
4 0.891446 0.441624 1.3569 1.82181e+06
4 0.890509 0.449032 1.36263 1.82184e+06
4 0.8884 0.457254 1.36439 1.82189e+06
4 0.885483 0.465985 1.36652 1.82191e+06
4 0.883159 0.475153 1.36502 1.82194e+06
4 0.880272 0.486228 1.36138 1.82198e+06
4 0.876191 0.497248 1.35913 1.82201e+06
4 0.871293 0.507514 1.35517 1.82204e+06
4 0.865371 0.516762 1.3501 1.82208e+06
4 0.858967 0.525127 1.34583 1.82211e+06
4 0.851786 0.532389 1.34064 1.82215e+06
4 0.844754 0.539 1.33442 1.82218e+06
4 0.837619 0.545324 1.32424 1.82221e+06
4 0.830677 0.548964 1.31645 1.82224e+06
4 0.823973 0.55201 1.30664 1.82228e+06
4 0.818038 0.553039 1.29738 1.82231e+06

5 0.546537 0.542082 1.25333 1.82466e+06
5 0.55081 0.54172 1.25432 1.82468e+06
5 0.555193 0.541435 1.25097 1.82473e+06
5 0.558627 0.543119 1.25165 1.82476e+06
5 0.564076 0.545538 1.25071 1.82478e+06
5 0.569802 0.547649 1.25131 1.82483e+06
5 0.576244 0.552144 1.25262 1.82486e+06
5 0.580191 0.557307 1.25536 1.82488e+06
5 0.584382 0.565402 1.26222 1.82493e+06
5 0.585299 0.575452 1.26978 1.82496e+06
5 0.585232 0.586072 1.277 1.82498e+06
5 0.581363 0.597256 1.28364 1.82503e+06
5 0.574104 0.60764 1.28684 1.82506e+06
5 0.565352 0.616058 1.28881 1.82509e+06
5 0.556252 0.622583 1.289 1.82512e+06
5 0.548329 0.625558 1.28825 1.82516e+06
5 0.540028 0.624127 1.28726 1.82519e+06
5 0.532984 0.621573 1.28478 1.82522e+06
5 0.527195 0.620396 1.28075 1.82526e+06
5 0.524963 0.616032 1.27813 1.82529e+06
5 0.526072 0.612264 1.27675 1.82532e+06
5 0.529854 0.609899 1.27476 1.82535e+06
5 0.533951 0.609548 1.27319 1.82539e+06
5 0.54007 0.609445 1.27527 1.82542e+06
5 0.546749 0.611469 1.27693 1.82546e+06
5 0.554781 0.613243 1.28101 1.82549e+06
5 0.563416 0.61642 1.28598 1.82552e+06
5 0.572055 0.619153 1.29322 1.82555e+06
5 0.579273 0.624575 1.29967 1.82559e+06
5 0.584892 0.630373 1.31095 1.82562e+06
5 0.587015 0.637684 1.32049 1.82566e+06
5 0.587754 0.645371 1.32947 1.82569e+06
5 0.584709 0.652409 1.33795 1.82572e+06
5 0.579784 0.660834 1.34471 1.82576e+06
5 0.574177 0.667633 1.34966 1.82579e+06
5 0.566058 0.674766 1.35076 1.82582e+06
5 0.557229 0.679935 1.3509 1.82586e+06
5 0.547812 0.682023 1.34958 1.82589e+06
5 0.538232 0.682622 1.34689 1.82592e+06
5 0.527867 0.68205 1.34298 1.82596e+06
5 0.518859 0.677947 1.34025 1.82599e+06
5 0.510806 0.674588 1.33539 1.82602e+06
5 0.50286 0.672639 1.32934 1.82606e+06
5 0.499334 0.66679 1.32375 1.82609e+06
5 0.496731 0.658011 1.32015 1.82613e+06
5 0.495211 0.651702 1.31582 1.82614e+06
5 0.495409 0.644151 1.31148 1.8262e+06
5 0.497863 0.637749 1.30924 1.82621e+06

6 0.633899 0.596871 1.33885 1.82719e+06
6 0.635072 0.596389 1.33416 1.82722e+06
6 0.637933 0.593486 1.33215 1.82726e+06
6 0.642126 0.590815 1.33058 1.82729e+06
6 0.648519 0.587957 1.33123 1.82732e+06
6 0.654387 0.585495 1.33713 1.82735e+06
6 0.662614 0.583513 1.34454 1.82739e+06
6 0.669693 0.582882 1.35526 1.82742e+06
6 0.677704 0.583197 1.36489 1.82745e+06
6 0.684096 0.587703 1.37935 1.82748e+06
6 0.688806 0.591377 1.39547 1.82752e+06
6 0.691678 0.599528 1.40939 1.82755e+06
6 0.690438 0.608928 1.4218 1.82758e+06
6 0.687939 0.619144 1.42976 1.82762e+06
6 0.681991 0.631485 1.43525 1.82765e+06
6 0.673513 0.643848 1.43688 1.82768e+06
6 0.663525 0.655694 1.43342 1.82772e+06
6 0.652543 0.662881 1.427 1.82775e+06
6 0.640703 0.666625 1.41833 1.82778e+06
6 0.632185 0.667795 1.40742 1.82782e+06
6 0.624748 0.666808 1.39516 1.82785e+06
6 0.619969 0.664097 1.38203 1.82788e+06
6 0.618447 0.659265 1.37423 1.82792e+06
6 0.619908 0.65611 1.3705 1.82795e+06
6 0.623972 0.65286 1.36974 1.82798e+06
6 0.628124 0.650312 1.37367 1.82802e+06
6 0.634327 0.647725 1.38074 1.82805e+06
6 0.639946 0.645839 1.3893 1.82808e+06
6 0.647283 0.645441 1.40076 1.82813e+06
6 0.65292 0.64606 1.4135 1.82815e+06
6 0.659149 0.64775 1.42678 1.82818e+06
6 0.664581 0.649491 1.44091 1.82822e+06
6 0.667709 0.653356 1.45317 1.82825e+06
6 0.668469 0.657723 1.4639 1.82828e+06
6 0.666157 0.662059 1.47319 1.82832e+06
6 0.662008 0.669384 1.47951 1.82835e+06
6 0.655605 0.67869 1.482 1.82838e+06
6 0.647049 0.688367 1.48183 1.82842e+06
6 0.636671 0.69653 1.48126 1.82845e+06
6 0.627119 0.704593 1.47816 1.82848e+06
6 0.615038 0.712793 1.47429 1.82853e+06
6 0.603607 0.719388 1.46944 1.82855e+06
6 0.59218 0.722749 1.46175 1.82858e+06
6 0.581034 0.727066 1.45006 1.82863e+06
6 0.571046 0.728885 1.43778 1.82865e+06
6 0.562467 0.728251 1.42829 1.82868e+06
6 0.556048 0.723593 1.4153 1.82873e+06
6 0.549996 0.71928 1.40372 1.82876e+06
6 0.546134 0.715978 1.39355 1.82878e+06

7 0.618572 0.156827 1.22161 1.83089e+06
7 0.620555 0.156464 1.22057 1.83092e+06
7 0.621434 0.155702 1.21952 1.83096e+06
7 0.623714 0.156607 1.21971 1.83099e+06
7 0.626588 0.157098 1.2212 1.83102e+06
7 0.630095 0.158858 1.2221 1.83106e+06
7 0.634726 0.161678 1.22291 1.83109e+06
7 0.640883 0.16492 1.22338 1.83112e+06
7 0.645434 0.169073 1.22302 1.83116e+06
7 0.651166 0.174031 1.22292 1.83119e+06
7 0.656117 0.180378 1.22083 1.83122e+06
7 0.659513 0.186126 1.21871 1.83126e+06
7 0.663362 0.192937 1.21409 1.83129e+06
7 0.666132 0.199471 1.21096 1.83132e+06
7 0.668111 0.205687 1.206 1.83136e+06
7 0.66871 0.210524 1.20027 1.83139e+06
7 0.667636 0.216486 1.19532 1.83142e+06
7 0.666215 0.221276 1.18949 1.83146e+06
7 0.663471 0.22555 1.18492 1.83149e+06
7 0.660574 0.226487 1.17946 1.83152e+06
7 0.65863 0.227515 1.17495 1.83156e+06
7 0.655377 0.229025 1.17372 1.83159e+06
7 0.653077 0.227562 1.17135 1.83162e+06
7 0.651365 0.225378 1.17083 1.83166e+06
7 0.649118 0.222716 1.17017 1.83169e+06
7 0.64754 0.221027 1.17041 1.83172e+06
7 0.647313 0.219729 1.17045 1.83175e+06
7 0.648723 0.218819 1.17205 1.83179e+06
7 0.649966 0.218392 1.17582 1.83182e+06
7 0.651867 0.219907 1.18001 1.83185e+06
7 0.654727 0.221587 1.18319 1.83189e+06
7 0.657056 0.222772 1.18713 1.83192e+06
7 0.659901 0.224902 1.18895 1.83196e+06
7 0.664014 0.227572 1.19124 1.83199e+06
7 0.667133 0.229957 1.19153 1.83202e+06
7 0.668882 0.231614 1.18748 1.83206e+06
7 0.670162 0.235497 1.19114 1.83209e+06
7 0.670909 0.238451 1.18765 1.83212e+06
7 0.672294 0.241143 1.18496 1.83216e+06
7 0.673264 0.24654 1.18316 1.83219e+06
7 0.672979 0.250713 1.18182 1.83222e+06
7 0.671185 0.257349 1.17888 1.83225e+06
7 0.668804 0.262382 1.1763 1.83229e+06
7 0.665974 0.268693 1.17385 1.83232e+06
7 0.661665 0.273248 1.17169 1.83235e+06
7 0.657576 0.276785 1.16749 1.83239e+06
7 0.652392 0.279174 1.16229 1.83242e+06
7 0.64724 0.28245 1.15629 1.83246e+06
7 0.640906 0.284692 1.15073 1.83249e+06
7 0.634808 0.285147 1.14492 1.83252e+06
7 0.629344 0.285548 1.13931 1.83255e+06
7 0.624097 0.285703 1.13366 1.83259e+06
7 0.618614 0.285134 1.12954 1.83262e+06
7 0.613439 0.282808 1.12775 1.83265e+06
7 0.609073 0.279434 1.12651 1.8327e+06
7 0.606067 0.275712 1.12525 1.83272e+06

8 0.712682 0.143668 1.09542 1.83576e+06
8 0.716732 0.143771 1.09391 1.8358e+06
8 0.72045 0.144024 1.09376 1.83583e+06
8 0.723096 0.14465 1.09476 1.83586e+06
8 0.727693 0.1463 1.09634 1.8359e+06
8 0.730243 0.146852 1.09621 1.83593e+06
8 0.734979 0.147972 1.09885 1.83596e+06
8 0.738491 0.151356 1.098 1.836e+06
8 0.741409 0.154064 1.09748 1.83603e+06
8 0.745635 0.158189 1.09701 1.83606e+06
8 0.746839 0.16099 1.09644 1.8361e+06
8 0.748473 0.164318 1.09406 1.83613e+06
8 0.748965 0.168063 1.08957 1.83616e+06
8 0.748197 0.172788 1.0858 1.8362e+06
8 0.746937 0.174407 1.08162 1.83623e+06
8 0.743317 0.175953 1.07708 1.83627e+06
8 0.740356 0.177634 1.07299 1.8363e+06
8 0.737289 0.17696 1.06955 1.83633e+06
8 0.734766 0.176404 1.06644 1.83636e+06
8 0.73126 0.176435 1.06353 1.8364e+06
8 0.729713 0.176662 1.06284 1.83643e+06
8 0.729084 0.176051 1.06262 1.83646e+06
8 0.727466 0.175362 1.06341 1.8365e+06
8 0.72778 0.1749 1.06359 1.83653e+06
8 0.729102 0.17506 1.06458 1.83656e+06
8 0.730694 0.174447 1.06638 1.8366e+06
8 0.732973 0.174626 1.0674 1.83663e+06
8 0.735788 0.175874 1.07044 1.83666e+06
8 0.73888 0.175753 1.07067 1.8367e+06
8 0.741894 0.177993 1.07236 1.83673e+06
8 0.744517 0.179347 1.07342 1.83676e+06
8 0.746902 0.182141 1.07494 1.8368e+06
8 0.748654 0.183954 1.07506 1.83683e+06
8 0.751357 0.187559 1.07425 1.83686e+06
8 0.752153 0.190637 1.07303 1.8369e+06
8 0.752241 0.193399 1.07162 1.83693e+06
8 0.752103 0.197051 1.0693 1.83697e+06
8 0.750959 0.200808 1.06581 1.837e+06
8 0.748335 0.203656 1.06129 1.83703e+06
8 0.746357 0.20703 1.056 1.83707e+06
8 0.743059 0.209141 1.05003 1.8371e+06
8 0.739576 0.212168 1.04521 1.83714e+06
8 0.735843 0.216278 1.04051 1.83717e+06
8 0.730643 0.218971 1.03613 1.8372e+06
8 0.725806 0.221173 1.0304 1.83724e+06
8 0.719529 0.223837 1.02572 1.83727e+06
8 0.713284 0.225642 1.02044 1.8373e+06
8 0.707162 0.226434 1.01658 1.83732e+06
8 0.702674 0.228021 1.01351 1.83737e+06
8 0.69862 0.227177 1.01056 1.83739e+06

9 0.809448 0.192056 1.09354 1.83883e+06
9 0.808758 0.19129 1.09127 1.83886e+06
9 0.808857 0.18965 1.09032 1.8389e+06
9 0.809471 0.188347 1.08999 1.83893e+06
9 0.810765 0.187551 1.09023 1.83896e+06
9 0.81271 0.187586 1.09313 1.839e+06
9 0.813062 0.190952 1.09306 1.83903e+06
9 0.815686 0.194809 1.09474 1.83906e+06
9 0.819653 0.200941 1.09709 1.83909e+06
9 0.822225 0.206662 1.09873 1.83913e+06
9 0.822994 0.211267 1.10102 1.83916e+06
9 0.824068 0.219063 1.09975 1.8392e+06
9 0.82443 0.22522 1.09854 1.83923e+06
9 0.824345 0.230273 1.0972 1.83926e+06
9 0.822625 0.23588 1.09127 1.8393e+06
9 0.817783 0.239644 1.08221 1.83933e+06
9 0.810991 0.243445 1.07338 1.83936e+06
9 0.805338 0.247043 1.06584 1.8394e+06
9 0.800161 0.248978 1.05933 1.83943e+06
9 0.794681 0.249709 1.05138 1.83946e+06
9 0.790294 0.250434 1.04542 1.8395e+06
9 0.786661 0.24815 1.04018 1.83953e+06
9 0.783907 0.2462 1.03521 1.83956e+06
9 0.782236 0.244405 1.0325 1.8396e+06
9 0.782246 0.242118 1.0317 1.83963e+06
9 0.783001 0.240816 1.03364 1.83966e+06
9 0.785613 0.23981 1.03639 1.83969e+06
9 0.788281 0.238215 1.04015 1.83973e+06
9 0.790821 0.238126 1.04544 1.83976e+06
9 0.794422 0.239088 1.0495 1.8398e+06
9 0.797616 0.240962 1.05576 1.83983e+06
9 0.803309 0.242334 1.05993 1.83986e+06
9 0.810577 0.244982 1.06718 1.83989e+06
9 0.81664 0.248585 1.07268 1.83993e+06
9 0.823391 0.252758 1.07742 1.83996e+06
9 0.82749 0.256814 1.08313 1.84001e+06
9 0.831649 0.258569 1.08741 1.84003e+06
9 0.83506 0.26291 1.09151 1.84006e+06
9 0.837382 0.26647 1.09443 1.84009e+06
9 0.838995 0.270228 1.09731 1.84013e+06
9 0.838926 0.272946 1.0971 1.84016e+06
9 0.838336 0.275038 1.09736 1.8402e+06
9 0.836875 0.279949 1.09603 1.84023e+06
9 0.835338 0.286652 1.09359 1.84026e+06
9 0.833821 0.290791 1.08792 1.8403e+06
9 0.826332 0.293282 1.07748 1.84033e+06
9 0.820366 0.302209 1.07723 1.84036e+06
9 0.813899 0.307968 1.07539 1.8404e+06
9 0.807194 0.313882 1.07193 1.84043e+06
9 0.800804 0.320443 1.06448 1.84046e+06
9 0.792954 0.325745 1.05671 1.8405e+06
9 0.786415 0.330585 1.04883 1.84053e+06
9 0.779431 0.335018 1.03987 1.84056e+06
9 0.773068 0.337399 1.032 1.8406e+06
9 0.765364 0.340508 1.0219 1.84063e+06
9 0.758859 0.343307 1.01469 1.84066e+06
9 0.75358 0.344704 1.01048 1.8407e+06
9 0.748436 0.345778 1.0089 1.84073e+06

