Gesto: 0
0 0.642409 0.187779 1.5103 180429
0 0.63216 0.18901 1.50271 180478
0 0.621506 0.189955 1.49716 180544
0 0.610884 0.191064 1.49352 180594
0 0.602332 0.191726 1.49007 180661
0 0.595703 0.19185 1.49048 180712
0 0.589353 0.193163 1.49071 180761
0 0.585805 0.194655 1.48957 180826
0 0.583646 0.196308 1.48641 180875
0 0.582021 0.20119 1.48437 180943
0 0.579895 0.210373 1.48507 180993
0 0.579826 0.221523 1.48389 181043
0 0.578842 0.237083 1.48371 181094
0 0.581488 0.254604 1.48472 181162
0 0.585449 0.272765 1.48393 181212
0 0.586852 0.292355 1.4828 181263
0 0.587395 0.309339 1.48125 181331
0 0.589276 0.319979 1.47618 181382
0 0.586014 0.331118 1.48006 181432
0 0.588297 0.331346 1.47881 181499
0 0.591102 0.329451 1.47441 181550
0 0.591875 0.326272 1.48363 181601
0 0.593387 0.321939 1.48483 181668
0 0.598144 0.315979 1.48946 181718
0 0.608101 0.30995 1.49568 181769
0 0.620782 0.30461 1.49971 181837
0 0.63633 0.303641 1.50693 181887
0 0.651655 0.306317 1.51629 181938
0 0.667928 0.314243 1.52049 182006
0 0.682842 0.326696 1.52758 182058
0 0.697466 0.344833 1.53286 182108
0 0.711491 0.368042 1.53827 182173
0 0.719379 0.3937 1.54167 182224
0 0.723657 0.426636 1.55087 182274
0 0.724715 0.458278 1.55295 182326
0 0.719176 0.490537 1.55216 182392
0 0.705943 0.524386 1.54437 182442
0 0.687556 0.553113 1.53686 182508
0 0.664718 0.574088 1.52618 182558
0 0.638574 0.586095 1.52348 182607
0 0.613689 0.597491 1.5212 182673
0 0.589815 0.60805 1.51636 182722
0 0.567593 0.610748 1.51871 182787
0 0.551057 0.607291 1.52679 182835
0 0.536432 0.600853 1.53612 182901
0 0.523675 0.590898 1.54251 182952
0 0.513129 0.580861 1.54358 183003
0 0.504506 0.571239 1.54194 183054

