Gesto: 8
0 0.503209 0.156651 1.9861 922124
0 0.497005 0.1431 1.99173 922157
0 0.48446 0.133838 1.99105 922191
0 0.470797 0.128983 1.99206 922224
0 0.456841 0.127582 1.98889 922258
0 0.441408 0.128401 1.98793 922292
0 0.427855 0.138627 1.98728 922326
0 0.419273 0.151706 1.9792 922360
0 0.411928 0.167587 1.97508 922393
0 0.41141 0.184566 1.96679 922426
0 0.416534 0.197667 1.9547 922460
0 0.426806 0.21116 1.94278 922495
0 0.438845 0.222572 1.92079 922528
0 0.456059 0.237486 1.90231 922562
0 0.481346 0.259444 1.88776 922596
0 0.500817 0.287169 1.88534 922632
0 0.521239 0.31911 1.88953 922653
0 0.533894 0.354253 1.89524 922688
0 0.534204 0.389843 1.90593 922720
0 0.525356 0.423384 1.91571 922753
0 0.506024 0.45298 1.92045 922786
0 0.485905 0.471604 1.92791 922820
0 0.463759 0.481128 1.93705 922853
0 0.441488 0.481736 1.94736 922887
0 0.42102 0.473428 1.95825 922919
0 0.404543 0.455497 1.96426 922953
0 0.395637 0.434613 1.96348 922987
0 0.390492 0.408657 1.95586 923020
0 0.390642 0.381363 1.94833 923054
0 0.395449 0.356491 1.9418 923087
0 0.406211 0.329752 1.93743 923121
0 0.422553 0.302077 1.93401 923154
0 0.440455 0.281995 1.92814 923186
0 0.46192 0.260275 1.91761 923219
0 0.482418 0.242131 1.9061 923268
0 0.497609 0.226643 1.90396 923284
0 0.506984 0.206582 1.90703 923333
0 0.512719 0.181859 1.90498 923366
0 0.511913 0.159787 1.91549 923399
0 0.504868 0.139569 1.92666 923431
0 0.490434 0.122668 1.9433 923463
0 0.473073 0.113098 1.95745 923497
0 0.453525 0.110668 1.96931 923531

1 0.50396 0.10978 1.98813 925140
1 0.486265 0.105561 1.99717 925161
1 0.466344 0.106478 2.00336 925195
1 0.449306 0.116047 2.00226 925226
1 0.43538 0.123956 1.99907 925260
1 0.425687 0.134921 2.0045 925293
1 0.422435 0.149086 1.9944 925325
1 0.421572 0.166813 1.98071 925358
1 0.428447 0.184041 1.9676 925393
1 0.440755 0.204466 1.95535 925426
1 0.456483 0.223332 1.94365 925460
1 0.480417 0.244948 1.91741 925494
1 0.498538 0.269638 1.89899 925528
1 0.514392 0.298011 1.89517 925562
1 0.52769 0.332365 1.88743 925596
1 0.532975 0.365393 1.89429 925630
1 0.519528 0.405697 1.91221 925664
1 0.498707 0.437117 1.92066 925698
1 0.476454 0.454674 1.93062 925732
1 0.45711 0.461156 1.93967 925765
1 0.435418 0.45704 1.94601 925797
1 0.418235 0.445039 1.94498 925830
1 0.407472 0.427331 1.94636 925864
1 0.402879 0.403731 1.94809 925898
1 0.401767 0.375788 1.9453 925932
1 0.406368 0.351805 1.94669 925966
1 0.416124 0.322342 1.94757 926000
1 0.428788 0.299154 1.94709 926034
1 0.443345 0.278922 1.94389 926051
1 0.462002 0.261424 1.94007 926101
1 0.485211 0.24466 1.93216 926118
1 0.505302 0.2278 1.92823 926168
1 0.52231 0.21129 1.93051 926202
1 0.529785 0.195008 1.93568 926219
1 0.530806 0.176222 1.94285 926269
1 0.528109 0.156062 1.95081 926302
1 0.515972 0.13921 1.95887 926319
1 0.500199 0.121922 1.97095 926369
1 0.480248 0.112812 1.98417 926402
1 0.459401 0.108534 1.99934 926435

2 0.565166 0.204671 1.97857 927492
2 0.558049 0.18591 1.9787 927526
2 0.547744 0.164201 1.98094 927560
2 0.532383 0.147474 1.98065 927592
2 0.515251 0.13636 1.98623 927626
2 0.49525 0.132052 1.99198 927660
2 0.476359 0.132251 1.99715 927694
2 0.458428 0.145111 1.99502 927728
2 0.44428 0.156962 1.99002 927760
2 0.434985 0.175113 1.989 927794
2 0.434183 0.188709 1.98834 927827
2 0.436891 0.201932 1.97298 927860
2 0.443877 0.218711 1.9606 927893
2 0.45913 0.235259 1.94863 927927
2 0.477975 0.254324 1.93494 927960
2 0.50191 0.278032 1.91991 927992
2 0.519899 0.310462 1.91846 928025
2 0.533169 0.342005 1.92183 928058
2 0.536685 0.375071 1.9267 928092
2 0.532851 0.406214 1.91267 928126
2 0.516431 0.435446 1.91069 928159
2 0.490367 0.453767 1.91908 928192
2 0.46788 0.459682 1.93122 928225
2 0.447622 0.45619 1.94228 928257
2 0.427289 0.444583 1.94657 928291
2 0.412857 0.42736 1.94593 928322
2 0.402588 0.402519 1.94486 928355
2 0.400163 0.374952 1.94716 928388
2 0.400634 0.344779 1.94584 928423
2 0.406718 0.317948 1.95315 928456
2 0.417948 0.292532 1.95297 928490
2 0.433126 0.268506 1.94936 928524
2 0.449285 0.248115 1.94672 928558
2 0.465599 0.228905 1.94236 928592
2 0.477919 0.212006 1.93936 928626
2 0.488652 0.192522 1.93985 928660
2 0.488985 0.174378 1.94674 928694

3 0.466982 0.128337 2.00053 929560
3 0.455286 0.122268 1.99907 929594
3 0.440509 0.122054 1.99918 929627
3 0.422862 0.125833 1.99435 929661
3 0.40873 0.136163 1.98994 929695
3 0.398283 0.149978 1.9927 929729
3 0.392357 0.160612 1.98878 929764
3 0.390491 0.173205 1.97985 929798
3 0.400636 0.188309 1.97444 929832
3 0.417471 0.196892 1.96512 929866
3 0.436596 0.211418 1.94775 929900
3 0.459019 0.235057 1.94212 929934
3 0.477843 0.270482 1.92866 929967
3 0.490568 0.303232 1.92105 930001
3 0.500336 0.341827 1.92362 930034
3 0.493428 0.380626 1.93313 930068
3 0.475406 0.413433 1.93599 930102
3 0.457707 0.433827 1.93803 930136
3 0.438082 0.445226 1.94488 930170
3 0.4197 0.44747 1.95061 930203
3 0.403932 0.439861 1.95699 930235
3 0.391384 0.420765 1.96541 930269
3 0.384115 0.398204 1.96429 930302
3 0.380793 0.370347 1.9643 930335
3 0.384201 0.346748 1.96393 930369
3 0.389616 0.317867 1.96535 930401
3 0.401758 0.295732 1.96115 930434
3 0.418438 0.269243 1.96001 930468
3 0.435495 0.247223 1.95694 930503
3 0.455121 0.227669 1.95617 930535
3 0.471842 0.209522 1.95577 930569
3 0.485679 0.190466 1.95608 930602
3 0.493062 0.176804 1.96328 930635
3 0.493305 0.15845 1.97257 930668
3 0.488692 0.142766 1.98267 930700
3 0.476688 0.127527 1.99092 930734

4 0.481109 0.121663 2.01012 931768
4 0.469374 0.116661 2.00843 931802
4 0.455121 0.115004 2.00448 931835
4 0.440117 0.118928 2.00213 931869
4 0.426836 0.132667 1.99808 931903
4 0.421375 0.148865 1.99142 931936
4 0.421994 0.16424 1.98178 931970
4 0.42514 0.175471 1.97785 932005
4 0.432592 0.182485 1.9774 932037
4 0.451413 0.192038 1.96756 932071
4 0.470795 0.200804 1.96048 932105
4 0.495261 0.217998 1.9471 932139
4 0.515587 0.238041 1.94514 932171
4 0.534756 0.263755 1.93791 932204
4 0.538277 0.288681 1.94302 932238
4 0.542165 0.316558 1.93616 932272
4 0.534921 0.351388 1.93515 932306
4 0.514695 0.380431 1.94846 932341
4 0.490587 0.401549 1.94697 932373
4 0.468002 0.415047 1.94414 932405
4 0.447929 0.414788 1.94553 932437
4 0.42858 0.403697 1.9441 932470
4 0.414283 0.384525 1.94303 932504
4 0.406814 0.358492 1.94468 932538
4 0.403991 0.325812 1.95524 932572
4 0.403449 0.299857 1.96081 932605
4 0.408422 0.271754 1.96014 932639
4 0.420245 0.247654 1.96372 932672
4 0.4335 0.227502 1.96547 932703
4 0.448891 0.211685 1.96081 932737
4 0.463247 0.199799 1.95847 932771
4 0.476256 0.18625 1.95765 932805
4 0.487611 0.171114 1.95676 932838
4 0.490066 0.154474 1.95902 932873
4 0.487573 0.140524 1.96891 932905
4 0.480983 0.127458 1.97479 932938
4 0.466202 0.118311 1.98307 932970
4 0.450367 0.114004 1.99227 933004

5 0.498948 0.160654 1.98452 934136
5 0.492528 0.144597 1.98564 934170
5 0.482855 0.13176 1.98624 934204
5 0.465819 0.122391 1.98665 934237
5 0.449651 0.119093 1.99197 934271
5 0.430817 0.122511 1.99113 934303
5 0.414452 0.133127 1.98827 934337
5 0.401971 0.15018 1.98185 934370
5 0.39551 0.161286 1.9838 934404
5 0.394672 0.173261 1.97803 934437
5 0.400095 0.186494 1.97257 934470
5 0.410715 0.197303 1.95343 934503
5 0.423816 0.207618 1.95111 934537
5 0.442855 0.222954 1.94085 934571
5 0.464945 0.23966 1.93832 934603
5 0.487441 0.25921 1.93391 934635
5 0.503053 0.28474 1.93053 934669
5 0.513988 0.308888 1.92928 934702
5 0.519244 0.333194 1.93616 934735
5 0.519679 0.357213 1.93348 934769
5 0.507246 0.379293 1.93824 934802
5 0.486627 0.400229 1.93784 934835
5 0.468652 0.416323 1.9399 934867
5 0.448162 0.422543 1.94217 934899
5 0.430421 0.420406 1.94429 934933
5 0.415867 0.407432 1.94719 934965
5 0.405684 0.390374 1.94525 934999
5 0.39966 0.369418 1.93838 935033
5 0.399748 0.341922 1.93933 935065
5 0.405763 0.317614 1.94129 935097
5 0.417289 0.292092 1.94284 935134
5 0.430214 0.267541 1.94283 935176
5 0.444109 0.246325 1.93998 935192
5 0.455521 0.227803 1.93842 935242
5 0.463685 0.208981 1.9386 935275
5 0.467688 0.191322 1.93636 935308
5 0.468162 0.175796 1.9389 935341
5 0.463313 0.160517 1.94325 935373
5 0.453934 0.146636 1.95367 935406
5 0.441619 0.1383 1.96209 935440
5 0.428419 0.13357 1.97203 935474
5 0.409988 0.130836 1.97992 935492
5 0.395095 0.131758 1.9876 935542

6 0.481007 0.180358 1.97655 937004
6 0.481279 0.168998 1.97235 937038
6 0.47678 0.158789 1.96913 937072
6 0.468854 0.146629 1.97214 937106
6 0.456665 0.140518 1.97686 937139
6 0.444448 0.1427 1.98326 937172
6 0.431687 0.15419 1.98131 937206
6 0.42098 0.167903 1.97965 937239
6 0.4158 0.177822 1.97366 937273
6 0.414565 0.190948 1.97064 937307
6 0.420405 0.200908 1.96245 937340
6 0.429841 0.208439 1.96486 937372
6 0.447115 0.214839 1.95356 937404
6 0.466117 0.227854 1.94415 937439
6 0.486881 0.243792 1.93637 937472
6 0.504431 0.269075 1.92744 937504
6 0.510858 0.294342 1.92289 937537
6 0.515759 0.320993 1.92468 937571
6 0.511518 0.3439 1.92518 937605
6 0.497113 0.366676 1.93204 937638
6 0.47735 0.388255 1.93648 937670
6 0.455472 0.401156 1.92619 937704
6 0.434697 0.399451 1.92423 937736
6 0.417792 0.390205 1.92932 937770
6 0.405999 0.376714 1.92935 937803
6 0.397618 0.354241 1.92914 937835
6 0.395852 0.330334 1.9326 937868
6 0.399139 0.303351 1.93511 937901
6 0.407548 0.280988 1.93918 937936
6 0.419317 0.25713 1.94258 937967
6 0.432356 0.240147 1.94109 938000
6 0.449123 0.224626 1.93632 938034
6 0.462566 0.208914 1.936 938067
6 0.474185 0.191447 1.93194 938100
6 0.480029 0.179335 1.93584 938133
6 0.479438 0.162827 1.94197 938167
6 0.474273 0.14753 1.95203 938200
6 0.463723 0.139538 1.96089 938232
6 0.449495 0.130503 1.97106 938265
6 0.433119 0.12778 1.98027 938299

7 0.493376 0.197794 1.9622 939243
7 0.491107 0.184775 1.96358 939278
7 0.488554 0.171951 1.96232 939310
7 0.483133 0.157203 1.96395 939344
7 0.470824 0.143835 1.96598 939376
7 0.457563 0.133033 1.9722 939409
7 0.443201 0.129375 1.97662 939442
7 0.425572 0.130595 1.98109 939476
7 0.411895 0.144866 1.98186 939510
7 0.399774 0.158636 1.98289 939545
7 0.390781 0.173104 1.98169 939578
7 0.386465 0.185273 1.98353 939612
7 0.390986 0.200852 1.96975 939646
7 0.402463 0.212136 1.95699 939663
7 0.419454 0.217697 1.94726 939714
7 0.438761 0.22314 1.93341 939747
7 0.460371 0.233822 1.92825 939764
7 0.485946 0.249004 1.91736 939815
7 0.502688 0.271886 1.91389 939832
7 0.511202 0.295359 1.91311 939866
7 0.514831 0.318001 1.9146 939900
7 0.507452 0.340678 1.92228 939935
7 0.490986 0.363368 1.92162 939968
7 0.472251 0.374466 1.9231 940002
7 0.455298 0.376006 1.92013 940036
7 0.436081 0.371345 1.91712 940069
7 0.420359 0.360638 1.91808 940101
7 0.411751 0.343682 1.92459 940135
7 0.409054 0.321311 1.93132 940169
7 0.406095 0.300988 1.92599 940203
7 0.410655 0.280304 1.93122 940237
7 0.420515 0.261787 1.9298 940271
7 0.433286 0.24605 1.93107 940304
7 0.442527 0.230603 1.92718 940338
7 0.450598 0.218486 1.92917 940372
7 0.457413 0.202953 1.93083 940406
7 0.459988 0.189294 1.93011 940439
7 0.458128 0.173387 1.93358 940473
7 0.454784 0.155202 1.94802 940507

8 0.504257 0.178276 1.97425 941532
8 0.502104 0.170617 1.97623 941583
8 0.496491 0.160462 1.97785 941599
8 0.487722 0.156029 1.97968 941649
8 0.476974 0.152933 1.9818 941666
8 0.462078 0.152366 1.98012 941700
8 0.450503 0.157577 1.97892 941749
8 0.439072 0.168418 1.97476 941767
8 0.432886 0.178467 1.97772 941800
8 0.432065 0.190185 1.97475 941850
8 0.434214 0.198465 1.97294 941867
8 0.436632 0.209611 1.95887 941901
8 0.44452 0.219789 1.95236 941950
8 0.457506 0.231757 1.94592 941966
8 0.476275 0.243636 1.93843 942001
8 0.494036 0.261348 1.93278 942049
8 0.510137 0.281606 1.93697 942067
8 0.519806 0.305274 1.93353 942099
8 0.52003 0.327746 1.93058 942151
8 0.513107 0.355479 1.93516 942167
8 0.500132 0.377672 1.94011 942201
8 0.483 0.392631 1.93981 942250
8 0.464971 0.398351 1.93329 942282
8 0.44821 0.39477 1.93696 942299
8 0.433679 0.383875 1.93865 942347
8 0.420361 0.368303 1.93976 942381
8 0.411396 0.347118 1.94024 942413
8 0.408318 0.322842 1.94384 942446
8 0.410545 0.299229 1.94584 942479
8 0.417946 0.278727 1.95217 942512
8 0.428987 0.259732 1.95483 942545
8 0.443022 0.241635 1.94933 942580
8 0.454952 0.224974 1.94434 942613
8 0.47134 0.209305 1.94114 942646
8 0.482135 0.192584 1.94509 942681
8 0.486532 0.181581 1.94525 942714
8 0.487975 0.167113 1.95276 942747
8 0.487199 0.148899 1.96345 942781

9 0.498055 0.149979 1.98709 943839
9 0.487645 0.136433 1.98908 943873
9 0.477153 0.123145 1.99123 943907
9 0.462314 0.116475 1.98871 943941
9 0.441892 0.120188 1.98201 943975
9 0.423413 0.126596 1.97784 944009
9 0.408045 0.14031 1.97472 944043
9 0.397519 0.155962 1.97467 944078
9 0.392512 0.170756 1.97525 944110
9 0.395923 0.182713 1.96741 944143
9 0.404118 0.191216 1.95852 944177
9 0.420358 0.196085 1.95392 944211
9 0.438654 0.20379 1.9417 944245
9 0.460809 0.215837 1.93245 944279
9 0.484081 0.236131 1.92495 944313
9 0.499948 0.26329 1.92029 944347
9 0.509511 0.288896 1.9204 944381
9 0.514515 0.319956 1.91769 944415
9 0.511145 0.346281 1.91345 944448
9 0.493846 0.369343 1.91849 944482
9 0.471824 0.389992 1.91403 944514
9 0.450532 0.403255 1.91026 944547
9 0.431813 0.402178 1.91286 944580
9 0.413194 0.394682 1.90983 944614
9 0.401696 0.380308 1.9142 944647
9 0.397473 0.35959 1.91891 944681
9 0.395488 0.33567 1.92421 944714
9 0.398923 0.313281 1.92866 944748
9 0.407394 0.288185 1.92836 944782
9 0.419141 0.263271 1.92517 944814
9 0.432396 0.241748 1.9255 944845
9 0.447992 0.224964 1.92448 944879
9 0.461663 0.206402 1.92107 944913
9 0.473636 0.189465 1.92393 944948
9 0.481128 0.173798 1.92908 944982
9 0.483506 0.155374 1.93504 945015
9 0.479338 0.139321 1.94683 945049
9 0.466025 0.127242 1.95763 945082
9 0.450718 0.120503 1.97049 945115

