Gesto: 8
0 0.498061 0.138022 1.84097 1.21976e+06
0 0.498016 0.137635 1.84055 1.21979e+06
0 0.498927 0.137049 1.83837 1.21982e+06
0 0.502546 0.132699 1.8369 1.21986e+06
0 0.506993 0.127496 1.83417 1.21989e+06
0 0.514491 0.123857 1.83207 1.21992e+06
0 0.524751 0.122275 1.82779 1.21996e+06
0 0.53647 0.121601 1.82594 1.21999e+06
0 0.547581 0.123678 1.8191 1.22003e+06
0 0.557589 0.13138 1.81657 1.22006e+06
0 0.562177 0.140711 1.80312 1.22009e+06
0 0.56442 0.155309 1.80428 1.22013e+06
0 0.563014 0.168207 1.80333 1.22016e+06
0 0.555373 0.182342 1.80659 1.22019e+06
0 0.545943 0.197639 1.80831 1.22023e+06
0 0.532219 0.217047 1.81209 1.22026e+06
0 0.519737 0.234929 1.81915 1.22029e+06
0 0.511357 0.251884 1.83033 1.22033e+06
0 0.508535 0.267933 1.83843 1.22036e+06
0 0.512625 0.28453 1.83858 1.2204e+06
0 0.521022 0.296553 1.84076 1.22043e+06
0 0.531356 0.304225 1.8323 1.22046e+06
0 0.545028 0.307191 1.82177 1.22049e+06
0 0.558485 0.306307 1.81541 1.22053e+06
0 0.566069 0.297501 1.81109 1.22056e+06
0 0.56921 0.285393 1.80292 1.2206e+06
0 0.570319 0.270966 1.80853 1.22063e+06
0 0.565543 0.251264 1.80194 1.22066e+06
0 0.556766 0.236982 1.80474 1.2207e+06
0 0.548679 0.218871 1.80839 1.22073e+06
0 0.541538 0.205073 1.81691 1.22076e+06
0 0.529837 0.187764 1.8177 1.2208e+06
0 0.520111 0.172629 1.82303 1.22083e+06
0 0.514213 0.15693 1.83564 1.22086e+06
0 0.512107 0.145849 1.84377 1.2209e+06
0 0.510504 0.134118 1.85091 1.22093e+06

1 0.429699 0.184445 1.89119 1.22163e+06
1 0.428892 0.183733 1.89035 1.22166e+06
1 0.424634 0.182034 1.88896 1.2217e+06
1 0.421748 0.180686 1.88652 1.22173e+06
1 0.424087 0.180391 1.88871 1.22176e+06
1 0.427188 0.174526 1.88635 1.2218e+06
1 0.429947 0.168758 1.88372 1.22183e+06
1 0.436442 0.166482 1.87697 1.22186e+06
1 0.446509 0.166238 1.86568 1.2219e+06
1 0.453149 0.168404 1.85347 1.22193e+06
1 0.461521 0.175959 1.84388 1.22196e+06
1 0.469322 0.18271 1.83992 1.222e+06
1 0.472247 0.194118 1.84083 1.22203e+06
1 0.470331 0.206013 1.84402 1.22206e+06
1 0.463281 0.214479 1.84659 1.2221e+06
1 0.453123 0.225153 1.84825 1.22213e+06
1 0.442183 0.237084 1.86011 1.22216e+06
1 0.436014 0.250346 1.87163 1.2222e+06
1 0.428852 0.26092 1.8798 1.22223e+06
1 0.421738 0.272677 1.88732 1.22226e+06
1 0.418799 0.284554 1.89239 1.2223e+06
1 0.418458 0.297757 1.88917 1.22233e+06
1 0.423438 0.306754 1.88597 1.22236e+06
1 0.430677 0.314419 1.88163 1.22239e+06
1 0.441154 0.317719 1.86674 1.22242e+06
1 0.454637 0.318214 1.86059 1.22246e+06
1 0.467375 0.317074 1.85197 1.22249e+06
1 0.475042 0.309258 1.85091 1.22252e+06
1 0.478313 0.298704 1.84839 1.22256e+06
1 0.4762 0.284748 1.84805 1.22259e+06
1 0.470393 0.270304 1.85152 1.22263e+06
1 0.462164 0.257101 1.85771 1.22266e+06
1 0.454142 0.245019 1.86583 1.22269e+06
1 0.444377 0.230762 1.87394 1.22272e+06
1 0.437172 0.216942 1.87991 1.22276e+06
1 0.433428 0.206435 1.89245 1.22279e+06
1 0.431258 0.194305 1.89831 1.22283e+06
1 0.429954 0.186753 1.90364 1.22287e+06

2 0.548253 0.229618 1.89997 1.22359e+06
2 0.548476 0.228736 1.90078 1.22363e+06
2 0.548958 0.225868 1.89601 1.22366e+06
2 0.549572 0.220235 1.88894 1.2237e+06
2 0.550927 0.217509 1.89256 1.22373e+06
2 0.55442 0.214762 1.89686 1.22376e+06
2 0.559076 0.210072 1.89296 1.2238e+06
2 0.565294 0.20395 1.89382 1.22383e+06
2 0.572373 0.200547 1.89035 1.22387e+06
2 0.581103 0.1999 1.88878 1.2239e+06
2 0.591694 0.203953 1.88814 1.22393e+06
2 0.600917 0.208246 1.88715 1.22397e+06
2 0.605351 0.217897 1.88311 1.224e+06
2 0.605744 0.225941 1.88745 1.22403e+06
2 0.602758 0.236707 1.88342 1.22407e+06
2 0.594921 0.248765 1.88571 1.2241e+06
2 0.583446 0.258406 1.88229 1.22414e+06
2 0.572351 0.268859 1.88708 1.22417e+06
2 0.561484 0.279034 1.88911 1.2242e+06
2 0.553203 0.289306 1.89855 1.22424e+06
2 0.549778 0.301174 1.89917 1.22427e+06
2 0.547563 0.310062 1.90164 1.22430e+06
2 0.548621 0.322496 1.90366 1.22434e+06
2 0.554402 0.334008 1.90584 1.22437e+06
2 0.566985 0.343021 1.91034 1.22439e+06
2 0.578425 0.346504 1.90945 1.22444e+06
2 0.591884 0.347606 1.90805 1.22446e+06
2 0.600783 0.343912 1.90154 1.22449e+06
2 0.60979 0.337041 1.89609 1.22453e+06
2 0.610407 0.327775 1.89635 1.22456e+06
2 0.607457 0.314632 1.88792 1.22459e+06
2 0.599664 0.302098 1.88149 1.22463e+06
2 0.592118 0.292061 1.88049 1.22466e+06
2 0.583837 0.279434 1.87799 1.2247e+06
2 0.574925 0.265516 1.87851 1.22473e+06
2 0.567283 0.251735 1.87593 1.22476e+06
2 0.560639 0.238789 1.87646 1.2248e+06
2 0.555991 0.226912 1.87476 1.22483e+06

3 0.621927 0.131714 1.95432 1.22542e+06
3 0.620953 0.130488 1.95403 1.22546e+06
3 0.620374 0.12765 1.94811 1.22549e+06
3 0.62005 0.12553 1.9435 1.22553e+06
3 0.621135 0.122876 1.94034 1.22556e+06
3 0.620991 0.119122 1.93812 1.22559e+06
3 0.620428 0.113144 1.93731 1.22563e+06
3 0.624496 0.105362 1.94273 1.22566e+06
3 0.629682 0.0996119 1.94962 1.22569e+06
3 0.636524 0.0971691 1.95603 1.22573e+06
3 0.643318 0.0950911 1.95896 1.22576e+06
3 0.651582 0.0959148 1.95624 1.22579e+06
3 0.659888 0.102673 1.95803 1.22583e+06
3 0.664374 0.108426 1.95366 1.22586e+06
3 0.665878 0.118983 1.94993 1.22589e+06
3 0.665883 0.12637 1.9461 1.22592e+06
3 0.660717 0.137111 1.94074 1.22596e+06
3 0.654749 0.149715 1.94227 1.22601e+06
3 0.643976 0.15936 1.93535 1.22602e+06
3 0.634655 0.172796 1.92838 1.22606e+06
3 0.625734 0.187284 1.92722 1.22611e+06
3 0.620323 0.197034 1.92771 1.22614e+06
3 0.619154 0.205678 1.92261 1.22616e+06
3 0.623349 0.21425 1.92318 1.22621e+06
3 0.629488 0.221722 1.92847 1.22624e+06
3 0.639621 0.225866 1.93105 1.22626e+06
3 0.652655 0.225432 1.93492 1.22631e+06
3 0.662421 0.223561 1.94081 1.22632e+06
3 0.668976 0.214773 1.94243 1.22638e+06
3 0.672766 0.207751 1.94771 1.22641e+06
3 0.671323 0.198164 1.95175 1.22642e+06
3 0.665761 0.185855 1.94977 1.22647e+06
3 0.65771 0.175923 1.95243 1.22651e+06
3 0.648625 0.164267 1.95162 1.22654e+06
3 0.641356 0.1534 1.95285 1.22657e+06
3 0.631307 0.143291 1.95218 1.22661e+06
3 0.624536 0.131177 1.9512 1.22664e+06

4 0.492981 0.206444 1.93055 1.2273e+06
4 0.489244 0.205519 1.92927 1.22733e+06
4 0.485926 0.205884 1.92878 1.22736e+06
4 0.479471 0.198638 1.92801 1.2274e+06
4 0.475405 0.193643 1.92739 1.22743e+06
4 0.472699 0.184492 1.92702 1.22746e+06
4 0.474309 0.173689 1.91425 1.2275e+06
4 0.478446 0.163812 1.91288 1.22753e+06
4 0.487081 0.157212 1.9176 1.22757e+06
4 0.495228 0.152901 1.9065 1.2276e+06
4 0.501489 0.155763 1.89653 1.22763e+06
4 0.508244 0.165819 1.88854 1.22767e+06
4 0.513803 0.178278 1.88611 1.2277e+06
4 0.514084 0.189401 1.88573 1.22774e+06
4 0.510838 0.200253 1.88703 1.22777e+06
4 0.503904 0.212396 1.89396 1.2278e+06
4 0.493452 0.22688 1.90346 1.22784e+06
4 0.481811 0.241632 1.91648 1.22787e+06
4 0.473334 0.253218 1.92281 1.22791e+06
4 0.465534 0.264463 1.92755 1.22794e+06
4 0.461186 0.276862 1.92699 1.22797e+06
4 0.463369 0.284983 1.92767 1.22801e+06
4 0.470355 0.296858 1.92668 1.22804e+06
4 0.47713 0.302537 1.91654 1.22808e+06
4 0.486801 0.303038 1.90704 1.22811e+06
4 0.496884 0.300008 1.89907 1.22814e+06
4 0.506869 0.293571 1.88875 1.22818e+06
4 0.512937 0.283473 1.88218 1.22819e+06
4 0.516068 0.274376 1.88309 1.22824e+06
4 0.51298 0.262836 1.88645 1.22828e+06
4 0.508984 0.25075 1.89438 1.22831e+06
4 0.502642 0.236349 1.89499 1.22834e+06
4 0.495642 0.223326 1.89894 1.22838e+06
4 0.488867 0.210904 1.90159 1.22839e+06

5 0.5574 0.245764 1.88941 1.22918e+06
5 0.559865 0.24586 1.88756 1.22921e+06
5 0.560944 0.245015 1.88895 1.22924e+06
5 0.560035 0.245686 1.88895 1.22927e+06
5 0.559999 0.240202 1.88614 1.22931e+06
5 0.560886 0.235412 1.8824 1.22934e+06
5 0.564624 0.227833 1.87663 1.22937e+06
5 0.568417 0.22193 1.87217 1.22941e+06
5 0.572081 0.218692 1.85542 1.22944e+06
5 0.580789 0.217557 1.86223 1.22947e+06
5 0.590785 0.222334 1.87313 1.22951e+06
5 0.598105 0.229567 1.87764 1.22954e+06
5 0.602475 0.239937 1.88463 1.22957e+06
5 0.60119 0.252529 1.88252 1.2296e+06
5 0.594426 0.26545 1.8853 1.22964e+06
5 0.583777 0.28072 1.88539 1.22967e+06
5 0.575587 0.290407 1.88521 1.22971e+06
5 0.563398 0.30103 1.89219 1.22974e+06
5 0.556287 0.30926 1.89981 1.22977e+06
5 0.553649 0.319045 1.90261 1.22981e+06
5 0.552443 0.328554 1.90464 1.22984e+06
5 0.5572 0.337722 1.90619 1.22987e+06
5 0.569276 0.343167 1.90954 1.22991e+06
5 0.578912 0.346705 1.91053 1.22994e+06
5 0.590575 0.348717 1.91161 1.22998e+06
5 0.600653 0.350884 1.91085 1.23001e+06
5 0.609559 0.349891 1.90952 1.23004e+06
5 0.611687 0.342476 1.90575 1.23008e+06
5 0.609169 0.333269 1.89949 1.23011e+06
5 0.602004 0.321282 1.89712 1.23014e+06
5 0.59119 0.310407 1.89332 1.23017e+06
5 0.582491 0.297812 1.88772 1.23021e+06
5 0.572224 0.283761 1.88494 1.23024e+06
5 0.563208 0.273135 1.88222 1.23027e+06
5 0.557077 0.260615 1.87976 1.23031e+06
5 0.552915 0.246425 1.87742 1.23034e+06
5 0.556671 0.233069 1.87728 1.23037e+06

6 0.503292 0.165493 1.92251 1.23088e+06
6 0.500384 0.164111 1.92601 1.23091e+06
6 0.497553 0.161298 1.92602 1.23094e+06
6 0.495861 0.159494 1.92503 1.23098e+06
6 0.496471 0.156753 1.9233 1.23101e+06
6 0.497089 0.152526 1.91906 1.23104e+06
6 0.499462 0.147751 1.91168 1.23108e+06
6 0.506064 0.145441 1.90927 1.23111e+06
6 0.513245 0.144231 1.90193 1.23114e+06
6 0.522622 0.148356 1.90467 1.23118e+06
6 0.531187 0.15593 1.90189 1.23121e+06
6 0.535508 0.162345 1.89679 1.23124e+06
6 0.536297 0.171651 1.89745 1.23128e+06
6 0.536768 0.181188 1.8997 1.2313e+06
6 0.533772 0.188323 1.90397 1.23135e+06
6 0.527298 0.199005 1.903 1.23137e+06
6 0.517684 0.207116 1.89737 1.2314e+06
6 0.508889 0.216033 1.90371 1.23144e+06
6 0.499852 0.224207 1.90928 1.23147e+06
6 0.495455 0.23365 1.92204 1.23151e+06
6 0.495405 0.245403 1.92196 1.23154e+06
6 0.496164 0.253833 1.90566 1.23157e+06
6 0.502715 0.259828 1.90399 1.23161e+06
6 0.509785 0.2631 1.89798 1.23164e+06
6 0.520338 0.26525 1.89393 1.23168e+06
6 0.5297 0.266019 1.89203 1.23171e+06
6 0.539182 0.264304 1.88776 1.23174e+06
6 0.543306 0.257797 1.88587 1.23178e+06
6 0.544638 0.248895 1.8848 1.23181e+06
6 0.541381 0.238989 1.88661 1.23184e+06
6 0.537897 0.228165 1.88838 1.23188e+06
6 0.53164 0.217383 1.88779 1.23191e+06
6 0.526118 0.20789 1.89195 1.23194e+06
6 0.518155 0.197319 1.89079 1.23198e+06
6 0.512895 0.187804 1.89794 1.23201e+06
6 0.509 0.177658 1.90441 1.23204e+06
6 0.507507 0.169483 1.90891 1.23208e+06

7 0.494627 0.156259 1.93145 1.23266e+06
7 0.494216 0.156065 1.93137 1.23271e+06
7 0.493902 0.154492 1.9257 1.23273e+06
7 0.494307 0.147957 1.92374 1.23276e+06
7 0.494388 0.143916 1.92291 1.23281e+06
7 0.497733 0.141336 1.92157 1.23285e+06
7 0.503403 0.1405 1.91409 1.23286e+06
7 0.509517 0.137856 1.89698 1.23292e+06
7 0.51583 0.139955 1.8871 1.23295e+06
7 0.525167 0.141093 1.87818 1.23296e+06
7 0.534437 0.148846 1.87891 1.23301e+06
7 0.538727 0.15757 1.87317 1.23305e+06
7 0.539928 0.169132 1.87452 1.23306e+06
7 0.53841 0.178787 1.87229 1.23311e+06
7 0.534614 0.188478 1.87656 1.23315e+06
7 0.5276 0.194381 1.87739 1.23318e+06
7 0.517088 0.20001 1.87333 1.23321e+06
7 0.505685 0.204858 1.88466 1.23325e+06
7 0.498987 0.214527 1.90066 1.23328e+06
7 0.49204 0.221358 1.90428 1.23331e+06
7 0.486927 0.230821 1.91184 1.23334e+06
7 0.482676 0.239724 1.91764 1.23338e+06
7 0.481728 0.249449 1.91766 1.23341e+06
7 0.48565 0.256908 1.91454 1.23345e+06
7 0.490841 0.265826 1.90163 1.23348e+06
7 0.50352 0.272165 1.89131 1.23351e+06
7 0.513492 0.274933 1.88369 1.23355e+06
7 0.523783 0.278535 1.8783 1.23358e+06
7 0.534229 0.276578 1.87764 1.23361e+06
7 0.544185 0.27482 1.86886 1.23365e+06
7 0.552585 0.270488 1.86407 1.23368e+06
7 0.55662 0.261203 1.86164 1.23371e+06
7 0.557372 0.249921 1.85715 1.23375e+06
7 0.553689 0.238992 1.86113 1.23378e+06
7 0.549483 0.229414 1.86588 1.23382e+06
7 0.542663 0.222045 1.87251 1.23383e+06
7 0.533509 0.211691 1.87306 1.23388e+06
7 0.52366 0.200814 1.87351 1.2339e+06
7 0.515803 0.190556 1.88265 1.23393e+06
7 0.508473 0.179154 1.8936 1.23398e+06
7 0.505162 0.170137 1.90329 1.234e+06
7 0.502722 0.161506 1.91189 1.23403e+06

8 0.50268 0.16386 1.93 1.2346e+06
8 0.502015 0.160404 1.93168 1.23463e+06
8 0.499977 0.157474 1.92837 1.23467e+06
8 0.498862 0.151664 1.92899 1.23472e+06
8 0.502229 0.146736 1.92165 1.23475e+06
8 0.506212 0.142527 1.9194 1.23478e+06
8 0.513185 0.141931 1.91095 1.2348e+06
8 0.521467 0.142469 1.9081 1.23485e+06
8 0.530879 0.15032 1.90567 1.23488e+06
8 0.535692 0.157768 1.9031 1.2349e+06
8 0.538426 0.166553 1.90511 1.23495e+06
8 0.538153 0.174864 1.90289 1.23498e+06
8 0.534414 0.184133 1.90343 1.23501e+06
8 0.529295 0.193003 1.9022 1.23505e+06
8 0.520128 0.205636 1.89639 1.23508e+06
8 0.510562 0.214811 1.89992 1.2351e+06
8 0.503834 0.227025 1.9066 1.23515e+06
8 0.499513 0.241318 1.91608 1.23517e+06
8 0.499327 0.249455 1.91478 1.2352e+06
8 0.502783 0.256169 1.90595 1.23524e+06
8 0.51024 0.259148 1.9024 1.23527e+06
8 0.516327 0.260694 1.8965 1.2353e+06
8 0.525877 0.261343 1.89295 1.23534e+06
8 0.53147 0.255562 1.88613 1.23538e+06
8 0.535062 0.246851 1.88406 1.23541e+06
8 0.535934 0.236452 1.88426 1.23545e+06
8 0.534843 0.227483 1.88187 1.23548e+06
8 0.531644 0.216955 1.88737 1.2355e+06
8 0.525608 0.204661 1.88711 1.23555e+06
8 0.51781 0.193314 1.88674 1.23558e+06
8 0.512406 0.17853 1.89318 1.2356e+06

9 0.510939 0.188823 1.84366 1.23805e+06
9 0.509496 0.181258 1.84646 1.23808e+06
9 0.508345 0.176041 1.8487 1.23811e+06
9 0.507678 0.173863 1.84666 1.23815e+06
9 0.512418 0.172685 1.84986 1.23818e+06
9 0.51794 0.169844 1.84838 1.23821e+06
9 0.526852 0.171099 1.8489 1.23825e+06
9 0.532766 0.174091 1.84525 1.23828e+06
9 0.535981 0.180253 1.84551 1.23831e+06
9 0.536298 0.187001 1.84238 1.23835e+06
9 0.534742 0.194384 1.84233 1.23838e+06
9 0.530729 0.206633 1.84512 1.23841e+06
9 0.527019 0.215926 1.84517 1.23845e+06
9 0.518705 0.227742 1.84653 1.23848e+06
9 0.511955 0.238876 1.85971 1.23851e+06
9 0.50458 0.251448 1.86404 1.23855e+06
9 0.500925 0.263779 1.8698 1.23858e+06
9 0.504016 0.272806 1.87369 1.23862e+06
9 0.50788 0.281251 1.86651 1.23865e+06
9 0.514116 0.29033 1.85451 1.23868e+06
9 0.524146 0.294983 1.84998 1.23872e+06
9 0.53404 0.294454 1.84219 1.23875e+06
9 0.543139 0.291354 1.8402 1.23878e+06
9 0.549865 0.283263 1.83839 1.23882e+06
9 0.549516 0.27014 1.83467 1.23885e+06
9 0.546075 0.258243 1.83496 1.23888e+06
9 0.541268 0.245282 1.83543 1.2389e+06
9 0.537113 0.232532 1.84367 1.23895e+06
9 0.529263 0.219899 1.8451 1.23897e+06
9 0.521091 0.204979 1.84324 1.239e+06
9 0.514743 0.189088 1.84614 1.23904e+06

