Gesto: 8
0 0.279824 0.335763 1.95013 413604
0 0.28103 0.326137 1.94461 413637
0 0.282724 0.319235 1.93911 413671
0 0.288184 0.305662 1.93179 413704
0 0.292703 0.2937 1.92848 413736
0 0.298608 0.279269 1.92897 413770
0 0.306082 0.266237 1.92393 413804
0 0.317417 0.254912 1.91502 413836
0 0.32975 0.243484 1.90447 413869
0 0.343574 0.232061 1.90152 413903
0 0.356393 0.226532 1.89281 413936
0 0.37088 0.224009 1.88699 413968
0 0.383979 0.223948 1.88301 414000
0 0.396526 0.227349 1.8785 414033
0 0.411193 0.231438 1.87729 414066
0 0.422134 0.241013 1.87406 414098
0 0.432103 0.253919 1.86721 414132
0 0.439261 0.270362 1.85969 414166
0 0.445431 0.286825 1.8519 414199
0 0.446382 0.304312 1.84741 414232
0 0.449851 0.321894 1.84118 414266
0 0.446552 0.338809 1.83988 414300
0 0.444347 0.356273 1.83972 414334
0 0.440806 0.371813 1.83847 414368
0 0.435515 0.384248 1.83366 414401
0 0.429281 0.394572 1.8298 414433
0 0.422978 0.408611 1.83027 414467
0 0.414536 0.420015 1.83203 414501
0 0.407738 0.429738 1.83049 414535
0 0.399097 0.437018 1.8337 414570
0 0.392728 0.44558 1.83223 414604
0 0.382922 0.4544 1.8386 414639
0 0.373127 0.462547 1.84353 414672
0 0.364692 0.469241 1.85215 414706
0 0.354602 0.477385 1.86341 414739
0 0.348616 0.482995 1.8708 414773
0 0.339258 0.488951 1.87886 414807
0 0.331424 0.493455 1.88589 414841
0 0.323852 0.501056 1.89867 414874
0 0.318651 0.508386 1.91076 414908
0 0.314546 0.512787 1.9208 414942
0 0.314519 0.518935 1.93213 414976
0 0.314102 0.527177 1.94025 415011
0 0.314599 0.534785 1.9545 415044
0 0.319201 0.542958 1.9725 415062
0 0.326451 0.550299 1.98392 415095
0 0.332742 0.558138 1.98624 415146
0 0.337747 0.567051 1.99157 415163
0 0.345504 0.576243 2.00187 415197
0 0.355734 0.582126 2.01178 415230
0 0.364481 0.590163 2.01696 415264
0 0.374137 0.596487 2.01587 415297
0 0.385995 0.601218 2.01972 415331
0 0.39503 0.607788 2.02233 415365
0 0.405728 0.611769 2.02465 415398
0 0.417178 0.614578 2.02586 415432
0 0.426548 0.614526 2.02909 415466
0 0.437433 0.610673 2.02367 415500
0 0.445168 0.607742 2.01701 415533
0 0.45415 0.605368 2.0113 415567
0 0.462593 0.600905 2.00689 415600
0 0.469679 0.593288 1.99445 415634
0 0.473175 0.588419 1.99069 415668
0 0.47468 0.581673 1.97804 415702
0 0.47604 0.573476 1.96492 415736
0 0.475456 0.565926 1.95463 415770
0 0.473495 0.559392 1.94816 415804
0 0.470407 0.55294 1.93801 415837
0 0.466121 0.545652 1.93109 415870
0 0.462354 0.537047 1.92796 415904
0 0.45723 0.529988 1.92555 415938
0 0.449657 0.523185 1.92544 415972
0 0.444122 0.517734 1.92007 416005
0 0.439404 0.509917 1.91612 416038
0 0.432636 0.50271 1.91416 416072
0 0.42618 0.496412 1.91183 416105
0 0.417411 0.488517 1.91073 416138
0 0.41103 0.481971 1.91343 416172
0 0.402512 0.473069 1.90723 416206
0 0.396106 0.466007 1.90468 416239
0 0.387397 0.457266 1.90686 416273
0 0.378897 0.450436 1.90534 416305
0 0.371242 0.443065 1.90779 416337
0 0.363154 0.43625 1.90842 416371
0 0.357037 0.429464 1.9069 416402
0 0.348836 0.422073 1.90372 416436
0 0.343128 0.413962 1.90734 416471
0 0.338214 0.409878 1.91508 416505
0 0.332205 0.404037 1.9167 416536
0 0.327503 0.397857 1.91535 416569
0 0.324433 0.392493 1.91807 416601
0 0.317926 0.387808 1.91715 416634
0 0.314662 0.383098 1.91591 416668
0 0.312007 0.376899 1.91198 416701
0 0.30995 0.373204 1.90972 416734
0 0.307786 0.371293 1.91364 416768
0 0.306801 0.36624 1.91238 416802
0 0.304284 0.3625 1.90892 416835
0 0.30253 0.358905 1.91135 416869
0 0.300725 0.353168 1.90701 416903
0 0.300137 0.348397 1.90661 416936

1 0.447121 0.188543 1.86899 419406
1 0.449387 0.188574 1.86557 419439
1 0.453796 0.188139 1.86012 419472
1 0.457526 0.190129 1.85557 419506
1 0.464512 0.189938 1.85198 419540
1 0.470981 0.188716 1.84817 419573
1 0.479184 0.187437 1.84732 419607
1 0.488604 0.188823 1.84383 419642
1 0.499421 0.198014 1.8354 419675
1 0.507057 0.209462 1.83234 419709
1 0.51665 0.216538 1.83506 419742
1 0.523911 0.227905 1.83254 419774
1 0.527941 0.24281 1.82636 419807
1 0.529248 0.263914 1.82425 419840
1 0.52931 0.284182 1.82346 419873
1 0.528547 0.30353 1.81932 419907
1 0.522875 0.318263 1.81598 419939
1 0.517274 0.331671 1.81423 419971
1 0.511062 0.343705 1.81209 420005
1 0.504883 0.352217 1.81104 420039
1 0.493482 0.361548 1.81004 420073
1 0.479762 0.367296 1.80663 420105
1 0.468091 0.373364 1.80424 420139
1 0.455914 0.378598 1.80714 420172
1 0.443943 0.381051 1.80839 420206
1 0.432991 0.3868 1.81242 420239
1 0.423896 0.395574 1.81812 420272
1 0.413215 0.40174 1.82491 420306
1 0.407668 0.41194 1.83442 420339
1 0.401099 0.425087 1.8511 420373
1 0.396273 0.43964 1.86505 420405
1 0.391816 0.452015 1.88177 420437
1 0.390975 0.467948 1.90009 420470
1 0.391414 0.48572 1.91616 420504
1 0.395141 0.501009 1.92971 420538
1 0.401263 0.517764 1.94127 420572
1 0.409778 0.534625 1.95384 420606
1 0.420188 0.550551 1.95776 420640
1 0.430425 0.564313 1.96714 420674
1 0.442754 0.578465 1.97028 420708
1 0.455786 0.587716 1.97453 420740
1 0.465551 0.594626 1.98098 420772
1 0.479478 0.59717 1.98396 420804
1 0.494699 0.596662 1.97927 420836
1 0.510301 0.591787 1.97205 420870
1 0.523947 0.586105 1.96536 420903
1 0.537175 0.578731 1.9518 420936
1 0.54761 0.567731 1.93711 420968
1 0.55613 0.55391 1.9254 421000
1 0.559972 0.540667 1.91465 421032
1 0.563027 0.527326 1.89615 421082
1 0.56307 0.510027 1.87884 421116
1 0.558761 0.49422 1.86612 421132
1 0.55391 0.481511 1.85197 421180
1 0.546348 0.471063 1.83679 421214
1 0.537613 0.458897 1.82478 421247
1 0.529965 0.451321 1.81446 421281
1 0.52042 0.442606 1.80404 421315
1 0.511587 0.434426 1.79804 421332
1 0.499974 0.42563 1.79412 421382
1 0.488649 0.419055 1.79062 421416
1 0.479017 0.412074 1.78716 421434
1 0.466041 0.404034 1.78281 421484
1 0.454996 0.394558 1.7781 421501
1 0.446008 0.385087 1.77532 421553
1 0.436075 0.375601 1.77227 421570
1 0.428073 0.364507 1.77214 421603
1 0.420391 0.353817 1.76938 421636
1 0.414076 0.339195 1.76997 421669
1 0.411129 0.322638 1.76821 421703
1 0.408197 0.307272 1.76466 421736
1 0.408496 0.291584 1.76229 421771
1 0.408012 0.275136 1.76068 421804
1 0.411764 0.258187 1.76231 421838
1 0.416721 0.246408 1.76626 421871
1 0.422027 0.234423 1.7688 421904
1 0.427716 0.223992 1.76898 421938
1 0.434465 0.214417 1.77159 421970
1 0.441289 0.207647 1.77475 422004
1 0.448362 0.19901 1.77631 422038
1 0.456662 0.193217 1.77848 422073
1 0.46509 0.188021 1.78239 422107
1 0.471905 0.186226 1.78328 422141
1 0.480326 0.184445 1.7896 422174
1 0.485716 0.18334 1.79 422206
1 0.493061 0.185273 1.79066 422240
1 0.496906 0.186613 1.79046 422274

2 0.539379 0.186533 1.88503 423676
2 0.541024 0.186909 1.88386 423708
2 0.544696 0.186308 1.88228 423742
2 0.549503 0.189562 1.8872 423775
2 0.557085 0.193276 1.89333 423807
2 0.564082 0.195305 1.89747 423840
2 0.57268 0.19806 1.90156 423874
2 0.579409 0.204495 1.90446 423908
2 0.587446 0.214144 1.90933 423942
2 0.594253 0.228582 1.91249 423974
2 0.598622 0.239234 1.91097 424007
2 0.60082 0.2536 1.90797 424042
2 0.602406 0.268501 1.90817 424074
2 0.599616 0.28594 1.8986 424105
2 0.599379 0.300766 1.90179 424139
2 0.593422 0.317107 1.88736 424171
2 0.584166 0.335321 1.87889 424203
2 0.57703 0.351885 1.87456 424235
2 0.566902 0.366821 1.86862 424285
2 0.550715 0.378755 1.85202 424318
2 0.535987 0.392345 1.84417 424350
2 0.519759 0.40185 1.84065 424383
2 0.506545 0.412325 1.83922 424417
2 0.493472 0.424197 1.84263 424449
2 0.480457 0.434867 1.84823 424483
2 0.471079 0.445675 1.85459 424515
2 0.461633 0.459425 1.86532 424548
2 0.450721 0.472422 1.87739 424582
2 0.44452 0.486962 1.88739 424615
2 0.440146 0.503033 1.89813 424649
2 0.438383 0.514394 1.91193 424683
2 0.437931 0.529858 1.92358 424715
2 0.438394 0.545569 1.93699 424749
2 0.443629 0.557928 1.94471 424781
2 0.447232 0.570563 1.96042 424815
2 0.455496 0.5832 1.97045 424849
2 0.465195 0.587311 1.97663 424882
2 0.474094 0.591802 1.98351 424915
2 0.485593 0.594029 1.99304 424947
2 0.498515 0.591673 1.99276 424980
2 0.51116 0.589292 1.99068 425013
2 0.524335 0.585413 1.98945 425046
2 0.537977 0.579259 1.9902 425079
2 0.551262 0.570368 1.98189 425112
2 0.560992 0.560102 1.97887 425145
2 0.571701 0.545963 1.97155 425177
2 0.57774 0.530445 1.9638 425209
2 0.580934 0.514327 1.95175 425243
2 0.585564 0.500872 1.93642 425276
2 0.587941 0.487028 1.92431 425310
2 0.585548 0.473316 1.9102 425343
2 0.580969 0.458247 1.89348 425377
2 0.574691 0.443616 1.87811 425411
2 0.568016 0.428588 1.86386 425445
2 0.56143 0.418388 1.85475 425480
2 0.551996 0.407745 1.84066 425514
2 0.544769 0.399076 1.83282 425549
2 0.536178 0.389334 1.8265 425582
2 0.525466 0.381605 1.81871 425614
2 0.515296 0.372136 1.81354 425649
2 0.502344 0.3652 1.81047 425683
2 0.490989 0.357578 1.80744 425715
2 0.481803 0.350783 1.80887 425750
2 0.471683 0.343903 1.80607 425783
2 0.460844 0.336274 1.80256 425817
2 0.455216 0.326176 1.79993 425851
2 0.451896 0.313631 1.79853 425885
2 0.450154 0.299192 1.79429 425917
2 0.449624 0.286518 1.79363 425951
2 0.450302 0.277067 1.79467 425984
2 0.453989 0.263171 1.79568 426017
2 0.456221 0.252627 1.791 426050
2 0.459528 0.241735 1.79447 426083
2 0.465479 0.229019 1.79483 426117
2 0.471548 0.215705 1.79885 426150
2 0.478357 0.205355 1.80254 426184
2 0.482506 0.199497 1.80242 426217
2 0.49067 0.193126 1.80644 426251
2 0.496154 0.186233 1.81016 426285
2 0.503757 0.181464 1.80985 426318
2 0.510255 0.179955 1.80965 426351
2 0.513832 0.179984 1.80828 426386
2 0.521259 0.179582 1.81132 426419
2 0.527743 0.18163 1.81553 426453
2 0.531856 0.187112 1.81703 426487
2 0.536382 0.189641 1.81882 426520
2 0.540612 0.194445 1.81658 426554
2 0.546537 0.199698 1.82105 426571
2 0.5507 0.203075 1.82134 426621
2 0.55365 0.206378 1.82174 426653

3 0.347667 0.278257 1.93436 427581
3 0.35267 0.273224 1.92578 427612
3 0.359519 0.269404 1.91298 427646
3 0.369925 0.267406 1.90122 427679
3 0.380412 0.268084 1.88991 427712
3 0.393751 0.268655 1.8821 427745
3 0.406438 0.269864 1.87357 427779
3 0.420953 0.273757 1.86912 427813
3 0.433525 0.282198 1.86222 427846
3 0.44574 0.297189 1.85502 427881
3 0.454428 0.313061 1.8493 427913
3 0.461437 0.329598 1.84649 427946
3 0.469098 0.350327 1.83972 427980
3 0.46882 0.368492 1.84091 428013
3 0.467126 0.386708 1.84003 428044
3 0.465899 0.405431 1.83722 428076
3 0.460778 0.421966 1.83218 428108
3 0.452091 0.438181 1.83465 428142
3 0.44142 0.448505 1.82965 428175
3 0.429323 0.460753 1.82714 428209
3 0.420417 0.468734 1.82892 428242
3 0.409924 0.477967 1.83229 428275
3 0.399445 0.486323 1.83058 428309
3 0.388615 0.495308 1.83626 428341
3 0.376153 0.505306 1.84519 428375
3 0.369237 0.513848 1.85819 428407
3 0.364982 0.526712 1.87024 428441
3 0.360701 0.539088 1.8868 428475
3 0.35689 0.552059 1.90069 428509
3 0.357611 0.563462 1.91802 428542
3 0.356944 0.575263 1.93335 428575
3 0.361353 0.58928 1.94858 428609
3 0.366344 0.598393 1.968 428641
3 0.373282 0.609165 1.97767 428676
3 0.38184 0.619766 1.9905 428710
3 0.392039 0.627394 1.99799 428744
3 0.40437 0.63419 2.0072 428777
3 0.417714 0.6382 2.01604 428809
3 0.430138 0.639239 2.02692 428842
3 0.442939 0.638176 2.03352 428876
3 0.458319 0.632244 2.02958 428909
3 0.473927 0.626562 2.02586 428942
3 0.488461 0.615626 2.01298 428976
3 0.500975 0.602248 2.00132 429009
3 0.511874 0.587221 1.98778 429042
3 0.520097 0.570218 1.97659 429074
3 0.525155 0.552334 1.96143 429107
3 0.52706 0.534206 1.9438 429158
3 0.527397 0.515685 1.92658 429174
3 0.522683 0.497701 1.91337 429207
3 0.51674 0.482008 1.89994 429256
3 0.508687 0.465575 1.88764 429289
3 0.49974 0.452916 1.87989 429306
3 0.488825 0.439005 1.87397 429355
3 0.476985 0.431341 1.87166 429389
3 0.463319 0.426378 1.87155 429406
3 0.451396 0.41825 1.86483 429457
3 0.437254 0.411358 1.86399 429473
3 0.422532 0.407996 1.86846 429507
3 0.410233 0.401364 1.86559 429558
3 0.397477 0.395137 1.86651 429576
3 0.38612 0.387364 1.86856 429609
3 0.376675 0.381461 1.86855 429643
3 0.367922 0.37291 1.86956 429677
3 0.360542 0.359857 1.87038 429712
3 0.35476 0.352115 1.87138 429745
3 0.350268 0.337358 1.86678 429778
3 0.347412 0.319896 1.86175 429813
3 0.345119 0.302512 1.86203 429845
3 0.344846 0.284117 1.86159 429879
3 0.346728 0.265832 1.8563 429913
3 0.350754 0.249094 1.85823 429948
3 0.354077 0.236867 1.86111 429981
3 0.360693 0.222057 1.86363 430015
3 0.368901 0.208254 1.86539 430050
3 0.37662 0.198445 1.86513 430083
3 0.385145 0.19174 1.86536 430117
3 0.395265 0.187058 1.86811 430151
3 0.401683 0.184836 1.86906 430185
3 0.408462 0.182328 1.86865 430219

4 0.610316 0.188237 1.81737 431781
4 0.614923 0.190033 1.81251 431814
4 0.623158 0.19213 1.81556 431848
4 0.628438 0.19259 1.8165 431881
4 0.634875 0.194523 1.82024 431915
4 0.640746 0.200028 1.82236 431949
4 0.649532 0.210038 1.82404 431982
4 0.658589 0.218109 1.83258 432015
4 0.666063 0.226276 1.83638 432048
4 0.670531 0.240561 1.83513 432080
4 0.67166 0.255374 1.8277 432113
4 0.673098 0.268081 1.8271 432146
4 0.67559 0.280113 1.82732 432179
4 0.67441 0.295475 1.81999 432211
4 0.671568 0.310259 1.80808 432243
4 0.668028 0.325861 1.79784 432293
4 0.662403 0.339268 1.78604 432309
4 0.657243 0.350929 1.77732 432357
4 0.649269 0.364559 1.76668 432391
4 0.639166 0.379031 1.75771 432409
4 0.627263 0.395113 1.74419 432459
4 0.614747 0.40859 1.74314 432493
4 0.60089 0.421882 1.73668 432511
4 0.59181 0.434071 1.73735 432560
4 0.579865 0.447243 1.7386 432577
4 0.572197 0.460502 1.74387 432611
4 0.561856 0.473066 1.75363 432660
4 0.554805 0.486207 1.76526 432694
4 0.550648 0.501257 1.78013 432710
4 0.548654 0.512131 1.79263 432761
4 0.549205 0.526003 1.80364 432777
4 0.547735 0.538394 1.81453 432810
4 0.550505 0.549405 1.8253 432861
4 0.557312 0.557255 1.84256 432877
4 0.563769 0.564656 1.85678 432911
4 0.571164 0.571086 1.86607 432960
4 0.580974 0.575271 1.87538 432977
4 0.592821 0.577451 1.88883 433011
4 0.603904 0.575799 1.89728 433045
4 0.616862 0.571383 1.90284 433079
4 0.629109 0.563045 1.90227 433112
4 0.640603 0.553574 1.89439 433146
4 0.648721 0.542756 1.88154 433179
4 0.655831 0.526742 1.86781 433213
4 0.66139 0.511863 1.8559 433247
4 0.662899 0.497541 1.84535 433280
4 0.659997 0.482109 1.83001 433313
4 0.656652 0.471696 1.81722 433347
4 0.649237 0.458294 1.80681 433381
4 0.643291 0.444217 1.79458 433415
4 0.634067 0.435245 1.78262 433449
4 0.620475 0.426697 1.77216 433481
4 0.608974 0.419287 1.76662 433515
4 0.595098 0.413237 1.76104 433548
4 0.580547 0.406467 1.75705 433582
4 0.566692 0.402678 1.75039 433615
4 0.553131 0.393839 1.74327 433649
4 0.540397 0.387861 1.73871 433683
4 0.528255 0.378697 1.74049 433717
4 0.519436 0.371815 1.74623 433751
4 0.511061 0.362181 1.74987 433785
4 0.50633 0.350791 1.75437 433818
4 0.504202 0.337513 1.75409 433852
4 0.503085 0.322358 1.75769 433886
4 0.502834 0.306894 1.75873 433919
4 0.506454 0.291332 1.76149 433951
4 0.509497 0.279901 1.7629 433986
4 0.514973 0.266789 1.76476 434018
4 0.520835 0.254247 1.76373 434052
4 0.528604 0.24492 1.76682 434086
4 0.537942 0.238731 1.77217 434120
4 0.546503 0.235084 1.77307 434154
4 0.55885 0.229564 1.77929 434187
4 0.571131 0.228242 1.78891 434222
4 0.581562 0.22956 1.79267 434255
4 0.591803 0.235694 1.79676 434288
4 0.601533 0.238952 1.80092 434322
4 0.610076 0.242481 1.80475 434356
4 0.615202 0.249316 1.80858 434391
4 0.621165 0.254239 1.8075 434423
4 0.625617 0.256791 1.80927 434456

5 0.345124 0.389303 2.00403 435990
5 0.344645 0.384586 1.99437 436024
5 0.344174 0.377907 1.98346 436058
5 0.345578 0.370353 1.97135 436092
5 0.35002 0.36341 1.95732 436125
5 0.354317 0.353844 1.94585 436159
5 0.359595 0.341866 1.93337 436193
5 0.368825 0.333826 1.92197 436227
5 0.380927 0.323395 1.90839 436261
5 0.39002 0.315728 1.89977 436295
5 0.401336 0.310938 1.89444 436312
5 0.412966 0.308511 1.88879 436362
5 0.4251 0.306601 1.8886 436396
5 0.436837 0.311268 1.88432 436413
5 0.447045 0.316736 1.88444 436448
5 0.454617 0.325317 1.88627 436481
5 0.459912 0.338343 1.88888 436513
5 0.464607 0.348864 1.88621 436564
5 0.468049 0.360005 1.88716 436580
5 0.46857 0.374737 1.88713 436614
5 0.467878 0.388839 1.88903 436648
5 0.46673 0.405338 1.89066 436682
5 0.460907 0.422261 1.89424 436716
5 0.456491 0.439511 1.89511 436749
5 0.448702 0.454626 1.8961 436782
5 0.440735 0.468101 1.90723 436815
5 0.432728 0.481041 1.90363 436849
5 0.421907 0.492155 1.89975 436883
5 0.410936 0.505603 1.91181 436917
5 0.394336 0.519118 1.92366 436951
5 0.386012 0.528476 1.944 436985
5 0.380108 0.539463 1.96292 437020
5 0.37191 0.54811 1.98733 437053
5 0.368354 0.559643 2.01054 437088
5 0.366277 0.57163 2.02436 437121
5 0.366731 0.580593 2.04125 437155
5 0.368169 0.592741 2.05744 437189
5 0.375488 0.602723 2.07262 437223
5 0.378887 0.613106 2.09077 437255
5 0.385506 0.621228 2.10364 437288
5 0.391671 0.627339 2.1127 437322
5 0.402994 0.630683 2.11773 437355
5 0.416361 0.638497 2.11877 437388
5 0.42869 0.643636 2.12311 437421
5 0.439822 0.645947 2.1252 437454
5 0.4521 0.646164 2.12413 437487
5 0.465326 0.646322 2.12203 437521
5 0.480461 0.642751 2.11784 437556
5 0.492642 0.63616 2.10091 437588
5 0.504684 0.624952 2.08273 437622
5 0.515276 0.612023 2.06162 437655
5 0.52353 0.597158 2.04364 437688
5 0.526043 0.580844 2.02742 437721
5 0.529197 0.562987 2.00959 437755
5 0.528766 0.544376 1.9919 437788
5 0.523615 0.5282 1.98066 437822
5 0.515498 0.513536 1.97483 437856
5 0.508314 0.499479 1.96883 437889
5 0.499242 0.485921 1.96143 437923
5 0.489008 0.473811 1.95788 437957
5 0.476987 0.465841 1.95087 437990
5 0.467344 0.459421 1.94914 438023
5 0.455655 0.455547 1.94787 438058
5 0.445679 0.454525 1.94689 438090
5 0.43361 0.448842 1.95278 438124
5 0.422077 0.444118 1.95499 438158
5 0.412055 0.443136 1.95413 438192
5 0.402587 0.441212 1.96033 438225
5 0.392477 0.440216 1.9643 438257
5 0.38503 0.435251 1.97186 438291
5 0.375962 0.430241 1.97778 438323
5 0.369166 0.424693 1.97671 438355
5 0.359583 0.417744 1.98551 438389
5 0.35124 0.410984 1.9933 438421
5 0.346485 0.406393 1.99694 438454
5 0.341988 0.397601 2.00084 438486
5 0.338638 0.387193 1.99844 438519
5 0.336323 0.377714 2.00155 438551
5 0.335048 0.368727 2.00245 438586
5 0.335275 0.359463 2.00096 438619
5 0.335683 0.353276 1.99797 438653

6 0.562641 0.140509 1.86441 439828
6 0.569993 0.138373 1.86224 439862
6 0.578734 0.135969 1.86538 439895
6 0.585981 0.136415 1.86431 439929
6 0.595069 0.137346 1.86819 439961
6 0.602925 0.136788 1.86583 439994
6 0.611758 0.141358 1.86772 440026
6 0.625001 0.142828 1.88233 440059
6 0.634982 0.14695 1.88001 440091
6 0.644372 0.156435 1.8782 440125
6 0.654424 0.166419 1.88816 440159
6 0.662894 0.171369 1.89627 440191
6 0.672937 0.189205 1.89416 440224
6 0.676054 0.207488 1.89144 440258
6 0.677866 0.221081 1.88257 440292
6 0.67793 0.237727 1.87258 440326
6 0.677024 0.252858 1.86057 440360
6 0.676279 0.269414 1.85486 440394
6 0.67519 0.28692 1.84356 440427
6 0.67048 0.295446 1.82283 440459
6 0.659567 0.309523 1.81043 440493
6 0.649654 0.320849 1.80194 440527
6 0.640137 0.33095 1.79465 440562
6 0.628965 0.338436 1.78206 440595
6 0.617077 0.341859 1.7766 440629
6 0.604365 0.348789 1.77039 440663
6 0.586453 0.357393 1.76363 440697
6 0.570344 0.365404 1.76485 440731
6 0.554718 0.37438 1.76144 440765
6 0.541212 0.385536 1.76186 440782
6 0.529802 0.39571 1.75236 440833
6 0.519829 0.410569 1.76235 440867
6 0.508064 0.424068 1.77727 440884
6 0.499436 0.438653 1.78742 440935
6 0.490173 0.451584 1.80222 440951
6 0.483084 0.465385 1.81313 440985
6 0.480092 0.479004 1.82442 441019
6 0.478766 0.493531 1.83734 441053
6 0.480687 0.505633 1.84769 441087
6 0.484158 0.517355 1.8521 441121
6 0.49078 0.53179 1.86339 441154
6 0.496048 0.542039 1.87357 441189
6 0.504893 0.551529 1.87888 441222
6 0.516214 0.557181 1.88698 441257
6 0.528128 0.560486 1.89174 441290
6 0.540479 0.56203 1.89706 441323
6 0.553321 0.557079 1.90374 441356
6 0.565782 0.552429 1.90546 441389
6 0.578289 0.543266 1.90445 441422
6 0.589361 0.531087 1.89996 441456
6 0.597431 0.514245 1.89171 441488
6 0.605155 0.497518 1.88788 441521
6 0.606559 0.479431 1.87313 441554
6 0.609273 0.461327 1.86321 441586
6 0.607293 0.443755 1.84783 441619
6 0.603569 0.426715 1.83344 441652
6 0.596948 0.410538 1.8219 441686
6 0.592244 0.394759 1.80939 441719
6 0.585871 0.379873 1.80321 441752
6 0.576611 0.370289 1.79263 441785
6 0.565382 0.359839 1.78457 441834
6 0.553342 0.353909 1.77672 441851
6 0.543198 0.345346 1.77558 441901
6 0.528909 0.337858 1.77074 441933
6 0.516786 0.328317 1.77084 441965
6 0.50822 0.318033 1.77248 441999
6 0.499372 0.304858 1.77975 442033
6 0.491567 0.294627 1.78584 442067
6 0.486464 0.281447 1.79021 442100
6 0.482068 0.269289 1.79371 442133
6 0.479953 0.259441 1.79885 442165
6 0.479492 0.248103 1.8051 442199
6 0.481829 0.234368 1.81033 442231
6 0.485004 0.223709 1.81415 442264
6 0.490699 0.215306 1.81726 442298
6 0.49608 0.210605 1.81864 442333
6 0.503359 0.205378 1.8216 442350
6 0.509137 0.200254 1.82022 442399
6 0.516955 0.195127 1.82191 442432
6 0.523772 0.193991 1.8198 442463
6 0.527379 0.193246 1.81866 442497
6 0.532737 0.192096 1.81624 442531
6 0.536263 0.192224 1.81447 442564
6 0.540678 0.192152 1.81685 442597
6 0.544898 0.190222 1.81863 442632
6 0.55251 0.185093 1.82213 442665
6 0.558686 0.182599 1.82597 442698
6 0.563499 0.177693 1.82869 442732
6 0.566673 0.1764 1.82655 442766
6 0.569098 0.174857 1.82977 442798
6 0.572966 0.170501 1.82822 442831
6 0.577672 0.163737 1.83744 442864
6 0.580331 0.158013 1.84723 442896
6 0.582554 0.154045 1.85334 442928
6 0.583738 0.153434 1.85274 442960
6 0.589436 0.149804 1.86235 442994
6 0.593592 0.147696 1.87123 443028
6 0.59578 0.147201 1.87129 443061

7 0.296592 0.35708 2.0251 444366
7 0.297644 0.352704 2.01615 444400
7 0.300267 0.345757 2.00734 444434
7 0.306043 0.339384 1.99749 444468
7 0.313725 0.328408 1.99321 444502
7 0.324051 0.319433 1.98696 444536
7 0.333589 0.315056 1.98271 444569
7 0.344327 0.314534 1.97323 444586
7 0.355632 0.314628 1.96338 444638
7 0.365281 0.315236 1.95373 444654
7 0.376261 0.322267 1.94968 444688
7 0.384441 0.333173 1.94657 444722
7 0.391673 0.34303 1.94367 444756
7 0.396297 0.355714 1.94095 444790
7 0.39752 0.368696 1.94176 444823
7 0.397605 0.383378 1.94098 444857
7 0.392783 0.400133 1.94173 444891
7 0.38842 0.416182 1.941 444924
7 0.378123 0.432437 1.95002 444958
7 0.367355 0.443855 1.95816 444992
7 0.356427 0.45443 1.96322 445026
7 0.347049 0.464712 1.97491 445060
7 0.330176 0.478249 1.98204 445094
7 0.317902 0.485158 1.99608 445128
7 0.306485 0.49641 2.01624 445162
7 0.299111 0.509818 2.03017 445196
7 0.294147 0.519479 2.04757 445230
7 0.291215 0.526292 2.06535 445264
7 0.290769 0.534032 2.0833 445296
7 0.295809 0.542044 2.09213 445329
7 0.299712 0.556847 2.10264 445361
7 0.309198 0.567093 2.10862 445394
7 0.32156 0.575969 2.11466 445427
7 0.333822 0.583106 2.11682 445461
7 0.346923 0.587539 2.11239 445495
7 0.356993 0.591085 2.11539 445529
7 0.368555 0.596838 2.11037 445561
7 0.382663 0.601055 2.10237 445594
7 0.397176 0.601835 2.09213 445627
7 0.407548 0.599507 2.07984 445661
7 0.418487 0.594131 2.06977 445694
7 0.427735 0.589373 2.04934 445729
7 0.436399 0.582843 2.02853 445761
7 0.441446 0.57243 2.00608 445794
7 0.444595 0.562136 1.98949 445827
7 0.445048 0.549597 1.97252 445859
7 0.443003 0.5406 1.96044 445892
7 0.440212 0.527401 1.94675 445924
7 0.435106 0.515943 1.93818 445956
7 0.430028 0.506374 1.92776 446006
7 0.423872 0.494621 1.91729 446022
7 0.416698 0.484911 1.91676 446055
7 0.406037 0.478742 1.92152 446089
7 0.399023 0.469134 1.92276 446123
7 0.388907 0.45868 1.921 446156
7 0.379203 0.450009 1.92487 446204
7 0.368795 0.441557 1.93151 446237
7 0.360794 0.434101 1.93451 446253
7 0.353062 0.427846 1.93681 446303
7 0.344885 0.423589 1.94519 446336
7 0.338691 0.418158 1.95407 446369
7 0.333187 0.411953 1.96353 446402
7 0.326649 0.406226 1.96798 446435
7 0.320491 0.40441 1.98124 446470
7 0.317262 0.396707 1.9817 446503
7 0.311992 0.391353 1.98764 446521
7 0.307717 0.383635 1.99199 446553
7 0.306758 0.379079 1.99425 446603
7 0.303789 0.373318 1.99304 446636
7 0.301576 0.369657 1.99543 446670
7 0.302294 0.362827 1.997 446703
7 0.301495 0.356132 1.99736 446737
7 0.304055 0.351784 1.99815 446770
7 0.305136 0.343572 1.99762 446803
7 0.307605 0.336864 1.99686 446835
7 0.309976 0.33358 1.99404 446868
7 0.314425 0.326756 1.99193 446901

8 0.497179 0.207552 1.95003 448026
8 0.500841 0.206929 1.94476 448060
8 0.503848 0.207819 1.93604 448094
8 0.509344 0.210656 1.92955 448128
8 0.515755 0.21097 1.92445 448162
8 0.526309 0.210178 1.92823 448195
8 0.535972 0.208963 1.93087 448229
8 0.545148 0.215491 1.93607 448263
8 0.552504 0.220543 1.93111 448296
8 0.561596 0.229714 1.92785 448329
8 0.571249 0.239837 1.92301 448363
8 0.574212 0.251903 1.91798 448397
8 0.579058 0.264828 1.91592 448431
8 0.581469 0.277594 1.91594 448464
8 0.58301 0.292843 1.91497 448498
8 0.579124 0.305653 1.90284 448532
8 0.575146 0.318874 1.8936 448565
8 0.567903 0.334023 1.88798 448598
8 0.557285 0.344958 1.87947 448633
8 0.548322 0.35383 1.86776 448666
8 0.539818 0.362257 1.85966 448700
8 0.530413 0.374329 1.84974 448734
8 0.518261 0.385571 1.8462 448767
8 0.50574 0.395037 1.84585 448802
8 0.494273 0.407851 1.85006 448835
8 0.483741 0.422242 1.85564 448869
8 0.473724 0.434667 1.86641 448902
8 0.469037 0.445968 1.87133 448935
8 0.46408 0.461141 1.88623 448969
8 0.459494 0.474346 1.90426 449003
8 0.459211 0.491163 1.91593 449036
8 0.46009 0.502455 1.92627 449069
8 0.462481 0.51434 1.93663 449103
8 0.464242 0.52908 1.94596 449136
8 0.469708 0.544132 1.95687 449170
8 0.475836 0.552749 1.96893 449203
8 0.482784 0.56278 1.97511 449236
8 0.490682 0.570382 1.97898 449269
8 0.501007 0.575473 1.98454 449302
8 0.512131 0.578389 1.98291 449336
8 0.524763 0.579303 1.9831 449369
8 0.537614 0.577945 1.98403 449403
8 0.552978 0.572225 1.98169 449436
8 0.566429 0.565433 1.98075 449470
8 0.579006 0.555484 1.9761 449502
8 0.588637 0.543668 1.96735 449535
8 0.59673 0.527508 1.96296 449568
8 0.603441 0.512249 1.9547 449600
8 0.608043 0.491711 1.94387 449635
8 0.609158 0.47525 1.93214 449668
8 0.609875 0.453485 1.92075 449701
8 0.609327 0.4319 1.91233 449734
8 0.604118 0.413938 1.90281 449767
8 0.598982 0.400701 1.89646 449800
8 0.590934 0.38644 1.89407 449833
8 0.582212 0.374488 1.8873 449866
8 0.574916 0.364375 1.88651 449899
8 0.560501 0.358658 1.87989 449934
8 0.545709 0.357036 1.87752 449967
8 0.535477 0.351839 1.8785 450001
8 0.526402 0.34539 1.88459 450033
8 0.517672 0.341505 1.88707 450067
8 0.504938 0.337227 1.89962 450098
8 0.495872 0.334905 1.90864 450131
8 0.486402 0.334193 1.91689 450166
8 0.476022 0.334043 1.92415 450199
8 0.466969 0.330194 1.92601 450232
8 0.457997 0.324614 1.92809 450266
8 0.451921 0.319428 1.92993 450299
8 0.448261 0.312335 1.93535 450332
8 0.446948 0.301026 1.93457 450364
8 0.445568 0.294014 1.93575 450397
8 0.44519 0.28345 1.93845 450430
8 0.446917 0.273582 1.93987 450463
8 0.450415 0.264474 1.93844 450496
8 0.455619 0.255455 1.94104 450528
8 0.463084 0.245613 1.94187 450560
8 0.469813 0.236129 1.94268 450592
8 0.47742 0.226119 1.94391 450626
8 0.48411 0.218627 1.93729 450660
8 0.491182 0.212995 1.93299 450693
8 0.496199 0.20995 1.93085 450726
8 0.503797 0.203264 1.93303 450774
8 0.5147 0.197206 1.9378 450808
8 0.521591 0.191486 1.93944 450824
8 0.527338 0.187494 1.94289 450874
8 0.530894 0.186588 1.94187 450908
8 0.537644 0.18618 1.94223 450924
8 0.542443 0.185175 1.94373 450975
8 0.54513 0.184302 1.94529 450992
8 0.546718 0.185009 1.94274 451025
8 0.547348 0.186509 1.93859 451060
8 0.547533 0.186188 1.9431 451092
8 0.547428 0.187141 1.93996 451125
8 0.547299 0.187134 1.94223 451176
8 0.54579 0.188433 1.94699 451192

9 0.63863 0.280552 1.95816 452772
9 0.641078 0.278036 1.9572 452805
9 0.647774 0.27784 1.95738 452838
9 0.652628 0.276767 1.95886 452872
9 0.658239 0.278146 1.95618 452905
9 0.663671 0.277859 1.95704 452939
9 0.672109 0.275404 1.96353 452972
9 0.678606 0.281355 1.96471 453006
9 0.682601 0.286626 1.96783 453039
9 0.687925 0.294881 1.9659 453073
9 0.687375 0.309066 1.96159 453107
9 0.686973 0.318977 1.96484 453140
9 0.686423 0.331362 1.96345 453172
9 0.685258 0.338787 1.95931 453205
9 0.683421 0.353031 1.95425 453237
9 0.677311 0.367247 1.94015 453270
9 0.671295 0.381964 1.92851 453303
9 0.661965 0.394868 1.92453 453335
9 0.651671 0.407036 1.91463 453369
9 0.640231 0.422218 1.90676 453401
9 0.626445 0.436149 1.89935 453435
9 0.612601 0.450469 1.89203 453468
9 0.599077 0.462181 1.88055 453502
9 0.584762 0.475206 1.87921 453536
9 0.570543 0.488264 1.87628 453569
9 0.556016 0.502398 1.88026 453601
9 0.544091 0.515452 1.88903 453634
9 0.534414 0.525298 1.8996 453667
9 0.527112 0.535775 1.90661 453700
9 0.523597 0.550538 1.91893 453733
9 0.52035 0.561551 1.94076 453767
9 0.522373 0.573849 1.95833 453801
9 0.525576 0.587139 1.97069 453835
9 0.531769 0.596729 1.98589 453868
9 0.536933 0.606495 1.99647 453901
9 0.546812 0.614152 2.00695 453935
9 0.559049 0.618873 2.01334 453967
9 0.571973 0.621166 2.01712 454001
9 0.586178 0.622159 2.01978 454033
9 0.602539 0.619025 2.02123 454067
9 0.617794 0.612857 2.01798 454099
9 0.629844 0.601843 2.01237 454131
9 0.639789 0.593508 2.00342 454163
9 0.649957 0.579872 1.99069 454196
9 0.663039 0.559226 1.97554 454229
9 0.670669 0.537813 1.96108 454279
9 0.674344 0.517394 1.94779 454295
9 0.674509 0.498666 1.93414 454328
9 0.672389 0.478981 1.91944 454378
9 0.668208 0.462659 1.90722 454411
9 0.66235 0.447681 1.8971 454427
9 0.654244 0.43548 1.88799 454477
9 0.643597 0.421344 1.88198 454511
9 0.631472 0.41018 1.87472 454528
9 0.620148 0.401578 1.87022 454578
9 0.60834 0.396377 1.86679 454595
9 0.594359 0.391932 1.86373 454628
9 0.581858 0.384945 1.86048 454679
9 0.570109 0.375976 1.85908 454696
9 0.561662 0.367528 1.8622 454729
9 0.55198 0.362049 1.86534 454779
9 0.542922 0.353392 1.86692 454796
9 0.535789 0.346927 1.86905 454830
9 0.529231 0.338748 1.87267 454863
9 0.522777 0.331741 1.87321 454896
9 0.520121 0.320899 1.87682 454946
9 0.521739 0.307906 1.88302 454963
9 0.525205 0.29795 1.88391 454996
9 0.528301 0.29223 1.88515 455046
9 0.534029 0.287768 1.88863 455063
9 0.539998 0.282394 1.89273 455096
9 0.548054 0.27603 1.89865 455147
9 0.553592 0.271444 1.90121 455163
9 0.561402 0.26971 1.90213 455198
9 0.566623 0.2702 1.90163 455231
9 0.575045 0.269387 1.90289 455265
9 0.583997 0.263224 1.90754 455298
9 0.591073 0.263585 1.90796 455332
9 0.600894 0.264491 1.90988 455366
9 0.608085 0.26578 1.91224 455400
9 0.614116 0.270468 1.91247 455435
9 0.620624 0.270614 1.91265 455468
9 0.623132 0.275158 1.9105 455502
9 0.62583 0.281015 1.90382 455536
9 0.631634 0.282477 1.9094 455570
9 0.634598 0.283109 1.90722 455604
9 0.638707 0.283823 1.91101 455638
9 0.641028 0.284704 1.91485 455672
9 0.645898 0.282826 1.91941 455706
9 0.648471 0.281774 1.91467 455740
9 0.651456 0.282274 1.9116 455774
9 0.653053 0.284105 1.90718 455809
9 0.654142 0.284814 1.90912 455842
9 0.654657 0.285175 1.91009 455876

