Gesto: 8
0 0.56905 0.223937 1.73577 529034
0 0.570016 0.22328 1.73311 529068
0 0.570777 0.22496 1.73691 529085
0 0.571268 0.220897 1.7389 529134
0 0.570213 0.216099 1.73611 529168
0 0.568684 0.212568 1.73562 529185
0 0.567107 0.210303 1.73688 529236
0 0.563199 0.209572 1.73759 529252
0 0.559988 0.208516 1.74048 529286
0 0.558242 0.20814 1.74041 529337
0 0.556652 0.207094 1.74502 529354
0 0.554226 0.209087 1.73932 529388
0 0.551609 0.213245 1.73701 529422
0 0.548792 0.218165 1.73298 529454
0 0.547143 0.220852 1.73052 529486
0 0.548757 0.228568 1.73131 529534
0 0.550114 0.234206 1.73149 529568
0 0.552163 0.238151 1.7268 529601
0 0.554133 0.240315 1.72434 529635
0 0.555375 0.24117 1.72325 529652
0 0.556034 0.24154 1.7225 529686
0 0.559858 0.243644 1.71776 529720
0 0.562392 0.245231 1.71805 529755
0 0.56489 0.250512 1.71706 529788
0 0.570242 0.25437 1.71448 529821
0 0.574222 0.256638 1.71207 529855
0 0.575502 0.259764 1.71187 529888
0 0.577995 0.265588 1.7143 529922
0 0.579381 0.270042 1.71546 529956
0 0.580197 0.272663 1.71729 529990
0 0.580247 0.28038 1.71491 530023
0 0.580467 0.286322 1.7115 530056
0 0.579473 0.291585 1.71574 530090
0 0.578711 0.298655 1.71109 530123
0 0.575929 0.305135 1.70389 530155
0 0.571611 0.308292 1.70209 530189
0 0.56941 0.3098 1.70154 530223
0 0.567212 0.31124 1.70056 530257
0 0.565648 0.312196 1.69569 530290
0 0.564839 0.31144 1.69644 530324
0 0.563207 0.305493 1.69424 530357
0 0.562109 0.301017 1.69376 530391
0 0.562627 0.297022 1.69369 530425
0 0.562948 0.290759 1.69129 530459
0 0.565003 0.284523 1.69209 530493
0 0.565505 0.276054 1.68802 530526
0 0.566608 0.269978 1.6867 530559
0 0.569064 0.263284 1.6872 530593
0 0.571373 0.258187 1.68727 530627
0 0.572094 0.255345 1.69136 530661
0 0.573769 0.251335 1.69238 530694
0 0.573599 0.2492 1.6968 530727
0 0.572936 0.244381 1.69954 530760
0 0.574195 0.23889 1.69778 530792
0 0.572401 0.236369 1.70223 530826
0 0.571421 0.232236 1.70439 530858
0 0.570262 0.230287 1.70745 530892
0 0.569928 0.228924 1.71262 530924
0 0.568927 0.228813 1.71295 530958
0 0.569486 0.230409 1.71403 530991
0 0.570008 0.231625 1.71557 531023

1 0.642734 0.240633 1.71765 532459
1 0.641195 0.242099 1.71476 532494
1 0.640569 0.242533 1.71585 532526
1 0.636143 0.242251 1.7164 532560
1 0.634025 0.241195 1.71669 532594
1 0.632446 0.240992 1.71771 532629
1 0.630371 0.241803 1.71945 532661
1 0.629003 0.242605 1.71815 532694
1 0.628203 0.244626 1.7192 532728
1 0.629362 0.249592 1.71787 532762
1 0.630608 0.253068 1.71403 532796
1 0.631652 0.25844 1.71104 532830
1 0.636401 0.264377 1.71109 532863
1 0.63933 0.268652 1.70989 532897
1 0.641843 0.274098 1.71051 532931
1 0.64519 0.281514 1.71177 532965
1 0.648466 0.286625 1.70863 533000
1 0.648413 0.290276 1.70895 533031
1 0.646447 0.294028 1.70723 533065
1 0.645898 0.299792 1.70817 533098
1 0.642869 0.303422 1.71004 533133
1 0.640311 0.305177 1.70921 533167
1 0.637078 0.305986 1.71058 533201
1 0.634201 0.302688 1.70812 533235
1 0.632841 0.299325 1.70961 533268
1 0.63286 0.295898 1.70854 533302
1 0.631923 0.289796 1.70953 533335
1 0.633206 0.284519 1.70678 533369
1 0.63555 0.280943 1.7085 533402
1 0.636331 0.275549 1.70915 533436
1 0.638146 0.269123 1.70874 533469
1 0.639951 0.26146 1.70492 533503
1 0.64206 0.256277 1.70518 533537
1 0.644961 0.251847 1.70814 533570
1 0.646329 0.249097 1.7093 533587
1 0.647782 0.244247 1.71201 533637
1 0.648116 0.240238 1.71344 533671
1 0.6476 0.235087 1.71505 533705
1 0.646788 0.231839 1.71825 533739
1 0.646476 0.229952 1.7198 533755
1 0.64507 0.227192 1.72364 533804
1 0.644794 0.225372 1.72404 533823

2 0.703179 0.218989 1.72783 536033
2 0.703296 0.22053 1.72866 536067
2 0.703288 0.221455 1.72933 536100
2 0.702754 0.222511 1.72505 536134
2 0.702059 0.223649 1.72257 536168
2 0.701025 0.22474 1.72171 536202
2 0.699636 0.226545 1.71978 536236
2 0.698743 0.226302 1.72247 536270
2 0.698019 0.226854 1.72027 536304
2 0.696862 0.228081 1.71856 536338
2 0.698541 0.229821 1.71867 536372
2 0.699375 0.234981 1.71597 536406
2 0.702115 0.238394 1.71725 536440
2 0.704163 0.241201 1.71747 536474
2 0.707479 0.244005 1.71643 536492
2 0.70948 0.249544 1.71767 536541
2 0.710778 0.253692 1.71809 536574
2 0.713148 0.260483 1.72054 536591
2 0.715967 0.266056 1.72289 536641
2 0.718181 0.269737 1.72203 536658
2 0.719212 0.272453 1.72019 536691
2 0.719206 0.278831 1.72101 536742
2 0.718046 0.280581 1.72556 536759
2 0.716909 0.286738 1.72271 536792
2 0.714472 0.289124 1.71797 536842
2 0.712527 0.292175 1.71839 536860
2 0.710093 0.294774 1.7177 536892
2 0.707717 0.29598 1.71723 536926
2 0.7066 0.2967 1.71548 536960
2 0.706015 0.297044 1.71388 536993
2 0.705748 0.294526 1.7131 537027
2 0.703495 0.292128 1.70945 537061
2 0.702857 0.287772 1.7114 537094
2 0.703297 0.283309 1.70819 537127
2 0.702656 0.279075 1.70725 537161
2 0.703268 0.277691 1.70593 537196
2 0.703461 0.273496 1.7073 537229
2 0.70264 0.270781 1.70652 537263
2 0.703538 0.266864 1.70718 537296
2 0.704144 0.26513 1.70642 537330
2 0.705275 0.258623 1.70535 537363
2 0.707604 0.253391 1.70458 537397
2 0.709196 0.249768 1.70652 537430
2 0.711445 0.246409 1.70841 537464
2 0.711643 0.245403 1.70996 537498
2 0.711197 0.241204 1.70714 537532
2 0.711147 0.236167 1.7062 537566
2 0.711462 0.232359 1.706 537599
2 0.711201 0.230401 1.70745 537633
2 0.710369 0.230033 1.7101 537667
2 0.709099 0.229457 1.71372 537700
2 0.707169 0.229465 1.71411 537733

3 0.488078 0.24559 1.71249 540569
3 0.487123 0.244221 1.71151 540603
3 0.485762 0.243416 1.71489 540637
3 0.484961 0.243025 1.71674 540671
3 0.48375 0.243345 1.71478 540703
3 0.480576 0.244993 1.71934 540737
3 0.476566 0.249595 1.72264 540771
3 0.474414 0.253418 1.72261 540805
3 0.473235 0.255565 1.7217 540838
3 0.473929 0.259018 1.71726 540872
3 0.473153 0.264272 1.72001 540906
3 0.47646 0.27001 1.71889 540940
3 0.478755 0.274491 1.71605 540974
3 0.480048 0.277141 1.70885 541008
3 0.481896 0.281688 1.70617 541042
3 0.487066 0.286238 1.7092 541076
3 0.491926 0.291161 1.70756 541109
3 0.494559 0.298107 1.70511 541143
3 0.497063 0.301302 1.70559 541177
3 0.498647 0.303553 1.70365 541211
3 0.49917 0.304898 1.69898 541245
3 0.502518 0.311288 1.69408 541262
3 0.504005 0.315302 1.70009 541313
3 0.502466 0.32077 1.70144 541330
3 0.499475 0.323273 1.70444 541363
3 0.496628 0.325413 1.69961 541413
3 0.496754 0.329797 1.698 541430
3 0.493917 0.328761 1.70299 541464
3 0.490706 0.325947 1.70154 541499
3 0.488666 0.323658 1.7002 541532
3 0.487216 0.322291 1.69942 541567
3 0.486881 0.316877 1.6939 541599
3 0.486297 0.312965 1.69114 541632
3 0.485976 0.310435 1.69422 541665
3 0.486068 0.309523 1.69476 541699
3 0.486466 0.303467 1.69342 541733
3 0.48744 0.298135 1.69205 541765
3 0.488804 0.297057 1.69209 541798
3 0.490169 0.292493 1.68896 541832
3 0.492371 0.289151 1.68627 541865
3 0.494876 0.285471 1.67877 541899
3 0.49626 0.282831 1.67826 541931
3 0.496892 0.280914 1.68008 541963
3 0.496992 0.275533 1.68294 541997
3 0.49724 0.271026 1.68088 542031
3 0.497289 0.267698 1.68085 542080
3 0.497075 0.265944 1.67961 542098
3 0.496051 0.261486 1.67913 542130
3 0.495401 0.258085 1.68116 542179
3 0.494809 0.255896 1.68189 542213
3 0.494448 0.254327 1.68453 542229
3 0.494196 0.25378 1.68406 542280
3 0.493332 0.252802 1.68487 542312

4 0.53546 0.29061 1.71669 544101
4 0.533828 0.2897 1.71735 544135
4 0.532845 0.290051 1.71706 544169
4 0.528632 0.289234 1.71541 544203
4 0.525092 0.289211 1.71429 544237
4 0.52294 0.289504 1.7101 544271
4 0.523767 0.294341 1.71016 544304
4 0.526865 0.299164 1.70845 544337
4 0.528498 0.303437 1.70614 544371
4 0.533592 0.310766 1.70481 544404
4 0.536588 0.311471 1.70102 544438
4 0.539741 0.314812 1.7024 544470
4 0.543288 0.318884 1.70686 544504
4 0.548522 0.32539 1.7089 544538
4 0.552431 0.32969 1.71035 544572
4 0.553493 0.333903 1.71365 544605
4 0.554339 0.340278 1.71779 544639
4 0.557544 0.344144 1.71684 544673
4 0.558856 0.348729 1.71976 544705
4 0.559199 0.352408 1.72214 544739
4 0.557939 0.357304 1.72347 544773
4 0.557179 0.360366 1.72626 544807
4 0.556515 0.362551 1.72603 544841
4 0.553037 0.364965 1.72726 544874
4 0.549408 0.365297 1.7254 544907
4 0.546747 0.365053 1.72698 544939
4 0.54476 0.365408 1.72595 544973
4 0.543859 0.365186 1.72572 545007
4 0.542792 0.362031 1.72531 545039
4 0.541486 0.360169 1.72518 545072
4 0.54085 0.357977 1.72128 545105
4 0.541462 0.355191 1.71229 545137
4 0.542225 0.352788 1.71099 545171
4 0.542158 0.34808 1.71126 545204
4 0.54259 0.343312 1.70367 545238
4 0.542944 0.339768 1.69944 545272
4 0.544669 0.336837 1.70522 545303
4 0.546322 0.33233 1.70345 545337
4 0.546436 0.327801 1.70349 545371
4 0.549263 0.325106 1.70165 545405
4 0.5505 0.320323 1.69915 545439
4 0.55295 0.316216 1.69773 545472
4 0.553517 0.312104 1.69659 545506
4 0.552623 0.309582 1.6952 545540
4 0.551892 0.305213 1.69364 545574
4 0.549628 0.301487 1.69516 545608
4 0.547171 0.297602 1.69161 545640
4 0.545776 0.294749 1.69475 545674
4 0.543636 0.290435 1.69083 545707
4 0.541078 0.285998 1.69717 545742
4 0.541007 0.284288 1.69625 545775
4 0.540646 0.283274 1.69372 545809
4 0.539685 0.286576 1.69639 545844
4 0.536325 0.284956 1.69737 545876

5 0.608757 0.286018 1.71863 547602
5 0.606278 0.287965 1.71553 547652
5 0.605141 0.288095 1.71684 547669
5 0.604122 0.288855 1.71403 547702
5 0.601317 0.287642 1.71496 547736
5 0.596652 0.288205 1.71085 547770
5 0.594116 0.287978 1.71255 547804
5 0.593351 0.293978 1.7109 547837
5 0.593096 0.297399 1.70988 547871
5 0.591923 0.299801 1.70829 547905
5 0.594657 0.302419 1.70362 547938
5 0.598682 0.308199 1.71159 547971
5 0.601464 0.313582 1.71692 548020
5 0.605664 0.319292 1.7201 548037
5 0.609586 0.321988 1.72112 548071
5 0.614995 0.32662 1.72282 548104
5 0.616125 0.330416 1.72288 548137
5 0.619033 0.334352 1.72469 548171
5 0.622122 0.335387 1.71807 548204
5 0.623794 0.34038 1.71784 548237
5 0.624837 0.344368 1.72103 548271
5 0.625018 0.346403 1.72204 548304
5 0.623859 0.349568 1.72843 548338
5 0.620651 0.350307 1.72933 548371
5 0.618242 0.351892 1.73215 548405
5 0.614155 0.35322 1.73193 548438
5 0.611951 0.35322 1.73366 548472
5 0.609186 0.352354 1.72961 548506
5 0.606859 0.350333 1.72852 548539
5 0.605352 0.349207 1.72792 548572
5 0.605251 0.348475 1.72903 548606
5 0.604844 0.344114 1.72951 548640
5 0.605092 0.340173 1.72402 548674
5 0.605319 0.33746 1.72186 548707
5 0.60544 0.336308 1.72425 548740
5 0.605703 0.330364 1.72327 548772
5 0.605461 0.32679 1.72014 548806
5 0.607808 0.324336 1.71942 548841
5 0.611166 0.322552 1.71938 548873
5 0.612244 0.318106 1.7134 548906
5 0.613054 0.312741 1.70839 548939
5 0.613767 0.309551 1.70941 548972
5 0.615209 0.307959 1.71085 549005
5 0.615884 0.307046 1.71075 549036
5 0.616399 0.306291 1.71265 549070
5 0.616425 0.300683 1.71183 549119
5 0.615708 0.298007 1.71043 549136
5 0.615494 0.294877 1.70825 549169
5 0.615158 0.292277 1.7074 549204
5 0.613846 0.291676 1.70453 549238
5 0.612135 0.29054 1.7071 549287

6 0.682062 0.298241 1.76529 550774
6 0.679633 0.29554 1.76145 550808
6 0.676703 0.296148 1.75823 550842
6 0.676454 0.297405 1.75975 550874
6 0.674257 0.29741 1.76053 550907
6 0.670838 0.298325 1.76091 550941
6 0.668786 0.298867 1.76013 550975
6 0.667585 0.299304 1.75786 551007
6 0.667097 0.299865 1.75772 551040
6 0.66645 0.300653 1.753 551074
6 0.667251 0.305238 1.75366 551107
6 0.667635 0.308866 1.75183 551140
6 0.66971 0.310066 1.75218 551174
6 0.67203 0.313461 1.75407 551208
6 0.674472 0.314048 1.75168 551242
6 0.678211 0.319104 1.75861 551276
6 0.682918 0.324057 1.76325 551307
6 0.686873 0.32692 1.76475 551341
6 0.689305 0.328312 1.76576 551375
6 0.690395 0.330694 1.76982 551409
6 0.6917 0.336438 1.77227 551443
6 0.692439 0.339838 1.77258 551477
6 0.692472 0.341859 1.77249 551510
6 0.692635 0.343147 1.77436 551544
6 0.691756 0.346116 1.77843 551578
6 0.690284 0.351493 1.78513 551612
6 0.688717 0.355482 1.78373 551644
6 0.685821 0.357663 1.78546 551678
6 0.682994 0.35861 1.77992 551712
6 0.678661 0.357315 1.774 551746
6 0.676068 0.354281 1.77636 551779
6 0.674639 0.352851 1.77766 551813
6 0.67202 0.350152 1.77616 551847
6 0.670892 0.3486 1.77677 551880
6 0.6695 0.347028 1.77502 551914
6 0.670053 0.345824 1.77037 551947
6 0.671036 0.343972 1.76943 551981
6 0.672522 0.339899 1.77267 552015
6 0.673551 0.337159 1.76737 552049
6 0.674352 0.334273 1.76459 552083
6 0.676067 0.331611 1.76166 552117
6 0.675385 0.326274 1.75446 552151
6 0.675958 0.322446 1.75535 552185
6 0.677923 0.319438 1.7566 552219
6 0.67908 0.318038 1.75551 552252
6 0.679765 0.316739 1.75625 552286
6 0.681159 0.315413 1.75603 552320
6 0.682055 0.314091 1.7559 552354
6 0.682298 0.31083 1.75551 552371
6 0.683502 0.308852 1.75624 552421
6 0.683494 0.307389 1.75759 552454
6 0.681387 0.305041 1.75463 552470

7 0.446104 0.299661 1.76219 554387
7 0.446121 0.299728 1.76247 554420
7 0.44338 0.298716 1.75683 554453
7 0.439396 0.298649 1.75555 554487
7 0.437404 0.298307 1.75627 554520
7 0.436031 0.299208 1.75563 554553
7 0.435152 0.299541 1.7548 554585
7 0.435207 0.299635 1.75075 554619
7 0.43431 0.304294 1.76061 554653
7 0.434486 0.308601 1.76489 554687
7 0.435632 0.310812 1.76133 554721
7 0.439216 0.313456 1.75924 554754
7 0.442192 0.319795 1.75818 554788
7 0.444782 0.324076 1.76032 554822
7 0.446437 0.326158 1.75146 554855
7 0.450264 0.32739 1.7556 554888
7 0.452843 0.329689 1.76212 554905
7 0.455719 0.336121 1.76687 554956
7 0.457252 0.340227 1.76982 554973
7 0.460288 0.344545 1.77389 555007
7 0.462417 0.347602 1.77804 555056
7 0.461234 0.353457 1.77843 555088
7 0.460043 0.356458 1.7797 555106
7 0.459062 0.35833 1.77567 555154
7 0.458308 0.35984 1.7777 555188
7 0.453001 0.361815 1.77615 555222
7 0.449496 0.361931 1.7751 555256
7 0.447486 0.361294 1.77591 555290
7 0.446902 0.360874 1.77679 555323
7 0.446468 0.360819 1.77564 555357
7 0.445945 0.360555 1.77403 555388
7 0.442839 0.356941 1.77467 555422
7 0.441209 0.354711 1.77451 555456
7 0.442466 0.353685 1.77014 555474
7 0.440273 0.350739 1.76112 555523
7 0.440006 0.346892 1.7616 555556
7 0.442683 0.347465 1.76188 555573
7 0.445458 0.34655 1.76144 555622
7 0.447035 0.342238 1.75889 555655
7 0.44767 0.337686 1.75348 555689
7 0.447843 0.334533 1.74951 555723
7 0.45003 0.331547 1.74372 555757
7 0.454214 0.33058 1.74104 555773
7 0.456514 0.330132 1.7461 555823
7 0.457806 0.330741 1.75183 555857
7 0.457345 0.32761 1.74853 555874
7 0.457645 0.323627 1.75073 555925
7 0.459176 0.320529 1.74729 555942
7 0.459462 0.318446 1.74507 555975
7 0.459708 0.31728 1.74636 556025
7 0.458607 0.313039 1.74637 556042
7 0.459081 0.310366 1.7462 556075
7 0.459676 0.308997 1.74316 556109
7 0.457703 0.306401 1.7389 556142
7 0.45604 0.304157 1.73803 556176
7 0.4528 0.30322 1.73569 556210
7 0.452594 0.300679 1.7357 556244
7 0.45084 0.300447 1.73659 556277
7 0.449422 0.300444 1.73983 556309
7 0.448607 0.300647 1.74436 556343

8 0.50913 0.341676 1.80021 558791
8 0.509006 0.341789 1.80372 558825
8 0.510668 0.341769 1.79798 558859
8 0.510022 0.34215 1.80089 558876
8 0.509508 0.343122 1.80348 558926
8 0.508979 0.343415 1.80533 558959
8 0.506999 0.345047 1.80681 558976
8 0.506217 0.346636 1.80934 559026
8 0.507223 0.351634 1.80939 559060
8 0.507503 0.354595 1.80627 559077
8 0.507301 0.356122 1.80381 559127
8 0.509974 0.359636 1.80524 559144
8 0.512345 0.364837 1.81301 559177
8 0.516164 0.369194 1.81265 559228
8 0.518458 0.372237 1.81392 559245
8 0.521811 0.375094 1.81705 559279
8 0.525676 0.377467 1.81779 559313
8 0.52911 0.38263 1.81956 559347
8 0.530822 0.385382 1.81895 559380
8 0.532275 0.386734 1.81857 559414
8 0.533011 0.388025 1.82499 559447
8 0.534486 0.390988 1.82774 559481
8 0.532716 0.392452 1.82639 559515
8 0.532697 0.396933 1.8286 559550
8 0.533125 0.399979 1.82785 559583
8 0.531033 0.402491 1.83077 559617
8 0.525665 0.403054 1.83282 559651
8 0.522891 0.403878 1.83325 559684
8 0.521614 0.404585 1.83779 559718
8 0.521386 0.404934 1.83342 559751
8 0.520291 0.401661 1.83107 559785
8 0.520488 0.397919 1.82808 559819
8 0.51964 0.395561 1.82376 559853
8 0.519524 0.393334 1.81566 559886
8 0.520183 0.391907 1.81207 559919
8 0.519141 0.386931 1.81023 559952
8 0.519241 0.381615 1.80706 559985
8 0.520358 0.379044 1.80508 560019
8 0.519489 0.373011 1.79998 560051
8 0.521901 0.369707 1.79519 560084
8 0.521427 0.365768 1.79488 560115
8 0.521678 0.36266 1.79344 560149
8 0.522966 0.360253 1.79046 560183
8 0.526303 0.355611 1.78643 560218
8 0.528059 0.352101 1.78364 560251
8 0.529648 0.348169 1.78108 560284
8 0.531126 0.345757 1.78163 560317
8 0.531838 0.344489 1.78284 560350
8 0.532359 0.344543 1.78445 560384
8 0.530962 0.340591 1.78377 560418
8 0.530296 0.337318 1.78004 560451
8 0.528849 0.33418 1.77568 560483
8 0.527039 0.330428 1.77531 560516
8 0.524178 0.329736 1.77457 560550
8 0.52251 0.329044 1.77732 560584
8 0.521331 0.328749 1.77922 560617
8 0.519919 0.329104 1.77805 560648
8 0.518128 0.330255 1.78117 560683
8 0.514888 0.32976 1.77737 560716

9 0.595787 0.341404 1.84922 562127
9 0.594461 0.340144 1.85153 562159
9 0.593678 0.339755 1.854 562193
9 0.591827 0.340772 1.8537 562227
9 0.591096 0.344813 1.86084 562260
9 0.589495 0.348804 1.86625 562292
9 0.588223 0.351044 1.86961 562326
9 0.586636 0.352604 1.86546 562358
9 0.585235 0.352459 1.86033 562392
9 0.585523 0.358333 1.86349 562426
9 0.586221 0.362753 1.87035 562459
9 0.586475 0.366385 1.87211 562493
9 0.590182 0.368223 1.87184 562527
9 0.591649 0.37072 1.8761 562561
9 0.5954 0.375816 1.87869 562593
9 0.598436 0.379947 1.88347 562627
9 0.600188 0.382751 1.89115 562661
9 0.602602 0.386541 1.89321 562693
9 0.604466 0.389042 1.89695 562728
9 0.60547 0.391199 1.89592 562762
9 0.60689 0.395989 1.90333 562779
9 0.605052 0.398745 1.90334 562829
9 0.604541 0.399718 1.90445 562863
9 0.60259 0.400805 1.90388 562880
9 0.599726 0.401726 1.90491 562931
9 0.596913 0.404394 1.90191 562948
9 0.595971 0.405205 1.90941 562982
9 0.593659 0.406443 1.90331 563016
9 0.590456 0.404412 1.89427 563049
9 0.588935 0.402319 1.89196 563083
9 0.589225 0.401676 1.89611 563117
9 0.588142 0.400917 1.889 563151
9 0.586505 0.395422 1.88399 563185
9 0.587711 0.391574 1.88828 563219
9 0.58773 0.389631 1.88316 563253
9 0.589857 0.387152 1.88306 563288
9 0.590352 0.382836 1.87781 563321
9 0.592606 0.378908 1.86999 563355
9 0.595111 0.37394 1.86595 563389
9 0.597428 0.371249 1.86566 563424
9 0.599084 0.370776 1.86568 563457
9 0.601176 0.369285 1.86534 563490
9 0.603971 0.36614 1.86652 563524
9 0.605126 0.364193 1.86047 563558
9 0.605627 0.362695 1.85954 563592
9 0.60792 0.360576 1.85678 563626
9 0.608309 0.358828 1.85047 563658
9 0.608817 0.357517 1.85114 563692
9 0.608173 0.357189 1.8496 563725
9 0.607848 0.357372 1.85273 563758
9 0.604885 0.356543 1.85248 563790

