Gesto: 8
0 0.557338 0.142162 1.73796 1.35175e+06
0 0.558951 0.143623 1.73932 1.35179e+06
0 0.558162 0.143833 1.7356 1.35182e+06
0 0.559989 0.142961 1.74001 1.35185e+06
0 0.561625 0.142226 1.74335 1.35188e+06
0 0.562489 0.14156 1.74535 1.35192e+06
0 0.56589 0.137987 1.73975 1.35195e+06
0 0.569185 0.134005 1.74214 1.35198e+06
0 0.571315 0.131945 1.74404 1.35202e+06
0 0.574788 0.126948 1.74055 1.35205e+06
0 0.578564 0.122361 1.7379 1.35208e+06
0 0.583622 0.122124 1.74051 1.35212e+06
0 0.589102 0.122015 1.74637 1.35215e+06
0 0.594983 0.122059 1.75059 1.35218e+06
0 0.60025 0.121523 1.75834 1.35222e+06
0 0.607231 0.120942 1.7645 1.35225e+06
0 0.611563 0.125937 1.76952 1.35228e+06
0 0.619249 0.130111 1.77125 1.35232e+06
0 0.624271 0.133622 1.77463 1.35235e+06
0 0.629164 0.141367 1.77768 1.35239e+06
0 0.631795 0.14801 1.77936 1.35242e+06
0 0.635683 0.156153 1.78026 1.35245e+06
0 0.638178 0.160999 1.77951 1.35249e+06
0 0.638618 0.168733 1.77899 1.35252e+06
0 0.63969 0.175245 1.77743 1.35255e+06
0 0.635725 0.183439 1.78106 1.35259e+06
0 0.632257 0.190063 1.78009 1.35262e+06
0 0.629892 0.194657 1.77386 1.35265e+06
0 0.627546 0.20184 1.77297 1.35269e+06
0 0.624696 0.208091 1.77584 1.35272e+06
0 0.622005 0.21395 1.77708 1.35275e+06
0 0.616263 0.221099 1.77471 1.35279e+06
0 0.612457 0.223267 1.77154 1.35282e+06
0 0.607578 0.226781 1.76969 1.35286e+06
0 0.604436 0.229439 1.76688 1.35289e+06
0 0.600008 0.233321 1.76577 1.35292e+06
0 0.59417 0.240515 1.75962 1.35296e+06
0 0.589618 0.246246 1.7587 1.35299e+06
0 0.586875 0.250857 1.75868 1.35302e+06
0 0.58393 0.256854 1.76185 1.35306e+06
0 0.582468 0.262761 1.76439 1.35309e+06
0 0.57784 0.269834 1.76386 1.35312e+06
0 0.577778 0.27622 1.77016 1.35316e+06
0 0.575173 0.282045 1.7726 1.35319e+06
0 0.573431 0.286157 1.77431 1.35323e+06
0 0.572941 0.293194 1.77318 1.35326e+06
0 0.573711 0.303599 1.77544 1.35329e+06
0 0.574713 0.309236 1.78132 1.35333e+06
0 0.576475 0.312925 1.78313 1.35336e+06
0 0.579437 0.320396 1.78724 1.3534e+06
0 0.582332 0.327144 1.79178 1.35343e+06
0 0.585441 0.335906 1.79218 1.35344e+06
0 0.590791 0.33912 1.794 1.35348e+06
0 0.594452 0.340555 1.80073 1.35352e+06
0 0.598373 0.345952 1.80442 1.35355e+06
0 0.604797 0.350133 1.8124 1.35358e+06
0 0.609552 0.353279 1.81535 1.35362e+06
0 0.612617 0.35493 1.81515 1.35365e+06
0 0.618995 0.356278 1.81042 1.35368e+06
0 0.623358 0.357233 1.80762 1.35372e+06
0 0.627545 0.354263 1.80777 1.35375e+06
0 0.631369 0.351047 1.80946 1.35379e+06
0 0.63666 0.347091 1.81195 1.35382e+06
0 0.639648 0.345401 1.8097 1.35385e+06
0 0.642786 0.340701 1.80704 1.35389e+06
0 0.64713 0.337312 1.80345 1.35392e+06
0 0.649809 0.331587 1.80201 1.35396e+06
0 0.650849 0.326937 1.80021 1.35399e+06
0 0.651494 0.322491 1.79792 1.35402e+06
0 0.651539 0.315756 1.7954 1.35406e+06
0 0.651556 0.309125 1.79488 1.35409e+06
0 0.647135 0.302707 1.79125 1.35412e+06
0 0.644567 0.294482 1.78294 1.35416e+06
0 0.641848 0.288173 1.77795 1.35419e+06
0 0.640504 0.284534 1.77024 1.35423e+06
0 0.638629 0.278561 1.77221 1.35426e+06
0 0.633418 0.271717 1.77405 1.35429e+06
0 0.629881 0.263082 1.77289 1.35433e+06
0 0.625591 0.258218 1.77015 1.35436e+06
0 0.620389 0.25551 1.763 1.35439e+06
0 0.616912 0.250049 1.7589 1.35443e+06
0 0.613496 0.245793 1.75881 1.35446e+06
0 0.609783 0.242153 1.75324 1.35449e+06
0 0.604774 0.238032 1.74952 1.35453e+06
0 0.600948 0.232339 1.74829 1.35456e+06
0 0.597088 0.227642 1.7413 1.35459e+06
0 0.593271 0.224682 1.73727 1.35463e+06
0 0.588271 0.219256 1.73235 1.35466e+06
0 0.585232 0.215775 1.72796 1.35469e+06
0 0.581244 0.211549 1.72133 1.35473e+06
0 0.577991 0.205145 1.72263 1.35476e+06
0 0.576136 0.201476 1.72386 1.35479e+06
0 0.574701 0.19919 1.72433 1.35483e+06
0 0.573033 0.197176 1.72465 1.35486e+06
0 0.569741 0.195264 1.71955 1.35489e+06
0 0.565957 0.193292 1.71803 1.35493e+06
0 0.56228 0.188854 1.71278 1.35496e+06
0 0.560123 0.18533 1.71206 1.35499e+06
0 0.558719 0.183523 1.71259 1.35503e+06
0 0.556878 0.181024 1.7079 1.35506e+06
0 0.555973 0.178795 1.70954 1.35509e+06

1 0.340217 0.169508 1.75932 1.36273e+06
1 0.340654 0.170012 1.75624 1.36277e+06
1 0.341408 0.169411 1.7546 1.3628e+06
1 0.34258 0.168208 1.75537 1.36283e+06
1 0.34367 0.163211 1.75589 1.36286e+06
1 0.345576 0.161181 1.75066 1.3629e+06
1 0.347937 0.158562 1.75187 1.36293e+06
1 0.350355 0.156436 1.75246 1.36296e+06
1 0.354676 0.151925 1.7518 1.363e+06
1 0.360566 0.150058 1.74856 1.36303e+06
1 0.366322 0.146648 1.74617 1.36306e+06
1 0.371262 0.14518 1.74323 1.3631e+06
1 0.378514 0.144965 1.74339 1.36313e+06
1 0.384129 0.149161 1.74168 1.36316e+06
1 0.388593 0.151339 1.74051 1.3632e+06
1 0.393949 0.15464 1.73802 1.36323e+06
1 0.396391 0.161921 1.73981 1.36326e+06
1 0.398253 0.16792 1.73736 1.3633e+06
1 0.400066 0.176137 1.73841 1.36333e+06
1 0.40033 0.183471 1.73472 1.36336e+06
1 0.401216 0.189492 1.73374 1.3634e+06
1 0.399494 0.197054 1.7318 1.36343e+06
1 0.399456 0.204102 1.73077 1.36347e+06
1 0.396704 0.214251 1.72651 1.3635e+06
1 0.392071 0.225518 1.72444 1.36353e+06
1 0.388423 0.233747 1.71981 1.36357e+06
1 0.382787 0.243068 1.7201 1.3636e+06
1 0.378269 0.250128 1.7217 1.36363e+06
1 0.374025 0.254555 1.72417 1.36367e+06
1 0.369663 0.260884 1.73062 1.3637e+06
1 0.364947 0.268276 1.73247 1.36373e+06
1 0.359884 0.273245 1.73272 1.36377e+06
1 0.356254 0.281095 1.73827 1.3638e+06
1 0.35336 0.286557 1.74033 1.36384e+06
1 0.348653 0.296457 1.74155 1.36387e+06
1 0.345558 0.306233 1.74812 1.3639e+06
1 0.344579 0.312329 1.75088 1.36394e+06
1 0.347424 0.320135 1.75291 1.36397e+06
1 0.348093 0.326604 1.75324 1.36399e+06
1 0.348901 0.335316 1.75591 1.36403e+06
1 0.352247 0.341719 1.75733 1.36407e+06
1 0.35872 0.346773 1.75923 1.3641e+06
1 0.366637 0.351331 1.75782 1.36413e+06
1 0.371679 0.354312 1.75004 1.36417e+06
1 0.378061 0.355361 1.75413 1.3642e+06
1 0.383889 0.354599 1.75442 1.36424e+06
1 0.389201 0.352983 1.75245 1.36427e+06
1 0.395018 0.350199 1.75005 1.3643e+06
1 0.398316 0.346302 1.74489 1.36434e+06
1 0.402027 0.342494 1.74267 1.36435e+06
1 0.404296 0.339269 1.74052 1.3644e+06
1 0.407644 0.330653 1.73972 1.36444e+06
1 0.407669 0.325726 1.73299 1.36445e+06
1 0.409494 0.317429 1.73041 1.36450e+06
1 0.407729 0.31033 1.72788 1.36452e+06
1 0.405865 0.303893 1.72125 1.36456e+06
1 0.403266 0.297243 1.71684 1.36461e+06
1 0.401761 0.287402 1.71039 1.36464e+06
1 0.397747 0.281906 1.70684 1.36466e+06
1 0.393563 0.275075 1.70577 1.36469e+06
1 0.387716 0.268343 1.70087 1.36472e+06
1 0.383972 0.261028 1.70086 1.36477e+06
1 0.378996 0.254814 1.69954 1.36479e+06
1 0.374131 0.249183 1.69984 1.36482e+06
1 0.368075 0.245808 1.69486 1.36486e+06
1 0.363052 0.240521 1.69726 1.36489e+06
1 0.358856 0.235443 1.69888 1.36493e+06
1 0.354234 0.229104 1.70133 1.36496e+06
1 0.3502 0.22465 1.70135 1.365e+06
1 0.348091 0.222249 1.69927 1.36503e+06
1 0.345463 0.218328 1.7018 1.36506e+06
1 0.34196 0.214813 1.70056 1.3651e+06
1 0.339543 0.212361 1.69774 1.36513e+06
1 0.33839 0.208818 1.69256 1.36516e+06
1 0.33802 0.205656 1.69339 1.3652e+06
1 0.337156 0.20153 1.69183 1.36523e+06
1 0.336603 0.199176 1.68929 1.36526e+06
1 0.335806 0.197021 1.69208 1.36529e+06
1 0.3373 0.191728 1.69152 1.36533e+06
1 0.337693 0.188098 1.69311 1.36536e+06
1 0.338278 0.186543 1.69039 1.36539e+06
1 0.337482 0.184658 1.68863 1.36543e+06
1 0.336453 0.183912 1.68871 1.36546e+06
1 0.336486 0.18267 1.68763 1.36549e+06
1 0.337257 0.178849 1.68561 1.36553e+06
1 0.337639 0.17684 1.68248 1.36556e+06
1 0.340442 0.172952 1.6886 1.3656e+06
1 0.342141 0.171176 1.69138 1.36563e+06
1 0.341482 0.169271 1.68898 1.36566e+06
1 0.342726 0.168608 1.68987 1.3657e+06
1 0.34348 0.169167 1.69044 1.36573e+06
1 0.343589 0.169175 1.69309 1.36576e+06
1 0.343672 0.169118 1.69463 1.3658e+06
1 0.343944 0.168807 1.6941 1.36583e+06
1 0.34222 0.16777 1.69036 1.36586e+06

2 0.499888 0.440406 1.90589 1.3688e+06
2 0.49684 0.440148 1.90537 1.36884e+06
2 0.477741 0.42344 1.86795 1.36887e+06
2 0.464489 0.417936 1.83719 1.36890e+06
2 0.460431 0.413494 1.82735 1.36894e+06
2 0.460599 0.406888 1.82577 1.36897e+06
2 0.459875 0.403878 1.82189 1.36901e+06
2 0.460202 0.400538 1.81746 1.36904e+06
2 0.460271 0.396247 1.81367 1.36907e+06
2 0.463686 0.388939 1.80945 1.3691e+06
2 0.466769 0.383833 1.80777 1.36914e+06
2 0.469401 0.383053 1.80625 1.36917e+06
2 0.472275 0.381147 1.80435 1.3692e+06
2 0.476632 0.38008 1.80303 1.36924e+06
2 0.480588 0.375115 1.8026 1.36927e+06
2 0.484436 0.376043 1.80151 1.3693e+06
2 0.4895 0.375823 1.804 1.36934e+06
2 0.492475 0.375767 1.80278 1.36937e+06
2 0.498689 0.376102 1.80476 1.3694e+06
2 0.503818 0.376634 1.8055 1.36944e+06
2 0.507175 0.377127 1.80904 1.36947e+06
2 0.511274 0.382803 1.81568 1.3695e+06
2 0.51458 0.383139 1.82183 1.36954e+06
2 0.519409 0.388261 1.82621 1.36957e+06
2 0.52031 0.390851 1.83215 1.3696e+06
2 0.519941 0.400271 1.8347 1.36964e+06
2 0.51869 0.40592 1.83981 1.36967e+06
2 0.516143 0.414965 1.84557 1.3697e+06
2 0.513202 0.42057 1.84912 1.36973e+06
2 0.510347 0.423551 1.84896 1.36977e+06
2 0.502743 0.430002 1.84348 1.3698e+06
2 0.499889 0.436077 1.84681 1.36984e+06
2 0.498156 0.438869 1.8487 1.36987e+06
2 0.494961 0.446047 1.85955 1.3699e+06
2 0.489163 0.452531 1.85987 1.36994e+06
2 0.482934 0.455694 1.85925 1.36997e+06
2 0.476577 0.461871 1.8573 1.37e+06
2 0.474395 0.468057 1.86145 1.37004e+06
2 0.469125 0.473225 1.85968 1.37007e+06
2 0.491002 0.477301 1.91522 1.37013e+06
2 0.475903 0.482125 1.89853 1.37017e+06
2 0.467318 0.485224 1.8873 1.3702e+06
2 0.461037 0.49151 1.87982 1.37023e+06
2 0.457787 0.494688 1.87852 1.37027e+06
2 0.457273 0.499199 1.87995 1.3703e+06
2 0.457834 0.503522 1.87909 1.37033e+06
2 0.459478 0.505878 1.88008 1.37037e+06
2 0.463285 0.511213 1.88306 1.3704e+06
2 0.466033 0.51595 1.88549 1.37044e+06
2 0.468908 0.519608 1.88747 1.37047e+06
2 0.474596 0.51864 1.89342 1.3705e+06
2 0.479719 0.518858 1.89371 1.37054e+06
2 0.483031 0.520398 1.89223 1.37057e+06
2 0.488136 0.51831 1.89215 1.3706e+06
2 0.492468 0.519211 1.89012 1.37064e+06
2 0.495784 0.520597 1.88906 1.37067e+06
2 0.502676 0.520693 1.88747 1.3707e+06
2 0.506648 0.520124 1.89124 1.37074e+06
2 0.511072 0.518624 1.89077 1.37077e+06
2 0.514713 0.513606 1.88676 1.3708e+06
2 0.517613 0.511496 1.88555 1.37084e+06
2 0.521857 0.507866 1.88375 1.37087e+06
2 0.526534 0.499869 1.88306 1.3709e+06
2 0.528976 0.495758 1.87909 1.37094e+06
2 0.529751 0.492921 1.87587 1.37097e+06
2 0.529526 0.486931 1.87009 1.371e+06
2 0.530015 0.481198 1.86767 1.37104e+06
2 0.527112 0.478988 1.86247 1.37107e+06
2 0.522687 0.475324 1.85537 1.3711e+06
2 0.520467 0.473187 1.85467 1.37114e+06
2 0.517028 0.469722 1.85497 1.37117e+06
2 0.514418 0.467172 1.85552 1.3712e+06
2 0.510321 0.462826 1.84998 1.37124e+06
2 0.506187 0.461425 1.8368 1.37127e+06
2 0.502982 0.461142 1.82837 1.37130e+06
2 0.500505 0.459269 1.83138 1.37134e+06
2 0.498624 0.456676 1.82217 1.37137e+06
2 0.497092 0.45043 1.82483 1.37141e+06
2 0.495651 0.449908 1.82581 1.37144e+06
2 0.491639 0.449194 1.82501 1.37147e+06
2 0.48909 0.448455 1.82029 1.37151e+06
2 0.486365 0.446059 1.8173 1.37154e+06
2 0.483193 0.443912 1.81702 1.37158e+06
2 0.478938 0.443851 1.8147 1.37161e+06
2 0.477066 0.437551 1.8102 1.37164e+06
2 0.474728 0.433882 1.80334 1.37166e+06
2 0.472394 0.430396 1.80003 1.37171e+06
2 0.470959 0.428652 1.79992 1.37173e+06
2 0.471948 0.423842 1.80274 1.37176e+06
2 0.468592 0.418645 1.80025 1.37181e+06
2 0.465676 0.415744 1.79549 1.37183e+06
2 0.462775 0.412572 1.79367 1.37188e+06
2 0.461032 0.408097 1.79689 1.37191e+06
2 0.459918 0.405476 1.799 1.37193e+06
2 0.457764 0.40109 1.79468 1.37196e+06
2 0.454313 0.399017 1.78449 1.372e+06

3 0.591937 0.446483 2.02335 1.375e+06
3 0.59327 0.445468 2.02359 1.37503e+06
3 0.593406 0.444991 2.02053 1.37507e+06
3 0.592293 0.441093 2.01074 1.3751e+06
3 0.591347 0.43955 2.00463 1.37514e+06
3 0.589932 0.43848 1.99473 1.37517e+06
3 0.589927 0.437906 1.98981 1.3752e+06
3 0.595185 0.437217 1.99854 1.37524e+06
3 0.599923 0.435788 2.00366 1.37527e+06
3 0.601529 0.431497 2.00839 1.3753e+06
3 0.607563 0.428792 2.00542 1.37534e+06
3 0.61065 0.429475 2.00195 1.37537e+06
3 0.614757 0.425163 2.00372 1.37540e+06
3 0.619708 0.424847 2.00262 1.37544e+06
3 0.626384 0.425289 1.99938 1.37547e+06
3 0.630326 0.429852 1.99638 1.37551e+06
3 0.634852 0.434038 1.99902 1.37554e+06
3 0.640027 0.436773 2.00246 1.37558e+06
3 0.643963 0.437086 2.01174 1.37561e+06
3 0.645974 0.438653 2.01814 1.37564e+06
3 0.647643 0.445564 2.01878 1.37568e+06
3 0.651784 0.449413 2.02103 1.37571e+06
3 0.651264 0.453575 2.02443 1.37574e+06
3 0.648885 0.461954 2.03004 1.37578e+06
3 0.646908 0.466998 2.03379 1.37581e+06
3 0.64526 0.473171 2.0381 1.37584e+06
3 0.64132 0.477859 2.03933 1.37588e+06
3 0.636145 0.484333 2.03823 1.37591e+06
3 0.629661 0.489331 2.04102 1.37595e+06
3 0.625538 0.494088 2.04192 1.37598e+06
3 0.621504 0.501191 2.0457 1.37601e+06
3 0.614558 0.506143 2.04059 1.37603e+06
3 0.610191 0.512359 2.04428 1.37608e+06
3 0.603015 0.515626 2.05261 1.37612e+06
3 0.597273 0.521252 2.0478 1.37613e+06
3 0.592696 0.526462 2.04619 1.37618e+06
3 0.588042 0.530818 2.04765 1.37621e+06
3 0.583509 0.534594 2.0527 1.37623e+06
3 0.582417 0.54227 2.05262 1.37628e+06
3 0.581479 0.549617 2.05427 1.37631e+06
3 0.580656 0.558538 2.05246 1.37633e+06
3 0.580864 0.565191 2.05449 1.37638e+06
3 0.580125 0.574289 2.05548 1.37641e+06
3 0.580441 0.580909 2.05721 1.37645e+06
3 0.587441 0.586049 2.07985 1.37651e+06
3 0.593793 0.591906 2.08548 1.37654e+06
3 0.599152 0.595218 2.08687 1.37658e+06
3 0.603758 0.599899 2.08476 1.37661e+06
3 0.60724 0.602949 2.08933 1.37664e+06
3 0.614642 0.604216 2.09016 1.37668e+06
3 0.619495 0.597796 2.09341 1.37671e+06
3 0.625679 0.592509 2.0932 1.37674e+06
3 0.631063 0.590239 2.09035 1.37678e+06
3 0.634574 0.587845 2.08678 1.37681e+06
3 0.637348 0.586082 2.08266 1.37684e+06
3 0.638592 0.584469 2.07926 1.37688e+06
3 0.64482 0.576547 2.06859 1.37691e+06
3 0.643485 0.571975 2.06141 1.37694e+06
3 0.643641 0.567195 2.06054 1.37698e+06
3 0.643364 0.56082 2.04802 1.37701e+06
3 0.643029 0.553599 2.05144 1.37704e+06
3 0.643299 0.546772 2.04576 1.37708e+06
3 0.640515 0.543376 2.03706 1.37711e+06
3 0.637928 0.536456 2.03945 1.37714e+06
3 0.635596 0.533286 2.03681 1.37718e+06
3 0.632469 0.531344 2.03232 1.37721e+06
3 0.628838 0.526013 2.03007 1.37724e+06
3 0.62491 0.519235 2.03083 1.37728e+06
3 0.622222 0.515325 2.02381 1.37731e+06
3 0.618844 0.512239 2.01591 1.37734e+06
3 0.617633 0.510935 2.00429 1.37738e+06
3 0.614232 0.51226 2.00076 1.37741e+06
3 0.610278 0.507303 2.01293 1.37744e+06
3 0.608195 0.500924 2.01148 1.37747e+06
3 0.605985 0.498751 2.00595 1.37751e+06
3 0.60536 0.497685 1.99888 1.37754e+06
3 0.604173 0.495613 1.99787 1.37758e+06
3 0.603192 0.492907 2.00513 1.37761e+06
3 0.602242 0.488667 2.00482 1.37764e+06
3 0.597769 0.481725 1.99719 1.37767e+06
3 0.595249 0.47937 1.99329 1.37771e+06
3 0.595806 0.474846 1.99047 1.37774e+06
3 0.595527 0.469381 1.98487 1.37777e+06
3 0.592887 0.462865 1.97829 1.37781e+06
3 0.591794 0.456086 1.97657 1.37784e+06
3 0.589703 0.446968 1.97779 1.37787e+06
3 0.589092 0.441982 1.97114 1.37791e+06
3 0.589791 0.436455 1.97051 1.37794e+06
3 0.589117 0.435104 1.9715 1.37797e+06
3 0.589886 0.431163 1.97277 1.37801e+06
3 0.589163 0.427723 1.97117 1.37804e+06
3 0.589002 0.424445 1.9681 1.37808e+06
3 0.589969 0.422033 1.96834 1.37811e+06
3 0.588576 0.420633 1.967 1.37814e+06
3 0.588202 0.418675 1.96357 1.37818e+06

4 0.433449 0.105288 1.82433 1.38071e+06
4 0.433398 0.105183 1.82534 1.38074e+06
4 0.434932 0.103838 1.82908 1.38078e+06
4 0.435238 0.104726 1.82764 1.38081e+06
4 0.436907 0.104725 1.82707 1.38084e+06
4 0.438199 0.103825 1.82702 1.38088e+06
4 0.440949 0.0984803 1.82733 1.38091e+06
4 0.443185 0.0944749 1.8285 1.38094e+06
4 0.444496 0.0943318 1.81992 1.38098e+06
4 0.449508 0.0902794 1.8268 1.38101e+06
4 0.453694 0.0900637 1.82652 1.38104e+06
4 0.456729 0.0900573 1.8256 1.38108e+06
4 0.462069 0.0904223 1.82459 1.38111e+06
4 0.466759 0.0919253 1.82689 1.38114e+06
4 0.469428 0.0943612 1.82312 1.38118e+06
4 0.474392 0.0984456 1.82686 1.38121e+06
4 0.477329 0.103444 1.82288 1.38125e+06
4 0.481013 0.107925 1.82074 1.38128e+06
4 0.482319 0.114137 1.82373 1.38131e+06
4 0.483626 0.120989 1.82209 1.38135e+06
4 0.483847 0.129204 1.82147 1.38138e+06
4 0.485346 0.13801 1.81536 1.38141e+06
4 0.487305 0.143993 1.80951 1.38145e+06
4 0.487079 0.152534 1.80976 1.38148e+06
4 0.485756 0.159472 1.80794 1.38151e+06
4 0.481785 0.168769 1.80155 1.38155e+06
4 0.479037 0.174305 1.79882 1.38158e+06
4 0.476061 0.178771 1.80012 1.38161e+06
4 0.471526 0.186311 1.79912 1.38165e+06
4 0.467646 0.191268 1.80068 1.38168e+06
4 0.462191 0.199782 1.80109 1.38171e+06
4 0.456899 0.206165 1.80436 1.38174e+06
4 0.449596 0.212617 1.79884 1.38178e+06
4 0.445713 0.2164 1.80437 1.38181e+06
4 0.442672 0.22226 1.80542 1.38185e+06
4 0.439124 0.227983 1.80455 1.38188e+06
4 0.435921 0.23213 1.80372 1.38192e+06
4 0.431831 0.238326 1.80243 1.38195e+06
4 0.428101 0.243649 1.79696 1.38198e+06
4 0.426226 0.252594 1.79422 1.38202e+06
4 0.426776 0.257211 1.80236 1.38205e+06
4 0.4284 0.261461 1.80299 1.38208e+06
4 0.429484 0.268876 1.80092 1.38212e+06
4 0.4322 0.275199 1.80048 1.38215e+06
4 0.436284 0.279308 1.79284 1.38218e+06
4 0.439686 0.285725 1.79754 1.38222e+06
4 0.444315 0.291287 1.79649 1.38225e+06
4 0.450004 0.293092 1.80279 1.38228e+06
4 0.454789 0.296531 1.79909 1.38232e+06
4 0.460888 0.299116 1.80206 1.38235e+06
4 0.466552 0.299812 1.80156 1.38238e+06
4 0.470186 0.299097 1.80045 1.38242e+06
4 0.475326 0.297923 1.80025 1.38245e+06
4 0.479474 0.293327 1.79672 1.38248e+06
4 0.482926 0.28757 1.79865 1.38252e+06
4 0.48714 0.286165 1.79556 1.38255e+06
4 0.488812 0.284236 1.79012 1.38259e+06
4 0.492261 0.280796 1.79302 1.38262e+06
4 0.49503 0.277626 1.79246 1.38264e+06
4 0.497192 0.275247 1.78861 1.38269e+06
4 0.49521 0.26928 1.78932 1.38271e+06
4 0.491324 0.262479 1.78945 1.38274e+06
4 0.490312 0.251509 1.78729 1.38277e+06
4 0.48759 0.247138 1.78587 1.38281e+06
4 0.485505 0.239374 1.7852 1.38284e+06
4 0.482682 0.234277 1.78395 1.38288e+06
4 0.477771 0.228156 1.78288 1.38291e+06
4 0.473582 0.223464 1.77829 1.38294e+06
4 0.467606 0.220632 1.78103 1.38298e+06
4 0.464385 0.213359 1.78304 1.38301e+06
4 0.458747 0.206431 1.78532 1.38304e+06
4 0.452585 0.203365 1.77824 1.38308e+06
4 0.448835 0.20008 1.77662 1.38311e+06
4 0.444657 0.195177 1.77274 1.38314e+06
4 0.442431 0.190296 1.77554 1.38318e+06
4 0.43994 0.185306 1.77631 1.38321e+06
4 0.436613 0.183715 1.77783 1.38324e+06
4 0.435505 0.17985 1.77967 1.38328e+06
4 0.435963 0.176215 1.77765 1.38331e+06
4 0.433139 0.173963 1.77074 1.38334e+06
4 0.431369 0.171958 1.76937 1.38338e+06
4 0.432104 0.169084 1.77205 1.38341e+06
4 0.431766 0.16421 1.77094 1.38345e+06
4 0.433654 0.16352 1.77263 1.38348e+06
4 0.433588 0.160415 1.77201 1.38351e+06
4 0.433636 0.156195 1.77268 1.38355e+06
4 0.433596 0.153544 1.77475 1.38358e+06
4 0.432868 0.149055 1.76989 1.38362e+06
4 0.433609 0.142922 1.77053 1.38365e+06
4 0.433936 0.139393 1.77036 1.38368e+06
4 0.434021 0.137481 1.76801 1.38372e+06
4 0.434093 0.135957 1.76726 1.38375e+06
4 0.434471 0.129587 1.76679 1.38378e+06
4 0.434539 0.125383 1.76621 1.38381e+06
4 0.434501 0.123102 1.76449 1.38385e+06
4 0.43444 0.120896 1.76618 1.38388e+06
4 0.435828 0.116288 1.76625 1.38391e+06
4 0.435769 0.112848 1.7575 1.38395e+06
4 0.435212 0.108717 1.75872 1.38398e+06
4 0.43486 0.106833 1.75995 1.38402e+06
4 0.434701 0.105752 1.76142 1.38405e+06

5 0.695808 0.228055 1.8401 1.38642e+06
5 0.695805 0.225968 1.83961 1.38645e+06
5 0.695574 0.225594 1.83643 1.38649e+06
5 0.695229 0.225252 1.83244 1.38653e+06
5 0.694833 0.22525 1.82778 1.38655e+06
5 0.696275 0.222253 1.82009 1.38658e+06
5 0.696206 0.217797 1.82347 1.38661e+06
5 0.700126 0.215015 1.81893 1.38665e+06
5 0.703202 0.212043 1.81824 1.38668e+06
5 0.70522 0.209477 1.82072 1.38672e+06
5 0.709098 0.204339 1.82792 1.38675e+06
5 0.712477 0.203965 1.82913 1.38678e+06
5 0.716065 0.200319 1.83168 1.38682e+06
5 0.719429 0.197623 1.83635 1.38685e+06
5 0.724428 0.194055 1.83548 1.38688e+06
5 0.730196 0.193152 1.84143 1.38692e+06
5 0.734867 0.19553 1.84322 1.38695e+06
5 0.736321 0.198761 1.84849 1.38698e+06
5 0.740255 0.200391 1.85145 1.38702e+06
5 0.743467 0.208267 1.85064 1.38705e+06
5 0.743995 0.211624 1.85354 1.38708e+06
5 0.744963 0.21477 1.85428 1.38712e+06
5 0.745848 0.220723 1.8526 1.38715e+06
5 0.74817 0.227425 1.85543 1.38718e+06
5 0.748354 0.238517 1.8538 1.38722e+06
5 0.746652 0.248 1.85169 1.38725e+06
5 0.745718 0.253732 1.85484 1.38728e+06
5 0.7424 0.261795 1.85535 1.38732e+06
5 0.741807 0.269954 1.84665 1.38735e+06
5 0.739731 0.273708 1.84468 1.38738e+06
5 0.736547 0.281496 1.83987 1.38742e+06
5 0.733719 0.284861 1.83883 1.38745e+06
5 0.729261 0.290072 1.83825 1.38748e+06
5 0.724116 0.297813 1.83153 1.38752e+06
5 0.716161 0.303281 1.82548 1.38755e+06
5 0.712062 0.308704 1.82145 1.38758e+06
5 0.709794 0.316811 1.81095 1.38762e+06
5 0.706305 0.320717 1.80822 1.38765e+06
5 0.700405 0.32427 1.80688 1.38768e+06
5 0.696522 0.331936 1.80689 1.38772e+06
5 0.694946 0.33705 1.8121 1.38775e+06
5 0.694225 0.343521 1.80915 1.38778e+06
5 0.691534 0.352162 1.80457 1.38782e+06
5 0.689213 0.356409 1.80439 1.38785e+06
5 0.689276 0.360284 1.80203 1.38788e+06
5 0.690152 0.367154 1.80598 1.38792e+06
5 0.689542 0.371802 1.81027 1.38795e+06
5 0.690612 0.381614 1.81093 1.38798e+06
5 0.69432 0.387738 1.81117 1.38802e+06
5 0.695768 0.3896 1.81628 1.38805e+06
5 0.700943 0.393709 1.81505 1.38808e+06
5 0.704821 0.395607 1.82129 1.38812e+06
5 0.707475 0.396846 1.82522 1.38815e+06
5 0.713038 0.397588 1.82646 1.38818e+06
5 0.717449 0.397431 1.83115 1.38822e+06
5 0.720058 0.39676 1.83582 1.38825e+06
5 0.723479 0.394104 1.83397 1.38828e+06
5 0.727946 0.392676 1.83184 1.38832e+06
5 0.731412 0.39201 1.8346 1.38835e+06
5 0.733334 0.386013 1.83802 1.38838e+06
5 0.734415 0.381185 1.84035 1.38842e+06
5 0.735537 0.373768 1.84183 1.38845e+06
5 0.738249 0.369092 1.84343 1.38848e+06
5 0.74031 0.364299 1.83344 1.38852e+06
5 0.74186 0.35791 1.82926 1.38855e+06
5 0.74085 0.351126 1.83052 1.38858e+06
5 0.740996 0.343646 1.82538 1.38862e+06
5 0.737085 0.33583 1.82406 1.38865e+06
5 0.734617 0.326651 1.8177 1.38868e+06
5 0.731633 0.318684 1.81289 1.38872e+06
5 0.728103 0.314627 1.81196 1.38875e+06
5 0.725732 0.307241 1.81046 1.38878e+06
5 0.723813 0.302237 1.80744 1.38882e+06
5 0.720688 0.294179 1.80343 1.38885e+06
5 0.718388 0.289942 1.79719 1.38888e+06
5 0.713393 0.286608 1.79683 1.38892e+06
5 0.711903 0.282956 1.79126 1.38895e+06
5 0.7092 0.28173 1.78621 1.38898e+06
5 0.705975 0.276249 1.78209 1.38902e+06
5 0.704258 0.273281 1.77882 1.38904e+06
5 0.702881 0.270241 1.77475 1.38909e+06
5 0.700803 0.269688 1.77371 1.38912e+06
5 0.70079 0.267848 1.77066 1.38915e+06
5 0.698904 0.265346 1.76767 1.38919e+06
5 0.698428 0.261093 1.77072 1.38922e+06
5 0.697924 0.258417 1.77369 1.38926e+06
5 0.697267 0.257384 1.77366 1.38929e+06
5 0.695978 0.254004 1.76804 1.38932e+06
5 0.69578 0.251129 1.7634 1.38936e+06
5 0.69322 0.249626 1.76524 1.38939e+06
5 0.691683 0.244723 1.76988 1.38942e+06
5 0.692467 0.243194 1.7706 1.38946e+06
5 0.693184 0.24041 1.75581 1.38949e+06
5 0.6941 0.238667 1.75863 1.38952e+06
5 0.694059 0.236835 1.76299 1.38956e+06
5 0.692221 0.235535 1.76623 1.38958e+06
5 0.691475 0.234211 1.77135 1.38962e+06
5 0.691107 0.233595 1.77322 1.38964e+06
5 0.690957 0.232918 1.7763 1.38968e+06
5 0.690226 0.233228 1.77131 1.38973e+06
5 0.689132 0.233197 1.76828 1.38974e+06

6 0.248053 0.30401 1.77667 1.39218e+06
6 0.247121 0.302599 1.77109 1.39222e+06
6 0.246325 0.301552 1.76922 1.39225e+06
6 0.246977 0.302208 1.76473 1.39228e+06
6 0.245992 0.299573 1.76098 1.39232e+06
6 0.249861 0.295807 1.75696 1.39235e+06
6 0.250222 0.293737 1.75457 1.39238e+06
6 0.254525 0.291414 1.75514 1.39242e+06
6 0.257814 0.290703 1.75272 1.39245e+06
6 0.263233 0.287918 1.74828 1.39248e+06
6 0.268831 0.287184 1.74301 1.39252e+06
6 0.274254 0.287155 1.73924 1.39255e+06
6 0.279748 0.288941 1.73773 1.39258e+06
6 0.286821 0.288517 1.74114 1.39262e+06
6 0.2939 0.289427 1.74575 1.39265e+06
6 0.29951 0.294755 1.74868 1.39268e+06
6 0.302966 0.300383 1.749 1.39272e+06
6 0.306819 0.307169 1.75124 1.39275e+06
6 0.310314 0.313471 1.75748 1.39278e+06
6 0.312898 0.318253 1.75495 1.39282e+06
6 0.31594 0.324561 1.76058 1.39285e+06
6 0.31687 0.329257 1.75908 1.39289e+06
6 0.319495 0.342965 1.77103 1.39292e+06
6 0.317383 0.349013 1.77153 1.39295e+06
6 0.314817 0.35421 1.77447 1.39299e+06
6 0.313296 0.36149 1.78063 1.39302e+06
6 0.307984 0.367794 1.77894 1.39306e+06
6 0.306655 0.376421 1.78677 1.39309e+06
6 0.300422 0.379033 1.77765 1.39312e+06
6 0.294929 0.38101 1.77909 1.39316e+06
6 0.289397 0.387151 1.78194 1.39319e+06
6 0.286305 0.390712 1.78239 1.39322e+06
6 0.285113 0.399941 1.79304 1.39326e+06
6 0.282262 0.407379 1.80281 1.39329e+06
6 0.279072 0.411076 1.80633 1.39332e+06
6 0.275998 0.416854 1.80633 1.39336e+06
6 0.272767 0.420528 1.80876 1.39339e+06
6 0.271298 0.425394 1.82165 1.39343e+06
6 0.270385 0.431286 1.82525 1.39346e+06
6 0.270385 0.439897 1.82747 1.39349e+06
6 0.268953 0.446098 1.82981 1.39353e+06
6 0.268718 0.452957 1.83735 1.39356e+06
6 0.26692 0.459235 1.841 1.39359e+06
6 0.275547 0.467271 1.85993 1.39363e+06
6 0.27658 0.470515 1.85572 1.39366e+06
6 0.276556 0.476943 1.85126 1.3937e+06
6 0.277619 0.482917 1.8525 1.39373e+06
6 0.284858 0.485697 1.85817 1.39376e+06
6 0.288737 0.4891 1.86261 1.3938e+06
6 0.293419 0.49404 1.86829 1.39383e+06
6 0.297123 0.498982 1.86853 1.39385e+06
6 0.30165 0.502857 1.86675 1.3939e+06
6 0.311755 0.500989 1.87122 1.39392e+06
6 0.318759 0.501414 1.86357 1.39395e+06
6 0.32402 0.502925 1.85426 1.39398e+06
6 0.32803 0.504409 1.8468 1.39402e+06
6 0.334666 0.497645 1.84818 1.39405e+06
6 0.339356 0.491271 1.84741 1.39408e+06
6 0.34202 0.487517 1.84036 1.39412e+06
6 0.344146 0.479243 1.83697 1.39415e+06
6 0.345004 0.468481 1.8325 1.39418e+06
6 0.34465 0.459396 1.8267 1.39422e+06
6 0.345122 0.449065 1.82257 1.39425e+06
6 0.342141 0.43972 1.81723 1.39428e+06
6 0.340751 0.43377 1.80752 1.39432e+06
6 0.337695 0.421155 1.8073 1.39435e+06
6 0.335659 0.41441 1.80459 1.39438e+06
6 0.331573 0.405588 1.79656 1.39442e+06
6 0.325005 0.400957 1.78372 1.39445e+06
6 0.32086 0.391166 1.78049 1.39448e+06
6 0.316746 0.384404 1.77665 1.39452e+06
6 0.310285 0.377967 1.77266 1.39456e+06
6 0.306486 0.374356 1.77045 1.3946e+06
6 0.301154 0.370564 1.75897 1.39462e+06
6 0.295998 0.364506 1.75338 1.39466e+06
6 0.292489 0.361125 1.7557 1.3947e+06
6 0.289909 0.357119 1.75644 1.39473e+06
6 0.285424 0.355555 1.75676 1.39476e+06
6 0.280914 0.353474 1.75629 1.3948e+06
6 0.27738 0.351478 1.75168 1.39481e+06
6 0.27412 0.350618 1.74822 1.39486e+06
6 0.271904 0.347122 1.74827 1.39488e+06
6 0.269126 0.34673 1.75107 1.39491e+06
6 0.265536 0.343668 1.74914 1.39496e+06
6 0.263288 0.34064 1.743 1.395e+06
6 0.260381 0.339541 1.74304 1.39503e+06
6 0.259963 0.338216 1.74064 1.39506e+06
6 0.256987 0.337834 1.73743 1.39509e+06
6 0.2584 0.332412 1.74089 1.39513e+06
6 0.257959 0.329747 1.73637 1.39516e+06
6 0.254207 0.32574 1.73685 1.3952e+06
6 0.252096 0.323768 1.73347 1.39523e+06
6 0.25152 0.322759 1.7279 1.39526e+06
6 0.251053 0.323848 1.72564 1.39529e+06
6 0.249444 0.318328 1.72493 1.39533e+06
6 0.248673 0.314927 1.7235 1.39536e+06
6 0.248123 0.313124 1.72345 1.3954e+06
6 0.249111 0.309655 1.72561 1.39543e+06
6 0.24706 0.307909 1.72584 1.39546e+06
6 0.245357 0.305941 1.7217 1.3955e+06
6 0.244359 0.304361 1.72111 1.39553e+06

7 0.687077 0.463096 1.65541 1.41745e+06
7 0.689883 0.46054 1.65224 1.41748e+06
7 0.68998 0.459959 1.65397 1.4175e+06
7 0.69186 0.459083 1.65224 1.41755e+06
7 0.694426 0.459684 1.65426 1.41757e+06
7 0.692843 0.459139 1.65804 1.4176e+06
7 0.695591 0.456762 1.65886 1.41765e+06
7 0.697632 0.455956 1.65979 1.41768e+06
7 0.698992 0.455264 1.6623 1.41772e+06
7 0.699974 0.455074 1.66403 1.41775e+06
7 0.703511 0.455413 1.66171 1.41778e+06
7 0.708674 0.456556 1.65981 1.41782e+06
7 0.710549 0.455452 1.66428 1.41785e+06
7 0.714533 0.456872 1.66505 1.41788e+06
7 0.717704 0.460742 1.66496 1.41792e+06
7 0.720589 0.465567 1.66305 1.41795e+06
7 0.721906 0.468765 1.66512 1.41798e+06
7 0.72261 0.469839 1.67119 1.41801e+06
7 0.722034 0.47291 1.6786 1.41805e+06
7 0.722162 0.479989 1.67923 1.41808e+06
7 0.722559 0.485109 1.68226 1.41811e+06
7 0.720694 0.491419 1.6785 1.41815e+06
7 0.718182 0.496915 1.6834 1.41818e+06
7 0.716122 0.499786 1.68471 1.41821e+06
7 0.714225 0.50393 1.68394 1.41825e+06
7 0.711432 0.508504 1.68187 1.41828e+06
7 0.707523 0.513379 1.68027 1.41832e+06
7 0.704285 0.516642 1.68029 1.41835e+06
7 0.698315 0.518299 1.68076 1.41838e+06
7 0.694683 0.523655 1.68004 1.41842e+06
7 0.690173 0.52724 1.68315 1.41845e+06
7 0.684936 0.53128 1.68196 1.41848e+06
7 0.682262 0.533563 1.68233 1.41851e+06
7 0.678652 0.538782 1.68343 1.41855e+06
7 0.676695 0.540207 1.68494 1.41858e+06
7 0.673047 0.545406 1.68647 1.41862e+06
7 0.671379 0.548036 1.69079 1.41865e+06
7 0.669553 0.552992 1.69472 1.41868e+06
7 0.669266 0.558139 1.69688 1.41872e+06
7 0.669684 0.56197 1.70189 1.41875e+06
7 0.672322 0.563989 1.70711 1.41878e+06
7 0.674356 0.568979 1.71048 1.41882e+06
7 0.67717 0.573132 1.7177 1.41885e+06
7 0.680179 0.573865 1.72112 1.41888e+06
7 0.683301 0.574754 1.72402 1.41892e+06
7 0.687823 0.575022 1.72613 1.41895e+06
7 0.692431 0.57101 1.72711 1.41897e+06
7 0.696247 0.568264 1.72695 1.41902e+06
7 0.70128 0.565968 1.72331 1.41904e+06
7 0.703229 0.563054 1.72144 1.41907e+06
7 0.70613 0.560572 1.71883 1.4191e+06
7 0.708623 0.555903 1.71704 1.41914e+06
7 0.712035 0.551471 1.71291 1.41917e+06
7 0.712083 0.547054 1.70874 1.41921e+06
7 0.71369 0.541157 1.70609 1.41924e+06
7 0.715253 0.537027 1.7038 1.41927e+06
7 0.715545 0.533067 1.69823 1.41931e+06
7 0.715273 0.531182 1.69079 1.41934e+06
7 0.715587 0.528865 1.68454 1.41938e+06
7 0.714445 0.524371 1.68012 1.41941e+06
7 0.7138 0.521248 1.67601 1.41944e+06
7 0.712823 0.51913 1.66946 1.41948e+06
7 0.711923 0.517542 1.66468 1.41951e+06
7 0.710368 0.515001 1.66225 1.41954e+06
7 0.705838 0.509678 1.66152 1.41958e+06
7 0.702959 0.506586 1.65826 1.41961e+06
7 0.701131 0.504934 1.65404 1.41964e+06
7 0.699503 0.503616 1.64966 1.41968e+06
7 0.698911 0.502236 1.64899 1.41971e+06
7 0.697708 0.496647 1.65012 1.41974e+06
7 0.696325 0.493689 1.64911 1.41978e+06
7 0.695726 0.490811 1.64448 1.41981e+06
7 0.69494 0.489172 1.64006 1.41985e+06
7 0.69295 0.481971 1.64209 1.41988e+06
7 0.690228 0.47688 1.6434 1.41991e+06
7 0.687851 0.474726 1.63819 1.41995e+06
7 0.68721 0.47266 1.632 1.41998e+06
7 0.68576 0.468092 1.63269 1.42001e+06
7 0.68478 0.462465 1.63113 1.42004e+06
7 0.684868 0.459927 1.62813 1.42008e+06
7 0.685463 0.458053 1.62823 1.42011e+06
7 0.685854 0.455744 1.6288 1.42015e+06
7 0.685293 0.451666 1.63157 1.42018e+06
7 0.684245 0.449893 1.6312 1.42021e+06
7 0.684413 0.451149 1.62914 1.42025e+06

8 0.780263 0.419263 1.67528 1.42275e+06
8 0.779985 0.419753 1.67439 1.42277e+06
8 0.779715 0.418506 1.67551 1.42282e+06
8 0.78001 0.416008 1.67881 1.42285e+06
8 0.779513 0.414596 1.67884 1.42287e+06
8 0.779637 0.413813 1.68065 1.42292e+06
8 0.779512 0.411581 1.68777 1.42294e+06
8 0.780579 0.409058 1.68179 1.42297e+06
8 0.783525 0.407368 1.6741 1.42302e+06
8 0.785948 0.403053 1.67128 1.42304e+06
8 0.787561 0.400339 1.67056 1.42307e+06
8 0.789142 0.393796 1.67653 1.42311e+06
8 0.791764 0.391952 1.67731 1.42314e+06
8 0.796355 0.388729 1.68117 1.42317e+06
8 0.799307 0.388706 1.68459 1.42321e+06
8 0.803623 0.388927 1.68841 1.42324e+06
8 0.806746 0.388786 1.69283 1.42327e+06
8 0.810164 0.388933 1.70207 1.42331e+06
8 0.813541 0.392686 1.70356 1.42334e+06
8 0.814085 0.395804 1.71191 1.42338e+06
8 0.815586 0.400124 1.71201 1.42341e+06
8 0.816616 0.403427 1.71809 1.42344e+06
8 0.815943 0.410955 1.7197 1.42348e+06
8 0.81748 0.416963 1.7209 1.42351e+06
8 0.816334 0.424244 1.72422 1.42354e+06
8 0.816022 0.429764 1.72705 1.42358e+06
8 0.812731 0.435886 1.72648 1.42361e+06
8 0.810184 0.445924 1.7221 1.42364e+06
8 0.806081 0.451393 1.72088 1.42368e+06
8 0.799523 0.45464 1.71949 1.42371e+06
8 0.793663 0.461754 1.71281 1.42374e+06
8 0.786914 0.466284 1.70958 1.42378e+06
8 0.781773 0.466965 1.70856 1.42381e+06
8 0.776883 0.475551 1.71198 1.42384e+06
8 0.771385 0.480876 1.71186 1.42388e+06
8 0.766983 0.487538 1.71178 1.42391e+06
8 0.760802 0.495083 1.70995 1.42395e+06
8 0.758092 0.50207 1.71008 1.42398e+06
8 0.756263 0.509547 1.71368 1.42401e+06
8 0.754333 0.515734 1.7149 1.42405e+06
8 0.754706 0.523303 1.71979 1.42409e+06
8 0.755902 0.528491 1.72504 1.42411e+06
8 0.755926 0.532239 1.72924 1.42415e+06
8 0.756826 0.5338 1.73755 1.42418e+06
8 0.757955 0.539264 1.7433 1.42421e+06
8 0.760148 0.541136 1.75019 1.42424e+06
8 0.76454 0.54363 1.75543 1.42428e+06
8 0.769087 0.542411 1.76163 1.42431e+06
8 0.774083 0.541616 1.76706 1.42434e+06
8 0.774491 0.53963 1.77081 1.42438e+06
8 0.778034 0.538776 1.76841 1.42441e+06
8 0.78245 0.535606 1.76787 1.42445e+06
8 0.785408 0.531214 1.76772 1.42448e+06
8 0.790249 0.526378 1.76753 1.42451e+06
8 0.79092 0.523999 1.75982 1.42455e+06
8 0.793892 0.518053 1.75521 1.42458e+06
8 0.794728 0.510182 1.75099 1.42462e+06
8 0.794931 0.50544 1.74615 1.42465e+06
8 0.794476 0.495781 1.74109 1.42468e+06
8 0.796567 0.491411 1.73679 1.42472e+06
8 0.799185 0.486658 1.72522 1.42475e+06
8 0.799772 0.479879 1.71932 1.42478e+06
8 0.798005 0.475522 1.71312 1.42482e+06
8 0.796609 0.466577 1.71066 1.42485e+06
8 0.796316 0.459906 1.70643 1.42488e+06
8 0.79517 0.457142 1.6967 1.42492e+06
8 0.795404 0.453595 1.68957 1.42495e+06
8 0.793824 0.449731 1.68214 1.42498e+06
8 0.792397 0.446062 1.68143 1.42502e+06
8 0.789831 0.441795 1.68507 1.42505e+06
8 0.787631 0.436095 1.68806 1.42508e+06
8 0.787802 0.432002 1.68335 1.42511e+06
8 0.787648 0.429694 1.67573 1.42515e+06
8 0.787039 0.428483 1.668 1.42518e+06
8 0.785382 0.425215 1.66715 1.42521e+06
8 0.783149 0.420142 1.66341 1.42525e+06
8 0.780081 0.419205 1.66045 1.42528e+06
8 0.780068 0.417452 1.66034 1.42532e+06
8 0.778295 0.418003 1.65581 1.42535e+06
8 0.777571 0.418178 1.65496 1.42538e+06
8 0.776888 0.418538 1.65168 1.42542e+06
8 0.776645 0.417795 1.65181 1.42545e+06
8 0.776311 0.41819 1.64989 1.42548e+06
8 0.774501 0.416514 1.65572 1.42552e+06

9 0.648904 0.107208 1.60971 1.42832e+06
9 0.64942 0.106144 1.60839 1.42835e+06
9 0.650637 0.106131 1.60694 1.42838e+06
9 0.652282 0.104615 1.60706 1.42842e+06
9 0.652818 0.104415 1.60677 1.42845e+06
9 0.653512 0.10394 1.60822 1.42848e+06
9 0.654156 0.101936 1.60751 1.42852e+06
9 0.655749 0.0984792 1.60931 1.42855e+06
9 0.658896 0.0984882 1.60953 1.4286e+06
9 0.661627 0.0976135 1.61384 1.42862e+06
9 0.665664 0.0998048 1.61511 1.42865e+06
9 0.668136 0.101635 1.61584 1.42868e+06
9 0.670418 0.103518 1.61528 1.42872e+06
9 0.671363 0.106729 1.61358 1.42875e+06
9 0.674427 0.10878 1.61347 1.42878e+06
9 0.677031 0.113166 1.61181 1.42882e+06
9 0.680126 0.116888 1.61033 1.42885e+06
9 0.681593 0.122807 1.60383 1.42888e+06
9 0.682928 0.128196 1.60086 1.42892e+06
9 0.685826 0.130844 1.6019 1.42895e+06
9 0.687241 0.13524 1.60271 1.42898e+06
9 0.688255 0.14198 1.59804 1.42902e+06
9 0.687529 0.149762 1.59897 1.42905e+06
9 0.686155 0.156687 1.59708 1.42908e+06
9 0.686483 0.1598 1.59411 1.42911e+06
9 0.683329 0.165454 1.59389 1.42915e+06
9 0.680997 0.172056 1.58855 1.42918e+06
9 0.677925 0.180894 1.58915 1.42921e+06
9 0.674847 0.187358 1.59147 1.42925e+06
9 0.669207 0.193972 1.58684 1.42928e+06
9 0.663746 0.199171 1.58494 1.42932e+06
9 0.65767 0.206806 1.58131 1.42935e+06
9 0.653588 0.211988 1.58131 1.42938e+06
9 0.651772 0.217037 1.58218 1.42941e+06
9 0.648586 0.220909 1.58617 1.42945e+06
9 0.646277 0.229584 1.58665 1.42948e+06
9 0.646403 0.237556 1.58449 1.42951e+06
9 0.647121 0.24688 1.5862 1.42955e+06
9 0.648542 0.252304 1.58299 1.42958e+06
9 0.650038 0.257218 1.58116 1.42962e+06
9 0.649353 0.259612 1.57916 1.42965e+06
9 0.650813 0.262621 1.58199 1.42968e+06
9 0.6543 0.264875 1.58462 1.42971e+06
9 0.659343 0.266384 1.58467 1.42975e+06
9 0.662304 0.267487 1.58797 1.42978e+06
9 0.665091 0.268376 1.59027 1.42982e+06
9 0.670412 0.26817 1.58701 1.42985e+06
9 0.675177 0.269979 1.58406 1.42988e+06
9 0.678763 0.268477 1.58478 1.42991e+06
9 0.68278 0.262173 1.58534 1.42995e+06
9 0.685985 0.257969 1.58734 1.42998e+06
9 0.688615 0.252408 1.58662 1.43002e+06
9 0.688645 0.245461 1.58203 1.43005e+06
9 0.689234 0.24098 1.57867 1.43008e+06
9 0.688055 0.236398 1.57767 1.43012e+06
9 0.688042 0.229929 1.57459 1.43015e+06
9 0.687869 0.22588 1.56977 1.43018e+06
9 0.686426 0.219185 1.57184 1.43022e+06
9 0.683545 0.213741 1.57324 1.43025e+06
9 0.681315 0.210818 1.57053 1.43028e+06
9 0.677661 0.205037 1.56972 1.43032e+06
9 0.674474 0.202029 1.56697 1.43035e+06
9 0.670013 0.198395 1.56587 1.43039e+06
9 0.665265 0.193445 1.56157 1.43042e+06
9 0.661246 0.190084 1.56136 1.43045e+06
9 0.657443 0.186572 1.55856 1.43048e+06
9 0.653815 0.180597 1.55556 1.43052e+06
9 0.651731 0.17665 1.55237 1.43055e+06
9 0.649029 0.172438 1.55263 1.43059e+06
9 0.647574 0.170128 1.55203 1.43062e+06
9 0.646742 0.164125 1.551 1.43065e+06
9 0.644205 0.1608 1.54716 1.43069e+06
9 0.641775 0.157187 1.54542 1.43072e+06
9 0.639204 0.152931 1.5434 1.43076e+06
9 0.638856 0.149225 1.54468 1.43079e+06
9 0.637635 0.146003 1.54307 1.43082e+06
9 0.637081 0.143045 1.54426 1.43086e+06
9 0.639144 0.138122 1.54911 1.43089e+06
9 0.639734 0.135745 1.55106 1.43092e+06
9 0.639858 0.133181 1.55209 1.43096e+06
9 0.640475 0.129497 1.55351 1.43099e+06
9 0.641197 0.127068 1.55468 1.43103e+06
9 0.641209 0.123896 1.55626 1.43104e+06
9 0.64192 0.120468 1.55542 1.43109e+06
9 0.643294 0.118064 1.55556 1.43113e+06
9 0.644339 0.115641 1.55657 1.43116e+06
9 0.645889 0.114183 1.55743 1.43119e+06
9 0.646118 0.112854 1.55893 1.43123e+06
9 0.647919 0.111199 1.5613 1.43124e+06
9 0.649096 0.110532 1.56286 1.43129e+06
9 0.649382 0.109464 1.56282 1.43131e+06
9 0.650791 0.109071 1.56424 1.43134e+06
9 0.652295 0.108883 1.56511 1.43139e+06
9 0.652807 0.107919 1.56655 1.43141e+06
9 0.653001 0.107322 1.56559 1.43144e+06

