Gesto: 8
0 0.558489 0.174356 1.58188 488299
0 0.55808 0.174306 1.58043 488332
0 0.558719 0.173839 1.58256 488366
0 0.55821 0.173208 1.58601 488401
0 0.555329 0.173396 1.58588 488434
0 0.55361 0.174327 1.5823 488468
0 0.552632 0.174682 1.57962 488502
0 0.548399 0.176578 1.57997 488535
0 0.545444 0.181021 1.57968 488569
0 0.542621 0.185421 1.57616 488603
0 0.536676 0.189324 1.56577 488636
0 0.537083 0.19502 1.56887 488669
0 0.537575 0.204386 1.56988 488703
0 0.538118 0.211102 1.57104 488737
0 0.539099 0.219605 1.57068 488770
0 0.540544 0.225239 1.56934 488804
0 0.542816 0.229928 1.56971 488838
0 0.546224 0.234412 1.56575 488870
0 0.553628 0.239592 1.56579 488904
0 0.559258 0.245045 1.56758 488937
0 0.567208 0.251328 1.56485 488972
0 0.574438 0.255194 1.56535 489004
0 0.581168 0.260209 1.56833 489037
0 0.589754 0.264965 1.57334 489071
0 0.595657 0.272653 1.57837 489106
0 0.603049 0.27858 1.57856 489139
0 0.607045 0.283687 1.57776 489172
0 0.611313 0.28913 1.58099 489204
0 0.614968 0.296082 1.58114 489238
0 0.61724 0.301653 1.57975 489272
0 0.61633 0.308005 1.57989 489304
0 0.614102 0.312659 1.5824 489338
0 0.610958 0.317553 1.58115 489372
0 0.606317 0.322911 1.58385 489404
0 0.599734 0.327595 1.58356 489439
0 0.595075 0.33055 1.58214 489471
0 0.587619 0.336965 1.574 489504
0 0.579918 0.339716 1.57394 489536
0 0.572437 0.342186 1.57169 489570
0 0.565711 0.343443 1.56885 489602
0 0.558754 0.34403 1.56869 489635
0 0.550209 0.344251 1.56554 489669
0 0.541466 0.344404 1.56348 489701
0 0.535148 0.339021 1.56452 489736
0 0.528245 0.334995 1.56273 489769
0 0.523859 0.326589 1.56266 489801
0 0.519156 0.318662 1.56345 489835
0 0.5168 0.311493 1.5619 489868
0 0.514771 0.304418 1.5594 489904
0 0.515495 0.294188 1.56016 489937
0 0.517786 0.2858 1.56169 489970
0 0.520794 0.277195 1.56147 490004
0 0.524759 0.270392 1.56174 490038
0 0.527831 0.26536 1.55892 490071
0 0.534267 0.260895 1.55989 490103
0 0.540567 0.256017 1.56029 490137
0 0.546277 0.252676 1.5594 490170
0 0.551786 0.251242 1.56207 490205
0 0.55791 0.249299 1.56349 490237
0 0.564132 0.24841 1.56088 490271
0 0.569603 0.245265 1.5577 490305
0 0.574458 0.243505 1.55616 490339
0 0.580098 0.238936 1.55838 490373
0 0.581884 0.236225 1.55997 490407
0 0.584061 0.232843 1.56264 490441
0 0.586111 0.230329 1.56707 490475
0 0.585091 0.225346 1.56536 490509
0 0.585593 0.220439 1.56524 490542
0 0.582901 0.217321 1.56815 490576
0 0.580146 0.212709 1.56844 490609
0 0.577899 0.207233 1.56901 490627
0 0.573911 0.203653 1.57163 490676
0 0.568691 0.198159 1.56908 490710
0 0.565437 0.193804 1.56772 490727
0 0.562749 0.190747 1.56817 490778
0 0.557376 0.185157 1.5678 490795
0 0.554397 0.180924 1.57016 490829
0 0.548712 0.178078 1.56972 490878
0 0.54534 0.175548 1.57225 490895
0 0.539432 0.174917 1.57054 490927
0 0.53602 0.173118 1.57427 490978
0 0.533853 0.172142 1.57548 490995
0 0.532728 0.171209 1.57832 491029
0 0.531677 0.171049 1.58071 491078
0 0.531353 0.171159 1.58135 491095

1 0.68359 0.20407 1.72498 497172
1 0.683692 0.203602 1.72537 497205
1 0.683454 0.203773 1.72518 497237
1 0.6837 0.204047 1.7267 497271
1 0.683563 0.204458 1.7276 497304
1 0.683415 0.205121 1.72605 497338
1 0.682038 0.205884 1.72943 497371
1 0.680488 0.205091 1.72936 497404
1 0.67648 0.205794 1.72745 497437
1 0.672849 0.207443 1.7304 497471
1 0.669967 0.211864 1.7301 497504
1 0.668216 0.215297 1.73026 497538
1 0.667517 0.222833 1.73195 497572
1 0.666538 0.228126 1.72866 497605
1 0.667626 0.232994 1.72856 497639
1 0.673067 0.239479 1.73253 497673
1 0.675822 0.243915 1.73284 497707
1 0.679361 0.248256 1.72985 497741
1 0.685078 0.254909 1.73336 497773
1 0.690355 0.260502 1.73198 497806
1 0.698817 0.267354 1.74264 497839
1 0.707361 0.272967 1.74424 497873
1 0.713104 0.27649 1.75258 497907
1 0.719807 0.28261 1.75291 497941
1 0.72607 0.288313 1.75125 497974
1 0.730829 0.292555 1.75402 498007
1 0.736327 0.298245 1.75745 498040
1 0.741514 0.304949 1.75409 498074
1 0.742765 0.310824 1.75433 498108
1 0.744363 0.3191 1.75561 498141
1 0.745583 0.324992 1.75684 498173
1 0.744912 0.333116 1.75195 498207
1 0.740918 0.338177 1.75196 498240
1 0.734922 0.343543 1.74877 498273
1 0.726908 0.3474 1.74391 498307
1 0.719438 0.350062 1.74436 498341
1 0.712838 0.349996 1.74737 498374
1 0.704002 0.350789 1.74132 498407
1 0.695046 0.350738 1.74022 498441
1 0.687293 0.350285 1.73852 498475
1 0.679138 0.348353 1.73433 498509
1 0.671924 0.34322 1.73363 498543
1 0.664667 0.338966 1.73094 498576
1 0.659987 0.33095 1.73085 498611
1 0.65651 0.323317 1.73055 498652
1 0.655714 0.315275 1.73122 498670
1 0.654556 0.306805 1.73136 498702
1 0.655241 0.300912 1.73125 498736
1 0.658149 0.292747 1.72998 498769
1 0.66416 0.287119 1.73411 498803
1 0.670639 0.280662 1.73812 498837
1 0.676561 0.275515 1.7392 498870
1 0.684532 0.269014 1.74224 498905
1 0.688741 0.264887 1.74341 498939
1 0.69815 0.258456 1.75189 498970
1 0.704813 0.253199 1.75243 499004
1 0.710486 0.243338 1.75989 499038
1 0.716824 0.237011 1.76125 499072
1 0.719905 0.231594 1.76476 499106
1 0.721019 0.224993 1.76465 499140
1 0.722204 0.21755 1.76794 499174
1 0.723452 0.208833 1.76559 499207
1 0.724549 0.203047 1.76859 499240
1 0.722013 0.198257 1.77034 499274
1 0.716777 0.191498 1.76555 499307
1 0.712342 0.186172 1.76032 499341
1 0.70885 0.182018 1.76589 499375
1 0.70152 0.177838 1.76699 499409
1 0.693667 0.175773 1.76169 499443
1 0.687222 0.175007 1.76055 499477
1 0.680023 0.174499 1.75517 499511
1 0.672475 0.172577 1.74763 499545
1 0.665498 0.173271 1.74305 499579
1 0.662198 0.175293 1.75168 499613
1 0.66102 0.177258 1.75848 499646

2 0.423402 0.183664 1.72888 503453
2 0.421182 0.183003 1.72491 503486
2 0.418276 0.182332 1.71943 503518
2 0.415811 0.183285 1.72543 503552
2 0.414759 0.183952 1.73144 503584
2 0.414749 0.185791 1.7282 503618
2 0.413116 0.186399 1.72976 503650
2 0.411934 0.18635 1.73345 503684
2 0.408773 0.186236 1.73206 503717
2 0.405455 0.188424 1.72533 503750
2 0.403575 0.192449 1.72532 503782
2 0.402472 0.19759 1.72582 503816
2 0.402024 0.200912 1.7253 503849
2 0.401572 0.208728 1.7274 503883
2 0.402283 0.214194 1.72407 503917
2 0.408798 0.218276 1.72863 503950
2 0.410576 0.226474 1.72765 503983
2 0.412182 0.23125 1.72648 504015
2 0.417122 0.235479 1.7263 504047
2 0.420773 0.242569 1.72405 504080
2 0.427549 0.246746 1.7265 504113
2 0.433378 0.248856 1.72405 504146
2 0.439447 0.253605 1.722 504180
2 0.445061 0.259523 1.72063 504213
2 0.452097 0.26389 1.71689 504246
2 0.458878 0.267396 1.72225 504280
2 0.465622 0.273537 1.72326 504314
2 0.469282 0.27786 1.72445 504345
2 0.475493 0.282283 1.72791 504379
2 0.478891 0.288878 1.72744 504413
2 0.479305 0.294129 1.73089 504446
2 0.479853 0.300252 1.73196 504480
2 0.47659 0.305159 1.73458 504515
2 0.474577 0.309823 1.73463 504547
2 0.469718 0.314911 1.73041 504580
2 0.465673 0.317283 1.72871 504617
2 0.45881 0.320736 1.72366 504660
2 0.454429 0.322206 1.72729 504677
2 0.447724 0.321622 1.72664 504710
2 0.44204 0.319515 1.72932 504741
2 0.435575 0.319057 1.73073 504790
2 0.430312 0.316121 1.7319 504807
2 0.423736 0.316311 1.731 504840
2 0.41836 0.312444 1.73342 504889
2 0.414623 0.306067 1.73462 504921
2 0.409873 0.300013 1.73691 504954
2 0.406079 0.291533 1.73874 504988
2 0.404621 0.285654 1.7361 505022
2 0.402676 0.276473 1.73536 505039
2 0.402716 0.269674 1.73386 505090
2 0.406069 0.263661 1.73415 505107
2 0.409304 0.256792 1.73483 505141
2 0.415152 0.253431 1.73528 505190
2 0.418923 0.246673 1.73521 505222
2 0.422435 0.241167 1.7318 505254
2 0.42894 0.237843 1.7295 505286
2 0.433219 0.236087 1.7317 505320
2 0.437336 0.236845 1.7276 505354
2 0.443978 0.233852 1.7321 505388
2 0.44761 0.229081 1.7341 505421
2 0.4522 0.224465 1.73528 505455
2 0.453985 0.222545 1.73293 505489
2 0.455265 0.21692 1.72895 505506
2 0.455341 0.213002 1.72117 505540
2 0.455267 0.208353 1.72319 505574
2 0.452788 0.204998 1.72451 505608
2 0.450043 0.200478 1.72212 505642
2 0.448736 0.195701 1.72453 505676
2 0.445655 0.192847 1.72742 505709
2 0.442014 0.189317 1.73274 505743
2 0.439738 0.187479 1.73432 505777
2 0.435081 0.186617 1.73258 505810
2 0.431176 0.186106 1.7323 505843
2 0.428726 0.185645 1.7343 505878
2 0.42677 0.185414 1.73641 505912
2 0.424961 0.186672 1.73465 505946
2 0.420014 0.186667 1.7337 505980
2 0.417307 0.186177 1.73323 506014
2 0.415645 0.185615 1.73402 506047
2 0.41484 0.18618 1.73303 506081

3 0.29651 0.194867 1.70353 508948
3 0.296451 0.195272 1.70271 508981
3 0.296708 0.195494 1.6993 509015
3 0.295799 0.194298 1.70233 509049
3 0.294436 0.194291 1.70709 509083
3 0.292502 0.195071 1.70875 509116
3 0.287092 0.196748 1.70381 509150
3 0.283214 0.200881 1.70192 509184
3 0.281429 0.203599 1.69981 509217
3 0.28115 0.206919 1.70053 509251
3 0.278197 0.214314 1.70359 509285
3 0.276362 0.220994 1.69689 509319
3 0.276025 0.227963 1.69928 509353
3 0.279555 0.232806 1.7019 509387
3 0.282218 0.23509 1.70572 509419
3 0.287542 0.238231 1.7057 509453
3 0.290844 0.24151 1.70825 509487
3 0.295604 0.247221 1.70171 509521
3 0.301844 0.249866 1.70447 509554
3 0.308607 0.254804 1.70584 509587
3 0.314411 0.259394 1.70347 509621
3 0.320787 0.264612 1.70422 509653
3 0.324789 0.267701 1.70764 509687
3 0.330059 0.27526 1.71298 509721
3 0.332978 0.280839 1.71684 509755
3 0.337076 0.286989 1.7203 509789
3 0.338821 0.291557 1.72412 509822
3 0.338814 0.297001 1.72151 509856
3 0.339492 0.301768 1.72566 509891
3 0.334255 0.308722 1.72364 509923
3 0.328095 0.313728 1.72036 509957
3 0.32279 0.315803 1.71671 509992
3 0.316408 0.318127 1.71463 510024
3 0.310809 0.31647 1.71783 510058
3 0.307458 0.31414 1.72316 510092
3 0.301883 0.310856 1.72569 510109
3 0.295518 0.307444 1.72263 510160
3 0.289612 0.303517 1.72154 510193
3 0.287674 0.296376 1.71959 510210
3 0.285381 0.291165 1.7184 510261
3 0.284788 0.28651 1.71654 510277
3 0.285774 0.280008 1.71801 510311
3 0.288162 0.275656 1.71964 510345
3 0.292008 0.269042 1.72019 510379
3 0.29447 0.265539 1.71696 510411
3 0.298787 0.26033 1.71947 510461
3 0.302145 0.257288 1.7199 510478
3 0.308206 0.254147 1.72228 510510
3 0.313532 0.249292 1.72352 510560
3 0.317867 0.24495 1.72589 510593
3 0.32062 0.242167 1.72419 510628
3 0.325113 0.237609 1.72567 510662
3 0.329839 0.229867 1.72755 510678
3 0.330898 0.224171 1.72646 510728
3 0.330422 0.220094 1.72762 510761
3 0.329641 0.213156 1.72736 510778
3 0.328427 0.20806 1.73058 510828
3 0.327564 0.205267 1.73095 510845
3 0.324201 0.200547 1.72683 510879
3 0.319272 0.197819 1.72641 510913
3 0.313327 0.196729 1.7271 510946
3 0.310635 0.193609 1.72401 510980
3 0.304528 0.191133 1.72508 511029
3 0.299908 0.189271 1.72774 511045
3 0.297371 0.188508 1.7317 511080
3 0.296174 0.189338 1.73307 511113

4 0.174067 0.186739 1.7367 514832
4 0.173328 0.18647 1.73399 514849
4 0.173747 0.186495 1.73959 514883
4 0.174172 0.186488 1.74414 514916
4 0.172688 0.185798 1.7457 514950
4 0.169237 0.185771 1.74061 514983
4 0.166214 0.186151 1.73504 515032
4 0.1635 0.189759 1.73654 515049
4 0.16199 0.191532 1.73253 515082
4 0.161562 0.193384 1.73846 515132
4 0.161182 0.197827 1.73828 515149
4 0.156597 0.204327 1.74264 515182
4 0.156581 0.20953 1.74656 515232
4 0.158837 0.216506 1.74991 515248
4 0.160537 0.223213 1.74587 515280
4 0.161988 0.228104 1.74757 515331
4 0.166365 0.231465 1.74334 515363
4 0.173926 0.23304 1.73908 515397
4 0.182759 0.23726 1.72339 515431
4 0.187092 0.241589 1.7345 515448
4 0.195373 0.246051 1.73595 515498
4 0.200992 0.248559 1.73642 515532
4 0.207374 0.251489 1.74048 515549
4 0.21326 0.255373 1.74208 515599
4 0.218313 0.26122 1.74748 515616
4 0.222384 0.270199 1.74796 515650
4 0.226354 0.275667 1.74567 515684
4 0.22825 0.282253 1.75077 515717
4 0.228609 0.289163 1.75285 515751
4 0.228551 0.295679 1.74901 515784
4 0.224708 0.300686 1.74874 515817
4 0.222044 0.305817 1.74559 515850
4 0.218064 0.309645 1.74773 515884
4 0.213176 0.311534 1.74621 515916
4 0.207361 0.314607 1.73929 515950
4 0.201037 0.314553 1.73834 515983
4 0.192942 0.312709 1.74222 516017
4 0.185192 0.309248 1.742 516051
4 0.178835 0.304406 1.73641 516100
4 0.172356 0.300727 1.73402 516132
4 0.169221 0.293105 1.73269 516150
4 0.165863 0.288225 1.73218 516199
4 0.16298 0.284954 1.73403 516216
4 0.162692 0.276503 1.73314 516250
4 0.1627 0.270524 1.73355 516283
4 0.163746 0.263109 1.73503 516317
4 0.169231 0.258599 1.73633 516351
4 0.175545 0.253735 1.73119 516385
4 0.179827 0.248242 1.73278 516417
4 0.184399 0.2445 1.73198 516451
4 0.187283 0.240779 1.73708 516485
4 0.19213 0.238136 1.7365 516519
4 0.195939 0.234483 1.73958 516553
4 0.201925 0.229936 1.74334 516586
4 0.20432 0.224802 1.74069 516620
4 0.205831 0.22007 1.74785 516654
4 0.207077 0.215447 1.74746 516687
4 0.206455 0.210401 1.74413 516721
4 0.207387 0.205326 1.74383 516755
4 0.207027 0.201302 1.74829 516788
4 0.203461 0.198458 1.74389 516822
4 0.199982 0.197371 1.74756 516856
4 0.194948 0.194146 1.74922 516890
4 0.190873 0.192353 1.75059 516924
4 0.186767 0.190574 1.74981 516956
4 0.181046 0.187135 1.75342 516989
4 0.177115 0.189688 1.74952 517023
4 0.172833 0.190212 1.74895 517056
4 0.173374 0.190526 1.74563 517089
4 0.170607 0.191881 1.74421 517121
4 0.168076 0.194737 1.73967 517154
4 0.165739 0.197974 1.74171 517188
4 0.166179 0.198339 1.7492 517222
4 0.164158 0.198813 1.74784 517255
4 0.162559 0.198323 1.74964 517288
4 0.161426 0.199074 1.75062 517323

5 0.804011 0.181267 1.9635 530439
5 0.803919 0.181414 1.96046 530473
5 0.804472 0.180698 1.96207 530506
5 0.804263 0.180507 1.96264 530540
5 0.804368 0.180613 1.96718 530573
5 0.801871 0.182187 1.96237 530606
5 0.79739 0.181098 1.96516 530639
5 0.795654 0.18098 1.96182 530673
5 0.792793 0.181832 1.96092 530707
5 0.787697 0.183559 1.96138 530740
5 0.781683 0.190546 1.96475 530771
5 0.778856 0.195238 1.96304 530804
5 0.77649 0.198329 1.95892 530838
5 0.774622 0.200504 1.95718 530872
5 0.772244 0.207261 1.95976 530907
5 0.772628 0.214053 1.95683 530940
5 0.77055 0.223526 1.9561 530974
5 0.775927 0.230567 1.9569 531006
5 0.778058 0.236131 1.95536 531040
5 0.782863 0.244606 1.9536 531074
5 0.786277 0.249486 1.95307 531108
5 0.790214 0.254778 1.93737 531141
5 0.796023 0.2618 1.93424 531175
5 0.80139 0.26726 1.93642 531208
5 0.808471 0.270532 1.94326 531241
5 0.814308 0.279419 1.95387 531275
5 0.821911 0.28401 1.96446 531308
5 0.826218 0.288792 1.96478 531343
5 0.829095 0.295979 1.97235 531375
5 0.830961 0.301987 1.97615 531408
5 0.831715 0.310803 1.97934 531442
5 0.832471 0.318862 1.9765 531476
5 0.832709 0.325036 1.9726 531510
5 0.828024 0.332813 1.97464 531544
5 0.824464 0.337194 1.97801 531578
5 0.818956 0.339302 1.97184 531595
5 0.812339 0.340681 1.97044 531629
5 0.806364 0.341248 1.96387 531680
5 0.799593 0.339827 1.95701 531712
5 0.791642 0.334218 1.96116 531729
5 0.787668 0.330564 1.9644 531763
5 0.783272 0.326586 1.96126 531797
5 0.778528 0.318031 1.96138 531831
5 0.77538 0.313034 1.95862 531864
5 0.774543 0.303143 1.96288 531898
5 0.776354 0.295737 1.96179 531930
5 0.77939 0.286839 1.96694 531964
5 0.778655 0.27903 1.96035 531998
5 0.783662 0.274838 1.95739 532032
5 0.787969 0.27181 1.95756 532065
5 0.793533 0.269196 1.9566 532099
5 0.798373 0.266899 1.96559 532132
5 0.802627 0.262506 1.96544 532172
5 0.808097 0.257323 1.9696 532209
5 0.81261 0.249598 1.96784 532240
5 0.815944 0.243922 1.96965 532274
5 0.818863 0.239085 1.97619 532308
5 0.819325 0.231644 1.97314 532341
5 0.818434 0.224804 1.96954 532375
5 0.820585 0.224333 1.96718 532407
5 0.818228 0.215097 1.96871 532441
5 0.817224 0.206526 1.9705 532475
5 0.810879 0.202537 1.96729 532507
5 0.808842 0.199169 1.97134 532541
5 0.80019 0.193228 1.96988 532575
5 0.795408 0.189755 1.97499 532609
5 0.793467 0.186107 1.97452 532643
5 0.789591 0.183871 1.97843 532677
5 0.784013 0.188392 1.98199 532711
5 0.777722 0.188568 1.97509 532744
5 0.774181 0.19058 1.97615 532778
5 0.772789 0.189319 1.97304 532811

6 0.26927 0.360928 1.93427 539938
6 0.268743 0.360819 1.93512 539971
6 0.26888 0.361438 1.93186 540004
6 0.267863 0.360908 1.93389 540038
6 0.266187 0.35703 1.93582 540071
6 0.264902 0.358696 1.93651 540105
6 0.263771 0.362063 1.93714 540137
6 0.262204 0.363113 1.94818 540171
6 0.258049 0.366363 1.94974 540204
6 0.255123 0.370513 1.94798 540253
6 0.253219 0.374509 1.94722 540269
6 0.255096 0.378918 1.95797 540304
6 0.25575 0.388111 1.95503 540336
6 0.258149 0.394676 1.9582 540371
6 0.262065 0.401689 1.9547 540421
6 0.268427 0.409249 1.95219 540438
6 0.273182 0.414807 1.93991 540470
6 0.280074 0.418513 1.94433 540520
6 0.287498 0.421001 1.94485 540552
6 0.296336 0.426518 1.94507 540585
6 0.305798 0.432667 1.94975 540618
6 0.311104 0.435113 1.94841 540652
6 0.318655 0.437253 1.95364 540669
6 0.324259 0.442977 1.95242 540719
6 0.329135 0.450863 1.96203 540751
6 0.331079 0.455804 1.9545 540785
6 0.335323 0.461521 1.96629 540819
6 0.334667 0.469457 1.96784 540852
6 0.333983 0.473274 1.97326 540885
6 0.332351 0.475651 1.98299 540918
6 0.329943 0.484201 1.97963 540951
6 0.324207 0.490175 1.97596 540984
6 0.318727 0.494212 1.97086 541017
6 0.310412 0.501881 1.97089 541049
6 0.304792 0.50527 1.97102 541082
6 0.296664 0.506982 1.97342 541116
6 0.290596 0.507644 1.97281 541150
6 0.283835 0.501936 1.97569 541183
6 0.274536 0.499046 1.96879 541217
6 0.269227 0.491848 1.96808 541249
6 0.265946 0.484691 1.96954 541284
6 0.262918 0.477924 1.97003 541317
6 0.262549 0.469099 1.97427 541351
6 0.262878 0.461746 1.96579 541384
6 0.263687 0.456315 1.96473 541418
6 0.265311 0.449075 1.96458 541452
6 0.270434 0.44357 1.95809 541469
6 0.27842 0.439901 1.95935 541521
6 0.285781 0.432065 1.95863 541537
6 0.293287 0.425859 1.95861 541569
6 0.299556 0.419845 1.95212 541619
6 0.306598 0.410614 1.9555 541652
6 0.311246 0.406424 1.94805 541685
6 0.314521 0.401689 1.94918 541719
6 0.318274 0.395254 1.94728 541752
6 0.323296 0.388818 1.94875 541787
6 0.323292 0.383272 1.94496 541818
6 0.322169 0.37654 1.94314 541852
6 0.320387 0.369358 1.94405 541886
6 0.319363 0.365344 1.94048 541917
6 0.313286 0.357303 1.93459 541950
6 0.309555 0.352224 1.9306 541983
6 0.30666 0.348583 1.93597 542016
6 0.301885 0.346337 1.93546 542050
6 0.2971 0.345991 1.93242 542084
6 0.291482 0.345159 1.92676 542118
6 0.28737 0.345398 1.93069 542151
6 0.284777 0.345972 1.9334 542184
6 0.28161 0.347058 1.93691 542217
6 0.282277 0.349515 1.93687 542251
6 0.282925 0.355397 1.92689 542285
6 0.281922 0.357076 1.93418 542319
6 0.282049 0.359063 1.93189 542352
6 0.282351 0.359845 1.92935 542386
6 0.281508 0.361354 1.93039 542420
6 0.279967 0.36278 1.93742 542436
6 0.280292 0.363983 1.93742 542487
6 0.278 0.367317 1.9398 542504
6 0.274038 0.37026 1.93585 542539
6 0.275199 0.371129 1.93893 542588
6 0.274168 0.374313 1.93947 542605
6 0.271863 0.37566 1.94006 542639
6 0.269998 0.375808 1.94034 542673
6 0.269337 0.376183 1.94001 542707

7 0.413752 0.34473 1.93032 545314
7 0.414108 0.344587 1.93066 545347
7 0.413135 0.346376 1.92884 545381
7 0.412614 0.346143 1.93482 545414
7 0.409903 0.347979 1.93585 545448
7 0.404428 0.348194 1.93703 545479
7 0.401982 0.349315 1.93818 545513
7 0.400274 0.354427 1.93504 545546
7 0.398837 0.359193 1.9367 545580
7 0.395764 0.363734 1.93648 545614
7 0.392487 0.371414 1.93773 545647
7 0.391122 0.378924 1.93698 545681
7 0.390511 0.385755 1.93538 545715
7 0.393432 0.394537 1.93343 545749
7 0.395738 0.401293 1.93544 545783
7 0.398778 0.403699 1.93708 545816
7 0.404573 0.413196 1.92946 545850
7 0.412815 0.417488 1.93888 545883
7 0.419214 0.418843 1.93079 545915
7 0.424281 0.42191 1.93311 545949
7 0.432142 0.426876 1.93274 545983
7 0.442885 0.427282 1.94005 546017
7 0.447412 0.432968 1.93353 546050
7 0.453111 0.43783 1.93519 546084
7 0.458194 0.440007 1.93728 546118
7 0.46399 0.442693 1.94814 546151
7 0.470125 0.447907 1.95271 546184
7 0.47399 0.453053 1.95173 546218
7 0.475265 0.458186 1.95674 546252
7 0.473543 0.466437 1.95414 546285
7 0.472884 0.472331 1.95649 546318
7 0.471133 0.478925 1.95794 546352
7 0.46813 0.484933 1.95678 546386
7 0.46246 0.489322 1.95959 546420
7 0.457622 0.491149 1.96081 546454
7 0.45156 0.490957 1.96248 546488
7 0.444231 0.492938 1.95991 546522
7 0.435687 0.493673 1.95938 546556
7 0.427011 0.491948 1.95336 546590
7 0.419379 0.491204 1.95364 546623
7 0.414438 0.481772 1.95867 546656
7 0.408599 0.479539 1.95971 546690
7 0.405371 0.469212 1.96468 546724
7 0.402083 0.46218 1.96494 546758
7 0.399151 0.450816 1.96588 546775
7 0.398225 0.445048 1.95927 546809
7 0.398978 0.435941 1.96579 546843
7 0.400379 0.425496 1.96505 546877
7 0.400338 0.418327 1.95665 546911
7 0.404377 0.40996 1.9534 546945
7 0.408171 0.40223 1.9536 546979
7 0.416348 0.397245 1.96036 547012
7 0.424955 0.394956 1.96227 547044
7 0.430915 0.388592 1.9593 547076
7 0.434732 0.38409 1.94974 547109
7 0.44152 0.382954 1.95578 547158
7 0.448839 0.37697 1.96725 547190
7 0.454227 0.372171 1.96539 547223
7 0.458142 0.366819 1.96251 547256
7 0.460023 0.358461 1.95993 547289
7 0.461521 0.352134 1.96037 547307
7 0.459654 0.343875 1.95228 547357
7 0.457614 0.341607 1.9548 547389
7 0.454875 0.334862 1.95701 547421
7 0.451154 0.331785 1.95666 547454
7 0.446207 0.329037 1.95567 547486
7 0.44418 0.326696 1.95325 547519
7 0.440433 0.325562 1.95376 547552
7 0.434889 0.325306 1.9448 547585
7 0.429496 0.325186 1.94883 547618
7 0.427131 0.325963 1.95214 547651
7 0.425756 0.327216 1.95283 547685
7 0.425075 0.327631 1.95069 547718
7 0.421843 0.329059 1.95237 547752
7 0.421544 0.329751 1.95312 547787
7 0.41901 0.335316 1.95685 547819
7 0.417791 0.335261 1.95172 547853
7 0.417593 0.335062 1.93467 547886
7 0.413623 0.338923 1.94077 547920
7 0.411981 0.342023 1.94378 547955
7 0.411333 0.343381 1.94576 547989
7 0.411268 0.343392 1.94601 548022
7 0.411157 0.345582 1.94178 548055
7 0.412762 0.349152 1.9415 548087
7 0.413361 0.351321 1.94631 548120
7 0.413978 0.353453 1.94716 548153
7 0.414374 0.354352 1.95261 548187
7 0.414542 0.357673 1.94871 548219

8 0.576044 0.373727 1.94004 550819
8 0.576173 0.373491 1.93988 550852
8 0.576797 0.372205 1.94254 550886
8 0.575166 0.368644 1.94214 550920
8 0.573752 0.36592 1.94101 550953
8 0.572266 0.365187 1.93458 550987
8 0.570948 0.364946 1.93438 551021
8 0.565511 0.364808 1.93593 551053
8 0.561432 0.364601 1.93772 551086
8 0.55626 0.371797 1.93799 551120
8 0.55248 0.375059 1.93654 551154
8 0.545099 0.378133 1.93476 551187
8 0.539927 0.384166 1.93936 551219
8 0.538535 0.389778 1.95188 551253
8 0.535787 0.396787 1.94958 551288
8 0.536435 0.403309 1.95651 551320
8 0.537175 0.412764 1.95822 551353
8 0.541432 0.416128 1.95901 551386
8 0.543737 0.427362 1.95541 551420
8 0.545737 0.435475 1.9488 551454
8 0.552566 0.444322 1.93805 551487
8 0.560754 0.452271 1.93685 551521
8 0.567591 0.456886 1.94245 551553
8 0.57527 0.463263 1.94633 551587
8 0.582173 0.469048 1.95173 551619
8 0.591415 0.472282 1.95622 551653
8 0.598468 0.476289 1.96316 551685
8 0.601941 0.482701 1.96801 551719
8 0.605087 0.488557 1.96968 551752
8 0.606543 0.495397 1.97383 551784
8 0.605187 0.502258 1.97539 551819
8 0.604075 0.506612 1.97646 551852
8 0.599931 0.510787 1.97829 551885
8 0.592235 0.510383 1.98345 551918
8 0.584132 0.511001 1.98701 551952
8 0.576235 0.512218 1.98721 551984
8 0.569069 0.510972 1.98715 552018
8 0.558641 0.510028 1.98356 552050
8 0.552299 0.503175 1.98097 552083
8 0.544143 0.497861 1.97548 552116
8 0.539649 0.488565 1.97532 552149
8 0.53767 0.476963 1.97553 552183
8 0.535177 0.466303 1.9749 552217
8 0.534777 0.455459 1.97466 552250
8 0.534902 0.448868 1.96858 552283
8 0.536776 0.442525 1.96504 552317
8 0.542843 0.435177 1.97115 552351
8 0.546985 0.42928 1.97019 552384
8 0.552195 0.424349 1.96687 552418
8 0.561161 0.424044 1.96561 552451
8 0.566773 0.421924 1.96336 552485
8 0.571981 0.416734 1.96139 552518
8 0.580117 0.412861 1.96571 552550
8 0.582827 0.406467 1.9549 552583
8 0.584625 0.400439 1.9498 552615
8 0.586097 0.395434 1.9453 552649
8 0.589536 0.391842 1.9531 552682
8 0.588187 0.387206 1.95 552715
8 0.587576 0.37787 1.95098 552748
8 0.58729 0.370037 1.95283 552798
8 0.583053 0.365391 1.94881 552815
8 0.579186 0.359801 1.94797 552848
8 0.574776 0.354949 1.94683 552898
8 0.570311 0.353746 1.94661 552915
8 0.565624 0.351102 1.9457 552948
8 0.562379 0.349079 1.94865 552982
8 0.555889 0.3466 1.94495 553016
8 0.551764 0.344951 1.94586 553048

9 0.696032 0.380749 1.91154 555693
9 0.696368 0.380465 1.91761 555728
9 0.694518 0.380069 1.91185 555761
9 0.692203 0.380191 1.90006 555794
9 0.691587 0.380606 1.90307 555827
9 0.691564 0.379515 1.90776 555861
9 0.691172 0.379959 1.90526 555894
9 0.685829 0.38077 1.90636 555927
9 0.682731 0.381978 1.91288 555959
9 0.680025 0.383412 1.91336 555993
9 0.675989 0.386622 1.9139 556025
9 0.676247 0.389115 1.91634 556059
9 0.6736 0.393853 1.92064 556092
9 0.672043 0.399441 1.9205 556124
9 0.672662 0.402658 1.92333 556158
9 0.672092 0.404933 1.92272 556190
9 0.673898 0.413258 1.92168 556224
9 0.677546 0.419245 1.92379 556258
9 0.68194 0.422808 1.92602 556292
9 0.686385 0.422977 1.92139 556325
9 0.693879 0.427547 1.92496 556359
9 0.699157 0.433672 1.92214 556392
9 0.704081 0.436103 1.92949 556426
9 0.709812 0.440056 1.93065 556458
9 0.714396 0.442471 1.92896 556491
9 0.719778 0.445217 1.93359 556524
9 0.722213 0.450278 1.93227 556557
9 0.726245 0.454612 1.94049 556591
9 0.728922 0.458076 1.94532 556624
9 0.731853 0.465293 1.94275 556656
9 0.734326 0.471046 1.9461 556690
9 0.733001 0.475198 1.94824 556724
9 0.731779 0.481312 1.95015 556756
9 0.726973 0.486535 1.94933 556790
9 0.722094 0.489143 1.95208 556824
9 0.718958 0.492661 1.95418 556858
9 0.713827 0.493987 1.9521 556891
9 0.707768 0.494302 1.95265 556924
9 0.701472 0.49452 1.95253 556956
9 0.693092 0.494492 1.9459 556990
9 0.685847 0.495077 1.9377 557024
9 0.679208 0.491356 1.93531 557057
9 0.671955 0.484174 1.93637 557091
9 0.668204 0.479158 1.93381 557125
9 0.664116 0.470557 1.93708 557159
9 0.663688 0.46454 1.93269 557193
9 0.66493 0.453137 1.94285 557227
9 0.661969 0.448129 1.93516 557261
9 0.662765 0.443308 1.93125 557295
9 0.665501 0.434693 1.93865 557329
9 0.668713 0.429917 1.94033 557362
9 0.674138 0.425053 1.93919 557396
9 0.67792 0.423716 1.93685 557430
9 0.685637 0.423986 1.93416 557464
9 0.689653 0.423205 1.93257 557498
9 0.695383 0.420782 1.93732 557532
9 0.700388 0.417265 1.92789 557566
9 0.704807 0.414391 1.92906 557600
9 0.70933 0.409812 1.92481 557617
9 0.714225 0.403763 1.92495 557668
9 0.713327 0.397327 1.92321 557685
9 0.710914 0.39323 1.91909 557719
9 0.710159 0.389804 1.91964 557768
9 0.711763 0.384294 1.92521 557785
9 0.709954 0.381144 1.92472 557818
9 0.707283 0.378996 1.92556 557869
9 0.704189 0.377431 1.92989 557886
9 0.702981 0.37182 1.92745 557919
9 0.699994 0.370904 1.9259 557968
9 0.695853 0.368272 1.92405 557985
9 0.691661 0.368843 1.91321 558019
9 0.689441 0.366488 1.90723 558052
9 0.688479 0.367122 1.90561 558086
9 0.687583 0.367709 1.90875 558119
9 0.687443 0.369363 1.90788 558153
9 0.687743 0.369599 1.91018 558187

