Gesto: 8
0 0.6091 0.19087 1.61388 589588
0 0.608516 0.189029 1.61266 589622
0 0.608728 0.186105 1.61664 589654
0 0.607753 0.186077 1.61718 589687
0 0.603963 0.182812 1.61436 589719
0 0.600762 0.178717 1.61105 589752
0 0.598502 0.17625 1.6093 589785
0 0.597125 0.17495 1.60956 589818
0 0.593065 0.17294 1.60871 589850
0 0.589984 0.171566 1.61102 589883
0 0.58629 0.172378 1.61058 589918
0 0.581925 0.171945 1.60774 589952
0 0.57557 0.169864 1.60297 589984
0 0.570709 0.168281 1.59993 590016
0 0.565567 0.169344 1.59957 590048
0 0.560045 0.174129 1.59786 590099
0 0.553783 0.179519 1.59746 590115
0 0.548798 0.186581 1.59662 590149
0 0.544591 0.195207 1.59189 590182
0 0.540686 0.203205 1.58585 590216
0 0.537967 0.211113 1.58238 590248
0 0.536217 0.220371 1.57792 590298
0 0.538769 0.231691 1.57634 590315
0 0.540892 0.24198 1.58037 590348
0 0.545361 0.251772 1.57904 590397
0 0.549373 0.260639 1.57453 590430
0 0.553358 0.268212 1.575 590446
0 0.557248 0.272079 1.57361 590496
0 0.56101 0.27369 1.57211 590530
0 0.566522 0.27469 1.57216 590563
0 0.570869 0.275163 1.57155 590596
0 0.573587 0.27503 1.57051 590631
0 0.57753 0.276406 1.56741 590665
0 0.582029 0.278325 1.57086 590697
0 0.585204 0.27997 1.57326 590732
0 0.589212 0.281766 1.57184 590765
0 0.592582 0.284717 1.57324 590782
0 0.593674 0.288181 1.57203 590815
0 0.594792 0.291887 1.57723 590866
0 0.596373 0.295872 1.58322 590884
0 0.59682 0.301115 1.58703 590916
0 0.596114 0.307891 1.58775 590964
0 0.596675 0.312647 1.58969 590998
0 0.596339 0.317728 1.58918 591014
0 0.593752 0.321421 1.59037 591065
0 0.590969 0.325966 1.5926 591082
0 0.589251 0.331101 1.58996 591116
0 0.586081 0.334794 1.58563 591150
0 0.582183 0.33817 1.5836 591184
0 0.577726 0.342044 1.58277 591217
0 0.573887 0.344455 1.58184 591250
0 0.57024 0.347183 1.58045 591284
0 0.566342 0.348712 1.57269 591316
0 0.560787 0.348645 1.56746 591365
0 0.557235 0.346718 1.5627 591382
0 0.552974 0.343999 1.56021 591415
0 0.550158 0.3425 1.55953 591465
0 0.546334 0.33745 1.55443 591482
0 0.542664 0.331457 1.54863 591516
0 0.540791 0.3252 1.54707 591549
0 0.538228 0.319661 1.54472 591583
0 0.538018 0.311571 1.54184 591618
0 0.536547 0.302721 1.53888 591652
0 0.535796 0.295627 1.5361 591686
0 0.536504 0.287411 1.53333 591719
0 0.537303 0.279916 1.53034 591753
0 0.539632 0.273966 1.52993 591787
0 0.543797 0.265793 1.52771 591821
0 0.546409 0.260023 1.53005 591854
0 0.550183 0.254141 1.53272 591888
0 0.552403 0.24696 1.53278 591921
0 0.557294 0.242181 1.53609 591955
0 0.56239 0.235573 1.53875 591988
0 0.567202 0.228844 1.53647 592020
0 0.570212 0.223701 1.53692 592054
0 0.572563 0.220337 1.53884 592088
0 0.577678 0.216116 1.5396 592122
0 0.580772 0.212636 1.54395 592155
0 0.582311 0.211155 1.54678 592189
0 0.583034 0.208214 1.54519 592222
0 0.587221 0.204796 1.55126 592255
0 0.589806 0.201942 1.55239 592288
0 0.59136 0.199576 1.5551 592321
0 0.592304 0.19803 1.55502 592355
0 0.595883 0.197621 1.55921 592388
0 0.599526 0.196895 1.55905 592421
0 0.601316 0.196077 1.56095 592454
0 0.60295 0.195516 1.56328 592487
0 0.604076 0.195192 1.56581 592521
0 0.605977 0.194241 1.56512 592554

1 0.320176 0.234266 1.58782 594321
1 0.320622 0.233433 1.58836 594353
1 0.32163 0.233257 1.58684 594387
1 0.322364 0.233221 1.58513 594420
1 0.323337 0.233792 1.58153 594453
1 0.324783 0.232361 1.58418 594487
1 0.326242 0.229632 1.58326 594519
1 0.327804 0.226768 1.58675 594553
1 0.32922 0.225029 1.5856 594587
1 0.328485 0.21933 1.58465 594621
1 0.32678 0.21175 1.57839 594653
1 0.326265 0.208708 1.5773 594686
1 0.324797 0.204592 1.57926 594720
1 0.323125 0.20036 1.57907 594755
1 0.321955 0.197276 1.57998 594789
1 0.318262 0.194741 1.58073 594822
1 0.315938 0.191327 1.57997 594857
1 0.313867 0.191074 1.58091 594890
1 0.310669 0.189701 1.58256 594924
1 0.306686 0.190392 1.58233 594957
1 0.303791 0.191419 1.58147 594991
1 0.301406 0.193152 1.58124 595024
1 0.30025 0.19519 1.58566 595058
1 0.299223 0.201176 1.58368 595091
1 0.298874 0.205249 1.58108 595125
1 0.298701 0.209486 1.57708 595158
1 0.299704 0.214872 1.57514 595192
1 0.301315 0.218887 1.57262 595227
1 0.304327 0.221398 1.57142 595261
1 0.306461 0.226056 1.57147 595293
1 0.311445 0.227303 1.56964 595327
1 0.315188 0.229495 1.56944 595360
1 0.319493 0.232134 1.56909 595393
1 0.323262 0.235166 1.56616 595426
1 0.3255 0.238463 1.56219 595461
1 0.327952 0.243027 1.56461 595494
1 0.330068 0.246757 1.56465 595528
1 0.330962 0.250521 1.56613 595562
1 0.332135 0.255637 1.57004 595594
1 0.332635 0.263881 1.57399 595628
1 0.33306 0.269607 1.57593 595661
1 0.332729 0.274306 1.5796 595694
1 0.33182 0.281701 1.5793 595727
1 0.328961 0.286138 1.57469 595760
1 0.326053 0.288743 1.57132 595793
1 0.323298 0.290527 1.57277 595826
1 0.318978 0.291774 1.568 595859
1 0.31603 0.291553 1.5681 595894
1 0.314266 0.291282 1.57003 595927
1 0.30982 0.291337 1.56875 595961
1 0.308222 0.287778 1.56898 595993
1 0.306476 0.284218 1.56852 596027
1 0.304806 0.281775 1.56707 596060
1 0.303553 0.280151 1.56636 596094
1 0.30241 0.274385 1.56648 596127
1 0.302563 0.269882 1.56574 596161
1 0.30301 0.267252 1.5635 596194
1 0.303167 0.265815 1.56397 596227
1 0.303297 0.261748 1.55837 596260
1 0.303845 0.256653 1.55948 596294
1 0.304271 0.254101 1.55872 596328
1 0.304884 0.251624 1.55978 596362
1 0.305978 0.248475 1.55781 596395
1 0.307935 0.245354 1.55486 596428
1 0.31037 0.242356 1.55851 596462
1 0.312501 0.239938 1.56165 596496
1 0.314666 0.23812 1.56337 596529
1 0.316263 0.235848 1.56507 596562
1 0.319599 0.234675 1.56898 596595
1 0.321975 0.235289 1.56761 596628
1 0.323002 0.235385 1.56837 596661
1 0.323721 0.235275 1.56735 596694
1 0.324038 0.234933 1.56669 596727

2 0.404255 0.278876 1.61472 605669
2 0.404417 0.277623 1.60562 605703
2 0.403084 0.276417 1.60041 605737
2 0.400982 0.274848 1.59636 605771
2 0.399932 0.273454 1.59412 605804
2 0.399165 0.272513 1.59447 605837
2 0.396948 0.268165 1.59308 605871
2 0.397473 0.264222 1.59197 605905
2 0.39671 0.262093 1.59221 605939
2 0.394921 0.259819 1.59418 605973
2 0.3951 0.255604 1.59095 606008
2 0.395825 0.252132 1.58766 606041
2 0.394973 0.249798 1.58989 606074
2 0.395257 0.247935 1.59179 606108
2 0.397035 0.246314 1.59306 606140
2 0.398719 0.24114 1.58838 606173
2 0.401755 0.238619 1.58549 606207
2 0.402154 0.236773 1.58665 606242
2 0.405958 0.234257 1.58606 606275
2 0.407957 0.232732 1.58619 606309
2 0.409216 0.231942 1.58605 606342
2 0.411519 0.230421 1.592 606375
2 0.41555 0.230686 1.59235 606409
2 0.418303 0.230846 1.59 606443
2 0.42103 0.231486 1.59223 606476
2 0.423719 0.232522 1.59102 606509
2 0.424334 0.234338 1.59315 606542
2 0.426486 0.237864 1.59887 606577
2 0.428113 0.240515 1.59912 606593
2 0.427983 0.242948 1.59887 606644
2 0.427114 0.245133 1.59583 606677
2 0.426163 0.247943 1.59309 606695
2 0.425984 0.252485 1.59839 606746
2 0.423752 0.255179 1.59742 606763
2 0.422696 0.25683 1.59576 606796
2 0.420185 0.258634 1.58987 606829
2 0.417452 0.260459 1.59404 606863
2 0.415317 0.263282 1.59366 606896
2 0.412851 0.267268 1.59247 606946
2 0.413003 0.270025 1.5974 606962
2 0.411524 0.27147 1.59499 606996
2 0.410577 0.272379 1.59272 607031
2 0.408718 0.274168 1.59083 607065
2 0.405541 0.275903 1.58882 607098
2 0.402404 0.278825 1.59 607131
2 0.400546 0.283049 1.58752 607165
2 0.399316 0.285342 1.58724 607198
2 0.400314 0.288555 1.59187 607232
2 0.400723 0.292537 1.59753 607266
2 0.401103 0.297984 1.59851 607300
2 0.402445 0.301556 1.59833 607333
2 0.404716 0.305201 1.59829 607364
2 0.407068 0.309018 1.5972 607398
2 0.408292 0.310458 1.59861 607430
2 0.410934 0.309788 1.60337 607463
2 0.414521 0.309265 1.60117 607497
2 0.417709 0.310574 1.60374 607530
2 0.419291 0.312175 1.60317 607563
2 0.423302 0.310122 1.60642 607613
2 0.427145 0.307078 1.60889 607629
2 0.430065 0.305662 1.60955 607662
2 0.432581 0.304324 1.60857 607712
2 0.432411 0.302143 1.60637 607746
2 0.433623 0.298362 1.60437 607762
2 0.434224 0.294059 1.60337 607812
2 0.432477 0.290652 1.59864 607829
2 0.431767 0.288506 1.59439 607862
2 0.43073 0.283264 1.59158 607911
2 0.427678 0.278556 1.58263 607945
2 0.424691 0.275402 1.58114 607961
2 0.419709 0.271738 1.58134 608010
2 0.416543 0.269604 1.58411 608043
2 0.41376 0.266115 1.58186 608076
2 0.412149 0.263672 1.5805 608110

3 0.644396 0.569621 1.55405 610011
3 0.643546 0.56951 1.55308 610044
3 0.640906 0.568579 1.55115 610079
3 0.637736 0.567977 1.54798 610113
3 0.632904 0.567182 1.54484 610147
3 0.62981 0.566352 1.54455 610164
3 0.628083 0.561041 1.54285 610197
3 0.626983 0.557056 1.5425 610247
3 0.625091 0.550953 1.54455 610280
3 0.622638 0.546744 1.54461 610297
3 0.623443 0.540719 1.54617 610348
3 0.625144 0.533567 1.54773 610365
3 0.626581 0.529345 1.54946 610398
3 0.626861 0.521683 1.54876 610449
3 0.628416 0.517868 1.5521 610465
3 0.631408 0.515506 1.554 610499
3 0.632806 0.514756 1.55413 610548
3 0.635789 0.515253 1.55412 610565
3 0.639235 0.514698 1.55381 610599
3 0.641039 0.51979 1.55677 610633
3 0.64317 0.523925 1.55952 610667
3 0.643251 0.53145 1.56025 610700
3 0.643154 0.537528 1.55927 610734
3 0.643161 0.545131 1.56135 610767
3 0.644306 0.550415 1.56072 610800
3 0.644524 0.555047 1.55871 610834
3 0.643545 0.561891 1.56022 610869
3 0.642429 0.565985 1.55813 610902
3 0.640556 0.572821 1.55915 610936
3 0.638693 0.575521 1.55843 610969
3 0.634624 0.582246 1.55744 611002
3 0.632963 0.589423 1.55861 611036
3 0.629731 0.593141 1.55783 611070
3 0.62693 0.595957 1.55701 611103
3 0.624264 0.598043 1.55414 611137
3 0.621136 0.600589 1.55401 611170
3 0.619891 0.605765 1.55344 611204
3 0.618759 0.609307 1.55164 611238
3 0.618567 0.611806 1.55234 611271
3 0.618445 0.612779 1.54978 611304
3 0.620419 0.613931 1.55243 611339
3 0.621048 0.615407 1.55326 611372
3 0.622545 0.615651 1.55213 611406
3 0.624263 0.616038 1.55311 611439
3 0.628001 0.617618 1.55428 611471
3 0.629007 0.621584 1.55587 611504
3 0.631306 0.624912 1.55762 611538
3 0.633791 0.625803 1.55502 611571
3 0.637108 0.626594 1.55428 611604
3 0.638828 0.626844 1.5578 611638
3 0.64055 0.627685 1.56249 611671
3 0.643606 0.629258 1.56601 611705
3 0.648521 0.629072 1.56771 611740
3 0.649693 0.628989 1.56532 611772
3 0.650923 0.628567 1.56352 611805
3 0.651585 0.628262 1.5643 611839
3 0.654388 0.627128 1.56376 611872
3 0.656334 0.622484 1.56296 611906
3 0.656888 0.620095 1.55761 611940
3 0.657964 0.616507 1.5586 611973
3 0.657497 0.613974 1.55719 612005
3 0.657225 0.611102 1.55495 612037
3 0.656646 0.608396 1.55359 612070
3 0.654525 0.604447 1.55294 612103
3 0.652785 0.600633 1.55381 612136
3 0.651726 0.598237 1.55186 612168
3 0.651954 0.594041 1.54944 612201
3 0.649031 0.588779 1.5471 612235
3 0.647415 0.585246 1.54367 612269
3 0.644562 0.584077 1.54132 612301
3 0.642142 0.582187 1.54235 612334
3 0.640228 0.577486 1.54182 612384
3 0.639432 0.575188 1.54422 612400
3 0.637546 0.573959 1.54002 612432
3 0.636711 0.570671 1.53855 612481
3 0.635257 0.56709 1.53395 612515
3 0.634241 0.564414 1.5331 612548
3 0.632232 0.56578 1.53487 612581

4 0.462011 0.590338 1.46355 614549
4 0.465473 0.588887 1.46583 614583
4 0.467089 0.589781 1.46596 614616
4 0.468662 0.588436 1.46581 614649
4 0.469838 0.587157 1.4681 614682
4 0.473125 0.583762 1.46495 614715
4 0.474364 0.580957 1.46232 614749
4 0.474919 0.579309 1.46232 614782
4 0.476243 0.572831 1.46028 614816
4 0.475904 0.566559 1.45795 614849
4 0.475334 0.559905 1.4547 614883
4 0.473558 0.554865 1.45453 614916
4 0.471232 0.547654 1.45369 614950
4 0.469646 0.543403 1.45605 614967
4 0.468305 0.54113 1.45969 615017
4 0.464091 0.539932 1.46367 615052
4 0.459726 0.537425 1.46462 615070
4 0.455331 0.537309 1.46642 615103
4 0.452255 0.538 1.46917 615137
4 0.449835 0.538821 1.47142 615170
4 0.44803 0.53966 1.47119 615204
4 0.445132 0.54424 1.47176 615238
4 0.445198 0.54841 1.47301 615272
4 0.443479 0.551865 1.47226 615306
4 0.443398 0.5553 1.4728 615341
4 0.4448 0.560138 1.47199 615374
4 0.445871 0.563004 1.46961 615408
4 0.447852 0.565883 1.46857 615440
4 0.450694 0.568484 1.46761 615474
4 0.453816 0.572943 1.46565 615507
4 0.455693 0.575669 1.46604 615542
4 0.458039 0.578224 1.46648 615574
4 0.460985 0.580465 1.46863 615608
4 0.464747 0.583579 1.47032 615640
4 0.465967 0.586872 1.46698 615674
4 0.468028 0.590255 1.46901 615707
4 0.470331 0.591662 1.46896 615741
4 0.474052 0.595275 1.46858 615775
4 0.475306 0.599808 1.46851 615809
4 0.475782 0.603333 1.46665 615843
4 0.474121 0.610535 1.47042 615877
4 0.475285 0.615336 1.47422 615909
4 0.474299 0.61986 1.47633 615942
4 0.471124 0.625522 1.47752 615975
4 0.469086 0.629207 1.47699 616008
4 0.466133 0.631978 1.47675 616041
4 0.463242 0.633868 1.47431 616074
4 0.460149 0.634288 1.47321 616108
4 0.45629 0.634737 1.4717 616143
4 0.452598 0.636122 1.47034 616175
4 0.449254 0.635656 1.47071 616210
4 0.446026 0.635191 1.46947 616242
4 0.442537 0.634155 1.46847 616275
4 0.440586 0.632853 1.46695 616310
4 0.439176 0.630491 1.46853 616343
4 0.43888 0.626685 1.46615 616375
4 0.436206 0.623901 1.46483 616407
4 0.436632 0.621169 1.46358 616441
4 0.437165 0.619029 1.46108 616474
4 0.437669 0.617492 1.45894 616508
4 0.439097 0.614233 1.46074 616540
4 0.440542 0.61126 1.45998 616575
4 0.44196 0.60879 1.46095 616608
4 0.444379 0.607093 1.46018 616641
4 0.445694 0.605823 1.45866 616675
4 0.44636 0.605062 1.45871 616709
4 0.446965 0.604149 1.45733 616741
4 0.448399 0.602843 1.45459 616773
4 0.449716 0.600384 1.45434 616807
4 0.452166 0.597924 1.45658 616841
4 0.45467 0.598211 1.45926 616874
4 0.45657 0.595535 1.45566 616908
4 0.457514 0.59622 1.45565 616940
4 0.460177 0.594773 1.45448 616973
4 0.463739 0.593032 1.45386 617007
4 0.466639 0.593233 1.45543 617040
4 0.468075 0.593678 1.45462 617074
4 0.467712 0.592211 1.4528 617107
4 0.467331 0.591361 1.45418 617141

5 0.299275 0.571145 1.57891 618921
5 0.299892 0.571391 1.58219 618939
5 0.301853 0.573178 1.57927 618973
5 0.306724 0.571555 1.57509 619007
5 0.309948 0.570251 1.57168 619039
5 0.313135 0.568527 1.56916 619071
5 0.315379 0.564798 1.56679 619121
5 0.319309 0.560057 1.56562 619138
5 0.322047 0.557181 1.56527 619189
5 0.323216 0.5502 1.56281 619206
5 0.322242 0.545718 1.56231 619238
5 0.320273 0.54143 1.56561 619289
5 0.317931 0.535262 1.56372 619306
5 0.316478 0.530871 1.56589 619340
5 0.313244 0.529063 1.56617 619390
5 0.309074 0.527627 1.5662 619408
5 0.306538 0.526836 1.56617 619442
5 0.302652 0.527276 1.56594 619475
5 0.300265 0.527152 1.56621 619509
5 0.297139 0.528849 1.56833 619542
5 0.294177 0.533944 1.56837 619574
5 0.292065 0.537534 1.56839 619606
5 0.290863 0.540164 1.56765 619639
5 0.290645 0.546735 1.56452 619673
5 0.290622 0.550962 1.56449 619706
5 0.291068 0.553416 1.56309 619738
5 0.293887 0.556072 1.56202 619788
5 0.298166 0.558657 1.56048 619823
5 0.301911 0.562091 1.56103 619839
5 0.306858 0.56508 1.5592 619874
5 0.310083 0.570221 1.56066 619907
5 0.314152 0.57592 1.56308 619941
5 0.31652 0.579803 1.56452 619975
5 0.319584 0.581808 1.56308 620008
5 0.322618 0.584556 1.56444 620042
5 0.323095 0.588365 1.5643 620076
5 0.323697 0.5925 1.57114 620110
5 0.325229 0.596938 1.56793 620143
5 0.325504 0.600964 1.56639 620177
5 0.32519 0.604484 1.56201 620212
5 0.32431 0.607766 1.56477 620245
5 0.323665 0.610077 1.56448 620277
5 0.32151 0.61194 1.56462 620311
5 0.318515 0.614361 1.56447 620345
5 0.3156 0.614308 1.56259 620378
5 0.313025 0.614664 1.56186 620410
5 0.308977 0.615801 1.56063 620444
5 0.305982 0.615182 1.56042 620477
5 0.303809 0.614717 1.56046 620510
5 0.301301 0.614685 1.55945 620543
5 0.300791 0.614117 1.5597 620576
5 0.297468 0.612864 1.55716 620611
5 0.296358 0.611312 1.55136 620644
5 0.295434 0.608745 1.55011 620679
5 0.294932 0.606932 1.54747 620712
5 0.295259 0.604285 1.54627 620746
5 0.293924 0.601812 1.55007 620780
5 0.293922 0.599181 1.54879 620814
5 0.294526 0.597144 1.54778 620848
5 0.295076 0.596012 1.54837 620881
5 0.294852 0.590944 1.54848 620914
5 0.296531 0.587882 1.54564 620948
5 0.298113 0.585918 1.54721 620983
5 0.299152 0.584709 1.55121 621017
5 0.301205 0.583944 1.55137 621052
5 0.303371 0.582366 1.55145 621088
5 0.305688 0.579471 1.55103 621121
5 0.308941 0.575477 1.54867 621154
5 0.310095 0.572939 1.54929 621188
5 0.311897 0.570973 1.54878 621205
5 0.312951 0.569754 1.55026 621255
5 0.313849 0.569058 1.549 621290

6 0.739101 0.332141 1.50835 623691
6 0.737935 0.336679 1.50203 623723
6 0.736684 0.339021 1.49408 623757
6 0.73526 0.340108 1.48722 623791
6 0.73285 0.340773 1.48391 623825
6 0.729221 0.33934 1.48092 623841
6 0.725308 0.337493 1.47654 623891
6 0.721945 0.332815 1.46985 623925
6 0.71925 0.329311 1.46596 623959
6 0.718162 0.323738 1.46053 623993
6 0.717625 0.318082 1.4594 624009
6 0.716126 0.31199 1.45957 624060
6 0.716192 0.30545 1.45411 624077
6 0.71612 0.30136 1.4581 624112
6 0.715557 0.296794 1.46152 624144
6 0.717259 0.290967 1.46069 624178
6 0.718332 0.287182 1.45866 624211
6 0.719842 0.285453 1.45882 624262
6 0.724009 0.281841 1.4558 624278
6 0.726897 0.278653 1.45636 624312
6 0.729439 0.275302 1.45383 624346
6 0.731403 0.273648 1.46183 624380
6 0.73664 0.276195 1.46533 624414
6 0.740214 0.277724 1.47073 624448
6 0.742436 0.28027 1.4697 624481
6 0.745576 0.281667 1.47107 624515
6 0.748951 0.286027 1.47559 624549
6 0.75054 0.288835 1.47842 624581
6 0.751156 0.291863 1.48285 624616
6 0.750777 0.297732 1.48366 624650
6 0.752029 0.302189 1.48093 624683
6 0.752415 0.305852 1.48193 624716
6 0.751622 0.312794 1.48115 624750
6 0.751944 0.31668 1.48331 624785
6 0.749768 0.320645 1.48255 624818
6 0.74769 0.324578 1.48297 624851
6 0.746134 0.329354 1.48509 624885
6 0.744253 0.332907 1.48013 624919
6 0.741543 0.336945 1.4782 624953
6 0.739278 0.341558 1.47817 624987
6 0.736168 0.345473 1.47691 625021
6 0.733789 0.348179 1.47272 625054
6 0.730558 0.352222 1.46946 625087
6 0.728601 0.354871 1.46749 625121
6 0.726398 0.357677 1.46872 625155
6 0.724857 0.361763 1.46576 625189
6 0.723436 0.364275 1.46446 625223
6 0.722094 0.367691 1.46499 625256
6 0.721739 0.372475 1.46483 625289
6 0.722435 0.375539 1.46449 625322
6 0.722862 0.377769 1.46401 625355
6 0.72482 0.379353 1.46751 625389
6 0.727038 0.382441 1.47463 625424
6 0.72941 0.385389 1.47602 625457
6 0.731349 0.387772 1.47686 625490
6 0.734218 0.389481 1.47637 625524
6 0.739566 0.391003 1.47382 625557
6 0.743002 0.391781 1.47742 625591
6 0.745857 0.392061 1.48072 625625
6 0.748976 0.391543 1.48117 625658
6 0.751519 0.393072 1.48355 625692
6 0.755475 0.392683 1.48402 625726
6 0.758286 0.391836 1.48537 625760
6 0.759602 0.390789 1.48694 625778
6 0.761309 0.389775 1.48544 625828
6 0.761884 0.388014 1.48353 625845
6 0.762872 0.38466 1.48562 625880
6 0.762476 0.38207 1.48417 625914
6 0.762646 0.378755 1.48131 625947
6 0.761963 0.375318 1.48007 625981
6 0.761183 0.372962 1.47897 626015
6 0.761188 0.368961 1.47589 626049
6 0.760695 0.365765 1.47328 626082
6 0.759266 0.363952 1.46964 626114
6 0.757436 0.360666 1.4686 626148
6 0.756681 0.357498 1.46659 626181
6 0.755505 0.354796 1.46357 626215
6 0.75436 0.353811 1.45773 626249
6 0.751379 0.351699 1.45481 626282
6 0.749231 0.350013 1.4506 626315
6 0.747154 0.347226 1.44833 626349
6 0.745092 0.346768 1.4475 626382
6 0.742055 0.346544 1.44046 626416
6 0.73888 0.344548 1.439 626449
6 0.736952 0.343083 1.43606 626482
6 0.733474 0.342791 1.43318 626515
6 0.730806 0.342281 1.43246 626548

7 0.760742 0.59816 1.53024 628051
7 0.756366 0.598249 1.52899 628084
7 0.752791 0.597702 1.52181 628118
7 0.749948 0.596043 1.51532 628151
7 0.747343 0.5916 1.51181 628185
7 0.74359 0.588126 1.50783 628219
7 0.740985 0.583069 1.50623 628254
7 0.738552 0.576322 1.50255 628286
7 0.737231 0.57219 1.50301 628319
7 0.738148 0.564237 1.5035 628352
7 0.737277 0.559047 1.50142 628386
7 0.737411 0.554026 1.50189 628419
7 0.741549 0.547909 1.50093 628452
7 0.744426 0.544071 1.50209 628485
7 0.74646 0.541773 1.50248 628519
7 0.748177 0.540407 1.50648 628552
7 0.749721 0.539774 1.50945 628586
7 0.753583 0.539453 1.51291 628620
7 0.757029 0.539875 1.51448 628654
7 0.759753 0.540468 1.51857 628687
7 0.762992 0.542459 1.52375 628720
7 0.76467 0.547059 1.53077 628754
7 0.765929 0.552285 1.53317 628788
7 0.766041 0.556298 1.53341 628823
7 0.768206 0.562076 1.53521 628856
7 0.767389 0.567152 1.53334 628889
7 0.765857 0.574277 1.53068 628923
7 0.764826 0.579223 1.53132 628957
7 0.763531 0.585248 1.53177 628991
7 0.75878 0.591615 1.53189 629025
7 0.755728 0.596938 1.53001 629060
7 0.752796 0.603653 1.52783 629093
7 0.748812 0.609178 1.52419 629126
7 0.744577 0.613 1.52137 629159
7 0.74208 0.618916 1.51712 629192
7 0.740692 0.62251 1.51594 629225
7 0.739162 0.62897 1.51467 629258
7 0.737244 0.634237 1.51214 629293
7 0.737352 0.637012 1.51426 629326
7 0.737404 0.640689 1.51909 629359
7 0.737976 0.646893 1.51848 629392
7 0.739357 0.65055 1.51761 629425
7 0.740397 0.652791 1.5184 629459
7 0.743696 0.654744 1.52063 629492
7 0.747147 0.655494 1.52199 629524
7 0.749595 0.655757 1.52505 629557
7 0.752767 0.655632 1.52585 629589
7 0.755079 0.655669 1.52978 629624
7 0.758407 0.654483 1.5285 629656
7 0.760671 0.653509 1.52693 629689
7 0.761894 0.651907 1.52727 629721
7 0.763581 0.647108 1.52848 629755
7 0.764267 0.643911 1.52925 629788
7 0.766425 0.641904 1.52841 629821
7 0.767912 0.636491 1.52688 629854
7 0.767983 0.632146 1.52546 629887
7 0.767733 0.629637 1.52565 629920
7 0.767518 0.626392 1.52144 629953
7 0.766937 0.61999 1.51995 629986
7 0.766124 0.616822 1.52236 630019
7 0.765604 0.61287 1.51807 630052
7 0.763567 0.60605 1.51656 630085
7 0.762216 0.601918 1.51465 630118
7 0.760918 0.59873 1.5131 630152
7 0.758364 0.594453 1.51347 630185
7 0.753472 0.591527 1.51307 630220
7 0.751253 0.587951 1.5131 630253

8 0.373905 0.700451 1.57153 633527
8 0.372676 0.701252 1.57196 633561
8 0.370141 0.699351 1.56802 633594
8 0.36875 0.697565 1.56617 633626
8 0.368545 0.694758 1.56263 633659
8 0.367132 0.690737 1.56448 633693
8 0.36457 0.688043 1.56165 633726
8 0.364143 0.685244 1.55824 633759
8 0.364853 0.678576 1.55702 633793
8 0.365719 0.673675 1.55569 633828
8 0.366847 0.668954 1.55502 633860
8 0.366691 0.66347 1.55259 633893
8 0.368229 0.660395 1.55273 633926
8 0.369853 0.657865 1.55122 633959
8 0.372405 0.655351 1.55269 633992
8 0.376268 0.652018 1.5531 634026
8 0.378668 0.651102 1.55512 634059
8 0.384053 0.650166 1.55641 634093
8 0.386967 0.650082 1.5603 634125
8 0.389207 0.65435 1.56265 634158
8 0.391282 0.656553 1.5617 634191
8 0.392165 0.66128 1.5649 634225
8 0.391593 0.667305 1.56342 634257
8 0.392366 0.672015 1.56246 634289
8 0.391421 0.679426 1.5622 634324
8 0.390784 0.684342 1.56419 634357
8 0.389034 0.691511 1.566 634390
8 0.385234 0.697821 1.56926 634423
8 0.38133 0.701777 1.56528 634457
8 0.376768 0.704329 1.56746 634490
8 0.372529 0.709719 1.56574 634524
8 0.37043 0.71315 1.56354 634556
8 0.369313 0.715336 1.56424 634590
8 0.367808 0.719281 1.56189 634624
8 0.366997 0.723331 1.56301 634658
8 0.366916 0.726035 1.56594 634691
8 0.3682 0.729585 1.56656 634724
8 0.370618 0.733856 1.56427 634757
8 0.372516 0.737387 1.56875 634790
8 0.374799 0.739512 1.57103 634824
8 0.377199 0.741836 1.5752 634858
8 0.37986 0.742961 1.57867 634892
8 0.38318 0.744175 1.58286 634925
8 0.386365 0.743529 1.5865 634958
8 0.390461 0.743709 1.58928 634990
8 0.393618 0.745447 1.58091 635023
8 0.397181 0.747223 1.57292 635058
8 0.398746 0.745421 1.57456 635091
8 0.399777 0.743051 1.57386 635125
8 0.401278 0.74016 1.56658 635157
8 0.401439 0.73563 1.56996 635191
8 0.401397 0.731886 1.56937 635224
8 0.40095 0.729483 1.56862 635256
8 0.401544 0.72619 1.56558 635290
8 0.400659 0.722548 1.56756 635322
8 0.400655 0.718815 1.56417 635356
8 0.400664 0.716162 1.55889 635388
8 0.399269 0.713859 1.55839 635422
8 0.397302 0.711101 1.55983 635456
8 0.395368 0.708063 1.55936 635489
8 0.393245 0.705741 1.55698 635522
8 0.391461 0.702682 1.55019 635554
8 0.390041 0.700271 1.54309 635588
8 0.389065 0.698655 1.54303 635621
8 0.387661 0.698181 1.54213 635670
8 0.386662 0.698373 1.54549 635687
8 0.382525 0.697687 1.54373 635720

9 0.849076 0.267024 1.54198 638796
9 0.850995 0.267846 1.5427 638829
9 0.853433 0.268516 1.546 638862
9 0.858335 0.269123 1.54887 638895
9 0.862956 0.268543 1.54857 638928
9 0.86593 0.266494 1.54913 638962
9 0.869383 0.264509 1.549 638995
9 0.874493 0.261764 1.55181 639029
9 0.877418 0.259245 1.55008 639063
9 0.879567 0.256338 1.55197 639096
9 0.882557 0.249913 1.55506 639130
9 0.883373 0.245853 1.55547 639164
9 0.884287 0.241829 1.55484 639197
9 0.884111 0.235177 1.55451 639229
9 0.883057 0.228801 1.55059 639261
9 0.881431 0.222546 1.54886 639295
9 0.8789 0.219357 1.5495 639328
9 0.87675 0.216116 1.55298 639361
9 0.874042 0.213096 1.54933 639395
9 0.872151 0.209624 1.54553 639427
9 0.866864 0.205469 1.54267 639460
9 0.862444 0.203325 1.54231 639494
9 0.858515 0.202957 1.54353 639527
9 0.854612 0.202131 1.54341 639560
9 0.850992 0.1994 1.53842 639593
9 0.848167 0.201264 1.54161 639627
9 0.844656 0.20247 1.54174 639661
9 0.841255 0.205616 1.53654 639693
9 0.837865 0.2093 1.53729 639727
9 0.836518 0.212086 1.53881 639759
9 0.835856 0.216752 1.53275 639792
9 0.836331 0.221144 1.5365 639826
9 0.835258 0.225463 1.53764 639861
9 0.837247 0.232101 1.53953 639894
9 0.837624 0.236444 1.54098 639929
9 0.835389 0.239182 1.53891 639962
9 0.837367 0.242799 1.5385 639996
9 0.839413 0.2479 1.54219 640031
9 0.842652 0.253652 1.54731 640066
9 0.845071 0.260256 1.54641 640097
9 0.846958 0.263425 1.54703 640131
9 0.850761 0.265584 1.55239 640165
9 0.853742 0.26899 1.55544 640200
9 0.856522 0.270593 1.5563 640233
9 0.858989 0.275138 1.55699 640266
9 0.859699 0.278313 1.55195 640300
9 0.861757 0.278626 1.55527 640333
9 0.864565 0.282146 1.56031 640365
9 0.866112 0.284569 1.56516 640399
9 0.870114 0.288116 1.56868 640433
9 0.873164 0.290287 1.57163 640466
9 0.876102 0.292899 1.57484 640499
9 0.877459 0.295462 1.57571 640533
9 0.877876 0.297462 1.57286 640566
9 0.879642 0.301413 1.57631 640600
9 0.880312 0.304667 1.57757 640632
9 0.880192 0.307153 1.57943 640666
9 0.881289 0.310805 1.57863 640700
9 0.881039 0.316082 1.5801 640732
9 0.879447 0.32053 1.58003 640766
9 0.877638 0.324188 1.58172 640800
9 0.877364 0.328804 1.57843 640833
9 0.874758 0.332764 1.57648 640866
9 0.872563 0.335973 1.57713 640899
9 0.870307 0.337803 1.57554 640932
9 0.867245 0.340343 1.57278 640966
9 0.863939 0.342559 1.57408 640999
9 0.86057 0.345047 1.57201 641033
9 0.859336 0.34899 1.57029 641066
9 0.856167 0.349341 1.57001 641100
9 0.852076 0.348265 1.56621 641134
9 0.848248 0.347872 1.56296 641167
9 0.844854 0.347782 1.5602 641200
9 0.841841 0.344658 1.55695 641233
9 0.83856 0.344757 1.55011 641266
9 0.834791 0.34335 1.54968 641299
9 0.832719 0.341888 1.54658 641333
9 0.831055 0.340301 1.54485 641366
9 0.829039 0.336627 1.54309 641399
9 0.827125 0.333187 1.53836 641433
9 0.825325 0.330798 1.53222 641466
9 0.824587 0.328301 1.53043 641499
9 0.824101 0.324004 1.52923 641534
9 0.824351 0.320153 1.5266 641566
9 0.824226 0.317547 1.52486 641600
9 0.82345 0.315922 1.52214 641632
9 0.823927 0.312731 1.52084 641666
9 0.82454 0.307936 1.52093 641699
9 0.825625 0.30476 1.52263 641732
9 0.826413 0.302174 1.52437 641766
9 0.82652 0.298622 1.52538 641799
9 0.828626 0.294152 1.52518 641834
9 0.82898 0.291984 1.52439 641867
9 0.831126 0.28968 1.52262 641902
9 0.833466 0.287163 1.52262 641934
9 0.836459 0.284503 1.52457 641968
9 0.836035 0.283007 1.52261 642001
9 0.836537 0.28096 1.52588 642034
9 0.838896 0.278243 1.52746 642066
9 0.838876 0.27777 1.53169 642100
9 0.840538 0.27626 1.52891 642132

