Gesto: 8
0 0.674448 0.245075 1.90121 624674
0 0.675229 0.241988 1.90369 624708
0 0.675507 0.240516 1.9031 624742
0 0.675332 0.242305 1.90355 624775
0 0.675852 0.2402 1.90308 624810
0 0.676603 0.238654 1.90443 624843
0 0.678023 0.237941 1.90366 624877
0 0.679317 0.237806 1.90464 624912
0 0.681615 0.236718 1.90123 624944
0 0.683523 0.234566 1.90417 624963
0 0.68639 0.233153 1.90495 625003
0 0.689252 0.233951 1.90667 625037
0 0.691968 0.237823 1.90598 625071
0 0.695582 0.241709 1.90808 625105
0 0.699111 0.244323 1.90789 625138
0 0.70437 0.245958 1.90928 625171
0 0.708173 0.247027 1.91212 625204
0 0.710335 0.250805 1.91336 625238
0 0.714353 0.25583 1.91313 625270
0 0.717474 0.258385 1.91291 625303
0 0.720836 0.261223 1.91146 625335
0 0.722971 0.266173 1.91072 625368
0 0.723728 0.27189 1.90993 625402
0 0.724562 0.276188 1.91265 625436
0 0.724409 0.279125 1.91154 625468
0 0.726014 0.2842 1.91173 625503
0 0.728692 0.287587 1.91217 625536
0 0.727574 0.292822 1.9124 625568
0 0.725862 0.299097 1.90913 625602
0 0.724993 0.303441 1.90915 625636
0 0.722063 0.308985 1.90865 625669
0 0.719446 0.311476 1.91128 625703
0 0.715271 0.315129 1.9085 625736
0 0.712081 0.31752 1.90399 625770
0 0.710317 0.319271 1.90654 625804
0 0.703918 0.321896 1.90456 625838
0 0.698099 0.327537 1.8975 625870
0 0.694102 0.330118 1.89612 625904
0 0.6887 0.332375 1.89938 625937
0 0.683281 0.33334 1.89692 625971
0 0.680205 0.33467 1.89619 626005
0 0.676703 0.335997 1.89103 626040
0 0.67223 0.339832 1.89064 626073
0 0.669693 0.341768 1.88917 626106
0 0.665923 0.346985 1.88887 626137
0 0.665075 0.350362 1.89184 626171
0 0.663549 0.354126 1.88942 626205
0 0.663867 0.361479 1.88538 626238
0 0.665163 0.366348 1.88939 626272
0 0.667874 0.373247 1.88578 626305
0 0.670026 0.380245 1.87976 626337
0 0.672468 0.38344 1.88287 626370
0 0.674928 0.386207 1.88673 626403
0 0.679088 0.390732 1.88588 626435
0 0.68336 0.394114 1.88948 626467
0 0.689142 0.394981 1.89326 626501
0 0.694751 0.395356 1.89833 626534
0 0.698662 0.394193 1.90072 626583
0 0.700186 0.390503 1.89362 626599
0 0.703441 0.387636 1.89265 626633
0 0.707142 0.382983 1.89543 626667
0 0.711088 0.378009 1.89529 626701
0 0.713724 0.372002 1.89499 626734
0 0.715123 0.368513 1.8924 626768
0 0.712776 0.361941 1.89101 626801
0 0.713428 0.35308 1.89356 626834
0 0.712718 0.345971 1.89411 626867
0 0.710585 0.336032 1.89115 626899
0 0.707641 0.325399 1.88582 626933
0 0.701982 0.318633 1.87905 626982
0 0.69773 0.311619 1.87646 627015
0 0.693594 0.304577 1.87236 627047
0 0.686712 0.299086 1.86698 627081
0 0.682113 0.293165 1.86567 627115
0 0.675525 0.285454 1.8618 627132
0 0.67108 0.280254 1.85859 627180
0 0.666704 0.276178 1.85273 627213
0 0.66383 0.270102 1.84806 627230
0 0.66154 0.264153 1.84848 627281
0 0.659269 0.258465 1.84781 627313
0 0.656661 0.255606 1.84621 627347
0 0.657637 0.252263 1.84253 627381
0 0.657577 0.247693 1.83972 627415
0 0.65756 0.244366 1.83834 627449
0 0.658442 0.242727 1.84258 627466
0 0.662276 0.242527 1.8405 627500
0 0.666189 0.243246 1.84048 627534
0 0.671672 0.243289 1.84212 627568
0 0.676005 0.244251 1.84366 627602
0 0.682447 0.244106 1.84501 627636
0 0.686768 0.243376 1.84459 627669
0 0.693569 0.24738 1.84559 627703
0 0.697979 0.249736 1.85204 627737

1 0.77305 0.301081 1.97191 638217
1 0.772465 0.301519 1.96717 638251
1 0.772233 0.301185 1.96454 638284
1 0.772622 0.299776 1.96632 638318
1 0.772512 0.297824 1.96666 638352
1 0.772853 0.296687 1.9648 638386
1 0.775597 0.291914 1.96751 638420
1 0.777536 0.292274 1.96777 638453
1 0.780535 0.290405 1.97034 638486
1 0.783013 0.288992 1.97216 638520
1 0.78444 0.288086 1.97444 638553
1 0.789735 0.288178 1.97544 638586
1 0.794601 0.287522 1.97986 638620
1 0.799281 0.288004 1.98294 638654
1 0.801278 0.287469 1.98979 638688
1 0.805122 0.289839 1.98881 638722
1 0.810488 0.289425 1.99404 638754
1 0.814232 0.290287 1.99195 638788
1 0.816642 0.296336 1.99265 638822
1 0.818952 0.300996 1.9981 638856
1 0.819885 0.304806 2.00134 638890
1 0.823812 0.310286 2.00474 638922
1 0.82675 0.316243 2.00144 638955
1 0.825544 0.321205 2.00598 638989
1 0.82386 0.326037 2.01039 639023
1 0.821351 0.332511 2.00951 639056
1 0.821373 0.338788 2.01141 639090
1 0.820605 0.345336 2.00418 639123
1 0.81934 0.351963 2.00305 639156
1 0.817938 0.356703 1.99938 639190
1 0.815163 0.358627 2.00336 639224
1 0.810773 0.36195 2.00616 639257
1 0.806252 0.369543 2.00267 639290
1 0.803074 0.373604 1.99934 639323
1 0.800794 0.376732 1.99661 639356
1 0.795928 0.380046 1.99486 639389
1 0.792769 0.38242 1.98627 639423
1 0.790246 0.383902 1.9787 639456
1 0.788425 0.384797 1.97152 639489
1 0.785767 0.384418 1.97396 639524
1 0.782342 0.386465 1.96894 639557
1 0.777979 0.386879 1.96274 639591
1 0.775065 0.386347 1.96156 639625
1 0.773207 0.384795 1.96673 639659
1 0.771162 0.38442 1.96517 639676
1 0.769965 0.384883 1.96277 639726
1 0.766932 0.384822 1.96709 639743
1 0.762763 0.385326 1.96745 639777
1 0.759978 0.386405 1.96586 639811
1 0.758538 0.387043 1.967 639843
1 0.757123 0.387076 1.95989 639877
1 0.756095 0.387492 1.95496 639911
1 0.754984 0.38791 1.95151 639945
1 0.753955 0.38844 1.94863 639981
1 0.754333 0.388855 1.95289 640022
1 0.753312 0.392966 1.94901 640056
1 0.750251 0.398025 1.94589 640089
1 0.748205 0.401314 1.94755 640122
1 0.746676 0.402994 1.94441 640155
1 0.746519 0.405113 1.94596 640188
1 0.747825 0.405811 1.94691 640222
1 0.744866 0.408696 1.94892 640256
1 0.74349 0.414818 1.94548 640290
1 0.745456 0.418422 1.94634 640324
1 0.748183 0.419548 1.94635 640358
1 0.750355 0.423051 1.94882 640375
1 0.750242 0.429718 1.94651 640427
1 0.750558 0.433401 1.94771 640443
1 0.752915 0.436665 1.95535 640494
1 0.754825 0.438979 1.95632 640527
1 0.75931 0.44166 1.96073 640544
1 0.762054 0.445656 1.96319 640595
1 0.765448 0.450264 1.96703 640612
1 0.769244 0.45251 1.97474 640645
1 0.775619 0.452486 1.97837 640696
1 0.780165 0.453578 1.98094 640712
1 0.783183 0.452345 1.98596 640746
1 0.786085 0.449086 1.98318 640781
1 0.791023 0.448308 1.9855 640813
1 0.795494 0.444584 1.98999 640846
1 0.798658 0.440654 1.9975 640880
1 0.800464 0.437439 2.00023 640915
1 0.802337 0.433153 1.99902 640947
1 0.805443 0.428559 1.99869 640981
1 0.804039 0.422531 1.9983 641014
1 0.803543 0.418591 2.00033 641048
1 0.80333 0.413015 1.99874 641083
1 0.80291 0.408524 1.99371 641116
1 0.801073 0.403463 1.98906 641149
1 0.798202 0.40003 1.98581 641182
1 0.798281 0.392503 1.98393 641215
1 0.79766 0.387579 1.97796 641248
1 0.793426 0.384415 1.97468 641280
1 0.792152 0.379092 1.97053 641314
1 0.789575 0.374505 1.97257 641348
1 0.786969 0.371256 1.96651 641381
1 0.785135 0.365469 1.96113 641414
1 0.783574 0.359453 1.9542 641446
1 0.782677 0.353861 1.95617 641479
1 0.780828 0.35001 1.95229 641513
1 0.780947 0.345406 1.95096 641545

2 0.843606 0.390974 2.08815 653220
2 0.844301 0.390206 2.08746 653270
2 0.845238 0.385578 2.08259 653288
2 0.846042 0.381469 2.0782 653321
2 0.846651 0.379781 2.07954 653371
2 0.846688 0.377875 2.08326 653388
2 0.850658 0.37689 2.07659 653421
2 0.853981 0.375189 2.07804 653472
2 0.856984 0.374774 2.0805 653489
2 0.85975 0.376207 2.08257 653523
2 0.864477 0.374203 2.09149 653557
2 0.870449 0.373081 2.10067 653590
2 0.873626 0.373549 2.10331 653624
2 0.876703 0.374226 2.10436 653657
2 0.880213 0.375172 2.11357 653691
2 0.881158 0.382251 2.11839 653723
2 0.887468 0.388072 2.12196 653756
2 0.892036 0.389539 2.12952 653789
2 0.894141 0.396867 2.13207 653823
2 0.897107 0.402351 2.13708 653857
2 0.89714 0.407928 2.13683 653891
2 0.896344 0.411734 2.13784 653925
2 0.897349 0.419958 2.14211 653957
2 0.892074 0.424097 2.14563 653990
2 0.889927 0.430567 2.15022 654024
2 0.887232 0.438679 2.15239 654057
2 0.884854 0.442981 2.14846 654090
2 0.879603 0.449895 2.14894 654125
2 0.875801 0.456287 2.14715 654158
2 0.872201 0.462073 2.14517 654192
2 0.869321 0.465472 2.13964 654227
2 0.865104 0.46488 2.13725 654260
2 0.860824 0.467837 2.13406 654293
2 0.856071 0.469632 2.12906 654326
2 0.853238 0.471617 2.12801 654360
2 0.847477 0.470282 2.12795 654394
2 0.84254 0.469354 2.12458 654427
2 0.839642 0.469422 2.1214 654460
2 0.836403 0.46811 2.12125 654494
2 0.835546 0.468875 2.12158 654527
2 0.832885 0.470628 2.11352 654560
2 0.83014 0.469785 2.11562 654594
2 0.825864 0.471706 2.11248 654628
2 0.823105 0.472544 2.10934 654662
2 0.82179 0.474662 2.10157 654696
2 0.82057 0.474801 2.10068 654730
2 0.820779 0.479067 2.1062 654764
2 0.818592 0.483888 2.10289 654797
2 0.814889 0.485768 2.10118 654831
2 0.815872 0.489382 2.10455 654864
2 0.816147 0.493245 2.10373 654897
2 0.816414 0.496103 2.10194 654931
2 0.817839 0.50047 2.10516 654963
2 0.818797 0.504723 2.10306 654998
2 0.820206 0.506483 2.10713 655031
2 0.821442 0.508643 2.11295 655065
2 0.823326 0.513433 2.11858 655099
2 0.827243 0.515712 2.11652 655134
2 0.830448 0.519201 2.12248 655167
2 0.83287 0.523382 2.12026 655200
2 0.835757 0.524642 2.12293 655234
2 0.840707 0.524588 2.12702 655267
2 0.844617 0.522329 2.13198 655301
2 0.848455 0.518614 2.13403 655335
2 0.852009 0.519773 2.13652 655369
2 0.856766 0.517994 2.13437 655403
2 0.863353 0.5136 2.1399 655438
2 0.864974 0.510307 2.13554 655471
2 0.868137 0.504985 2.13951 655504
2 0.869733 0.501152 2.13634 655538
2 0.87077 0.495097 2.13941 655556
2 0.874952 0.489309 2.13612 655606
2 0.87256 0.480679 2.13321 655622
2 0.874754 0.479208 2.13096 655655
2 0.872725 0.47037 2.1289 655705
2 0.87031 0.464402 2.12592 655737
2 0.867879 0.461013 2.11709 655770
2 0.864919 0.456506 2.11032 655804
2 0.86254 0.453183 2.10335 655836
2 0.862102 0.44669 2.09793 655870
2 0.859843 0.442179 2.08785 655903
2 0.857541 0.437763 2.07962 655937
2 0.856321 0.435245 2.07544 655971
2 0.853836 0.429554 2.07609 656004
2 0.853981 0.425429 2.06993 656037
2 0.852109 0.420976 2.05862 656071
2 0.852289 0.417404 2.05733 656105
2 0.852305 0.413085 2.04871 656138
2 0.852441 0.407145 2.05041 656171
2 0.851117 0.402764 2.04756 656203
2 0.850874 0.399644 2.0448 656236
2 0.850427 0.396782 2.04426 656269
2 0.850182 0.391062 2.0415 656304
2 0.854487 0.386688 2.03585 656336
2 0.85789 0.383627 2.03356 656370
2 0.859076 0.381879 2.03137 656403
2 0.859123 0.379149 2.03286 656436

3 0.504635 0.320125 1.83834 670038
3 0.504187 0.314596 1.83667 670072
3 0.504386 0.309072 1.83769 670106
3 0.504402 0.306219 1.83593 670139
3 0.504409 0.298883 1.82978 670173
3 0.5047 0.293526 1.82582 670207
3 0.506491 0.288582 1.82414 670239
3 0.507753 0.285024 1.82041 670272
3 0.511337 0.282218 1.81797 670306
3 0.516323 0.281295 1.8192 670340
3 0.519386 0.280975 1.82018 670375
3 0.523743 0.280333 1.81698 670407
3 0.531111 0.280361 1.8169 670441
3 0.534883 0.281689 1.814 670475
3 0.538202 0.284208 1.81207 670508
3 0.540938 0.28752 1.81219 670540
3 0.544217 0.292601 1.80964 670573
3 0.548742 0.297635 1.80914 670607
3 0.552319 0.299995 1.80897 670641
3 0.557379 0.304286 1.81386 670674
3 0.560475 0.308727 1.81905 670708
3 0.561718 0.311569 1.81693 670741
3 0.563464 0.316362 1.82108 670775
3 0.563799 0.321175 1.82572 670809
3 0.561697 0.326166 1.82379 670843
3 0.557523 0.334109 1.82495 670877
3 0.554431 0.339533 1.82296 670911
3 0.552643 0.342998 1.82198 670945
3 0.552518 0.347025 1.82618 670978
3 0.552388 0.350657 1.82964 671010
3 0.549512 0.355466 1.83257 671042
3 0.545192 0.355018 1.82688 671076
3 0.542273 0.357854 1.83194 671109
3 0.538888 0.360284 1.8361 671142
3 0.536069 0.361748 1.8358 671176
3 0.533556 0.363451 1.8357 671208
3 0.530445 0.364307 1.83956 671241
3 0.528415 0.36345 1.83888 671274
3 0.523381 0.365623 1.83639 671307
3 0.519711 0.366506 1.83451 671340
3 0.517697 0.36735 1.83594 671373
3 0.517104 0.367658 1.84405 671406
3 0.510927 0.372522 1.84202 671440
3 0.506864 0.374772 1.84182 671473
3 0.504545 0.376366 1.84218 671506
3 0.503576 0.376548 1.845 671539
3 0.501939 0.378402 1.84549 671572
3 0.500298 0.383077 1.84578 671605
3 0.497659 0.389031 1.84497 671639
3 0.495639 0.392995 1.84684 671672
3 0.494905 0.395996 1.85138 671705
3 0.493949 0.400372 1.85811 671738
3 0.495027 0.40549 1.85858 671771
3 0.495296 0.408613 1.86173 671804
3 0.496857 0.412966 1.85406 671838
3 0.498879 0.418853 1.85874 671871
3 0.500523 0.422011 1.8646 671905
3 0.503566 0.428559 1.86884 671938
3 0.504807 0.436672 1.86686 671971
3 0.508973 0.438638 1.87242 672003
3 0.5121 0.438386 1.87287 672055
3 0.518816 0.439785 1.8804 672071
3 0.523732 0.438693 1.88069 672104
3 0.52625 0.440051 1.87919 672154
3 0.529534 0.440978 1.8778 672171
3 0.534716 0.439405 1.8773 672204
3 0.538229 0.437775 1.87679 672238
3 0.541691 0.433786 1.87887 672272
3 0.542682 0.431515 1.86965 672305
3 0.546845 0.424755 1.87328 672338
3 0.550173 0.417309 1.87523 672372
3 0.551562 0.412593 1.87066 672406
3 0.552208 0.406553 1.8696 672440
3 0.552943 0.401628 1.86441 672474
3 0.552106 0.393395 1.8593 672506
3 0.552314 0.38676 1.8577 672539
3 0.550023 0.380237 1.85319 672573
3 0.546223 0.375184 1.8449 672607
3 0.54416 0.368349 1.84052 672642
3 0.542998 0.361375 1.83414 672675
3 0.540851 0.355391 1.8323 672709
3 0.53668 0.352821 1.82864 672743
3 0.533012 0.35006 1.82757 672777
3 0.531257 0.34502 1.82904 672811
3 0.527097 0.340521 1.82533 672845
3 0.522316 0.338785 1.822 672879
3 0.518748 0.335172 1.81998 672913
3 0.516113 0.331328 1.81778 672947
3 0.510882 0.326404 1.81785 672981
3 0.507778 0.324131 1.81279 673016
3 0.507573 0.319908 1.81231 673057
3 0.505174 0.315118 1.81319 673073
3 0.504569 0.310324 1.81636 673107
3 0.50148 0.307819 1.81322 673140
3 0.501607 0.303916 1.81513 673174
3 0.4999 0.301727 1.8144 673207
3 0.499485 0.300129 1.81555 673240
3 0.499195 0.299157 1.81465 673273
3 0.499124 0.294175 1.81196 673307
3 0.501263 0.291521 1.80954 673341

4 0.596784 0.405512 1.97475 674947
4 0.596144 0.405368 1.97218 674980
4 0.597665 0.407022 1.96806 675018
4 0.598521 0.408422 1.96826 675059
4 0.599908 0.40866 1.96915 675076
4 0.603714 0.406721 1.96424 675108
4 0.606595 0.405567 1.96374 675142
4 0.607823 0.405816 1.95548 675176
4 0.608065 0.405165 1.94843 675209
4 0.61158 0.404889 1.95429 675243
4 0.61587 0.404075 1.95477 675277
4 0.619732 0.404004 1.94971 675311
4 0.620914 0.411677 1.94022 675344
4 0.628633 0.408335 1.94634 675378
4 0.633891 0.407529 1.9504 675412
4 0.636873 0.410267 1.95504 675445
4 0.640977 0.411242 1.95837 675479
4 0.645528 0.41583 1.95527 675511
4 0.647801 0.420474 1.95239 675545
4 0.649263 0.423104 1.95437 675579
4 0.650056 0.425645 1.95839 675613
4 0.649575 0.430712 1.95734 675647
4 0.649682 0.434366 1.96285 675681
4 0.650768 0.43599 1.96708 675715
4 0.651565 0.436884 1.97079 675749
4 0.65291 0.439305 1.9773 675782
4 0.653608 0.440791 1.97872 675815
4 0.65245 0.44454 1.98154 675848
4 0.652122 0.447922 1.98692 675881
4 0.651958 0.446829 1.98464 675915
4 0.650254 0.452778 1.98662 675949
4 0.649402 0.455375 1.99094 675983
4 0.647702 0.459388 1.99583 676016
4 0.645076 0.460502 2.00283 676049
4 0.642821 0.462249 2.00876 676081
4 0.638144 0.464932 2.01409 676115
4 0.63455 0.467602 2.01164 676148
4 0.631209 0.468344 2.00933 676182
4 0.629358 0.469253 2.00862 676216
4 0.629221 0.470158 2.01229 676250
4 0.628858 0.471779 2.01675 676284
4 0.623522 0.47484 2.0156 676318
4 0.62061 0.47613 2.01931 676351
4 0.616066 0.480295 2.0185 676385
4 0.614059 0.482124 2.02002 676420
4 0.611132 0.484788 2.01718 676453
4 0.607914 0.487746 2.01445 676487
4 0.604523 0.487754 2.02286 676520
4 0.603556 0.488859 2.02996 676553
4 0.602485 0.490203 2.0311 676587
4 0.601761 0.491348 2.03704 676621
4 0.601461 0.494593 2.03851 676654
4 0.601161 0.495951 2.04277 676688
4 0.596987 0.501919 2.04408 676722
4 0.594116 0.505447 2.04461 676756
4 0.592414 0.509269 2.04811 676773
4 0.589075 0.515404 2.04747 676823
4 0.587795 0.519959 2.05222 676841
4 0.588127 0.522287 2.05906 676873
4 0.589117 0.525593 2.06274 676921
4 0.591551 0.527086 2.06723 676954
4 0.592374 0.530108 2.06885 676988
4 0.596589 0.531182 2.06752 677022
4 0.597353 0.53703 2.06676 677055
4 0.598014 0.539532 2.07333 677073
4 0.600606 0.542676 2.07421 677123
4 0.602723 0.544601 2.07917 677157
4 0.60483 0.544112 2.08818 677174
4 0.609119 0.542792 2.08666 677225
4 0.61155 0.541854 2.0845 677242
4 0.614841 0.543447 2.08152 677274
4 0.6173 0.54555 2.0808 677325
4 0.621769 0.544234 2.0805 677342
4 0.625551 0.542452 2.077 677376
4 0.627223 0.539864 2.07139 677410
4 0.629119 0.539082 2.06421 677443
4 0.632655 0.534756 2.06364 677477
4 0.635593 0.532954 2.06185 677510
4 0.637975 0.528233 2.05758 677551
4 0.638695 0.524114 2.05387 677591
4 0.639614 0.520045 2.05135 677625
4 0.641504 0.514453 2.04609 677642
4 0.641422 0.509383 2.04478 677692
4 0.636749 0.504465 2.03753 677709
4 0.632556 0.496681 2.03255 677757
4 0.630825 0.491413 2.02863 677791
4 0.629518 0.489738 2.02291 677824
4 0.629189 0.487459 2.01744 677857
4 0.627712 0.484476 2.0094 677890
4 0.626571 0.478224 2.00381 677923
4 0.625212 0.472263 1.99804 677958
4 0.624282 0.466036 1.99474 677990
4 0.618994 0.461415 1.98445 678023
4 0.615422 0.457998 1.98089 678056
4 0.613337 0.453349 1.98139 678089
4 0.611188 0.450814 1.97748 678122
4 0.60988 0.445615 1.973 678155
4 0.608825 0.439169 1.96874 678189
4 0.603968 0.437829 1.96208 678222
4 0.603238 0.432963 1.96371 678255
4 0.601667 0.427626 1.95938 678288

5 0.694272 0.467941 2.0317 680256
5 0.693661 0.469019 2.03056 680290
5 0.694621 0.468841 2.02991 680324
5 0.697056 0.471078 2.03069 680358
5 0.697752 0.472319 2.03086 680392
5 0.698587 0.470312 2.02955 680426
5 0.700868 0.47127 2.02861 680460
5 0.702675 0.472007 2.02835 680476
5 0.705106 0.47252 2.03035 680527
5 0.706278 0.47353 2.02918 680544
5 0.708069 0.473395 2.02582 680578
5 0.709894 0.473627 2.03209 680612
5 0.712865 0.475616 2.03512 680646
5 0.714065 0.480713 2.03378 680681
5 0.716004 0.483758 2.03499 680714
5 0.718567 0.488152 2.03445 680748
5 0.71989 0.490548 2.03442 680782
5 0.721916 0.491445 2.03594 680816
5 0.722318 0.491835 2.04088 680850
5 0.723508 0.492783 2.04046 680885
5 0.723502 0.495998 2.03062 680918
5 0.72329 0.501666 2.03991 680952
5 0.721947 0.505166 2.04963 680987
5 0.721109 0.509281 2.05503 681020
5 0.720195 0.514652 2.05883 681054
5 0.720131 0.517728 2.05605 681088
5 0.715409 0.522162 2.05886 681121
5 0.713461 0.523531 2.06588 681155
5 0.711799 0.526294 2.06301 681189
5 0.710999 0.528478 2.06626 681224
5 0.710019 0.529466 2.06984 681258
5 0.707601 0.533585 2.0661 681291
5 0.706475 0.536249 2.07117 681324
5 0.703331 0.53946 2.07341 681355
5 0.701132 0.541502 2.07306 681388
5 0.699884 0.541323 2.07163 681423
5 0.695141 0.544014 2.07209 681457
5 0.691885 0.546063 2.07096 681490
5 0.690647 0.545557 2.0742 681523
5 0.68908 0.544883 2.07669 681555
5 0.685942 0.54527 2.07967 681587
5 0.68334 0.547711 2.08196 681620
5 0.681164 0.54895 2.08372 681654
5 0.677882 0.552558 2.08445 681686
5 0.677906 0.554577 2.08774 681717
5 0.675767 0.558776 2.08631 681751
5 0.67364 0.561669 2.08759 681784
5 0.672431 0.563029 2.08823 681817
5 0.672404 0.563332 2.09071 681851
5 0.669854 0.568144 2.09409 681885
5 0.668316 0.57235 2.09526 681918
5 0.667962 0.57515 2.09751 681952
5 0.668336 0.576403 2.09883 681986
5 0.668467 0.578639 2.10869 682020
5 0.670127 0.581102 2.11399 682054
5 0.671488 0.583016 2.1195 682087
5 0.673042 0.584884 2.12519 682120
5 0.674638 0.58439 2.1326 682153
5 0.676894 0.585367 2.13653 682185
5 0.680248 0.586534 2.13926 682218
5 0.682099 0.586901 2.14218 682252
5 0.687355 0.584966 2.14229 682284
5 0.691284 0.584862 2.14335 682318
5 0.695719 0.586227 2.14248 682351
5 0.69997 0.585664 2.14034 682383
5 0.701845 0.585702 2.137 682416
5 0.706535 0.584928 2.13796 682449
5 0.71008 0.586468 2.13854 682483
5 0.713999 0.585374 2.13981 682515
5 0.714304 0.58133 2.13645 682549
5 0.715239 0.579461 2.12982 682582
5 0.720135 0.577159 2.124 682616
5 0.723101 0.577049 2.11524 682649
5 0.72363 0.571392 2.11177 682681
5 0.725602 0.568292 2.10361 682714
5 0.726473 0.560788 2.10214 682748
5 0.726451 0.554358 2.10055 682781
5 0.726957 0.550055 2.09229 682814
5 0.727157 0.545455 2.08896 682848
5 0.725089 0.541628 2.0796 682882
5 0.722932 0.540578 2.06846 682915
5 0.723665 0.535291 2.06228 682949
5 0.722274 0.529129 2.05707 682981
5 0.720896 0.525659 2.0439 683014
5 0.719414 0.51912 2.04182 683047
5 0.716946 0.513427 2.0389 683081
5 0.714648 0.510228 2.03371 683114
5 0.714187 0.506632 2.03057 683147
5 0.71084 0.505588 2.02259 683180
5 0.709785 0.498638 2.02042 683214
5 0.708121 0.493621 2.02273 683263
5 0.705772 0.491233 2.02096 683281
5 0.703966 0.489348 2.02165 683313
5 0.702242 0.484211 2.02086 683363
5 0.700806 0.481936 2.01741 683381
5 0.699104 0.480048 2.01303 683431
5 0.696651 0.477212 2.00907 683448
5 0.695321 0.474368 2.00874 683481
5 0.694782 0.472593 2.00612 683515
5 0.692086 0.470328 1.99735 683547
5 0.690685 0.470915 1.99152 683579

6 0.579298 0.194332 1.81525 706836
6 0.579287 0.193611 1.81409 706870
6 0.579688 0.191837 1.81684 706904
6 0.580254 0.190782 1.81617 706938
6 0.580632 0.19059 1.81714 706972
6 0.581645 0.189613 1.81569 707006
6 0.585256 0.187294 1.81738 707040
6 0.587398 0.186049 1.81778 707075
6 0.589443 0.187494 1.81446 707109
6 0.594289 0.1855 1.81592 707142
6 0.598538 0.184561 1.81852 707175
6 0.60209 0.186889 1.82213 707209
6 0.604895 0.186989 1.82308 707242
6 0.609927 0.190652 1.82388 707274
6 0.613692 0.191851 1.82891 707308
6 0.617149 0.193301 1.82809 707341
6 0.622201 0.193016 1.8269 707374
6 0.626454 0.198157 1.82898 707407
6 0.629267 0.200999 1.83372 707440
6 0.630374 0.206032 1.83455 707473
6 0.631791 0.211791 1.83355 707506
6 0.632374 0.215985 1.83444 707540
6 0.632216 0.222238 1.83853 707574
6 0.629994 0.230757 1.83458 707608
6 0.63085 0.234842 1.83535 707641
6 0.63051 0.239915 1.83262 707674
6 0.628955 0.243886 1.83758 707707
6 0.627486 0.246958 1.83769 707740
6 0.6232 0.253302 1.8355 707775
6 0.621143 0.260126 1.83427 707808
6 0.618233 0.263822 1.83109 707842
6 0.615187 0.266276 1.82864 707876
6 0.612167 0.270422 1.82307 707911
6 0.607022 0.275165 1.82306 707944
6 0.605084 0.281813 1.82337 707977
6 0.603697 0.285778 1.8245 708008
6 0.603647 0.287913 1.8266 708042
6 0.599908 0.29321 1.82569 708077
6 0.597902 0.294126 1.82817 708111
6 0.595093 0.299706 1.82558 708143
6 0.593166 0.303794 1.82291 708177
6 0.593169 0.308547 1.82582 708211
6 0.592858 0.312094 1.82884 708244
6 0.593419 0.315991 1.8301 708279
6 0.59626 0.318399 1.8318 708312
6 0.599686 0.326393 1.83603 708345
6 0.602322 0.334072 1.83564 708379
6 0.603552 0.339513 1.83373 708413
6 0.607811 0.343646 1.82955 708446
6 0.611501 0.345084 1.82947 708479
6 0.614857 0.343819 1.82775 708513
6 0.621225 0.34299 1.82948 708547
6 0.625889 0.340189 1.83197 708581
6 0.63016 0.332151 1.83543 708615
6 0.635961 0.325403 1.83677 708649
6 0.639331 0.316911 1.83536 708683
6 0.641812 0.310205 1.83545 708716
6 0.643014 0.300723 1.83067 708750
6 0.643415 0.29385 1.83146 708784
6 0.642315 0.288902 1.8351 708801
6 0.640778 0.279783 1.83321 708852
6 0.637892 0.273165 1.83205 708884
6 0.635971 0.264981 1.83208 708900
6 0.631277 0.257799 1.83085 708950
6 0.625683 0.25403 1.82811 708982
6 0.621375 0.248586 1.82761 709014
6 0.615655 0.24501 1.8258 709048
6 0.610135 0.244079 1.82183 709081
6 0.603698 0.241269 1.82019 709114
6 0.598349 0.240293 1.81877 709146
6 0.59322 0.238343 1.81014 709177
6 0.58707 0.23371 1.80597 709210
6 0.582537 0.231823 1.80415 709244
6 0.579571 0.228421 1.8045 709278
6 0.577644 0.225226 1.80374 709312
6 0.572674 0.224699 1.80012 709344
6 0.570152 0.218626 1.80035 709377
6 0.571799 0.213282 1.80464 709411
6 0.574295 0.207728 1.8081 709444
6 0.575324 0.201196 1.80544 709478
6 0.575612 0.195428 1.79858 709512
6 0.576336 0.191271 1.792 709546
6 0.578031 0.184927 1.79638 709580
6 0.584529 0.179966 1.80266 709612
6 0.588532 0.177825 1.80497 709645
6 0.592805 0.174006 1.81051 709679
6 0.598192 0.173132 1.81561 709713
6 0.602197 0.172451 1.8182 709746

7 0.715179 0.169611 1.87582 715054
7 0.714382 0.165833 1.87473 715076
7 0.715388 0.161049 1.87296 715117
7 0.693942 0.143753 1.85049 718756
7 0.693789 0.142637 1.85084 718787
7 0.695255 0.141505 1.84692 718821
7 0.695611 0.140701 1.85213 718854
7 0.697509 0.140016 1.85262 718888
7 0.698706 0.138865 1.85511 718921
7 0.700898 0.13498 1.85786 718954
7 0.701753 0.135159 1.86144 718987
7 0.705482 0.135343 1.86381 719020
7 0.708921 0.135577 1.86656 719053
7 0.711882 0.13553 1.87014 719086
7 0.714699 0.136582 1.86969 719120
7 0.717033 0.136452 1.87397 719153
7 0.718688 0.137411 1.87656 719187
7 0.724225 0.138283 1.87483 719220
7 0.728137 0.137192 1.87946 719253
7 0.729901 0.142037 1.88269 719286
7 0.732122 0.145313 1.88814 719321
7 0.735481 0.146525 1.8886 719353
7 0.740428 0.147859 1.89365 719387
7 0.744443 0.150487 1.89853 719421
7 0.74479 0.157136 1.89933 719455
7 0.745651 0.160161 1.90233 719488
7 0.747408 0.162546 1.90476 719521
7 0.747636 0.165007 1.90204 719553
7 0.747203 0.171538 1.89973 719586
7 0.747643 0.176778 1.89836 719619
7 0.748641 0.179881 1.902 719653
7 0.748549 0.182051 1.90179 719686
7 0.746976 0.185845 1.90266 719720
7 0.744971 0.190635 1.90524 719752
7 0.740656 0.195043 1.90508 719785
7 0.737007 0.198877 1.90232 719818
7 0.734571 0.201337 1.90196 719851
7 0.732546 0.204788 1.90233 719884
7 0.728306 0.206829 1.90637 719917
7 0.723567 0.211801 1.90567 719949
7 0.721628 0.21619 1.90372 719983
7 0.721031 0.218444 1.90207 720018
7 0.716797 0.223136 1.89862 720052
7 0.713967 0.226495 1.89518 720086
7 0.709501 0.230282 1.8949 720120
7 0.706396 0.233218 1.89506 720154
7 0.703269 0.236768 1.89101 720188
7 0.701386 0.239441 1.88711 720221
7 0.699361 0.240746 1.88661 720255
7 0.695792 0.244427 1.88701 720289
7 0.692746 0.249405 1.88459 720323
7 0.691841 0.254332 1.88252 720356
7 0.69068 0.258036 1.87722 720388
7 0.690072 0.265537 1.87997 720421
7 0.688964 0.272012 1.87847 720455
7 0.688129 0.279768 1.88085 720489
7 0.688894 0.285326 1.88282 720523
7 0.690314 0.291121 1.88428 720557
7 0.692135 0.296057 1.88814 720591
7 0.6952 0.300716 1.89063 720625
7 0.699224 0.303464 1.89155 720658
7 0.70149 0.304226 1.89534 720691
7 0.705988 0.305236 1.89803 720725
7 0.712925 0.302036 1.89688 720759
7 0.716569 0.299961 1.89881 720792
7 0.720114 0.295225 1.90519 720825
7 0.724066 0.291608 1.90926 720858
7 0.728431 0.286151 1.90856 720893
7 0.731841 0.280341 1.91213 720926
7 0.734054 0.272095 1.91594 720960
7 0.735711 0.264937 1.91785 720977
7 0.738072 0.256398 1.91506 721027
7 0.739206 0.249836 1.90579 721061
7 0.73698 0.241303 1.90999 721077
7 0.735722 0.237182 1.91285 721128
7 0.735004 0.230079 1.91227 721145
7 0.732822 0.224282 1.91214 721178
7 0.727999 0.217444 1.91171 721229
7 0.724539 0.212895 1.9094 721245
7 0.720195 0.207969 1.90562 721279
7 0.714876 0.205432 1.90148 721329
7 0.709594 0.19889 1.89358 721346
7 0.704311 0.194469 1.89027 721380
7 0.699069 0.190028 1.89227 721414
7 0.694103 0.187791 1.88746 721447
7 0.688658 0.182695 1.8883 721481
7 0.6855 0.176819 1.88625 721515
7 0.680856 0.172353 1.88536 721549
7 0.678394 0.166544 1.88603 721582
7 0.676082 0.163778 1.87714 721616
7 0.674419 0.158058 1.88284 721650
7 0.674548 0.153886 1.88273 721684
7 0.673971 0.148311 1.884 721719
7 0.675954 0.143049 1.88342 721752
7 0.678665 0.140955 1.88763 721785
7 0.68009 0.139057 1.88868 721819
7 0.68432 0.138798 1.88978 721853
7 0.688497 0.136644 1.89069 721886
7 0.694618 0.136756 1.89449 721919
7 0.700933 0.134546 1.90067 721952
7 0.705459 0.134762 1.90573 721986
7 0.711643 0.135902 1.9077 722018
7 0.71608 0.13924 1.91051 722051
7 0.720961 0.142521 1.91454 722085

8 0.762363 0.190088 1.94656 726828
8 0.764233 0.188135 1.94637 726862
8 0.765007 0.186648 1.94894 726896
8 0.766325 0.185538 1.9495 726929
8 0.765752 0.187496 1.95004 726963
8 0.765449 0.188571 1.95001 726997
8 0.767679 0.188479 1.94949 727031
8 0.773422 0.185585 1.94316 727065
8 0.77644 0.183541 1.94846 727099
8 0.777844 0.185198 1.95319 727117
8 0.780734 0.185822 1.9522 727165
8 0.783338 0.183145 1.95636 727199
8 0.786909 0.186121 1.95525 727217
8 0.789916 0.186993 1.95701 727267
8 0.793194 0.190075 1.95696 727299
8 0.795081 0.191126 1.95904 727330
8 0.799265 0.193752 1.95852 727362
8 0.803226 0.196683 1.96066 727397
8 0.805155 0.201191 1.95934 727431
8 0.805856 0.203846 1.95876 727464
8 0.80693 0.204466 1.96341 727498
8 0.810081 0.208941 1.96606 727533
8 0.80998 0.215685 1.96338 727565
8 0.810091 0.218756 1.96642 727597
8 0.811188 0.221999 1.9689 727630
8 0.810222 0.225047 1.97052 727664
8 0.809253 0.23292 1.96771 727698
8 0.808708 0.237637 1.96664 727730
8 0.808653 0.241963 1.96218 727763
8 0.8067 0.24607 1.9648 727797
8 0.801554 0.252205 1.96491 727831
8 0.797589 0.256516 1.96268 727866
8 0.794699 0.260021 1.95856 727899
8 0.789096 0.262307 1.96096 727933
8 0.785152 0.263995 1.96109 727966
8 0.782622 0.267475 1.95581 727999
8 0.778234 0.274687 1.95123 728031
8 0.774727 0.274179 1.94794 728064
8 0.770269 0.277695 1.94797 728098
8 0.766642 0.28115 1.94578 728132
8 0.763545 0.285033 1.94643 728164
8 0.761211 0.288257 1.94212 728196
8 0.75777 0.292281 1.94201 728231
8 0.755153 0.297525 1.94384 728264
8 0.753064 0.302129 1.9445 728297
8 0.750985 0.311024 1.94147 728331
8 0.751388 0.318346 1.94313 728365
8 0.750505 0.325035 1.93856 728398
8 0.750968 0.333278 1.94051 728432
8 0.752857 0.338729 1.94477 728466
8 0.756387 0.347404 1.9416 728483
8 0.758945 0.353275 1.94269 728534
8 0.761815 0.35764 1.94326 728551
8 0.768959 0.358731 1.94801 728586
8 0.774279 0.359184 1.95286 728628
8 0.778235 0.359913 1.96008 728664
8 0.783478 0.362208 1.96116 728698
8 0.788819 0.360243 1.96084 728733
8 0.793438 0.359487 1.96386 728765
8 0.796812 0.354896 1.96821 728799
8 0.802522 0.351503 1.96798 728833
8 0.806012 0.344544 1.97042 728851
8 0.809495 0.33876 1.97606 728901
8 0.810283 0.332872 1.97457 728936
8 0.811631 0.325216 1.98157 728952
8 0.811009 0.319221 1.9777 729003
8 0.81099 0.312672 1.97764 729020
8 0.810457 0.304682 1.97305 729053
8 0.807546 0.302694 1.96624 729087
8 0.804475 0.294335 1.96628 729121
8 0.801286 0.288159 1.96706 729155
8 0.798324 0.283553 1.96703 729188
8 0.795477 0.277609 1.96591 729222
8 0.789898 0.271353 1.96631 729257
8 0.784048 0.267482 1.95866 729290
8 0.781039 0.265267 1.95298 729323
8 0.776694 0.26036 1.95271 729357
8 0.771902 0.258134 1.94982 729389
8 0.768167 0.254086 1.94624 729422
8 0.763989 0.250873 1.94352 729455
8 0.760812 0.24723 1.94347 729489
8 0.75898 0.244222 1.93578 729522
8 0.754828 0.238997 1.93647 729556
8 0.754171 0.236082 1.93424 729591
8 0.752556 0.233045 1.93336 729624
8 0.751586 0.22755 1.92975 729658
8 0.751 0.22181 1.92862 729691
8 0.7505 0.218466 1.92731 729725
8 0.751336 0.212738 1.92308 729758
8 0.752362 0.208977 1.92244 729790
8 0.753403 0.205982 1.92303 729823
8 0.758351 0.20329 1.92431 729858
8 0.760082 0.199899 1.92501 729890
8 0.761252 0.196239 1.93098 729923
8 0.763048 0.194205 1.93939 729957
8 0.765991 0.19471 1.9421 729990
8 0.77131 0.192789 1.94776 730023
8 0.774649 0.191733 1.95152 730056
8 0.776311 0.191536 1.95073 730090
8 0.780473 0.192646 1.95254 730124
8 0.7815 0.192963 1.95478 730158

9 0.751221 0.457538 2.06634 732593
9 0.752338 0.458255 2.06523 732627
9 0.753329 0.455558 2.07003 732661
9 0.755542 0.45372 2.06668 732695
9 0.758862 0.451567 2.06741 732729
9 0.76405 0.449257 2.07501 732762
9 0.767567 0.447024 2.07982 732795
9 0.771118 0.449072 2.08209 732828
9 0.775794 0.450114 2.08189 732861
9 0.779748 0.455667 2.08157 732894
9 0.783083 0.462001 2.0821 732928
9 0.786742 0.467201 2.09169 732962
9 0.788166 0.47088 2.09963 732995
9 0.787193 0.476 2.10021 733028
9 0.787579 0.485168 2.10421 733061
9 0.788121 0.494035 2.10725 733095
9 0.783545 0.50382 2.10828 733128
9 0.781594 0.507057 2.11951 733161
9 0.779435 0.510861 2.12827 733195
9 0.775654 0.517404 2.12268 733227
9 0.774337 0.523544 2.12757 733260
9 0.772984 0.523733 2.12542 733293
9 0.769756 0.52796 2.12718 733328
9 0.765499 0.530131 2.12647 733361
9 0.764059 0.538449 2.11606 733395
9 0.762272 0.546064 2.10604 733429
9 0.76102 0.546706 2.11547 733463
9 0.756742 0.550982 2.12349 733497
9 0.752166 0.550749 2.12158 733531
9 0.751423 0.554694 2.12132 733565
9 0.74798 0.554835 2.12361 733597
9 0.747101 0.560869 2.12282 733630
9 0.745414 0.560584 2.12927 733664
9 0.744653 0.561784 2.13193 733698
9 0.742136 0.56526 2.13731 733731
9 0.741613 0.571377 2.14081 733764
9 0.740021 0.572839 2.14306 733798
9 0.741489 0.576614 2.14796 733832
9 0.743838 0.580037 2.14856 733866
9 0.747097 0.584018 2.15368 733900
9 0.749483 0.587241 2.16021 733933
9 0.75246 0.588963 2.16824 733966
9 0.755162 0.590254 2.17414 734000
9 0.76012 0.58777 2.17225 734033
9 0.760956 0.588534 2.17764 734067
9 0.765938 0.587716 2.18916 734101
9 0.768525 0.588142 2.19583 734134
9 0.772055 0.587187 2.19826 734168
9 0.777959 0.585597 2.20378 734202
9 0.783347 0.584577 2.20723 734234
9 0.786319 0.578417 2.20687 734267
9 0.78714 0.57583 2.2064 734300
9 0.790615 0.575638 2.19525 734333
9 0.792321 0.571828 2.19083 734366
9 0.794627 0.56438 2.19205 734399
9 0.796852 0.557917 2.19095 734433
9 0.797943 0.554518 2.18891 734467
9 0.798006 0.551477 2.17668 734499
9 0.798213 0.544338 2.17099 734532
9 0.797471 0.538948 2.16737 734566
9 0.795811 0.535447 2.16075 734599
9 0.795449 0.532845 2.15767 734631
9 0.794324 0.530852 2.15219 734665
9 0.792224 0.529272 2.15035 734699
9 0.792683 0.527303 2.14494 734732
9 0.789584 0.525748 2.13578 734766
9 0.78544 0.525943 2.12625 734799
9 0.780864 0.520836 2.11907 734833
9 0.777493 0.518003 2.1118 734865
9 0.775489 0.517405 2.11158 734898
9 0.773692 0.514902 2.10548 734932
9 0.773099 0.513521 2.09864 734965
9 0.772222 0.512625 2.09628 734999
9 0.769951 0.512243 2.08836 735032
9 0.767116 0.510985 2.08514 735065
9 0.76499 0.51002 2.08236 735103
9 0.764455 0.504757 2.08163 735145
9 0.761898 0.505126 2.08136 735161
9 0.758887 0.50709 2.07455 735194
9 0.756602 0.50346 2.06839 735229
9 0.755034 0.499865 2.06115 735262
9 0.755317 0.495876 2.05993 735296
9 0.754552 0.493903 2.05383 735331
9 0.75332 0.489507 2.05177 735364
9 0.752914 0.485229 2.05587 735397
9 0.752062 0.482744 2.05323 735431
9 0.751047 0.481027 2.04601 735464
9 0.750301 0.479779 2.04011 735499
9 0.749922 0.476874 2.03845 735532
9 0.749635 0.472972 2.03464 735565
9 0.750671 0.469929 2.03248 735599
9 0.749907 0.4653 2.02737 735633
9 0.750063 0.461814 2.02564 735667
9 0.750209 0.459122 2.02203 735701
9 0.750304 0.453332 2.01987 735734
9 0.750102 0.450693 2.02106 735768
9 0.753333 0.44652 2.02158 735800
9 0.755909 0.44539 2.02224 735834
9 0.75706 0.443256 2.01955 735867
9 0.758419 0.440299 2.02257 735901

