Gesto: 8
0 0.610446 0.281419 1.26288 1.85458e+06
0 0.609385 0.281895 1.26083 1.85461e+06
0 0.607729 0.282037 1.25949 1.85465e+06
0 0.606726 0.282187 1.25795 1.85468e+06
0 0.606232 0.282279 1.25768 1.85471e+06
0 0.605659 0.282547 1.25775 1.85475e+06
0 0.60487 0.283016 1.25814 1.85478e+06
0 0.603687 0.283158 1.25713 1.85481e+06
0 0.600861 0.283811 1.25624 1.85485e+06
0 0.598814 0.284601 1.25677 1.85488e+06
0 0.596777 0.286988 1.25754 1.85491e+06
0 0.594832 0.289421 1.2594 1.85495e+06
0 0.592947 0.291418 1.25918 1.85498e+06
0 0.591381 0.292838 1.25945 1.85501e+06
0 0.589722 0.293829 1.25849 1.85505e+06
0 0.588961 0.294911 1.25854 1.85508e+06
0 0.588687 0.296735 1.25935 1.85511e+06
0 0.588605 0.300526 1.26046 1.85515e+06
0 0.587947 0.303469 1.2583 1.85518e+06
0 0.58902 0.306339 1.25763 1.85521e+06
0 0.588937 0.310194 1.25619 1.85525e+06
0 0.590661 0.313547 1.25576 1.85528e+06
0 0.593676 0.318721 1.25647 1.85532e+06
0 0.596275 0.322989 1.25773 1.85535e+06
0 0.600194 0.325602 1.25892 1.85538e+06
0 0.604193 0.328653 1.26014 1.85542e+06
0 0.608805 0.329694 1.26159 1.85545e+06
0 0.613072 0.332803 1.26246 1.85548e+06
0 0.617757 0.334358 1.26519 1.85552e+06
0 0.622245 0.334289 1.26985 1.85555e+06
0 0.626757 0.335436 1.27139 1.85559e+06
0 0.629723 0.339671 1.27398 1.85562e+06
0 0.632564 0.343543 1.27859 1.85565e+06
0 0.633894 0.348478 1.28094 1.85567e+06
0 0.63461 0.354534 1.28313 1.85570e+06
0 0.633451 0.362386 1.28248 1.85574e+06
0 0.630813 0.369781 1.28096 1.85577e+06
0 0.625653 0.378016 1.28045 1.85581e+06
0 0.619637 0.384519 1.2775 1.85584e+06
0 0.61403 0.389512 1.27527 1.85587e+06
0 0.607444 0.393198 1.27328 1.85591e+06
0 0.599882 0.395968 1.26931 1.85594e+06
0 0.592277 0.397132 1.26598 1.85598e+06
0 0.585645 0.396599 1.2613 1.85601e+06
0 0.579697 0.394905 1.25739 1.85604e+06
0 0.573627 0.391547 1.25437 1.85607e+06
0 0.569027 0.386926 1.25125 1.85611e+06
0 0.565466 0.380858 1.24802 1.85614e+06
0 0.563803 0.373443 1.24647 1.85617e+06
0 0.561957 0.36752 1.24422 1.85621e+06
0 0.562607 0.360233 1.24224 1.85624e+06
0 0.563905 0.352173 1.24054 1.85628e+06
0 0.565985 0.346404 1.23987 1.85631e+06
0 0.569001 0.341591 1.24083 1.85634e+06
0 0.573529 0.336754 1.24254 1.85638e+06
0 0.577537 0.334761 1.24305 1.85641e+06
0 0.582332 0.332083 1.24524 1.85644e+06
0 0.586818 0.330547 1.24862 1.85648e+06
0 0.591543 0.329278 1.25105 1.85651e+06
0 0.596144 0.328236 1.25504 1.85655e+06
0 0.600404 0.327605 1.25669 1.85658e+06
0 0.605064 0.32565 1.25926 1.85661e+06
0 0.609005 0.324947 1.26098 1.85665e+06
0 0.612052 0.324678 1.26359 1.85668e+06
0 0.615331 0.3225 1.26675 1.85671e+06
0 0.618356 0.320544 1.27034 1.85674e+06
0 0.61957 0.319028 1.27469 1.85678e+06
0 0.621666 0.316506 1.27509 1.85681e+06
0 0.623629 0.314602 1.27796 1.85685e+06
0 0.624197 0.312397 1.28109 1.85688e+06
0 0.624234 0.310562 1.28317 1.85691e+06
0 0.623533 0.309368 1.28444 1.85695e+06
0 0.6225 0.30674 1.28319 1.85698e+06
0 0.621975 0.304515 1.28431 1.85702e+06
0 0.619703 0.302266 1.28313 1.85705e+06
0 0.61841 0.300861 1.28194 1.85708e+06

1 0.776099 0.2871 1.41879 1.85939e+06
1 0.773486 0.285936 1.41317 1.85941e+06
1 0.77089 0.285337 1.41123 1.85944e+06
1 0.767289 0.284011 1.40571 1.85949e+06
1 0.764523 0.282944 1.40123 1.85951e+06
1 0.761872 0.282476 1.39478 1.85954e+06
1 0.758466 0.281948 1.39009 1.85958e+06
1 0.753725 0.283984 1.38641 1.85961e+06
1 0.748979 0.28806 1.3848 1.85964e+06
1 0.744087 0.291314 1.38136 1.85968e+06
1 0.741599 0.294452 1.37825 1.85971e+06
1 0.741147 0.297583 1.37888 1.85974e+06
1 0.740217 0.302474 1.37925 1.85978e+06
1 0.739848 0.30784 1.37838 1.85981e+06
1 0.740216 0.313738 1.38117 1.85984e+06
1 0.742767 0.31797 1.38447 1.85988e+06
1 0.745625 0.324354 1.38582 1.85991e+06
1 0.748405 0.328576 1.38922 1.85994e+06
1 0.750921 0.332335 1.39364 1.85998e+06
1 0.755506 0.337932 1.39587 1.86001e+06
1 0.760063 0.342718 1.40027 1.86004e+06
1 0.764686 0.348056 1.40216 1.86008e+06
1 0.768262 0.350966 1.40455 1.86011e+06
1 0.771573 0.353071 1.4111 1.86014e+06
1 0.774353 0.355296 1.41457 1.86018e+06
1 0.776651 0.358124 1.41804 1.86021e+06
1 0.777783 0.362702 1.42324 1.86024e+06
1 0.777972 0.366129 1.42607 1.86028e+06
1 0.777897 0.372756 1.42799 1.86031e+06
1 0.777188 0.37856 1.42903 1.86036e+06
1 0.775927 0.386033 1.42957 1.86038e+06
1 0.7729 0.394224 1.42678 1.86041e+06
1 0.769069 0.400409 1.42568 1.86046e+06
1 0.764871 0.407281 1.42366 1.86049e+06
1 0.761071 0.414852 1.41938 1.86051e+06
1 0.754608 0.420352 1.41143 1.86056e+06
1 0.748061 0.425925 1.40545 1.86059e+06
1 0.742093 0.426902 1.40047 1.86062e+06
1 0.736016 0.429869 1.39489 1.86065e+06
1 0.730961 0.430322 1.38684 1.86069e+06
1 0.726433 0.428342 1.37792 1.86072e+06
1 0.721905 0.425853 1.36977 1.86075e+06
1 0.717702 0.422157 1.36541 1.86079e+06
1 0.716316 0.417204 1.36027 1.86082e+06
1 0.714912 0.411227 1.35701 1.86085e+06
1 0.715121 0.405894 1.35419 1.86089e+06
1 0.715585 0.399429 1.34887 1.86092e+06
1 0.71724 0.394395 1.34896 1.86096e+06
1 0.720319 0.390467 1.34934 1.86099e+06
1 0.724648 0.386142 1.35171 1.86102e+06
1 0.72832 0.380731 1.35426 1.86105e+06
1 0.731757 0.377919 1.35556 1.86109e+06
1 0.736762 0.375014 1.35708 1.86112e+06
1 0.740588 0.372869 1.36164 1.86116e+06
1 0.74435 0.372217 1.36681 1.86119e+06
1 0.74943 0.371234 1.37046 1.86122e+06
1 0.75368 0.368401 1.37288 1.86126e+06
1 0.756086 0.368015 1.37672 1.86129e+06
1 0.76191 0.364589 1.37992 1.86132e+06
1 0.765602 0.361455 1.38412 1.86135e+06
1 0.767792 0.358962 1.38711 1.86139e+06
1 0.770755 0.352826 1.38736 1.86142e+06
1 0.772162 0.349338 1.38821 1.86145e+06
1 0.774131 0.343963 1.38827 1.86149e+06
1 0.774479 0.34105 1.38713 1.86152e+06
1 0.775063 0.335419 1.39019 1.86155e+06
1 0.773179 0.329969 1.39084 1.86159e+06
1 0.772645 0.325188 1.39031 1.86162e+06
1 0.771443 0.318554 1.38993 1.86165e+06
1 0.769755 0.313406 1.38821 1.86168e+06
1 0.768234 0.307266 1.38801 1.86172e+06
1 0.766732 0.302724 1.38745 1.86175e+06
1 0.763276 0.298574 1.3867 1.86179e+06
1 0.761489 0.294633 1.38274 1.86182e+06
1 0.759861 0.291323 1.38139 1.86185e+06
1 0.758753 0.288384 1.37863 1.86189e+06
1 0.757964 0.286652 1.37656 1.86192e+06
1 0.756085 0.284538 1.37505 1.86195e+06
1 0.755163 0.283372 1.37432 1.86199e+06

2 0.669712 0.291671 1.3225 1.87178e+06
2 0.669366 0.289591 1.32021 1.87183e+06
2 0.668195 0.288307 1.31859 1.87187e+06
2 0.66702 0.287345 1.31655 1.87188e+06
2 0.665407 0.284486 1.31413 1.87193e+06
2 0.661509 0.281168 1.31086 1.87196e+06
2 0.65626 0.279631 1.30934 1.872e+06
2 0.651246 0.281244 1.31074 1.87203e+06
2 0.647802 0.280485 1.31119 1.87207e+06
2 0.642561 0.282145 1.30986 1.8721e+06
2 0.639336 0.285741 1.31117 1.87213e+06
2 0.637266 0.291432 1.30966 1.87216e+06
2 0.637504 0.2963 1.30888 1.8722e+06
2 0.638268 0.301644 1.30775 1.87223e+06
2 0.642129 0.307397 1.30537 1.87226e+06
2 0.64474 0.313361 1.30106 1.8723e+06
2 0.648626 0.319683 1.29983 1.87233e+06
2 0.65239 0.326731 1.29876 1.87236e+06
2 0.653026 0.332729 1.29832 1.8724e+06
2 0.650527 0.339117 1.29622 1.87243e+06
2 0.647446 0.343481 1.29507 1.87247e+06
2 0.641353 0.345016 1.29354 1.8725e+06
2 0.634549 0.342313 1.29095 1.87253e+06
2 0.629715 0.339307 1.28982 1.87256e+06
2 0.628179 0.333455 1.28995 1.8726e+06
2 0.629157 0.326718 1.29081 1.87263e+06
2 0.632583 0.319551 1.29119 1.87266e+06
2 0.639093 0.313284 1.29299 1.8727e+06
2 0.643988 0.307919 1.29417 1.87272e+06
2 0.65055 0.30244 1.29233 1.87276e+06
2 0.654197 0.297099 1.29072 1.87279e+06
2 0.657054 0.29228 1.29324 1.87282e+06
2 0.656117 0.286193 1.2942 1.87286e+06
2 0.653852 0.278053 1.29426 1.87289e+06
2 0.649441 0.271683 1.29479 1.87292e+06
2 0.643718 0.267111 1.29594 1.87296e+06
2 0.63862 0.263071 1.29787 1.87299e+06
2 0.633956 0.258618 1.29948 1.87303e+06
2 0.629345 0.255955 1.3015 1.87306e+06

3 0.68963 0.499979 1.30555 1.876e+06
3 0.687375 0.501341 1.30304 1.87603e+06
3 0.683729 0.50079 1.30067 1.87607e+06
3 0.681033 0.500436 1.29837 1.8761e+06
3 0.678086 0.498949 1.29732 1.87613e+06
3 0.675429 0.498084 1.29511 1.87617e+06
3 0.672907 0.499803 1.29218 1.8762e+06
3 0.669999 0.503448 1.29188 1.87623e+06
3 0.668929 0.505995 1.29134 1.87627e+06
3 0.669096 0.510888 1.29196 1.8763e+06
3 0.669847 0.514686 1.29309 1.87633e+06
3 0.673508 0.519427 1.29554 1.87637e+06
3 0.678089 0.524452 1.29878 1.8764e+06
3 0.684536 0.52664 1.30299 1.87643e+06
3 0.690411 0.532464 1.307 1.87647e+06
3 0.695658 0.536402 1.30963 1.8765e+06
3 0.700005 0.541917 1.31264 1.87653e+06
3 0.701861 0.546826 1.316 1.87657e+06
3 0.702088 0.553908 1.31664 1.8766e+06
3 0.701664 0.559434 1.31717 1.87664e+06
3 0.698105 0.566006 1.31618 1.87667e+06
3 0.692633 0.571239 1.31659 1.8767e+06
3 0.686574 0.575762 1.31518 1.87674e+06
3 0.679522 0.576714 1.30989 1.87675e+06
3 0.673453 0.576629 1.30472 1.8768e+06
3 0.666784 0.574616 1.30005 1.87684e+06
3 0.662355 0.570251 1.29504 1.87685e+06
3 0.659471 0.564018 1.28949 1.87690e+06
3 0.658273 0.557636 1.28543 1.87692e+06
3 0.658415 0.553424 1.28233 1.87695e+06
3 0.660557 0.546944 1.27901 1.877e+06
3 0.663561 0.541183 1.27647 1.87704e+06
3 0.668331 0.537289 1.27554 1.87707e+06
3 0.67263 0.532477 1.27461 1.8771e+06
3 0.676976 0.529367 1.27705 1.87712e+06
3 0.680847 0.524906 1.27781 1.87716e+06
3 0.684505 0.520815 1.28019 1.87721e+06
3 0.685861 0.516737 1.28173 1.87723e+06
3 0.688247 0.512712 1.28252 1.87727e+06
3 0.690221 0.50964 1.2827 1.8773e+06
3 0.692353 0.50546 1.28332 1.87733e+06
3 0.69401 0.501063 1.28273 1.87737e+06
3 0.695003 0.497037 1.28444 1.8774e+06
3 0.695568 0.494469 1.28559 1.87744e+06
3 0.69481 0.492833 1.2869 1.87747e+06
3 0.692872 0.491872 1.28722 1.8775e+06

4 0.494995 0.36127 1.23548 1.88007e+06
4 0.492299 0.361343 1.23442 1.8801e+06
4 0.490075 0.361454 1.23392 1.88013e+06
4 0.486622 0.364115 1.23223 1.88016e+06
4 0.483322 0.36546 1.23156 1.8802e+06
4 0.479861 0.367204 1.22902 1.88023e+06
4 0.476012 0.371769 1.22965 1.88026e+06
4 0.47224 0.376115 1.22748 1.8803e+06
4 0.469919 0.381524 1.22846 1.88033e+06
4 0.468608 0.389269 1.229 1.88036e+06
4 0.468136 0.394477 1.22849 1.8804e+06
4 0.469026 0.399723 1.22845 1.88043e+06
4 0.471871 0.405001 1.22587 1.88046e+06
4 0.475131 0.410617 1.22402 1.8805e+06
4 0.480709 0.415509 1.22171 1.88053e+06
4 0.487111 0.418999 1.2191 1.88056e+06
4 0.493986 0.421101 1.21592 1.8806e+06
4 0.500519 0.422491 1.21426 1.88063e+06
4 0.505139 0.424946 1.21338 1.88066e+06
4 0.510341 0.42869 1.21275 1.88069e+06
4 0.513504 0.43209 1.21086 1.88073e+06
4 0.515933 0.437184 1.20953 1.88076e+06
4 0.517178 0.444903 1.21102 1.8808e+06
4 0.517993 0.451231 1.21071 1.88083e+06
4 0.518598 0.459012 1.21308 1.88086e+06
4 0.51713 0.466042 1.2148 1.8809e+06
4 0.514428 0.472402 1.21473 1.88093e+06
4 0.510781 0.477655 1.21459 1.88096e+06
4 0.506421 0.480834 1.21547 1.881e+06
4 0.500146 0.483126 1.21512 1.88103e+06
4 0.493588 0.48387 1.21328 1.88106e+06
4 0.488805 0.48303 1.21144 1.8811e+06
4 0.48302 0.480621 1.20865 1.88113e+06
4 0.480259 0.475801 1.20728 1.88116e+06
4 0.478452 0.471345 1.20414 1.8812e+06
4 0.478226 0.465609 1.20164 1.88123e+06
4 0.478685 0.458101 1.19884 1.88127e+06
4 0.481381 0.450059 1.19651 1.8813e+06
4 0.483442 0.443302 1.1914 1.88133e+06
4 0.487765 0.437832 1.19034 1.88137e+06
4 0.491799 0.433133 1.18819 1.8814e+06
4 0.495942 0.42944 1.18777 1.88143e+06
4 0.500224 0.425159 1.18684 1.88147e+06
4 0.504682 0.422108 1.18654 1.8815e+06
4 0.507239 0.418853 1.1841 1.88153e+06
4 0.510972 0.417041 1.18521 1.88157e+06
4 0.513799 0.416185 1.1862 1.8816e+06
4 0.51643 0.415219 1.18619 1.88164e+06
4 0.518677 0.412961 1.18577 1.88167e+06
4 0.520083 0.409822 1.18586 1.8817e+06
4 0.519838 0.408154 1.18514 1.88174e+06
4 0.519597 0.406165 1.18466 1.88177e+06
4 0.519186 0.403349 1.18279 1.88180e+06
4 0.518805 0.400568 1.18247 1.88184e+06
4 0.516159 0.398434 1.18291 1.88187e+06
4 0.514004 0.394603 1.18252 1.88190e+06
4 0.512043 0.389533 1.1828 1.88194e+06
4 0.510262 0.386366 1.18412 1.88197e+06
4 0.509193 0.38153 1.18525 1.882e+06
4 0.507535 0.377985 1.18652 1.88204e+06
4 0.505307 0.371932 1.18668 1.88207e+06
4 0.503452 0.366575 1.18855 1.8821e+06
4 0.501955 0.363509 1.19031 1.88214e+06
4 0.500901 0.360151 1.19251 1.88217e+06
4 0.498683 0.356511 1.19319 1.8822e+06
4 0.496611 0.35387 1.19537 1.88224e+06
4 0.494751 0.351152 1.19727 1.88227e+06
4 0.494468 0.350222 1.20099 1.88230e+06

5 0.790999 0.317804 1.22836 1.89352e+06
5 0.791879 0.31786 1.22754 1.89355e+06
5 0.792363 0.317814 1.22674 1.89358e+06
5 0.792628 0.315632 1.22464 1.8936e+06
5 0.792405 0.312746 1.22107 1.89365e+06
5 0.79205 0.312279 1.2219 1.89369e+06
5 0.789739 0.309112 1.22043 1.8937e+06
5 0.787582 0.306123 1.21738 1.89375e+06
5 0.785264 0.304033 1.21523 1.89379e+06
5 0.782183 0.300803 1.21585 1.8938e+06
5 0.777407 0.302017 1.21615 1.89385e+06
5 0.77434 0.301835 1.21835 1.89388e+06
5 0.770636 0.302811 1.21916 1.89392e+06
5 0.768577 0.30535 1.22005 1.89395e+06
5 0.766568 0.309562 1.2195 1.89398e+06
5 0.767142 0.313519 1.22134 1.894e+06
5 0.76896 0.317651 1.22087 1.89405e+06
5 0.772053 0.321328 1.22045 1.89408e+06
5 0.776572 0.324489 1.21814 1.89412e+06
5 0.780649 0.330778 1.21796 1.89415e+06
5 0.786175 0.335057 1.22106 1.89418e+06
5 0.789763 0.341121 1.22439 1.89422e+06
5 0.793519 0.347881 1.22641 1.89424e+06
5 0.795876 0.353235 1.2282 1.89428e+06
5 0.796506 0.360853 1.22746 1.89431e+06
5 0.795951 0.365794 1.2272 1.89434e+06
5 0.793123 0.37216 1.22592 1.89438e+06
5 0.789531 0.374752 1.22483 1.89441e+06
5 0.785516 0.374541 1.22443 1.89444e+06
5 0.781488 0.372965 1.22353 1.89448e+06
5 0.778076 0.368701 1.22234 1.89451e+06
5 0.775859 0.363543 1.22057 1.89454e+06
5 0.775826 0.356827 1.21867 1.89458e+06
5 0.777702 0.349918 1.21697 1.89461e+06
5 0.780646 0.343992 1.21532 1.89464e+06
5 0.784778 0.33796 1.2109 1.89468e+06
5 0.788655 0.333706 1.21109 1.89471e+06
5 0.79333 0.328252 1.21073 1.89474e+06
5 0.796745 0.322524 1.21153 1.89478e+06
5 0.798659 0.315447 1.21072 1.89481e+06
5 0.79918 0.309175 1.21128 1.89485e+06
5 0.798923 0.30141 1.21089 1.89488e+06
5 0.797554 0.293383 1.21029 1.89491e+06
5 0.794608 0.2841 1.21099 1.89495e+06
5 0.788975 0.27732 1.21091 1.89498e+06
5 0.784995 0.271934 1.21279 1.89502e+06
5 0.780267 0.267971 1.21395 1.89505e+06

6 0.788987 0.508944 1.27129 1.89761e+06
6 0.789052 0.504328 1.2687 1.89765e+06
6 0.786121 0.501071 1.26806 1.89769e+06
6 0.783313 0.498682 1.26778 1.89772e+06
6 0.778842 0.497909 1.26613 1.89775e+06
6 0.772921 0.497688 1.26526 1.89779e+06
6 0.767906 0.500313 1.26393 1.89782e+06
6 0.765292 0.504699 1.26421 1.89785e+06
6 0.766589 0.511226 1.2658 1.89788e+06
6 0.769977 0.518588 1.26906 1.89792e+06
6 0.775482 0.528365 1.27095 1.89795e+06
6 0.781761 0.539041 1.27505 1.89798e+06
6 0.787564 0.547605 1.27616 1.89802e+06
6 0.791319 0.557768 1.2798 1.89805e+06
6 0.792219 0.567114 1.28442 1.89808e+06
6 0.789309 0.578038 1.29037 1.89812e+06
6 0.782718 0.58732 1.29072 1.89815e+06
6 0.774606 0.593655 1.28888 1.89818e+06
6 0.767297 0.59429 1.28193 1.89822e+06
6 0.759994 0.592357 1.27714 1.89825e+06
6 0.75437 0.587403 1.27232 1.89828e+06
6 0.750665 0.580575 1.26529 1.89832e+06
6 0.749365 0.571317 1.25819 1.89835e+06
6 0.750643 0.561697 1.25441 1.89838e+06
6 0.754077 0.552863 1.25086 1.89842e+06
6 0.758933 0.545309 1.24897 1.89845e+06
6 0.763198 0.539109 1.25059 1.89848e+06
6 0.768417 0.532589 1.25065 1.89851e+06
6 0.773227 0.527047 1.25367 1.89855e+06
6 0.778875 0.52209 1.25346 1.89858e+06
6 0.783738 0.516678 1.25493 1.89861e+06
6 0.787715 0.511606 1.25583 1.89864e+06
6 0.789998 0.506778 1.25966 1.89868e+06
6 0.792929 0.502105 1.26037 1.89871e+06
6 0.794388 0.497961 1.26096 1.89876e+06
6 0.794639 0.49423 1.25966 1.89878e+06

7 0.502506 0.205591 1.2133 1.90232e+06
7 0.502321 0.208055 1.21377 1.90235e+06
7 0.501404 0.207806 1.21344 1.90238e+06
7 0.500559 0.206993 1.21279 1.90241e+06
7 0.498509 0.206544 1.21328 1.90245e+06
7 0.494408 0.204087 1.21396 1.90248e+06
7 0.490812 0.203254 1.21562 1.90251e+06
7 0.487824 0.203562 1.2166 1.90255e+06
7 0.485798 0.204511 1.21597 1.90258e+06
7 0.48637 0.207278 1.21469 1.90261e+06
7 0.490798 0.2094 1.21202 1.90264e+06
7 0.495069 0.215037 1.20685 1.90268e+06
7 0.500051 0.219872 1.19983 1.90272e+06
7 0.504097 0.225508 1.19278 1.90275e+06
7 0.507976 0.232074 1.18745 1.90278e+06
7 0.509224 0.237026 1.18302 1.90282e+06
7 0.509526 0.241453 1.17975 1.90285e+06
7 0.50771 0.244008 1.17923 1.90289e+06
7 0.503615 0.244391 1.17825 1.90292e+06
7 0.499693 0.242288 1.17955 1.90296e+06
7 0.496969 0.238134 1.1829 1.90299e+06
7 0.494544 0.232866 1.18831 1.90302e+06
7 0.493922 0.224991 1.1928 1.90306e+06
7 0.49502 0.21746 1.19875 1.90309e+06
7 0.497115 0.210801 1.20295 1.90312e+06
7 0.499164 0.202998 1.20666 1.90316e+06
7 0.502062 0.196903 1.21115 1.90319e+06
7 0.503089 0.191694 1.21599 1.90322e+06

8 0.413899 0.237037 1.18374 1.90526e+06
8 0.413756 0.236008 1.18216 1.90529e+06
8 0.412283 0.23624 1.17997 1.90532e+06
8 0.410267 0.234997 1.181 1.90536e+06
8 0.408042 0.23538 1.18015 1.90539e+06
8 0.404654 0.233655 1.18257 1.90542e+06
8 0.401415 0.23448 1.1852 1.90546e+06
8 0.395507 0.236636 1.18779 1.90549e+06
8 0.391445 0.23961 1.18994 1.90552e+06
8 0.386169 0.245064 1.19228 1.90556e+06
8 0.382328 0.251953 1.19308 1.90559e+06
8 0.379615 0.26083 1.19441 1.90563e+06
8 0.379269 0.26755 1.19424 1.90566e+06
8 0.380236 0.272566 1.19193 1.90569e+06
8 0.383956 0.27723 1.18848 1.90573e+06
8 0.390308 0.282246 1.1828 1.90576e+06
8 0.396495 0.285019 1.17681 1.90579e+06
8 0.404828 0.288168 1.1711 1.90583e+06
8 0.413785 0.290715 1.16617 1.90586e+06
8 0.420837 0.293674 1.16159 1.90589e+06
8 0.426293 0.299606 1.15696 1.90593e+06
8 0.431218 0.303361 1.15434 1.90596e+06
8 0.434434 0.309911 1.15251 1.90598e+06
8 0.436124 0.317019 1.15105 1.90601e+06
8 0.436257 0.323092 1.15017 1.90605e+06
8 0.433769 0.330792 1.14997 1.90608e+06
8 0.42989 0.336067 1.14946 1.90611e+06
8 0.424637 0.338911 1.14507 1.90615e+06
8 0.420153 0.342239 1.14546 1.90618e+06
8 0.413042 0.341331 1.14485 1.90623e+06
8 0.406297 0.340108 1.14448 1.90625e+06
8 0.400961 0.33539 1.14482 1.90628e+06
8 0.39722 0.328485 1.14537 1.90633e+06
8 0.395451 0.319964 1.1448 1.90635e+06
8 0.395529 0.30889 1.14224 1.90638e+06
8 0.398206 0.298582 1.14051 1.90641e+06
8 0.400991 0.288683 1.13963 1.90645e+06
8 0.405338 0.279737 1.13879 1.9065e+06
8 0.409567 0.272282 1.13806 1.90651e+06
8 0.414355 0.264023 1.13771 1.90655e+06
8 0.419284 0.256669 1.13863 1.90658e+06
8 0.423031 0.252166 1.13913 1.90662e+06
8 0.426495 0.248836 1.13921 1.90665e+06
8 0.429967 0.246601 1.14139 1.90668e+06
8 0.432428 0.244234 1.14322 1.90672e+06
8 0.434077 0.240218 1.14512 1.90675e+06

9 0.328426 0.227416 1.23917 1.91199e+06
9 0.324961 0.226194 1.24145 1.91203e+06
9 0.321845 0.227782 1.2429 1.91206e+06
9 0.316734 0.227788 1.24688 1.9121e+06
9 0.313938 0.228662 1.24963 1.91213e+06
9 0.310217 0.230594 1.2537 1.91216e+06
9 0.306614 0.234396 1.25714 1.9122e+06
9 0.304901 0.237399 1.25948 1.91223e+06
9 0.303687 0.242088 1.26176 1.91226e+06
9 0.303241 0.246856 1.26115 1.91229e+06
9 0.304397 0.25235 1.25874 1.91233e+06
9 0.308475 0.25865 1.25306 1.91236e+06
9 0.3117 0.263308 1.24748 1.91239e+06
9 0.315078 0.267841 1.24124 1.91243e+06
9 0.321507 0.271856 1.23232 1.91246e+06
9 0.328059 0.276095 1.22439 1.91249e+06
9 0.335407 0.279397 1.21683 1.91252e+06
9 0.340808 0.284233 1.20934 1.91256e+06
9 0.345235 0.287208 1.2033 1.91259e+06
9 0.349951 0.292343 1.1995 1.91263e+06
9 0.353624 0.298294 1.19681 1.91266e+06
9 0.355709 0.306324 1.19397 1.9127e+06
9 0.356611 0.312799 1.19296 1.91273e+06
9 0.356859 0.320545 1.19265 1.91276e+06
9 0.356462 0.327726 1.19221 1.9128e+06
9 0.354887 0.334166 1.19372 1.91283e+06
9 0.351749 0.338381 1.19501 1.91286e+06
9 0.347378 0.34249 1.19552 1.9129e+06
9 0.342851 0.346535 1.199 1.91293e+06
9 0.338118 0.348224 1.20136 1.91296e+06
9 0.334019 0.344874 1.20189 1.91299e+06
9 0.329751 0.339195 1.20167 1.91303e+06
9 0.32661 0.333419 1.2022 1.91306e+06
9 0.325214 0.326481 1.20315 1.91309e+06
9 0.325619 0.31843 1.20368 1.91313e+06
9 0.326678 0.311371 1.20333 1.91316e+06
9 0.326821 0.301797 1.20107 1.91319e+06
9 0.328152 0.294222 1.19957 1.91323e+06
9 0.330997 0.285942 1.19985 1.91326e+06
9 0.334351 0.280398 1.19917 1.91329e+06
9 0.337079 0.27442 1.19751 1.91333e+06
9 0.339954 0.268623 1.19611 1.91336e+06
9 0.343285 0.266295 1.19444 1.91339e+06
9 0.346349 0.261823 1.19238 1.91343e+06
9 0.349249 0.257944 1.19203 1.91346e+06
9 0.351573 0.254907 1.19153 1.9135e+06
9 0.353216 0.25237 1.19203 1.91353e+06
9 0.354316 0.24856 1.19101 1.91356e+06
9 0.354435 0.244315 1.19255 1.9136e+06
9 0.353875 0.24179 1.19402 1.91363e+06
9 0.353318 0.238497 1.19652 1.91366e+06
9 0.350915 0.233792 1.20003 1.9137e+06
9 0.347395 0.230053 1.20377 1.91373e+06
9 0.345154 0.227272 1.20798 1.91377e+06
9 0.341323 0.223799 1.21327 1.91379e+06
9 0.340018 0.224337 1.21752 1.91383e+06
9 0.336814 0.220294 1.22185 1.91386e+06
9 0.332093 0.217859 1.22626 1.91389e+06
9 0.328664 0.215972 1.22959 1.91393e+06
9 0.325324 0.217109 1.2324 1.91396e+06
9 0.322013 0.217119 1.23601 1.91399e+06
9 0.318013 0.216753 1.23984 1.91403e+06
9 0.315404 0.217467 1.24425 1.91406e+06

