Gesto: 8
0 0.21529 0.244278 1.65085 1.20751e+06
0 0.217559 0.239836 1.6421 1.20754e+06
0 0.219607 0.234076 1.63646 1.20758e+06
0 0.223664 0.223485 1.63222 1.20762e+06
0 0.227831 0.216316 1.62957 1.20765e+06
0 0.229258 0.204596 1.62709 1.20768e+06
0 0.235477 0.194089 1.61848 1.20772e+06
0 0.244236 0.181735 1.61342 1.20775e+06
0 0.251349 0.171101 1.60783 1.20778e+06
0 0.260337 0.16073 1.60105 1.20782e+06
0 0.270046 0.151571 1.59713 1.20785e+06
0 0.282151 0.141113 1.59689 1.20788e+06
0 0.293684 0.133989 1.59338 1.2079e+06
0 0.305298 0.12604 1.5913 1.20795e+06
0 0.320105 0.121996 1.59003 1.20797e+06
0 0.333865 0.119373 1.59117 1.208e+06
0 0.345344 0.11825 1.59077 1.20804e+06
0 0.358256 0.120117 1.58814 1.20807e+06
0 0.36988 0.123191 1.58895 1.2081e+06
0 0.380422 0.127 1.58616 1.20814e+06
0 0.389432 0.136717 1.58046 1.20817e+06
0 0.396772 0.145493 1.57235 1.2082e+06
0 0.402367 0.155522 1.57207 1.20825e+06
0 0.402907 0.169729 1.56532 1.20827e+06
0 0.402654 0.184691 1.55969 1.2083e+06
0 0.398777 0.201699 1.55904 1.20835e+06
0 0.392283 0.214959 1.55731 1.20837e+06
0 0.387293 0.22921 1.55632 1.2084e+06
0 0.380833 0.243227 1.55575 1.20845e+06
0 0.374328 0.259962 1.55746 1.20847e+06
0 0.366163 0.276368 1.55928 1.2085e+06
0 0.355057 0.291339 1.56292 1.20854e+06
0 0.341714 0.306225 1.56085 1.20857e+06
0 0.332302 0.318478 1.56457 1.20860e+06
0 0.324356 0.332473 1.56699 1.20864e+06
0 0.316724 0.346894 1.57429 1.20867e+06
0 0.310307 0.360573 1.58042 1.20871e+06
0 0.304392 0.375346 1.58711 1.20874e+06
0 0.300322 0.389752 1.59801 1.20877e+06
0 0.298384 0.405678 1.60823 1.20881e+06
0 0.294309 0.42081 1.61857 1.20884e+06
0 0.293485 0.434284 1.62637 1.20887e+06
0 0.292734 0.448417 1.63183 1.20891e+06
0 0.291955 0.462717 1.6418 1.20894e+06
0 0.296364 0.477433 1.65058 1.20897e+06
0 0.304794 0.489467 1.65774 1.20902e+06
0 0.311167 0.500094 1.6628 1.20904e+06
0 0.318356 0.511429 1.66607 1.20907e+06
0 0.32802 0.519036 1.66553 1.20912e+06
0 0.337126 0.526696 1.6655 1.20915e+06
0 0.347975 0.53237 1.66265 1.20917e+06
0 0.360683 0.535463 1.66112 1.20922e+06
0 0.372822 0.53638 1.65887 1.20925e+06
0 0.385149 0.532594 1.6559 1.20927e+06
0 0.393806 0.527849 1.64874 1.20932e+06
0 0.400647 0.521659 1.64167 1.20934e+06
0 0.406872 0.514542 1.63524 1.20937e+06
0 0.410439 0.505058 1.62003 1.20942e+06
0 0.413691 0.497277 1.61138 1.20944e+06
0 0.413743 0.487116 1.60102 1.20947e+06
0 0.413257 0.47511 1.59285 1.20952e+06
0 0.412699 0.463729 1.58752 1.20955e+06
0 0.409534 0.453266 1.5812 1.20957e+06
0 0.406467 0.443253 1.57494 1.20962e+06
0 0.400524 0.433085 1.56808 1.20964e+06
0 0.394753 0.424346 1.56177 1.20967e+06
0 0.388599 0.416049 1.55692 1.20972e+06
0 0.380133 0.410383 1.55099 1.20975e+06
0 0.370744 0.401798 1.54788 1.20977e+06
0 0.362825 0.39418 1.54516 1.20982e+06
0 0.352868 0.386658 1.54098 1.20984e+06
0 0.34342 0.378838 1.53797 1.20989e+06
0 0.334051 0.371038 1.53618 1.20992e+06
0 0.324465 0.361523 1.53225 1.20995e+06
0 0.31507 0.351248 1.53272 1.20998e+06
0 0.307186 0.343957 1.53595 1.21002e+06
0 0.299711 0.335985 1.54061 1.21005e+06
0 0.29163 0.327424 1.54439 1.21008e+06
0 0.284215 0.318437 1.55035 1.21012e+06
0 0.278038 0.309937 1.5544 1.21014e+06
0 0.271577 0.300464 1.56273 1.21018e+06
0 0.265585 0.290784 1.57055 1.21022e+06
0 0.259365 0.281628 1.57708 1.21025e+06
0 0.253933 0.274387 1.5847 1.21028e+06
0 0.249948 0.266571 1.59273 1.21032e+06
0 0.247315 0.262263 1.59782 1.21035e+06
0 0.242851 0.256594 1.60617 1.21038e+06
0 0.238877 0.250243 1.61404 1.21042e+06
0 0.239189 0.245009 1.61862 1.21045e+06
0 0.236639 0.23778 1.62265 1.21048e+06
0 0.234516 0.233572 1.62521 1.21052e+06
0 0.231456 0.22907 1.62694 1.21055e+06
0 0.229543 0.223384 1.63067 1.21058e+06
0 0.228994 0.219539 1.63461 1.21062e+06
0 0.227545 0.220447 1.63699 1.21065e+06
0 0.226833 0.216905 1.64046 1.21068e+06

1 0.486712 0.222745 1.56295 1.22092e+06
1 0.483144 0.223013 1.55978 1.22095e+06
1 0.481226 0.222724 1.55595 1.22098e+06
1 0.480625 0.221634 1.55633 1.22102e+06
1 0.480807 0.215453 1.55482 1.22105e+06
1 0.480679 0.210029 1.55366 1.22108e+06
1 0.480109 0.203835 1.55063 1.22112e+06
1 0.480767 0.192434 1.55097 1.22115e+06
1 0.484908 0.180589 1.55201 1.22118e+06
1 0.490299 0.169538 1.55079 1.22122e+06
1 0.496553 0.160455 1.5497 1.22125e+06
1 0.504587 0.149722 1.55115 1.22128e+06
1 0.514546 0.142474 1.55348 1.22132e+06
1 0.528994 0.135449 1.55415 1.22135e+06
1 0.542788 0.133289 1.56086 1.2214e+06
1 0.555663 0.132976 1.56777 1.22141e+06
1 0.562796 0.132148 1.57486 1.22145e+06
1 0.573778 0.132609 1.57661 1.22148e+06
1 0.585083 0.137973 1.58076 1.22152e+06
1 0.596083 0.147346 1.58439 1.22155e+06
1 0.606247 0.159766 1.58715 1.22158e+06
1 0.612442 0.174439 1.58335 1.22162e+06
1 0.619282 0.189288 1.58277 1.22165e+06
1 0.622556 0.205319 1.57478 1.22168e+06
1 0.62427 0.223003 1.5717 1.22172e+06
1 0.621862 0.242786 1.56518 1.22175e+06
1 0.616727 0.262821 1.55795 1.22178e+06
1 0.607445 0.281222 1.54835 1.22182e+06
1 0.59754 0.299302 1.54443 1.22185e+06
1 0.587623 0.314419 1.53899 1.22188e+06
1 0.574354 0.327439 1.53477 1.22192e+06
1 0.561047 0.337552 1.53403 1.22196e+06
1 0.551511 0.345782 1.53365 1.222e+06
1 0.539065 0.355077 1.53423 1.22201e+06
1 0.52745 0.362658 1.53661 1.22206e+06
1 0.51567 0.370934 1.54083 1.22208e+06
1 0.50689 0.376828 1.54598 1.22212e+06
1 0.498164 0.384941 1.55142 1.22216e+06
1 0.490119 0.394357 1.55834 1.22218e+06
1 0.483384 0.4062 1.56849 1.22222e+06
1 0.479943 0.41745 1.57569 1.22226e+06
1 0.477954 0.428552 1.57994 1.22228e+06
1 0.477529 0.439566 1.58861 1.22232e+06
1 0.477132 0.452113 1.59729 1.22235e+06
1 0.477836 0.465921 1.60317 1.22238e+06
1 0.481283 0.479298 1.61524 1.22242e+06
1 0.487134 0.494468 1.62571 1.22245e+06
1 0.495376 0.502774 1.63418 1.22248e+06
1 0.503357 0.512967 1.63702 1.22252e+06
1 0.513194 0.523245 1.64117 1.22255e+06
1 0.519477 0.53034 1.64263 1.22258e+06
1 0.527651 0.535984 1.64449 1.22262e+06
1 0.537006 0.53853 1.64704 1.22265e+06
1 0.547313 0.538353 1.64883 1.22268e+06
1 0.557071 0.536575 1.64661 1.22272e+06
1 0.566828 0.533189 1.64411 1.22275e+06
1 0.577607 0.527504 1.63867 1.22278e+06
1 0.585715 0.518802 1.63022 1.22282e+06
1 0.59255 0.509496 1.62462 1.22285e+06
1 0.600725 0.49777 1.62029 1.22288e+06
1 0.606426 0.486889 1.61383 1.22292e+06
1 0.613095 0.473576 1.60868 1.22295e+06
1 0.616935 0.460226 1.59891 1.22299e+06
1 0.618547 0.446935 1.59077 1.22302e+06
1 0.619377 0.431612 1.57949 1.22305e+06
1 0.617254 0.417668 1.56778 1.22309e+06
1 0.61485 0.404286 1.56239 1.22312e+06
1 0.611143 0.391154 1.55048 1.22315e+06
1 0.604603 0.378503 1.53868 1.22319e+06
1 0.598805 0.3666 1.52961 1.22322e+06
1 0.592728 0.354181 1.5209 1.22326e+06
1 0.586776 0.341203 1.51349 1.22329e+06
1 0.580853 0.329994 1.50822 1.22332e+06
1 0.573029 0.318797 1.50134 1.22336e+06
1 0.564575 0.3072 1.49349 1.22339e+06
1 0.555603 0.295145 1.48759 1.22342e+06
1 0.546354 0.286847 1.48449 1.22346e+06
1 0.538349 0.276798 1.48249 1.22349e+06
1 0.53043 0.269453 1.48489 1.22352e+06
1 0.521844 0.260699 1.48443 1.22356e+06
1 0.513517 0.251711 1.4882 1.22359e+06
1 0.506106 0.244411 1.49135 1.22363e+06
1 0.499738 0.238656 1.49473 1.22366e+06
1 0.493406 0.230933 1.49977 1.22369e+06
1 0.488328 0.224428 1.5031 1.22373e+06
1 0.483706 0.216822 1.50778 1.22376e+06
1 0.47929 0.211644 1.51035 1.2238e+06
1 0.475596 0.206731 1.51378 1.22383e+06
1 0.473345 0.203363 1.51773 1.22386e+06
1 0.471829 0.199357 1.52134 1.2239e+06

2 0.493453 0.219001 1.6034 1.22466e+06
2 0.492518 0.216273 1.60324 1.22469e+06
2 0.493038 0.210152 1.60296 1.22472e+06
2 0.495716 0.204457 1.60356 1.22476e+06
2 0.49846 0.196849 1.60058 1.22479e+06
2 0.502891 0.186948 1.59651 1.22482e+06
2 0.508649 0.175785 1.5944 1.22486e+06
2 0.516183 0.166599 1.59493 1.22489e+06
2 0.522819 0.157625 1.59369 1.22492e+06
2 0.531542 0.150106 1.59461 1.22495e+06
2 0.543507 0.142887 1.59662 1.22499e+06
2 0.554188 0.136507 1.59958 1.22502e+06
2 0.566401 0.134038 1.60335 1.22506e+06
2 0.578931 0.13453 1.60897 1.22509e+06
2 0.594524 0.13543 1.61726 1.22512e+06
2 0.606704 0.139216 1.62144 1.22516e+06
2 0.619773 0.145671 1.62359 1.22519e+06
2 0.630967 0.155174 1.62687 1.22522e+06
2 0.640921 0.167027 1.62783 1.22526e+06
2 0.64798 0.180228 1.63154 1.22529e+06
2 0.652249 0.195807 1.62663 1.22532e+06
2 0.656013 0.212504 1.6254 1.22536e+06
2 0.658145 0.23242 1.62252 1.22539e+06
2 0.658954 0.246543 1.61521 1.22542e+06
2 0.654643 0.265448 1.60839 1.22546e+06
2 0.650271 0.283566 1.60314 1.22549e+06
2 0.64177 0.300586 1.59527 1.22552e+06
2 0.630581 0.317451 1.5881 1.22556e+06
2 0.616956 0.334392 1.57901 1.22559e+06
2 0.602424 0.349081 1.57118 1.22562e+06
2 0.588526 0.36346 1.565 1.22566e+06
2 0.575934 0.373145 1.55801 1.22569e+06
2 0.560635 0.386669 1.55844 1.22572e+06
2 0.545896 0.403138 1.56257 1.22576e+06
2 0.532432 0.413649 1.56293 1.22579e+06
2 0.518516 0.423954 1.56537 1.22582e+06
2 0.509146 0.435704 1.57117 1.22586e+06
2 0.49976 0.44585 1.58082 1.22589e+06
2 0.491352 0.456566 1.58757 1.22592e+06
2 0.484836 0.467461 1.59568 1.22596e+06
2 0.480967 0.479866 1.60455 1.22599e+06
2 0.480064 0.488575 1.61805 1.22602e+06
2 0.479926 0.499264 1.62811 1.22606e+06
2 0.48378 0.510449 1.63933 1.22609e+06
2 0.489713 0.520716 1.64873 1.22612e+06
2 0.49947 0.530376 1.64788 1.22616e+06
2 0.50711 0.542869 1.65076 1.22619e+06
2 0.516257 0.556227 1.65481 1.22623e+06
2 0.529724 0.562954 1.666 1.22626e+06
2 0.538133 0.570717 1.66917 1.22629e+06
2 0.548277 0.577241 1.67341 1.22633e+06
2 0.561612 0.581045 1.67876 1.22636e+06
2 0.578338 0.577441 1.6853 1.22639e+06
2 0.594591 0.57323 1.68966 1.22643e+06
2 0.609147 0.563815 1.6951 1.22646e+06
2 0.620052 0.555607 1.69456 1.22649e+06
2 0.630315 0.544743 1.6897 1.22653e+06
2 0.639877 0.531196 1.68194 1.22656e+06
2 0.646824 0.517334 1.67169 1.22659e+06
2 0.652906 0.501915 1.657 1.22664e+06
2 0.656267 0.485813 1.64437 1.22666e+06
2 0.65694 0.469678 1.62669 1.22669e+06
2 0.656654 0.454317 1.60935 1.22672e+06
2 0.655966 0.436753 1.59345 1.22676e+06
2 0.650969 0.417961 1.57921 1.22679e+06
2 0.646161 0.402017 1.56736 1.22683e+06
2 0.63783 0.384457 1.55511 1.22686e+06
2 0.630265 0.370242 1.54635 1.22689e+06
2 0.620834 0.354254 1.53456 1.22693e+06
2 0.611021 0.341374 1.52402 1.22696e+06
2 0.600867 0.328966 1.51491 1.22699e+06
2 0.589649 0.317589 1.50288 1.22703e+06
2 0.579428 0.306352 1.49246 1.22706e+06
2 0.568003 0.29541 1.48168 1.2271e+06
2 0.554605 0.288582 1.47419 1.22713e+06
2 0.544712 0.282134 1.47319 1.22716e+06
2 0.535066 0.275971 1.4721 1.2272e+06
2 0.526033 0.271345 1.47114 1.22723e+06
2 0.517246 0.267722 1.47221 1.22726e+06
2 0.511547 0.262623 1.4717 1.2273e+06
2 0.504216 0.257341 1.47273 1.22733e+06
2 0.498189 0.253162 1.47329 1.22737e+06
2 0.493935 0.248903 1.47066 1.22738e+06
2 0.488611 0.244947 1.47 1.22743e+06
2 0.485207 0.241637 1.47177 1.22747e+06
2 0.484039 0.236399 1.4726 1.22748e+06
2 0.483116 0.231019 1.47362 1.22753e+06
2 0.483347 0.22714 1.47407 1.22757e+06
2 0.482676 0.220986 1.4752 1.22758e+06
2 0.484495 0.216928 1.47563 1.22763e+06
2 0.48858 0.212357 1.47811 1.22767e+06
2 0.491989 0.206298 1.48043 1.2277e+06

3 0.530884 0.175113 1.58453 1.22843e+06
3 0.530172 0.175362 1.58507 1.22846e+06
3 0.530478 0.176672 1.58231 1.2285e+06
3 0.530913 0.17242 1.58461 1.22853e+06
3 0.530954 0.168608 1.5818 1.22857e+06
3 0.53175 0.16532 1.57964 1.2286e+06
3 0.534634 0.158193 1.57839 1.22863e+06
3 0.539471 0.151232 1.58003 1.22866e+06
3 0.548108 0.143336 1.5859 1.2287e+06
3 0.557951 0.135636 1.59144 1.22873e+06
3 0.568021 0.131441 1.59769 1.22876e+06
3 0.579487 0.127504 1.60573 1.2288e+06
3 0.590593 0.124968 1.61175 1.22883e+06
3 0.602483 0.126285 1.61693 1.22887e+06
3 0.614151 0.129568 1.62319 1.2289e+06
3 0.628656 0.132596 1.6322 1.22893e+06
3 0.641513 0.139765 1.6405 1.22896e+06
3 0.653365 0.149058 1.65004 1.229e+06
3 0.665616 0.160278 1.66006 1.22903e+06
3 0.67723 0.172631 1.66953 1.22907e+06
3 0.686042 0.18763 1.67685 1.2291e+06
3 0.693931 0.202392 1.67984 1.22913e+06
3 0.699498 0.221923 1.68742 1.22917e+06
3 0.705462 0.239474 1.68492 1.2292e+06
3 0.709429 0.257514 1.68419 1.22923e+06
3 0.710522 0.277563 1.68115 1.22926e+06
3 0.711118 0.297415 1.67701 1.2293e+06
3 0.709879 0.318102 1.67399 1.22933e+06
3 0.704014 0.337365 1.6631 1.22937e+06
3 0.695638 0.355903 1.65228 1.2294e+06
3 0.684507 0.371702 1.64027 1.22943e+06
3 0.674178 0.384875 1.62624 1.22947e+06
3 0.661519 0.396199 1.61152 1.2295e+06
3 0.646713 0.404739 1.59627 1.22953e+06
3 0.633131 0.412705 1.58649 1.22957e+06
3 0.616348 0.420502 1.57993 1.2296e+06
3 0.600588 0.429663 1.57694 1.22963e+06
3 0.58378 0.438104 1.57575 1.22967e+06
3 0.566756 0.449189 1.5756 1.2297e+06
3 0.550222 0.45892 1.57482 1.22973e+06
3 0.536005 0.46869 1.57631 1.22977e+06
3 0.52516 0.479086 1.5815 1.2298e+06
3 0.518215 0.488174 1.58786 1.22983e+06
3 0.51118 0.499601 1.59289 1.22987e+06
3 0.506155 0.510453 1.60345 1.2299e+06
3 0.50453 0.518501 1.61609 1.22992e+06
3 0.503237 0.529352 1.62591 1.22997e+06
3 0.504661 0.54038 1.63105 1.23e+06
3 0.508068 0.548355 1.64357 1.23002e+06
3 0.510505 0.557727 1.65133 1.23007e+06
3 0.517561 0.565012 1.6618 1.23009e+06
3 0.525162 0.573263 1.66938 1.23014e+06
3 0.532106 0.579855 1.67885 1.23016e+06
3 0.539053 0.584604 1.6855 1.23019e+06
3 0.54766 0.590505 1.69364 1.23022e+06
3 0.557828 0.593974 1.70168 1.23026e+06
3 0.569278 0.595954 1.71063 1.23029e+06
3 0.579696 0.596846 1.71591 1.23032e+06
3 0.59071 0.595124 1.72134 1.23036e+06
3 0.603224 0.589937 1.72476 1.23039e+06
3 0.614625 0.585886 1.72346 1.23042e+06
3 0.624054 0.578781 1.72246 1.23046e+06
3 0.633556 0.571959 1.72171 1.23049e+06
3 0.644174 0.562775 1.72011 1.23052e+06
3 0.652695 0.552862 1.7171 1.23056e+06
3 0.65972 0.542426 1.71436 1.23059e+06
3 0.666395 0.531309 1.70762 1.23062e+06
3 0.671911 0.521861 1.70113 1.23066e+06
3 0.675177 0.513016 1.68971 1.23069e+06
3 0.676922 0.501504 1.68076 1.23073e+06
3 0.676963 0.489933 1.66891 1.23076e+06
3 0.675892 0.477668 1.65511 1.2308e+06
3 0.674446 0.467246 1.63904 1.23083e+06
3 0.672377 0.457068 1.62189 1.23086e+06
3 0.66901 0.443784 1.60654 1.2309e+06
3 0.66515 0.431341 1.59053 1.23093e+06
3 0.659865 0.41919 1.5781 1.23096e+06
3 0.652634 0.406676 1.56824 1.231e+06
3 0.646967 0.392278 1.55906 1.23103e+06
3 0.639081 0.381209 1.54727 1.23106e+06
3 0.632633 0.368637 1.54044 1.2311e+06
3 0.623504 0.357439 1.53159 1.23113e+06
3 0.614586 0.347392 1.52398 1.23116e+06
3 0.606811 0.334831 1.51217 1.2312e+06
3 0.597234 0.32716 1.50647 1.23123e+06
3 0.586743 0.32028 1.5 1.23126e+06
3 0.576087 0.311625 1.49125 1.2313e+06
3 0.566936 0.304995 1.48571 1.23133e+06
3 0.558602 0.296949 1.48045 1.23136e+06
3 0.55057 0.290638 1.47568 1.2314e+06
3 0.54282 0.285913 1.47197 1.23143e+06
3 0.535008 0.281975 1.47096 1.23146e+06
3 0.529574 0.275674 1.47129 1.2315e+06
3 0.525419 0.270318 1.47097 1.23153e+06
3 0.52223 0.26674 1.47359 1.23156e+06
3 0.51918 0.260344 1.47457 1.2316e+06
3 0.516097 0.25534 1.47351 1.23163e+06
3 0.513723 0.248427 1.47228 1.23166e+06
3 0.512888 0.242487 1.47386 1.2317e+06
3 0.51307 0.236829 1.47258 1.23173e+06
3 0.516064 0.230407 1.47553 1.23176e+06

4 0.739957 0.211762 1.6274 1.23464e+06
4 0.742048 0.211147 1.62913 1.23467e+06
4 0.742113 0.211125 1.62694 1.2347e+06
4 0.743827 0.210227 1.62447 1.23474e+06
4 0.744923 0.207293 1.62011 1.23477e+06
4 0.747659 0.203002 1.62269 1.2348e+06
4 0.750572 0.200835 1.62382 1.23484e+06
4 0.752196 0.197149 1.61972 1.23487e+06
4 0.755324 0.192474 1.61903 1.2349e+06
4 0.759702 0.188201 1.62067 1.23494e+06
4 0.761949 0.185739 1.6202 1.23497e+06
4 0.766813 0.180324 1.62263 1.235e+06
4 0.772708 0.177232 1.61914 1.23504e+06
4 0.780799 0.177324 1.62629 1.23507e+06
4 0.789226 0.178554 1.62875 1.2351e+06
4 0.799485 0.178384 1.63523 1.23514e+06
4 0.808967 0.183345 1.64709 1.23517e+06
4 0.817446 0.187174 1.65283 1.2352e+06
4 0.824588 0.190981 1.659 1.23524e+06
4 0.832114 0.198941 1.66339 1.23527e+06
4 0.840405 0.206902 1.67238 1.2353e+06
4 0.846182 0.217297 1.67845 1.23534e+06
4 0.851075 0.227818 1.68151 1.23537e+06
4 0.853562 0.237225 1.6845 1.2354e+06
4 0.856452 0.248482 1.67954 1.23544e+06
4 0.859515 0.260393 1.68259 1.23547e+06
4 0.857606 0.271188 1.67945 1.2355e+06
4 0.855262 0.282615 1.67538 1.23554e+06
4 0.851287 0.294339 1.67246 1.23557e+06
4 0.845217 0.308107 1.66829 1.2356e+06
4 0.837805 0.319361 1.65739 1.23564e+06
4 0.83091 0.329643 1.65304 1.23567e+06
4 0.823274 0.337647 1.64479 1.2357e+06
4 0.814674 0.344715 1.62891 1.23574e+06
4 0.804832 0.352469 1.62155 1.23577e+06
4 0.793904 0.357944 1.61388 1.2358e+06
4 0.782503 0.363299 1.60581 1.23584e+06
4 0.770418 0.370411 1.59964 1.23587e+06
4 0.758267 0.375249 1.59076 1.2359e+06
4 0.749334 0.380214 1.58243 1.23594e+06
4 0.735606 0.386342 1.58141 1.23597e+06
4 0.723916 0.394776 1.57775 1.236e+06
4 0.71184 0.402849 1.57881 1.23604e+06
4 0.701786 0.415926 1.58045 1.23607e+06
4 0.693718 0.427624 1.58772 1.2361e+06
4 0.68544 0.439118 1.59283 1.23612e+06
4 0.676643 0.450145 1.59844 1.23617e+06
4 0.671327 0.462869 1.60702 1.2362e+06
4 0.666948 0.47401 1.61563 1.23623e+06
4 0.66571 0.486553 1.62964 1.23627e+06
4 0.66401 0.499507 1.64055 1.2363e+06
4 0.664042 0.512543 1.64338 1.23633e+06
4 0.666585 0.522901 1.654 1.23637e+06
4 0.670686 0.538675 1.65937 1.2364e+06
4 0.67573 0.552093 1.66795 1.23643e+06
4 0.683335 0.562252 1.68202 1.23647e+06
4 0.691271 0.573354 1.68982 1.2365e+06
4 0.699423 0.579435 1.70055 1.23654e+06
4 0.70866 0.584413 1.71291 1.23657e+06
4 0.719283 0.587045 1.72191 1.2366e+06
4 0.727253 0.588715 1.72745 1.23664e+06
4 0.740736 0.589358 1.73493 1.23667e+06
4 0.752064 0.586973 1.73876 1.2367e+06
4 0.759021 0.585243 1.74031 1.23674e+06
4 0.768769 0.579269 1.74151 1.23677e+06
4 0.778175 0.572961 1.74124 1.2368e+06
4 0.786286 0.564171 1.74331 1.23684e+06
4 0.79325 0.556369 1.7403 1.23687e+06
4 0.798581 0.547208 1.7358 1.2369e+06
4 0.805211 0.537437 1.72898 1.23694e+06
4 0.810886 0.526703 1.72076 1.23697e+06
4 0.815559 0.513751 1.71245 1.237e+06
4 0.819537 0.501612 1.70773 1.23704e+06
4 0.822899 0.48686 1.70072 1.23707e+06
4 0.82477 0.476719 1.6897 1.23711e+06
4 0.82533 0.465367 1.67837 1.23714e+06
4 0.826178 0.453275 1.66845 1.23717e+06
4 0.827735 0.439566 1.65686 1.23721e+06
4 0.828901 0.423995 1.6444 1.23724e+06
4 0.827381 0.41053 1.63502 1.23727e+06
4 0.824902 0.397768 1.6241 1.23731e+06
4 0.823489 0.382871 1.6151 1.23734e+06
4 0.820707 0.370855 1.60424 1.23737e+06
4 0.816332 0.357503 1.5955 1.23741e+06
4 0.812759 0.346791 1.58796 1.23744e+06
4 0.807205 0.335192 1.58375 1.23747e+06
4 0.802624 0.322918 1.5774 1.23751e+06
4 0.798674 0.312087 1.57326 1.23754e+06
4 0.792123 0.304071 1.56563 1.23757e+06
4 0.787244 0.293894 1.56071 1.23759e+06
4 0.782234 0.286339 1.55463 1.23764e+06
4 0.776298 0.278392 1.54888 1.23768e+06
4 0.77079 0.273089 1.54775 1.23771e+06
4 0.764801 0.265675 1.54313 1.23774e+06
4 0.761217 0.260282 1.54016 1.23778e+06
4 0.755547 0.254419 1.5387 1.23779e+06
4 0.750454 0.251217 1.53713 1.23784e+06
4 0.748258 0.247293 1.5366 1.23786e+06
4 0.743094 0.244795 1.53143 1.23789e+06
4 0.740733 0.243104 1.53042 1.23794e+06
4 0.738278 0.24196 1.52913 1.23796e+06

5 0.124885 0.387129 1.81403 1.24465e+06
5 0.121448 0.388903 1.8156 1.24467e+06
5 0.118694 0.387226 1.82255 1.2447e+06
5 0.11539 0.384971 1.81844 1.24475e+06
5 0.112626 0.373959 1.81269 1.24477e+06
5 0.111745 0.36034 1.80565 1.2448e+06
5 0.112282 0.342669 1.80006 1.24485e+06
5 0.113601 0.324037 1.79392 1.24487e+06
5 0.119657 0.298157 1.78354 1.2449e+06
5 0.125513 0.277115 1.77649 1.24494e+06
5 0.134491 0.252214 1.77389 1.24497e+06
5 0.146082 0.229593 1.76696 1.245e+06
5 0.162857 0.209971 1.75651 1.24504e+06
5 0.175291 0.195812 1.76114 1.24507e+06
5 0.19313 0.183954 1.75993 1.2451e+06
5 0.213519 0.177289 1.75529 1.24515e+06
5 0.232974 0.175824 1.75038 1.24518e+06
5 0.250733 0.179986 1.74648 1.24521e+06
5 0.265464 0.184798 1.74011 1.24524e+06
5 0.278 0.194198 1.73908 1.24528e+06
5 0.289868 0.206747 1.7391 1.24531e+06
5 0.296451 0.222684 1.73507 1.24534e+06
5 0.299939 0.239246 1.72816 1.24538e+06
5 0.299606 0.262001 1.72176 1.24541e+06
5 0.295062 0.282053 1.72045 1.24544e+06
5 0.28829 0.300455 1.72032 1.24548e+06
5 0.279861 0.323131 1.71768 1.24551e+06
5 0.268586 0.344357 1.71827 1.24554e+06
5 0.253807 0.361476 1.72083 1.24558e+06
5 0.240774 0.377492 1.72537 1.24561e+06
5 0.227137 0.392836 1.73359 1.24565e+06
5 0.21602 0.409431 1.74431 1.24568e+06
5 0.205445 0.422975 1.75309 1.24571e+06
5 0.198279 0.435835 1.76757 1.24575e+06
5 0.191958 0.447327 1.77904 1.24578e+06
5 0.185311 0.458723 1.78984 1.24582e+06
5 0.179647 0.469372 1.8014 1.24585e+06
5 0.176568 0.481896 1.80701 1.24588e+06
5 0.172788 0.49414 1.81557 1.24591e+06
5 0.170139 0.507924 1.81469 1.24594e+06
5 0.172768 0.524887 1.81339 1.24598e+06
5 0.177504 0.541459 1.813 1.24601e+06
5 0.187706 0.554481 1.81892 1.24604e+06
5 0.19764 0.565841 1.8271 1.24608e+06
5 0.206834 0.574417 1.83244 1.24611e+06
5 0.217041 0.577176 1.84223 1.24615e+06
5 0.227312 0.578825 1.85026 1.24617e+06
5 0.233404 0.585761 1.86153 1.24621e+06
5 0.240372 0.593477 1.87516 1.24624e+06
5 0.250554 0.598564 1.88012 1.24627e+06
5 0.260995 0.601769 1.88531 1.24630e+06
5 0.269808 0.604773 1.89032 1.24634e+06
5 0.278905 0.607124 1.89168 1.24637e+06
5 0.289029 0.608145 1.8905 1.24640e+06
5 0.297552 0.606372 1.89178 1.24644e+06
5 0.305863 0.604681 1.88974 1.24647e+06
5 0.318012 0.596783 1.88766 1.24651e+06
5 0.32976 0.586461 1.87824 1.24654e+06
5 0.342088 0.573256 1.87195 1.24657e+06
5 0.348171 0.564112 1.85912 1.24661e+06
5 0.353771 0.551668 1.84709 1.24664e+06
5 0.359163 0.534849 1.83666 1.24667e+06
5 0.365173 0.520902 1.82103 1.24671e+06
5 0.368736 0.506814 1.81095 1.24674e+06
5 0.370791 0.491364 1.79814 1.24677e+06
5 0.369479 0.476833 1.78916 1.24680e+06
5 0.366699 0.461625 1.7812 1.24684e+06
5 0.364865 0.447412 1.78025 1.24687e+06
5 0.357692 0.435502 1.76998 1.24691e+06
5 0.354278 0.424195 1.76227 1.24694e+06
5 0.348181 0.41502 1.75424 1.24697e+06
5 0.340035 0.406432 1.74033 1.24701e+06
5 0.333206 0.397647 1.72716 1.24704e+06
5 0.325625 0.393845 1.71562 1.24707e+06
5 0.317825 0.388394 1.70992 1.24711e+06
5 0.310719 0.385691 1.70524 1.24714e+06
5 0.303597 0.383283 1.70282 1.24718e+06
5 0.295746 0.381614 1.69807 1.24721e+06
5 0.287265 0.380409 1.6928 1.24724e+06
5 0.279008 0.376586 1.68652 1.24727e+06
5 0.272743 0.375025 1.68498 1.24731e+06
5 0.263608 0.372119 1.68474 1.24734e+06
5 0.255423 0.371337 1.68569 1.24738e+06
5 0.248584 0.369546 1.68959 1.24741e+06
5 0.240686 0.368131 1.69204 1.24744e+06
5 0.232367 0.366144 1.69461 1.24748e+06
5 0.227008 0.364389 1.70144 1.24751e+06
5 0.219498 0.360091 1.70378 1.24754e+06
5 0.211894 0.356327 1.70522 1.24758e+06
5 0.203707 0.35217 1.70769 1.24761e+06
5 0.198549 0.349349 1.71158 1.24764e+06
5 0.191031 0.344743 1.71433 1.24768e+06
5 0.1858 0.341858 1.71917 1.24771e+06
5 0.181206 0.338041 1.7246 1.24774e+06
5 0.173562 0.335228 1.72977 1.24778e+06
5 0.168936 0.332356 1.73576 1.24781e+06
5 0.161901 0.326378 1.74251 1.24784e+06
5 0.155832 0.321789 1.7501 1.24788e+06
5 0.151224 0.3167 1.75693 1.24791e+06
5 0.147799 0.312421 1.76046 1.24794e+06
5 0.145459 0.308099 1.76893 1.24798e+06

6 0.378205 0.223985 1.73039 1.25002e+06
6 0.375138 0.225027 1.73333 1.25005e+06
6 0.372004 0.2244 1.73088 1.25007e+06
6 0.370158 0.2236 1.72912 1.25012e+06
6 0.371423 0.217633 1.72733 1.25015e+06
6 0.371296 0.210357 1.72535 1.25018e+06
6 0.376055 0.201962 1.72343 1.25022e+06
6 0.380643 0.192952 1.72171 1.25025e+06
6 0.387325 0.182013 1.72163 1.25028e+06
6 0.395979 0.171274 1.72138 1.25032e+06
6 0.406393 0.16179 1.72467 1.25035e+06
6 0.419451 0.153657 1.72841 1.25038e+06
6 0.43234 0.148755 1.73223 1.25042e+06
6 0.447045 0.150486 1.73782 1.25045e+06
6 0.45978 0.154064 1.74071 1.25048e+06
6 0.471086 0.162069 1.74333 1.25052e+06
6 0.479767 0.175219 1.73451 1.25055e+06
6 0.487603 0.190133 1.72939 1.25059e+06
6 0.493924 0.208253 1.72502 1.25062e+06
6 0.497305 0.226562 1.72135 1.25065e+06
6 0.500777 0.248747 1.71102 1.25069e+06
6 0.499689 0.268517 1.70679 1.25072e+06
6 0.493632 0.291478 1.70453 1.25074e+06
6 0.481067 0.314067 1.69979 1.25079e+06
6 0.469479 0.333061 1.69806 1.25082e+06
6 0.457919 0.350347 1.70033 1.25085e+06
6 0.442157 0.372446 1.69563 1.25089e+06
6 0.427039 0.391845 1.6969 1.2509e+06
6 0.410576 0.409793 1.70414 1.25094e+06
6 0.396363 0.427451 1.72095 1.25099e+06
6 0.386614 0.444039 1.73236 1.25100e+06
6 0.376372 0.45982 1.74465 1.25104e+06
6 0.369902 0.4736 1.76012 1.25107e+06
6 0.365042 0.487845 1.77314 1.25111e+06
6 0.359848 0.505693 1.77802 1.25114e+06
6 0.361364 0.519634 1.7835 1.25117e+06
6 0.365016 0.534693 1.79148 1.25121e+06
6 0.372352 0.548058 1.79742 1.25124e+06
6 0.380649 0.558666 1.80798 1.25128e+06
6 0.391986 0.568523 1.81597 1.25131e+06
6 0.403445 0.579773 1.82384 1.25134e+06
6 0.415338 0.586763 1.82673 1.25137e+06
6 0.426805 0.589959 1.82946 1.25141e+06
6 0.441411 0.588893 1.82602 1.25144e+06
6 0.455474 0.585769 1.8234 1.25147e+06
6 0.47081 0.578099 1.8147 1.25151e+06
6 0.483609 0.56674 1.80443 1.25154e+06
6 0.493751 0.554227 1.78945 1.25158e+06
6 0.501953 0.53859 1.77831 1.25161e+06
6 0.509926 0.522902 1.76247 1.25164e+06
6 0.515297 0.507153 1.75011 1.25167e+06
6 0.517719 0.490383 1.73978 1.25171e+06
6 0.518318 0.471978 1.73295 1.25174e+06
6 0.51846 0.453683 1.72413 1.25178e+06
6 0.515346 0.435776 1.71931 1.25181e+06
6 0.510074 0.418198 1.70396 1.25184e+06
6 0.503311 0.401621 1.69452 1.25188e+06
6 0.495201 0.387325 1.68419 1.25191e+06
6 0.487321 0.374646 1.67609 1.25195e+06
6 0.478431 0.362707 1.66833 1.25198e+06
6 0.468576 0.351231 1.65932 1.25201e+06
6 0.458401 0.341877 1.65214 1.25205e+06
6 0.445543 0.334423 1.64591 1.25208e+06
6 0.43425 0.329323 1.64229 1.25211e+06
6 0.424271 0.32621 1.64283 1.25215e+06
6 0.416066 0.322761 1.64516 1.25217e+06
6 0.407096 0.317853 1.64025 1.25221e+06
6 0.398593 0.313745 1.64204 1.25224e+06
6 0.392351 0.309419 1.64526 1.25227e+06
6 0.382673 0.303889 1.64865 1.25231e+06
6 0.37579 0.298187 1.64936 1.25234e+06
6 0.36997 0.29011 1.65154 1.25238e+06
6 0.366657 0.284395 1.65347 1.25241e+06
6 0.362658 0.276296 1.65628 1.25244e+06
6 0.359824 0.266087 1.65421 1.25248e+06
6 0.357018 0.256404 1.65663 1.25251e+06
6 0.356645 0.246389 1.65915 1.25254e+06
6 0.356344 0.235062 1.66066 1.25258e+06
6 0.357614 0.226988 1.6633 1.25261e+06
6 0.360871 0.21662 1.66777 1.25265e+06
6 0.36207 0.208342 1.6719 1.25268e+06
6 0.36257 0.20099 1.67568 1.25272e+06
6 0.3644 0.193343 1.68059 1.25275e+06

7 0.373381 0.255314 1.72913 1.25335e+06
7 0.368071 0.25319 1.73025 1.25338e+06
7 0.362645 0.246514 1.73126 1.25341e+06
7 0.36032 0.238065 1.73089 1.25345e+06
7 0.359749 0.226415 1.72763 1.25348e+06
7 0.359772 0.213464 1.7214 1.25351e+06
7 0.363837 0.199392 1.72231 1.25355e+06
7 0.368916 0.183255 1.71969 1.25358e+06
7 0.377053 0.169956 1.71637 1.25362e+06
7 0.390527 0.155726 1.72007 1.25365e+06
7 0.407845 0.142538 1.72346 1.25368e+06
7 0.424853 0.131872 1.72831 1.25372e+06
7 0.443675 0.126976 1.73498 1.25375e+06
7 0.460194 0.130745 1.74121 1.25378e+06
7 0.479286 0.135556 1.74575 1.25382e+06
7 0.49893 0.14526 1.74959 1.25385e+06
7 0.517226 0.160585 1.74555 1.25388e+06
7 0.53212 0.17611 1.74594 1.25392e+06
7 0.543169 0.196751 1.75357 1.25395e+06
7 0.550552 0.218093 1.74902 1.25398e+06
7 0.553178 0.240847 1.74894 1.25402e+06
7 0.553656 0.262084 1.74533 1.25405e+06
7 0.549531 0.28234 1.73671 1.25408e+06
7 0.54339 0.302359 1.72538 1.25412e+06
7 0.533803 0.321395 1.71945 1.25416e+06
7 0.520985 0.339965 1.70857 1.25418e+06
7 0.508416 0.35812 1.70047 1.25421e+06
7 0.492057 0.373759 1.69719 1.25425e+06
7 0.476304 0.387851 1.6915 1.25428e+06
7 0.458738 0.400893 1.6855 1.25431e+06
7 0.439768 0.411915 1.68209 1.25434e+06
7 0.422934 0.421552 1.68208 1.25438e+06
7 0.409253 0.432198 1.68765 1.25441e+06
7 0.395986 0.439941 1.69459 1.25444e+06
7 0.384224 0.449406 1.69988 1.25448e+06
7 0.378288 0.460836 1.71178 1.25451e+06
7 0.374403 0.469824 1.72595 1.25454e+06
7 0.371702 0.482007 1.73886 1.25458e+06
7 0.37086 0.496034 1.74918 1.25461e+06
7 0.373611 0.510417 1.75857 1.25464e+06
7 0.37913 0.524722 1.76411 1.25469e+06
7 0.38443 0.534439 1.77377 1.25471e+06
7 0.389016 0.547067 1.77944 1.25474e+06
7 0.394014 0.559999 1.79407 1.25479e+06
7 0.40354 0.568984 1.80601 1.25482e+06
7 0.412969 0.577914 1.81638 1.25484e+06
7 0.423503 0.584395 1.82266 1.25489e+06
7 0.434764 0.587497 1.83008 1.25491e+06
7 0.443157 0.59008 1.83467 1.25494e+06
7 0.456826 0.590977 1.83644 1.25498e+06
7 0.469981 0.588476 1.83794 1.25501e+06
7 0.483925 0.582369 1.83713 1.25504e+06
7 0.496841 0.575431 1.8394 1.25508e+06
7 0.509271 0.566463 1.84132 1.25511e+06
7 0.520176 0.557728 1.83775 1.25514e+06
7 0.532095 0.546136 1.83886 1.25518e+06
7 0.545523 0.531976 1.84115 1.25521e+06
7 0.555221 0.516649 1.83478 1.25524e+06
7 0.561289 0.501308 1.83021 1.25528e+06
7 0.570067 0.482214 1.82483 1.25531e+06
7 0.574392 0.464713 1.81946 1.25535e+06
7 0.576839 0.440401 1.80739 1.25538e+06
7 0.577704 0.420015 1.79584 1.25541e+06
7 0.57587 0.401858 1.78552 1.25544e+06
7 0.571244 0.38293 1.77678 1.25548e+06
7 0.565562 0.367653 1.76481 1.25551e+06
7 0.559684 0.351834 1.74937 1.25554e+06
7 0.553035 0.339048 1.73837 1.25558e+06
7 0.544445 0.32738 1.72384 1.25561e+06
7 0.533783 0.316425 1.70987 1.25564e+06
7 0.522458 0.307852 1.69586 1.25568e+06
7 0.510388 0.30035 1.68639 1.25571e+06
7 0.497002 0.293924 1.67754 1.25574e+06
7 0.482647 0.290238 1.66835 1.25578e+06
7 0.469316 0.288167 1.65968 1.25581e+06
7 0.45355 0.286748 1.65234 1.25584e+06
7 0.437963 0.287605 1.64499 1.25588e+06
7 0.421902 0.289458 1.63719 1.25591e+06
7 0.409185 0.29072 1.63863 1.25594e+06
7 0.395377 0.293028 1.63855 1.25598e+06
7 0.382612 0.293524 1.64086 1.25601e+06
7 0.370949 0.292514 1.6427 1.25604e+06
7 0.360063 0.290715 1.64275 1.25608e+06
7 0.35178 0.286793 1.64177 1.25611e+06
7 0.341345 0.280255 1.63977 1.25615e+06
7 0.334251 0.275218 1.64126 1.25618e+06
7 0.331512 0.26867 1.64204 1.25621e+06
7 0.327352 0.260185 1.64285 1.25625e+06
7 0.324178 0.253842 1.64012 1.25628e+06
7 0.324551 0.244605 1.63534 1.25632e+06
7 0.327176 0.233607 1.63536 1.25635e+06
7 0.330347 0.222627 1.63635 1.25638e+06
7 0.335699 0.214505 1.63555 1.25642e+06
7 0.341385 0.204733 1.63756 1.25645e+06
7 0.348217 0.196119 1.63835 1.25648e+06
7 0.35712 0.192086 1.63878 1.25652e+06
7 0.365097 0.188441 1.63911 1.25655e+06
7 0.376127 0.185415 1.63771 1.25658e+06
7 0.38581 0.182544 1.63409 1.25661e+06
7 0.395868 0.182228 1.63991 1.25666e+06
7 0.40508 0.182176 1.64313 1.25668e+06

8 0.394072 0.332311 1.71064 1.25759e+06
8 0.394142 0.32971 1.7086 1.25762e+06
8 0.39476 0.326783 1.70798 1.25765e+06
8 0.396011 0.318678 1.70296 1.25769e+06
8 0.399865 0.309903 1.70015 1.25772e+06
8 0.403186 0.298025 1.69631 1.25775e+06
8 0.407295 0.28648 1.69441 1.25779e+06
8 0.412449 0.271361 1.69025 1.25782e+06
8 0.420099 0.25536 1.68994 1.25785e+06
8 0.430919 0.23789 1.68886 1.25789e+06
8 0.441153 0.221971 1.69073 1.25792e+06
8 0.452877 0.207644 1.69775 1.25796e+06
8 0.464979 0.195299 1.70883 1.25799e+06
8 0.479039 0.185348 1.72368 1.25802e+06
8 0.491257 0.17542 1.73338 1.25806e+06
8 0.503301 0.172091 1.74443 1.25809e+06
8 0.516264 0.168788 1.75722 1.25812e+06
8 0.529745 0.172525 1.7709 1.25816e+06
8 0.542133 0.176243 1.78324 1.25819e+06
8 0.553584 0.180515 1.80406 1.25822e+06
8 0.56394 0.195628 1.80937 1.25826e+06
8 0.572369 0.210909 1.80817 1.25829e+06
8 0.578663 0.226742 1.81166 1.25832e+06
8 0.584231 0.244114 1.81449 1.25836e+06
8 0.587445 0.264715 1.81493 1.25839e+06
8 0.58526 0.285863 1.81068 1.25842e+06
8 0.581671 0.30641 1.80189 1.25845e+06
8 0.573453 0.321012 1.79002 1.25849e+06
8 0.566028 0.334809 1.77487 1.25852e+06
8 0.553129 0.34877 1.75667 1.25856e+06
8 0.53775 0.363941 1.73905 1.25859e+06
8 0.523546 0.375022 1.72477 1.25862e+06
8 0.505944 0.386819 1.71615 1.25866e+06
8 0.489343 0.399941 1.71205 1.25868e+06
8 0.468949 0.416079 1.70711 1.25872e+06
8 0.450498 0.432192 1.70614 1.25875e+06
8 0.434809 0.446773 1.70666 1.25878e+06
8 0.418736 0.462833 1.71135 1.25882e+06
8 0.404422 0.478394 1.71901 1.25885e+06
8 0.393994 0.492132 1.72719 1.25888e+06
8 0.383757 0.505629 1.74131 1.25892e+06
8 0.376848 0.517873 1.7497 1.25895e+06
8 0.370785 0.530622 1.76388 1.25898e+06
8 0.367289 0.544234 1.76823 1.25902e+06
8 0.36582 0.553999 1.77965 1.25905e+06
8 0.364541 0.565784 1.7903 1.25908e+06
8 0.364529 0.577275 1.80052 1.25912e+06
8 0.364497 0.586459 1.81349 1.25915e+06
8 0.367347 0.597333 1.82221 1.25918e+06
8 0.373991 0.605235 1.83029 1.25922e+06
8 0.382943 0.613507 1.83821 1.25925e+06
8 0.391996 0.621585 1.84687 1.25928e+06
8 0.402628 0.629687 1.86226 1.25932e+06
8 0.416707 0.636263 1.86511 1.25935e+06
8 0.426964 0.64099 1.86721 1.25939e+06
8 0.437231 0.644205 1.87102 1.25942e+06
8 0.45183 0.644898 1.87667 1.25945e+06
8 0.466708 0.642486 1.87895 1.25949e+06
8 0.479949 0.636849 1.88283 1.25952e+06
8 0.494566 0.631668 1.88162 1.25956e+06
8 0.507198 0.623235 1.88469 1.25959e+06
8 0.519312 0.616964 1.88351 1.25962e+06
8 0.530662 0.609501 1.88789 1.25966e+06
8 0.541686 0.597896 1.88376 1.25969e+06
8 0.55001 0.586811 1.8779 1.25972e+06
8 0.559133 0.572835 1.87228 1.25976e+06
8 0.564535 0.559253 1.86885 1.25979e+06
8 0.572084 0.545666 1.86167 1.25982e+06
8 0.576077 0.531007 1.85485 1.25986e+06
8 0.576384 0.516592 1.84312 1.25989e+06
8 0.576533 0.504158 1.82832 1.25992e+06
8 0.573642 0.490381 1.81873 1.25996e+06
8 0.570548 0.478248 1.80947 1.25999e+06
8 0.568016 0.465006 1.79952 1.26002e+06
8 0.562272 0.456452 1.78583 1.26006e+06
8 0.558351 0.444914 1.77386 1.26009e+06
8 0.553911 0.433089 1.75921 1.26012e+06
8 0.546477 0.422671 1.74097 1.26016e+06
8 0.53951 0.412957 1.72715 1.26019e+06
8 0.532355 0.40474 1.71747 1.26022e+06
8 0.525797 0.396816 1.7069 1.26026e+06
8 0.517546 0.389729 1.69666 1.26029e+06
8 0.509636 0.380949 1.68498 1.26033e+06
8 0.499819 0.37479 1.6741 1.26036e+06
8 0.491822 0.366527 1.66656 1.26039e+06
8 0.483768 0.360867 1.66428 1.26042e+06
8 0.474911 0.357622 1.66043 1.26046e+06
8 0.465364 0.350633 1.65252 1.26049e+06
8 0.458926 0.34574 1.64629 1.26052e+06
8 0.45169 0.342408 1.64331 1.26056e+06
8 0.444412 0.336802 1.63845 1.26059e+06
8 0.438528 0.331785 1.6339 1.26062e+06
8 0.436444 0.325174 1.62819 1.26066e+06
8 0.430847 0.31908 1.62179 1.26069e+06
8 0.427527 0.313472 1.6179 1.26072e+06
8 0.424422 0.30715 1.61576 1.26076e+06
8 0.42023 0.302391 1.60928 1.26079e+06
8 0.419172 0.295385 1.60523 1.26082e+06
8 0.41606 0.290189 1.60156 1.26086e+06
8 0.414416 0.281496 1.60283 1.26089e+06
8 0.416143 0.272932 1.60362 1.26092e+06

9 0.499223 0.329599 1.78162 1.26809e+06
9 0.498462 0.333418 1.77997 1.26812e+06
9 0.495112 0.333464 1.77857 1.26816e+06
9 0.492425 0.327507 1.77609 1.2682e+06
9 0.491177 0.316617 1.77486 1.26822e+06
9 0.491947 0.303617 1.77129 1.26826e+06
9 0.495287 0.290242 1.77191 1.26829e+06
9 0.49894 0.273691 1.76832 1.26832e+06
9 0.505418 0.257093 1.76735 1.26836e+06
9 0.511068 0.245095 1.7686 1.26839e+06
9 0.521806 0.227839 1.77644 1.26842e+06
9 0.533889 0.211305 1.78849 1.26845e+06
9 0.545298 0.196427 1.79541 1.26849e+06
9 0.558505 0.184609 1.81061 1.26852e+06
9 0.572061 0.176818 1.82445 1.26855e+06
9 0.584598 0.172341 1.83669 1.2686e+06
9 0.597724 0.168692 1.85128 1.26862e+06
9 0.610781 0.172105 1.86636 1.26865e+06
9 0.624556 0.175957 1.87187 1.2687e+06
9 0.637375 0.183674 1.88231 1.26874e+06
9 0.64669 0.196784 1.89065 1.26875e+06
9 0.655481 0.211908 1.89633 1.2688e+06
9 0.660668 0.228532 1.89495 1.26883e+06
9 0.66393 0.247588 1.88817 1.26887e+06
9 0.662621 0.267235 1.88344 1.2689e+06
9 0.662609 0.291193 1.88049 1.26894e+06
9 0.656312 0.313821 1.87458 1.26895e+06
9 0.649797 0.33444 1.86565 1.269e+06
9 0.640162 0.351455 1.85468 1.26902e+06
9 0.626411 0.368561 1.8482 1.26905e+06
9 0.607603 0.383136 1.83645 1.2691e+06
9 0.596136 0.400408 1.83962 1.26912e+06
9 0.579574 0.416025 1.83747 1.26915e+06
9 0.560466 0.435246 1.84336 1.2692e+06
9 0.543273 0.451297 1.84871 1.26922e+06
9 0.53161 0.465587 1.85488 1.26925e+06
9 0.520356 0.479979 1.86226 1.2693e+06
9 0.510986 0.495118 1.87635 1.26932e+06
9 0.500538 0.508678 1.8893 1.26935e+06
9 0.493005 0.524324 1.90552 1.26939e+06
9 0.488986 0.539924 1.92411 1.26942e+06
9 0.489997 0.554522 1.94028 1.26947e+06
9 0.488143 0.569095 1.94486 1.26949e+06
9 0.487696 0.584234 1.95514 1.26952e+06
9 0.493516 0.595388 1.96379 1.26955e+06
9 0.502157 0.607119 1.97578 1.26959e+06
9 0.513123 0.614749 1.98092 1.26962e+06
9 0.523624 0.625762 1.98697 1.26965e+06
9 0.533944 0.633573 1.99225 1.26969e+06
9 0.544435 0.637445 1.99894 1.26972e+06
9 0.556298 0.639662 2.00636 1.26977e+06
9 0.568188 0.639778 2.01099 1.26979e+06
9 0.583812 0.633559 2.01874 1.26982e+06
9 0.597355 0.626568 2.01858 1.26987e+06
9 0.613001 0.616302 2.02222 1.26989e+06
9 0.623303 0.607168 2.01783 1.26992e+06
9 0.633457 0.592856 2.01306 1.26997e+06
9 0.64239 0.577562 2.00551 1.27e+06
9 0.648593 0.567041 1.99084 1.27002e+06
9 0.653197 0.552035 1.9818 1.27007e+06
9 0.65916 0.53594 1.97243 1.27009e+06
9 0.662338 0.519097 1.96118 1.27012e+06
9 0.664152 0.505392 1.94687 1.27016e+06
9 0.66497 0.490475 1.93277 1.2702e+06
9 0.660463 0.475033 1.92094 1.27023e+06
9 0.655917 0.460431 1.90925 1.27027e+06
9 0.649469 0.447717 1.89488 1.2703e+06
9 0.642411 0.439703 1.88675 1.27033e+06
9 0.633398 0.429559 1.87965 1.27037e+06
9 0.623836 0.419683 1.8729 1.2704e+06
9 0.6117 0.41289 1.86248 1.27043e+06
9 0.599377 0.405318 1.84722 1.27047e+06
9 0.586403 0.397015 1.83559 1.2705e+06
9 0.574666 0.38943 1.82547 1.27052e+06
9 0.565665 0.377973 1.8161 1.27057e+06
9 0.55237 0.371742 1.79975 1.2706e+06
9 0.542715 0.360832 1.79346 1.27062e+06
9 0.533068 0.351254 1.78465 1.27067e+06
9 0.522734 0.343736 1.77707 1.2707e+06
9 0.516629 0.33629 1.77457 1.27074e+06
9 0.50869 0.324919 1.77251 1.27077e+06
9 0.500963 0.31385 1.76798 1.27079e+06
9 0.494244 0.303716 1.7656 1.27084e+06
9 0.49049 0.292911 1.76151 1.27085e+06
9 0.489177 0.282591 1.75946 1.27089e+06
9 0.489022 0.270266 1.7573 1.27094e+06
9 0.490396 0.258802 1.75552 1.27097e+06
9 0.493241 0.249771 1.75666 1.27099e+06
9 0.49703 0.24162 1.75587 1.27104e+06
9 0.504029 0.236099 1.76174 1.27106e+06
9 0.50948 0.229755 1.76263 1.27109e+06
9 0.515353 0.223433 1.76304 1.27114e+06
9 0.520887 0.21978 1.76809 1.27117e+06
9 0.527344 0.217274 1.77055 1.27119e+06
9 0.531427 0.215284 1.77287 1.27124e+06

