Gesto: 8
0 0.676484 0.202471 2.02976 849040
0 0.675003 0.204432 2.02957 849073
0 0.675674 0.206677 2.02716 849108
0 0.673731 0.203066 2.01514 849141
0 0.673492 0.199776 2.00871 849175
0 0.669491 0.19746 2.01238 849207
0 0.662186 0.194995 2.01224 849239
0 0.65258 0.194299 2.00816 849272
0 0.643582 0.194284 2.00165 849305
0 0.635024 0.194442 1.99806 849338
0 0.627286 0.197779 1.99792 849372
0 0.619844 0.203903 2.00505 849407
0 0.611262 0.210059 1.9983 849440
0 0.605782 0.2171 1.98743 849472
0 0.60081 0.226653 1.98407 849507
0 0.59539 0.240489 1.98265 849540
0 0.59296 0.256577 1.98421 849575
0 0.59315 0.274037 1.98201 849607
0 0.596828 0.288493 1.98256 849640
0 0.605546 0.301716 1.9862 849674
0 0.614543 0.312582 1.98807 849707
0 0.621657 0.319974 1.9945 849739
0 0.631808 0.327834 1.99965 849773
0 0.643368 0.333688 2.00124 849805
0 0.656332 0.337835 2.00604 849838
0 0.670399 0.343575 2.01364 849872
0 0.681467 0.351371 2.02178 849906
0 0.691686 0.357334 2.0224 849940
0 0.701632 0.364351 2.02437 849973
0 0.712756 0.375471 2.02205 850007
0 0.717798 0.3874 2.02764 850041
0 0.724093 0.398989 2.03438 850075
0 0.725849 0.413356 2.03271 850108
0 0.726593 0.430949 2.03489 850142
0 0.72222 0.446075 2.03521 850175
0 0.718775 0.460272 2.03075 850209
0 0.712964 0.475546 2.03738 850242
0 0.701379 0.485469 2.04329 850277
0 0.688023 0.494745 2.03901 850310
0 0.677614 0.502572 2.02553 850344
0 0.662875 0.506477 2.02539 850378
0 0.651214 0.50563 2.02227 850395
0 0.636763 0.50328 2.0219 850446
0 0.624471 0.497339 2.01381 850463
0 0.612799 0.48909 2.005 850497
0 0.604897 0.482223 1.99454 850547
0 0.597706 0.471771 1.98872 850563
0 0.593501 0.460154 1.98586 850597
0 0.59233 0.449447 1.98211 850648
0 0.593102 0.438111 1.98162 850664
0 0.594805 0.425306 1.98172 850698
0 0.596531 0.413793 1.9784 850731
0 0.602727 0.402435 1.97034 850764
0 0.607967 0.390754 1.97509 850797
0 0.61591 0.380016 1.97941 850831
0 0.622268 0.370708 1.98185 850865
0 0.630597 0.363883 1.98448 850899
0 0.640363 0.352724 1.9935 850931
0 0.647337 0.345341 1.99808 850965
0 0.655116 0.335473 2.00839 850999
0 0.663816 0.327328 2.01563 851033
0 0.673039 0.317962 2.02149 851067
0 0.680513 0.309447 2.02723 851101
0 0.686728 0.29789 2.03972 851135
0 0.693877 0.288211 2.04812 851168
0 0.696851 0.275586 2.04976 851202
0 0.699912 0.260305 2.04858 851236
0 0.701799 0.250011 2.05142 851269
0 0.701155 0.236135 2.05812 851303
0 0.701294 0.224217 2.05038 851337
0 0.696181 0.21545 2.04602 851371
0 0.689826 0.208531 2.04486 851405
0 0.680789 0.204835 2.04849 851439
0 0.675219 0.204583 2.04734 851473
0 0.665559 0.204481 2.04143 851506
0 0.658059 0.205367 2.03805 851540
0 0.651518 0.207075 2.03246 851574
0 0.6455 0.208344 2.02292 851608

1 0.662498 0.193464 2.00385 862554
1 0.659113 0.191864 2.01093 862571
1 0.655308 0.186748 2.00456 862622
1 0.648388 0.185394 1.99416 862656
1 0.645045 0.183875 1.99275 862673
1 0.640791 0.182569 1.98267 862723
1 0.629005 0.182633 1.97957 862741
1 0.621105 0.1872 1.98107 862774
1 0.614389 0.193334 1.98543 862809
1 0.607095 0.203353 1.9845 862843
1 0.599909 0.2119 1.9858 862877
1 0.593893 0.221211 1.98543 862911
1 0.590224 0.233768 1.99233 862944
1 0.589036 0.243173 1.98661 862977
1 0.589232 0.253588 1.99381 863009
1 0.588503 0.262108 1.98781 863044
1 0.594404 0.272992 1.99073 863076
1 0.602045 0.280731 1.9926 863110
1 0.609849 0.285282 1.99122 863143
1 0.617542 0.289335 1.99383 863176
1 0.626602 0.295976 1.9973 863209
1 0.635376 0.299665 2.00278 863243
1 0.644659 0.300814 2.0069 863276
1 0.655969 0.303693 2.00243 863309
1 0.667394 0.304982 2.00753 863343
1 0.677296 0.30798 2.01295 863375
1 0.685608 0.31209 2.01263 863407
1 0.693956 0.317271 2.02147 863439
1 0.700482 0.322582 2.02452 863490
1 0.7072 0.331326 2.02366 863523
1 0.710009 0.341692 2.02061 863555
1 0.713962 0.353388 2.02342 863588
1 0.714737 0.36517 2.02125 863620
1 0.712638 0.377958 2.0225 863652
1 0.711304 0.390369 2.01252 863687
1 0.706218 0.405423 2.01464 863718
1 0.69981 0.417273 2.00984 863752
1 0.691733 0.42872 2.0102 863784
1 0.679873 0.436039 2.01051 863816
1 0.671498 0.439508 2.0099 863849
1 0.660309 0.443634 2.00339 863881
1 0.64818 0.443677 1.99652 863913
1 0.635448 0.444747 1.99472 863946
1 0.623149 0.438865 1.98834 863979
1 0.614151 0.431966 1.9848 864013
1 0.604424 0.421413 1.98451 864045
1 0.596451 0.408179 1.97922 864079
1 0.589049 0.400278 1.97541 864112
1 0.584942 0.387527 1.97351 864146
1 0.581333 0.37278 1.97405 864178
1 0.580859 0.360572 1.97948 864210
1 0.5805 0.347777 1.97984 864243
1 0.583487 0.336836 1.97581 864277
1 0.587618 0.324478 1.97758 864311
1 0.591793 0.310319 1.9781 864344
1 0.597372 0.298899 1.9788 864379
1 0.606416 0.288147 1.97783 864412
1 0.616473 0.27882 1.98503 864445
1 0.623867 0.273702 1.98688 864477
1 0.632281 0.265259 1.98786 864510
1 0.641805 0.257296 1.98873 864544
1 0.64864 0.249845 2.0034 864578
1 0.658599 0.242906 2.01184 864611
1 0.665329 0.236519 2.01874 864644
1 0.668947 0.231637 2.02603 864679
1 0.672973 0.225301 2.02527 864711
1 0.676067 0.215619 2.02484 864744
1 0.678246 0.209235 2.02919 864777
1 0.67802 0.199891 2.02809 864811
1 0.674631 0.193402 2.03224 864846
1 0.673081 0.185159 2.03115 864879
1 0.667387 0.179696 2.02906 864912
1 0.659701 0.177008 2.02373 864946
1 0.651287 0.176299 2.01458 864981
1 0.64468 0.175013 2.00888 865014
1 0.636774 0.177368 1.99863 865048
1 0.630916 0.178221 1.98995 865081
1 0.626454 0.178975 1.98762 865115
1 0.619524 0.179814 1.98064 865149

2 0.670019 0.20386 2.03085 874620
2 0.670201 0.203867 2.02915 874654
2 0.671118 0.201106 2.01999 874688
2 0.670193 0.201507 2.03096 874721
2 0.668612 0.19887 2.02542 874755
2 0.664079 0.201561 2.02787 874788
2 0.661722 0.199309 2.03019 874821
2 0.659093 0.198374 2.02899 874853
2 0.653555 0.200486 2.03076 874887
2 0.647205 0.198055 2.02388 874919
2 0.641121 0.202308 2.02225 874952
2 0.63573 0.206329 2.02446 874985
2 0.631268 0.209104 2.02094 875018
2 0.626681 0.213303 2.01633 875052
2 0.62306 0.219824 2.0181 875085
2 0.621049 0.224887 2.01787 875119
2 0.620082 0.229636 2.01586 875151
2 0.621904 0.238526 2.00815 875185
2 0.623868 0.243369 2.00174 875219
2 0.625787 0.249648 2.01243 875253
2 0.632625 0.256649 2.012 875286
2 0.637938 0.262065 2.01365 875319
2 0.644485 0.264625 2.01563 875352
2 0.650767 0.272407 2.01919 875385
2 0.660107 0.277655 2.02601 875419
2 0.667049 0.281867 2.0279 875453
2 0.676407 0.284647 2.03111 875486
2 0.68652 0.290095 2.03613 875519
2 0.692813 0.29557 2.03774 875567
2 0.701695 0.297741 2.0415 875599
2 0.70709 0.305705 2.04399 875616
2 0.711831 0.313095 2.04683 875667
2 0.71548 0.32484 2.05273 875684
2 0.715466 0.33777 2.04443 875718
2 0.716236 0.348237 2.04403 875768
2 0.714983 0.360263 2.03688 875785
2 0.712913 0.373275 2.03198 875819
2 0.707592 0.385656 2.03379 875853
2 0.700558 0.395098 2.02629 875887
2 0.691969 0.403926 2.02503 875921
2 0.680952 0.407188 2.02425 875953
2 0.670805 0.412631 2.02214 875986
2 0.660566 0.415485 2.00972 876021
2 0.650827 0.415558 2.00638 876054
2 0.642955 0.41448 1.99366 876086
2 0.633965 0.41137 1.9901 876120
2 0.62641 0.406865 1.98621 876152
2 0.618563 0.399824 1.98372 876187
2 0.612962 0.393933 1.98417 876220
2 0.609044 0.385142 1.982 876253
2 0.60623 0.375971 1.98153 876286
2 0.605385 0.36643 1.98027 876320
2 0.604134 0.357011 1.97984 876354
2 0.605328 0.346409 1.97478 876388
2 0.607997 0.337222 1.97297 876421
2 0.610886 0.327121 1.9711 876454
2 0.615348 0.318817 1.97869 876489
2 0.621742 0.310211 1.98094 876522
2 0.627737 0.302335 1.98303 876555
2 0.633762 0.29623 1.98649 876588
2 0.640109 0.292085 1.99302 876621
2 0.646842 0.288305 2.00245 876654
2 0.651869 0.281583 2.00173 876687
2 0.659972 0.276312 2.00409 876721
2 0.666136 0.273122 2.00931 876754
2 0.670017 0.269012 2.02101 876788
2 0.674514 0.266185 2.02194 876822
2 0.677939 0.259661 2.02456 876855
2 0.681937 0.253207 2.02881 876888
2 0.681853 0.249551 2.02874 876922
2 0.683274 0.241369 2.02925 876955
2 0.681075 0.234627 2.02835 876988
2 0.675407 0.230325 2.02874 877021
2 0.670727 0.225512 2.02511 877054
2 0.664719 0.221411 2.02352 877088
2 0.65745 0.217049 2.01695 877122
2 0.65127 0.21321 2.01542 877155
2 0.64418 0.212156 2.00848 877189
2 0.63583 0.213259 2.00645 877222
2 0.629457 0.213697 1.99859 877256

3 0.659416 0.209568 2.02565 879463
3 0.658297 0.208964 2.02777 879495
3 0.65586 0.208172 2.02476 879529
3 0.653377 0.208003 2.02332 879563
3 0.651224 0.20792 2.02207 879596
3 0.647309 0.207877 2.02156 879629
3 0.642724 0.207458 2.02142 879663
3 0.63868 0.207471 2.02277 879697
3 0.63383 0.209739 2.01506 879731
3 0.629482 0.210017 2.01274 879765
3 0.62428 0.212568 2.00705 879797
3 0.618955 0.214583 2.00253 879830
3 0.616085 0.222056 1.99793 879864
3 0.612448 0.229472 2.00194 879897
3 0.608283 0.232944 2.00466 879931
3 0.606 0.239954 2.00381 879965
3 0.604791 0.246374 1.99711 879998
3 0.603422 0.254868 1.99818 880031
3 0.605847 0.262392 2.00418 880065
3 0.609317 0.266662 1.99717 880098
3 0.613368 0.272505 2.00218 880132
3 0.619337 0.279863 2.00171 880166
3 0.625761 0.284921 2.00308 880200
3 0.631717 0.289508 2.00757 880234
3 0.637435 0.293377 2.01124 880268
3 0.646474 0.299807 2.01356 880302
3 0.654594 0.303884 2.01748 880336
3 0.661333 0.308776 2.01675 880369
3 0.670336 0.313185 2.00907 880402
3 0.677517 0.316292 2.01735 880435
3 0.682776 0.32389 2.023 880469
3 0.688441 0.329425 2.02969 880503
3 0.691934 0.337677 2.03303 880537
3 0.69586 0.346481 2.03312 880572
3 0.697644 0.353564 2.02927 880588
3 0.696873 0.364434 2.0342 880623
3 0.694834 0.374119 2.03353 880655
3 0.690221 0.385273 2.02629 880689
3 0.681286 0.393315 2.02578 880724
3 0.672529 0.399001 2.02322 880757
3 0.663632 0.402715 2.01459 880791
3 0.652936 0.403799 2.011 880824
3 0.645983 0.404238 2.00154 880857
3 0.636747 0.401902 1.99903 880892
3 0.627499 0.395811 1.99784 880925
3 0.618974 0.389347 1.99396 880958
3 0.614844 0.381705 1.99098 880991
3 0.612941 0.372838 1.98604 881024
3 0.611326 0.363373 1.99005 881056
3 0.610964 0.353774 1.98911 881090
3 0.611552 0.342242 1.97791 881124
3 0.612897 0.33429 1.97738 881158
3 0.614533 0.329282 1.98325 881190
3 0.620015 0.319272 1.98312 881224
3 0.625726 0.314479 1.98428 881258
3 0.629379 0.308383 1.99481 881291
3 0.636054 0.300125 1.99626 881324
3 0.645328 0.292758 2.00137 881358
3 0.651936 0.288358 2.01074 881391
3 0.658235 0.284231 2.01656 881424
3 0.662776 0.281906 2.02926 881458
3 0.670953 0.280191 2.03181 881492
3 0.67635 0.27415 2.03927 881525
3 0.680537 0.268897 2.04127 881558
3 0.681698 0.264189 2.04319 881591
3 0.683889 0.254358 2.05093 881626
3 0.684168 0.248692 2.0519 881659
3 0.679267 0.245277 2.05048 881693
3 0.676342 0.238476 2.0516 881725
3 0.671833 0.231875 2.04765 881757
3 0.665573 0.229037 2.043 881791
3 0.658755 0.227535 2.03675 881824
3 0.65202 0.222092 2.03712 881859
3 0.642364 0.224118 2.035 881892
3 0.636057 0.219661 2.02998 881925
3 0.631186 0.216539 2.0238 881958
3 0.626948 0.219897 2.02283 881992
3 0.622947 0.223124 2.02907 882024

4 0.657285 0.211249 2.02413 884030
4 0.65517 0.212501 2.01987 884063
4 0.65516 0.213088 2.02243 884096
4 0.656088 0.212613 2.01868 884130
4 0.654384 0.213197 2.01727 884164
4 0.655035 0.212701 2.015 884198
4 0.656087 0.212884 2.01471 884231
4 0.652074 0.212346 2.01747 884265
4 0.650016 0.210866 2.0137 884298
4 0.646031 0.210311 2.01523 884332
4 0.63974 0.211971 2.01242 884365
4 0.633673 0.213216 2.01004 884399
4 0.629958 0.213567 2.0077 884433
4 0.62403 0.217128 2.00047 884466
4 0.618996 0.223102 2.00688 884500
4 0.613971 0.229952 2.00427 884534
4 0.607545 0.232495 1.99528 884568
4 0.603931 0.23927 1.98764 884603
4 0.598803 0.246002 1.98599 884636
4 0.60062 0.24889 1.98688 884669
4 0.602572 0.256789 1.99446 884703
4 0.604475 0.265563 1.99958 884736
4 0.607526 0.271575 1.99836 884771
4 0.615015 0.27774 1.99555 884804
4 0.620849 0.282127 1.99391 884837
4 0.626421 0.286189 1.99508 884870
4 0.634237 0.288545 1.99543 884903
4 0.64028 0.290471 2.00036 884935
4 0.646415 0.292072 2.00399 884968
4 0.654653 0.296891 2.00686 885003
4 0.661955 0.301442 2.01462 885036
4 0.669462 0.303205 2.01426 885069
4 0.680347 0.308307 2.0099 885102
4 0.688076 0.313321 2.02063 885135
4 0.689699 0.32201 2.02675 885168
4 0.69323 0.332163 2.02638 885201
4 0.693485 0.340251 2.02884 885234
4 0.693295 0.349264 2.02599 885268
4 0.689477 0.3613 2.0182 885302
4 0.684997 0.370962 2.01897 885336
4 0.67892 0.380967 2.01819 885369
4 0.670465 0.384186 2.00959 885402
4 0.661809 0.387169 2.00918 885435
4 0.651545 0.387672 2.00465 885468
4 0.643611 0.384925 1.99302 885503
4 0.635393 0.380125 1.99257 885535
4 0.628853 0.376677 1.98399 885568
4 0.622942 0.372433 1.98074 885601
4 0.616523 0.365078 1.97785 885634
4 0.613451 0.358 1.97222 885667
4 0.612436 0.348156 1.96456 885701
4 0.610085 0.342572 1.96272 885734
4 0.610554 0.335874 1.96417 885767
4 0.609372 0.330109 1.96348 885800
4 0.612619 0.321134 1.96773 885834
4 0.616762 0.314789 1.96957 885867
4 0.621568 0.306375 1.96715 885900
4 0.625702 0.301124 1.96836 885933
4 0.631953 0.295436 1.97628 885966
4 0.63686 0.29291 1.98132 886000
4 0.642307 0.290385 1.98861 886034
4 0.648115 0.284148 1.99849 886068
4 0.651096 0.280374 2.00836 886100
4 0.655824 0.273675 2.0144 886134
4 0.659918 0.269613 2.00771 886167
4 0.663795 0.263199 2.01271 886200
4 0.665059 0.256832 2.01183 886235
4 0.664374 0.251772 2.01552 886267
4 0.662307 0.248108 2.01665 886300
4 0.658642 0.241817 2.01072 886332
4 0.654474 0.236535 2.00928 886365
4 0.649654 0.234055 2.00802 886399
4 0.645448 0.229091 2.00042 886433
4 0.639007 0.230243 2.00064 886467
4 0.632079 0.225225 1.99566 886501
4 0.629071 0.22379 1.9965 886534
4 0.62373 0.227812 1.99347 886567
4 0.61675 0.226051 1.9888 886600

5 0.663421 0.213753 2.01692 890879
5 0.66186 0.212652 2.02032 890896
5 0.659833 0.212455 2.01881 890945
5 0.660178 0.212824 2.01991 890979
5 0.661898 0.212316 2.00985 890996
5 0.659942 0.211163 2.01344 891044
5 0.65733 0.209606 2.01368 891078
5 0.652281 0.210384 2.01845 891111
5 0.646624 0.210034 2.02396 891146
5 0.64196 0.212436 2.02407 891180
5 0.636441 0.21353 2.02274 891198
5 0.632377 0.215944 2.0225 891248
5 0.627329 0.220948 2.0206 891266
5 0.623055 0.225464 2.0183 891299
5 0.619318 0.22996 2.00406 891332
5 0.616508 0.239257 2.00486 891365
5 0.614243 0.249091 2.01068 891399
5 0.615858 0.258566 2.01869 891432
5 0.618028 0.265116 2.0176 891465
5 0.621394 0.273561 2.02041 891498
5 0.625848 0.281746 2.01506 891548
5 0.630305 0.286329 2.01875 891564
5 0.63646 0.295801 2.02164 891598
5 0.644885 0.299947 2.02125 891632
5 0.653643 0.303521 2.02619 891664
5 0.661301 0.308408 2.03048 891697
5 0.671057 0.311285 2.03161 891747
5 0.681327 0.316495 2.0302 891763
5 0.685275 0.31777 2.03176 891796
5 0.691362 0.32656 2.03303 891846
5 0.699687 0.335162 2.03629 891881
5 0.705851 0.346955 2.03038 891897
5 0.709285 0.35573 2.03107 891947
5 0.707468 0.36909 2.03558 891964
5 0.705474 0.380701 2.03939 891999
5 0.70086 0.39228 2.03289 892032
5 0.693665 0.39979 2.03481 892065
5 0.683574 0.407045 2.0362 892115
5 0.675393 0.412669 2.03533 892148
5 0.664581 0.416784 2.0275 892164
5 0.652831 0.416506 2.02393 892214
5 0.64087 0.416505 2.01568 892247
5 0.632586 0.412974 2.01216 892264
5 0.624147 0.408514 2.00895 892315
5 0.617389 0.398934 2.00377 892332
5 0.613071 0.3925 2.0053 892365
5 0.610869 0.381215 2.00381 892399
5 0.610758 0.37413 2.00803 892432
5 0.608003 0.361435 2.00426 892465
5 0.610034 0.352307 2.00601 892515
5 0.61019 0.342684 2.0057 892532
5 0.613898 0.335943 2.00439 892563
5 0.618837 0.328078 2.00161 892612
5 0.621876 0.320683 2.01031 892645
5 0.631646 0.312823 2.01666 892677
5 0.637228 0.308166 2.02113 892711
5 0.645737 0.305111 2.02633 892743
5 0.652201 0.295286 2.02945 892776
5 0.65881 0.288149 2.03285 892809
5 0.665007 0.279446 2.03686 892842
5 0.669827 0.275112 2.04678 892876
5 0.676864 0.268986 2.05265 892909
5 0.680531 0.263534 2.05366 892942
5 0.68432 0.254068 2.05571 892975
5 0.683902 0.24708 2.05407 893008
5 0.684604 0.236826 2.05396 893042
5 0.6832 0.229649 2.05179 893075
5 0.6782 0.226238 2.04926 893109
5 0.669636 0.224573 2.04861 893142
5 0.661477 0.2195 2.0421 893176
5 0.654569 0.218547 2.03811 893210

6 0.66563 0.209359 2.00661 895573
6 0.662494 0.209614 2.01109 895607
6 0.66373 0.208948 2.0191 895641
6 0.660571 0.208378 2.01893 895676
6 0.657649 0.208234 2.02313 895709
6 0.65453 0.207987 2.02471 895743
6 0.647248 0.207424 2.02336 895776
6 0.643119 0.207867 2.02031 895810
6 0.636493 0.205813 2.01542 895844
6 0.631555 0.209337 2.0123 895878
6 0.626794 0.213918 2.00967 895912
6 0.620125 0.220842 2.01236 895945
6 0.614414 0.227646 2.01316 895978
6 0.608839 0.236204 2.00563 896013
6 0.606902 0.238009 2.00842 896046
6 0.607861 0.24418 2.01397 896079
6 0.610051 0.248727 2.01797 896113
6 0.614411 0.255635 2.02365 896146
6 0.617046 0.261958 2.02588 896179
6 0.619968 0.266559 2.0157 896212
6 0.627038 0.269135 2.00196 896245
6 0.633613 0.276566 2.01269 896280
6 0.641392 0.28173 2.01879 896313
6 0.647762 0.286533 2.02061 896346
6 0.656014 0.293757 2.02427 896379
6 0.664427 0.298872 2.03039 896412
6 0.673917 0.30155 2.03341 896445
6 0.681153 0.309735 2.03207 896478
6 0.688402 0.314293 2.03312 896513
6 0.692968 0.322528 2.0349 896546
6 0.697338 0.330285 2.04024 896580
6 0.699264 0.34136 2.04459 896613
6 0.700352 0.350589 2.04609 896646
6 0.698725 0.361421 2.04728 896680
6 0.696287 0.373101 2.04731 896713
6 0.691262 0.38316 2.0392 896746
6 0.682001 0.390956 2.0348 896780
6 0.672637 0.396939 2.03233 896813
6 0.661089 0.401811 2.02839 896845
6 0.651121 0.402557 2.02095 896879
6 0.639403 0.403507 2.01675 896912
6 0.630134 0.404492 2.0111 896946
6 0.621161 0.397576 2.00897 896978
6 0.614948 0.392837 2.00344 897012
6 0.610003 0.38784 2.00229 897046
6 0.604081 0.378354 1.99697 897080
6 0.59955 0.36859 1.99902 897112
6 0.598637 0.358652 2.00009 897146
6 0.599506 0.351681 1.99321 897180
6 0.600518 0.341565 1.99118 897213
6 0.60322 0.333831 1.99018 897247
6 0.607079 0.327329 1.99341 897282
6 0.615342 0.31858 1.9929 897315
6 0.62153 0.313602 1.98778 897349
6 0.625401 0.310078 1.99387 897382
6 0.632433 0.305845 1.99807 897415
6 0.643398 0.30467 2.00343 897449
6 0.64745 0.299048 2.01328 897483
6 0.653042 0.293142 2.02349 897517
6 0.660655 0.28845 2.02444 897534
6 0.664435 0.282923 2.02806 897584
6 0.66889 0.275891 2.03232 897617
6 0.673643 0.270967 2.03091 897650
6 0.671936 0.266036 2.03169 897683
6 0.671848 0.259057 2.0319 897715
6 0.669263 0.253688 2.02791 897749
6 0.662744 0.249422 2.02469 897784
6 0.658001 0.240516 2.02567 897816
6 0.652998 0.234781 2.02131 897849
6 0.646616 0.229764 2.01136 897882
6 0.637974 0.230294 2.00805 897915
6 0.632611 0.226205 2.00646 897950
6 0.626657 0.224918 2.00193 897983
6 0.62176 0.224047 2.00246 898016
6 0.618392 0.226598 1.99713 898049

7 0.663834 0.214337 2.00552 900184
7 0.663169 0.214093 2.01545 900215
7 0.658135 0.214941 2.02243 900248
7 0.656703 0.213766 2.021 900282
7 0.654077 0.211701 2.02155 900317
7 0.648171 0.211618 2.01543 900350
7 0.64355 0.210914 2.01315 900384
7 0.637239 0.211136 2.01573 900417
7 0.631277 0.212564 2.01297 900450
7 0.628048 0.21361 2.00884 900482
7 0.621819 0.221051 2.00887 900515
7 0.616348 0.225308 2.00867 900549
7 0.612776 0.231986 2.00647 900581
7 0.612955 0.233378 2.00548 900614
7 0.61188 0.241106 2.00426 900646
7 0.612312 0.247224 1.99706 900680
7 0.61358 0.25667 1.99691 900713
7 0.616409 0.262098 1.99858 900747
7 0.620311 0.26605 2.00118 900780
7 0.624125 0.269346 2.00509 900814
7 0.630853 0.275092 2.00824 900848
7 0.636815 0.280645 2.00971 900883
7 0.645237 0.282687 2.00806 900917
7 0.654301 0.2835 1.99939 900951
7 0.661858 0.283716 2.01168 900984
7 0.669091 0.288568 2.01813 901018
7 0.676796 0.290957 2.01996 901051
7 0.684675 0.296151 2.02353 901084
7 0.691833 0.299201 2.02768 901117
7 0.699409 0.308282 2.02856 901149
7 0.703935 0.316196 2.03067 901182
7 0.705893 0.327693 2.02853 901215
7 0.70677 0.339387 2.02515 901249
7 0.704651 0.350235 2.02944 901282
7 0.701094 0.365214 2.02668 901315
7 0.694888 0.373889 2.02469 901347
7 0.68897 0.382685 2.02103 901380
7 0.680353 0.3925 2.01728 901414
7 0.672334 0.399442 2.00966 901448
7 0.663527 0.406024 2.00001 901481
7 0.65504 0.406993 1.99522 901514
7 0.645994 0.405704 1.98586 901549
7 0.635893 0.401031 1.9879 901582
7 0.628242 0.395641 1.98589 901615
7 0.619657 0.388585 1.98682 901649
7 0.614457 0.380108 1.98374 901682
7 0.612323 0.370387 1.98297 901716
7 0.61117 0.3584 1.98108 901750
7 0.610336 0.347302 1.98143 901783
7 0.610875 0.33705 1.97875 901815
7 0.615431 0.33009 1.98174 901850
7 0.620523 0.319954 1.97874 901882
7 0.626218 0.313665 1.98206 901915
7 0.632211 0.306616 1.99276 901949
7 0.639333 0.298214 1.9963 901982
7 0.647623 0.291694 2.00538 902017
7 0.657978 0.286572 2.01573 902050
7 0.669478 0.278949 2.01879 902084
7 0.676228 0.271608 2.02553 902117
7 0.684019 0.266087 2.0314 902152
7 0.688921 0.262656 2.03593 902185
7 0.691878 0.254911 2.05056 902219
7 0.69538 0.249481 2.05552 902254
7 0.696747 0.242491 2.05727 902287
7 0.696989 0.232508 2.05963 902304
7 0.692961 0.22778 2.05845 902355
7 0.68942 0.220977 2.05072 902388
7 0.681198 0.220253 2.04756 902405
7 0.674566 0.213971 2.0443 902454
7 0.665255 0.210122 2.04116 902487
7 0.658055 0.208989 2.0372 902521
7 0.653128 0.210942 2.02524 902555
7 0.64559 0.208655 2.02587 902588
7 0.638276 0.209903 2.02719 902604

8 0.656752 0.209198 2.01994 905810
8 0.657013 0.208418 2.02567 905860
8 0.654521 0.208611 2.02699 905877
8 0.65268 0.208232 2.02976 905910
8 0.646319 0.207831 2.03113 905944
8 0.642455 0.207679 2.02765 905979
8 0.640381 0.208473 2.02325 906012
8 0.636695 0.209424 2.02274 906046
8 0.63355 0.211915 2.02132 906080
8 0.630503 0.215145 2.01109 906115
8 0.62437 0.220258 2.01485 906148
8 0.62159 0.225421 2.01124 906183
8 0.621517 0.231615 2.01172 906216
8 0.621249 0.239569 2.01437 906250
8 0.622473 0.245193 2.01361 906284
8 0.624705 0.249972 2.00725 906319
8 0.627209 0.259384 2.00668 906352
8 0.630316 0.263929 2.00658 906387
8 0.636384 0.266803 2.018 906420
8 0.643084 0.275121 2.0196 906453
8 0.650162 0.280227 2.02311 906487
8 0.661376 0.284602 2.02458 906520
8 0.671316 0.292084 2.02633 906554
8 0.679891 0.299046 2.03034 906588
8 0.688735 0.307158 2.0328 906620
8 0.696118 0.315294 2.0385 906654
8 0.703257 0.327689 2.02956 906686
8 0.708549 0.337285 2.03519 906720
8 0.711546 0.348722 2.0319 906753
8 0.712413 0.360183 2.03087 906788
8 0.711355 0.373741 2.02882 906821
8 0.706705 0.385736 2.02966 906855
8 0.701 0.395629 2.02898 906889
8 0.692429 0.40344 2.02701 906922
8 0.681628 0.409141 2.02516 906955
8 0.673279 0.41394 2.01964 906987
8 0.663571 0.412865 2.01729 907021
8 0.654796 0.411151 2.00603 907054
8 0.644815 0.40957 1.99749 907088
8 0.635525 0.401696 1.99663 907121
8 0.627769 0.395138 1.99569 907154
8 0.619564 0.386985 1.99311 907187
8 0.615829 0.376101 1.98818 907221
8 0.61328 0.368038 1.98192 907254
8 0.613183 0.358104 1.97854 907287
8 0.611049 0.346094 1.97926 907320
8 0.615593 0.336398 1.98031 907353
8 0.620215 0.326466 1.98256 907387
8 0.625004 0.319182 1.9834 907421
8 0.63122 0.311586 1.98162 907454
8 0.636106 0.299293 1.9901 907487
8 0.642531 0.292854 2.00126 907521
8 0.649313 0.286306 2.01482 907554
8 0.655478 0.279569 2.01631 907589
8 0.662207 0.273462 2.02134 907622
8 0.670601 0.268876 2.02641 907655
8 0.676443 0.264099 2.03375 907688
8 0.680985 0.258437 2.04482 907721
8 0.684673 0.252129 2.04705 907754
8 0.686189 0.2476 2.05035 907788
8 0.686538 0.241239 2.05611 907821
8 0.686242 0.232754 2.05823 907854
8 0.685355 0.228548 2.05255 907887
8 0.681246 0.218962 2.04934 907920
8 0.67606 0.214114 2.04172 907953
8 0.672154 0.210762 2.04109 907986
8 0.664234 0.208659 2.0395 908020
8 0.657386 0.208318 2.03698 908053
8 0.649299 0.207116 2.03399 908087
8 0.643666 0.207169 2.02914 908122
8 0.639633 0.207701 2.03004 908155

9 0.666588 0.201649 2.03826 910293
9 0.667486 0.198466 2.02018 910326
9 0.66914 0.196628 1.99967 910360
9 0.665313 0.197612 2.01773 910393
9 0.659716 0.20019 2.02787 910428
9 0.654779 0.196421 2.0283 910461
9 0.648419 0.195532 2.02195 910494
9 0.645048 0.194796 2.0242 910528
9 0.63712 0.194559 2.01921 910561
9 0.631294 0.195348 2.01173 910595
9 0.626162 0.197877 2.00765 910628
9 0.622855 0.200072 2.00841 910661
9 0.619173 0.201676 2.00009 910695
9 0.613898 0.207251 2.00611 910728
9 0.610604 0.212885 2.00736 910761
9 0.60976 0.219145 2.01326 910794
9 0.61082 0.225431 2.01274 910826
9 0.611406 0.229516 2.00422 910860
9 0.614557 0.238215 2.01063 910895
9 0.619521 0.243189 2.01767 910927
9 0.62605 0.253992 2.01356 910961
9 0.634018 0.256715 2.00896 910994
9 0.638719 0.262409 2.0131 911027
9 0.645493 0.26642 2.01805 911060
9 0.650765 0.274101 2.01881 911092
9 0.657873 0.277628 2.02135 911126
9 0.666271 0.282041 2.02749 911160
9 0.675712 0.285582 2.03406 911194
9 0.680533 0.292673 2.03834 911226
9 0.686747 0.297821 2.03249 911260
9 0.690812 0.303378 2.02991 911293
9 0.692424 0.311824 2.02837 911326
9 0.692209 0.319283 2.02983 911360
9 0.689086 0.329157 2.02826 911392
9 0.684773 0.337374 2.02564 911426
9 0.681018 0.345472 2.02555 911459
9 0.675429 0.351977 2.0254 911492
9 0.667389 0.358205 2.02027 911525
9 0.658762 0.359857 2.01374 911558
9 0.649732 0.362809 2.0072 911592
9 0.642876 0.361354 1.99895 911626
9 0.634719 0.358352 1.99358 911660
9 0.627102 0.353401 1.99023 911694
9 0.619022 0.344708 1.99303 911727
9 0.615105 0.338022 1.9877 911761
9 0.612013 0.331797 1.98145 911794
9 0.60985 0.326756 1.98127 911828
9 0.610382 0.318225 1.98469 911862
9 0.611595 0.30785 1.98097 911895
9 0.613858 0.300813 1.98402 911929
9 0.616607 0.294539 1.99034 911964
9 0.620573 0.284582 1.98912 911997
9 0.628372 0.277393 1.99059 912014
9 0.634442 0.27253 1.99615 912048
9 0.638004 0.269818 2.00693 912083
9 0.645683 0.264208 2.01533 912116
9 0.65486 0.255972 2.02454 912150
9 0.661574 0.250151 2.02888 912183
9 0.6702 0.245799 2.03642 912217
9 0.676296 0.242971 2.04232 912252
9 0.681821 0.237446 2.04614 912285
9 0.685228 0.233368 2.05445 912319
9 0.685319 0.228326 2.05686 912352
9 0.68404 0.225697 2.05425 912386
9 0.68019 0.22335 2.05754 912420
9 0.675914 0.221862 2.05921 912453
9 0.672397 0.215258 2.0528 912488
9 0.669016 0.210281 2.0503 912521
9 0.662689 0.207519 2.04666 912555
9 0.652731 0.205819 2.04379 912587
9 0.644223 0.206949 2.03603 912621
9 0.638034 0.203832 2.03094 912654
9 0.632679 0.199772 2.02388 912686

