Gesto: 8
0 0.435582 0.195865 1.92561 741457
0 0.437397 0.194356 1.92323 741491
0 0.43833 0.193934 1.92139 741524
0 0.438891 0.189337 1.91382 741558
0 0.439535 0.183755 1.91136 741592
0 0.443558 0.173264 1.91165 741626
0 0.449728 0.165633 1.91058 741658
0 0.460562 0.155875 1.91212 741692
0 0.477995 0.14661 1.91043 741726
0 0.494808 0.142931 1.90469 741760
0 0.5138 0.141787 1.90192 741794
0 0.53235 0.14815 1.89983 741828
0 0.547808 0.159862 1.89804 741862
0 0.559993 0.178604 1.89074 741894
0 0.568989 0.19567 1.8814 741928
0 0.572641 0.219817 1.87503 741962
0 0.569814 0.243125 1.86834 741995
0 0.563245 0.265427 1.86443 742028
0 0.550371 0.285048 1.85891 742061
0 0.537362 0.30331 1.85517 742095
0 0.522931 0.320826 1.85582 742129
0 0.510051 0.337035 1.86437 742163
0 0.49209 0.351971 1.86582 742197
0 0.481338 0.366941 1.87184 742231
0 0.470461 0.380069 1.87434 742265
0 0.464714 0.395795 1.881 742297
0 0.465553 0.409617 1.87872 742331
0 0.471412 0.421863 1.88597 742365
0 0.48314 0.436801 1.88616 742399
0 0.496507 0.447373 1.8891 742432
0 0.511789 0.455452 1.89132 742449
0 0.527543 0.459897 1.88655 742500
0 0.541051 0.458301 1.881 742517
0 0.554218 0.450674 1.87294 742551
0 0.560278 0.434109 1.8657 742585
0 0.562156 0.417362 1.85777 742618
0 0.560862 0.397946 1.85282 742652
0 0.554766 0.377034 1.84053 742686
0 0.544423 0.35507 1.83014 742720
0 0.532157 0.334592 1.82297 742754
0 0.520197 0.315334 1.81998 742788
0 0.508257 0.296238 1.82341 742821
0 0.496472 0.276597 1.82616 742855
0 0.485646 0.255947 1.83297 742888
0 0.480189 0.229933 1.83967 742921
0 0.479263 0.208255 1.84964 742954
0 0.480056 0.188679 1.8558 742987
0 0.489633 0.166408 1.86236 743021
0 0.50057 0.152582 1.86677 743053
0 0.5099 0.14299 1.86597 743087

1 0.428784 0.145932 2.10172 745354
1 0.428739 0.144074 2.10404 745388
1 0.426269 0.142989 2.10314 745422
1 0.419917 0.145575 2.09925 745457
1 0.415197 0.149719 2.08861 745490
1 0.410766 0.158014 2.08174 745524
1 0.40845 0.171439 2.07479 745557
1 0.406332 0.189339 2.06284 745591
1 0.407059 0.211702 2.0559 745625
1 0.411778 0.230165 2.05423 745659
1 0.417759 0.2536 2.04706 745692
1 0.428888 0.276844 2.04267 745725
1 0.445327 0.300525 2.03642 745759
1 0.460329 0.328281 2.03296 745793
1 0.475583 0.353457 2.03894 745827
1 0.49011 0.386183 2.03996 745861
1 0.499425 0.413847 2.04154 745894
1 0.500456 0.438665 2.04664 745928
1 0.492733 0.45749 2.0559 745960
1 0.482167 0.463795 2.06307 745993
1 0.46993 0.467508 2.06272 746026
1 0.456839 0.465102 2.05654 746060
1 0.446433 0.457237 2.05122 746093
1 0.437425 0.440945 2.04334 746126
1 0.433779 0.42234 2.03196 746160
1 0.433134 0.404402 2.02535 746193
1 0.436086 0.38539 2.01764 746228
1 0.443898 0.36524 2.00962 746262
1 0.453767 0.346891 2.00642 746296
1 0.463539 0.328487 1.99723 746330
1 0.474731 0.310872 1.99292 746364
1 0.481055 0.291125 1.99194 746398
1 0.484253 0.268905 1.98989 746431
1 0.485217 0.247088 1.99111 746465
1 0.48229 0.223501 1.9962 746499
1 0.476856 0.207666 2.00021 746533
1 0.46629 0.190389 2.01062 746567
1 0.45401 0.173758 2.02461 746601
1 0.440232 0.163558 2.0334 746635
1 0.427633 0.159573 2.03961 746669
1 0.415917 0.159718 2.0451 746703
1 0.407443 0.166886 2.0473 746737
1 0.40043 0.178548 2.04572 746768

2 0.613296 0.248311 2.02413 748287
2 0.613545 0.249101 2.0255 748338
2 0.608796 0.243927 2.01771 748372
2 0.601656 0.241115 2.01913 748388
2 0.597518 0.231437 2.02441 748438
2 0.589271 0.218491 2.02715 748472
2 0.585005 0.202266 2.03196 748489
2 0.582595 0.183845 2.03663 748538
2 0.581184 0.16606 2.03472 748571
2 0.583675 0.149168 2.04032 748588
2 0.590966 0.134306 2.03871 748637
2 0.602584 0.12376 2.04019 748671
2 0.619791 0.116704 2.04449 748689
2 0.636482 0.117277 2.04853 748738
2 0.650039 0.123637 2.04552 748772
2 0.661805 0.137315 2.03847 748789
2 0.668517 0.156491 2.03025 748838
2 0.668286 0.178689 2.01386 748855
2 0.661401 0.204432 2.00184 748890
2 0.650753 0.228902 1.98977 748939
2 0.638847 0.257159 1.98901 748955
2 0.622325 0.284343 1.98483 749004
2 0.612057 0.312937 1.99058 749037
2 0.604632 0.338589 1.9967 749070
2 0.599522 0.361625 2.00152 749105
2 0.599311 0.38236 2.01155 749138
2 0.604504 0.401356 2.01654 749171
2 0.61062 0.418519 2.02377 749205
2 0.62207 0.431922 2.02634 749239
2 0.637372 0.440524 2.0319 749256
2 0.650798 0.445044 2.03079 749305
2 0.663542 0.44611 2.02112 749339
2 0.675944 0.436972 2.01276 749371
2 0.680954 0.422876 2.00841 749405
2 0.682982 0.405787 2.00181 749439
2 0.682175 0.387188 1.99242 749457
2 0.677222 0.364316 1.98749 749507
2 0.666396 0.341506 1.98657 749524
2 0.655305 0.320124 1.98048 749558
2 0.644913 0.300889 1.97852 749608
2 0.636754 0.280854 1.97613 749624

3 0.219996 0.169652 2.0036 754428
3 0.220208 0.163624 2.00124 754478
3 0.21979 0.159262 2.00346 754495
3 0.219708 0.154336 2.00505 754528
3 0.214383 0.156428 1.99925 754577
3 0.206722 0.158863 1.99985 754610
3 0.199235 0.163398 2.00055 754626
3 0.190735 0.173175 1.99956 754665
3 0.183441 0.184813 1.99942 754706
3 0.17964 0.200475 1.99647 754740
3 0.180788 0.220464 1.98641 754775
3 0.185548 0.245412 1.97489 754808
3 0.195987 0.268611 1.97828 754843
3 0.211844 0.287433 1.97573 754876
3 0.226651 0.314316 1.97842 754894
3 0.244143 0.339275 1.97541 754926
3 0.260296 0.364076 1.97803 754977
3 0.27461 0.38959 1.98971 755009
3 0.283611 0.41646 2.00148 755042
3 0.285187 0.440916 2.01794 755075
3 0.280253 0.459221 2.03408 755109
3 0.270807 0.472046 2.04496 755142
3 0.257073 0.477754 2.04945 755176
3 0.246303 0.476533 2.04216 755209
3 0.231971 0.472207 2.03112 755242
3 0.223089 0.460719 2.02282 755274
3 0.216659 0.445418 2.00481 755307
3 0.213244 0.428843 1.98696 755338
3 0.213117 0.409612 1.97417 755372
3 0.217867 0.38669 1.96499 755406
3 0.224726 0.363009 1.95609 755439
3 0.232232 0.338455 1.95106 755473
3 0.241107 0.315888 1.95151 755506
3 0.24821 0.295901 1.94514 755539
3 0.254309 0.272567 1.94313 755572
3 0.257428 0.250328 1.95064 755605
3 0.256519 0.228431 1.95164 755637
3 0.25504 0.210937 1.95796 755671
3 0.246399 0.191655 1.96457 755703
3 0.233095 0.178341 1.97455 755736
3 0.220071 0.168236 1.98577 755770
3 0.206172 0.162116 1.99997 755803
3 0.19617 0.16046 2.00749 755836
3 0.188851 0.162817 2.01729 755869

4 0.382592 0.127186 2.03803 756933
4 0.382352 0.122958 2.03736 756967
4 0.383007 0.11679 2.0334 757001
4 0.379866 0.116433 2.0217 757035
4 0.374522 0.113493 2.02044 757069
4 0.367666 0.109545 2.02335 757103
4 0.357032 0.107689 2.0227 757136
4 0.340463 0.111895 2.02762 757171
4 0.32689 0.123393 2.02706 757212
4 0.314084 0.140962 2.02895 757245
4 0.305572 0.157696 2.02702 757261
4 0.301242 0.176456 2.02062 757312
4 0.300431 0.190959 2.01653 757329
4 0.306826 0.208742 2.00068 757379
4 0.321037 0.22787 1.99693 757413
4 0.337503 0.247709 1.98775 757430
4 0.358442 0.268683 1.97962 757481
4 0.378495 0.291516 1.97575 757498
4 0.39945 0.320625 1.97511 757532
4 0.413093 0.351091 1.98097 757566
4 0.423166 0.38703 1.98582 757599
4 0.426213 0.423767 1.99295 757633
4 0.424549 0.454585 2.00364 757666
4 0.417146 0.472279 2.01308 757700
4 0.406489 0.480744 2.02197 757733
4 0.393702 0.483992 2.03082 757767
4 0.378546 0.478376 2.03402 757800
4 0.367955 0.467728 2.03049 757834
4 0.359581 0.449908 2.02515 757865
4 0.353495 0.429761 2.0165 757897
4 0.351161 0.408677 2.00575 757930
4 0.350841 0.388406 1.9902 757980
4 0.358807 0.366668 1.98942 758013
4 0.367229 0.345252 1.97334 758030
4 0.377136 0.324649 1.96999 758079
4 0.390513 0.306687 1.96159 758112
4 0.399673 0.287794 1.96431 758129
4 0.412033 0.266452 1.96802 758181
4 0.420102 0.244791 1.97402 758197
4 0.424427 0.222146 1.98285 758231
4 0.423464 0.202028 1.98945 758281
4 0.420266 0.179976 1.99914 758297
4 0.41401 0.160057 2.0123 758331
4 0.406451 0.143096 2.0263 758365
4 0.3943 0.130421 2.03639 758400

5 0.377167 0.111094 2.06207 759046
5 0.378212 0.110453 2.06018 759080
5 0.379807 0.108888 2.06102 759097
5 0.387736 0.103154 2.0641 759146
5 0.398689 0.096627 2.06504 759183
5 0.41199 0.0923055 2.06534 759205
5 0.430804 0.0906804 2.0611 759241
5 0.45007 0.0965103 2.06476 759274
5 0.47138 0.103406 2.05684 759307
5 0.488518 0.116765 2.04803 759341
5 0.501471 0.136847 2.02918 759375
5 0.508682 0.156414 2.0201 759408
5 0.506731 0.174147 2.00932 759442
5 0.498281 0.190995 2.00609 759475
5 0.483892 0.211288 1.99828 759509
5 0.464913 0.230807 1.98356 759542
5 0.44227 0.253645 1.99754 759576
5 0.425605 0.277831 2.00276 759610
5 0.414707 0.301219 2.00593 759644
5 0.405959 0.324947 2.01411 759678
5 0.401811 0.346797 2.01962 759711
5 0.404636 0.365259 2.03258 759745
5 0.413225 0.38458 2.03437 759778
5 0.426167 0.401308 2.03085 759812
5 0.444741 0.40912 2.02666 759845
5 0.462385 0.420701 2.01731 759877
5 0.481185 0.423726 2.00938 759910
5 0.497998 0.417555 2.00172 759945
5 0.50751 0.405975 1.99716 759977
5 0.510252 0.389155 1.99219 760011
5 0.509442 0.366355 1.99201 760045
5 0.502096 0.34413 1.99091 760078
5 0.485578 0.322931 1.99165 760112
5 0.470498 0.302328 1.99442 760146
5 0.455748 0.28274 1.99683 760179
5 0.442148 0.260373 2.00492 760213
5 0.42765 0.236541 2.01265 760247
5 0.419652 0.211896 2.02917 760280
5 0.416399 0.187824 2.03901 760313
5 0.4194 0.163072 2.04146 760347
5 0.424214 0.143168 2.04957 760364
5 0.434168 0.128598 2.05529 760414
5 0.447117 0.120256 2.05449 760448
5 0.460566 0.115691 2.05642 760466

6 0.558389 0.0963478 2.06016 761546
6 0.559473 0.0948268 2.06012 761580
6 0.559968 0.0937681 2.0614 761615
6 0.557918 0.0884614 2.05783 761648
6 0.551914 0.0832032 2.05374 761681
6 0.542918 0.0849536 2.05599 761713
6 0.53074 0.0882714 2.05435 761746
6 0.519032 0.0908659 2.05564 761779
6 0.503445 0.0944662 2.05554 761812
6 0.488262 0.104789 2.05554 761844
6 0.477748 0.120857 2.05259 761878
6 0.469446 0.138765 2.04703 761911
6 0.461502 0.16046 2.0438 761944
6 0.462832 0.180639 2.04076 761977
6 0.47013 0.200218 2.0308 762010
6 0.486169 0.215205 2.0202 762044
6 0.502286 0.226047 2.00285 762077
6 0.518181 0.237805 1.99359 762111
6 0.53958 0.250432 1.99925 762144
6 0.560806 0.269448 1.99851 762178
6 0.584639 0.290526 2.01001 762212
6 0.604158 0.313469 2.02668 762245
6 0.617048 0.337814 2.0367 762278
6 0.62596 0.360589 2.04165 762311
6 0.622758 0.388965 2.0508 762344
6 0.608539 0.415338 2.05767 762377
6 0.595501 0.432357 2.05934 762411
6 0.579472 0.437275 2.06474 762445
6 0.563484 0.43376 2.06043 762479
6 0.550282 0.426156 2.04851 762512
6 0.542555 0.409123 2.03928 762545
6 0.536182 0.38871 2.03296 762579
6 0.532586 0.360388 2.02442 762612
6 0.534038 0.334916 2.01637 762646
6 0.540207 0.307508 2.00487 762679
6 0.54847 0.283685 2.01145 762713
6 0.560131 0.259986 2.01138 762746
6 0.57312 0.237521 2.02018 762780
6 0.58475 0.21435 2.02679 762814
6 0.591834 0.195874 2.03205 762848
6 0.597512 0.174615 2.04643 762881
6 0.600332 0.152981 2.06107 762914
6 0.593699 0.13532 2.06824 762948
6 0.583563 0.120827 2.07755 762983

7 0.580733 0.299074 2.06835 768113
7 0.581013 0.300579 2.06392 768147
7 0.582229 0.298945 2.06412 768181
7 0.583021 0.293704 2.06171 768213
7 0.579835 0.288424 2.05952 768245
7 0.571108 0.285887 2.05819 768278
7 0.55788 0.284742 2.05167 768312
7 0.548293 0.286664 2.05075 768345
7 0.538947 0.294923 2.05083 768379
7 0.529777 0.306672 2.04968 768413
7 0.524529 0.320616 2.05748 768446
7 0.523942 0.335808 2.05437 768480
7 0.528315 0.354967 2.05471 768513
7 0.537209 0.371032 2.0504 768547
7 0.548678 0.392756 2.05193 768581
7 0.563729 0.410881 2.06271 768615
7 0.58151 0.43512 2.0694 768648
7 0.59824 0.461826 2.07343 768683
7 0.614725 0.484395 2.08604 768724
7 0.627097 0.503018 2.09484 768741
7 0.633008 0.523855 2.10775 768775
7 0.634568 0.545681 2.12261 768807
7 0.627121 0.563762 2.12748 768840
7 0.62043 0.574696 2.13855 768889
7 0.607162 0.580814 2.14195 768922
7 0.59014 0.580667 2.13375 768938
7 0.571334 0.57412 2.12144 768988
7 0.553992 0.560721 2.10981 769022
7 0.544751 0.537227 2.09992 769039
7 0.540713 0.515752 2.08165 769089
7 0.541694 0.493364 2.06821 769122
7 0.553317 0.473084 2.05664 769138
7 0.567379 0.452674 2.05293 769188
7 0.582099 0.430283 2.05123 769221
7 0.597419 0.408777 2.04431 769254
7 0.607781 0.387646 2.04772 769289
7 0.61182 0.361072 2.05221 769305
7 0.609142 0.334496 2.04812 769356
7 0.602079 0.309663 2.0482 769389
7 0.591154 0.282994 2.05077 769406

8 0.42746 0.15656 2.01517 770787
8 0.420751 0.151066 2.01893 770820
8 0.41575 0.146654 2.01672 770853
8 0.407836 0.142892 2.01474 770885
8 0.397569 0.141684 2.01088 770919
8 0.38629 0.140292 2.01085 770953
8 0.372046 0.140134 2.01099 770986
8 0.35744 0.143512 2.01552 771020
8 0.339507 0.151909 2.02478 771054
8 0.320494 0.170827 2.02457 771086
8 0.306729 0.185789 2.02731 771120
8 0.297619 0.203588 2.02024 771152
8 0.297294 0.224464 2.01229 771186
8 0.300159 0.249643 1.99865 771220
8 0.316414 0.272581 2.0033 771254
8 0.335033 0.298995 1.98877 771287
8 0.357243 0.324326 1.97752 771321
8 0.376919 0.350998 1.96569 771355
8 0.392764 0.383949 1.97681 771389
8 0.402095 0.412137 1.98369 771423
8 0.403576 0.439665 2.00167 771457
8 0.395535 0.462752 2.01915 771473
8 0.381398 0.475711 2.03327 771524
8 0.363107 0.480223 2.04643 771542
8 0.346415 0.477745 2.05631 771575
8 0.32907 0.467078 2.06397 771624
8 0.314995 0.450709 2.05834 771657
8 0.30667 0.43095 2.04749 771690
8 0.304127 0.407842 2.0367 771724
8 0.308595 0.385874 2.02417 771757
8 0.316891 0.364828 2.01388 771790
8 0.329375 0.343797 2.00608 771824
8 0.342191 0.319202 1.99956 771841
8 0.353875 0.29672 1.99456 771890
8 0.36394 0.272326 1.99042 771924
8 0.368906 0.248774 1.9932 771958
8 0.369398 0.225074 1.99778 771991
8 0.364097 0.207248 2.01329 772023
8 0.354066 0.18863 2.03082 772055
8 0.340262 0.173722 2.04655 772088
8 0.327057 0.163597 2.06587 772122

9 0.678135 0.100087 2.11111 773948
9 0.679083 0.101608 2.10713 773982
9 0.678075 0.100683 2.10816 774015
9 0.678438 0.0947294 2.10499 774047
9 0.678553 0.0909735 2.09882 774081
9 0.676553 0.0865788 2.09877 774114
9 0.668649 0.0810439 2.09563 774147
9 0.65686 0.0778079 2.09241 774181
9 0.643337 0.0806531 2.0878 774213
9 0.628196 0.0890887 2.07466 774247
9 0.614308 0.101981 2.06278 774279
9 0.605588 0.119897 2.05226 774329
9 0.603425 0.137332 2.04687 774345
9 0.60544 0.157589 2.03659 774379
9 0.611988 0.173243 2.03345 774412
9 0.62325 0.186529 2.02177 774446
9 0.642007 0.204674 2.02525 774479
9 0.662622 0.225159 2.0261 774512
9 0.680131 0.245864 2.02584 774546
9 0.698457 0.265531 2.03074 774578
9 0.715109 0.294539 2.03482 774628
9 0.725083 0.32171 2.04568 774645
9 0.726876 0.346739 2.04762 774679
9 0.721462 0.371837 2.04236 774713
9 0.709912 0.390203 2.03842 774747
9 0.694001 0.400951 2.03265 774781
9 0.677944 0.403755 2.02716 774815
9 0.662846 0.395956 2.02187 774849
9 0.652322 0.381672 2.01762 774883
9 0.643364 0.363659 2.00481 774917
9 0.640401 0.340652 1.99794 774950
9 0.639633 0.315873 1.99416 774984
9 0.647392 0.29456 1.99785 775017
9 0.654935 0.269475 2.00096 775051
9 0.66653 0.24902 2.00853 775085
9 0.679596 0.229997 2.01545 775120
9 0.691994 0.211049 2.02745 775152
9 0.701962 0.193459 2.04225 775186
9 0.707896 0.174319 2.06076 775226
9 0.709332 0.15497 2.073 775248
9 0.704984 0.138106 2.08549 775283
9 0.699742 0.12126 2.09934 775316
9 0.687442 0.102214 2.11536 775349
9 0.671801 0.087455 2.13314 775382

