Gesto: 8
0 0.587615 0.160525 2.33036 406636
0 0.587851 0.154817 2.31948 406670
0 0.582858 0.150184 2.32581 406702
0 0.579612 0.149105 2.32688 406735
0 0.574857 0.148157 2.32131 406769
0 0.567426 0.147903 2.31452 406803
0 0.561376 0.147535 2.31148 406836
0 0.554712 0.150579 2.30849 406870
0 0.548414 0.158513 2.30441 406904
0 0.539727 0.163411 2.30201 406938
0 0.531431 0.166025 2.30322 406972
0 0.524386 0.171413 2.29899 407006
0 0.516198 0.181998 2.28742 407024
0 0.512024 0.187682 2.28869 407056
0 0.509281 0.197681 2.29017 407107
0 0.508749 0.204389 2.29626 407139
0 0.5138 0.209011 2.29808 407171
0 0.516395 0.212529 2.29526 407205
0 0.520709 0.215297 2.29906 407238
0 0.529855 0.221908 2.30314 407255
0 0.534973 0.22737 2.30563 407306
0 0.543418 0.231618 2.30699 407340
0 0.55104 0.242244 2.31199 407372
0 0.56138 0.247901 2.31215 407406
0 0.570357 0.254935 2.31312 407440
0 0.580998 0.262387 2.3225 407457
0 0.593142 0.266201 2.32903 407491
0 0.60225 0.276607 2.33919 407525
0 0.608502 0.284353 2.35442 407559
0 0.615327 0.290554 2.37584 407593
0 0.621258 0.299992 2.39256 407627
0 0.625826 0.309075 2.40411 407661
0 0.628836 0.320032 2.41068 407693
0 0.630712 0.329202 2.41467 407725
0 0.631616 0.341122 2.42207 407759
0 0.631692 0.355558 2.43624 407793
0 0.630499 0.372657 2.43429 407827
0 0.627741 0.388497 2.44486 407860
0 0.620799 0.403815 2.45191 407894
0 0.610165 0.422739 2.4437 407928
0 0.597245 0.4354 2.44738 407962
0 0.587146 0.446215 2.4394 407996
0 0.574702 0.456468 2.43518 408030
0 0.558934 0.462144 2.42743 408064
0 0.548256 0.468009 2.417 408097
0 0.536786 0.468578 2.40541 408131
0 0.525788 0.471812 2.40124 408165
0 0.518705 0.47029 2.39919 408199
0 0.513112 0.467385 2.39022 408232
0 0.512684 0.461714 2.38386 408266
0 0.512984 0.456343 2.3723 408300
0 0.515201 0.452982 2.36618 408332
0 0.520448 0.443862 2.36254 408366
0 0.525665 0.43776 2.36103 408400
0 0.531702 0.431276 2.35525 408432
0 0.537959 0.42019 2.34642 408466
0 0.54582 0.410349 2.33836 408498
0 0.551925 0.405093 2.34236 408532
0 0.559978 0.39769 2.33871 408566
0 0.567522 0.389704 2.3443 408602
0 0.571803 0.386451 2.34364 408644
0 0.578458 0.375808 2.33618 408660
0 0.582374 0.368948 2.33173 408693
0 0.587503 0.357295 2.33 408727
0 0.593395 0.342207 2.32482 408761
0 0.5994 0.329948 2.32384 408793
0 0.60144 0.316292 2.31361 408825
0 0.603685 0.306898 2.3131 408859
0 0.604912 0.29512 2.31054 408892
0 0.605334 0.286939 2.30911 408926
0 0.604204 0.274854 2.30492 408975
0 0.603305 0.266155 2.30239 408993
0 0.601955 0.254302 2.29721 409026
0 0.599321 0.241601 2.28744 409060
0 0.593073 0.22907 2.28051 409092
0 0.58872 0.223384 2.27499 409143
0 0.582458 0.220462 2.27264 409159
0 0.576633 0.217248 2.27415 409193
0 0.571398 0.211627 2.27353 409242
0 0.563755 0.206796 2.26676 409259
0 0.556877 0.203996 2.26027 409292
0 0.551246 0.200496 2.25959 409341
0 0.547162 0.200182 2.25621 409374
0 0.542678 0.198906 2.254 409406

1 0.420721 0.216693 2.29797 411708
1 0.419995 0.212604 2.29841 411741
1 0.413611 0.20719 2.2906 411775
1 0.40532 0.201685 2.28341 411809
1 0.400273 0.198812 2.27751 411842
1 0.394807 0.193026 2.27276 411874
1 0.387702 0.187895 2.27138 411908
1 0.376857 0.183152 2.26461 411942
1 0.368104 0.183558 2.25559 411976
1 0.359848 0.188711 2.25094 412010
1 0.349178 0.193907 2.24904 412027
1 0.340039 0.197398 2.24889 412077
1 0.3327 0.205452 2.25136 412095
1 0.32618 0.210864 2.26044 412128
1 0.322336 0.222136 2.26261 412179
1 0.321857 0.22766 2.27348 412196
1 0.325589 0.233677 2.27144 412229
1 0.331886 0.242829 2.27126 412263
1 0.340453 0.249727 2.27203 412296
1 0.350267 0.253759 2.27171 412329
1 0.358742 0.258801 2.27726 412363
1 0.369111 0.264961 2.27849 412397
1 0.381278 0.268473 2.2866 412431
1 0.393429 0.272552 2.30026 412465
1 0.4059 0.284499 2.31044 412499
1 0.41818 0.291723 2.32486 412532
1 0.430184 0.303073 2.33767 412565
1 0.439646 0.317814 2.34633 412599
1 0.448211 0.334007 2.36944 412633
1 0.452749 0.346729 2.3813 412666
1 0.456345 0.362283 2.38559 412699
1 0.456136 0.373114 2.39882 412733
1 0.455358 0.390921 2.40296 412766
1 0.454994 0.408549 2.41324 412798
1 0.449682 0.425981 2.41796 412831
1 0.439786 0.438642 2.41646 412863
1 0.425333 0.452602 2.41953 412896
1 0.412582 0.465768 2.4233 412946
1 0.397834 0.469548 2.41903 412962
1 0.384905 0.468572 2.41522 412996
1 0.373767 0.466921 2.39899 413045
1 0.364593 0.462433 2.39732 413076
1 0.357978 0.455098 2.38003 413098
1 0.354297 0.444624 2.36257 413140
1 0.350762 0.432425 2.36113 413173
1 0.350194 0.420406 2.3547 413207
1 0.352659 0.406307 2.34945 413240
1 0.357442 0.394595 2.34047 413273
1 0.361054 0.388062 2.33383 413306
1 0.364737 0.379184 2.33208 413340
1 0.371017 0.371251 2.32899 413374
1 0.37861 0.359588 2.32901 413407
1 0.386131 0.352019 2.32844 413440
1 0.390111 0.341837 2.32262 413473
1 0.398422 0.332223 2.32507 413506
1 0.404276 0.319377 2.32475 413539
1 0.414083 0.308761 2.3262 413572
1 0.418966 0.303568 2.33441 413605
1 0.427392 0.294206 2.33568 413639
1 0.433833 0.286321 2.33411 413671
1 0.441034 0.275641 2.34259 413704
1 0.44818 0.266232 2.34494 413737
1 0.452044 0.254634 2.34313 413770
1 0.453391 0.243823 2.34678 413803
1 0.451375 0.238279 2.33949 413835
1 0.445769 0.229256 2.33417 413869
1 0.438414 0.220347 2.3316 413903
1 0.431292 0.21572 2.32585 413936
1 0.425296 0.208684 2.32347 413970
1 0.414077 0.204076 2.31733 414004
1 0.405294 0.20639 2.3148 414038

2 0.381513 0.220603 2.33582 415342
2 0.378533 0.216929 2.32955 415376
2 0.375529 0.20995 2.31166 415410
2 0.370115 0.201612 2.30121 415444
2 0.363843 0.196081 2.29299 415478
2 0.352919 0.193753 2.28655 415512
2 0.343459 0.193702 2.28099 415529
2 0.332054 0.19455 2.27877 415580
2 0.321932 0.196997 2.28165 415612
2 0.312245 0.205008 2.28231 415646
2 0.303485 0.211501 2.28545 415680
2 0.2951 0.213984 2.28902 415697
2 0.290206 0.217318 2.28647 415731
2 0.286908 0.223897 2.29254 415765
2 0.28606 0.228716 2.29014 415799
2 0.286824 0.233682 2.29486 415833
2 0.287179 0.239415 2.31069 415866
2 0.293207 0.245077 2.30829 415900
2 0.303748 0.248546 2.30803 415933
2 0.314434 0.252069 2.31102 415965
2 0.324734 0.260787 2.30653 415999
2 0.336989 0.265718 2.31388 416033
2 0.352763 0.272231 2.31786 416068
2 0.363609 0.27713 2.3231 416102
2 0.372288 0.284542 2.33228 416135
2 0.382393 0.297015 2.33446 416169
2 0.392222 0.306973 2.34206 416203
2 0.401552 0.311507 2.34393 416236
2 0.408309 0.319784 2.36245 416270
2 0.415543 0.334474 2.37999 416303
2 0.420055 0.343888 2.39633 416337
2 0.42248 0.358198 2.39745 416369
2 0.419921 0.368752 2.4063 416402
2 0.415667 0.379884 2.40598 416436
2 0.409006 0.39191 2.40757 416469
2 0.399426 0.402637 2.40733 416503
2 0.387368 0.41228 2.40129 416537
2 0.374833 0.417191 2.38696 416570
2 0.361856 0.425176 2.3829 416604
2 0.346446 0.432114 2.37159 416638
2 0.334972 0.430803 2.36989 416671
2 0.324812 0.427372 2.36927 416704
2 0.317082 0.427237 2.36762 416738
2 0.310532 0.422605 2.36247 416771
2 0.305067 0.413303 2.36121 416803
2 0.300972 0.406542 2.35827 416836
2 0.298885 0.395774 2.35402 416869
2 0.300073 0.389346 2.34603 416903
2 0.301992 0.378743 2.34253 416936
2 0.303796 0.370729 2.33364 416968
2 0.308755 0.359382 2.31538 417001
2 0.313682 0.350378 2.3125 417035
2 0.323237 0.345369 2.30201 417068
2 0.328106 0.333611 2.28679 417101
2 0.336664 0.326968 2.28928 417133
2 0.342875 0.315329 2.28048 417167
2 0.347817 0.307837 2.27954 417200
2 0.352324 0.29825 2.27479 417250
2 0.359254 0.288965 2.2724 417266
2 0.362263 0.283452 2.27123 417298
2 0.365755 0.273859 2.26502 417350
2 0.365438 0.266071 2.26374 417365
2 0.364 0.254846 2.2688 417399
2 0.362646 0.248344 2.2693 417433
2 0.360127 0.238291 2.27062 417467
2 0.35662 0.230228 2.26973 417517
2 0.350644 0.21925 2.26528 417533

3 0.581225 0.221976 2.45982 419302
3 0.581684 0.220167 2.46106 419336
3 0.579098 0.218789 2.45128 419369
3 0.574344 0.213061 2.43522 419403
3 0.573636 0.206284 2.42192 419437
3 0.566905 0.202205 2.41133 419471
3 0.560053 0.199514 2.40449 419505
3 0.552351 0.192926 2.40072 419538
3 0.543741 0.189357 2.39562 419572
3 0.534171 0.18499 2.38665 419606
3 0.521128 0.182836 2.37459 419640
3 0.51052 0.183392 2.37839 419673
3 0.499013 0.184865 2.38473 419707
3 0.487975 0.191395 2.39037 419742
3 0.477497 0.19535 2.38137 419774
3 0.470936 0.200969 2.37389 419808
3 0.464033 0.210016 2.37554 419842
3 0.460089 0.215748 2.3818 419876
3 0.457077 0.221974 2.37622 419909
3 0.456404 0.231665 2.3804 419942
3 0.459431 0.242245 2.36941 419974
3 0.46344 0.25156 2.37634 420007
3 0.468206 0.26559 2.38903 420040
3 0.472404 0.275963 2.37651 420073
3 0.480963 0.289291 2.37852 420106
3 0.491544 0.29892 2.38259 420139
3 0.5038 0.312483 2.3755 420171
3 0.513369 0.320316 2.38291 420205
3 0.525039 0.326724 2.38742 420239
3 0.537415 0.337529 2.39628 420272
3 0.545177 0.344835 2.4043 420304
3 0.549899 0.355411 2.41853 420337
3 0.562798 0.36477 2.44327 420370
3 0.57119 0.377791 2.46177 420403
3 0.581207 0.389222 2.48264 420452
3 0.588416 0.397329 2.4833 420468
3 0.587494 0.39678 2.48694 420502
3 0.587586 0.407873 2.50513 420552
3 0.584683 0.428789 2.52222 420568
3 0.576364 0.43214 2.5152 420602
3 0.573102 0.442836 2.5139 420651
3 0.560895 0.458332 2.51571 420668
3 0.541655 0.463307 2.5291 420702
3 0.523255 0.470532 2.53397 420752
3 0.507868 0.477405 2.53107 420768
3 0.493853 0.479339 2.5297 420801
3 0.477555 0.482551 2.52925 420852
3 0.464749 0.480417 2.52242 420869
3 0.455885 0.473568 2.50677 420902
3 0.449514 0.467334 2.49386 420952
3 0.444518 0.454659 2.4814 420968
3 0.442285 0.445373 2.46445 421002
3 0.445566 0.435481 2.45913 421051
3 0.449318 0.426125 2.45433 421068
3 0.454283 0.413298 2.44752 421123
3 0.458397 0.399204 2.44018 421144
3 0.465669 0.391282 2.43225 421183
3 0.47141 0.382172 2.4282 421216
3 0.482022 0.368736 2.41997 421248
3 0.489424 0.360115 2.42027 421281
3 0.497307 0.350598 2.41469 421314
3 0.505028 0.343304 2.40429 421346
3 0.514709 0.334538 2.41062 421378
3 0.523284 0.325731 2.41416 421411
3 0.532117 0.318422 2.41348 421445
3 0.538509 0.307377 2.41322 421478
3 0.546078 0.298745 2.41796 421511
3 0.551764 0.292476 2.41697 421544
3 0.555877 0.280049 2.41701 421578
3 0.558646 0.266107 2.40688 421610
3 0.558725 0.255179 2.40588 421643
3 0.558439 0.248931 2.40858 421677
3 0.55275 0.238259 2.40644 421710
3 0.545754 0.231617 2.40401 421743
3 0.538763 0.22718 2.39886 421777
3 0.529179 0.221061 2.39204 421811
3 0.522101 0.2169 2.38821 421845
3 0.51103 0.214511 2.38608 421879

4 0.699731 0.201734 2.54471 423509
4 0.701227 0.20303 2.53581 423543
4 0.698804 0.196413 2.53873 423577
4 0.694074 0.19179 2.5274 423611
4 0.689429 0.187749 2.52293 423643
4 0.682984 0.18141 2.51555 423676
4 0.676125 0.17556 2.5049 423710
4 0.666383 0.174803 2.48812 423743
4 0.658324 0.172713 2.4807 423777
4 0.648222 0.173041 2.47631 423810
4 0.636574 0.172884 2.47191 423843
4 0.627331 0.174578 2.46882 423875
4 0.618608 0.182141 2.46055 423908
4 0.610824 0.18846 2.45717 423941
4 0.601818 0.199713 2.45587 423976
4 0.597477 0.207807 2.44534 424009
4 0.593106 0.211801 2.45585 424041
4 0.592829 0.222784 2.4474 424074
4 0.592469 0.229474 2.44394 424107
4 0.595245 0.239842 2.46033 424140
4 0.60211 0.249291 2.45882 424172
4 0.610025 0.258401 2.46297 424206
4 0.617577 0.267405 2.46302 424255
4 0.630891 0.272301 2.4707 424288
4 0.646511 0.284844 2.4838 424304
4 0.657012 0.291836 2.49188 424353
4 0.670077 0.30528 2.50317 424385
4 0.678649 0.313726 2.50747 424419
4 0.690773 0.326064 2.51454 424452
4 0.699283 0.335784 2.52868 424487
4 0.703911 0.341966 2.51965 424503
4 0.708636 0.352854 2.5399 424553
4 0.716422 0.367483 2.55081 424586
4 0.714926 0.379265 2.5555 424620
4 0.714089 0.392317 2.55808 424652
4 0.715828 0.409878 2.58407 424686
4 0.708156 0.420343 2.61182 424719
4 0.695854 0.439274 2.62721 424751
4 0.685048 0.455147 2.62402 424785
4 0.673335 0.461069 2.63053 424818
4 0.656999 0.470061 2.62354 424850
4 0.639968 0.477973 2.61192 424883
4 0.627266 0.476764 2.60098 424916
4 0.614375 0.473432 2.59036 424949
4 0.602669 0.471188 2.58115 424983
4 0.591603 0.465015 2.56483 425015
4 0.584665 0.455342 2.54405 425048
4 0.582396 0.445802 2.5323 425082
4 0.583877 0.434774 2.52105 425115
4 0.58905 0.425133 2.51856 425148
4 0.593797 0.418844 2.51268 425181
4 0.599991 0.410624 2.50385 425215
4 0.605273 0.401288 2.50139 425249
4 0.614327 0.392898 2.50082 425284
4 0.624847 0.384973 2.50311 425318
4 0.635688 0.379363 2.49952 425351
4 0.643268 0.369202 2.497 425385
4 0.650719 0.361169 2.49388 425419
4 0.659084 0.348864 2.49433 425453
4 0.669235 0.341328 2.49261 425486
4 0.676918 0.327431 2.49042 425520
4 0.681922 0.318894 2.49235 425553
4 0.68606 0.310744 2.48567 425586
4 0.688805 0.297887 2.47785 425624
4 0.691291 0.286104 2.47076 425646
4 0.693272 0.273821 2.47028 425681
4 0.693196 0.262188 2.47271 425714
4 0.691044 0.255658 2.47019 425748
4 0.68784 0.241036 2.47065 425782
4 0.683895 0.228723 2.46324 425815
4 0.681232 0.221742 2.46188 425848
4 0.675339 0.211769 2.46546 425882
4 0.668677 0.202931 2.45585 425916
4 0.664515 0.189932 2.45104 425949
4 0.657022 0.183575 2.4395 425983

5 0.572345 0.181458 2.40977 427258
5 0.566251 0.179919 2.40486 427275
5 0.560515 0.178148 2.41121 427308
5 0.551921 0.178164 2.40194 427358
5 0.544437 0.177907 2.40237 427375
5 0.53749 0.180458 2.39802 427408
5 0.525757 0.187099 2.39359 427442
5 0.517327 0.193202 2.39341 427476
5 0.507358 0.199367 2.39963 427509
5 0.501311 0.202691 2.4046 427559
5 0.495977 0.210035 2.41257 427576
5 0.491496 0.217282 2.41514 427609
5 0.489632 0.221999 2.41796 427651
5 0.490357 0.230925 2.41432 427687
5 0.496629 0.236439 2.41677 427720
5 0.501954 0.247615 2.42391 427753
5 0.507328 0.252731 2.42194 427787
5 0.515018 0.257454 2.42188 427819
5 0.529664 0.261925 2.42658 427852
5 0.543668 0.269727 2.42619 427885
5 0.554911 0.275364 2.43059 427918
5 0.56655 0.282227 2.44745 427951
5 0.580363 0.290168 2.45887 427984
5 0.593577 0.296534 2.46714 428017
5 0.60317 0.306602 2.47874 428050
5 0.613877 0.315855 2.48967 428082
5 0.618062 0.330432 2.50167 428116
5 0.624724 0.341654 2.52194 428149
5 0.626828 0.355799 2.53104 428181
5 0.625211 0.365406 2.54786 428214
5 0.621259 0.378517 2.55436 428247
5 0.619401 0.394832 2.56043 428279
5 0.613351 0.408537 2.56357 428311
5 0.605207 0.418598 2.56664 428345
5 0.593229 0.429347 2.56344 428379
5 0.585946 0.434567 2.56471 428412
5 0.575718 0.439891 2.56515 428445
5 0.56388 0.442804 2.55702 428478
5 0.548926 0.443275 2.53532 428512
5 0.537689 0.440904 2.5205 428544
5 0.530656 0.437224 2.50909 428577
5 0.520392 0.429351 2.4944 428627
5 0.513503 0.421983 2.4807 428643
5 0.508546 0.410967 2.47645 428677
5 0.506999 0.402316 2.47141 428710
5 0.50614 0.390915 2.46611 428743
5 0.50791 0.381865 2.46822 428777
5 0.512411 0.371356 2.45992 428811
5 0.518556 0.360817 2.45006 428845
5 0.523487 0.350379 2.44189 428879
5 0.52822 0.335844 2.43258 428913
5 0.534541 0.322583 2.4174 428947
5 0.543402 0.314369 2.41308 428981
5 0.551033 0.302375 2.41053 429015
5 0.558095 0.294019 2.41186 429049
5 0.567429 0.284527 2.40974 429081
5 0.574967 0.277956 2.40821 429114
5 0.580912 0.272767 2.41093 429147
5 0.586438 0.260812 2.40791 429181
5 0.589307 0.252508 2.40525 429215
5 0.590369 0.23925 2.40985 429249
5 0.589874 0.231651 2.40687 429283
5 0.587678 0.222182 2.40776 429316
5 0.581865 0.213055 2.40508 429349
5 0.575628 0.201558 2.40422 429381
5 0.569296 0.195665 2.3998 429414
5 0.560964 0.192078 2.40027 429447
5 0.552765 0.187367 2.39668 429480

6 0.442572 0.177551 2.40595 430988
6 0.43363 0.177092 2.40332 431021
6 0.426831 0.178012 2.39972 431054
6 0.418446 0.178176 2.39812 431087
6 0.410616 0.178773 2.39964 431119
6 0.402724 0.180324 2.38855 431152
6 0.394099 0.189421 2.38842 431184
6 0.384875 0.19528 2.3902 431216
6 0.374858 0.20173 2.38556 431250
6 0.366694 0.211504 2.37161 431282
6 0.360765 0.22492 2.37973 431315
6 0.35877 0.233667 2.39132 431349
6 0.359014 0.24522 2.39768 431382
6 0.363706 0.25539 2.3997 431416
6 0.370438 0.262483 2.40055 431449
6 0.3776 0.274612 2.40097 431481
6 0.384829 0.288963 2.40267 431513
6 0.395095 0.297634 2.40581 431546
6 0.406613 0.305339 2.41034 431579
6 0.420012 0.316576 2.40838 431611
6 0.43461 0.333422 2.42243 431660
6 0.44425 0.344816 2.42333 431693
6 0.455262 0.357276 2.4251 431725
6 0.462403 0.374416 2.43882 431757
6 0.470748 0.386949 2.4535 431791
6 0.482524 0.399051 2.46597 431824
6 0.485977 0.411186 2.48366 431857
6 0.487547 0.426092 2.49436 431888
6 0.487776 0.434902 2.50099 431920
6 0.481561 0.449838 2.51019 431953
6 0.470889 0.459286 2.51207 431986
6 0.458316 0.473027 2.51952 432019
6 0.444042 0.481836 2.51477 432052
6 0.431956 0.486187 2.50816 432084
6 0.417723 0.486769 2.50043 432117
6 0.407637 0.486656 2.50006 432150
6 0.397764 0.484016 2.491 432183
6 0.384775 0.480032 2.47606 432216
6 0.376114 0.470977 2.47029 432249
6 0.373537 0.462183 2.46277 432282
6 0.371651 0.451288 2.45422 432314
6 0.372781 0.443246 2.441 432346
6 0.373023 0.431036 2.42919 432379
6 0.377636 0.418934 2.42499 432413
6 0.383857 0.4088 2.41881 432445
6 0.391477 0.396595 2.41061 432478
6 0.398657 0.385334 2.41208 432527
6 0.4089 0.37236 2.40471 432561
6 0.418181 0.35827 2.40184 432579
6 0.427635 0.346285 2.40352 432628
6 0.434386 0.331011 2.3955 432661
6 0.444437 0.314977 2.38208 432677
6 0.450453 0.30128 2.3823 432727
6 0.455412 0.293216 2.39049 432745
6 0.456988 0.282268 2.38858 432777
6 0.460874 0.268481 2.38958 432828
6 0.461546 0.25825 2.39202 432845
6 0.459453 0.243303 2.39398 432879
6 0.458521 0.232522 2.39698 432913
6 0.453964 0.221337 2.40273 432946
6 0.449346 0.213349 2.3924 432980
6 0.443841 0.201356 2.38739 433012
6 0.437569 0.193557 2.39353 433045
6 0.431328 0.187714 2.38857 433096
6 0.423621 0.186176 2.3899 433113
6 0.416663 0.184803 2.38425 433146
6 0.408668 0.176493 2.3857 433198
6 0.400813 0.17685 2.38684 433214

7 0.356132 0.176663 2.40232 434514
7 0.353208 0.173139 2.38894 434565
7 0.351981 0.16959 2.38411 434582
7 0.347449 0.17328 2.37626 434616
7 0.34189 0.169987 2.38211 434650
7 0.333827 0.173123 2.37997 434684
7 0.322887 0.176812 2.37913 434718
7 0.31107 0.179982 2.38913 434751
7 0.295685 0.188458 2.39014 434783
7 0.281549 0.19377 2.38327 434817
7 0.268094 0.199894 2.3859 434849
7 0.255703 0.211226 2.3813 434883
7 0.247464 0.220238 2.37614 434916
7 0.242647 0.230142 2.3866 434949
7 0.240588 0.240201 2.38593 434982
7 0.239796 0.252163 2.38751 435013
7 0.240891 0.258985 2.38558 435063
7 0.241226 0.269298 2.4021 435096
7 0.248054 0.277751 2.397 435113
7 0.258089 0.290081 2.40174 435162
7 0.272351 0.299304 2.38658 435194
7 0.279424 0.309945 2.40463 435226
7 0.293706 0.319077 2.4176 435260
7 0.310358 0.338164 2.41713 435293
7 0.325433 0.354169 2.41168 435326
7 0.340669 0.365579 2.41057 435359
7 0.353545 0.381391 2.41671 435394
7 0.363795 0.3902 2.42025 435427
7 0.372475 0.404534 2.43244 435460
7 0.37714 0.412602 2.43561 435494
7 0.383499 0.423477 2.44236 435527
7 0.381191 0.433688 2.45049 435561
7 0.375401 0.444841 2.44482 435593
7 0.371316 0.452093 2.45194 435628
7 0.363602 0.467226 2.46123 435669
7 0.354256 0.471531 2.47131 435687
7 0.343513 0.477261 2.47826 435721
7 0.333533 0.478157 2.4833 435754
7 0.326379 0.479974 2.48866 435787
7 0.316368 0.479663 2.4971 435821
7 0.308152 0.474419 2.49735 435853
7 0.297459 0.468381 2.49988 435887
7 0.289098 0.460878 2.49657 435919
7 0.280423 0.450266 2.487 435952
7 0.273743 0.43849 2.47094 435986
7 0.27111 0.428395 2.46311 436019
7 0.270046 0.415474 2.45237 436052
7 0.268806 0.399376 2.446 436085
7 0.269904 0.387356 2.43357 436118
7 0.276933 0.380921 2.43059 436151
7 0.280674 0.369487 2.43024 436185
7 0.28756 0.362312 2.4303 436219
7 0.29623 0.351964 2.41446 436253
7 0.30383 0.342551 2.40131 436286
7 0.315147 0.328901 2.3772 436319
7 0.326769 0.314174 2.37593 436352
7 0.334487 0.302659 2.37277 436386
7 0.341651 0.291323 2.36552 436420
7 0.345274 0.28158 2.35954 436453
7 0.349805 0.269435 2.36363 436486
7 0.353323 0.261661 2.35863 436519
7 0.354564 0.251105 2.35824 436553
7 0.351766 0.239991 2.35926 436585
7 0.349474 0.233214 2.35983 436619
7 0.345411 0.224326 2.35724 436652
7 0.338133 0.216263 2.35275 436684
7 0.332377 0.210515 2.35501 436717
7 0.324146 0.203569 2.35584 436749
7 0.316007 0.196685 2.36095 436783
7 0.308318 0.192579 2.36769 436817
7 0.300461 0.196414 2.3765 436852

8 0.472127 0.168082 2.45658 438324
8 0.470873 0.163312 2.4546 438358
8 0.468393 0.158173 2.45928 438393
8 0.463038 0.152032 2.46044 438427
8 0.455769 0.151818 2.46121 438460
8 0.446416 0.160348 2.4502 438493
8 0.438177 0.166126 2.43979 438527
8 0.428364 0.171068 2.43392 438559
8 0.416827 0.172476 2.43591 438593
8 0.406418 0.17696 2.4317 438626
8 0.394134 0.188057 2.42611 438660
8 0.383449 0.201686 2.42115 438694
8 0.375976 0.211553 2.42281 438726
8 0.368468 0.222578 2.429 438759
8 0.3623 0.231738 2.42499 438791
8 0.357852 0.243208 2.429 438825
8 0.358133 0.251335 2.41578 438857
8 0.362756 0.263568 2.42047 438891
8 0.3683 0.27271 2.41573 438924
8 0.375472 0.279993 2.42575 438958
8 0.388104 0.28665 2.4367 438991
8 0.397293 0.293688 2.43487 439023
8 0.408813 0.298243 2.43467 439057
8 0.422568 0.303757 2.44388 439090
8 0.430826 0.312816 2.43106 439123
8 0.443111 0.316648 2.44877 439157
8 0.45845 0.329075 2.45836 439189
8 0.466831 0.336815 2.48544 439224
8 0.479657 0.352941 2.49898 439257
8 0.486942 0.360586 2.49497 439290
8 0.490401 0.372268 2.51545 439323
8 0.487872 0.387453 2.52449 439356
8 0.488575 0.398139 2.53845 439390
8 0.485832 0.413272 2.55732 439423
8 0.477392 0.423081 2.5568 439456
8 0.469572 0.432208 2.55153 439489
8 0.458414 0.43646 2.55681 439521
8 0.444594 0.446527 2.56279 439555
8 0.430996 0.455384 2.56617 439590
8 0.41645 0.463351 2.5615 439623
8 0.400991 0.463839 2.54607 439657
8 0.385451 0.461779 2.53231 439689
8 0.377132 0.459339 2.52607 439722
8 0.370772 0.459373 2.52564 439755
8 0.362761 0.448935 2.51952 439788
8 0.358476 0.443165 2.51601 439821
8 0.354806 0.430451 2.51068 439854
8 0.355391 0.421058 2.49615 439888
8 0.355907 0.408693 2.48755 439922
8 0.359043 0.399715 2.48523 439956
8 0.364532 0.387758 2.47696 439991
8 0.373391 0.374956 2.46562 440023
8 0.381313 0.358397 2.45812 440057
8 0.393409 0.347829 2.44466 440091
8 0.399751 0.336951 2.43471 440125
8 0.40635 0.333915 2.43045 440167
8 0.414875 0.320535 2.44236 440191
8 0.425607 0.314777 2.44179 440225
8 0.434466 0.300498 2.4441 440257
8 0.441681 0.28677 2.44146 440290
8 0.449484 0.27332 2.44164 440324
8 0.453058 0.265812 2.44841 440357
8 0.45815 0.255389 2.44923 440390
8 0.458625 0.241146 2.45477 440422
8 0.460702 0.231914 2.45003 440455
8 0.460002 0.217826 2.45148 440489
8 0.458865 0.206397 2.43935 440522
8 0.452509 0.199705 2.42932 440556
8 0.45042 0.189705 2.4264 440590
8 0.443993 0.180839 2.42876 440623
8 0.433845 0.176703 2.42956 440656
8 0.428434 0.173867 2.43009 440690

9 0.524999 0.1803 2.52814 441755
9 0.522667 0.176527 2.51777 441789
9 0.520332 0.171784 2.51366 441821
9 0.513935 0.166743 2.51331 441856
9 0.50486 0.16411 2.51301 441888
9 0.49792 0.162485 2.51024 441922
9 0.485905 0.16248 2.5017 441955
9 0.475099 0.166315 2.49553 441988
9 0.464334 0.176574 2.48988 442023
9 0.452366 0.182506 2.49328 442055
9 0.44014 0.190374 2.48547 442088
9 0.430113 0.200679 2.48467 442121
9 0.425182 0.206125 2.48686 442171
9 0.422433 0.217682 2.48801 442187
9 0.420296 0.228538 2.48983 442221
9 0.420889 0.239912 2.49159 442255
9 0.42166 0.246738 2.49782 442288
9 0.429919 0.250534 2.49195 442323
9 0.436393 0.25524 2.49118 442356
9 0.444243 0.264271 2.486 442388
9 0.450462 0.269645 2.47446 442423
9 0.464449 0.273531 2.47396 442456
9 0.474669 0.274977 2.4851 442489
9 0.48753 0.28544 2.49907 442523
9 0.501347 0.29192 2.50147 442555
9 0.510557 0.303393 2.50008 442590
9 0.522655 0.311609 2.51836 442623
9 0.530814 0.319137 2.54193 442656
9 0.537504 0.329879 2.54805 442688
9 0.54236 0.34405 2.5666 442737
9 0.545689 0.355929 2.57216 442770
9 0.545863 0.370581 2.57988 442787
9 0.540528 0.381087 2.58364 442837
9 0.536593 0.39771 2.58677 442854
9 0.527311 0.408529 2.59047 442886
9 0.521261 0.424608 2.59009 442935
9 0.509349 0.437197 2.59167 442968
9 0.49586 0.442081 2.59568 443001
9 0.484932 0.451111 2.59869 443033
9 0.472356 0.448153 2.58958 443068
9 0.458934 0.448945 2.57383 443100
9 0.447855 0.443814 2.56875 443134
9 0.438296 0.43857 2.55108 443166
9 0.431737 0.431022 2.53336 443199
9 0.42804 0.422701 2.52306 443233
9 0.429405 0.412632 2.51441 443265
9 0.433835 0.403313 2.50986 443298
9 0.437497 0.389728 2.50858 443331
9 0.441719 0.381212 2.50167 443365
9 0.448236 0.367165 2.50173 443398
9 0.454338 0.354129 2.49964 443431
9 0.462056 0.342727 2.49756 443465
9 0.469975 0.334878 2.49782 443500
9 0.481281 0.325284 2.4959 443533
9 0.490734 0.318038 2.49048 443565
9 0.500958 0.306186 2.48474 443599
9 0.506108 0.293116 2.48416 443631
9 0.512306 0.287955 2.48449 443664
9 0.518907 0.27606 2.48445 443697
9 0.523632 0.261617 2.47155 443731
9 0.522781 0.247795 2.4616 443764
9 0.523488 0.239186 2.46933 443797
9 0.526018 0.229985 2.4763 443831
9 0.52624 0.221667 2.47742 443864
9 0.525983 0.217815 2.47988 443897
9 0.522082 0.208529 2.47615 443931
9 0.513973 0.201492 2.48257 443965
9 0.503413 0.195517 2.48279 443999
9 0.496997 0.190622 2.48339 444033

