Gesto: 9
0 0.534488 0.3836 1.76269 149082
0 0.535882 0.384386 1.75907 149115
0 0.535236 0.385021 1.75837 149149
0 0.535928 0.385485 1.75704 149182
0 0.536123 0.385443 1.7546 149215
0 0.536301 0.384706 1.75247 149248
0 0.535018 0.384418 1.75299 149282
0 0.534383 0.384252 1.75342 149315
0 0.534679 0.384836 1.75093 149347
0 0.534202 0.384234 1.75073 149380
0 0.534168 0.384952 1.74759 149414
0 0.533871 0.385486 1.74407 149448
0 0.533498 0.385516 1.7436 149481
0 0.533105 0.384978 1.7449 149515
0 0.532812 0.38403 1.74742 149549
0 0.532799 0.383682 1.74765 149582
0 0.532545 0.38344 1.74679 149616
0 0.533242 0.384639 1.7444 149649
0 0.532722 0.387838 1.73936 149683
0 0.533146 0.389163 1.73932 149717
0 0.532694 0.390395 1.73697 149756
0 0.53219 0.390885 1.73738 149777
0 0.532076 0.390922 1.7371 149811
0 0.532065 0.390957 1.7376 149843
0 0.532035 0.39052 1.73981 149876
0 0.531904 0.390325 1.74179 149909
0 0.532334 0.388913 1.74691 149942
0 0.532887 0.387366 1.75138 149993
0 0.532873 0.385804 1.75364 150009
0 0.532829 0.384133 1.75428 150043
0 0.532625 0.383994 1.75587 150077
0 0.532755 0.384043 1.75597 150109
0 0.533061 0.383921 1.75554 150142
0 0.533297 0.383036 1.75458 150176
0 0.533044 0.383498 1.75482 150210
0 0.532902 0.383043 1.75651 150259
0 0.533192 0.382778 1.75804 150276
0 0.533274 0.383058 1.75912 150310
0 0.532963 0.383133 1.75827 150344
0 0.532768 0.383268 1.75841 150378
0 0.532749 0.382731 1.75781 150411
0 0.532626 0.382996 1.75745 150445
0 0.532964 0.383178 1.75956 150477
0 0.532493 0.383139 1.758 150510
0 0.532594 0.383177 1.75744 150559
0 0.532635 0.382732 1.75754 150592
0 0.5327 0.38237 1.7576 150608
0 0.532735 0.382125 1.75739 150658
0 0.532572 0.382435 1.75668 150691
0 0.532721 0.382393 1.75791 150708
0 0.53233 0.382538 1.75725 150758
0 0.532326 0.382672 1.7584 150792
0 0.53264 0.382506 1.75885 150808
0 0.532738 0.383142 1.75849 150859
0 0.532561 0.382957 1.75904 150892
0 0.532888 0.382603 1.75714 150909
0 0.532627 0.382683 1.75651 150959
0 0.532473 0.382892 1.75583 150976
0 0.532216 0.383617 1.75379 151010
0 0.532265 0.38302 1.75379 151059
0 0.532316 0.383186 1.75379 151077
0 0.532069 0.383769 1.75389 151110
0 0.532025 0.382447 1.75557 151160
0 0.532175 0.382578 1.75595 151177
0 0.53219 0.38244 1.7566 151211
0 0.532583 0.381838 1.75749 151244
0 0.532933 0.381647 1.75905 151278
0 0.533548 0.379202 1.75839 151312
0 0.532554 0.378868 1.75776 151346
0 0.531759 0.380115 1.7567 151378
0 0.531772 0.379347 1.75854 151427
0 0.531368 0.380407 1.75714 151460
0 0.531635 0.379011 1.75825 151477
0 0.532539 0.380506 1.75724 151526
0 0.533142 0.381203 1.7583 151559
0 0.533189 0.381443 1.75944 151577
0 0.533408 0.379944 1.75999 151627
0 0.533156 0.380859 1.75861 151660
0 0.532903 0.38151 1.75781 151676
0 0.533347 0.380448 1.75803 151725
0 0.533336 0.380464 1.75717 151759
0 0.532199 0.379529 1.75604 151792
0 0.532552 0.38097 1.75764 151824
0 0.532151 0.379664 1.75787 151858
0 0.531869 0.378683 1.758 151892
0 0.531648 0.379046 1.75599 151925
0 0.533197 0.377524 1.75806 151958
0 0.533121 0.375728 1.75802 151975
0 0.533921 0.37676 1.75707 152025
0 0.534331 0.375698 1.75876 152059
0 0.533768 0.379401 1.75644 152092
0 0.532981 0.37714 1.75589 152126
0 0.532146 0.378727 1.75704 152160
0 0.533347 0.379442 1.75733 152177
0 0.534031 0.378466 1.75895 152227
0 0.533717 0.380429 1.75911 152246
0 0.532193 0.381016 1.75738 152286

