Gesto: 9
0 0.646273 0.280273 1.24358 220842
0 0.645678 0.279797 1.24369 220879
0 0.645478 0.279402 1.24421 220901
0 0.645327 0.278872 1.24627 220937
0 0.645306 0.278495 1.24932 220971
0 0.645276 0.278753 1.24809 221005
0 0.644901 0.278743 1.24662 221039
0 0.64556 0.277917 1.24755 221073
0 0.645277 0.277826 1.2504 221107
0 0.645009 0.277966 1.25436 221140
0 0.64522 0.27811 1.25942 221174
0 0.645319 0.278153 1.25852 221208
0 0.644203 0.277378 1.25561 221242
0 0.64379 0.276744 1.25496 221275
0 0.644528 0.277019 1.25791 221308
0 0.645042 0.277232 1.25927 221342
0 0.645386 0.277051 1.26172 221375
0 0.647012 0.277339 1.26386 221409
0 0.645452 0.278913 1.26362 221443
0 0.645364 0.277855 1.26389 221477
0 0.646114 0.277664 1.26358 221511
0 0.646497 0.277775 1.26212 221529
0 0.646715 0.277665 1.26217 221578
0 0.647491 0.276868 1.25672 221611
0 0.648086 0.276023 1.25502 221628
0 0.648352 0.275379 1.25497 221678
0 0.647762 0.274638 1.25509 221694
0 0.646849 0.274105 1.25416 221728
0 0.646357 0.27359 1.25359 221778
0 0.647774 0.273079 1.25594 221794
0 0.647607 0.272498 1.25786 221827
0 0.647432 0.27189 1.25959 221875
0 0.646381 0.270848 1.25474 221908
0 0.64788 0.271126 1.25882 221941
0 0.649039 0.271396 1.2638 221974
0 0.649818 0.271386 1.26661 222007
0 0.649919 0.271607 1.26698 222040
0 0.651179 0.271604 1.26577 222073
0 0.650618 0.27193 1.26378 222106
0 0.649891 0.271925 1.26312 222139
0 0.649597 0.272365 1.2622 222172
0 0.649342 0.27251 1.26065 222206
0 0.648745 0.272455 1.25999 222240
0 0.648614 0.272982 1.25768 222273
0 0.648037 0.273966 1.25583 222308
0 0.646573 0.27539 1.2584 222340
0 0.646192 0.276383 1.26002 222373
0 0.645916 0.276993 1.25884 222407
0 0.645491 0.27754 1.25569 222441
0 0.645071 0.277797 1.25278 222474
0 0.644942 0.277509 1.25259 222508
0 0.645192 0.277547 1.25377 222542
0 0.645816 0.277243 1.2584 222575
0 0.64449 0.276472 1.2575 222607
0 0.643727 0.276097 1.25563 222641
0 0.642886 0.276078 1.25256 222674
0 0.642554 0.275963 1.24916 222707
0 0.642237 0.276007 1.24698 222740
0 0.641829 0.275816 1.24664 222775
0 0.641521 0.276197 1.24488 222808
0 0.641411 0.276449 1.24379 222840
0 0.641399 0.27657 1.24284 222872
0 0.641321 0.276964 1.24024 222914
0 0.641531 0.27711 1.23868 222934
0 0.641115 0.277149 1.23821 222967
0 0.64109 0.277227 1.23724 223001
0 0.641126 0.277284 1.23649 223034
0 0.64107 0.277235 1.23599 223067
0 0.640972 0.277367 1.23595 223100
0 0.640829 0.277187 1.23765 223134
0 0.640872 0.277256 1.23807 223167
0 0.640707 0.277205 1.2383 223201
0 0.640966 0.277095 1.23877 223234
0 0.641165 0.276844 1.23972 223269
0 0.641401 0.276553 1.24193 223300
0 0.642325 0.276037 1.24426 223333
0 0.642125 0.276583 1.24549 223366
0 0.642022 0.276464 1.24579 223400
0 0.643802 0.277296 1.24865 223434
0 0.645843 0.277291 1.24815 223467
0 0.646735 0.278077 1.24484 223500
0 0.647827 0.278991 1.24603 223533
0 0.647551 0.280759 1.25166 223566
0 0.647073 0.281617 1.25668 223600
0 0.647728 0.281522 1.24824 223633
0 0.648439 0.280696 1.24635 223666
0 0.647954 0.281618 1.25355 223698
0 0.649029 0.282112 1.25878 223731
0 0.648964 0.282664 1.26178 223764
0 0.649558 0.282363 1.26536 223798
0 0.648976 0.282769 1.26606 223831
0 0.649138 0.281621 1.2599 223864
0 0.649148 0.280786 1.25634 223913
0 0.648881 0.28007 1.25479 223930
0 0.648172 0.279486 1.24816 223963
0 0.646545 0.279494 1.24404 224014
0 0.647702 0.280439 1.24896 224030
0 0.647896 0.281585 1.25452 224064
0 0.647849 0.279392 1.24377 224098
0 0.646429 0.28056 1.248 224132
0 0.644711 0.281602 1.25343 224165

