Gesto: 9
0 0.561612 0.253477 1.73275 297037
0 0.56102 0.253164 1.73473 297070
0 0.561199 0.248 1.72824 297121
0 0.562728 0.24358 1.72484 297137
0 0.564596 0.242419 1.72288 297171
0 0.562275 0.241662 1.72768 297205
0 0.562296 0.240388 1.7274 297239
0 0.562634 0.238436 1.73295 297272
0 0.562055 0.237446 1.73341 297305
0 0.562032 0.236674 1.73398 297339
0 0.562012 0.235743 1.73766 297373
0 0.561947 0.235708 1.73817 297423
0 0.561825 0.235787 1.73754 297439
0 0.562711 0.2355 1.74164 297472
0 0.563227 0.235617 1.74343 297507
0 0.563416 0.235759 1.74386 297539
0 0.562702 0.235648 1.74294 297572
0 0.56223 0.235906 1.73872 297606
0 0.564536 0.237482 1.73886 297639
0 0.56542 0.242841 1.74273 297672
0 0.568953 0.247436 1.74368 297706
0 0.57287 0.250651 1.74074 297740
0 0.578091 0.253319 1.73266 297773
0 0.582165 0.260374 1.7229 297807
0 0.585788 0.266248 1.7183 297840
0 0.588856 0.276986 1.71423 297874
0 0.593672 0.283609 1.71812 297907
0 0.596443 0.29076 1.72149 297941
0 0.601859 0.296508 1.71791 297975
0 0.606039 0.306065 1.71372 298008
0 0.609412 0.314621 1.71037 298042
0 0.611883 0.318669 1.71278 298075
0 0.613007 0.328246 1.71024 298107
0 0.615863 0.338128 1.71238 298140
0 0.614837 0.352006 1.70597 298174
0 0.616701 0.358337 1.71125 298208
0 0.618167 0.365086 1.70935 298242
0 0.61896 0.371863 1.70976 298276
0 0.618953 0.376218 1.71112 298310
0 0.618684 0.378524 1.71056 298343
0 0.618632 0.379594 1.71223 298377
0 0.618579 0.380283 1.71159 298411
0 0.618784 0.380329 1.71143 298444
0 0.618752 0.380132 1.70716 298478
0 0.620237 0.374659 1.70553 298510
0 0.619358 0.369984 1.70719 298542
0 0.615869 0.36831 1.7032 298576
0 0.614088 0.357705 1.69276 298609
0 0.61336 0.34789 1.697 298642
0 0.613247 0.339444 1.69826 298675
0 0.612211 0.331009 1.69709 298708
0 0.611862 0.320532 1.6988 298742
0 0.610355 0.312305 1.70154 298774
0 0.609566 0.307246 1.70016 298808
0 0.608842 0.297623 1.69726 298840
0 0.608051 0.290733 1.69365 298873
0 0.605357 0.28318 1.69816 298907
0 0.601518 0.27703 1.70439 298940
0 0.596529 0.269962 1.70747 298973
0 0.592789 0.263593 1.70959 299006
0 0.587232 0.260629 1.71612 299039
0 0.583163 0.254607 1.72035 299073
0 0.580614 0.249752 1.72035 299106
0 0.578223 0.245978 1.71787 299140
0 0.576838 0.241981 1.72212 299172
0 0.572974 0.241976 1.72436 299205
0 0.573225 0.242709 1.72095 299238
0 0.575195 0.242832 1.71755 299288
0 0.576961 0.243123 1.71698 299304
0 0.578905 0.250764 1.71736 299338
0 0.58 0.256119 1.7145 299387
0 0.584373 0.25994 1.70692 299420
0 0.587065 0.265335 1.71077 299453
0 0.588285 0.275914 1.70864 299486
0 0.592108 0.283277 1.69839 299519
0 0.592896 0.294513 1.70461 299551
0 0.594543 0.299311 1.71305 299585
0 0.597862 0.304658 1.70987 299619
0 0.598393 0.311149 1.70759 299652
0 0.599937 0.316864 1.70547 299686
0 0.600254 0.324231 1.70696 299719
0 0.600605 0.330198 1.70666 299751
0 0.601262 0.334157 1.70895 299784
0 0.601785 0.33698 1.70759 299817
0 0.600928 0.342616 1.71024 299850
0 0.600595 0.347441 1.71232 299882
0 0.599891 0.35045 1.71082 299914
0 0.599956 0.35151 1.71018 299949
0 0.600984 0.352647 1.70978 299982
0 0.600696 0.35253 1.70859 300015
0 0.600547 0.3524 1.70793 300048
0 0.599723 0.351667 1.7112 300081
0 0.599863 0.346933 1.71448 300114
0 0.599789 0.342237 1.71887 300148
0 0.598783 0.338349 1.72098 300181
0 0.598896 0.33128 1.72298 300214
0 0.598118 0.325263 1.72215 300247
0 0.597589 0.319802 1.72568 300281
0 0.59685 0.311778 1.72735 300315
0 0.597393 0.306857 1.72939 300347
0 0.596994 0.305077 1.72553 300380

