Gesto: 9
0 0.540425 0.325609 1.86287 985074
0 0.540964 0.327672 1.86115 985106
0 0.540974 0.326208 1.86147 985140
0 0.542153 0.324958 1.86143 985174
0 0.541431 0.324524 1.86133 985207
0 0.541401 0.325059 1.86023 985241
0 0.54158 0.326742 1.86299 985272
0 0.540929 0.325738 1.86374 985306
0 0.540177 0.325616 1.86305 985339
0 0.540782 0.325425 1.8656 985373
0 0.540187 0.325231 1.86762 985405
0 0.541099 0.327299 1.86286 985439
0 0.541695 0.328085 1.8597 985472
0 0.541776 0.328284 1.85647 985507
0 0.542154 0.328276 1.85619 985540
0 0.541282 0.326227 1.85904 985574
0 0.540713 0.327005 1.85934 985608
0 0.539394 0.323919 1.85544 985640
0 0.53956 0.322644 1.8522 985674
0 0.539512 0.321855 1.84629 985706
0 0.539691 0.321361 1.847 985740
0 0.538363 0.320599 1.84794 985774
0 0.539563 0.320706 1.84831 985807
0 0.540161 0.324265 1.85375 985840
0 0.538948 0.322397 1.85226 985874
0 0.539899 0.321792 1.85431 985907
0 0.54077 0.322269 1.8594 985941
0 0.540256 0.321924 1.85841 985975
0 0.540125 0.321311 1.85926 986009
0 0.540326 0.321223 1.8546 986040
0 0.539883 0.321448 1.84719 986073
0 0.539796 0.321519 1.84689 986107
0 0.539784 0.320621 1.84838 986141
0 0.539763 0.320237 1.84941 986175
0 0.539207 0.320197 1.85049 986209
0 0.539892 0.320511 1.84974 986242
0 0.538786 0.320292 1.85061 986275
0 0.537839 0.319607 1.85195 986308
0 0.538206 0.322371 1.85722 986342
0 0.538512 0.321585 1.8551 986375
0 0.539089 0.323656 1.86059 986409
0 0.538863 0.324137 1.86384 986442
0 0.538738 0.322003 1.85611 986475
0 0.539236 0.321964 1.85173 986509
0 0.538716 0.320864 1.8519 986541
0 0.538112 0.320508 1.85204 986575
0 0.537881 0.320096 1.85192 986608
0 0.538281 0.320707 1.85046 986641
0 0.537832 0.32078 1.84642 986675
0 0.538418 0.319108 1.85359 986707
0 0.538368 0.321793 1.86043 986741
0 0.539401 0.320197 1.85729 986775
0 0.539669 0.31934 1.85831 986808
0 0.539674 0.319319 1.85805 986841
0 0.541371 0.319281 1.85521 986874
0 0.540368 0.320226 1.84794 986908
0 0.540661 0.324012 1.85352 986942
0 0.539145 0.322339 1.8492 986974
0 0.538947 0.323536 1.85759 987007
0 0.538208 0.322122 1.8516 987041
0 0.537531 0.323019 1.86124 987075
0 0.537267 0.322054 1.85425 987108
0 0.538017 0.321491 1.85215 987142
0 0.537944 0.320899 1.84767 987176
0 0.538037 0.321078 1.84721 987209
0 0.537624 0.320383 1.84541 987243
0 0.53902 0.319678 1.84478 987278
0 0.538463 0.320333 1.84248 987311
0 0.537806 0.320222 1.83799 987344
0 0.538063 0.322347 1.8494 987378
0 0.53752 0.321623 1.84658 987411
0 0.537766 0.322961 1.85377 987442
0 0.537406 0.322015 1.85701 987476
0 0.537163 0.321895 1.85779 987510
0 0.537073 0.321862 1.85832 987544
0 0.537399 0.321493 1.85941 987576
0 0.537222 0.32131 1.86006 987610
0 0.53706 0.321765 1.8604 987644
0 0.536943 0.32118 1.8559 987677
0 0.536812 0.321228 1.85843 987710
0 0.537138 0.321264 1.85967 987744
0 0.537407 0.320735 1.85916 987778
0 0.537076 0.322763 1.85907 987811
0 0.537078 0.322673 1.85688 987844
0 0.536789 0.323674 1.85788 987878
0 0.537188 0.322396 1.8592 987912
0 0.53747 0.322516 1.8589 987946
0 0.537236 0.322554 1.8568 987979
0 0.536855 0.324104 1.85591 988012
0 0.536755 0.32289 1.85298 988047
0 0.536929 0.322682 1.85365 988080
0 0.536813 0.323691 1.85617 988114
0 0.536304 0.323887 1.85644 988147
0 0.535955 0.324124 1.85717 988181
0 0.53636 0.323156 1.85841 988213

