Gesto: 9
0 0.543057 0.264192 1.69379 1.00415e+06
0 0.54317 0.26242 1.68416 1.00418e+06
0 0.543383 0.261106 1.67132 1.00422e+06
0 0.54366 0.260209 1.66062 1.00425e+06
0 0.544596 0.259 1.65602 1.00429e+06
0 0.544858 0.258949 1.64861 1.00432e+06
0 0.545192 0.258168 1.64809 1.00435e+06
0 0.54529 0.257896 1.6489 1.00439e+06
0 0.54553 0.257935 1.65551 1.00442e+06
0 0.54373 0.257307 1.65956 1.00445e+06
0 0.543914 0.258321 1.66546 1.00448e+06
0 0.542734 0.257979 1.66831 1.00452e+06
0 0.542955 0.257995 1.67196 1.00454e+06
0 0.543088 0.258407 1.67463 1.00459e+06
0 0.543096 0.259206 1.67313 1.00463e+06
0 0.543069 0.259801 1.66662 1.00465e+06
0 0.543373 0.25997 1.65981 1.00468e+06
0 0.541936 0.262894 1.67794 1.00472e+06
0 0.542452 0.263953 1.68933 1.00475e+06
0 0.543388 0.264763 1.69393 1.00478e+06
0 0.54417 0.263691 1.68872 1.00482e+06
0 0.545239 0.264528 1.69201 1.00485e+06
0 0.544957 0.265434 1.6954 1.00488e+06
0 0.545081 0.265932 1.69801 1.00492e+06
0 0.545404 0.26675 1.69518 1.00495e+06
0 0.545335 0.266512 1.69736 1.00499e+06
0 0.545238 0.266677 1.69656 1.00502e+06
0 0.544939 0.266246 1.69927 1.00505e+06
0 0.544566 0.266533 1.6975 1.00508e+06
0 0.544324 0.266082 1.69813 1.00512e+06
0 0.544325 0.265878 1.69867 1.00515e+06
0 0.54437 0.265892 1.69934 1.00519e+06
0 0.544565 0.264061 1.68847 1.00522e+06
0 0.54399 0.264655 1.69394 1.00525e+06
0 0.543503 0.265211 1.69853 1.00529e+06
0 0.544264 0.26522 1.70185 1.00532e+06
0 0.544325 0.265834 1.70108 1.00535e+06
0 0.544167 0.266107 1.7007 1.00539e+06
0 0.544128 0.26668 1.70045 1.00542e+06
0 0.544017 0.266742 1.69838 1.00545e+06
0 0.544021 0.266489 1.69905 1.00549e+06
0 0.544348 0.26672 1.69793 1.00552e+06
0 0.544606 0.266911 1.6949 1.00555e+06
0 0.544648 0.26672 1.69499 1.00559e+06
0 0.544242 0.266746 1.6949 1.00562e+06
0 0.544175 0.266493 1.69717 1.00565e+06
0 0.544455 0.266477 1.69826 1.00569e+06
0 0.5445 0.266575 1.69925 1.00572e+06
0 0.543661 0.266252 1.70216 1.00576e+06
0 0.544007 0.266692 1.70017 1.00579e+06
0 0.544602 0.267003 1.69849 1.00582e+06
0 0.544504 0.266437 1.69908 1.00586e+06
0 0.544686 0.266131 1.70039 1.00589e+06
0 0.54428 0.266092 1.7023 1.00592e+06
0 0.5439 0.266243 1.70034 1.00596e+06
0 0.54484 0.266273 1.6983 1.00599e+06
0 0.543897 0.265784 1.70123 1.00602e+06
0 0.544216 0.266052 1.70041 1.00606e+06
0 0.541469 0.267884 1.69929 1.00609e+06
0 0.5427 0.266651 1.70151 1.00611e+06
0 0.543775 0.266802 1.69931 1.00616e+06
0 0.544367 0.26645 1.69962 1.00619e+06
0 0.544108 0.266611 1.69743 1.00622e+06
0 0.544561 0.266637 1.69633 1.00626e+06
0 0.544745 0.266812 1.69615 1.00629e+06
0 0.54524 0.266966 1.69403 1.00631e+06
0 0.545276 0.267012 1.69247 1.00636e+06
0 0.544963 0.266378 1.69777 1.00639e+06
0 0.54392 0.266155 1.69999 1.00641e+06
0 0.543396 0.266129 1.70132 1.00646e+06
0 0.543038 0.266047 1.70186 1.00648e+06
0 0.543781 0.26643 1.69944 1.00651e+06
0 0.544769 0.266355 1.70068 1.00655e+06
0 0.544858 0.266372 1.69862 1.00659e+06
0 0.544521 0.266348 1.69642 1.00662e+06
0 0.544182 0.266447 1.69496 1.00665e+06
0 0.544713 0.266222 1.69434 1.00669e+06
0 0.544904 0.266204 1.69456 1.00672e+06
0 0.54441 0.266093 1.69679 1.00675e+06
0 0.544813 0.266194 1.69659 1.00679e+06
0 0.544446 0.265909 1.69778 1.00682e+06
0 0.544518 0.266058 1.6983 1.00685e+06
0 0.544279 0.265518 1.70214 1.00689e+06
0 0.544303 0.265913 1.70117 1.00692e+06
0 0.5441 0.266004 1.70049 1.00696e+06
0 0.544312 0.266199 1.70007 1.00699e+06
0 0.544341 0.26628 1.70048 1.00702e+06
0 0.544043 0.266012 1.70214 1.00706e+06
0 0.543801 0.265905 1.70313 1.00707e+06
0 0.543692 0.265564 1.70641 1.00712e+06
0 0.543602 0.265636 1.70693 1.00716e+06
0 0.543684 0.265406 1.70723 1.00718e+06
0 0.543563 0.265295 1.70581 1.00723e+06
0 0.543958 0.265917 1.70125 1.00724e+06
0 0.543954 0.265804 1.70366 1.00728e+06
0 0.544093 0.266151 1.70222 1.00731e+06
0 0.54445 0.266094 1.70105 1.00734e+06
0 0.544588 0.266044 1.7003 1.00738e+06
0 0.544764 0.265892 1.69951 1.00741e+06
0 0.544198 0.2662 1.697 1.00745e+06
0 0.544261 0.266139 1.69757 1.00748e+06

