Gesto: 9
0 0.32872 0.519799 2.07225 170559
0 0.328667 0.519158 2.07356 170593
0 0.32865 0.519055 2.07421 170626
0 0.328278 0.51574 2.07679 170660
0 0.328337 0.516187 2.07547 170693
0 0.328588 0.517731 2.07502 170726
0 0.328924 0.518923 2.07498 170775
0 0.329367 0.519772 2.07374 170793
0 0.329513 0.520146 2.07155 170826
0 0.329403 0.520286 2.07169 170858
0 0.329024 0.519992 2.07183 170892
0 0.328879 0.519869 2.07199 170924
0 0.328723 0.519914 2.07212 170958
0 0.328854 0.520068 2.07401 170991
0 0.328934 0.520359 2.07486 171041
0 0.328861 0.520122 2.0733 171058
0 0.328211 0.518901 2.07426 171091
0 0.328082 0.517871 2.07218 171139
0 0.327982 0.518566 2.07253 171172
0 0.328016 0.517954 2.07483 171204
0 0.328168 0.518646 2.07572 171239
0 0.328297 0.518539 2.07383 171272
0 0.328175 0.518131 2.07457 171304
0 0.328388 0.518528 2.07449 171338
0 0.328514 0.518577 2.07378 171371
0 0.328303 0.518571 2.0761 171405
0 0.328171 0.517996 2.07766 171439
0 0.328189 0.518339 2.07846 171472
0 0.328331 0.518177 2.07824 171504
0 0.328471 0.518569 2.07966 171538
0 0.328805 0.518698 2.07771 171572
0 0.329165 0.519524 2.07494 171607
0 0.32903 0.519626 2.07578 171639
0 0.329066 0.520147 2.07757 171672
0 0.329005 0.517358 2.07816 171705
0 0.328831 0.51505 2.08113 171737
0 0.329309 0.517337 2.08208 171770
0 0.32908 0.517902 2.07922 171802
0 0.329147 0.518321 2.07735 171834
0 0.328811 0.519244 2.07959 171868
0 0.329132 0.520094 2.07973 171900
0 0.329324 0.520374 2.07856 171933
0 0.329329 0.520658 2.07716 171967
0 0.32936 0.52082 2.07645 171999
0 0.329493 0.520527 2.07743 172032
0 0.329176 0.520405 2.0799 172064
0 0.329004 0.520627 2.08106 172097
0 0.329048 0.520614 2.07977 172130
0 0.328848 0.520469 2.08166 172163
0 0.328802 0.520369 2.0824 172196
0 0.329197 0.520736 2.08032 172230
0 0.329096 0.520984 2.08127 172264
0 0.329235 0.52075 2.08026 172298
0 0.329326 0.521061 2.08031 172331
0 0.329145 0.520954 2.08078 172365
0 0.328677 0.52016 2.08201 172398
0 0.328552 0.51992 2.0822 172432
0 0.328508 0.519892 2.08082 172466
0 0.328685 0.520019 2.07969 172499
0 0.328874 0.52036 2.08211 172533
0 0.328803 0.519826 2.0819 172567
0 0.328282 0.51913 2.08261 172601
0 0.328095 0.519007 2.08541 172633
0 0.328244 0.518698 2.08382 172667
0 0.328212 0.518744 2.08506 172700
0 0.328294 0.518994 2.08608 172734
0 0.328119 0.516553 2.08667 172767
0 0.328241 0.514881 2.08564 172800
0 0.328333 0.513972 2.08714 172833
0 0.328392 0.515967 2.08671 172866
0 0.328592 0.5177 2.08397 172900
0 0.328304 0.518259 2.0868 172934
0 0.328048 0.518246 2.08813 172968
0 0.328163 0.518478 2.08728 173002
0 0.328827 0.519748 2.08475 173036
0 0.328684 0.519441 2.08441 173070
0 0.32849 0.51927 2.08547 173104
0 0.328189 0.518848 2.08584 173138
0 0.328218 0.518739 2.08667 173171
0 0.328201 0.518507 2.08516 173206
0 0.328141 0.518726 2.08624 173239
0 0.328019 0.51865 2.0881 173273
0 0.328027 0.518578 2.08495 173306
0 0.328045 0.51882 2.0857 173340
0 0.328226 0.519276 2.08678 173372
0 0.328291 0.517132 2.08829 173405
0 0.328417 0.517768 2.08846 173439
0 0.328149 0.518324 2.08997 173473
0 0.328411 0.518771 2.08785 173507
0 0.328484 0.518355 2.08421 173541
0 0.328214 0.518657 2.08446 173576
0 0.328605 0.519298 2.08544 173609
0 0.328558 0.518917 2.08566 173626
0 0.32846 0.518744 2.08454 173676
0 0.32851 0.519172 2.08634 173694
0 0.328559 0.519156 2.08619 173727
0 0.328923 0.519519 2.08603 173777
0 0.328855 0.519736 2.0881 173794
0 0.328928 0.519721 2.0859 173828
0 0.328669 0.519279 2.08555 173862
0 0.328304 0.519322 2.08543 173896

