Gesto: 9
0 0.513689 0.325136 1.3667 208960
0 0.513155 0.324608 1.36975 208994
0 0.512739 0.324514 1.36868 209028
0 0.512228 0.323869 1.36809 209061
0 0.512494 0.323849 1.36986 209095
0 0.512303 0.323588 1.36895 209129
0 0.512522 0.322399 1.36719 209162
0 0.513093 0.322205 1.36553 209196
0 0.51473 0.322364 1.36655 209230
0 0.514849 0.322542 1.36695 209262
0 0.514919 0.322636 1.36795 209295
0 0.514303 0.322675 1.36786 209329
0 0.514448 0.322577 1.36605 209362
0 0.513093 0.323505 1.36702 209396
0 0.513976 0.324094 1.36651 209429
0 0.514243 0.324714 1.36482 209463
0 0.514449 0.323621 1.36405 209497
0 0.51601 0.324995 1.36343 209531
0 0.515559 0.32499 1.36454 209564
0 0.515367 0.325059 1.36402 209597
0 0.515371 0.32419 1.36458 209630
0 0.51395 0.32254 1.36635 209664
0 0.513358 0.321905 1.36685 209696
0 0.513275 0.322412 1.37144 209730
0 0.512997 0.322784 1.37788 209763
0 0.511892 0.321583 1.37551 209796
0 0.510993 0.320799 1.37386 209828
0 0.510784 0.320302 1.37412 209862
0 0.510646 0.320278 1.37391 209896
0 0.510975 0.321549 1.37583 209929
0 0.511287 0.321208 1.37752 209962
0 0.511489 0.320697 1.37583 209996
0 0.511962 0.321969 1.37509 210030
0 0.511925 0.320793 1.37493 210062
0 0.512568 0.321735 1.37426 210096
0 0.512944 0.32307 1.37357 210130
0 0.513836 0.323759 1.37314 210165
0 0.513868 0.324345 1.37172 210197
0 0.513832 0.323467 1.36903 210230
0 0.514461 0.323825 1.36842 210262
0 0.514076 0.323723 1.36872 210296
0 0.513195 0.323391 1.37002 210328
0 0.512526 0.322637 1.37483 210362
0 0.511872 0.322558 1.37642 210394
0 0.511062 0.322564 1.37801 210428
0 0.511055 0.322273 1.37978 210462
0 0.510585 0.322088 1.3816 210495
0 0.510794 0.321941 1.38197 210528
0 0.510992 0.321948 1.38126 210562
0 0.510834 0.32182 1.38203 210596
0 0.510495 0.320854 1.3814 210627
0 0.51037 0.320627 1.37881 210660
0 0.510431 0.32034 1.37898 210698
0 0.51144 0.320557 1.3785 210739
0 0.512161 0.321254 1.37806 210773
0 0.511925 0.321422 1.37769 210807
0 0.512497 0.322669 1.37702 210824
0 0.512373 0.321913 1.3773 210873
0 0.512707 0.322618 1.37897 210906
0 0.513203 0.321899 1.37939 210923
0 0.512182 0.323531 1.37689 210973
0 0.513428 0.323842 1.37379 211007
0 0.514695 0.324158 1.37062 211039
0 0.515216 0.324409 1.36773 211073
0 0.515235 0.323794 1.36799 211106
0 0.515482 0.322452 1.36892 211140
0 0.514808 0.324674 1.36986 211172
0 0.515313 0.324071 1.37238 211206
0 0.514364 0.322732 1.37157 211240
0 0.514748 0.323311 1.37199 211274
0 0.514899 0.323671 1.37022 211291
0 0.513658 0.325059 1.37079 211339
0 0.514909 0.324868 1.36836 211373
0 0.515821 0.324727 1.36549 211406
0 0.51574 0.324644 1.36534 211440
0 0.514779 0.326037 1.36717 211474
0 0.514542 0.324307 1.3652 211507
0 0.514331 0.322741 1.36796 211541
0 0.517978 0.323643 1.3653 211575
0 0.517318 0.322188 1.36748 211592
0 0.516636 0.323146 1.37122 211641
0 0.515299 0.325096 1.37086 211658
0 0.515424 0.324701 1.36988 211692
0 0.516744 0.324389 1.36538 211743
0 0.516677 0.324111 1.36575 211760
0 0.517303 0.324448 1.36097 211793
0 0.518074 0.324341 1.36157 211827
0 0.517537 0.323615 1.36093 211859
0 0.518094 0.323267 1.36449 211893
0 0.517775 0.324196 1.36198 211926
0 0.517489 0.323551 1.36016 211960
0 0.517378 0.32277 1.35882 211993
0 0.517324 0.323058 1.3577 212027
0 0.517903 0.324416 1.35278 212060
0 0.517695 0.323745 1.35407 212094
0 0.517466 0.323508 1.35444 212127
0 0.517994 0.324703 1.35239 212161
0 0.518794 0.325082 1.35479 212195
0 0.517622 0.324179 1.35656 212228
0 0.518142 0.324631 1.35764 212261
0 0.518236 0.324137 1.35741 212295

