Gesto: 9
0 0.671603 0.403967 1.76733 163347
0 0.671267 0.404855 1.76761 163380
0 0.671137 0.405125 1.76757 163414
0 0.671104 0.405099 1.76697 163448
0 0.670854 0.40505 1.76932 163482
0 0.670647 0.405562 1.76918 163516
0 0.670336 0.405734 1.76782 163549
0 0.670117 0.405991 1.76737 163582
0 0.670258 0.405477 1.76647 163616
0 0.66971 0.4056 1.76563 163650
0 0.669545 0.405837 1.76565 163683
0 0.669022 0.405067 1.76638 163717
0 0.669439 0.405567 1.76718 163751
0 0.669895 0.405647 1.76559 163784
0 0.669427 0.405838 1.76348 163817
0 0.66985 0.405301 1.76182 163851
0 0.669587 0.405695 1.76156 163885
0 0.669703 0.405586 1.76153 163919
0 0.66966 0.405946 1.76204 163953
0 0.669468 0.405856 1.76159 163986
0 0.669401 0.405996 1.76177 164020
0 0.669317 0.405906 1.76127 164053
0 0.669149 0.405854 1.76068 164086
0 0.668626 0.406438 1.75785 164120
0 0.669508 0.405727 1.75879 164154
0 0.668537 0.40688 1.75953 164188
0 0.667899 0.407079 1.75976 164222
0 0.667841 0.407245 1.7606 164255
0 0.667535 0.407258 1.76023 164290
0 0.668359 0.406309 1.76003 164322
0 0.669273 0.405979 1.76093 164355
0 0.669813 0.404062 1.76122 164388
0 0.669371 0.403213 1.76068 164421
0 0.670946 0.407271 1.75204 164455
0 0.671608 0.405829 1.7536 164488
0 0.672523 0.40858 1.74794 164522
0 0.672783 0.406072 1.75069 164556
0 0.672266 0.407381 1.74613 164590
0 0.673548 0.409796 1.73787 164623
0 0.674015 0.406449 1.74456 164658
0 0.674051 0.409064 1.73876 164690
0 0.673598 0.406157 1.74489 164724
0 0.673391 0.409427 1.73993 164757
0 0.674672 0.411141 1.73281 164790
0 0.674307 0.406807 1.74141 164831
0 0.672719 0.404443 1.74652 164853
0 0.671451 0.403708 1.75247 164885
0 0.671721 0.406606 1.74672 164918
0 0.671626 0.404285 1.7483 164952
0 0.670921 0.403391 1.75056 164986
0 0.669898 0.40248 1.7554 165019
0 0.668838 0.402401 1.75813 165052
0 0.668735 0.402317 1.75789 165086
0 0.668454 0.402062 1.7596 165120
0 0.668251 0.402265 1.76118 165154
0 0.669895 0.405582 1.75139 165187
0 0.670343 0.403431 1.75358 165220
0 0.66921 0.402756 1.75692 165254
0 0.668403 0.403117 1.76008 165286
0 0.668091 0.402714 1.76157 165320
0 0.668144 0.402275 1.7618 165353
0 0.668067 0.401932 1.762 165388
0 0.668042 0.401956 1.76221 165421
0 0.668102 0.400883 1.7625 165455
0 0.66784 0.40147 1.76272 165489
0 0.667786 0.401845 1.76499 165523
0 0.66737 0.401893 1.7659 165556
0 0.667556 0.402172 1.76742 165590
0 0.667806 0.402556 1.76639 165623
0 0.667791 0.402449 1.76652 165656
0 0.667211 0.402977 1.76519 165689
0 0.667437 0.402841 1.7644 165722
0 0.6683 0.403046 1.76166 165755
0 0.668718 0.402735 1.76345 165789
0 0.668712 0.402461 1.76562 165822
0 0.66885 0.4026 1.76621 165856
0 0.668862 0.40298 1.7671 165889
0 0.669048 0.402282 1.76569 165922
0 0.668955 0.402474 1.76507 165955
0 0.668856 0.402737 1.76615 165989
0 0.668376 0.402124 1.76743 166022
0 0.667841 0.402825 1.76768 166056
0 0.667335 0.402661 1.76732 166089
0 0.667789 0.402719 1.76789 166122
0 0.668031 0.401174 1.76516 166156
0 0.668736 0.402041 1.76153 166190
0 0.668977 0.402026 1.75998 166224
0 0.669463 0.400996 1.7568 166258
0 0.669447 0.400092 1.75724 166292
0 0.669591 0.400652 1.75735 166324
0 0.669092 0.401187 1.75685 166357
0 0.668823 0.401475 1.75764 166390
0 0.668849 0.400416 1.75748 166423
0 0.668679 0.401203 1.75837 166456
0 0.667895 0.401689 1.75899 166490
0 0.668298 0.401453 1.75927 166525
0 0.66776 0.401779 1.75886 166557
0 0.667733 0.401702 1.7589 166591
0 0.667814 0.401882 1.75892 166623
0 0.668015 0.402008 1.75792 166657

