Gesto: 9
0 0.614804 0.40223 1.26205 1.61675e+06
0 0.614954 0.402212 1.26162 1.61678e+06
0 0.615697 0.401572 1.26017 1.61682e+06
0 0.616192 0.401201 1.25988 1.61685e+06
0 0.616461 0.401107 1.25891 1.61688e+06
0 0.615483 0.401309 1.25851 1.61692e+06
0 0.615178 0.401573 1.25831 1.61695e+06
0 0.615037 0.40159 1.2576 1.61698e+06
0 0.61395 0.402217 1.25784 1.61702e+06
0 0.615591 0.401675 1.25756 1.61705e+06
0 0.616513 0.401231 1.25726 1.61708e+06
0 0.61489 0.40185 1.25677 1.61712e+06
0 0.615809 0.401269 1.25573 1.61715e+06
0 0.615622 0.401386 1.25563 1.61718e+06
0 0.615652 0.401442 1.25718 1.61721e+06
0 0.61553 0.401756 1.2585 1.61725e+06
0 0.615101 0.401815 1.25848 1.61728e+06
0 0.615369 0.401577 1.25975 1.61732e+06
0 0.615759 0.401431 1.26124 1.61735e+06
0 0.615759 0.40156 1.26145 1.61738e+06
0 0.615858 0.40155 1.2607 1.61742e+06
0 0.616081 0.401642 1.26058 1.61745e+06
0 0.61583 0.401429 1.26079 1.61748e+06
0 0.615852 0.401343 1.26091 1.61752e+06
0 0.615929 0.401276 1.26087 1.61755e+06
0 0.615769 0.401461 1.26067 1.61758e+06
0 0.61593 0.401436 1.26133 1.61762e+06
0 0.616053 0.401471 1.26116 1.61765e+06
0 0.616081 0.401462 1.26132 1.61768e+06
0 0.615929 0.401682 1.2609 1.61772e+06
0 0.615951 0.401538 1.26052 1.61775e+06
0 0.615879 0.401268 1.2602 1.61779e+06
0 0.616158 0.401295 1.26081 1.61782e+06
0 0.616075 0.401491 1.26096 1.61785e+06
0 0.615052 0.401905 1.26067 1.61789e+06
0 0.615135 0.401966 1.26095 1.61792e+06
0 0.615027 0.402239 1.25998 1.61795e+06
0 0.614982 0.402327 1.25998 1.61799e+06
0 0.614334 0.402557 1.26019 1.61802e+06
0 0.614611 0.402515 1.26001 1.61806e+06
0 0.61466 0.402404 1.2592 1.61807e+06
0 0.61468 0.402063 1.25855 1.61812e+06
0 0.614609 0.401812 1.25787 1.61814e+06
0 0.614536 0.4017 1.25872 1.61817e+06
0 0.614405 0.401866 1.2579 1.61822e+06
0 0.614404 0.401761 1.25749 1.61824e+06
0 0.614251 0.401735 1.25692 1.61827e+06
0 0.614271 0.401879 1.25762 1.61832e+06
0 0.61421 0.402201 1.25814 1.61834e+06
0 0.61536 0.401676 1.25945 1.61837e+06
0 0.615939 0.401754 1.2585 1.61841e+06
0 0.616253 0.401714 1.25714 1.61844e+06
0 0.61632 0.401696 1.2573 1.61848e+06
0 0.616353 0.401739 1.25685 1.61851e+06
0 0.615669 0.401849 1.25632 1.61854e+06
0 0.616046 0.401844 1.25595 1.61858e+06
0 0.616549 0.401669 1.25597 1.61861e+06
0 0.616739 0.401778 1.25574 1.61864e+06
0 0.615822 0.401972 1.25478 1.61868e+06
0 0.615002 0.402233 1.25402 1.61871e+06
0 0.615486 0.402051 1.25322 1.61874e+06
0 0.615203 0.402079 1.25218 1.61878e+06
0 0.6148 0.402063 1.25126 1.61881e+06
0 0.614637 0.401911 1.2501 1.61885e+06
0 0.615697 0.401478 1.25006 1.61888e+06
0 0.615049 0.401647 1.24978 1.61892e+06
0 0.614776 0.401756 1.25042 1.61895e+06
0 0.614795 0.401625 1.25037 1.61898e+06
0 0.615489 0.401267 1.25096 1.61902e+06
0 0.614875 0.40149 1.25025 1.61905e+06
0 0.614181 0.401387 1.24847 1.61908e+06
0 0.614161 0.401367 1.24821 1.61911e+06
0 0.614154 0.401261 1.24823 1.61915e+06
0 0.614197 0.401306 1.24921 1.61918e+06
0 0.614137 0.401492 1.2494 1.61921e+06
0 0.615796 0.402045 1.25145 1.61925e+06
0 0.616538 0.402428 1.25285 1.61928e+06
0 0.615405 0.402023 1.25067 1.61931e+06
0 0.616415 0.402307 1.25281 1.61935e+06
0 0.614996 0.402044 1.2502 1.61938e+06
0 0.616112 0.402078 1.25049 1.61941e+06
0 0.616763 0.402383 1.25345 1.61945e+06
0 0.616739 0.40313 1.25463 1.61948e+06
0 0.616763 0.403464 1.2566 1.61951e+06
0 0.6166 0.403725 1.25712 1.61954e+06
0 0.617751 0.40335 1.25727 1.61958e+06
0 0.618639 0.402885 1.2574 1.61961e+06
0 0.619558 0.402515 1.25669 1.61964e+06

