Gesto: 9
0 0.547607 0.274462 1.46281 409646
0 0.547676 0.274357 1.46344 409680
0 0.547338 0.274149 1.46407 409713
0 0.548797 0.274702 1.46353 409746
0 0.549833 0.272878 1.45745 409779
0 0.548549 0.270503 1.45293 409813
0 0.549186 0.269601 1.45037 409847
0 0.54805 0.271008 1.45711 409881
0 0.547493 0.272041 1.46485 409915
0 0.547446 0.274319 1.46783 409948
0 0.54758 0.27513 1.46955 409982
0 0.54856 0.27486 1.47002 410016
0 0.549384 0.274855 1.46816 410048
0 0.549082 0.273339 1.46574 410082
0 0.547949 0.272215 1.46023 410115
0 0.549002 0.272607 1.46216 410149
0 0.550462 0.272839 1.4649 410183
0 0.550331 0.273572 1.46452 410217
0 0.548475 0.275307 1.46233 410250
0 0.54862 0.274321 1.46473 410284
0 0.54734 0.275521 1.46536 410317
0 0.54587 0.27675 1.46503 410350
0 0.547102 0.275242 1.46719 410384
0 0.548099 0.275014 1.4664 410418
0 0.548071 0.272951 1.46545 410452
0 0.548715 0.273228 1.4666 410486
0 0.549111 0.273582 1.46877 410520
0 0.548681 0.273371 1.47333 410554
0 0.548469 0.273436 1.47369 410587
0 0.547906 0.272976 1.47678 410621
0 0.548378 0.27367 1.47265 410638
0 0.548941 0.274137 1.46656 410689
0 0.546823 0.275891 1.46581 410723
0 0.548036 0.274673 1.46677 410740
0 0.548927 0.274291 1.46492 410774
0 0.549435 0.274393 1.46307 410808
0 0.544884 0.276058 1.46926 410842
0 0.542373 0.276878 1.47497 410890
0 0.541225 0.276436 1.4773 410907
0 0.540394 0.276018 1.47883 410941
0 0.541778 0.275136 1.48061 410974
0 0.542604 0.275095 1.48206 411008
0 0.545056 0.27456 1.47996 411042
0 0.54483 0.274507 1.4802 411076
0 0.544392 0.274393 1.48031 411110
0 0.545721 0.274088 1.4782 411143
0 0.544985 0.273942 1.48114 411176
0 0.544471 0.274189 1.48144 411210
0 0.544201 0.274257 1.48242 411243
0 0.545865 0.274526 1.47611 411276
0 0.543317 0.276602 1.46992 411309
0 0.545561 0.275328 1.46861 411342
0 0.547416 0.274557 1.46766 411376
0 0.547852 0.274333 1.46741 411410
0 0.548356 0.274108 1.46539 411444
0 0.546668 0.274788 1.464 411478
0 0.546202 0.276014 1.46316 411512
0 0.547775 0.274952 1.46296 411547
0 0.548854 0.274562 1.46267 411580
0 0.547861 0.275277 1.46373 411613
0 0.544103 0.275664 1.4692 411648
0 0.542157 0.276096 1.47306 411681
0 0.54319 0.2752 1.47693 411714
0 0.545321 0.274717 1.47383 411748
0 0.545062 0.274565 1.47627 411780
0 0.542422 0.273477 1.47471 411813
0 0.543084 0.271728 1.47463 411847
0 0.539997 0.272882 1.46987 411880
0 0.540891 0.271884 1.46278 411913
0 0.542379 0.27041 1.46651 411946
0 0.543058 0.272455 1.47395 411980
0 0.541385 0.274381 1.47672 412013
0 0.539394 0.276296 1.47717 412046
0 0.541257 0.273473 1.47318 412079
0 0.543171 0.273919 1.47821 412113
0 0.541583 0.273336 1.47806 412147
0 0.544741 0.273789 1.47608 412181
0 0.544791 0.273546 1.47133 412214
0 0.546764 0.273968 1.46922 412247
0 0.545571 0.274831 1.46715 412280
0 0.546628 0.273029 1.46731 412314
0 0.547519 0.273455 1.46766 412348
0 0.548119 0.272727 1.46703 412382
0 0.549372 0.273631 1.46755 412414
0 0.550006 0.274133 1.46712 412447
0 0.550425 0.274358 1.4696 412480
0 0.550363 0.274118 1.47167 412513
0 0.550356 0.274227 1.47197 412547
0 0.550339 0.274308 1.47503 412581
0 0.549147 0.273857 1.47738 412615
0 0.549692 0.274656 1.4746 412648
0 0.550059 0.274563 1.47398 412682
0 0.548213 0.273756 1.47472 412716
0 0.548616 0.273406 1.47879 412750
0 0.549085 0.271856 1.47606 412783

