Gesto: 9
0 0.548218 0.2892 2.0883 268484
0 0.546762 0.290359 2.08758 268519
0 0.548032 0.290084 2.09282 268551
0 0.549371 0.290624 2.08993 268585
0 0.550671 0.290739 2.08775 268618
0 0.551063 0.288771 2.08939 268651
0 0.549463 0.289952 2.0879 268683
0 0.548963 0.288635 2.0825 268717
0 0.546787 0.288412 2.07312 268749
0 0.544911 0.289987 2.07584 268781
0 0.550541 0.290755 2.08037 268813
0 0.546974 0.291346 2.08046 268846
0 0.54536 0.287276 2.06143 268879
0 0.544167 0.290325 2.06056 268913
0 0.544317 0.291468 2.06383 268945
0 0.545219 0.291975 2.06682 268977
0 0.546697 0.291491 2.0763 269009
0 0.544987 0.292707 2.0663 269043
0 0.540944 0.293007 2.06356 269077
0 0.545927 0.292827 2.07143 269109
0 0.550338 0.292357 2.07908 269142
0 0.548844 0.293561 2.07449 269175
0 0.550302 0.293112 2.07861 269208
0 0.551127 0.292038 2.07926 269242
0 0.550217 0.293239 2.07471 269277
0 0.551571 0.293954 2.07446 269310
0 0.550719 0.294438 2.07263 269344
0 0.549912 0.294227 2.07699 269377
0 0.551252 0.294587 2.08159 269411
0 0.550128 0.294801 2.08293 269445
0 0.549825 0.295102 2.07818 269479
0 0.548644 0.294013 2.08375 269512
0 0.550394 0.293701 2.08511 269545
0 0.553999 0.296833 2.08714 269579
0 0.550497 0.296236 2.08907 269612
0 0.551417 0.29524 2.0884 269645
0 0.552697 0.294643 2.08644 269679
0 0.550186 0.294143 2.08885 269713
0 0.548843 0.294096 2.09053 269745
0 0.546597 0.29614 2.09501 269778
0 0.547872 0.295918 2.0975 269813
0 0.547751 0.295225 2.09548 269846
0 0.548908 0.294299 2.09149 269879
0 0.551705 0.292966 2.08941 269912
0 0.55186 0.292605 2.09439 269946
0 0.54639 0.293103 2.08769 269978
0 0.550117 0.291935 2.09166 270013
0 0.544986 0.292324 2.08909 270046
0 0.548782 0.293236 2.08016 270080
0 0.550164 0.292947 2.07373 270113
0 0.545409 0.292903 2.07444 270147
0 0.551529 0.295616 2.06722 270180
0 0.5469 0.295243 2.05861 270214
0 0.548781 0.293156 2.07466 270247
0 0.550159 0.293088 2.07434 270281
0 0.550397 0.292511 2.07707 270315
0 0.546179 0.293085 2.07281 270349
0 0.54252 0.294794 2.07806 270383
0 0.541641 0.294024 2.078 270417
0 0.547911 0.292501 2.08716 270451
0 0.548723 0.292692 2.09316 270485
0 0.551079 0.29293 2.09193 270518
0 0.550434 0.292244 2.09475 270552
0 0.549317 0.292885 2.09648 270586
0 0.549696 0.293268 2.09264 270619
0 0.552804 0.293907 2.09612 270653
0 0.54801 0.292878 2.09309 270687
0 0.543278 0.292446 2.08839 270721
0 0.539598 0.292652 2.07986 270755
0 0.539388 0.291693 2.08444 270789
0 0.538869 0.29187 2.08382 270823
0 0.543593 0.292407 2.08972 270857
0 0.549505 0.295209 2.08838 270890
0 0.552446 0.293114 2.09265 270907
0 0.547092 0.293198 2.09369 270957
0 0.543827 0.292841 2.08926 270991
0 0.540149 0.292851 2.0808 271008
0 0.545748 0.293025 2.07286 271058
0 0.54802 0.291744 2.08189 271091
0 0.548563 0.291748 2.0889 271108
0 0.55145 0.292155 2.08979 271157
0 0.546157 0.292441 2.08932 271192
0 0.547563 0.292037 2.09248 271208
0 0.548136 0.293157 2.0958 271259
0 0.54535 0.292872 2.08794 271276
0 0.550863 0.292144 2.08983 271309
0 0.548606 0.293258 2.0857 271358
0 0.547965 0.293384 2.08827 271375
0 0.548671 0.292969 2.09315 271408
0 0.54971 0.292577 2.09535 271457
0 0.549016 0.293635 2.09025 271490
0 0.550369 0.293308 2.09537 271523

