Gesto: 9
0 0.529636 0.278214 1.45168 924202
0 0.531765 0.277529 1.45112 924242
0 0.532415 0.276708 1.45391 924276
0 0.530154 0.27917 1.45138 924310
0 0.530819 0.277861 1.45199 924344
0 0.532021 0.27757 1.45312 924376
0 0.532563 0.27751 1.45382 924410
0 0.531058 0.279047 1.45254 924443
0 0.532252 0.278841 1.45086 924477
0 0.532172 0.278227 1.45223 924511
0 0.532219 0.278609 1.45175 924545
0 0.531691 0.28 1.44964 924579
0 0.531411 0.280761 1.44742 924596
0 0.531302 0.281621 1.44398 924645
0 0.530912 0.281961 1.44183 924679
0 0.531003 0.281798 1.44041 924713
0 0.530993 0.281991 1.43914 924747
0 0.531305 0.281489 1.44124 924764
0 0.531356 0.281523 1.44274 924815
0 0.533832 0.281175 1.4424 924832
0 0.533955 0.279408 1.44158 924866
0 0.531515 0.278863 1.44713 924900
0 0.530412 0.278516 1.44779 924933
0 0.528961 0.278941 1.44539 924965
0 0.528445 0.279564 1.43964 925015
0 0.527466 0.279843 1.43566 925032
0 0.527496 0.279673 1.43203 925066
0 0.526539 0.279485 1.43233 925099
0 0.525738 0.279453 1.43301 925132
0 0.526241 0.279292 1.43234 925166
0 0.52665 0.278203 1.43532 925200
0 0.526476 0.27789 1.43771 925235
0 0.525776 0.278741 1.44179 925268
0 0.52524 0.279851 1.44093 925302
0 0.524261 0.280776 1.44173 925335
0 0.528906 0.278342 1.44524 925369
0 0.530349 0.280125 1.4502 925401
0 0.532486 0.279827 1.45403 925435
0 0.532255 0.27999 1.45578 925468
0 0.532846 0.280978 1.44314 925501
0 0.534073 0.281022 1.43108 925535
0 0.535622 0.282366 1.4201 925568
0 0.537107 0.281936 1.41449 925602
0 0.537436 0.282956 1.40608 925635
0 0.536927 0.280537 1.40847 925669
0 0.52994 0.283586 1.43585 925703
0 0.528165 0.284464 1.45177 925735
0 0.52738 0.283345 1.46012 925769
0 0.529016 0.283868 1.46515 925803
0 0.529707 0.284009 1.46611 925837
0 0.530277 0.284258 1.46735 925870
0 0.530922 0.284055 1.46806 925903
0 0.5306 0.284049 1.45952 925938
0 0.530532 0.284561 1.46422 925970
0 0.530221 0.284968 1.46874 926004
0 0.530504 0.28505 1.46893 926039
0 0.529335 0.283596 1.46346 926071
0 0.529577 0.284471 1.46634 926105
0 0.529004 0.284704 1.46858 926139
0 0.528889 0.282631 1.46213 926171
0 0.529909 0.282254 1.461 926205
0 0.529668 0.282312 1.46366 926237
0 0.528247 0.28227 1.46708 926271
0 0.530345 0.280471 1.46926 926303
0 0.531028 0.280296 1.47405 926338
0 0.531665 0.280405 1.4732 926371
0 0.531437 0.280471 1.46555 926403
0 0.531578 0.280879 1.45875 926436
0 0.530065 0.280692 1.45606 926470
0 0.528729 0.279877 1.45478 926503
0 0.527411 0.279885 1.4517 926535
0 0.526872 0.279081 1.44542 926568
0 0.526505 0.279568 1.44262 926601
0 0.526697 0.279624 1.44566 926635
0 0.528186 0.278855 1.45548 926669
0 0.528149 0.278446 1.46086 926701
0 0.528736 0.277914 1.46192 926734
0 0.529517 0.279014 1.4686 926784
0 0.532114 0.278923 1.4708 926800
0 0.53221 0.279099 1.47232 926832
0 0.53145 0.280689 1.46984 926882
0 0.531191 0.279881 1.471 926899
0 0.52932 0.280486 1.46401 926932
0 0.52834 0.280224 1.46112 926982
0 0.52663 0.280825 1.45924 926999
0 0.528527 0.27892 1.45749 927050
0 0.528567 0.278581 1.45599 927067
0 0.528486 0.278487 1.45273 927100
0 0.529839 0.277708 1.45399 927151
0 0.530688 0.278507 1.46022 927168
0 0.529654 0.279901 1.46458 927201
0 0.529863 0.278883 1.46739 927235
0 0.5293 0.279198 1.46754 927269
0 0.530124 0.278995 1.46886 927301
0 0.530204 0.279134 1.46885 927335
0 0.528816 0.280351 1.46886 927369
0 0.529341 0.279798 1.46871 927403
0 0.528392 0.279399 1.46963 927438

