Gesto: 9
0 0.769607 0.406446 1.80015 474054
0 0.778141 0.375523 1.81977 474087
0 0.79291 0.362895 1.83151 474119
0 0.820492 0.3298 1.8986 474153
0 0.830492 0.336375 1.91458 474187
0 0.780191 0.379468 1.88658 474222
0 0.757216 0.4266 1.86061 474257
0 0.736132 0.462966 1.85447 474273
0 0.716093 0.495313 1.84842 474324
0 0.69838 0.514736 1.85944 474357
0 0.68376 0.535041 1.86822 474374
0 0.670509 0.551265 1.87586 474408
0 0.65862 0.564762 1.88491 474443
0 0.648136 0.568707 1.90113 474475
0 0.639516 0.577985 1.90862 474509
0 0.631637 0.582966 1.91779 474543
0 0.624801 0.589122 1.92521 474576
0 0.618946 0.59206 1.93189 474609
0 0.613681 0.596543 1.93804 474642
0 0.609267 0.599403 1.9452 474677
0 0.605459 0.601201 1.95212 474709
0 0.602289 0.603078 1.95879 474743
0 0.598536 0.604193 1.96127 474777
0 0.595119 0.606896 1.96522 474810
0 0.592355 0.60762 1.96793 474844
0 0.590038 0.608513 1.9705 474879
0 0.588338 0.607136 1.9736 474912
0 0.587069 0.608871 1.97587 474945
0 0.586398 0.608798 1.98288 474978
0 0.584987 0.608646 1.98703 475012
0 0.583921 0.608586 1.98962 475046
0 0.582861 0.607837 1.99313 475080
0 0.582181 0.607335 1.99498 475113
0 0.581352 0.608174 1.99539 475147
0 0.580078 0.608713 1.99594 475179
0 0.579514 0.609216 1.99648 475212
0 0.578781 0.609818 1.9974 475246
0 0.578884 0.6079 1.99922 475279
0 0.578567 0.608514 2.00104 475313
0 0.577311 0.608562 2.00087 475346
0 0.576597 0.607178 2.00521 475379
0 0.575847 0.606961 2.00604 475413
0 0.575296 0.603562 2.01024 475447
0 0.574691 0.602468 2.00904 475480
0 0.57515 0.60195 2.00993 475519
0 0.575637 0.602784 2.01204 475555
0 0.5755 0.603174 2.01313 475587
0 0.574959 0.603072 2.01355 475621
0 0.575293 0.604832 2.01302 475655
0 0.575036 0.604899 2.01337 475689
0 0.574614 0.603706 2.01368 475722
0 0.574738 0.604039 2.01344 475754
0 0.574528 0.60613 2.01413 475786
0 0.574253 0.605517 2.01231 475819
0 0.574288 0.606659 2.01121 475852
0 0.574207 0.60698 2.00792 475884
0 0.573922 0.604941 2.01072 475917
0 0.573738 0.605852 2.00733 475950
0 0.573366 0.603521 2.0095 475984
0 0.573357 0.602145 2.01531 476017
0 0.573135 0.603238 2.01506 476050
0 0.573752 0.604313 2.01595 476084
0 0.57404 0.602984 2.01744 476118
0 0.574032 0.60198 2.02104 476151
0 0.574492 0.603959 2.01881 476185
0 0.574136 0.60574 2.0146 476218
0 0.573513 0.6031 2.01976 476251
0 0.574082 0.602263 2.01909 476284
0 0.574207 0.600685 2.02178 476318
0 0.574238 0.600902 2.02375 476351
0 0.574166 0.601453 2.02482 476385
0 0.574279 0.602462 2.02553 476418
0 0.574148 0.602043 2.02497 476451
0 0.574334 0.600938 2.02525 476484
0 0.574042 0.6005 2.0248 476517
0 0.573869 0.601035 2.0257 476550
0 0.573731 0.601209 2.02236 476583
0 0.573131 0.601601 2.0241 476616
0 0.573326 0.601879 2.02553 476650
0 0.573502 0.602008 2.02691 476684
0 0.573832 0.601656 2.02598 476719
0 0.573802 0.602095 2.02835 476751
0 0.573959 0.602616 2.02705 476785
0 0.573755 0.604261 2.02309 476818
0 0.573786 0.606111 2.02015 476852
0 0.573908 0.606671 2.0194 476885
0 0.57366 0.604701 2.02337 476919
0 0.573418 0.60701 2.02067 476953
0 0.572999 0.605487 2.02318 476986
0 0.573863 0.605512 2.02154 477019
0 0.57347 0.601692 2.02519 477052
0 0.573754 0.606242 2.01993 477085
0 0.573657 0.603612 2.02339 477118
0 0.573834 0.60541 2.01944 477152
0 0.573697 0.603096 2.02227 477186
0 0.573534 0.60193 2.02486 477220
0 0.573509 0.602959 2.02429 477253
0 0.573828 0.603786 2.0225 477287
0 0.573346 0.603148 2.02091 477321
0 0.57335 0.604699 2.01849 477354
0 0.573228 0.602432 2.02164 477388

