Gesto: 0
0 0.495512 0.343936 1.52163 149583
0 0.496401 0.344481 1.51983 149617
0 0.497996 0.346816 1.51701 149651
0 0.500597 0.346862 1.51622 149684
0 0.502451 0.347516 1.51128 149718
0 0.506564 0.346694 1.50421 149752
0 0.508956 0.345486 1.49773 149786
0 0.510633 0.34489 1.49057 149820
0 0.512943 0.342015 1.48262 149854
0 0.516865 0.33885 1.47518 149888
0 0.518688 0.336294 1.46845 149921
0 0.52139 0.331894 1.46274 149954
0 0.525295 0.327339 1.45602 149988
0 0.52687 0.321809 1.45248 150021
0 0.528472 0.316134 1.44751 150055
0 0.530035 0.310602 1.44457 150088
0 0.531501 0.305538 1.43966 150122
0 0.534136 0.29938 1.43536 150154
0 0.536583 0.29367 1.43053 150187
0 0.5383 0.287653 1.42856 150222
0 0.538941 0.28171 1.42525 150256
0 0.540318 0.2765 1.42161 150289
0 0.540317 0.269931 1.42075 150322
0 0.540999 0.263325 1.41727 150356
0 0.542477 0.257269 1.41512 150390
0 0.541173 0.251372 1.41537 150424
0 0.540322 0.244839 1.41314 150457
0 0.541157 0.239538 1.41167 150490
0 0.539516 0.23455 1.41322 150524
0 0.537155 0.229918 1.4141 150558
0 0.534602 0.22588 1.4141 150592
0 0.53326 0.221235 1.41397 150625
0 0.53169 0.218254 1.41575 150642
0 0.52839 0.215895 1.42005 150693
0 0.527233 0.212818 1.42247 150710
0 0.524978 0.21295 1.42658 150744
0 0.523159 0.213406 1.43032 150778
0 0.521264 0.21345 1.43237 150812
0 0.518329 0.214904 1.43269 150846
0 0.516401 0.217433 1.4357 150880
0 0.514064 0.220841 1.43785 150914
0 0.5119 0.22601 1.43752 150948
0 0.511753 0.230033 1.44062 150981
0 0.511072 0.23616 1.44075 151015
0 0.511585 0.24165 1.44228 151049
0 0.511657 0.246665 1.44146 151083
0 0.511933 0.253413 1.44163 151116
0 0.511779 0.25867 1.43834 151149
0 0.512747 0.265601 1.43642 151182
0 0.512001 0.272271 1.43441 151216
0 0.512859 0.27875 1.43506 151250
0 0.515549 0.287061 1.43505 151284
0 0.516568 0.294243 1.43668 151317
0 0.517827 0.301849 1.43776 151351
0 0.519839 0.309084 1.43852 151385
0 0.521923 0.316254 1.43958 151419
0 0.523632 0.323091 1.43717 151453
0 0.525968 0.329979 1.43781 151488
0 0.527777 0.333866 1.4383 151522
0 0.52894 0.34001 1.43803 151555
0 0.531663 0.345604 1.44024 151589
0 0.533031 0.35006 1.43947 151622
0 0.536015 0.356079 1.43797 151655
0 0.538999 0.362513 1.43959 151689
0 0.541323 0.366248 1.4367 151722
0 0.545174 0.369712 1.43722 151756
0 0.547171 0.372801 1.43745 151790
0 0.550786 0.375862 1.43783 151822
0 0.552718 0.377869 1.43577 151857
0 0.556821 0.379911 1.43454 151891
0 0.559291 0.38117 1.43219 151923
0 0.561533 0.380226 1.42916 151957
0 0.562876 0.379644 1.42448 151988
0 0.564975 0.376836 1.42172 152021
0 0.566885 0.37512 1.41967 152055
0 0.569327 0.371922 1.42069 152087
0 0.568799 0.368639 1.41689 152120
0 0.570798 0.363595 1.4167 152153
0 0.571292 0.359723 1.41403 152186
0 0.570779 0.355858 1.41543 152220
0 0.571506 0.351403 1.41611 152251
0 0.57098 0.347215 1.41434 152284
0 0.569347 0.343998 1.41173 152316
0 0.568411 0.340901 1.41019 152350
0 0.56771 0.338513 1.40943 152384
0 0.565621 0.334643 1.41165 152417
0 0.564395 0.331948 1.41503 152449
0 0.562732 0.330703 1.41604 152481
0 0.560546 0.32914 1.41318 152513
0 0.559276 0.327892 1.41112 152545
0 0.556858 0.328461 1.41276 152577
0 0.555195 0.329835 1.41357 152611
0 0.553858 0.332073 1.4097 152660
0 0.552235 0.333824 1.41018 152692
0 0.551404 0.335137 1.40912 152725
0 0.550755 0.336549 1.41102 152759
0 0.551262 0.340384 1.41224 152791
0 0.552014 0.341385 1.41609 152824
0 0.553001 0.342373 1.41895 152856
0 0.554908 0.343589 1.41928 152888
0 0.556002 0.343981 1.41595 152920

1 0.560172 0.345756 1.41058 155163
1 0.562117 0.345874 1.4135 155195
1 0.563251 0.344982 1.41402 155213
1 0.563458 0.344736 1.41139 155263
1 0.565117 0.345054 1.41175 155297
1 0.566782 0.345487 1.40999 155313
1 0.56935 0.345274 1.40845 155362
1 0.571635 0.344784 1.40867 155396
1 0.574227 0.346244 1.40829 155429
1 0.575907 0.346391 1.40937 155463
1 0.579717 0.348296 1.4074 155496
1 0.582361 0.348771 1.40597 155513
1 0.584782 0.348859 1.40138 155562
1 0.589336 0.34988 1.39944 155595
1 0.592132 0.349584 1.39774 155628
1 0.594158 0.348953 1.39904 155662
1 0.597195 0.347965 1.40007 155694
1 0.600504 0.348001 1.39899 155727
1 0.602578 0.347437 1.3967 155759
1 0.604711 0.345587 1.39686 155793
1 0.607362 0.34322 1.39628 155826
1 0.608897 0.340387 1.39561 155859
1 0.609662 0.337935 1.3969 155891
1 0.609974 0.333506 1.39803 155926
1 0.609914 0.331523 1.39902 155959
1 0.61108 0.32805 1.39977 155991
1 0.611542 0.325814 1.39935 156025
1 0.611406 0.324449 1.39753 156060
1 0.609805 0.322642 1.3974 156093
1 0.608568 0.321184 1.39603 156126
1 0.607 0.320583 1.39664 156160
1 0.605071 0.319158 1.39415 156194
1 0.604439 0.319 1.39446 156227
1 0.602349 0.319049 1.39553 156261
1 0.599789 0.320017 1.39495 156293
1 0.597369 0.321106 1.39395 156326
1 0.596574 0.322564 1.39367 156359
1 0.595482 0.324157 1.39424 156394
1 0.593636 0.327754 1.3934 156427
1 0.592165 0.329547 1.39327 156459
1 0.589854 0.332436 1.39422 156492
1 0.588126 0.336017 1.39241 156524
1 0.586397 0.339999 1.39607 156558
1 0.585145 0.342901 1.39686 156592
1 0.584679 0.344638 1.39977 156626
1 0.584465 0.349697 1.4007 156659
1 0.583368 0.353713 1.4007 156691
1 0.58379 0.357982 1.40293 156724
1 0.583897 0.362888 1.40351 156757
1 0.584584 0.36776 1.4036 156790
1 0.584887 0.373574 1.40495 156824
1 0.585947 0.37836 1.40559 156858
1 0.587921 0.380787 1.40605 156891
1 0.591365 0.385851 1.40679 156925
1 0.59221 0.389252 1.40808 156958
1 0.59416 0.392201 1.4079 156992
1 0.595704 0.394284 1.40741 157024
1 0.59751 0.395 1.41042 157057
1 0.599044 0.39556 1.41038 157089

2 0.621552 0.380023 1.42728 158097
2 0.62158 0.378906 1.4266 158130
2 0.62256 0.377755 1.42597 158164
2 0.623037 0.378928 1.42479 158198
2 0.623437 0.377776 1.4261 158232
2 0.62382 0.378469 1.4256 158249
2 0.625406 0.379832 1.42651 158300
2 0.626739 0.378999 1.42801 158317
2 0.62913 0.379181 1.43025 158351
2 0.631314 0.379452 1.43307 158385
2 0.63393 0.380788 1.43386 158418
2 0.635591 0.382144 1.43592 158452
2 0.637484 0.383987 1.4359 158486
2 0.640548 0.385659 1.43703 158520
2 0.642903 0.387772 1.43962 158554
2 0.644985 0.389609 1.4413 158586
2 0.646674 0.392404 1.4407 158620
2 0.650519 0.392773 1.44374 158654
2 0.652407 0.392877 1.44474 158688
2 0.652588 0.393555 1.44405 158721

3 0.69555 0.402946 1.46895 160194
3 0.695444 0.402331 1.46847 160227
3 0.694697 0.400014 1.46934 160260
3 0.694111 0.398722 1.46961 160293
3 0.692027 0.3964 1.46795 160326
3 0.691197 0.396179 1.46699 160359
3 0.688628 0.393905 1.46588 160393
3 0.688331 0.394253 1.46589 160426
3 0.68664 0.394368 1.4655 160459
3 0.684671 0.395288 1.4654 160493
3 0.683696 0.396355 1.46539 160525
3 0.682928 0.397193 1.46504 160558
3 0.681168 0.397625 1.46434 160592
3 0.679398 0.400174 1.46429 160626
3 0.678463 0.402319 1.46409 160660
3 0.676891 0.403774 1.46323 160694
3 0.674831 0.405923 1.46404 160729
3 0.67347 0.406876 1.46511 160762
3 0.672428 0.407502 1.46575 160797
3 0.670412 0.40911 1.46505 160830
3 0.668127 0.412658 1.46625 160864
3 0.666584 0.415649 1.46633 160898
3 0.665582 0.417567 1.46664 160932
3 0.663922 0.420311 1.46859 160966
3 0.662886 0.422388 1.4703 160998
3 0.661555 0.42572 1.4731 161032
3 0.660545 0.427791 1.47498 161066
3 0.660955 0.431031 1.47493 161099
3 0.661908 0.43306 1.4748 161132
3 0.662872 0.433968 1.47643 161165
3 0.662894 0.435188 1.47779 161199
3 0.663593 0.435624 1.47731 161233
3 0.66481 0.438549 1.47358 161266
3 0.667088 0.441103 1.47604 161299
3 0.668975 0.440664 1.47777 161333
3 0.671076 0.438206 1.47671 161366
3 0.673349 0.439956 1.47798 161399
3 0.673845 0.439478 1.47871 161432
3 0.675412 0.441102 1.47631 161466
3 0.675974 0.439804 1.47879 161499
3 0.678827 0.437997 1.48108 161533
3 0.680979 0.436607 1.48006 161567
3 0.682998 0.434682 1.47813 161601
3 0.684692 0.432586 1.47906 161634
3 0.686807 0.431566 1.47899 161651
3 0.687959 0.42878 1.47959 161701
3 0.689336 0.42758 1.47937 161734
3 0.690954 0.426063 1.47839 161751
3 0.693464 0.422634 1.47683 161801
3 0.694728 0.420834 1.4724 161835
3 0.696943 0.418618 1.47269 161853
3 0.69928 0.415302 1.47196 161903
3 0.701179 0.413214 1.46893 161920
3 0.702828 0.408845 1.46669 161954
3 0.703887 0.405303 1.46725 162005
3 0.705887 0.402201 1.46568 162021
3 0.708519 0.398051 1.46427 162055
3 0.70978 0.391811 1.46107 162088
3 0.711511 0.386657 1.45997 162122
3 0.712553 0.381299 1.45818 162156
3 0.715535 0.375656 1.4577 162189
3 0.71853 0.37052 1.45493 162223
3 0.720137 0.365861 1.45344 162256
3 0.721092 0.359958 1.45232 162290
3 0.722158 0.354692 1.45363 162323
3 0.722545 0.348471 1.45366 162356
3 0.722907 0.344293 1.4527 162389
3 0.72498 0.339368 1.45113 162421
3 0.725249 0.334667 1.45396 162471
3 0.726387 0.331727 1.45432 162488
3 0.727762 0.330232 1.4536 162522
3 0.727959 0.329095 1.45401 162555
3 0.728562 0.328363 1.45627 162588
3 0.725893 0.328434 1.45172 162622
3 0.724852 0.330544 1.45356 162656
3 0.723682 0.333915 1.45233 162689
3 0.723016 0.336985 1.45066 162722
3 0.721936 0.340622 1.45177 162754
3 0.7209 0.34781 1.45231 162786
3 0.720312 0.351999 1.4534 162819
3 0.718271 0.356939 1.45473 162868
3 0.715485 0.36233 1.45494 162902
3 0.712525 0.367406 1.45378 162918
3 0.711549 0.371162 1.45478 162966
3 0.709031 0.377476 1.45426 162998
3 0.70706 0.382325 1.4503 163032
3 0.705215 0.386386 1.45138 163064
3 0.702444 0.391471 1.4505 163096
3 0.700418 0.395352 1.44888 163131
3 0.69761 0.40161 1.45024 163164
3 0.695607 0.407757 1.44984 163196
3 0.693988 0.411955 1.45201 163230
3 0.692531 0.415349 1.45311 163264
3 0.690026 0.419815 1.45473 163299
3 0.688375 0.425137 1.45674 163330
3 0.687288 0.428075 1.45828 163362
3 0.685975 0.433424 1.45749 163394
3 0.68525 0.437966 1.45687 163427
3 0.685096 0.440934 1.46041 163461
3 0.684533 0.443034 1.4636 163494
3 0.684626 0.44469 1.46683 163527

4 0.733911 0.44546 1.52307 164933
4 0.732736 0.445796 1.52359 164968
4 0.730652 0.444398 1.52478 165001
4 0.728317 0.442004 1.52399 165034
4 0.724755 0.440331 1.52277 165068
4 0.722246 0.439234 1.51873 165102
4 0.721398 0.439443 1.51495 165136
4 0.720066 0.439247 1.51085 165170
4 0.718002 0.43826 1.5091 165203
4 0.716057 0.437706 1.50874 165237
4 0.713161 0.438572 1.50579 165269
4 0.711098 0.440589 1.50226 165302
4 0.709254 0.44036 1.50118 165335
4 0.706391 0.441293 1.49791 165369
4 0.704268 0.44301 1.49632 165402
4 0.701691 0.44446 1.4945 165435
4 0.699832 0.445449 1.49221 165469
4 0.697474 0.44829 1.49186 165503
4 0.694775 0.453086 1.49218 165537
4 0.692052 0.455151 1.49418 165554
4 0.690422 0.456296 1.49694 165605
4 0.688406 0.461026 1.49835 165638
4 0.687389 0.46411 1.50161 165655
4 0.68545 0.467225 1.50039 165690
4 0.682651 0.469893 1.50175 165722
4 0.68174 0.473861 1.50139 165772
4 0.681383 0.478197 1.5056 165805
4 0.681407 0.481575 1.5082 165838
4 0.682449 0.486161 1.51272 165871
4 0.683422 0.489507 1.51517 165906
4 0.686483 0.491924 1.51808 165922
4 0.688411 0.491511 1.51959 165973
4 0.690835 0.493825 1.52252 165990
4 0.693063 0.494067 1.52599 166024
4 0.696633 0.494029 1.52951 166073
4 0.698694 0.491907 1.52996 166090
4 0.701673 0.490493 1.53483 166123
4 0.703698 0.487528 1.53552 166157
4 0.707239 0.484476 1.53442 166191
4 0.709891 0.482202 1.5335 166225
4 0.712162 0.477715 1.53293 166259
4 0.7133 0.474403 1.53262 166292
4 0.716813 0.471551 1.53076 166326
4 0.719373 0.46995 1.5324 166361
4 0.721936 0.468742 1.52914 166395
4 0.7255 0.463966 1.52993 166429
4 0.725558 0.460513 1.52998 166462
4 0.727365 0.458055 1.52904 166496
4 0.729471 0.453831 1.52873 166528
4 0.730215 0.450829 1.523 166561
4 0.731025 0.449303 1.52136 166595
4 0.730027 0.44738 1.52124 166626
4 0.72705 0.446131 1.51966 166658
4 0.727588 0.445758 1.51578 166692
4 0.725325 0.445883 1.5122 166725
4 0.723885 0.445308 1.51128 166757
4 0.721877 0.443647 1.51313 166791
4 0.720353 0.442842 1.51266 166824
4 0.719298 0.444922 1.51213 166874
4 0.715829 0.445182 1.51213 166889
4 0.713851 0.445525 1.51145 166921
4 0.711656 0.446976 1.50919 166971
4 0.710306 0.447837 1.50962 167003
4 0.708843 0.450542 1.50849 167035
4 0.70836 0.45282 1.50811 167068
4 0.707145 0.455206 1.51087 167101
4 0.706294 0.457149 1.5127 167135
4 0.704838 0.462037 1.51315 167168
4 0.706359 0.467503 1.51387 167202
4 0.706376 0.470368 1.51591 167237
4 0.708312 0.472977 1.51878 167269
4 0.709614 0.476557 1.5217 167301
4 0.710996 0.47854 1.526 167335
4 0.712263 0.477641 1.5304 167368
4 0.714316 0.479672 1.5349 167402
4 0.718573 0.479613 1.53816 167436
4 0.721568 0.479579 1.54281 167470
4 0.72341 0.479594 1.54615 167504
4 0.724715 0.481326 1.54574 167537
4 0.727995 0.478336 1.54839 167570
4 0.728224 0.476082 1.54893 167603
4 0.729047 0.476778 1.55148 167635
4 0.730444 0.474799 1.55213 167670
4 0.731116 0.473126 1.55117 167704
4 0.73162 0.473082 1.5507 167737
4 0.732504 0.473008 1.55425 167771
4 0.733311 0.472473 1.55561 167805
4 0.735199 0.47336 1.55617 167837
4 0.736214 0.474455 1.55294 167871
4 0.736877 0.475396 1.55005 167905
4 0.735873 0.474546 1.55364 167938
4 0.736114 0.47638 1.55432 167971
4 0.734043 0.478178 1.5559 168005
4 0.732574 0.480193 1.55916 168038
4 0.731151 0.481731 1.56252 168071
4 0.729879 0.485247 1.56462 168104
4 0.728717 0.491131 1.56289 168137
4 0.728315 0.493486 1.56387 168169
4 0.725021 0.49723 1.56677 168202
4 0.722653 0.499826 1.56971 168237
4 0.721462 0.50473 1.56941 168269

5 0.722547 0.498869 1.60168 169999
5 0.72226 0.501292 1.59886 170031
5 0.722846 0.501934 1.6002 170065
5 0.723413 0.501999 1.60123 170098
5 0.724212 0.501871 1.60454 170131
5 0.724839 0.501789 1.60639 170165
5 0.727288 0.501647 1.61081 170198
5 0.729867 0.499938 1.61166 170232
5 0.732382 0.500777 1.61142 170266
5 0.734581 0.500705 1.60867 170300
5 0.736425 0.500287 1.61042 170334
5 0.73818 0.498722 1.61205 170368
5 0.739353 0.497993 1.61488 170401
5 0.740211 0.497469 1.61913 170434
5 0.742588 0.497494 1.62124 170468
5 0.742943 0.497465 1.62706 170502
5 0.744813 0.497551 1.63046 170536
5 0.746102 0.497843 1.63241 170569
5 0.74683 0.497994 1.63364 170602
5 0.747636 0.498073 1.63712 170636
5 0.744852 0.499681 1.63843 170669
5 0.743352 0.50126 1.63993 170703
5 0.742078 0.503388 1.64183 170736
5 0.74117 0.506716 1.64438 170768
5 0.739542 0.51023 1.64428 170801
5 0.738696 0.512019 1.64437 170834
5 0.737065 0.514867 1.64452 170867
5 0.733719 0.517976 1.64447 170899
5 0.731599 0.519411 1.64511 170932
5 0.730261 0.520105 1.64435 170965
5 0.729739 0.522697 1.64772 170998
5 0.729277 0.524103 1.64822 171031
5 0.728948 0.52856 1.64309 171064
5 0.729477 0.531287 1.6423 171097
5 0.728065 0.53194 1.64502 171130
5 0.729084 0.532678 1.64622 171165
5 0.728243 0.531359 1.64589 171198
5 0.72857 0.52873 1.64679 171231
5 0.730224 0.527528 1.64555 171262
5 0.730068 0.524413 1.64563 171294
5 0.733371 0.520609 1.64743 171343
5 0.735994 0.517286 1.64879 171376
5 0.738938 0.517602 1.64927 171392
5 0.742087 0.515253 1.65257 171440
5 0.744582 0.51386 1.65752 171475
5 0.746207 0.513265 1.66215 171508
5 0.74686 0.513066 1.66303 171542
5 0.748237 0.511799 1.66806 171576
5 0.749531 0.511084 1.67375 171592
5 0.749742 0.50705 1.67651 171642
5 0.752136 0.508828 1.68129 171676
5 0.752376 0.511236 1.68682 171692
5 0.752382 0.512358 1.69042 171744
5 0.7523 0.51298 1.69442 171760
5 0.75266 0.51462 1.69941 171810
5 0.752395 0.517467 1.70087 171845
5 0.751649 0.519632 1.70439 171861
5 0.751443 0.520832 1.70732 171912
5 0.751686 0.526915 1.71152 171929
5 0.749942 0.530466 1.71354 171962
5 0.747148 0.532835 1.71596 172013
5 0.744177 0.535606 1.71933 172030
5 0.744129 0.541759 1.72509 172064
5 0.744005 0.547312 1.7296 172099
5 0.739587 0.549949 1.73154 172134
5 0.736771 0.552151 1.73502 172168
5 0.73392 0.556276 1.73722 172200
5 0.732475 0.558564 1.7382 172233
5 0.730981 0.561845 1.74373 172266
5 0.729694 0.56484 1.74807 172300

