Gesto: 0
0 0.6366 0.364492 2.23144 1212
0 0.573019 0.508716 2.37304 271427
0 0.574083 0.509888 2.37098 271510
0 0.556635 0.171802 2.18839 290198
0 0.561577 0.16943 2.1877 290280
0 0.567029 0.174436 2.19936 290363
0 0.574747 0.175796 2.20027 290430
0 0.580052 0.175756 2.19317 290511
0 0.582592 0.179643 2.19289 290579
0 0.586151 0.182028 2.19422 290662
0 0.588081 0.185679 2.19184 290730
0 0.588781 0.190378 2.18824 290814
0 0.588719 0.197987 2.18987 290881
0 0.586793 0.203017 2.18707 290948
0 0.585784 0.208036 2.18544 291033
0 0.583424 0.210379 2.17824 291100
0 0.582747 0.212078 2.17802 291185
0 0.578272 0.218265 2.1821 291253
0 0.574811 0.221695 2.18547 291336
0 0.572037 0.222987 2.18835 291405
0 0.5682 0.223789 2.18502 291487
0 0.563683 0.218599 2.18777 291554
0 0.558444 0.213761 2.1853 291622
0 0.554477 0.211724 2.18842 291705
0 0.551583 0.209676 2.1914 291771
0 0.549937 0.208301 2.19547 291856
0 0.54841 0.205839 2.19789 291923
0 0.547956 0.19903 2.18842 292007
0 0.550169 0.195997 2.19 292075
0 0.551574 0.192177 2.19589 292157
0 0.548909 0.189125 2.19511 292224
0 0.551253 0.186197 2.2068 292307
0 0.553938 0.181421 2.19647 292374
0 0.555527 0.177834 2.19041 292458
0 0.556372 0.17336 2.18811 292525
0 0.55703 0.171154 2.1925 292610
0 0.562708 0.170619 2.19645 292678
0 0.566362 0.171269 2.18865 292746
0 0.568606 0.170489 2.19444 292830
0 0.570256 0.176364 2.20139 292897
0 0.572733 0.181043 2.20945 292981
0 0.575098 0.183809 2.21001 293049
0 0.576912 0.185333 2.20325 293134
0 0.577334 0.186876 2.19647 293201
0 0.57901 0.190131 2.19148 293285
0 0.576451 0.197701 2.19701 293352
0 0.576647 0.20376 2.19489 293437
0 0.577175 0.207798 2.2025 293504
0 0.574103 0.211435 2.20167 293572
0 0.571934 0.211519 2.19813 293656
0 0.568406 0.212844 2.19895 293725

