Gesto: 0
0 0.611189 0.227933 1.2979 122529
0 0.612463 0.221793 1.30074 122579
0 0.613687 0.216911 1.30459 122645
0 0.614933 0.21127 1.30982 122695
0 0.616818 0.207248 1.31344 122745
0 0.61808 0.204144 1.31896 122796
0 0.620688 0.200415 1.32314 122846
0 0.623184 0.197785 1.32786 122895
0 0.626126 0.196968 1.33464 122943
0 0.629648 0.195961 1.34108 123010
0 0.632302 0.193996 1.34436 123058
0 0.635759 0.193943 1.34751 123109
0 0.639777 0.194836 1.3489 123161
0 0.642814 0.195647 1.35095 123210
0 0.645754 0.199395 1.35511 123260
0 0.648188 0.203027 1.35621 123310
0 0.651536 0.207978 1.35639 123377
0 0.654936 0.212774 1.35731 123428
0 0.658376 0.219148 1.3578 123478
0 0.661505 0.223635 1.35735 123528
0 0.664294 0.228412 1.35393 123577
0 0.666576 0.234495 1.35111 123627
0 0.666569 0.242176 1.34927 123693
0 0.667132 0.25005 1.34695 123742
0 0.666955 0.256765 1.34459 123793
0 0.665329 0.262753 1.3391 123844
0 0.664282 0.267982 1.33681 123894
0 0.662936 0.272604 1.33315 123945
0 0.661665 0.278491 1.33126 123996
0 0.659581 0.284517 1.33042 124046
0 0.655565 0.28952 1.32764 124112
0 0.651905 0.294271 1.32417 124161
0 0.646899 0.295604 1.31925 124212
0 0.643109 0.297587 1.31512 124262
0 0.638943 0.299022 1.31127 124313
0 0.634567 0.298826 1.30851 124363
0 0.630302 0.297464 1.30724 124414
0 0.626373 0.296997 1.30477 124479
0 0.623057 0.294266 1.30081 124530
0 0.618723 0.291425 1.29754 124581
0 0.614644 0.290203 1.29912 124630
0 0.61143 0.287941 1.30088 124681
0 0.609282 0.284022 1.29951 124732
0 0.606966 0.279615 1.29869 124783
0 0.606314 0.275647 1.29939 124834
0 0.606059 0.271567 1.29903 124900
0 0.607018 0.266628 1.29998 124950
0 0.607967 0.2617 1.29836 125001
0 0.609171 0.257949 1.29819 125051
0 0.610539 0.254581 1.2991 125102
0 0.612763 0.25232 1.30221 125151
0 0.615636 0.250016 1.30306 125201
0 0.617263 0.246657 1.30567 125252
0 0.61937 0.244791 1.30798 125318
0 0.620627 0.243685 1.30987 125369
0 0.621341 0.243075 1.31198 125419
0 0.622205 0.241355 1.315 125469
0 0.621785 0.241335 1.3174 125521
0 0.621746 0.241188 1.32064 125570
0 0.622536 0.240462 1.32318 125621
0 0.623495 0.238703 1.32299 125672
0 0.625298 0.237774 1.32201 125722
0 0.625871 0.238374 1.32442 125790
0 0.627345 0.240188 1.32447 125840

