Gesto: 1
0 0.336317 0.464781 1.66248 53960
0 0.336347 0.464709 1.66147 53993
0 0.336086 0.464435 1.66255 54026
0 0.336131 0.464434 1.66286 54059
0 0.335856 0.464534 1.66411 54109
0 0.334933 0.465444 1.66819 54125
0 0.332298 0.466262 1.67019 54158
0 0.330513 0.467068 1.67074 54208
0 0.328043 0.464827 1.67099 54225
0 0.326317 0.463484 1.6732 54259
0 0.325267 0.46265 1.6742 54292
0 0.321833 0.457795 1.67359 54325
0 0.318318 0.452627 1.67177 54358
0 0.316026 0.449557 1.6707 54406
0 0.312734 0.444938 1.66497 54440
0 0.309025 0.438509 1.66046 54457
0 0.306765 0.433514 1.66051 54508
0 0.305825 0.426138 1.65789 54525
0 0.303638 0.416151 1.65321 54557
0 0.300289 0.409286 1.64474 54608
0 0.298456 0.399544 1.63861 54641
0 0.297359 0.388683 1.63223 54658
0 0.297501 0.381418 1.62729 54708
0 0.298337 0.371915 1.62005 54724
0 0.298791 0.361109 1.61258 54758
0 0.299142 0.350418 1.60371 54806
0 0.300879 0.341768 1.59802 54840
0 0.304017 0.332983 1.59103 54873
0 0.307225 0.323089 1.57899 54907
0 0.311116 0.316489 1.57307 54940
0 0.319022 0.309208 1.56857 54956
0 0.323583 0.303373 1.56288 55006
0 0.330736 0.299688 1.55834 55040
0 0.337218 0.294477 1.55124 55073
0 0.344214 0.28974 1.54553 55106
0 0.351412 0.28812 1.53933 55139
0 0.357469 0.284043 1.53133 55172
0 0.364481 0.281646 1.52807 55206
0 0.369628 0.282812 1.52446 55239
0 0.376359 0.281895 1.52195 55273
0 0.381224 0.282173 1.51371 55308
0 0.386582 0.284624 1.51169 55341
0 0.390711 0.286673 1.51015 55374
0 0.39377 0.29293 1.50789 55408
0 0.398172 0.29788 1.50565 55441
0 0.401738 0.302779 1.50411 55475
0 0.404836 0.309299 1.50575 55492
0 0.405954 0.317831 1.50619 55526
0 0.407709 0.32457 1.50541 55576
0 0.407327 0.332368 1.50433 55593
0 0.407858 0.338689 1.50485 55627
0 0.407292 0.34654 1.50456 55660
0 0.408066 0.352086 1.50565 55694
0 0.406509 0.359405 1.50564 55727
0 0.405287 0.366147 1.51046 55761
0 0.402212 0.373988 1.51376 55795
0 0.39978 0.379598 1.51681 55829
0 0.399003 0.384971 1.51969 55863
0 0.397025 0.389953 1.52202 55897
0 0.394891 0.392984 1.52403 55931
0 0.392622 0.397547 1.52814 55965
0 0.391136 0.401432 1.53121 55998
0 0.389346 0.40456 1.53396 56032
0 0.385265 0.406547 1.53437 56066
0 0.382862 0.40799 1.53601 56100
0 0.378899 0.409982 1.53884 56135
0 0.375934 0.411399 1.54115 56168
0 0.37421 0.412786 1.54326 56202
0 0.372967 0.414584 1.5449 56234
0 0.371357 0.416241 1.54459 56268
0 0.368375 0.416189 1.54335 56300
0 0.365563 0.41677 1.54414 56333
0 0.363553 0.418625 1.5447 56366
0 0.361276 0.420039 1.54704 56398
0 0.360416 0.421747 1.54534 56431
0 0.359658 0.422205 1.54485 56464
0 0.358401 0.423673 1.5451 56496
0 0.35807 0.42622 1.5505 56529
0 0.355971 0.427717 1.54903 56562
0 0.354375 0.428848 1.54683 56595
0 0.35247 0.429953 1.54869 56628
0 0.350627 0.432198 1.55216 56660
0 0.349291 0.435469 1.55606 56694
0 0.349424 0.438099 1.55832 56744
0 0.348284 0.440007 1.56265 56761
0 0.347464 0.441446 1.56303 56793
0 0.346294 0.444142 1.56383 56842
0 0.343651 0.448081 1.56495 56877
0 0.342234 0.450346 1.56455 56892
0 0.341358 0.450807 1.56502 56943
0 0.340263 0.452726 1.56742 56976
0 0.339682 0.454017 1.56909 56994
0 0.339516 0.454766 1.56747 57042
0 0.338017 0.456343 1.56795 57076
0 0.338497 0.456335 1.56955 57092
0 0.337524 0.458639 1.57059 57142
0 0.336528 0.460334 1.57174 57160
0 0.336207 0.46114 1.57405 57193
0 0.336336 0.461476 1.57473 57243
0 0.33793 0.463117 1.57824 57275
0 0.338965 0.463819 1.5787 57292

1 0.452195 0.295241 1.48008 59863
1 0.452776 0.296904 1.4811 59898
1 0.453561 0.297135 1.48038 59931
1 0.453914 0.301407 1.48154 59965
1 0.454499 0.302603 1.48292 59999
1 0.454452 0.30531 1.48127 60032
1 0.454437 0.307297 1.4781 60065
1 0.454828 0.31021 1.47736 60099
1 0.453519 0.314338 1.47729 60133
1 0.453972 0.317903 1.47662 60166
1 0.454119 0.320451 1.47575 60200
1 0.4544 0.32627 1.4786 60234
1 0.454262 0.330494 1.47724 60268
1 0.455241 0.33329 1.47679 60303
1 0.454911 0.339422 1.47745 60334
1 0.453973 0.343723 1.47764 60368
1 0.454485 0.347072 1.47524 60402
1 0.45608 0.350381 1.47106 60437
1 0.455293 0.355556 1.471 60469
1 0.45619 0.359386 1.46609 60503
1 0.455686 0.366066 1.47043 60537
1 0.455672 0.371407 1.47545 60571
1 0.454813 0.378805 1.47855 60605
1 0.454492 0.383487 1.48058 60638
1 0.454841 0.387326 1.48261 60672
1 0.454679 0.39354 1.48183 60706
1 0.454406 0.39739 1.48387 60740
1 0.455547 0.401807 1.48692 60773
1 0.455913 0.405999 1.48696 60807
1 0.455431 0.410146 1.48858 60841
1 0.455849 0.414079 1.49096 60875
1 0.455639 0.416959 1.49239 60908
1 0.456981 0.420031 1.48969 60942
1 0.456584 0.423718 1.49458 60976
1 0.456304 0.427244 1.49669 61008
1 0.456395 0.430066 1.49752 61042
1 0.455628 0.434821 1.49742 61075
1 0.455315 0.438554 1.50132 61108
1 0.455753 0.44126 1.50161 61141
1 0.456001 0.442744 1.50253 61174
1 0.455831 0.443229 1.49972 61208
1 0.455853 0.443076 1.49914 61241
1 0.456058 0.443076 1.49811 61274
1 0.456264 0.443179 1.49794 61307
1 0.456493 0.443505 1.49837 61339
1 0.456385 0.444203 1.50039 61373
1 0.457125 0.44466 1.50075 61406
1 0.456215 0.44399 1.49991 61439
1 0.456179 0.443429 1.50093 61473
1 0.456165 0.443407 1.50163 61507
1 0.456712 0.443921 1.50175 61540
1 0.456668 0.444354 1.50452 61573

2 0.576076 0.438453 1.66086 86431
2 0.577642 0.438699 1.66098 86464
2 0.57853 0.438866 1.66188 86498
2 0.579068 0.437924 1.66122 86532
2 0.57974 0.43635 1.65856 86564
2 0.57965 0.434888 1.65203 86597
2 0.580613 0.431223 1.65198 86631
2 0.581595 0.428198 1.65218 86664
2 0.582084 0.426623 1.65181 86697
2 0.585085 0.42448 1.64963 86731
2 0.58556 0.423223 1.6541 86765
2 0.588142 0.422073 1.6533 86799
2 0.590068 0.421537 1.65622 86833
2 0.590771 0.418414 1.65035 86867
2 0.590203 0.413781 1.64615 86883
2 0.589757 0.410941 1.64164 86933
2 0.589696 0.409346 1.64169 86967
2 0.591202 0.406847 1.63942 86984
2 0.592135 0.402671 1.63707 87036
2 0.592235 0.399887 1.63522 87052
2 0.591752 0.39419 1.63128 87086
2 0.590369 0.392904 1.62511 87119
2 0.589079 0.388175 1.62023 87152
2 0.585075 0.385688 1.61539 87185
2 0.582614 0.381372 1.61151 87233
2 0.581369 0.379655 1.6075 87266
2 0.583588 0.378177 1.60994 87283
2 0.582015 0.374071 1.60486 87333
2 0.580326 0.371757 1.60126 87366
2 0.579179 0.37066 1.59847 87383
2 0.57679 0.368506 1.59368 87433
2 0.574976 0.367199 1.5915 87465
2 0.573693 0.365472 1.58985 87499
2 0.570011 0.364198 1.58372 87532
2 0.567193 0.36362 1.57895 87565
2 0.565236 0.3622 1.57633 87599
2 0.562455 0.362125 1.57411 87632
2 0.558308 0.361757 1.56757 87665
2 0.555381 0.361468 1.56685 87698
2 0.553823 0.362147 1.56514 87732
2 0.551849 0.364144 1.56383 87766
2 0.548697 0.366383 1.5601 87801
2 0.546803 0.367726 1.55971 87834
2 0.544811 0.369928 1.55808 87851
2 0.541974 0.371728 1.55448 87901
2 0.53729 0.372738 1.55286 87919
2 0.534266 0.376648 1.55131 87952
2 0.531476 0.380399 1.55172 88002
2 0.527899 0.38231 1.55124 88019
2 0.526771 0.388485 1.54782 88053
2 0.525178 0.393348 1.54604 88103
2 0.523264 0.397588 1.5451 88120
2 0.521919 0.401204 1.54519 88154
2 0.521115 0.407661 1.54801 88187
2 0.520962 0.411815 1.54877 88220
2 0.520893 0.417251 1.54873 88253
2 0.521158 0.423882 1.55255 88303
2 0.521088 0.426993 1.55546 88319
2 0.521217 0.43101 1.55805 88353
2 0.523927 0.436456 1.55968 88386
2 0.527203 0.441373 1.56159 88420
2 0.529441 0.44396 1.56458 88454
2 0.530157 0.446342 1.56716 88488
2 0.533127 0.449846 1.57192 88521
2 0.535029 0.451495 1.57396 88555
2 0.536782 0.453688 1.57608 88589
2 0.539062 0.455915 1.57667 88623
2 0.540519 0.456822 1.57917 88657
2 0.544294 0.456363 1.58148 88691
2 0.54693 0.454815 1.58183 88725
2 0.548815 0.454461 1.57943 88759
2 0.551431 0.452563 1.58048 88793
2 0.553035 0.451646 1.57969 88827
2 0.556058 0.451053 1.58224 88861
2 0.558235 0.449363 1.58323 88896
2 0.560704 0.44841 1.58218 88928
2 0.562544 0.447282 1.57955 88961
2 0.56382 0.445618 1.57927 88995
2 0.567061 0.44433 1.58354 89029
2 0.567004 0.444284 1.58232 89063
2 0.568941 0.443736 1.58437 89097
2 0.570835 0.442429 1.58555 89130
2 0.57171 0.440646 1.58434 89163
2 0.572127 0.439611 1.58447 89198
2 0.573803 0.437362 1.5827 89231
2 0.575115 0.436139 1.58134 89265
2 0.575887 0.436747 1.58498 89299
2 0.576118 0.435965 1.58648 89333
2 0.576453 0.433872 1.58556 89366
2 0.577568 0.430288 1.58423 89399
2 0.577504 0.429708 1.58531 89432
2 0.577321 0.429428 1.58628 89465
2 0.577244 0.429247 1.58726 89498

3 0.554221 0.357682 1.52712 91406
3 0.554079 0.357606 1.52707 91424
3 0.55357 0.357164 1.52709 91457
3 0.554432 0.357138 1.5271 91491
3 0.552799 0.35505 1.52541 91525
3 0.551326 0.353517 1.52588 91558
3 0.550435 0.350252 1.52382 91591
3 0.550108 0.348522 1.52174 91624
3 0.54909 0.346397 1.51994 91658
3 0.549809 0.344165 1.51918 91692
3 0.548265 0.342984 1.51783 91726
3 0.544472 0.339684 1.51507 91760
3 0.541725 0.337848 1.51386 91794
3 0.539909 0.335926 1.51367 91826
3 0.537989 0.334149 1.51102 91859
3 0.537051 0.332446 1.51077 91894
3 0.53462 0.331339 1.50899 91927
3 0.532502 0.329865 1.50667 91960
3 0.531208 0.327917 1.50374 91994
3 0.529054 0.329377 1.50299 92027
3 0.527139 0.32942 1.50152 92060
3 0.524068 0.328972 1.49979 92094
3 0.520454 0.329244 1.49844 92126
3 0.517443 0.329179 1.50027 92160
3 0.513776 0.329054 1.49953 92194
3 0.511371 0.329509 1.49663 92227
3 0.508941 0.331042 1.49662 92260
3 0.504878 0.333357 1.49847 92292
3 0.502223 0.337075 1.49905 92326
3 0.500631 0.339559 1.49828 92357
3 0.498389 0.342248 1.49843 92391
3 0.497003 0.344461 1.49796 92424
3 0.495766 0.348429 1.49883 92458
3 0.493699 0.351362 1.50061 92491
3 0.492497 0.354959 1.50148 92524
3 0.49431 0.358781 1.50049 92557
3 0.495008 0.364534 1.49992 92590
3 0.495149 0.367156 1.49865 92622
3 0.495659 0.370313 1.50036 92672
3 0.496973 0.375124 1.50154 92689
3 0.497901 0.376999 1.50134 92722
3 0.499014 0.380181 1.50272 92773
3 0.501909 0.3835 1.50284 92790
3 0.503614 0.384813 1.50417 92825
3 0.505691 0.386876 1.5052 92858
3 0.507059 0.39014 1.50659 92891
3 0.507795 0.39253 1.50672 92925
3 0.50845 0.393844 1.50688 92959
3 0.512166 0.39444 1.50472 92993
3 0.515175 0.396214 1.50791 93027
3 0.517171 0.39698 1.50777 93059
3 0.518406 0.397316 1.50731 93093
3 0.519348 0.397492 1.50667 93127
3 0.519952 0.397438 1.50713 93161
3 0.520071 0.396615 1.50693 93194
3 0.520063 0.396908 1.50743 93227
3 0.521692 0.397542 1.50858 93261
3 0.523063 0.397816 1.50977 93294
3 0.521947 0.397426 1.50755 93327
3 0.522813 0.39794 1.5072 93360
3 0.521844 0.397398 1.50795 93393

4 0.517513 0.397851 1.51008 93892
4 0.516112 0.397924 1.50905 93943
4 0.514792 0.397036 1.50776 93960
4 0.511885 0.395851 1.50628 93994
4 0.510096 0.393876 1.50526 94028
4 0.51034 0.39037 1.50235 94062
4 0.509434 0.389366 1.50181 94095
4 0.507852 0.387884 1.50092 94127
4 0.505179 0.387356 1.50007 94159
4 0.501354 0.386734 1.49921 94192
4 0.498236 0.385529 1.49932 94226
4 0.494444 0.384262 1.49824 94260
4 0.492134 0.383962 1.49795 94293
4 0.489404 0.384901 1.4981 94326
4 0.486969 0.385527 1.50056 94358
4 0.482426 0.387027 1.50237 94390
4 0.479295 0.387966 1.50284 94425
4 0.476907 0.389901 1.50436 94458
4 0.473383 0.393197 1.50508 94490
4 0.471356 0.395322 1.50627 94539
4 0.469675 0.39936 1.50861 94572
4 0.469554 0.404792 1.51062 94605
4 0.467996 0.408849 1.51445 94638
4 0.46675 0.412089 1.51983 94671
4 0.467447 0.41757 1.5241 94705
4 0.468229 0.422585 1.52866 94738
4 0.468646 0.425842 1.53211 94771
4 0.470602 0.430268 1.53164 94805
4 0.472152 0.434842 1.53416 94839
4 0.473177 0.437875 1.5351 94872
4 0.476145 0.440024 1.53565 94905
4 0.479509 0.444122 1.53703 94938
4 0.481906 0.448958 1.53836 94971
4 0.484314 0.451391 1.54153 95003
4 0.48666 0.453883 1.54276 95035
4 0.487372 0.45651 1.54632 95067
4 0.491944 0.459495 1.54578 95101
4 0.495311 0.462841 1.54506 95135
4 0.499258 0.465365 1.54584 95169
4 0.501848 0.466458 1.54556 95202
4 0.50479 0.46589 1.54425 95236
4 0.506753 0.465842 1.54276 95268
4 0.51028 0.466211 1.54182 95302
4 0.514024 0.465793 1.54091 95336
4 0.516377 0.464919 1.54074 95370
4 0.516053 0.463293 1.5405 95404
4 0.517299 0.462797 1.53876 95438
4 0.518517 0.462597 1.53737 95471
4 0.519078 0.46048 1.53539 95505
4 0.519127 0.459143 1.53624 95539
4 0.522142 0.457849 1.53556 95571
4 0.524073 0.457048 1.53408 95606
4 0.525435 0.456551 1.53252 95640
4 0.526152 0.456079 1.53125 95657
4 0.526103 0.455011 1.52959 95708
4 0.527567 0.453277 1.5283 95725
4 0.528904 0.452266 1.52684 95759
4 0.529236 0.45127 1.52627 95793
4 0.529322 0.450719 1.52517 95827
4 0.529634 0.450079 1.52439 95861
4 0.529552 0.4498 1.52665 95896
4 0.529224 0.449308 1.52718 95929
4 0.52929 0.449376 1.52725 95962
4 0.529404 0.449412 1.52771 95995
4 0.529026 0.449372 1.52855 96028
4 0.529028 0.449139 1.52699 96063
4 0.529488 0.449015 1.52545 96096
4 0.530016 0.448992 1.52645 96131

5 0.533453 0.454994 1.53052 98707
5 0.533968 0.456552 1.53016 98740
5 0.531592 0.457786 1.53115 98774
5 0.530896 0.459712 1.53192 98806
5 0.530647 0.463069 1.53341 98839
5 0.530476 0.464835 1.53427 98872
5 0.530594 0.466374 1.53372 98904
5 0.529459 0.468128 1.53589 98936
5 0.530054 0.470961 1.53829 98968
5 0.530604 0.472395 1.53872 99000
5 0.530713 0.47412 1.54072 99034
5 0.531083 0.475618 1.5423 99066
5 0.529785 0.478163 1.54569 99100
5 0.52955 0.480835 1.55044 99132
5 0.530447 0.484486 1.5549 99167
5 0.532038 0.48539 1.55999 99199
5 0.534859 0.489238 1.5624 99232
5 0.536725 0.491599 1.56529 99266
5 0.537742 0.492815 1.56645 99300
5 0.538578 0.496307 1.5693 99334
5 0.539149 0.498348 1.57222 99368
5 0.540904 0.500613 1.57716 99402
5 0.541964 0.502033 1.58177 99436
5 0.544981 0.504626 1.58662 99470
5 0.547444 0.505634 1.58884 99503
5 0.548921 0.506271 1.59374 99536
5 0.551378 0.506013 1.59469 99570
5 0.55357 0.506102 1.59643 99604
5 0.554495 0.506002 1.59783 99637
5 0.557686 0.503452 1.5988 99670
5 0.559693 0.501773 1.59977 99705
5 0.561911 0.500172 1.60121 99738
5 0.566639 0.496575 1.60402 99772
5 0.571669 0.494318 1.60681 99806
5 0.573293 0.490057 1.60563 99840
5 0.577266 0.487343 1.60335 99874
5 0.581193 0.483486 1.60065 99908
5 0.585088 0.480233 1.60159 99941
5 0.585772 0.47543 1.60045 99974
5 0.585593 0.4729 1.59908 100008
5 0.586306 0.470025 1.59792 100042
5 0.587007 0.465695 1.59488 100076
5 0.587386 0.462125 1.59142 100109
5 0.589385 0.459028 1.58845 100143
5 0.588935 0.455897 1.58392 100177
5 0.588593 0.45374 1.58203 100211
5 0.587976 0.450165 1.57613 100228
5 0.587716 0.449288 1.57226 100278
5 0.585915 0.445607 1.57165 100312
5 0.58458 0.443409 1.57099 100328
5 0.583705 0.442312 1.56985 100377
5 0.583223 0.441716 1.56965 100411
5 0.580274 0.440031 1.56613 100427
5 0.580409 0.439593 1.56493 100478
5 0.581121 0.4385 1.56452 100495
5 0.581592 0.438533 1.56555 100530
5 0.582038 0.438533 1.56705 100563
5 0.582387 0.438199 1.56625 100597
5 0.584341 0.439514 1.56198 100647
5 0.584275 0.436865 1.5615 100665
5 0.581152 0.436863 1.56412 100698
5 0.578748 0.437043 1.56561 100731

6 0.588246 0.443045 1.57515 101546
6 0.590742 0.44326 1.57641 101563
6 0.592275 0.443452 1.57692 101596
6 0.59313 0.442567 1.57303 101645
6 0.595105 0.444185 1.57581 101678
6 0.596667 0.444148 1.57767 101695
6 0.597585 0.445395 1.57752 101744
6 0.598223 0.446243 1.57921 101777
6 0.602512 0.446075 1.58159 101810
6 0.60625 0.446175 1.58619 101843
6 0.608602 0.446284 1.58972 101876
6 0.609976 0.445217 1.59224 101909
6 0.614854 0.445374 1.59597 101941
6 0.617453 0.443242 1.59966 101974
6 0.620345 0.443393 1.60534 102007
6 0.625036 0.442173 1.60853 102040
6 0.625263 0.439968 1.60893 102073
6 0.627217 0.434393 1.60493 102106
6 0.628879 0.430233 1.60377 102140
6 0.631133 0.426787 1.60345 102172
6 0.632727 0.425044 1.60362 102206
6 0.636086 0.419743 1.60525 102237
6 0.635669 0.414101 1.59863 102269
6 0.634705 0.411482 1.59333 102302
6 0.636196 0.406937 1.59102 102335
6 0.63929 0.400643 1.58816 102369
6 0.640775 0.397183 1.5838 102401
6 0.641588 0.392196 1.58162 102435
6 0.640757 0.38771 1.57722 102468
6 0.639566 0.384447 1.57235 102502
6 0.638588 0.377939 1.57255 102537
6 0.636163 0.373513 1.56676 102571
6 0.633727 0.36994 1.56289 102604
6 0.631636 0.366329 1.5597 102638
6 0.630169 0.362886 1.55862 102672
6 0.629176 0.360827 1.55418 102706
6 0.627804 0.358051 1.55338 102738
6 0.624991 0.35654 1.55282 102772
6 0.621577 0.352789 1.54888 102805
6 0.619389 0.349602 1.54602 102839
6 0.616584 0.350276 1.54282 102873
6 0.612233 0.351347 1.54 102907
6 0.611271 0.352143 1.54172 102942
6 0.608766 0.351114 1.53743 102975
6 0.606043 0.352615 1.53664 103009
6 0.604117 0.354917 1.53229 103042
6 0.600051 0.35775 1.53218 103077
6 0.596955 0.359493 1.53126 103109
6 0.595049 0.360478 1.52917 103143
6 0.593583 0.362544 1.52892 103175
6 0.589935 0.365244 1.52795 103207
6 0.587117 0.367057 1.52582 103239
6 0.584169 0.369117 1.52701 103273
6 0.58201 0.370475 1.52603 103308
6 0.580809 0.373744 1.52711 103341
6 0.580152 0.378392 1.52712 103375
6 0.577441 0.380443 1.52626 103409
6 0.575633 0.381778 1.52609 103441
6 0.574207 0.384886 1.52818 103475
6 0.571735 0.38687 1.52818 103509
6 0.570373 0.386936 1.52741 103542

7 0.578327 0.373322 1.51281 105516
7 0.578242 0.37333 1.5117 105550
7 0.578245 0.37326 1.51179 105566
7 0.579658 0.372087 1.51021 105617
7 0.580762 0.373386 1.51178 105650
7 0.581298 0.374345 1.51132 105668
7 0.580332 0.373618 1.50981 105717
7 0.580923 0.372024 1.51015 105734
7 0.581616 0.371171 1.51076 105768
7 0.581285 0.369306 1.50972 105817
7 0.581049 0.368309 1.51022 105850
7 0.583546 0.365198 1.51135 105867
7 0.585867 0.36197 1.51226 105917
7 0.58698 0.35946 1.51032 105934
7 0.588804 0.354698 1.51032 105967
7 0.589981 0.351336 1.50884 106017
7 0.590821 0.347585 1.5048 106050
7 0.591642 0.345277 1.50526 106066
7 0.591456 0.341318 1.50435 106116
7 0.591284 0.338496 1.50347 106149
7 0.591001 0.336737 1.50432 106166
7 0.58987 0.334194 1.50364 106216
7 0.589847 0.329979 1.50257 106251
7 0.589871 0.325749 1.50181 106267
7 0.588831 0.322832 1.50003 106317
7 0.588254 0.320552 1.49888 106334
7 0.587475 0.318683 1.49899 106368
7 0.586631 0.316222 1.49707 106402
7 0.583779 0.312873 1.4971 106435
7 0.581824 0.311625 1.49287 106469
7 0.581504 0.308864 1.49142 106504
7 0.581042 0.306224 1.48968 106537
7 0.578967 0.306477 1.48742 106571
7 0.577018 0.305313 1.48548 106602
7 0.57376 0.304689 1.48323 106635
7 0.571736 0.304582 1.48068 106669
7 0.57063 0.304653 1.47785 106703
7 0.568724 0.305875 1.47596 106736
7 0.564971 0.305491 1.47464 106770
7 0.563262 0.305651 1.47398 106803
7 0.561226 0.306005 1.47201 106837
7 0.560971 0.307714 1.46962 106871
7 0.558804 0.308859 1.46829 106905
7 0.557167 0.309784 1.4691 106938
7 0.557202 0.313417 1.46905 106970
7 0.55349 0.315934 1.46919 107004
7 0.55285 0.31829 1.46808 107037
7 0.55172 0.320772 1.46721 107071
7 0.5515 0.322899 1.46713 107105
7 0.549961 0.32484 1.46724 107139
7 0.550851 0.327662 1.46947 107172
7 0.549727 0.330344 1.46891 107204
7 0.549983 0.333346 1.46752 107238
7 0.549275 0.336786 1.46697 107273
7 0.548966 0.341304 1.46732 107306
7 0.548403 0.343874 1.46659 107339
7 0.548128 0.345457 1.46527 107372
7 0.547612 0.348364 1.46651 107406
7 0.547399 0.350503 1.46793 107439
7 0.547529 0.352492 1.46862 107473
7 0.547424 0.354575 1.46872 107506
7 0.547747 0.35668 1.47021 107538
7 0.547661 0.357935 1.47066 107572
7 0.547432 0.358815 1.46966 107605
7 0.547312 0.359181 1.46923 107639
7 0.546084 0.36026 1.46895 107673
7 0.544949 0.360867 1.47026 107707
7 0.545543 0.360468 1.47267 107741

8 0.532472 0.453451 1.59996 112712
8 0.532273 0.453548 1.59756 112746
8 0.532395 0.453478 1.59749 112779
8 0.532679 0.453734 1.59635 112814
8 0.532879 0.453808 1.59628 112849
8 0.533206 0.453561 1.59327 112881
8 0.535335 0.455371 1.59515 112915
8 0.537209 0.457834 1.59693 112948
8 0.53573 0.45952 1.60011 112980
8 0.534598 0.462324 1.59907 113013
8 0.536745 0.464606 1.59862 113047
8 0.535943 0.469367 1.60129 113081
8 0.535526 0.473559 1.6031 113114
8 0.534743 0.47688 1.60708 113149
8 0.533997 0.483809 1.61073 113183
8 0.533557 0.489729 1.61417 113216
8 0.532169 0.495823 1.61714 113248
8 0.53171 0.503 1.62128 113280
8 0.528101 0.51172 1.62541 113314
8 0.525938 0.517706 1.63005 113348
8 0.519892 0.527327 1.63479 113382
8 0.519022 0.533205 1.6375 113416
8 0.516833 0.541601 1.64097 113449
8 0.513392 0.548538 1.64081 113483
8 0.508383 0.551914 1.64425 113516
8 0.504893 0.559352 1.64823 113549
8 0.502406 0.5647 1.65337 113583
8 0.499921 0.572497 1.65576 113617
8 0.495813 0.577605 1.65835 113650
8 0.488918 0.580834 1.65661 113685
8 0.482608 0.584316 1.65814 113719
8 0.476476 0.588744 1.6625 113752
8 0.471402 0.593293 1.66667 113784
8 0.466837 0.596743 1.66812 113817
8 0.460635 0.598906 1.66826 113852
8 0.453405 0.60328 1.67134 113885
8 0.44838 0.607693 1.67447 113918
8 0.442552 0.610175 1.6786 113952
8 0.437576 0.612322 1.68076 113985
8 0.434162 0.617102 1.68648 114019
8 0.428416 0.616087 1.68427 114052
8 0.425861 0.619379 1.68755 114085
8 0.424811 0.620944 1.68801 114119
8 0.423248 0.618717 1.68927 114153
8 0.423831 0.617414 1.69255 114186
8 0.42551 0.616444 1.69115 114219

9 0.509161 0.541219 1.67369 117278
9 0.50933 0.541715 1.67153 117312
9 0.509281 0.541757 1.67292 117347
9 0.509192 0.541639 1.67185 117380
9 0.509221 0.541933 1.67167 117414
9 0.509188 0.542058 1.67109 117448
9 0.509262 0.542083 1.66749 117482
9 0.510438 0.540709 1.66832 117515
9 0.511341 0.539557 1.66807 117547
9 0.511537 0.538523 1.66691 117582
9 0.511696 0.53817 1.66331 117615
9 0.512096 0.53777 1.6633 117649
9 0.513085 0.535634 1.66052 117683
9 0.516277 0.533602 1.65658 117717
9 0.518374 0.52986 1.64805 117751
9 0.519294 0.527497 1.6439 117786
9 0.520772 0.525019 1.63801 117819
9 0.521581 0.523515 1.63319 117852
9 0.520474 0.520723 1.62573 117886
9 0.523003 0.517874 1.61909 117920
9 0.523542 0.513147 1.61315 117953
9 0.523337 0.510592 1.60703 117985
9 0.522977 0.508798 1.60207 118019
9 0.52239 0.50757 1.59866 118053
9 0.522011 0.505917 1.59668 118086
9 0.520281 0.503832 1.59128 118119
9 0.519192 0.501815 1.58623 118152
9 0.518817 0.500276 1.58396 118186
9 0.518159 0.49789 1.58203 118220
9 0.515522 0.495552 1.57623 118254
9 0.512283 0.495398 1.57225 118288
9 0.509535 0.494975 1.57184 118321
9 0.507151 0.495088 1.57229 118355
9 0.506472 0.49498 1.57276 118389
9 0.502631 0.496169 1.5736 118422
9 0.499855 0.496516 1.57466 118454
9 0.497687 0.498127 1.57844 118489
9 0.497071 0.499976 1.58104 118523
9 0.493807 0.502931 1.58667 118556
9 0.493968 0.507096 1.5883 118589
9 0.494605 0.509884 1.59256 118621
9 0.492615 0.513413 1.59874 118655
9 0.491155 0.515603 1.60288 118687
9 0.492893 0.520218 1.60668 118721
9 0.494595 0.523018 1.61008 118753
9 0.496069 0.524897 1.61267 118787
9 0.496395 0.527359 1.6175 118821
9 0.496378 0.530104 1.6207 118854
9 0.498182 0.533034 1.6278 118887
9 0.499321 0.535299 1.63157 118920
9 0.500012 0.536946 1.63416 118955
9 0.501018 0.538351 1.63757 118988
9 0.501516 0.539268 1.64065 119022
9 0.501902 0.539896 1.64325 119055
9 0.500879 0.541697 1.64907 119090
9 0.499412 0.543527 1.65264 119123
9 0.499495 0.546851 1.65783 119157
9 0.499722 0.548937 1.66014 119190
9 0.499982 0.550165 1.65962 119224
9 0.499878 0.55171 1.66136 119257
9 0.500163 0.553146 1.6609 119291
9 0.500378 0.553949 1.66118 119324
9 0.500577 0.554466 1.65869 119358
9 0.500557 0.554895 1.65704 119392
9 0.500517 0.555152 1.65809 119427
9 0.500803 0.555368 1.65937 119460
9 0.501446 0.555595 1.66041 119492
9 0.501502 0.555788 1.6605 119526
9 0.501528 0.555936 1.66141 119560
9 0.501471 0.555925 1.66076 119593
9 0.501644 0.555931 1.66244 119610
9 0.501624 0.556153 1.66173 119660
9 0.501869 0.556281 1.66075 119693

