Gesto: 0
0 0.567591 0.120191 1.8098 22340
0 0.567539 0.124325 1.80948 22374
0 0.570253 0.129941 1.80834 22408
0 0.571616 0.136878 1.80213 22441
0 0.574192 0.144768 1.79668 22475
0 0.570965 0.153936 1.78732 22509
0 0.573499 0.159264 1.78688 22541
0 0.57654 0.168865 1.78264 22581
0 0.578751 0.178399 1.77414 22603
0 0.578742 0.186851 1.77883 22637
0 0.578259 0.199721 1.77503 22671
0 0.576437 0.209062 1.77454 22704
0 0.577425 0.219522 1.77285 22738
0 0.575965 0.230955 1.77271 22771
0 0.577035 0.239446 1.77031 22804
0 0.57784 0.249803 1.7714 22838
0 0.576425 0.259134 1.77163 22871
0 0.577298 0.26859 1.77198 22904
0 0.576719 0.279631 1.77186 22938
0 0.576662 0.289534 1.77449 22971
0 0.577764 0.30035 1.77822 23005
0 0.577014 0.313235 1.78294 23039
0 0.575645 0.323779 1.78705 23072
0 0.575184 0.33582 1.79279 23105
0 0.56984 0.342411 1.79525 23139
0 0.566781 0.353276 1.80502 23173
0 0.566732 0.367276 1.81211 23206
0 0.565852 0.379254 1.81683 23241
0 0.565564 0.388336 1.82436 23274
0 0.565867 0.399387 1.83074 23307
0 0.56208 0.406883 1.83713 23341
0 0.558332 0.413227 1.84638 23374
0 0.556664 0.421885 1.85242 23407
0 0.554616 0.430469 1.85802 23441
0 0.553773 0.438048 1.86026 23475
0 0.550226 0.443562 1.86877 23508
0 0.546186 0.449434 1.87967 23542
0 0.541509 0.457317 1.87019 23576
0 0.541231 0.460234 1.87033 23610
0 0.541821 0.463534 1.87618 23645
0 0.546836 0.464297 1.88258 23678
0 0.549906 0.463131 1.88723 23711
0 0.554737 0.462577 1.89148 23745
0 0.561519 0.460486 1.8897 23778
0 0.566833 0.458495 1.89246 23812
0 0.573791 0.456641 1.89568 23844
0 0.57838 0.453785 1.89714 23875
0 0.58668 0.452183 1.89411 23909
0 0.594704 0.44968 1.89408 23942
0 0.600156 0.447215 1.891 23976
0 0.60411 0.444089 1.89446 24010
0 0.610788 0.442521 1.89134 24044
0 0.616276 0.44018 1.89218 24077
0 0.620362 0.436191 1.89784 24111
0 0.625262 0.429877 1.89932 24144
0 0.629004 0.42741 1.89987 24178
0 0.635038 0.427832 1.90184 24211
0 0.639202 0.426308 1.89706 24244
0 0.643141 0.425465 1.89625 24278
0 0.64682 0.422947 1.88967 24311
0 0.647597 0.423368 1.89612 24344
0 0.652273 0.422863 1.90195 24378
0 0.655389 0.422983 1.90216 24411
0 0.656927 0.423039 1.90253 24443
0 0.658439 0.422745 1.90767 24476
0 0.660595 0.421298 1.90914 24509
0 0.66049 0.422202 1.90828 24543
0 0.661806 0.420997 1.9087 24584
0 0.662321 0.420467 1.90782 24605
0 0.660436 0.41852 1.90828 24639

1 0.661722 0.144572 1.89811 26349
1 0.664955 0.150285 1.8936 26382
1 0.666226 0.155336 1.88674 26416
1 0.667737 0.164929 1.8823 26449
1 0.66809 0.170356 1.88614 26482
1 0.668494 0.181457 1.88153 26516
1 0.668211 0.195318 1.87857 26550
1 0.66592 0.208238 1.87567 26584
1 0.66777 0.221265 1.87164 26617
1 0.665552 0.234829 1.87391 26650
1 0.665765 0.252216 1.87125 26683
1 0.666785 0.265784 1.87293 26717
1 0.664257 0.281688 1.87416 26751
1 0.66218 0.29894 1.87747 26768
1 0.659749 0.312431 1.88468 26817
1 0.657296 0.328315 1.88646 26850
1 0.655743 0.342148 1.88936 26883
1 0.655968 0.357657 1.89463 26916
1 0.655872 0.368174 1.89609 26950
1 0.656537 0.380669 1.89797 26983
1 0.657339 0.388764 1.90309 27017
1 0.655753 0.395275 1.90588 27051
1 0.65535 0.401155 1.91246 27068
1 0.656945 0.40393 1.91617 27117
1 0.658903 0.405235 1.91834 27151
1 0.661732 0.404603 1.92415 27168
1 0.669838 0.405983 1.92771 27218
1 0.674607 0.400892 1.93519 27251
1 0.680128 0.396211 1.94036 27268
1 0.685919 0.389708 1.94349 27318
1 0.689863 0.380853 1.94206 27351
1 0.696816 0.37113 1.949 27385
1 0.702298 0.362637 1.95161 27418
1 0.70726 0.351858 1.95178 27452
1 0.712273 0.340315 1.95295 27486
1 0.714209 0.328752 1.95524 27518
1 0.717795 0.316382 1.95111 27535
1 0.71896 0.304392 1.94968 27585
1 0.71977 0.292342 1.95013 27619
1 0.719032 0.281839 1.94924 27635
1 0.718671 0.270645 1.9478 27686
1 0.718006 0.256706 1.94508 27720
1 0.717565 0.245776 1.94497 27735
1 0.717446 0.234874 1.94386 27786
1 0.717354 0.227418 1.94402 27803
1 0.717219 0.216303 1.94469 27836
1 0.710884 0.20743 1.9372 27887
1 0.711333 0.196895 1.93863 27904
1 0.711027 0.187675 1.93914 27938
1 0.706378 0.182955 1.93179 27987
1 0.704197 0.177002 1.93066 28004
1 0.701559 0.172185 1.93165 28038
1 0.698361 0.166901 1.9329 28071
1 0.699537 0.161223 1.931 28105
1 0.699846 0.155761 1.93279 28138
1 0.700225 0.152616 1.9343 28172
1 0.70048 0.14807 1.93359 28206
1 0.700468 0.139959 1.93906 28239
1 0.697647 0.138224 1.93743 28273
1 0.69571 0.137517 1.93605 28307
1 0.695438 0.136575 1.94205 28340

2 0.760052 0.135626 2.03568 29678
2 0.761166 0.143161 2.03378 29711
2 0.76452 0.146185 2.03286 29745
2 0.769169 0.150709 2.03551 29779
2 0.772255 0.159365 2.03787 29813
2 0.774078 0.165258 2.03678 29846
2 0.775194 0.176187 2.03902 29878
2 0.778981 0.181406 2.03739 29910
2 0.780955 0.189291 2.04029 29944
2 0.783674 0.196804 2.04276 29978
2 0.783354 0.204985 2.03861 30011
2 0.780703 0.214904 2.03879 30044
2 0.781247 0.225832 2.03157 30076
2 0.780124 0.233683 2.04411 30110
2 0.778392 0.244245 2.04798 30144
2 0.778463 0.254988 2.05248 30177
2 0.777357 0.268553 2.04748 30211
2 0.775475 0.282039 2.03924 30244
2 0.776365 0.290495 2.04841 30278
2 0.775564 0.303828 2.04449 30313
2 0.774521 0.317119 2.04914 30345
2 0.76845 0.328909 2.03975 30378
2 0.765234 0.34039 2.04356 30412
2 0.762472 0.355346 2.04133 30446
2 0.759648 0.368295 2.04279 30480
2 0.758047 0.379018 2.04695 30512
2 0.757794 0.391555 2.05457 30546
2 0.753006 0.402511 2.05992 30580
2 0.748986 0.414038 2.05956 30613
2 0.742955 0.425327 2.06103 30647
2 0.739231 0.436177 2.06503 30679
2 0.737307 0.442288 2.06764 30713
2 0.734815 0.449251 2.0707 30746
2 0.735264 0.456234 2.07233 30780
2 0.735137 0.456146 2.08113 30813
2 0.734379 0.456178 2.08118 30845

3 0.878466 0.193624 2.12588 33313
3 0.875279 0.195247 2.11926 33347
3 0.875179 0.194617 2.12226 33380
3 0.874686 0.189597 2.11742 33414
3 0.875047 0.183698 2.11859 33449
3 0.87447 0.181272 2.11373 33482
3 0.87268 0.180136 2.10917 33516
3 0.876859 0.176572 2.11078 33550
3 0.871639 0.176424 2.09444 33584
3 0.865461 0.174857 2.08621 33617
3 0.859943 0.171261 2.082 33651
3 0.853248 0.171459 2.07317 33684
3 0.845409 0.170252 2.06811 33718
3 0.84271 0.168102 2.06348 33749
3 0.836713 0.168158 2.05206 33782
3 0.832012 0.167311 2.04777 33816
3 0.825635 0.169498 2.04256 33847
3 0.819757 0.170059 2.03584 33881
3 0.814459 0.170509 2.02629 33913
3 0.814965 0.167101 2.02768 33946
3 0.808997 0.169834 2.02377 33980
3 0.805498 0.175229 2.0177 34012
3 0.802732 0.182045 2.01911 34046
3 0.8014 0.18763 2.02042 34078
3 0.80076 0.19219 2.01708 34111
3 0.800762 0.199384 2.02259 34145
3 0.801985 0.204045 2.0289 34178
3 0.80813 0.206045 2.03574 34210
3 0.811816 0.213634 2.04127 34244
3 0.815054 0.21874 2.04965 34278
3 0.818037 0.221845 2.05486 34311
3 0.819936 0.230961 2.06 34345
3 0.821573 0.23684 2.06483 34379
3 0.827432 0.242108 2.07556 34413
3 0.832436 0.244225 2.08789 34446
3 0.837403 0.250207 2.0988 34480
3 0.840427 0.254174 2.10224 34513
3 0.842986 0.259786 2.11391 34548
3 0.848828 0.264899 2.12321 34581
3 0.853336 0.270202 2.13252 34615
3 0.858258 0.274645 2.14489 34649
3 0.865391 0.280379 2.16659 34684
3 0.866746 0.287712 2.17568 34717
3 0.866755 0.29269 2.17468 34751
3 0.869803 0.300511 2.18383 34784
3 0.869706 0.308749 2.18678 34818
3 0.872824 0.317178 2.19629 34850
3 0.871491 0.326305 2.19665 34883
3 0.86867 0.335917 2.20654 34915
3 0.865566 0.344822 2.20302 34948
3 0.861907 0.353242 2.19978 34982
3 0.858461 0.36238 2.19616 35016
3 0.848999 0.370196 2.18404 35048
3 0.845035 0.37933 2.18086 35081
3 0.839938 0.389148 2.17528 35115
3 0.832491 0.399676 2.16656 35149
3 0.826149 0.405425 2.1515 35183
3 0.82312 0.408083 2.14648 35217
3 0.818236 0.412409 2.1363 35250
3 0.814726 0.416985 2.1279 35284
3 0.807294 0.424551 2.10869 35318
3 0.80055 0.426571 2.0959 35351
3 0.792605 0.429644 2.09162 35385
3 0.786407 0.431534 2.08457 35418
3 0.780509 0.434006 2.07787 35451
3 0.777066 0.434294 2.07177 35485
3 0.770261 0.431252 2.06811 35519
3 0.765262 0.428369 2.06632 35553
3 0.761734 0.426389 2.06449 35587

4 0.575565 0.426919 2.00217 45653
4 0.574738 0.422606 1.99875 45687
4 0.572858 0.419979 1.99481 45720
4 0.572846 0.418674 1.99508 45754
4 0.5695 0.419743 1.99771 45787
4 0.564997 0.417692 1.9981 45821
4 0.559345 0.418034 1.99924 45854
4 0.229973 0.40039 2.14932 57239
4 0.228492 0.398051 2.14729 57273
4 0.227651 0.396834 2.14635 57306
4 0.227235 0.395829 2.14655 57340
4 0.228038 0.39623 2.14051 57374
4 0.227764 0.395907 2.14232 57407
4 0.227341 0.398159 2.15226 57442
4 0.230239 0.395882 2.14786 57475
4 0.234953 0.400047 2.15017 57509
4 0.236863 0.397279 2.1513 57542
4 0.237726 0.394287 2.14446 57576
4 0.236498 0.392023 2.14827 57610
4 0.235541 0.390804 2.15151 57644
4 0.235937 0.394599 2.14697 57676
4 0.243502 0.391895 2.13505 57710
4 0.248226 0.391199 2.13348 57743
4 0.251785 0.393102 2.12849 57777
4 0.252251 0.392395 2.13177 57811
4 0.259638 0.393332 2.12649 57828
4 0.264642 0.39364 2.12109 57879
4 0.270066 0.391976 2.11045 57896
4 0.27569 0.391946 2.09803 57930
4 0.282858 0.390882 2.09825 57964
4 0.285916 0.393155 2.10086 57998
4 0.289231 0.390866 2.10242 58029
4 0.296785 0.391505 2.10408 58078
4 0.302462 0.389487 2.09799 58095
4 0.308788 0.391289 2.10251 58129
4 0.315447 0.389075 2.09907 58180
4 0.319788 0.385388 2.09471 58195
4 0.326651 0.384854 2.0998 58228
4 0.331812 0.384064 2.09311 58279
4 0.33753 0.387954 2.09684 58296
4 0.343415 0.385317 2.08368 58347
4 0.352127 0.382125 2.07637 58364
4 0.358864 0.38171 2.07609 58398
4 0.363586 0.381993 2.07109 58432
4 0.3706 0.381645 2.06607 58465
4 0.376664 0.384313 2.06584 58499
4 0.380777 0.382835 2.04616 58533
4 0.387261 0.38244 2.04562 58567
4 0.395515 0.379592 2.04798 58601
4 0.40083 0.377937 2.04989 58635
4 0.40898 0.373697 2.04704 58669
4 0.414755 0.375144 2.04665 58701
4 0.423479 0.376117 2.04562 58734
4 0.42959 0.376125 2.04503 58768
4 0.432754 0.376528 2.04324 58800
4 0.439911 0.377043 2.03788 58834
4 0.446038 0.374649 2.04213 58867
4 0.453762 0.37583 2.04114 58901
4 0.460235 0.374354 2.03971 58935
4 0.464271 0.373566 2.03993 58969
4 0.470446 0.375322 2.03527 59002
4 0.479603 0.376531 2.03416 59036
4 0.486066 0.376551 2.03833 59070
4 0.491334 0.375191 2.02925 59103
4 0.498753 0.376025 2.02648 59137
4 0.503475 0.377391 2.01813 59170
4 0.511408 0.378301 2.01052 59204
4 0.517107 0.377256 2.00279 59238
4 0.519575 0.378467 2.00127 59272
4 0.526584 0.378667 2.00182 59306
4 0.530783 0.378836 1.99573 59341
4 0.532437 0.379087 1.98573 59374
4 0.538809 0.379853 1.98507 59408
4 0.543122 0.380177 1.98662 59442
4 0.551129 0.379638 1.99043 59476
4 0.555848 0.38014 1.98504 59510
4 0.559122 0.383448 1.98213 59544
4 0.566558 0.3821 1.98964 59577
4 0.571455 0.381767 1.98793 59611
4 0.5796 0.381304 1.98389 59644
4 0.586472 0.382943 1.98279 59678
4 0.594192 0.382097 1.98085 59711
4 0.604725 0.381389 1.97968 59745
4 0.610668 0.381025 1.97806 59779
4 0.619003 0.385166 1.97348 59812
4 0.626031 0.383685 1.97322 59846
4 0.631812 0.384553 1.96901 59879
4 0.640402 0.385222 1.96779 59912
4 0.649209 0.384197 1.9721 59946
4 0.66036 0.383919 1.97223 59979
4 0.672696 0.382893 1.97877 60013
4 0.679321 0.38213 1.97873 60046
4 0.689301 0.380023 1.98389 60062
4 0.699818 0.379136 1.99497 60117
4 0.711776 0.376701 2.00556 60138
4 0.721042 0.375455 2.01176 60174
4 0.73223 0.37202 2.01945 60206
4 0.743331 0.368449 2.03203 60239
4 0.754145 0.364988 2.04249 60272
4 0.765142 0.362591 2.04816 60306
4 0.776608 0.360787 2.05499 60340
4 0.788817 0.357563 2.05778 60373
4 0.798132 0.353773 2.06666 60407

5 0.505291 0.0534002 1.91185 63102
5 0.505258 0.0549622 1.90984 63135
5 0.50526 0.057052 1.90418 63169
5 0.506279 0.0642398 1.89985 63202
5 0.507632 0.0703829 1.89153 63236
5 0.507943 0.0806617 1.88542 63269
5 0.510013 0.0908108 1.87838 63302
5 0.50932 0.101194 1.87421 63334
5 0.509035 0.114717 1.87025 63368
5 0.510913 0.126449 1.86448 63417
5 0.51161 0.139483 1.86047 63434
5 0.512129 0.15445 1.85802 63468
5 0.512207 0.168002 1.85741 63517
5 0.512245 0.184052 1.84726 63549
5 0.513436 0.20089 1.84299 63582
5 0.511987 0.214281 1.83915 63616
5 0.513221 0.228047 1.83906 63650
5 0.51275 0.247158 1.83513 63667
5 0.514465 0.263491 1.83538 63717
5 0.516772 0.283011 1.83198 63750
5 0.516568 0.298088 1.83132 63767
5 0.517573 0.317744 1.83435 63814
5 0.518024 0.336099 1.8332 63848
5 0.518273 0.354498 1.83075 63865
5 0.518688 0.372198 1.83703 63916
5 0.520247 0.384479 1.83852 63949
5 0.51849 0.403746 1.84699 63966
5 0.517592 0.422141 1.85753 64016
5 0.517973 0.441007 1.86548 64033
5 0.519811 0.460776 1.87046 64067
5 0.519518 0.476415 1.87771 64117
5 0.518981 0.491643 1.88575 64134
5 0.51786 0.509767 1.8874 64167
5 0.516747 0.527646 1.89625 64216
5 0.517833 0.543358 1.90576 64233
5 0.517737 0.559933 1.91663 64267
5 0.518089 0.577459 1.92931 64302
5 0.519551 0.594079 1.94433 64334
5 0.520493 0.610741 1.96148 64384
5 0.52166 0.623857 1.9807 64401
5 0.522272 0.63742 2.00326 64435
5 0.52667 0.648008 2.02447 64485
5 0.528005 0.660408 2.04728 64502
5 0.528884 0.668874 2.0694 64534
5 0.529468 0.681731 2.08893 64585
5 0.530031 0.69132 2.11482 64602
5 0.528657 0.704824 2.13803 64635
5 0.528055 0.716795 2.16269 64669
5 0.527348 0.725085 2.18271 64703
5 0.526873 0.730408 2.2006 64736
5 0.52494 0.743105 2.22053 64770
5 0.523821 0.751232 2.23516 64802
5 0.519063 0.760455 2.25014 64835
5 0.518904 0.769505 2.27624 64884
5 0.518492 0.777856 2.29871 64901
5 0.516771 0.782576 2.3143 64935
5 0.512381 0.790472 2.34132 64968
5 0.510664 0.79481 2.35545 65017
5 0.509412 0.79752 2.37344 65034
5 0.508665 0.800005 2.39109 65085
5 0.506611 0.801482 2.41468 65102
5 0.507122 0.797792 2.43916 65136

6 0.324988 0.31062 2.05887 67948
6 0.324863 0.312379 2.05995 67983
6 0.324713 0.313273 2.06294 68015
6 0.324713 0.313829 2.06206 68049
6 0.32532 0.311784 2.0583 68083
6 0.325255 0.313184 2.05591 68117
6 0.326128 0.312988 2.05339 68149
6 0.326461 0.30987 2.04009 68182
6 0.331795 0.306444 2.02717 68215
6 0.33501 0.299838 2.02022 68250
6 0.338607 0.294101 2.00279 68282
6 0.343468 0.286256 1.98873 68316
6 0.347717 0.275178 1.96883 68350
6 0.355181 0.263994 1.95236 68383
6 0.362574 0.250766 1.93229 68418
6 0.371257 0.236796 1.91314 68451
6 0.38153 0.222654 1.8962 68484
6 0.391766 0.20573 1.88824 68518
6 0.400836 0.194595 1.86956 68551
6 0.410623 0.182738 1.86773 68584

7 0.333308 0.182861 1.96864 69172
7 0.332641 0.182763 1.96811 69206
7 0.333026 0.185666 1.96855 69240
7 0.333363 0.18658 1.97284 69274
7 0.334511 0.188533 1.96423 69308
7 0.338625 0.195108 1.95566 69342
7 0.343295 0.201977 1.95093 69376
7 0.350881 0.211837 1.93913 69409
7 0.362331 0.223584 1.92372 69443
7 0.374527 0.233665 1.91044 69477
7 0.386626 0.247589 1.90218 69511
7 0.398877 0.254213 1.90676 69545
7 0.414093 0.267981 1.90065 69579
7 0.428106 0.284189 1.90481 69613
7 0.439749 0.297329 1.90367 69646
7 0.451821 0.305282 1.9106 69679
7 0.464272 0.316219 1.91973 69713

8 0.684488 0.238663 2.00614 72981
8 0.68545 0.238201 1.99949 73015
8 0.68558 0.238322 1.99326 73049
8 0.685475 0.236343 1.98928 73083
8 0.684594 0.229619 1.98197 73116
8 0.683295 0.224879 1.97479 73149
8 0.679813 0.220831 1.96966 73182
8 0.673825 0.214165 1.96181 73216
8 0.668895 0.208907 1.956 73250
8 0.663787 0.202005 1.95115 73284
8 0.658255 0.196957 1.94084 73318
8 0.651672 0.191891 1.93618 73352
8 0.643813 0.189698 1.93081 73385
8 0.637669 0.185079 1.92539 73419
8 0.630763 0.180515 1.92435 73453
8 0.622762 0.177574 1.9236 73486
8 0.614854 0.175843 1.92013 73520
8 0.607099 0.178697 1.912 73554
8 0.60105 0.180309 1.90963 73588
8 0.592745 0.186045 1.90431 73622
8 0.588351 0.190398 1.90256 73654
8 0.585979 0.198009 1.90821 73688
8 0.586214 0.206099 1.91163 73722
8 0.585428 0.215347 1.91442 73756
8 0.584654 0.227929 1.91679 73788
8 0.584627 0.235879 1.91815 73822
8 0.584939 0.246033 1.92234 73855
8 0.585292 0.257923 1.93056 73889
8 0.588562 0.26903 1.93209 73923
8 0.591881 0.279308 1.93255 73956
8 0.595701 0.286371 1.94116 73990
8 0.598188 0.297075 1.95012 74023
8 0.605048 0.303892 1.95821 74056
8 0.609909 0.308285 1.96383 74089
8 0.619169 0.31137 1.96169 74123
8 0.623592 0.311522 1.95615 74157
8 0.634086 0.318295 1.96011 74191
8 0.642011 0.319576 1.96439 74223
8 0.647735 0.319019 1.96638 74256
8 0.655669 0.320811 1.9654 74289
8 0.66275 0.315815 1.96594 74323
8 0.671375 0.312424 1.9718 74357
8 0.677774 0.310579 1.97649 74374
8 0.685297 0.308491 1.98161 74425
8 0.691136 0.302653 1.98088 74458
8 0.694149 0.296233 1.98417 74490
8 0.699014 0.29161 1.98828 74523
8 0.703233 0.282574 1.98616 74556
8 0.70454 0.275293 1.98309 74590
8 0.706374 0.26523 1.98145 74622
8 0.705169 0.255201 1.97484 74656
8 0.700847 0.246666 1.96978 74689
8 0.698037 0.236951 1.96515 74722
8 0.694458 0.228845 1.96195 74755
8 0.686696 0.22595 1.95175 74788
8 0.680292 0.223531 1.94504 74821
8 0.671637 0.217959 1.93426 74855
8 0.661195 0.213534 1.92479 74888
8 0.653196 0.211799 1.91655 74921

9 0.688575 0.452781 2.06539 79496
9 0.687682 0.454555 2.06152 79529
9 0.688375 0.457825 2.06667 79546
9 0.685088 0.461636 2.06923 79597
9 0.680679 0.465812 2.07497 79613
9 0.678176 0.470143 2.07708 79647
9 0.673904 0.481235 2.08218 79681
9 0.671493 0.486979 2.09041 79714
9 0.666839 0.497827 2.09383 79747
9 0.663381 0.50959 2.10398 79781
9 0.660573 0.521347 2.11276 79815
9 0.652245 0.534711 2.13018 79849
9 0.641714 0.543707 2.15003 79881
9 0.632391 0.557404 2.16658 79915
9 0.622533 0.566414 2.18321 79949
9 0.612334 0.57715 2.19771 79983
9 0.604135 0.586571 2.20957 80017
9 0.595376 0.591716 2.22571 80051
9 0.587364 0.597619 2.226 80085
9 0.580971 0.604067 2.22946 80118
9 0.57752 0.606862 2.23105 80151
9 0.575948 0.6093 2.23242 80184
9 0.57413 0.610071 2.23779 80218
9 0.571866 0.603586 2.23663 80251
9 0.570676 0.599991 2.23318 80285
9 0.570138 0.597075 2.22192 80319
9 0.573755 0.592824 2.21078 80353
9 0.576877 0.584041 2.19498 80387
9 0.579121 0.578126 2.18176 80421
9 0.581024 0.572131 2.16713 80455
9 0.581829 0.562923 2.15711 80489
9 0.585753 0.549427 2.15262 80523
9 0.589637 0.541135 2.13511 80556
9 0.589841 0.525068 2.12238 80589
9 0.590615 0.513489 2.11577 80622
9 0.589913 0.503449 2.10813 80656
9 0.590324 0.491545 2.10304 80690
9 0.5897 0.481541 2.09903 80722
9 0.589053 0.473041 2.09912 80755
9 0.590523 0.470693 2.09626 80789
9 0.589647 0.46686 2.09745 80823
9 0.590994 0.468451 2.09668 80857
9 0.593471 0.469403 2.10088 80890
9 0.594487 0.475719 2.10697 80924
9 0.599717 0.484524 2.11491 80956
9 0.60482 0.492866 2.12941 80990
9 0.608929 0.501925 2.1409 81023
9 0.61486 0.510879 2.14469 81057
9 0.622446 0.520747 2.15886 81091
9 0.626441 0.526365 2.16764 81123
9 0.629192 0.537202 2.18489 81157
9 0.633726 0.544746 2.20323 81190
9 0.638759 0.551475 2.21854 81223
9 0.642803 0.561282 2.23254 81257
9 0.6473 0.568696 2.25143 81291
9 0.650583 0.573335 2.27631 81325
9 0.652477 0.576161 2.29911 81359
9 0.654736 0.577844 2.32318 81393
9 0.656739 0.579705 2.35531 81427
9 0.658169 0.580627 2.38195 81461
9 0.664587 0.582484 2.39817 81496
9 0.671812 0.582461 2.42626 81529
9 0.673365 0.57997 2.44104 81563
9 0.675202 0.578118 2.45385 81597
9 0.676599 0.575588 2.46826 81631
9 0.67422 0.575944 2.48414 81665
9 0.674972 0.574772 2.48237 81682

10 0.335894 0.5742 2.16158 86598
10 0.337759 0.574344 2.15874 86631
10 0.339716 0.571842 2.1481 86665
10 0.335824 0.568134 2.14878 86700
10 0.331723 0.569719 2.1437 86733
10 0.329694 0.570397 2.13951 86766
10 0.329224 0.5637 2.13217 86798
10 0.330511 0.557419 2.11645 86832
10 0.331817 0.552598 2.09487 86866
10 0.333081 0.541987 2.07698 86900
10 0.334735 0.534644 2.05794 86934
10 0.332338 0.523905 2.03692 86968
10 0.330315 0.510053 2.02586 87002
10 0.32911 0.500711 2.01312 87019
10 0.329668 0.4892 1.99956 87069
10 0.330479 0.474102 1.98951 87103
10 0.336357 0.464797 1.97386 87119
10 0.340759 0.452425 1.962 87158
10 0.343448 0.445069 1.95149 87197
10 0.346701 0.43931 1.94618 87230
10 0.349238 0.434224 1.94171 87264
10 0.350084 0.429034 1.93457 87296
10 0.35117 0.42716 1.92988 87328
10 0.355969 0.430812 1.93112 87363
10 0.358965 0.433774 1.93058 87396
10 0.364997 0.439051 1.92789 87430
10 0.36987 0.446971 1.92453 87464
10 0.372764 0.460096 1.9239 87497
10 0.379479 0.467539 1.92378 87530
10 0.384459 0.479342 1.92627 87564
10 0.392052 0.493361 1.93168 87598
10 0.400604 0.506077 1.9355 87630
10 0.40829 0.51874 1.93918 87665
10 0.415739 0.531654 1.94352 87697
10 0.426074 0.540015 1.95626 87730
10 0.43271 0.549001 1.96843 87764
10 0.442168 0.555532 1.97545 87797
10 0.447265 0.55884 1.97984 87830
10 0.449466 0.560582 1.98385 87864
10 0.451015 0.560959 1.98545 87898
10 0.448626 0.559299 1.98655 87932
10 0.444162 0.558566 1.98576 87966
10 0.440914 0.558003 1.97557 88000
10 0.433751 0.552926 1.9789 88034
10 0.426107 0.550262 1.98093 88068
10 0.418993 0.547684 1.98447 88102
10 0.40882 0.545664 1.9897 88119
10 0.39694 0.544203 1.99619 88169
10 0.385914 0.540856 2.00074 88186
10 0.372963 0.536861 2.01874 88236
10 0.363609 0.53186 2.03065 88270
10 0.357221 0.529294 2.04077 88287
10 0.347103 0.527669 2.05282 88337
10 0.342444 0.524572 2.06589 88371

11 0.817921 0.530678 2.46581 101970
11 0.818599 0.532935 2.45565 102005
11 0.820069 0.534475 2.45463 102037
11 0.825031 0.526565 2.46064 102071
11 0.82689 0.52236 2.45871 102105
11 0.826571 0.520268 2.44713 102137
11 0.826552 0.513856 2.432 102171
11 0.828721 0.513956 2.43433 102203
11 0.830573 0.511153 2.44059 102236
11 0.830407 0.502125 2.43968 102270
11 0.826235 0.494746 2.42526 102303
11 0.823762 0.489936 2.42317 102336
11 0.822072 0.483987 2.40867 102370
11 0.820015 0.483107 2.40464 102404
11 0.813755 0.477301 2.39552 102438
11 0.80929 0.473908 2.38136 102473
11 0.80624 0.470654 2.38807 102506
11 0.802666 0.467485 2.38162 102541
11 0.795304 0.462632 2.3776 102573
11 0.791263 0.464752 2.36728 102607
11 0.787952 0.46276 2.36615 102641
11 0.78086 0.465054 2.35959 102674
11 0.776671 0.464555 2.35834 102708
11 0.77638 0.464091 2.35165 102742
11 0.770137 0.463498 2.33913 102775
11 0.764686 0.466136 2.33993 102809
11 0.759435 0.471149 2.34455 102842
11 0.755732 0.474677 2.34709 102876
11 0.748632 0.476385 2.35598 102910
11 0.745103 0.483861 2.36134 102943
11 0.742608 0.488418 2.36031 102977
11 0.741424 0.495849 2.36076 103011
11 0.74025 0.504193 2.35747 103045
11 0.740502 0.507757 2.36504 103078
11 0.740835 0.51164 2.36898 103111
11 0.742581 0.513119 2.37745 103144
11 0.743437 0.515186 2.38411 103184
11 0.74293 0.518708 2.39245 103206
11 0.751801 0.524476 2.39408 103238
11 0.754938 0.53071 2.39671 103271
11 0.760095 0.532679 2.40072 103306
11 0.760344 0.536225 2.40364 103339
11 0.766454 0.536981 2.41361 103373
11 0.771111 0.537218 2.42387 103406
11 0.77585 0.536183 2.43155 103440
11 0.778738 0.5366 2.43154 103473
11 0.785281 0.543562 2.42071 103507
11 0.788674 0.542048 2.42303 103539
11 0.792541 0.539797 2.43027 103572
11 0.793673 0.533148 2.44082 103606
11 0.795249 0.532969 2.42391 103639
11 0.801629 0.527605 2.4142 103673
11 0.803306 0.522968 2.41466 103707
11 0.803806 0.520639 2.40613 103741
11 0.799478 0.518236 2.40383 103775
11 0.797072 0.515809 2.39715 103809
11 0.79623 0.513346 2.39006 103843
11 0.794868 0.513451 2.38263 103876
11 0.792698 0.506724 2.38156 103909
11 0.792248 0.50702 2.38308 103942
11 0.786882 0.509537 2.37312 103976
11 0.781044 0.51114 2.37322 104008
11 0.779703 0.510402 2.37285 104042
11 0.777536 0.512632 2.37447 104075
11 0.772844 0.514488 2.37168 104110
11 0.771433 0.514738 2.3731 104143
11 0.769287 0.515949 2.37577 104176
11 0.768112 0.520705 2.37914 104210
11 0.764212 0.519772 2.3763 104241
11 0.761803 0.520893 2.37242 104274
11 0.760875 0.521438 2.37927 104308

12 0.194554 0.15326 2.1507 111417
12 0.194297 0.153836 2.14653 111451
12 0.192755 0.161933 2.15004 111482
12 0.193398 0.168129 2.14333 111515
12 0.19046 0.174159 2.14137 111548
12 0.191085 0.178088 2.13756 111582
12 0.187807 0.187883 2.14278 111617
12 0.183431 0.200254 2.14346 111650
12 0.181442 0.214271 2.14564 111684
12 0.1815 0.227208 2.14388 111717
12 0.182408 0.243804 2.13796 111750
12 0.182777 0.26508 2.13507 111782
12 0.182202 0.287363 2.13771 111816
12 0.183804 0.314205 2.1334 111850
12 0.188753 0.334453 2.13626 111884
12 0.19163 0.354635 2.14299 111918
12 0.193786 0.38019 2.14567 111951
12 0.198998 0.401151 2.15389 111985
12 0.202491 0.415968 2.16005 112019
12 0.205598 0.428734 2.17393 112053
12 0.209621 0.43566 2.17853 112087
12 0.212315 0.437526 2.18161 112121
12 0.211562 0.437203 2.1847 112153
12 0.20961 0.434126 2.17522 112186
12 0.209361 0.42555 2.16754 112219
12 0.208407 0.41414 2.16185 112253
12 0.203336 0.400953 2.15199 112285
12 0.20085 0.389165 2.14298 112319
12 0.199554 0.370631 2.13175 112351
12 0.193115 0.352578 2.13263 112384
12 0.189057 0.335435 2.12821 112417
12 0.187173 0.314763 2.12631 112451
12 0.188358 0.293168 2.12099 112485
12 0.18843 0.274573 2.12533 112517
12 0.186686 0.256244 2.12699 112551
12 0.188327 0.239544 2.122 112584
12 0.192505 0.224231 2.12933 112618
12 0.194661 0.212501 2.13177 112652
12 0.198196 0.203634 2.12909 112687
12 0.199974 0.193824 2.13065 112720
12 0.201028 0.188711 2.12833 112753
12 0.201019 0.18567 2.13045 112787
12 0.201766 0.188478 2.12427 112820
12 0.199567 0.19142 2.13112 112854
12 0.200419 0.195607 2.13285 112888
12 0.199045 0.204866 2.13221 112923
12 0.197888 0.218673 2.13223 112955
12 0.19792 0.237019 2.12629 112989
12 0.198665 0.26108 2.12332 113024
12 0.198704 0.283627 2.12597 113040
12 0.199545 0.306317 2.12446 113092
12 0.198922 0.332846 2.13746 113108
12 0.202654 0.356492 2.14129 113142
12 0.205166 0.378608 2.14538 113176
12 0.207763 0.399478 2.15858 113210
12 0.213336 0.415019 2.16196 113244
12 0.215678 0.432537 2.1762 113277
12 0.217808 0.443704 2.18634 113310

13 0.4725 0.572277 2.12072 117581
13 0.484277 0.580429 2.14276 117614
13 0.499609 0.586283 2.16059 117665
13 0.51103 0.589437 2.18627 117682
13 0.523924 0.591248 2.21148 117715
13 0.537213 0.585136 2.23705 117765
13 0.551499 0.581089 2.27022 117781
13 0.562 0.577483 2.28882 117815
13 0.572456 0.57413 2.30773 117849
13 0.582753 0.566725 2.34376 117883
13 0.596203 0.557394 2.36635 117916
13 0.602497 0.547596 2.3806 117950
13 0.60624 0.541361 2.39072 117984
13 0.60955 0.536689 2.40101 118017
13 0.612023 0.53508 2.41681 118049
13 0.617128 0.531457 2.42678 118083
13 0.620886 0.535548 2.42013 118132
13 0.616553 0.536892 2.41295 118164
13 0.613294 0.536604 2.40251 118180
13 0.610041 0.536277 2.39383 118231
13 0.607844 0.54467 2.37346 118264
13 0.599841 0.551343 2.35552 118281
13 0.592 0.558294 2.33184 118332
13 0.584797 0.565047 2.31795 118348
13 0.576376 0.570851 2.30326 118382
13 0.563481 0.577402 2.27877 118432
13 0.550429 0.584187 2.25714 118449
13 0.541347 0.588421 2.24166 118483
13 0.529246 0.590229 2.22074 118517
13 0.516407 0.590851 2.20341 118551
13 0.506075 0.58977 2.18433 118584
13 0.495108 0.585533 2.17124 118615
13 0.483304 0.578366 2.15312 118649
13 0.474224 0.572076 2.13202 118682
13 0.463862 0.561959 2.11413 118715
13 0.453353 0.554526 2.09936 118747
13 0.445661 0.541918 2.07992 118779
13 0.439374 0.531322 2.06562 118828
13 0.433423 0.521885 2.05485 118862
13 0.427125 0.512091 2.04639 118878
13 0.420819 0.50348 2.03413 118929
13 0.418698 0.495922 2.02796 118960
13 0.416434 0.488762 2.02674 118993
13 0.41453 0.48346 2.02194 119026
13 0.413709 0.481944 2.0214 119061
13 0.414597 0.484898 2.02661 119093
13 0.419238 0.488408 2.0262 119126
13 0.423331 0.492004 2.02615 119159
13 0.426964 0.500031 2.03577 119193
13 0.433695 0.509097 2.04199 119227
13 0.438629 0.52032 2.04725 119259
13 0.446007 0.531616 2.05396 119293
13 0.456328 0.542204 2.06649 119326
13 0.466755 0.553837 2.08771 119359
13 0.480441 0.560434 2.10389 119392
13 0.492661 0.565886 2.11349 119426
13 0.50748 0.56754 2.12606 119460
13 0.521764 0.567705 2.1399 119494
13 0.534989 0.569054 2.15459 119528

14 0.295105 0.128168 2.17174 124324
14 0.305285 0.126557 2.1739 124358
14 0.311227 0.125176 2.18105 124391
14 0.318637 0.125224 2.18779 124424
14 0.32196 0.124071 2.19484 124458
14 0.322871 0.123683 2.20281 124489
14 0.319125 0.121327 2.20709 124523
14 0.311719 0.121267 2.20855 124555
14 0.299188 0.120685 2.206 124588
14 0.284755 0.121474 2.20046 124622
14 0.272328 0.123602 2.19776 124655
14 0.262278 0.13297 2.19214 124689
14 0.255285 0.138815 2.19306 124721
14 0.251835 0.140927 2.19258 124754
14 0.256711 0.141197 2.19622 124787
14 0.261737 0.140352 2.20111 124820
14 0.270919 0.130141 2.21145 124853
14 0.282238 0.120166 2.22989 124887
14 0.297965 0.114907 2.23731 124920
14 0.312735 0.112429 2.24316 124952
14 0.324125 0.11159 2.25132 124985
14 0.337024 0.113979 2.25382 125018
14 0.341819 0.120258 2.25798 125069
14 0.34435 0.125509 2.25251 125086
14 0.336966 0.128102 2.25148 125120
14 0.329386 0.12324 2.24747 125154
14 0.318643 0.119433 2.24763 125187
14 0.307708 0.114703 2.25082 125221
14 0.295039 0.123821 2.232 125254
14 0.282441 0.131551 2.22098 125288
14 0.275492 0.138317 2.21377 125323
14 0.276637 0.14023 2.21073 125356

15 0.33034 0.211466 2.17901 127401
15 0.330182 0.205223 2.18025 127435
15 0.329905 0.200036 2.18387 127453
15 0.331029 0.197089 2.18727 127503
15 0.331931 0.195938 2.18625 127520
15 0.332223 0.194888 2.18775 127570
15 0.332103 0.194038 2.19015 127603
15 0.328613 0.190574 2.19389 127635
15 0.322378 0.190723 2.19738 127669
15 0.311286 0.191965 2.19887 127702
15 0.303105 0.198009 2.1974 127736
15 0.291633 0.202696 2.19837 127770
15 0.279885 0.212836 2.19641 127803
15 0.272066 0.218937 2.19689 127834
15 0.265135 0.223409 2.21091 127868
15 0.260563 0.22463 2.2261 127899
15 0.260492 0.225546 2.21767 127932
15 0.264421 0.225661 2.19998 127964
15 0.273662 0.220742 2.19257 127998
15 0.285369 0.213311 2.1923 128031
15 0.299248 0.203233 2.2016 128065
15 0.31477 0.197661 2.19651 128099
15 0.326174 0.191798 2.20117 128131
15 0.332934 0.195751 2.19949 128164
15 0.334344 0.199584 2.20509 128205
15 0.332946 0.19736 2.20498 128227
15 0.324408 0.194566 2.20705 128264
15 0.31247 0.197978 2.20253 128297
15 0.301085 0.204171 2.19306 128330
15 0.285028 0.213425 2.19773 128363
15 0.274581 0.21878 2.20309 128396
15 0.272353 0.225083 2.19514 128430
15 0.273397 0.227732 2.18968 128463
15 0.277611 0.227251 2.18854 128497
15 0.286892 0.225855 2.19141 128531
15 0.298953 0.218561 2.19181 128565

