Gesto: 0
0 0.669123 0.251093 1.45973 59914
0 0.667134 0.234686 1.46141 59982
0 0.661893 0.218565 1.45948 60032
0 0.656933 0.204657 1.46243 60083
0 0.648135 0.189883 1.45979 60150
0 0.639384 0.179364 1.4646 60200
0 0.629532 0.169624 1.46457 60251
0 0.619582 0.163271 1.4667 60319
0 0.607865 0.16479 1.47509 60369
0 0.597946 0.162463 1.47269 60419
0 0.58652 0.16289 1.4658 60486
0 0.576887 0.16785 1.46013 60537
0 0.566625 0.177067 1.45557 60588
0 0.557547 0.188244 1.45324 60657
0 0.548622 0.202234 1.44489 60707
0 0.545131 0.218272 1.43893 60757
0 0.539306 0.237323 1.43531 60808
0 0.539044 0.257807 1.43252 60874
0 0.539832 0.280903 1.43353 60925
0 0.542328 0.301245 1.42461 60992
0 0.548931 0.322862 1.4257 61041
0 0.556159 0.343021 1.41655 61092
0 0.563892 0.360531 1.41331 61158
0 0.573886 0.376315 1.41148 61209
0 0.584712 0.389822 1.41057 61260
0 0.594914 0.398355 1.41505 61327
0 0.60608 0.400941 1.41955 61375
0 0.617312 0.401742 1.42362 61425
0 0.626947 0.400367 1.42441 61491
0 0.638801 0.394725 1.42466 61540
0 0.648139 0.385965 1.43221 61607
0 0.656986 0.375091 1.43762 61656
0 0.662052 0.361168 1.44504 61706
0 0.665864 0.347674 1.45255 61773
0 0.668959 0.3317 1.45974 61822
0 0.670564 0.316338 1.46555 61887
0 0.6712 0.301132 1.47332 61935
0 0.670073 0.286838 1.47636 61984
0 0.669398 0.272781 1.47882 62051
0 0.668437 0.259025 1.47952 62101
0 0.6664 0.248973 1.48451 62168

