Gesto: 0
0 0.669123 0.251093 1.45973 59914
0 0.667134 0.234686 1.46141 59982
0 0.661893 0.218565 1.45948 60032
0 0.656933 0.204657 1.46243 60083
0 0.648135 0.189883 1.45979 60150
0 0.639384 0.179364 1.4646 60200
0 0.629532 0.169624 1.46457 60251
0 0.619582 0.163271 1.4667 60319
0 0.607865 0.16479 1.47509 60369
0 0.597946 0.162463 1.47269 60419
0 0.58652 0.16289 1.4658 60486
0 0.576887 0.16785 1.46013 60537
0 0.566625 0.177067 1.45557 60588
0 0.557547 0.188244 1.45324 60657
0 0.548622 0.202234 1.44489 60707
0 0.545131 0.218272 1.43893 60757
0 0.539306 0.237323 1.43531 60808
0 0.539044 0.257807 1.43252 60874
0 0.539832 0.280903 1.43353 60925
0 0.542328 0.301245 1.42461 60992
0 0.548931 0.322862 1.4257 61041
0 0.556159 0.343021 1.41655 61092
0 0.563892 0.360531 1.41331 61158
0 0.573886 0.376315 1.41148 61209
0 0.584712 0.389822 1.41057 61260
0 0.594914 0.398355 1.41505 61327
0 0.60608 0.400941 1.41955 61375
0 0.617312 0.401742 1.42362 61425
0 0.626947 0.400367 1.42441 61491
0 0.638801 0.394725 1.42466 61540
0 0.648139 0.385965 1.43221 61607
0 0.656986 0.375091 1.43762 61656
0 0.662052 0.361168 1.44504 61706
0 0.665864 0.347674 1.45255 61773
0 0.668959 0.3317 1.45974 61822
0 0.670564 0.316338 1.46555 61887
0 0.6712 0.301132 1.47332 61935
0 0.670073 0.286838 1.47636 61984
0 0.669398 0.272781 1.47882 62051
0 0.668437 0.259025 1.47952 62101
0 0.6664 0.248973 1.48451 62168
0 0.664923 0.240404 1.4869 62217

1 0.669123 0.251093 1.45973 59914
1 0.667134 0.234686 1.46141 59982
1 0.661893 0.218565 1.45948 60032
1 0.656933 0.204657 1.46243 60083
1 0.648135 0.189883 1.45979 60150
1 0.639384 0.179364 1.4646 60200
1 0.629532 0.169624 1.46457 60251
1 0.619582 0.163271 1.4667 60319
1 0.607865 0.16479 1.47509 60369
1 0.597946 0.162463 1.47269 60419
1 0.58652 0.16289 1.4658 60486
1 0.576887 0.16785 1.46013 60537
1 0.566625 0.177067 1.45557 60588
1 0.557547 0.188244 1.45324 60657
1 0.548622 0.202234 1.44489 60707
1 0.545131 0.218272 1.43893 60757
1 0.539306 0.237323 1.43531 60808
1 0.539044 0.257807 1.43252 60874
1 0.539832 0.280903 1.43353 60925
1 0.542328 0.301245 1.42461 60992
1 0.548931 0.322862 1.4257 61041
1 0.556159 0.343021 1.41655 61092
1 0.563892 0.360531 1.41331 61158
1 0.573886 0.376315 1.41148 61209
1 0.584712 0.389822 1.41057 61260
1 0.594914 0.398355 1.41505 61327
1 0.60608 0.400941 1.41955 61375
1 0.617312 0.401742 1.42362 61425
1 0.626947 0.400367 1.42441 61491
1 0.638801 0.394725 1.42466 61540
1 0.648139 0.385965 1.43221 61607
1 0.656986 0.375091 1.43762 61656
1 0.662052 0.361168 1.44504 61706
1 0.665864 0.347674 1.45255 61773
1 0.668959 0.3317 1.45974 61822
1 0.670564 0.316338 1.46555 61887
1 0.6712 0.301132 1.47332 61935
1 0.670073 0.286838 1.47636 61984
1 0.669398 0.272781 1.47882 62051
1 0.668437 0.259025 1.47952 62101
1 0.6664 0.248973 1.48451 62168
1 0.664923 0.240404 1.4869 62217

2 0.669123 0.251093 1.45973 59914
2 0.667134 0.234686 1.46141 59982
2 0.661893 0.218565 1.45948 60032
2 0.656933 0.204657 1.46243 60083
2 0.648135 0.189883 1.45979 60150
2 0.639384 0.179364 1.4646 60200
2 0.629532 0.169624 1.46457 60251
2 0.619582 0.163271 1.4667 60319
2 0.607865 0.16479 1.47509 60369
2 0.597946 0.162463 1.47269 60419
2 0.58652 0.16289 1.4658 60486
2 0.576887 0.16785 1.46013 60537
2 0.566625 0.177067 1.45557 60588
2 0.557547 0.188244 1.45324 60657
2 0.548622 0.202234 1.44489 60707
2 0.545131 0.218272 1.43893 60757
2 0.539306 0.237323 1.43531 60808
2 0.539044 0.257807 1.43252 60874
2 0.539832 0.280903 1.43353 60925
2 0.542328 0.301245 1.42461 60992
2 0.548931 0.322862 1.4257 61041
2 0.556159 0.343021 1.41655 61092
2 0.563892 0.360531 1.41331 61158
2 0.573886 0.376315 1.41148 61209
2 0.584712 0.389822 1.41057 61260
2 0.594914 0.398355 1.41505 61327
2 0.60608 0.400941 1.41955 61375
2 0.617312 0.401742 1.42362 61425
2 0.626947 0.400367 1.42441 61491
2 0.638801 0.394725 1.42466 61540
2 0.648139 0.385965 1.43221 61607
2 0.656986 0.375091 1.43762 61656
2 0.662052 0.361168 1.44504 61706
2 0.665864 0.347674 1.45255 61773
2 0.668959 0.3317 1.45974 61822
2 0.670564 0.316338 1.46555 61887
2 0.6712 0.301132 1.47332 61935
2 0.670073 0.286838 1.47636 61984
2 0.669398 0.272781 1.47882 62051
2 0.668437 0.259025 1.47952 62101
2 0.6664 0.248973 1.48451 62168
2 0.664923 0.240404 1.4869 62217

3 0.669123 0.251093 1.45973 59914
3 0.667134 0.234686 1.46141 59982
3 0.661893 0.218565 1.45948 60032
3 0.656933 0.204657 1.46243 60083
3 0.648135 0.189883 1.45979 60150
3 0.639384 0.179364 1.4646 60200
3 0.629532 0.169624 1.46457 60251
3 0.619582 0.163271 1.4667 60319
3 0.607865 0.16479 1.47509 60369
3 0.597946 0.162463 1.47269 60419
3 0.58652 0.16289 1.4658 60486
3 0.576887 0.16785 1.46013 60537
3 0.566625 0.177067 1.45557 60588
3 0.557547 0.188244 1.45324 60657
3 0.548622 0.202234 1.44489 60707
3 0.545131 0.218272 1.43893 60757
3 0.539306 0.237323 1.43531 60808
3 0.539044 0.257807 1.43252 60874
3 0.539832 0.280903 1.43353 60925
3 0.542328 0.301245 1.42461 60992
3 0.548931 0.322862 1.4257 61041
3 0.556159 0.343021 1.41655 61092
3 0.563892 0.360531 1.41331 61158
3 0.573886 0.376315 1.41148 61209
3 0.584712 0.389822 1.41057 61260
3 0.594914 0.398355 1.41505 61327
3 0.60608 0.400941 1.41955 61375
3 0.617312 0.401742 1.42362 61425
3 0.626947 0.400367 1.42441 61491
3 0.638801 0.394725 1.42466 61540
3 0.648139 0.385965 1.43221 61607
3 0.656986 0.375091 1.43762 61656
3 0.662052 0.361168 1.44504 61706
3 0.665864 0.347674 1.45255 61773
3 0.668959 0.3317 1.45974 61822
3 0.670564 0.316338 1.46555 61887
3 0.6712 0.301132 1.47332 61935
3 0.670073 0.286838 1.47636 61984
3 0.669398 0.272781 1.47882 62051
3 0.668437 0.259025 1.47952 62101
3 0.6664 0.248973 1.48451 62168
3 0.664923 0.240404 1.4869 62217

4 0.669123 0.251093 1.45973 59914
4 0.667134 0.234686 1.46141 59982
4 0.661893 0.218565 1.45948 60032
4 0.656933 0.204657 1.46243 60083
4 0.648135 0.189883 1.45979 60150
4 0.639384 0.179364 1.4646 60200
4 0.629532 0.169624 1.46457 60251
4 0.619582 0.163271 1.4667 60319
4 0.607865 0.16479 1.47509 60369
4 0.597946 0.162463 1.47269 60419
4 0.58652 0.16289 1.4658 60486
4 0.576887 0.16785 1.46013 60537
4 0.566625 0.177067 1.45557 60588
4 0.557547 0.188244 1.45324 60657
4 0.548622 0.202234 1.44489 60707
4 0.545131 0.218272 1.43893 60757
4 0.539306 0.237323 1.43531 60808
4 0.539044 0.257807 1.43252 60874
4 0.539832 0.280903 1.43353 60925
4 0.542328 0.301245 1.42461 60992
4 0.548931 0.322862 1.4257 61041
4 0.556159 0.343021 1.41655 61092
4 0.563892 0.360531 1.41331 61158
4 0.573886 0.376315 1.41148 61209
4 0.584712 0.389822 1.41057 61260
4 0.594914 0.398355 1.41505 61327
4 0.60608 0.400941 1.41955 61375
4 0.617312 0.401742 1.42362 61425
4 0.626947 0.400367 1.42441 61491
4 0.638801 0.394725 1.42466 61540
4 0.648139 0.385965 1.43221 61607
4 0.656986 0.375091 1.43762 61656
4 0.662052 0.361168 1.44504 61706
4 0.665864 0.347674 1.45255 61773
4 0.668959 0.3317 1.45974 61822
4 0.670564 0.316338 1.46555 61887
4 0.6712 0.301132 1.47332 61935
4 0.670073 0.286838 1.47636 61984
4 0.669398 0.272781 1.47882 62051
4 0.668437 0.259025 1.47952 62101
4 0.6664 0.248973 1.48451 62168
4 0.664923 0.240404 1.4869 62217

5 0.669123 0.251093 1.45973 59914
5 0.667134 0.234686 1.46141 59982
5 0.661893 0.218565 1.45948 60032
5 0.656933 0.204657 1.46243 60083
5 0.648135 0.189883 1.45979 60150
5 0.639384 0.179364 1.4646 60200
5 0.629532 0.169624 1.46457 60251
5 0.619582 0.163271 1.4667 60319
5 0.607865 0.16479 1.47509 60369
5 0.597946 0.162463 1.47269 60419
5 0.58652 0.16289 1.4658 60486
5 0.576887 0.16785 1.46013 60537
5 0.566625 0.177067 1.45557 60588
5 0.557547 0.188244 1.45324 60657
5 0.548622 0.202234 1.44489 60707
5 0.545131 0.218272 1.43893 60757
5 0.539306 0.237323 1.43531 60808
5 0.539044 0.257807 1.43252 60874
5 0.539832 0.280903 1.43353 60925
5 0.542328 0.301245 1.42461 60992
5 0.548931 0.322862 1.4257 61041
5 0.556159 0.343021 1.41655 61092
5 0.563892 0.360531 1.41331 61158
5 0.573886 0.376315 1.41148 61209
5 0.584712 0.389822 1.41057 61260
5 0.594914 0.398355 1.41505 61327
5 0.60608 0.400941 1.41955 61375
5 0.617312 0.401742 1.42362 61425
5 0.626947 0.400367 1.42441 61491
5 0.638801 0.394725 1.42466 61540
5 0.648139 0.385965 1.43221 61607
5 0.656986 0.375091 1.43762 61656
5 0.662052 0.361168 1.44504 61706
5 0.665864 0.347674 1.45255 61773
5 0.668959 0.3317 1.45974 61822
5 0.670564 0.316338 1.46555 61887
5 0.6712 0.301132 1.47332 61935
5 0.670073 0.286838 1.47636 61984
5 0.669398 0.272781 1.47882 62051
5 0.668437 0.259025 1.47952 62101
5 0.6664 0.248973 1.48451 62168
5 0.664923 0.240404 1.4869 62217

6 0.669123 0.251093 1.45973 59914
6 0.667134 0.234686 1.46141 59982
6 0.661893 0.218565 1.45948 60032
6 0.656933 0.204657 1.46243 60083
6 0.648135 0.189883 1.45979 60150
6 0.639384 0.179364 1.4646 60200
6 0.629532 0.169624 1.46457 60251
6 0.619582 0.163271 1.4667 60319
6 0.607865 0.16479 1.47509 60369
6 0.597946 0.162463 1.47269 60419
6 0.58652 0.16289 1.4658 60486
6 0.576887 0.16785 1.46013 60537
6 0.566625 0.177067 1.45557 60588
6 0.557547 0.188244 1.45324 60657
6 0.548622 0.202234 1.44489 60707
6 0.545131 0.218272 1.43893 60757
6 0.539306 0.237323 1.43531 60808
6 0.539044 0.257807 1.43252 60874
6 0.539832 0.280903 1.43353 60925
6 0.542328 0.301245 1.42461 60992
6 0.548931 0.322862 1.4257 61041
6 0.556159 0.343021 1.41655 61092
6 0.563892 0.360531 1.41331 61158
6 0.573886 0.376315 1.41148 61209
6 0.584712 0.389822 1.41057 61260
6 0.594914 0.398355 1.41505 61327
6 0.60608 0.400941 1.41955 61375
6 0.617312 0.401742 1.42362 61425
6 0.626947 0.400367 1.42441 61491
6 0.638801 0.394725 1.42466 61540
6 0.648139 0.385965 1.43221 61607
6 0.656986 0.375091 1.43762 61656
6 0.662052 0.361168 1.44504 61706
6 0.665864 0.347674 1.45255 61773
6 0.668959 0.3317 1.45974 61822
6 0.670564 0.316338 1.46555 61887
6 0.6712 0.301132 1.47332 61935
6 0.670073 0.286838 1.47636 61984
6 0.669398 0.272781 1.47882 62051
6 0.668437 0.259025 1.47952 62101
6 0.6664 0.248973 1.48451 62168
6 0.664923 0.240404 1.4869 62217

7 0.669123 0.251093 1.45973 59914
7 0.667134 0.234686 1.46141 59982
7 0.661893 0.218565 1.45948 60032
7 0.656933 0.204657 1.46243 60083
7 0.648135 0.189883 1.45979 60150
7 0.639384 0.179364 1.4646 60200
7 0.629532 0.169624 1.46457 60251
7 0.619582 0.163271 1.4667 60319
7 0.607865 0.16479 1.47509 60369
7 0.597946 0.162463 1.47269 60419
7 0.58652 0.16289 1.4658 60486
7 0.576887 0.16785 1.46013 60537
7 0.566625 0.177067 1.45557 60588
7 0.557547 0.188244 1.45324 60657
7 0.548622 0.202234 1.44489 60707
7 0.545131 0.218272 1.43893 60757
7 0.539306 0.237323 1.43531 60808
7 0.539044 0.257807 1.43252 60874
7 0.539832 0.280903 1.43353 60925
7 0.542328 0.301245 1.42461 60992
7 0.548931 0.322862 1.4257 61041
7 0.556159 0.343021 1.41655 61092
7 0.563892 0.360531 1.41331 61158
7 0.573886 0.376315 1.41148 61209
7 0.584712 0.389822 1.41057 61260
7 0.594914 0.398355 1.41505 61327
7 0.60608 0.400941 1.41955 61375
7 0.617312 0.401742 1.42362 61425
7 0.626947 0.400367 1.42441 61491
7 0.638801 0.394725 1.42466 61540
7 0.648139 0.385965 1.43221 61607
7 0.656986 0.375091 1.43762 61656
7 0.662052 0.361168 1.44504 61706
7 0.665864 0.347674 1.45255 61773
7 0.668959 0.3317 1.45974 61822
7 0.670564 0.316338 1.46555 61887
7 0.6712 0.301132 1.47332 61935
7 0.670073 0.286838 1.47636 61984
7 0.669398 0.272781 1.47882 62051
7 0.668437 0.259025 1.47952 62101
7 0.6664 0.248973 1.48451 62168
7 0.664923 0.240404 1.4869 62217

8 0.669123 0.251093 1.45973 59914
8 0.667134 0.234686 1.46141 59982
8 0.661893 0.218565 1.45948 60032
8 0.656933 0.204657 1.46243 60083
8 0.648135 0.189883 1.45979 60150
8 0.639384 0.179364 1.4646 60200
8 0.629532 0.169624 1.46457 60251
8 0.619582 0.163271 1.4667 60319
8 0.607865 0.16479 1.47509 60369
8 0.597946 0.162463 1.47269 60419
8 0.58652 0.16289 1.4658 60486
8 0.576887 0.16785 1.46013 60537
8 0.566625 0.177067 1.45557 60588
8 0.557547 0.188244 1.45324 60657
8 0.548622 0.202234 1.44489 60707
8 0.545131 0.218272 1.43893 60757
8 0.539306 0.237323 1.43531 60808
8 0.539044 0.257807 1.43252 60874
8 0.539832 0.280903 1.43353 60925
8 0.542328 0.301245 1.42461 60992
8 0.548931 0.322862 1.4257 61041
8 0.556159 0.343021 1.41655 61092
8 0.563892 0.360531 1.41331 61158
8 0.573886 0.376315 1.41148 61209
8 0.584712 0.389822 1.41057 61260
8 0.594914 0.398355 1.41505 61327
8 0.60608 0.400941 1.41955 61375
8 0.617312 0.401742 1.42362 61425
8 0.626947 0.400367 1.42441 61491
8 0.638801 0.394725 1.42466 61540
8 0.648139 0.385965 1.43221 61607
8 0.656986 0.375091 1.43762 61656
8 0.662052 0.361168 1.44504 61706
8 0.665864 0.347674 1.45255 61773
8 0.668959 0.3317 1.45974 61822
8 0.670564 0.316338 1.46555 61887
8 0.6712 0.301132 1.47332 61935
8 0.670073 0.286838 1.47636 61984
8 0.669398 0.272781 1.47882 62051
8 0.668437 0.259025 1.47952 62101
8 0.6664 0.248973 1.48451 62168
8 0.664923 0.240404 1.4869 62217

9 0.669123 0.251093 1.45973 59914
9 0.667134 0.234686 1.46141 59982
9 0.661893 0.218565 1.45948 60032
9 0.656933 0.204657 1.46243 60083
9 0.648135 0.189883 1.45979 60150
9 0.639384 0.179364 1.4646 60200
9 0.629532 0.169624 1.46457 60251
9 0.619582 0.163271 1.4667 60319
9 0.607865 0.16479 1.47509 60369
9 0.597946 0.162463 1.47269 60419
9 0.58652 0.16289 1.4658 60486
9 0.576887 0.16785 1.46013 60537
9 0.566625 0.177067 1.45557 60588
9 0.557547 0.188244 1.45324 60657
9 0.548622 0.202234 1.44489 60707
9 0.545131 0.218272 1.43893 60757
9 0.539306 0.237323 1.43531 60808
9 0.539044 0.257807 1.43252 60874
9 0.539832 0.280903 1.43353 60925
9 0.542328 0.301245 1.42461 60992
9 0.548931 0.322862 1.4257 61041
9 0.556159 0.343021 1.41655 61092
9 0.563892 0.360531 1.41331 61158
9 0.573886 0.376315 1.41148 61209
9 0.584712 0.389822 1.41057 61260
9 0.594914 0.398355 1.41505 61327
9 0.60608 0.400941 1.41955 61375
9 0.617312 0.401742 1.42362 61425
9 0.626947 0.400367 1.42441 61491
9 0.638801 0.394725 1.42466 61540
9 0.648139 0.385965 1.43221 61607
9 0.656986 0.375091 1.43762 61656
9 0.662052 0.361168 1.44504 61706
9 0.665864 0.347674 1.45255 61773
9 0.668959 0.3317 1.45974 61822
9 0.670564 0.316338 1.46555 61887
9 0.6712 0.301132 1.47332 61935
9 0.670073 0.286838 1.47636 61984
9 0.669398 0.272781 1.47882 62051
9 0.668437 0.259025 1.47952 62101
9 0.6664 0.248973 1.48451 62168
9 0.664923 0.240404 1.4869 62217

