Gesto: 0
0 0.316485 0.576376 1.87016 214538
0 0.318008 0.578781 1.86632 214571
0 0.317207 0.577871 1.86437 214605
0 0.316948 0.578942 1.87461 214638
0 0.316 0.578436 1.87617 214672
0 0.310749 0.579125 1.87946 214706
0 0.306478 0.577908 1.88075 214740
0 0.303661 0.570346 1.87706 214772
0 0.299671 0.563004 1.87067 214805
0 0.29628 0.555639 1.86594 214838
0 0.291404 0.547485 1.85342 214872
0 0.288387 0.540381 1.84855 214906
0 0.285087 0.531592 1.84095 214939
0 0.284622 0.520977 1.82796 214971
0 0.28485 0.509188 1.8137 215004
0 0.285517 0.501603 1.80564 215037
0 0.287521 0.491253 1.79001 215069
0 0.288725 0.484104 1.78013 215102
0 0.294031 0.475659 1.76957 215136
0 0.298637 0.469444 1.75934 215168
0 0.303092 0.466199 1.7522 215200
0 0.311002 0.462431 1.74442 215233
0 0.315562 0.459824 1.73525 215265
0 0.32392 0.457711 1.72694 215299
0 0.33195 0.460734 1.72591 215332
0 0.338309 0.461892 1.71877 215366
0 0.343891 0.467649 1.71567 215399
0 0.349858 0.471517 1.71315 215432
0 0.35384 0.47552 1.71063 215466
0 0.359095 0.480605 1.71407 215500
0 0.362615 0.489563 1.71651 215533
0 0.364956 0.497808 1.71864 215566
0 0.365955 0.504895 1.71856 215599
0 0.366392 0.512769 1.72237 215633
0 0.36905 0.5221 1.73155 215666
0 0.370815 0.528816 1.73876 215700
0 0.372057 0.535926 1.75015 215734
0 0.372128 0.543253 1.75757 215767
0 0.368672 0.549707 1.75995 215799
0 0.365421 0.553782 1.76561 215832
0 0.363046 0.558717 1.77439 215865
0 0.361653 0.565605 1.78077 215899
0 0.359622 0.568039 1.78808 215932
0 0.357709 0.570042 1.7973 215966
0 0.353327 0.573512 1.80058 215999
0 0.349952 0.574309 1.80943 216033
0 0.34845 0.57634 1.81415 216065
0 0.346978 0.577446 1.82224 216098
0 0.34195 0.578963 1.82512 216132
0 0.337566 0.578993 1.83081 216164
0 0.331513 0.580964 1.83778 216196
0 0.327317 0.583191 1.83806 216229
0 0.322707 0.580716 1.83723 216263
0 0.319706 0.57976 1.84185 216297
0 0.318626 0.578035 1.84438 216331
0 0.312801 0.579395 1.84863 216364
0 0.308064 0.576661 1.84512 216398
0 0.305723 0.576432 1.84769 216432
0 0.304399 0.576223 1.84918 216467
0 0.304717 0.573178 1.84832 216500

