
---START: 2014-02-07-11-22-53-969---
/joint l_shoulder 2 0.428268 0.270265 2.26923 69312
/joint l_elbow 2 0.453567 0.461999 2.21944 69312
/joint l_hand 2 0.478107 0.625195 2.10525 69339
/joint r_shoulder 2 0.293987 0.261264 2.24211 69356
/joint r_elbow 2 0.25824 0.45349 2.21307 69372
/joint r_hand 2 0.260189 0.621051 2.11264 69388
/joint torso 2 0.358009 0.389091 2.22533 69405
/joint l_hip 2 0.39792 0.515301 2.20368 69422
/joint l_knee 2 0.393691 0.764081 2.24186 69438
/joint l_foot 2 0.406047 0.97307 2.2365 69455
/joint r_hip 2 0.311862 0.509532 2.18629 69472
/joint r_knee 2 0.337927 0.755302 2.23216 69489
/joint r_foot 2 0.335663 0.981675 2.20301 69506
/joint head 2 0.364748 0.143964 2.29141 69522
/joint neck 2 0.361197 0.262503 2.25721 69539
/joint l_shoulder 2 0.428362 0.266952 2.27033 69555
/joint l_elbow 2 0.453538 0.461473 2.22342 69572
/joint l_hand 2 0.478295 0.626419 2.11164 69589
/joint r_shoulder 2 0.294032 0.258053 2.24409 69606
/joint r_elbow 2 0.260952 0.447583 2.22104 69623
/joint r_hand 2 0.257034 0.617609 2.12775 69639
/joint torso 2 0.358179 0.385651 2.22505 69656
/joint l_hip 2 0.398204 0.511651 2.20129 69673
/joint l_knee 2 0.393168 0.760309 2.24119 69690
/joint l_foot 2 0.405418 0.977171 2.2409 69706
/joint r_hip 2 0.312116 0.505947 2.18447 69722
/joint r_knee 2 0.3384 0.75178 2.22975 69739
/joint r_foot 2 0.335068 0.981265 2.20406 69755
/joint head 2 0.36432 0.14424 2.2932 69772
/joint neck 2 0.361355 0.262552 2.25775 69789
/joint l_shoulder 2 0.428522 0.266956 2.2709 69806
/joint l_elbow 2 0.453715 0.46095 2.22662 69823
/joint l_hand 2 0.479287 0.626176 2.11608 69840
/joint r_shoulder 2 0.294189 0.258148 2.2446 69858
/joint r_elbow 2 0.263673 0.444636 2.23285 69858
/joint r_hand 2 0.254987 0.614719 2.13843 69874
/joint torso 2 0.358452 0.385574 2.22435 69891
/joint l_hip 2 0.398595 0.511417 2.19937 69909
/joint l_knee 2 0.395655 0.760185 2.23857 69925
/joint l_foot 2 0.406281 0.978714 2.24077 69942
/joint r_hip 2 0.312505 0.505773 2.18252 69958
/joint r_knee 2 0.339642 0.751206 2.23076 69975
/joint r_foot 2 0.334792 0.984433 2.20408 69991
/joint head 2 0.365063 0.141309 2.29443 70024
/joint neck 2 0.362135 0.259864 2.2583 70024
/joint l_shoulder 2 0.429225 0.264255 2.27287 70058
/joint l_elbow 2 0.45322 0.460944 2.22937 70058
/joint l_hand 2 0.47916 0.627535 2.1231 70075
/joint r_shoulder 2 0.295045 0.255472 2.24373 70091
/joint r_elbow 2 0.264648 0.443154 2.24062 70112
/joint r_hand 2 0.253032 0.613269 2.15012 70124
/joint torso 2 0.359437 0.382863 2.22457 70140
/joint l_hip 2 0.399739 0.508678 2.20019 70173
/joint l_knee 2 0.397794 0.757114 2.24401 70173
/joint l_foot 2 0.406244 0.975005 2.24397 70208
/joint r_hip 2 0.313741 0.503048 2.18151 70208
/joint r_knee 2 0.341451 0.7485 2.22841 70225
/joint r_foot 2 0.335633 0.982802 2.20389 70242
/joint head 2 0.3658 0.142004 2.29506 70259
/joint neck 2 0.362879 0.260318 2.25773 70276
/joint l_shoulder 2 0.429926 0.264741 2.27307 70292
/joint l_elbow 2 0.453361 0.460165 2.23195 70308
/joint l_hand 2 0.480476 0.627764 2.13004 70325
/joint r_shoulder 2 0.295832 0.255895 2.24239 70342
/joint r_elbow 2 0.264744 0.447102 2.24258 70359
/joint r_hand 2 0.252085 0.619743 2.15904 70376
/joint torso 2 0.36029 0.383233 2.22325 70393
/joint l_hip 2 0.40067 0.508982 2.1986 70410
/joint l_knee 2 0.395556 0.757438 2.24088 70427
/joint l_foot 2 0.405243 0.980061 2.24304 70444
/joint r_hip 2 0.314733 0.503313 2.17893 70460
/joint r_knee 2 0.344405 0.748417 2.22507 70476
/joint r_foot 2 0.334794 0.985736 2.20141 70493
/joint head 2 0.36641 0.142364 2.28635 70509
/joint neck 2 0.36323 0.261604 2.25439 70526
/joint l_shoulder 2 0.430371 0.26567 2.26817 70543
/joint l_elbow 2 0.454623 0.457672 2.23041 70560
/joint l_hand 2 0.482007 0.626596 2.13326 70577
/joint r_shoulder 2 0.296089 0.257537 2.24061 70594
/joint r_elbow 2 0.264415 0.449083 2.24745 70610
/joint r_hand 2 0.249496 0.622896 2.16698 70627
/joint torso 2 0.360593 0.384956 2.22387 70643
/joint l_hip 2 0.400987 0.510916 2.20219 70660
/joint l_knee 2 0.39541 0.759393 2.24433 70677
/joint l_foot 2 0.405404 0.980609 2.2466 70693
/joint r_hip 2 0.314924 0.505703 2.18453 70710
/joint r_knee 2 0.343788 0.75067 2.23421 70727
/joint r_foot 2 0.334287 0.987568 2.20948 70744
/joint head 2 0.366753 0.141294 2.2816 70761
/joint neck 2 0.362973 0.261007 2.25243 70778
/joint l_shoulder 2 0.430145 0.265443 2.26535 70794
/joint l_elbow 2 0.455252 0.456962 2.2304 70811
/joint l_hand 2 0.482439 0.626024 2.13319 70828
/joint r_shoulder 2 0.295802 0.256571 2.2395 70845
/joint r_elbow 2 0.263663 0.453964 2.2495 70862
/joint r_hand 2 0.249987 0.632076 2.1803 70880
/joint torso 2 0.359761 0.384544 2.2238 70896
/joint l_hip 2 0.399597 0.510925 2.20346 70912
/joint l_knee 2 0.394031 0.759473 2.24485 70928
/joint l_foot 2 0.404073 0.979184 2.24467 70945
/joint r_hip 2 0.3135 0.505239 2.1869 70962
/joint r_knee 2 0.342095 0.751072 2.22502 70978
/joint r_foot 2 0.333188 0.985104 2.20706 70994
/joint head 2 0.368087 0.142841 2.27885 71011
/joint neck 2 0.363598 0.262701 2.25109 71028
/joint l_shoulder 2 0.430834 0.267579 2.26206 71044
/joint l_elbow 2 0.454395 0.457646 2.23002 71061
/joint l_hand 2 0.482675 0.625808 2.1339 71078
/joint r_shoulder 2 0.296363 0.257824 2.24011 71094
/joint r_elbow 2 0.264068 0.453807 2.25094 71111
/joint r_hand 2 0.248574 0.630586 2.1742 71128
/joint torso 2 0.359663 0.386348 2.22387 71144
/joint l_hip 2 0.398822 0.51312 2.20368 71161
/joint l_knee 2 0.394593 0.761437 2.24855 71178
/joint l_foot 2 0.405069 0.98163 2.24303 71194
/joint r_hip 2 0.312635 0.506867 2.18961 71211
/joint r_knee 2 0.341466 0.752668 2.22846 71228
/joint r_foot 2 0.333228 0.987382 2.20783 71244
/joint head 2 0.367481 0.142315 2.27795 71260
/joint neck 2 0.36385 0.262187 2.25097 71277
/joint l_shoulder 2 0.431018 0.266835 2.26367 71294
/joint l_elbow 2 0.453948 0.458507 2.23145 71311
/joint l_hand 2 0.482454 0.625822 2.13385 71328
/joint r_shoulder 2 0.296681 0.25754 2.23827 71343
/joint r_elbow 2 0.262499 0.45321 2.25006 71360
/joint r_hand 2 0.248632 0.630812 2.17946 71377
/joint torso 2 0.360327 0.385856 2.22366 71394
/joint l_hip 2 0.399852 0.512502 2.2045 71411
/joint l_knee 2 0.397703 0.761156 2.24537 71428
/joint l_foot 2 0.407071 0.979463 2.24291 71445
/joint r_hip 2 0.313758 0.506545 2.18822 71463
/joint r_knee 2 0.342948 0.75246 2.22471 71479
/joint r_foot 2 0.334951 0.985523 2.20234 71496
/joint head 2 0.368021 0.141862 2.27736 71514
/joint neck 2 0.364152 0.262077 2.25087 71530
/joint l_shoulder 2 0.431379 0.266476 2.26257 71547
/joint l_elbow 2 0.453729 0.458669 2.23052 71564
/joint l_hand 2 0.482571 0.625198 2.12967 71581
/joint r_shoulder 2 0.296925 0.257678 2.23917 71598
/joint r_elbow 2 0.26347 0.453176 2.25318 71615
/joint r_hand 2 0.248904 0.630966 2.18096 71632
/joint torso 2 0.360769 0.385795 2.22396 71648
/joint l_hip 2 0.400468 0.512333 2.20454 71665
/joint l_knee 2 0.399319 0.761414 2.23892 71682
/joint l_foot 2 0.406569 0.976847 2.24025 71698
/joint r_hip 2 0.314304 0.506695 2.18955 71715
/joint r_knee 2 0.343029 0.752597 2.22791 71732
/joint r_foot 2 0.334265 0.985262 2.20631 71748
/joint head 2 0.36827 0.139711 2.27629 71765
/joint neck 2 0.364073 0.260354 2.25081 71782
/joint l_shoulder 2 0.431326 0.264928 2.26181 71798
/joint l_elbow 2 0.454418 0.459286 2.22573 71815
/joint l_hand 2 0.482515 0.625048 2.12579 71832
/joint r_shoulder 2 0.296821 0.25578 2.23981 71848
/joint r_elbow 2 0.262998 0.451318 2.25353 71864
/joint r_hand 2 0.247225 0.627293 2.17522 71881
/joint torso 2 0.3604 0.384145 2.22481 71899
/joint l_hip 2 0.399827 0.510867 2.20585 71915
/joint l_knee 2 0.399726 0.760048 2.23909 71931
/joint l_foot 2 0.405464 0.974538 2.24093 71948
/joint r_hip 2 0.313629 0.505005 2.19175 71965
/joint r_knee 2 0.341436 0.751143 2.22952 71982
/joint r_foot 2 0.333378 0.983582 2.20629 71999
/joint head 2 0.369704 0.139874 2.26755 72016
/joint neck 2 0.365044 0.260865 2.24762 72033
/joint l_shoulder 2 0.432357 0.26544 2.25693 72050
/joint l_elbow 2 0.454569 0.458275 2.22066 72066
/joint l_hand 2 0.48253 0.624708 2.12231 72083
/joint r_shoulder 2 0.297731 0.256289 2.23831 72100
/joint r_elbow 2 0.264132 0.447289 2.25293 72117
/joint r_hand 2 0.249315 0.620378 2.16549 72134
/joint torso 2 0.36103 0.385004 2.22644 72150
/joint l_hip 2 0.400157 0.512076 2.21122 72167
/joint l_knee 2 0.398224 0.76124 2.24461 72184
/joint l_foot 2 0.406884 0.978019 2.24473 72201
/joint r_hip 2 0.313874 0.506211 2.19928 72217
/joint r_knee 2 0.342177 0.752538 2.23232 72233
/joint r_foot 2 0.33425 0.988112 2.21159 72250
/joint head 2 0.369068 0.139912 2.27186 72267
/joint neck 2 0.364881 0.260616 2.24861 72285
/joint l_shoulder 2 0.432239 0.264626 2.25723 72301
/joint l_elbow 2 0.4554 0.45752 2.21737 72318
/joint l_hand 2 0.482812 0.624232 2.11943 72334
/joint r_shoulder 2 0.297522 0.256606 2.23999 72351
/joint r_elbow 2 0.265064 0.448389 2.25267 72368
/joint r_hand 2 0.25142 0.620497 2.15967 72385
/joint torso 2 0.361475 0.384625 2.22524 72402
/joint l_hip 2 0.401237 0.511204 2.20739 72418
/joint l_knee 2 0.400782 0.76073 2.23343 72435
/joint l_foot 2 0.408055 0.976326 2.23696 72452
/joint r_hip 2 0.314902 0.506065 2.19635 72469
/joint r_knee 2 0.342751 0.752865 2.22113 72486
/joint r_foot 2 0.335394 0.985503 2.20145 72503
/joint head 2 0.369368 0.142157 2.26573 72520
/joint neck 2 0.364579 0.262762 2.24585 72537
/joint l_shoulder 2 0.431936 0.26742 2.25376 72554
/joint l_elbow 2 0.455639 0.457147 2.2149 72571
/joint l_hand 2 0.481547 0.624131 2.11238 72588
/joint r_shoulder 2 0.297222 0.258103 2.23794 72604
/joint r_elbow 2 0.264963 0.44841 2.25055 72621
/joint r_hand 2 0.252273 0.62107 2.15908 72638
/joint torso 2 0.360358 0.386931 2.22507 72655
/joint l_hip 2 0.399305 0.514087 2.20936 72671
/joint l_knee 2 0.399308 0.7636 2.23638 72688
/joint l_foot 2 0.40508 0.979758 2.24342 72704
/joint r_hip 2 0.312971 0.508116 2.19922 72721
/joint r_knee 2 0.339856 0.75479 2.23027 72738
/joint r_foot 2 0.333037 0.989408 2.20935 72754
/joint head 2 0.36961 0.142795 2.26222 72771
/joint neck 2 0.36461 0.263363 2.24421 72788
/joint l_shoulder 2 0.431968 0.268085 2.25209 72805
/joint l_elbow 2 0.454974 0.458 2.20933 72821
/joint l_hand 2 0.480862 0.624282 2.10871 72838
/joint r_shoulder 2 0.297252 0.258641 2.23632 72855
/joint r_elbow 2 0.265301 0.447374 2.25099 72872
/joint r_hand 2 0.254024 0.615921 2.14427 72889
/joint torso 2 0.360283 0.387627 2.22462 72906
/joint l_hip 2 0.399123 0.514917 2.21009 72922
/joint l_knee 2 0.399117 0.764704 2.22988 72939
/joint l_foot 2 0.406829 0.979895 2.24256 72956
/joint r_hip 2 0.31279 0.508865 2.19998 72973
/joint r_knee 2 0.343678 0.754811 2.2286 72973
/joint r_foot 2 0.334286 0.986615 2.20638 73006
/joint head 2 0.36938 0.141553 2.26956 73024
/joint neck 2 0.364651 0.261301 2.24707 73024
/joint l_shoulder 2 0.432074 0.26572 2.25209 73040
/joint l_elbow 2 0.454615 0.459485 2.20661 73073
/joint l_hand 2 0.479708 0.625154 2.10305 73073
/joint r_shoulder 2 0.297227 0.256882 2.24204 73108
/joint r_elbow 2 0.265835 0.44971 2.24817 73108
/joint r_hand 2 0.256254 0.617397 2.13568 73124
/joint torso 2 0.360513 0.385283 2.22384 73141
---STOP: 2014-02-07-11-22-57-839---
