
---START: 2014-04-14-17-12-02-015---
/joint neck 1 0.518142 0.31507 2.21224 276805
/joint l_shoulder 1 0.589133 0.318221 2.18461 276838
/joint l_elbow 1 0.656385 0.433366 2.06959 276855
/joint l_hand 1 0.685118 0.373777 1.8752 276871
/joint r_shoulder 1 0.447151 0.31192 2.23986 276905
/joint r_elbow 1 0.437408 0.4618 2.19379 276922
/joint r_hand 1 0.427994 0.606164 2.0913 276939
/joint torso 1 0.513361 0.432294 2.19318 276972
/joint l_hip 1 0.548677 0.551297 2.15851 276989
/joint l_knee 1 0.555255 0.785625 2.20001 277006
/joint l_foot 1 0.552974 1.00687 2.11181 277040
/joint r_hip 1 0.468483 0.547738 2.18972 277057
/joint r_knee 1 0.462866 0.783593 2.20329 277073
/joint r_foot 1 0.432909 1.00676 2.02788 277107
/joint head 1 0.518011 0.201801 2.22691 277124
/joint neck 1 0.513765 0.316205 2.20846 277141
/joint l_shoulder 1 0.58464 0.319119 2.17956 277158
/joint l_elbow 1 0.65104 0.427879 2.07072 277192
/joint l_hand 1 0.670859 0.372679 1.86629 277209
/joint r_shoulder 1 0.442891 0.31329 2.23736 277225
/joint r_elbow 1 0.431575 0.46189 2.19425 277259
/joint r_hand 1 0.422341 0.605611 2.08928 277275
/joint torso 1 0.509084 0.433424 2.18914 277292
/joint l_hip 1 0.544432 0.552289 2.15349 277326
/joint l_knee 1 0.553929 0.786194 2.19797 277343
/joint l_foot 1 0.553177 1.00572 2.11098 277360
/joint r_hip 1 0.464373 0.548996 2.18614 277393
/joint r_knee 1 0.460743 0.784994 2.19642 277410
/joint r_foot 1 0.433026 1.00743 2.02328 277427
/joint head 1 0.513559 0.199503 2.22495 277461
/joint neck 1 0.510331 0.31442 2.20603 277478
/joint l_shoulder 1 0.581209 0.316501 2.17698 277494
/joint l_elbow 1 0.646214 0.422524 2.06154 277528
/joint l_hand 1 0.655641 0.372615 1.84893 277545
/joint r_shoulder 1 0.439453 0.312339 2.23508 277562
/joint r_elbow 1 0.427468 0.464014 2.19332 277596
/joint r_hand 1 0.416972 0.608251 2.09025 277613
/joint torso 1 0.506312 0.431605 2.18569 277631
/joint l_hip 1 0.542325 0.549965 2.14894 277647
/joint l_knee 1 0.553586 0.78358 2.19544 277681
/joint l_foot 1 0.555704 1.00264 2.11047 277697
/joint r_hip 1 0.46226 0.547615 2.18176 277714
/joint r_knee 1 0.460639 0.783705 2.18518 277749
/joint r_foot 1 0.436381 1.00171 2.02937 277766
/joint head 1 0.509236 0.198921 2.22358 277782
/joint neck 1 0.506723 0.313572 2.20357 277815
/joint l_shoulder 1 0.577639 0.314956 2.17478 277831
/joint l_elbow 1 0.642437 0.414379 2.06125 277847
/joint l_hand 1 0.644931 0.374618 1.84284 277880
/joint r_shoulder 1 0.435807 0.312188 2.23236 277897
/joint r_elbow 1 0.424039 0.464262 2.19302 277914
/joint r_hand 1 0.412273 0.610007 2.09548 277947
/joint torso 1 0.503244 0.430686 2.18196 277964
/joint l_hip 1 0.53982 0.548581 2.14409 277981
/joint l_knee 1 0.550084 0.782117 2.19259 278015
/joint l_foot 1 0.555314 1.00422 2.10655 278032
/joint r_hip 1 0.459711 0.547018 2.17661 278049
/joint r_knee 1 0.459987 0.782889 2.19014 278083
/joint r_foot 1 0.436042 1.00304 2.02617 278100
/joint head 1 0.502951 0.198141 2.23192 278117
/joint neck 1 0.502607 0.312328 2.20385 278151
/joint l_shoulder 1 0.573648 0.310893 2.17667 278168
/joint l_elbow 1 0.635089 0.417853 2.06145 278186
/joint l_hand 1 0.634046 0.380939 1.83896 278202
/joint r_shoulder 1 0.431566 0.313762 2.23104 278236
/joint r_elbow 1 0.418133 0.464087 2.1907 278253
/joint r_hand 1 0.407547 0.611978 2.10031 278270
/joint torso 1 0.501336 0.428918 2.17672 278304
/joint l_hip 1 0.540208 0.544698 2.13423 278321
/joint l_knee 1 0.550684 0.778274 2.18231 278338
/joint l_foot 1 0.558992 1.0023 2.09817 278372
/joint r_hip 1 0.459921 0.546319 2.16496 278389
/joint r_knee 1 0.462184 0.781897 2.18667 278406
/joint r_foot 1 0.437872 1.00451 2.01766 278440
/joint head 1 0.498798 0.199786 2.23609 278457
/joint neck 1 0.499704 0.312882 2.20257 278474
/joint l_shoulder 1 0.570994 0.309303 2.17887 278491
/joint l_elbow 1 0.630064 0.416717 2.05534 278525
/joint l_hand 1 0.623525 0.385523 1.83248 278542
/joint r_shoulder 1 0.428415 0.316461 2.22627 278559
/joint r_elbow 1 0.412575 0.465609 2.19057 278592
/joint r_hand 1 0.403804 0.614255 2.10202 278609
/joint torso 1 0.500346 0.428948 2.17086 278626
/joint l_hip 1 0.541266 0.542991 2.12575 278660
/joint l_knee 1 0.550185 0.776289 2.17779 278677
/joint l_foot 1 0.559663 1.00424 2.10212 278693
/joint r_hip 1 0.460711 0.547035 2.15253 278725
/joint r_knee 1 0.460653 0.782523 2.17774 278742
/joint r_foot 1 0.437762 1.00723 2.0128 278759
/joint head 1 0.493417 0.199122 2.22995 278793
/joint neck 1 0.495293 0.312384 2.19853 278810
/joint l_shoulder 1 0.566512 0.307784 2.17409 278827
/joint l_elbow 1 0.622447 0.423454 2.05422 278860
/joint l_hand 1 0.614257 0.391879 1.83065 278877
/joint r_shoulder 1 0.424074 0.316984 2.22296 278895
/joint r_elbow 1 0.409799 0.472395 2.1902 278929
/joint r_hand 1 0.397442 0.61923 2.09671 278946
/joint torso 1 0.496816 0.428523 2.16709 278963
/joint l_hip 1 0.538552 0.542065 2.12186 278980
/joint l_knee 1 0.546088 0.775624 2.17218 279013
/joint l_foot 1 0.555277 1.00463 2.10721 279030
/joint r_hip 1 0.458126 0.54726 2.14945 279047
/joint r_knee 1 0.45445 0.782277 2.18164 279080
/joint r_foot 1 0.435214 1.00479 2.02709 279097
/joint head 1 0.488857 0.198183 2.23467 279114
/joint neck 1 0.491921 0.311618 2.19768 279147
/joint l_shoulder 1 0.563235 0.305788 2.17493 279164
/joint l_elbow 1 0.616697 0.42604 2.05563 279181
/joint l_hand 1 0.60695 0.399542 1.82949 279214
/joint r_shoulder 1 0.420607 0.317449 2.22044 279231
/joint r_elbow 1 0.404517 0.478399 2.1881 279248
/joint r_hand 1 0.390507 0.626585 2.09626 279282
/joint torso 1 0.494449 0.427275 2.1627 279299
/joint l_hip 1 0.537253 0.539638 2.11486 279316
/joint l_knee 1 0.545105 0.773425 2.1626 279350
/joint l_foot 1 0.556589 1.00217 2.1056 279367
/joint r_hip 1 0.4567 0.546224 2.14057 279385
/joint r_knee 1 0.454497 0.781104 2.17626 279417
/joint r_foot 1 0.436249 1.00464 2.01909 279433
/joint head 1 0.483822 0.199476 2.23745 279450
/joint neck 1 0.488283 0.312218 2.19613 279484
/joint l_shoulder 1 0.559693 0.304708 2.17593 279501
/joint l_elbow 1 0.612458 0.428111 2.05516 279518
/joint l_hand 1 0.600389 0.406524 1.82889 279552
/joint r_shoulder 1 0.416873 0.319729 2.21632 279569
/joint r_elbow 1 0.399928 0.476318 2.18785 279586
/joint r_hand 1 0.38864 0.626799 2.10125 279602
/joint torso 1 0.492376 0.4273 2.15771 279636
/joint l_hip 1 0.536807 0.538138 2.10789 279653
/joint l_knee 1 0.541821 0.772301 2.15259 279670
/joint l_foot 1 0.557986 1.00287 2.10516 279703
/joint r_hip 1 0.45613 0.546624 2.1307 279720
/joint r_knee 1 0.453761 0.780674 2.17646 279737
/joint r_foot 1 0.436812 1.00637 2.01778 279770
/joint head 1 0.478082 0.200422 2.22944 279787
/joint neck 1 0.483171 0.313036 2.19138 279804
/joint l_shoulder 1 0.554603 0.304655 2.17209 279838
/joint l_elbow 1 0.60642 0.428641 2.05962 279855
/joint l_hand 1 0.594464 0.414051 1.83301 279872
/joint r_shoulder 1 0.411739 0.321418 2.21066 279905
/joint r_elbow 1 0.395194 0.479469 2.18846 279922
/joint r_hand 1 0.386476 0.631239 2.10464 279939
/joint torso 1 0.488361 0.428411 2.15544 279973
/joint l_hip 1 0.533889 0.539053 2.10861 279989
/joint l_knee 1 0.537125 0.773542 2.15004 280006
/joint l_foot 1 0.555394 1.00413 2.113 280040
/joint r_hip 1 0.453211 0.54852 2.13039 280057
/joint r_knee 1 0.449359 0.78225 2.17986 280075
/joint r_foot 1 0.434117 1.00879 2.02718 280109
/joint head 1 0.473474 0.198468 2.21729 280124
/joint neck 1 0.479745 0.312144 2.18589 280141
/joint l_shoulder 1 0.551279 0.303279 2.16867 280158
/joint l_elbow 1 0.602414 0.431791 2.06186 280192
/joint l_hand 1 0.591191 0.422371 1.83442 280209
/joint r_shoulder 1 0.408211 0.321009 2.20311 280226
/joint r_elbow 1 0.391728 0.481452 2.18798 280260
/joint r_hand 1 0.384855 0.63397 2.10584 280277
/joint torso 1 0.485951 0.428029 2.15479 280294
/joint l_hip 1 0.532561 0.538907 2.11396 280328
/joint l_knee 1 0.538001 0.774045 2.14173 280345
/joint l_foot 1 0.557706 1.00146 2.11775 280363
/joint r_hip 1 0.451755 0.548921 2.13341 280396
/joint r_knee 1 0.449826 0.781881 2.19063 280413
/joint r_foot 1 0.435632 1.00853 2.02847 280430
/joint head 1 0.468958 0.197131 2.21936 280447
/joint neck 1 0.476362 0.311216 2.18465 280481
/joint l_shoulder 1 0.547971 0.301459 2.17005 280498
/joint l_elbow 1 0.595156 0.441409 2.06259 280515
/joint l_hand 1 0.591084 0.430448 1.83534 280550
/joint r_shoulder 1 0.404754 0.320974 2.19926 280567
/joint r_elbow 1 0.388643 0.48657 2.18581 280584
/joint r_hand 1 0.380061 0.639261 2.10653 280618
/joint torso 1 0.483553 0.426826 2.1519 280635
/joint l_hip 1 0.531193 0.536924 2.11089 280652
/joint l_knee 1 0.535444 0.772566 2.12672 280685
/joint l_foot 1 0.557857 0.99883 2.10743 280702
/joint r_hip 1 0.450294 0.547947 2.1274 280719
/joint r_knee 1 0.448037 0.781532 2.17879 280735
/joint r_foot 1 0.436823 1.00334 2.0274 280767
/joint head 1 0.465444 0.19903 2.21296 280784
/joint neck 1 0.473173 0.312827 2.18051 280818
/joint l_shoulder 1 0.544836 0.303079 2.16675 280835
/joint l_elbow 1 0.592301 0.448052 2.07113 280851
/joint l_hand 1 0.590179 0.437328 1.84476 280886
/joint r_shoulder 1 0.40151 0.322576 2.19426 280902
/joint r_elbow 1 0.384747 0.488072 2.18351 280919
/joint r_hand 1 0.374463 0.640137 2.10261 280936
/joint torso 1 0.480578 0.428706 2.15003 280970
/joint l_hip 1 0.528453 0.53908 2.11178 280986
/joint l_knee 1 0.532829 0.77495 2.11732 281003
/joint l_foot 1 0.556949 1.00229 2.10886 281037
/joint r_hip 1 0.447511 0.550091 2.12732 281054
/joint r_knee 1 0.444941 0.783882 2.17695 281071
/joint r_foot 1 0.435687 1.00639 2.03185 281105
/joint head 1 0.46176 0.199345 2.20897 281122
/joint neck 1 0.469594 0.312987 2.17744 281139
/joint l_shoulder 1 0.541244 0.30312 2.16347 281173
/joint l_elbow 1 0.59185 0.452666 2.08319 281190
/joint l_hand 1 0.589782 0.4448 1.85592 281207
/joint r_shoulder 1 0.397944 0.322855 2.19141 281240
/joint r_elbow 1 0.38241 0.488308 2.18197 281257
/joint r_hand 1 0.370966 0.639779 2.10412 281274
/joint torso 1 0.477154 0.429002 2.14816 281308
/joint l_hip 1 0.525181 0.539444 2.111 281325
/joint l_knee 1 0.530974 0.775209 2.10428 281342
/joint l_foot 1 0.556842 1.00122 2.10399 281359
/joint r_hip 1 0.444249 0.55059 2.12678 281393
/joint r_knee 1 0.443798 0.784812 2.17173 281409
/joint r_foot 1 0.434734 1.00522 2.03222 281425
/joint head 1 0.45888 0.199367 2.20818 281459
/joint neck 1 0.466906 0.312907 2.17532 281476
/joint l_shoulder 1 0.538542 0.302437 2.16203 281493
/joint l_elbow 1 0.590644 0.456795 2.08693 281527
/joint l_hand 1 0.589982 0.452622 1.85927 281544
/joint r_shoulder 1 0.39527 0.323376 2.1886 281562
/joint r_elbow 1 0.381042 0.489478 2.17888 281594
/joint r_hand 1 0.370816 0.640932 2.10477 281611
/joint torso 1 0.475036 0.428767 2.14522 281628
/joint l_hip 1 0.523627 0.538714 2.10763 281662
/joint l_knee 1 0.531694 0.774367 2.09609 281679
/joint l_foot 1 0.558193 1.00048 2.0967 281696
/joint r_hip 1 0.442705 0.550541 2.12263 281713
/joint r_knee 1 0.445654 0.784489 2.17013 281747
/joint r_foot 1 0.435622 1.0057 2.02671 281764
/joint head 1 0.455366 0.200015 2.20695 281781
/joint neck 1 0.463661 0.313133 2.1737 281815
/joint l_shoulder 1 0.53529 0.302467 2.16056 281832
/joint l_elbow 1 0.582394 0.460135 2.08877 281849
/joint l_hand 1 0.592243 0.461147 1.8637 281883
/joint r_shoulder 1 0.392033 0.3238 2.18684 281900
/joint r_elbow 1 0.377401 0.489566 2.17415 281917
/joint r_hand 1 0.36954 0.639782 2.10012 281951
/joint torso 1 0.471995 0.428997 2.14379 281968
/joint l_hip 1 0.520785 0.538835 2.10646 281985
/joint l_knee 1 0.530128 0.774415 2.09231 282002
/joint l_foot 1 0.555945 1.0002 2.09457 282037
/joint r_hip 1 0.439872 0.550884 2.12131 282052
/joint r_knee 1 0.44311 0.78467 2.17089 282070
/joint r_foot 1 0.434116 1.00687 2.02698 282103
/joint head 1 0.452917 0.199219 2.19739 282119
/joint neck 1 0.461685 0.312889 2.16886 282135
/joint l_shoulder 1 0.533379 0.302193 2.15738 282169
/joint l_elbow 1 0.5781 0.461853 2.09126 282186
/joint l_hand 1 0.594495 0.467146 1.86735 282203
/joint r_shoulder 1 0.38999 0.323586 2.18033 282236
/joint r_elbow 1 0.37482 0.490605 2.17105 282254
/joint r_hand 1 0.370451 0.640679 2.09789 282270
/joint torso 1 0.470406 0.42911 2.14307 282303
/joint l_hip 1 0.519624 0.539289 2.11079 282321
/joint l_knee 1 0.53188 0.774567 2.09407 282337
/joint l_foot 1 0.555806 0.99943 2.09443 282371
/joint r_hip 1 0.438631 0.551373 2.12376 282389
/joint r_knee 1 0.443556 0.785464 2.16934 282405
/joint r_foot 1 0.436998 1.00377 2.0385 282439
/joint head 1 0.451547 0.20026 2.19299 282456
/joint neck 1 0.460683 0.313619 2.16582 282473
/joint l_shoulder 1 0.532407 0.302766 2.15544 282507
/joint l_elbow 1 0.576545 0.462178 2.09329 282524
/joint l_hand 1 0.596613 0.47368 1.87153 282541
/joint r_shoulder 1 0.388959 0.324472 2.17621 282558
/joint r_elbow 1 0.371389 0.492957 2.16129 282592
/joint r_hand 1 0.370372 0.642282 2.08685 282609
/joint torso 1 0.469704 0.429954 2.1415 282626
/joint l_hip 1 0.519236 0.540159 2.11131 282659
/joint l_knee 1 0.533068 0.775395 2.09764 282675
/joint l_foot 1 0.555454 0.9988 2.08112 282692
/joint r_hip 1 0.438215 0.552418 2.12304 282726
/joint r_knee 1 0.444114 0.786793 2.1648 282743
/joint r_foot 1 0.438439 1.00346 2.0384 282760
/joint head 1 0.450068 0.200397 2.19119 282794
/joint neck 1 0.459376 0.313811 2.16419 282811
/joint l_shoulder 1 0.531091 0.302609 2.15435 282827
/joint l_elbow 1 0.574976 0.461546 2.09588 282861
/joint l_hand 1 0.59847 0.474024 1.87556 282878
/joint r_shoulder 1 0.387662 0.325013 2.17402 282895
/joint r_elbow 1 0.369275 0.49415 2.15288 282929
/joint r_hand 1 0.37057 0.643134 2.07821 282946
/joint torso 1 0.468768 0.430121 2.14004 282963
/joint l_hip 1 0.518664 0.540104 2.11034 282980
/joint l_knee 1 0.533529 0.775272 2.09737 283014
/joint l_foot 1 0.552939 0.995526 2.07255 283031
/joint r_hip 1 0.437654 0.552758 2.12145 283048
/joint r_knee 1 0.44312 0.787385 2.16033 283082
/joint r_foot 1 0.438209 1.00337 2.03516 283099
/joint head 1 0.449662 0.198805 2.18991 283116
/joint neck 1 0.458826 0.312636 2.16295 283150
/joint l_shoulder 1 0.530462 0.301613 2.15083 283167
/joint l_elbow 1 0.574598 0.463068 2.09637 283184
/joint l_hand 1 0.59994 0.476524 1.87594 283218
/joint r_shoulder 1 0.38719 0.323659 2.17506 283235
/joint r_elbow 1 0.367841 0.49473 2.14755 283252
/joint r_hand 1 0.370985 0.643313 2.07052 283269
/joint torso 1 0.467862 0.428974 2.13849 283303
/joint l_hip 1 0.517364 0.539084 2.1072 283320
/joint l_knee 1 0.534495 0.774009 2.10571 283337
/joint l_foot 1 0.550663 0.997022 2.0559 283370
/joint r_hip 1 0.436432 0.551538 2.12089 283387
/joint r_knee 1 0.444495 0.785176 2.16898 283404
/joint r_foot 1 0.437319 1.00368 2.03265 283438
/joint head 1 0.449194 0.19702 2.19006 283455
/joint neck 1 0.458372 0.310947 2.16208 283471
/joint l_shoulder 1 0.52997 0.299937 2.149 283505
/joint l_elbow 1 0.574018 0.464089 2.09779 283522
/joint l_hand 1 0.600988 0.477879 1.87712 283539
/joint r_shoulder 1 0.386774 0.321957 2.17516 283574
/joint r_elbow 1 0.367126 0.493979 2.13826 283590
/joint r_hand 1 0.373306 0.641477 2.05924 283607
/joint torso 1 0.467279 0.427232 2.13686 283624
/joint l_hip 1 0.516625 0.537298 2.10426 283658
/joint l_knee 1 0.53553 0.771716 2.1168 283675
/joint l_foot 1 0.549662 0.995412 2.04923 283692
/joint r_hip 1 0.435748 0.549736 2.11903 283726
/joint r_knee 1 0.444258 0.783766 2.16281 283743
/joint r_foot 1 0.437527 1.00351 2.03077 283760
/joint head 1 0.450001 0.200139 2.18937 283794
/joint neck 1 0.459049 0.313369 2.16021 283811
/joint l_shoulder 1 0.530652 0.302499 2.14691 283828
/joint l_elbow 1 0.573347 0.463305 2.0997 283862
/joint l_hand 1 0.601624 0.477755 1.87902 283878
/joint r_shoulder 1 0.387445 0.32424 2.17351 283895
/joint r_elbow 1 0.367166 0.493078 2.13207 283929
/joint r_hand 1 0.374629 0.640015 2.05077 283945
/joint torso 1 0.467773 0.429614 2.13432 283962
/joint l_hip 1 0.516939 0.53972 2.10091 283996
/joint l_knee 1 0.536191 0.773951 2.12077 284013
/joint l_foot 1 0.550898 0.999718 2.04458 284030
/joint r_hip 1 0.436055 0.551999 2.11593 284047
/joint r_knee 1 0.445632 0.7859 2.16079 284081
/joint r_foot 1 0.437776 1.00804 2.0257 284098
/joint head 1 0.450665 0.20027 2.18941 284115
/joint neck 1 0.459524 0.313436 2.1593 284150
/joint l_shoulder 1 0.531148 0.302656 2.14625 284166
/joint l_elbow 1 0.574372 0.463947 2.10222 284183
/joint l_hand 1 0.603986 0.47809 1.87992 284217
/joint r_shoulder 1 0.387899 0.324215 2.17235 284235
/joint r_elbow 1 0.36718 0.493155 2.12777 284251
/joint r_hand 1 0.37569 0.638672 2.0405 284285
/joint torso 1 0.468114 0.42956 2.13206 284303
/joint l_hip 1 0.517158 0.539595 2.09744 284320
/joint l_knee 1 0.535652 0.773811 2.12197 284338
/joint l_foot 1 0.550501 0.997745 2.04194 284372
/joint r_hip 1 0.436249 0.551772 2.11218 284389
/joint r_knee 1 0.4455 0.785532 2.15913 284406
/joint r_foot 1 0.43845 1.00578 2.02703 284439
/joint head 1 0.451831 0.201395 2.1898 284456
/joint neck 1 0.460289 0.313943 2.15771 284473
/joint l_shoulder 1 0.532008 0.30372 2.14584 284507
/joint l_elbow 1 0.574888 0.463481 2.10503 284524
/joint l_hand 1 0.605991 0.479868 1.88274 284541
/joint r_shoulder 1 0.38857 0.324167 2.16958 284558
---STOP: 2014-04-14-17-12-09-802---
