
---START: 2014-04-14-17-27-54-888---
/joint r_elbow 1 0.399749 0.481647 2.11026 11724
/joint r_hand 1 0.405865 0.63325 2.0144 11974
/joint torso 1 0.492932 0.427465 2.11664 12222
/joint l_hip 1 0.53382 0.543071 2.08056 12468
/joint l_knee 1 0.546899 0.7773 2.1175 12719
/joint l_foot 1 0.548166 0.997906 2.04817 12968
/joint r_hip 1 0.452444 0.544993 2.09605 13232
/joint r_knee 1 0.451828 0.780222 2.1194 13478
/joint r_foot 1 0.446788 1.00829 2.07599 13725
/joint head 1 0.492022 0.19642 2.17107 13970
/joint neck 1 0.493007 0.310317 2.14415 14218
/joint l_shoulder 1 0.565002 0.308017 2.12981 14472
/joint l_elbow 1 0.586711 0.481224 2.109 14717
/joint l_hand 1 0.590312 0.62959 1.98145 14980
/joint r_shoulder 1 0.421013 0.312616 2.1585 15226
/joint r_elbow 1 0.400332 0.477619 2.1135 15473
/joint r_hand 1 0.404211 0.630659 2.02306 15720
/joint torso 1 0.493684 0.42687 2.11569 15967
/joint l_hip 1 0.535024 0.542124 2.07912 16218
/joint l_knee 1 0.549711 0.776341 2.11375 16481
/joint l_foot 1 0.55096 0.995273 2.04807 16732
/joint r_hip 1 0.453696 0.544721 2.09532 16979
/joint r_knee 1 0.455832 0.779655 2.12671 17226
/joint r_foot 1 0.44661 1.00402 2.0622 17474
/joint head 1 0.492996 0.196548 2.17122 17722
/joint neck 1 0.494027 0.31049 2.14453 17972
/joint l_shoulder 1 0.566113 0.308179 2.13231 18224
/joint l_elbow 1 0.586715 0.484101 2.10959 18478
/joint l_hand 1 0.591738 0.633314 1.98224 18731
/joint r_shoulder 1 0.42194 0.312801 2.15676 18984
/joint r_elbow 1 0.402133 0.474716 2.11638 19219
/joint r_hand 1 0.402801 0.628534 2.02894 19472
/joint torso 1 0.494912 0.427022 2.11586 19723
/joint l_hip 1 0.536518 0.542247 2.08029 19969
/joint l_knee 1 0.549837 0.776415 2.11778 20220
---STOP: 2014-04-14-17-28-03-635---
