
---START: 2014-01-31-17-04-05-988---
/joint l_elbow 2 0.56285 0.443891 1.81854 209755
/joint l_hand 2 0.547693 0.302996 1.69277 209755
/joint r_shoulder 2 0.38321 0.44097 2.03079 209755
/joint r_elbow 2 0.361756 0.59994 1.98119 209771
/joint r_hand 2 0.357479 0.739024 1.83594 209771
/joint torso 2 0.442392 0.567946 1.95625 209771
/joint l_hip 2 0.482143 0.694663 1.88776 209788
/joint l_knee 2 0.5055 0.955387 1.86884 209788
/joint r_hip 2 0.392273 0.69347 1.91574 209788
/joint r_knee 2 0.41814 0.950705 1.85305 209788
/joint head 2 0.452793 0.322433 2.06949 209805
/joint neck 2 0.447567 0.440887 2.01203 209805
/joint l_shoulder 2 0.511865 0.441723 1.99099 209805
/joint l_elbow 2 0.561313 0.439409 1.81711 209822
/joint l_hand 2 0.545035 0.297705 1.69591 209822
/joint r_shoulder 2 0.383269 0.440051 2.03306 209822
/joint r_elbow 2 0.360972 0.599227 1.97898 209822
/joint r_hand 2 0.355351 0.741543 1.83814 209839
/joint torso 2 0.442054 0.566655 1.95586 209839
/joint l_hip 2 0.48142 0.693006 1.885 209839
/joint l_knee 2 0.505183 0.953771 1.86972 209855
/joint r_hip 2 0.39166 0.691839 1.91437 209855
/joint r_knee 2 0.417335 0.948925 1.85001 209855
/joint head 2 0.452278 0.3212 2.07078 209872
/joint neck 2 0.4471 0.439648 2.01334 209872
/joint l_shoulder 2 0.511306 0.440308 1.99113 209872
/joint l_elbow 2 0.559952 0.43715 1.81711 209872
/joint l_hand 2 0.542766 0.29482 1.69802 209888
/joint r_shoulder 2 0.382894 0.438989 2.03554 209888
/joint r_elbow 2 0.361357 0.599109 1.98099 209888
/joint r_hand 2 0.357275 0.74014 1.83692 209905
/joint torso 2 0.441477 0.565317 1.95669 209905
/joint l_hip 2 0.480674 0.691447 1.88455 209905
/joint l_knee 2 0.505444 0.95211 1.87203 209922
/joint r_hip 2 0.391034 0.690526 1.91555 209922
/joint r_knee 2 0.417634 0.947412 1.8509 209922
/joint head 2 0.450767 0.321814 2.07183 209922
/joint neck 2 0.446194 0.440105 2.01328 209939
/joint l_shoulder 2 0.510423 0.440059 1.99128 209939
/joint l_elbow 2 0.559806 0.436242 1.81839 209939
/joint l_hand 2 0.542158 0.293275 1.69904 209956
/joint r_shoulder 2 0.381965 0.440152 2.03527 209956
/joint r_elbow 2 0.360607 0.597583 1.98182 209956
/joint r_hand 2 0.354616 0.740449 1.84066 209956
/joint torso 2 0.441325 0.56566 1.9558 209973
/joint l_hip 2 0.481293 0.691183 1.88297 209973
/joint l_knee 2 0.506903 0.951724 1.87154 209973
/joint r_hip 2 0.391618 0.691248 1.91368 209990
/joint r_knee 2 0.41891 0.947802 1.84725 209990
/joint head 2 0.450138 0.323826 2.07073 209990
/joint neck 2 0.445405 0.442012 2.01168 210007
/joint l_shoulder 2 0.509605 0.441575 1.98932 210007
/joint l_elbow 2 0.559121 0.437049 1.81694 210007
/joint l_hand 2 0.542015 0.292861 1.69791 210007
/joint r_shoulder 2 0.381206 0.442448 2.03404 210022
/joint r_elbow 2 0.360905 0.599129 1.9824 210022
/joint r_hand 2 0.355031 0.7399 1.83753 210022
/joint torso 2 0.440879 0.567587 1.95417 210039
/joint l_hip 2 0.48117 0.692857 1.88106 210039
/joint l_knee 2 0.506795 0.953455 1.87327 210039
/joint r_hip 2 0.391536 0.693466 1.91228 210056
/joint r_knee 2 0.41795 0.950561 1.84921 210056
/joint head 2 0.449987 0.324324 2.07014 210056
/joint neck 2 0.445559 0.442836 2.01063 210056
/joint l_shoulder 2 0.509687 0.442085 1.98749 210072
/joint l_elbow 2 0.560002 0.435152 1.81578 210072
/joint l_hand 2 0.541173 0.292285 1.6979 210072
/joint r_shoulder 2 0.38143 0.443587 2.03378 210089
/joint r_elbow 2 0.361692 0.600109 1.98225 210089
/joint r_hand 2 0.355794 0.739438 1.83688 210089
/joint torso 2 0.44123 0.568496 1.95348 210106
/joint l_hip 2 0.48167 0.693632 1.88017 210106
/joint l_knee 2 0.507119 0.954282 1.87414 210106
/joint r_hip 2 0.392131 0.69468 1.91249 210106
/joint r_knee 2 0.419744 0.951552 1.84942 210122
/joint head 2 0.450125 0.323625 2.06945 210122
/joint neck 2 0.445774 0.44228 2.0109 210122
/joint l_shoulder 2 0.509802 0.441337 1.98668 210139
/joint l_elbow 2 0.560852 0.433961 1.81481 210139
/joint l_hand 2 0.539651 0.291205 1.69627 210139
/joint r_shoulder 2 0.381747 0.443224 2.03511 210156
/joint r_elbow 2 0.362102 0.600839 1.98216 210156
/joint r_hand 2 0.355445 0.739709 1.83724 210157
/joint torso 2 0.44149 0.568105 1.95455 210157
/joint l_hip 2 0.481904 0.69327 1.88129 210173
/joint l_knee 2 0.506892 0.954019 1.87767 210173
/joint r_hip 2 0.392505 0.694587 1.9151 210173
/joint r_knee 2 0.418059 0.951689 1.85069 210190
/joint head 2 0.450066 0.323141 2.06955 210190
/joint neck 2 0.445785 0.441579 2.01138 210190
/joint l_shoulder 2 0.509906 0.440792 1.98814 210190
/joint l_elbow 2 0.560898 0.433661 1.81609 210207
/joint l_hand 2 0.540503 0.29149 1.69681 210207
/joint r_shoulder 2 0.381665 0.442366 2.03461 210207
/joint r_elbow 2 0.362485 0.600927 1.98123 210224
/joint r_hand 2 0.355292 0.740111 1.83782 210225
/joint torso 2 0.44155 0.567407 1.95503 210225
/joint l_hip 2 0.482078 0.692685 1.88245 210225
/joint l_knee 2 0.506563 0.953504 1.87692 210241
/joint r_hip 2 0.392551 0.693784 1.91489 210241
/joint r_knee 2 0.417144 0.950765 1.84796 210241
/joint head 2 0.449706 0.323338 2.06959 210258
/joint neck 2 0.445431 0.441674 2.01119 210259
/joint l_shoulder 2 0.509635 0.44107 1.98888 210259
/joint l_elbow 2 0.561119 0.434296 1.81633 210259
/joint l_hand 2 0.542661 0.291069 1.69728 210275
/joint r_shoulder 2 0.381227 0.442278 2.0335 210275
/joint r_elbow 2 0.36268 0.600966 1.98075 210275
/joint r_hand 2 0.355182 0.740066 1.83757 210292
/joint torso 2 0.441205 0.567509 1.95487 210292
/joint l_hip 2 0.4818 0.692923 1.88298 210292
/joint l_knee 2 0.505909 0.953805 1.87749 210309
/joint r_hip 2 0.392156 0.693767 1.91413 210309
/joint r_knee 2 0.416169 0.951085 1.84929 210309
/joint head 2 0.449284 0.324321 2.06975 210309
/joint neck 2 0.445048 0.442059 2.01091 210326
/joint l_shoulder 2 0.509296 0.441495 1.9891 210326
/joint l_elbow 2 0.561229 0.433072 1.81545 210326
/joint l_hand 2 0.544727 0.29096 1.6942 210342
/joint r_shoulder 2 0.3808 0.442622 2.03272 210342
/joint r_elbow 2 0.362384 0.601285 1.98064 210342
/joint r_hand 2 0.355352 0.739663 1.83586 210358
/joint torso 2 0.440834 0.567767 1.95395 210358
/joint l_hip 2 0.481472 0.693082 1.88177 210358
/joint l_knee 2 0.505766 0.953925 1.87542 210375
/joint r_hip 2 0.391767 0.693868 1.91222 210375
/joint r_knee 2 0.415788 0.951613 1.85133 210375
/joint head 2 0.449541 0.324606 2.07036 210375
/joint neck 2 0.444991 0.442782 2.01075 210392
/joint l_shoulder 2 0.509245 0.442267 1.98899 210392
/joint l_elbow 2 0.562489 0.435101 1.81661 210392
/joint l_hand 2 0.54932 0.291562 1.69552 210409
/joint r_shoulder 2 0.380736 0.443296 2.0325 210409
/joint r_elbow 2 0.362674 0.601204 1.98081 210409
/joint r_hand 2 0.355347 0.739722 1.83642 210409
/joint torso 2 0.440671 0.568329 1.95303 210425
/joint l_hip 2 0.481208 0.693516 1.88012 210425
/joint l_knee 2 0.505286 0.954403 1.87461 210425
/joint r_hip 2 0.391494 0.694235 1.91049 210441
/joint r_knee 2 0.416291 0.952193 1.85297 210442
/joint head 2 0.449038 0.323651 2.07076 210442
/joint neck 2 0.444835 0.442085 2.01104 210458
/joint l_shoulder 2 0.509174 0.441757 1.99032 210458
/joint l_elbow 2 0.563472 0.436572 1.81735 210458
/joint l_hand 2 0.555179 0.291702 1.69777 210458
/joint r_shoulder 2 0.380496 0.442414 2.03175 210475
/joint r_elbow 2 0.361249 0.602045 1.97817 210475
/joint r_hand 2 0.35302 0.743423 1.83646 210475
/joint torso 2 0.440567 0.567683 1.95355 210492
/joint l_hip 2 0.481218 0.693052 1.88159 210492
/joint l_knee 2 0.505586 0.953879 1.87498 210492
/joint r_hip 2 0.391382 0.69351 1.91052 210509
/joint r_knee 2 0.41631 0.951373 1.85227 210509
/joint head 2 0.448783 0.322908 2.06995 210509
/joint neck 2 0.444845 0.441506 2.0107 210509
/joint l_shoulder 2 0.509156 0.441262 1.98962 210525
/joint l_elbow 2 0.566782 0.438096 1.81793 210526
/joint l_hand 2 0.559464 0.291841 1.7001 210526
/joint r_shoulder 2 0.380534 0.441751 2.03178 210542
/joint r_elbow 2 0.361418 0.603262 1.97816 210542
/joint r_hand 2 0.353382 0.743916 1.83272 210542
/joint torso 2 0.44043 0.567164 1.95355 210559
/joint l_hip 2 0.480912 0.692651 1.88168 210559
/joint l_knee 2 0.50563 0.95334 1.87 210559
/joint r_hip 2 0.39112 0.692992 1.91111 210559
/joint r_knee 2 0.416152 0.950951 1.85401 210576
/joint head 2 0.448777 0.321936 2.07015 210576
/joint neck 2 0.444868 0.440522 2.01135 210576
/joint l_shoulder 2 0.509231 0.44041 1.99091 210593
/joint l_elbow 2 0.568749 0.439641 1.82273 210593
/joint l_hand 2 0.564028 0.294016 1.70378 210593
/joint r_shoulder 2 0.380504 0.440634 2.03178 210593
/joint r_elbow 2 0.360774 0.602639 1.97915 210610
/joint r_hand 2 0.354423 0.742487 1.83394 210610
/joint torso 2 0.440468 0.566216 1.95437 210610
/joint l_hip 2 0.481003 0.691831 1.88312 210626
/joint l_knee 2 0.505119 0.952639 1.87238 210626
/joint r_hip 2 0.391136 0.691987 1.91166 210626
/joint r_knee 2 0.41705 0.949701 1.85365 210643
/joint head 2 0.448691 0.322034 2.06244 210643
/joint neck 2 0.444673 0.441349 2.00772 210643
/joint l_shoulder 2 0.509091 0.441259 1.98798 210643
/joint l_elbow 2 0.571473 0.440387 1.82304 210659
/joint l_hand 2 0.568533 0.295265 1.70454 210659
/joint r_shoulder 2 0.380256 0.441439 2.02746 210659
/joint r_elbow 2 0.359671 0.600771 1.97926 210676
/joint r_hand 2 0.352991 0.742735 1.83671 210676
/joint torso 2 0.440617 0.567585 1.95348 210676
/joint l_hip 2 0.481533 0.693759 1.88546 210693
/joint l_knee 2 0.504944 0.954616 1.87163 210693
/joint r_hip 2 0.39159 0.693884 1.91302 210693
/joint r_knee 2 0.416577 0.951618 1.8536 210693
/joint head 2 0.449169 0.321421 2.06616 210710
/joint neck 2 0.445197 0.440876 2.00955 210710
/joint l_shoulder 2 0.509584 0.440746 1.98941 210710
/joint l_elbow 2 0.574024 0.444171 1.82996 210727
/joint l_hand 2 0.572927 0.299613 1.71016 210727
/joint r_shoulder 2 0.38081 0.441006 2.02968 210727
/joint r_elbow 2 0.357779 0.600864 1.97733 210727
/joint r_hand 2 0.351878 0.743598 1.83528 210743
/joint torso 2 0.440976 0.566799 1.95372 210743
/joint l_hip 2 0.481704 0.692631 1.88384 210743
/joint l_knee 2 0.504012 0.953539 1.86558 210760
/joint r_hip 2 0.391804 0.692812 1.91195 210760
/joint r_knee 2 0.417154 0.95011 1.849 210760
/joint head 2 0.448354 0.321788 2.06796 210777
/joint neck 2 0.444907 0.440799 2.01015 210777
/joint l_shoulder 2 0.509373 0.440595 1.99107 210777
/joint l_elbow 2 0.575869 0.44631 1.83385 210777
/joint l_hand 2 0.577428 0.301811 1.71237 210794
/joint r_shoulder 2 0.380442 0.441004 2.02924 210794
/joint r_elbow 2 0.355434 0.601752 1.97928 210794
/joint r_hand 2 0.352751 0.743827 1.83201 210812
/joint torso 2 0.440932 0.566556 1.9534 210812
/joint l_hip 2 0.481963 0.692171 1.88333 210812
/joint l_knee 2 0.504398 0.953109 1.86673 210812
/joint r_hip 2 0.391951 0.692456 1.90998 210828
/joint r_knee 2 0.416653 0.949821 1.8466 210828
/joint head 2 0.448226 0.321698 2.06956 210828
/joint neck 2 0.445004 0.44079 2.01093 210845
/joint l_shoulder 2 0.509467 0.440407 1.9918 210845
/joint l_elbow 2 0.576316 0.447589 1.83366 210845
/joint l_hand 2 0.579957 0.30267 1.71446 210862
/joint r_shoulder 2 0.380542 0.441174 2.03007 210862
/joint r_elbow 2 0.354388 0.603143 1.97832 210862
/joint r_hand 2 0.353334 0.744328 1.82908 210862
/joint torso 2 0.441171 0.566444 1.95361 210878
/joint l_hip 2 0.482339 0.69183 1.88293 210878
/joint l_knee 2 0.504514 0.952851 1.86795 210878
/joint r_hip 2 0.392335 0.692365 1.90965 210895
/joint r_knee 2 0.415855 0.950485 1.85162 210895
/joint head 2 0.44832 0.321938 2.06909 210895
/joint neck 2 0.444987 0.440979 2.01006 210911
/joint l_shoulder 2 0.509483 0.440791 1.99137 210911
/joint l_elbow 2 0.576866 0.449355 1.83365 210912
/joint l_hand 2 0.583169 0.303722 1.7173 210912
/joint r_shoulder 2 0.380491 0.441167 2.02875 210928
/joint r_elbow 2 0.354751 0.602532 1.9768 210928
/joint r_hand 2 0.353501 0.743986 1.82885 210928
/joint torso 2 0.441066 0.566703 1.9531 210945
/joint l_hip 2 0.48217 0.692296 1.8831 210945
/joint l_knee 2 0.503979 0.953395 1.86906 210945
/joint r_hip 2 0.392119 0.692558 1.9092 210961
/joint r_knee 2 0.415877 0.950519 1.84998 210961
/joint head 2 0.448605 0.320753 2.06951 210961
/joint neck 2 0.445132 0.439895 2.01046 210961
/joint l_shoulder 2 0.50966 0.439814 1.99221 210978
/joint l_elbow 2 0.577327 0.450007 1.83471 210978
/joint l_hand 2 0.584809 0.304404 1.71793 210978
/joint r_shoulder 2 0.380604 0.439976 2.02872 210995
/joint r_elbow 2 0.354725 0.602559 1.97471 210995
/joint r_hand 2 0.353905 0.743445 1.82384 210995
/joint torso 2 0.441166 0.565541 1.95313 211012
/joint l_hip 2 0.482249 0.69113 1.88305 211012
/joint l_knee 2 0.504321 0.952217 1.87018 211012
/joint r_hip 2 0.392153 0.691243 1.90853 211012
/joint r_knee 2 0.416035 0.94944 1.85188 211029
/joint head 2 0.448981 0.32409 2.06932 211029
/joint neck 2 0.44506 0.442738 2.00871 211029
/joint l_shoulder 2 0.509618 0.442787 1.99089 211045
/joint l_elbow 2 0.57756 0.450071 1.8352 211045
/joint l_hand 2 0.584669 0.305601 1.71567 211045
/joint r_shoulder 2 0.380502 0.442688 2.02653 211045
/joint r_elbow 2 0.355307 0.602316 1.9737 211062
/joint r_hand 2 0.354069 0.743493 1.82301 211062
/joint torso 2 0.441014 0.568273 1.95085 211062
/joint l_hip 2 0.482038 0.693842 1.88055 211079
/joint l_knee 2 0.503496 0.955022 1.86777 211079
/joint r_hip 2 0.391899 0.693774 1.90543 211079
/joint r_knee 2 0.415826 0.951849 1.84762 211095
/joint head 2 0.448944 0.324004 2.06905 211095
/joint neck 2 0.445143 0.442736 2.00854 211095
/joint l_shoulder 2 0.509749 0.442905 1.99144 211095
/joint l_elbow 2 0.577451 0.45135 1.83643 211112
/joint l_hand 2 0.581917 0.308374 1.7123 211112
/joint r_shoulder 2 0.380538 0.442567 2.02564 211112
/joint r_elbow 2 0.355178 0.602693 1.97224 211129
/joint r_hand 2 0.354104 0.7435 1.82241 211129
/joint torso 2 0.441144 0.568319 1.9509 211129
/joint l_hip 2 0.482248 0.69402 1.88132 211146
/joint l_knee 2 0.505323 0.955016 1.8718 211146
/joint r_hip 2 0.392041 0.693784 1.9052 211146
/joint r_knee 2 0.417373 0.951578 1.84696 211146
/joint head 2 0.449275 0.324136 2.06954 211163
/joint neck 2 0.445494 0.442779 2.00912 211163
/joint l_shoulder 2 0.510077 0.44298 1.99166 211163
/joint l_elbow 2 0.577243 0.453332 1.83744 211179
/joint l_hand 2 0.581341 0.310054 1.71484 211179
/joint r_shoulder 2 0.380912 0.442579 2.02659 211179
/joint r_elbow 2 0.355381 0.603203 1.97119 211179
/joint r_hand 2 0.354209 0.7435 1.82262 211196
/joint torso 2 0.441339 0.568229 1.95088 211196
/joint l_hip 2 0.48227 0.693818 1.88044 211196
/joint l_knee 2 0.504674 0.954939 1.8723 211212
/joint r_hip 2 0.392098 0.693538 1.90482 211212
/joint r_knee 2 0.416452 0.95151 1.84669 211212
/joint head 2 0.449637 0.323649 2.06176 211229
/joint neck 2 0.445584 0.442809 2.006 211229
/joint l_shoulder 2 0.510262 0.443524 1.99014 211229
/joint l_elbow 2 0.576696 0.453756 1.83666 211229
/joint l_hand 2 0.578038 0.310903 1.71159 211246
/joint r_shoulder 2 0.380907 0.442093 2.02187 211246
/joint r_elbow 2 0.355806 0.601318 1.97149 211246
/joint r_hand 2 0.35664 0.741365 1.82381 211263
/joint torso 2 0.441419 0.568866 1.95088 211263
/joint l_hip 2 0.482411 0.695422 1.88467 211263
/joint l_knee 2 0.504278 0.956618 1.8761 211263
/joint r_hip 2 0.392097 0.694423 1.90683 211280
/joint r_knee 2 0.416381 0.952474 1.84937 211280
/joint head 2 0.449581 0.322848 2.06535 211280
/joint neck 2 0.44568 0.441638 2.00837 211297
/joint l_shoulder 2 0.510451 0.442628 1.99421 211297
/joint l_elbow 2 0.576245 0.456054 1.83754 211297
/joint l_hand 2 0.574772 0.314425 1.712 211314
/joint r_shoulder 2 0.380908 0.440649 2.02253 211314
/joint r_elbow 2 0.35486 0.600404 1.96933 211314
/joint r_hand 2 0.35646 0.740058 1.82431 211314
/joint torso 2 0.441507 0.567417 1.95181 211330
/joint l_hip 2 0.482554 0.693886 1.88535 211330
/joint l_knee 2 0.504611 0.954945 1.8712 211330
/joint r_hip 2 0.392113 0.692504 1.90513 211347
/joint r_knee 2 0.416239 0.950327 1.84516 211347
/joint head 2 0.449998 0.322421 2.0609 211347
/joint neck 2 0.445942 0.442098 2.00641 211364
/joint l_shoulder 2 0.510809 0.443501 1.99432 211364
/joint l_elbow 2 0.57249 0.459024 1.83518 211364
/joint l_hand 2 0.570611 0.318767 1.70561 211364
/joint r_shoulder 2 0.381074 0.440696 2.01851 211381
/joint r_elbow 2 0.354571 0.600186 1.96938 211381
/joint r_hand 2 0.356582 0.738923 1.82283 211381
/joint torso 2 0.441845 0.568191 1.95142 211398
/joint l_hip 2 0.483038 0.695262 1.88798 211398
/joint l_knee 2 0.505144 0.95627 1.87209 211398
/joint r_hip 2 0.39246 0.693304 1.90486 211398
/joint r_knee 2 0.416412 0.951476 1.84807 211415
/joint head 2 0.450512 0.322612 2.06536 211415
/joint neck 2 0.446603 0.441835 2.00801 211415
/joint l_shoulder 2 0.511468 0.44322 1.99571 211432
/joint l_elbow 2 0.569256 0.460261 1.83096 211432
/joint l_hand 2 0.566374 0.321103 1.7009 211432
/joint r_shoulder 2 0.381738 0.440451 2.02031 211449
/joint r_elbow 2 0.353073 0.599593 1.96839 211449
/joint r_hand 2 0.356504 0.738613 1.82348 211449
/joint torso 2 0.442398 0.567547 1.95112 211449
/joint l_hip 2 0.483472 0.694224 1.88564 211466
/joint l_knee 2 0.504172 0.955303 1.8654 211466
/joint r_hip 2 0.392914 0.692292 1.90281 211466
/joint r_knee 2 0.416228 0.951083 1.85157 211483
/joint head 2 0.450102 0.322472 2.06759 211483
/joint neck 2 0.446066 0.441406 2.00898 211483
/joint l_shoulder 2 0.510898 0.442515 1.99592 211483
/joint l_elbow 2 0.56704 0.461641 1.82605 211500
/joint l_hand 2 0.563648 0.322562 1.69382 211500
/joint r_shoulder 2 0.381233 0.440297 2.02204 211500
/joint r_elbow 2 0.354072 0.599568 1.9683 211517
/joint r_hand 2 0.356398 0.738687 1.82432 211517
/joint torso 2 0.441933 0.566877 1.95087 211517
/joint l_hip 2 0.483059 0.693123 1.88365 211534
/joint l_knee 2 0.503477 0.954448 1.87074 211534
/joint r_hip 2 0.39254 0.691575 1.90188 211534
/joint r_knee 2 0.415905 0.950313 1.85014 211534
/joint head 2 0.450306 0.323257 2.06906 211551
/joint neck 2 0.44605 0.441476 2.00917 211551
/joint l_shoulder 2 0.510923 0.442778 1.99695 211551
/joint l_elbow 2 0.565754 0.464183 1.82566 211568
/joint l_hand 2 0.560969 0.32479 1.6928 211568
/joint r_shoulder 2 0.381178 0.440174 2.02139 211568
/joint r_elbow 2 0.356141 0.598481 1.96696 211568
/joint r_hand 2 0.356396 0.738419 1.82416 211585
/joint torso 2 0.441862 0.566783 1.95027 211585
/joint l_hip 2 0.482962 0.692999 1.88284 211585
/joint l_knee 2 0.504398 0.954237 1.87291 211602
/joint r_hip 2 0.392385 0.691181 1.8999 211602
/joint r_knee 2 0.417108 0.949861 1.85006 211602
/joint head 2 0.450512 0.32385 2.06896 211602
/joint neck 2 0.446531 0.441768 2.00866 211618
/joint l_shoulder 2 0.511372 0.443024 1.99575 211618
/joint l_elbow 2 0.565508 0.4675 1.8244 211618
/joint l_hand 2 0.556568 0.330448 1.68653 211636
/joint r_shoulder 2 0.381689 0.440513 2.02156 211636
/joint r_elbow 2 0.355639 0.598991 1.9676 211636
/joint r_hand 2 0.355427 0.740067 1.82174 211652
/joint torso 2 0.442236 0.567075 1.94977 211652
/joint l_hip 2 0.483208 0.693258 1.88188 211652
/joint l_knee 2 0.504972 0.954445 1.87178 211652
/joint r_hip 2 0.392676 0.691506 1.8999 211668
/joint r_knee 2 0.417792 0.950215 1.8512 211668
/joint head 2 0.450577 0.323219 2.06262 211668
/joint neck 2 0.446672 0.442071 2.00655 211684
/joint l_shoulder 2 0.511513 0.443447 1.99365 211684
/joint l_elbow 2 0.564783 0.469679 1.82504 211684
/joint l_hand 2 0.551497 0.333401 1.68622 211700
/joint r_shoulder 2 0.381831 0.440695 2.01945 211700
/joint r_elbow 2 0.35614 0.598963 1.96891 211700
/joint r_hand 2 0.355904 0.739833 1.82286 211717
/joint torso 2 0.442417 0.568077 1.95122 211717
/joint l_hip 2 0.483427 0.695044 1.8869 211717
/joint l_knee 2 0.504734 0.956325 1.8785 211717
/joint r_hip 2 0.392895 0.693123 1.90491 211734
/joint r_knee 2 0.417946 0.951905 1.85695 211734
/joint head 2 0.450819 0.321647 2.06622 211734
/joint neck 2 0.446693 0.440292 2.0087 211751
/joint l_shoulder 2 0.511493 0.441566 1.99498 211751
/joint l_elbow 2 0.564229 0.471311 1.82701 211751
/joint l_hand 2 0.547542 0.336182 1.68686 211751
/joint r_shoulder 2 0.381893 0.439018 2.02241 211768
/joint r_elbow 2 0.356593 0.59924 1.96894 211768
/joint r_hand 2 0.356157 0.739105 1.82347 211768
/joint torso 2 0.442293 0.565987 1.95181 211785
/joint l_hip 2 0.483133 0.692572 1.88535 211785
/joint l_knee 2 0.504209 0.9537 1.86834 211785
/joint r_hip 2 0.392655 0.690793 1.9045 211801
/joint r_knee 2 0.416732 0.949007 1.84834 211801
/joint head 2 0.450718 0.321264 2.06804 211801
/joint neck 2 0.44691 0.440112 2.00942 211801
/joint l_shoulder 2 0.511745 0.441269 1.99635 211818
/joint l_elbow 2 0.562366 0.473162 1.82696 211818
/joint l_hand 2 0.544695 0.338316 1.68434 211818
/joint r_shoulder 2 0.382075 0.438956 2.02249 211835
/joint r_elbow 2 0.355027 0.599134 1.96888 211835
/joint r_hand 2 0.354909 0.740819 1.8249 211835
/joint torso 2 0.442736 0.565636 1.95158 211852
/joint l_hip 2 0.483825 0.691967 1.88463 211852
/joint l_knee 2 0.504834 0.953194 1.87105 211852
/joint r_hip 2 0.3933 0.690352 1.90287 211852
/joint r_knee 2 0.417341 0.948735 1.84844 211868
/joint head 2 0.450835 0.322243 2.0614 211868
/joint neck 2 0.44658 0.441474 2.00575 211868
/joint l_shoulder 2 0.511474 0.442813 1.99401 211885
/joint l_elbow 2 0.562424 0.475122 1.82479 211885
/joint l_hand 2 0.543013 0.341364 1.68089 211885
/joint r_shoulder 2 0.381686 0.440135 2.01748 211902
/joint r_elbow 2 0.354066 0.601111 1.96952 211902
/joint r_hand 2 0.354399 0.741791 1.82351 211902
/joint torso 2 0.442597 0.567419 1.94997 211902
/joint l_hip 2 0.48392 0.6943 1.88601 211919
/joint l_knee 2 0.503422 0.955741 1.87272 211919
/joint r_hip 2 0.393308 0.69243 1.90239 211919
/joint r_knee 2 0.416466 0.951459 1.85364 211936
/joint head 2 0.450538 0.322643 2.06523 211936
/joint neck 2 0.446619 0.441279 2.00723 211936
/joint l_shoulder 2 0.511533 0.442628 1.99591 211936
/joint l_elbow 2 0.56129 0.477686 1.82463 211952
/joint l_hand 2 0.539123 0.346127 1.68442 211952
/joint r_shoulder 2 0.381705 0.439929 2.01855 211952
/joint r_elbow 2 0.352619 0.601098 1.97038 211969
/joint r_hand 2 0.355476 0.742133 1.82355 211970
/joint torso 2 0.442647 0.566898 1.94981 211970
/joint l_hip 2 0.483992 0.693459 1.88449 211987
/joint l_knee 2 0.504533 0.954646 1.86692 211987
/joint r_hip 2 0.393358 0.691575 1.90029 211987
/joint r_knee 2 0.41686 0.950487 1.85081 211987
/joint head 2 0.451066 0.323613 2.06787 212003
/joint neck 2 0.446862 0.441294 2.00869 212003
/joint l_shoulder 2 0.511721 0.442544 1.99618 212003
/joint l_elbow 2 0.560336 0.48156 1.82559 212020
/joint l_hand 2 0.536871 0.349275 1.68481 212020
/joint r_shoulder 2 0.382003 0.440045 2.0212 212020
/joint r_elbow 2 0.352883 0.602125 1.97084 212020
/joint r_hand 2 0.354655 0.742698 1.82483 212037
/joint torso 2 0.442687 0.566706 1.9503 212037
/joint l_hip 2 0.483793 0.692989 1.88317 212037
/joint l_knee 2 0.504147 0.954346 1.87132 212053
/joint r_hip 2 0.393232 0.691244 1.90064 212054
/joint r_knee 2 0.4167 0.950216 1.85179 212054
/joint head 2 0.450467 0.324505 2.06942 212070
/joint neck 2 0.44663 0.441624 2.00893 212070
/joint l_shoulder 2 0.511488 0.442745 1.99632 212070
/joint l_elbow 2 0.55982 0.482453 1.82593 212071
/joint l_hand 2 0.535988 0.351152 1.68227 212087
/joint r_shoulder 2 0.381772 0.440502 2.02153 212087
/joint r_elbow 2 0.35434 0.601952 1.97168 212087
/joint r_hand 2 0.354185 0.743109 1.82563 212104
/joint torso 2 0.44254 0.566894 1.94982 212104
/joint l_hip 2 0.483727 0.692946 1.88191 212104
/joint l_knee 2 0.503962 0.954366 1.87266 212121
/joint r_hip 2 0.393172 0.691381 1.89951 212121
/joint r_knee 2 0.416956 0.95025 1.85005 212121
/joint head 2 0.450522 0.323485 2.06913 212121
/joint neck 2 0.446467 0.441037 2.00895 212137
/joint l_shoulder 2 0.51134 0.442414 1.99672 212137
/joint l_elbow 2 0.561042 0.482993 1.82637 212137
/joint l_hand 2 0.536242 0.353351 1.67757 212155
/joint r_shoulder 2 0.381593 0.43966 2.02119 212155
/joint r_elbow 2 0.354582 0.602184 1.97319 212155
/joint r_hand 2 0.354018 0.743199 1.82549 212155
/joint torso 2 0.442186 0.566303 1.94987 212171
/joint l_hip 2 0.483194 0.692531 1.88225 212171
/joint l_knee 2 0.503768 0.953935 1.87535 212171
/joint r_hip 2 0.392616 0.690608 1.89933 212187
/joint r_knee 2 0.416282 0.949616 1.8513 212187
/joint head 2 0.450472 0.323145 2.06893 212187
/joint neck 2 0.446359 0.440998 2.0089 212204
/joint l_shoulder 2 0.511206 0.442365 1.9961 212204
/joint l_elbow 2 0.561014 0.483409 1.82584 212204
/joint l_hand 2 0.539259 0.353243 1.67557 212204
/joint r_shoulder 2 0.381513 0.439631 2.02169 212221
/joint r_elbow 2 0.355264 0.601605 1.97147 212221
/joint r_hand 2 0.353911 0.743334 1.82567 212221
/joint torso 2 0.441969 0.566303 1.95003 212238
/joint l_hip 2 0.48285 0.692563 1.88223 212238
/joint l_knee 2 0.504236 0.953821 1.87307 212238
/joint r_hip 2 0.392308 0.690654 1.90009 212255
/joint r_knee 2 0.41584 0.949872 1.85441 212255
/joint head 2 0.450698 0.322603 2.06923 212255
/joint neck 2 0.44641 0.440397 2.00926 212255
/joint l_shoulder 2 0.511233 0.441642 1.99595 212272
/joint l_elbow 2 0.561935 0.482536 1.82401 212272
/joint l_hand 2 0.542295 0.352992 1.67051 212272
/joint r_shoulder 2 0.381588 0.439151 2.02256 212289
/joint r_elbow 2 0.354001 0.602656 1.97374 212289
/joint r_hand 2 0.353819 0.743466 1.82578 212289
/joint torso 2 0.442043 0.565738 1.95055 212289
/joint l_hip 2 0.48293 0.691949 1.88256 212306
/joint l_knee 2 0.504994 0.953101 1.87304 212306
/joint r_hip 2 0.392422 0.69021 1.90114 212306
/joint r_knee 2 0.416206 0.949295 1.8543 212324
/joint head 2 0.450282 0.32304 2.06944 212324
/joint neck 2 0.446141 0.440588 2.00918 212324
/joint l_shoulder 2 0.510999 0.441968 1.99662 212324
/joint l_elbow 2 0.563195 0.482957 1.82424 212341
/joint l_hand 2 0.545518 0.353734 1.6698 212341
/joint r_shoulder 2 0.381283 0.439208 2.02174 212341
/joint r_elbow 2 0.35375 0.603652 1.9727 212356
/joint r_hand 2 0.353993 0.743591 1.82492 212357
/joint torso 2 0.441798 0.565925 1.95045 212357
/joint l_hip 2 0.482734 0.692226 1.88295 212373
/joint l_knee 2 0.504141 0.953494 1.87469 212374
/joint r_hip 2 0.392176 0.690299 1.90048 212374
/joint r_knee 2 0.416431 0.949267 1.85315 212374
/joint head 2 0.449736 0.323764 2.06901 212391
/joint neck 2 0.445826 0.441493 2.00851 212391
/joint l_shoulder 2 0.510671 0.44264 1.99564 212391
/joint l_elbow 2 0.563942 0.48329 1.82516 212407
/joint l_hand 2 0.548002 0.354254 1.66957 212407
/joint r_shoulder 2 0.38098 0.440346 2.02139 212407
/joint r_elbow 2 0.354348 0.603442 1.97539 212424
/joint r_hand 2 0.353743 0.743592 1.82709 212424
/joint torso 2 0.44168 0.566916 1.95014 212424
/joint l_hip 2 0.482805 0.69314 1.88277 212424
/joint l_knee 2 0.504679 0.954323 1.8734 212441
/joint r_hip 2 0.392265 0.691538 1.90075 212441
/joint r_knee 2 0.418041 0.950169 1.8525 212441
/joint head 2 0.449677 0.322027 2.06931 212457
/joint neck 2 0.446168 0.440242 2.00925 212457
/joint l_shoulder 2 0.510983 0.44122 1.99574 212457
/joint l_elbow 2 0.564376 0.483534 1.82571 212457
/joint l_hand 2 0.552775 0.353192 1.67184 212474
/joint r_shoulder 2 0.381353 0.439265 2.02275 212474
/joint r_elbow 2 0.355102 0.603316 1.97414 212474
/joint r_hand 2 0.353938 0.743187 1.82503 212491
/joint torso 2 0.442067 0.565681 1.95093 212491
/joint l_hip 2 0.483214 0.691802 1.88319 212491
/joint l_knee 2 0.505056 0.952954 1.87182 212508
/joint r_hip 2 0.392717 0.690437 1.90204 212508
/joint r_knee 2 0.418174 0.949246 1.85528 212508
/joint head 2 0.449327 0.321729 2.06891 212508
/joint neck 2 0.446138 0.440218 2.00895 212524
/joint l_shoulder 2 0.510935 0.441047 1.99508 212524
/joint l_elbow 2 0.564957 0.484389 1.82741 212524
/joint l_hand 2 0.557974 0.353722 1.67376 212541
/joint r_shoulder 2 0.381341 0.439388 2.02281 212541
/joint r_elbow 2 0.355257 0.602714 1.97296 212541
/joint r_hand 2 0.353792 0.743385 1.82525 212558
/joint torso 2 0.442142 0.565764 1.95113 212558
/joint l_hip 2 0.483381 0.69189 1.88363 212558
/joint l_knee 2 0.504442 0.953178 1.87344 212558
/joint r_hip 2 0.392909 0.690732 1.90299 212576
/joint r_knee 2 0.416233 0.949616 1.85284 212576
/joint head 2 0.449262 0.322264 2.06898 212576
/joint neck 2 0.445912 0.440554 2.00871 212592
/joint l_shoulder 2 0.510743 0.441437 1.9955 212592
/joint l_elbow 2 0.570365 0.48493 1.83109 212592
/joint l_hand 2 0.563618 0.353221 1.67678 212608
/joint r_shoulder 2 0.381081 0.43967 2.02192 212608
/joint r_elbow 2 0.354374 0.60163 1.97554 212608
/joint r_hand 2 0.353664 0.743789 1.82834 212608
/joint torso 2 0.441973 0.565973 1.95026 212625
/joint l_hip 2 0.483294 0.692009 1.88259 212625
/joint l_knee 2 0.504 0.953297 1.86984 212625
/joint r_hip 2 0.392774 0.690775 1.90103 212642
/joint r_knee 2 0.416012 0.949611 1.85016 212642
/joint head 2 0.449464 0.322768 2.06148 212642
/joint neck 2 0.445694 0.44176 2.00471 212642
/joint l_shoulder 2 0.510596 0.4429 1.99314 212659
/joint l_elbow 2 0.572867 0.485438 1.83506 212659
/joint l_hand 2 0.568303 0.353411 1.67966 212659
/joint r_shoulder 2 0.380792 0.440621 2.01628 212676
/joint r_elbow 2 0.354129 0.601318 1.97248 212676
/joint r_hand 2 0.353614 0.743813 1.82991 212676
---STOP: 2014-01-31-17-04-08-927---
