Gesto: 2
0 0.452844 0.203506 2.10546 274059
0 0.456104 0.203165 2.10641 274076
0 0.459289 0.200966 2.11102 274127
0 0.463462 0.203194 2.10842 274159
0 0.465832 0.204644 2.1079 274192
0 0.47037 0.204412 2.10587 274225
0 0.476298 0.20554 2.10533 274259
0 0.484306 0.203325 2.10203 274294
0 0.492857 0.205105 2.09617 274327
0 0.502807 0.207223 2.08771 274344
0 0.514681 0.20849 2.08437 274395
0 0.526729 0.207193 2.07832 274428
0 0.537755 0.205554 2.07938 274445
0 0.550954 0.20444 2.08504 274495
0 0.564536 0.20404 2.08683 274527
0 0.577342 0.20355 2.08991 274544
0 0.586504 0.203748 2.09433 274592
0 0.596296 0.203217 2.09691 274626
0 0.602798 0.201177 2.1048 274660
0 0.608121 0.201031 2.11429 274695
0 0.611098 0.201295 2.11721 274728
0 0.610293 0.207908 2.11462 274744
0 0.609623 0.212011 2.11734 274793
0 0.608961 0.215227 2.11526 274826
0 0.602367 0.216331 2.11066 274858
0 0.595316 0.22057 2.10448 274891
0 0.589886 0.224801 2.0955 274923
0 0.583503 0.231991 2.08941 274957
0 0.5757 0.244737 2.08834 274991
0 0.567958 0.25203 2.07983 275026
0 0.560614 0.258979 2.07406 275059
0 0.551681 0.264334 2.07696 275093
0 0.539394 0.279233 2.06875 275127
0 0.528827 0.292175 2.07218 275160
0 0.519385 0.305687 2.07317 275193
0 0.506099 0.320171 2.07277 275228
0 0.492301 0.334976 2.0772 275260
0 0.483084 0.347553 2.08762 275294
0 0.472593 0.36021 2.09664 275311
0 0.461727 0.372134 2.10432 275344
0 0.453096 0.384874 2.10865 275395
0 0.444127 0.391805 2.11164 275412
0 0.437985 0.395979 2.11608 275446
0 0.432414 0.400105 2.12463 275480
0 0.428274 0.405029 2.12207 275513
0 0.426054 0.407555 2.12382 275547
0 0.425693 0.408875 2.12363 275581
0 0.425027 0.408831 2.12547 275614
0 0.429346 0.411201 2.12472 275665
0 0.432947 0.411147 2.12519 275681
0 0.437877 0.411412 2.12546 275715
0 0.443371 0.411571 2.11904 275748
0 0.453075 0.413125 2.11426 275782
0 0.4586 0.412951 2.10942 275815
0 0.468058 0.412296 2.10484 275849
0 0.479106 0.413313 2.10695 275882
0 0.494103 0.415362 2.10808 275919
0 0.507728 0.417697 2.1028 275960
0 0.521446 0.419197 2.10448 275994
0 0.535687 0.419024 2.10689 276028
0 0.549456 0.418941 2.11331 276062
0 0.561903 0.418989 2.1246 276096
0 0.575282 0.422591 2.14068 276113
0 0.58878 0.422972 2.14131 276147
0 0.599884 0.423086 2.1473 276181
0 0.608008 0.420343 2.15491 276215
0 0.617135 0.418334 2.16814 276248
0 0.622714 0.416238 2.17664 276282

