Gesto: 3
0 0.402723 0.149795 1.22583 1
0 0.403904 0.152424 1.22552 1
0 0.406107 0.152321 1.22349 1
0 0.40911 0.150721 1.22122 1
0 0.412642 0.148845 1.21743 1
0 0.418662 0.147976 1.21762 1
0 0.425708 0.143513 1.21542 1
0 0.43418 0.140086 1.21465 1
0 0.442459 0.137827 1.21449 1
0 0.45087 0.136152 1.21462 1
0 0.46019 0.134616 1.21483 1
0 0.468108 0.134324 1.21194 1
0 0.47355 0.135169 1.20822 1
0 0.479262 0.13899 1.20456 1
0 0.484558 0.143612 1.19838 1
0 0.487296 0.155605 1.19854 1
0 0.490722 0.16668 1.19825 1
0 0.49372 0.179025 1.19557 1
0 0.49607 0.203317 1.20468 1
0 0.497891 0.224977 1.20764 1
0 0.497899 0.243315 1.20977 1
0 0.49575 0.259331 1.20823 1
0 0.49272 0.273514 1.20717 1
0 0.489101 0.286543 1.20468 1
0 0.48418 0.29695 1.20161 1
0 0.477862 0.30666 1.19629 1
0 0.470805 0.312469 1.19075 1
0 0.463786 0.316413 1.18802 1
0 0.456553 0.318751 1.18551 1
0 0.450982 0.319646 1.18506 1
0 0.445734 0.318915 1.18487 1
0 0.441911 0.317974 1.18653 1
0 0.440316 0.314448 1.18805 1
0 0.439045 0.310895 1.18853 1
0 0.440074 0.309861 1.19102 1
0 0.442535 0.30824 1.19134 1
0 0.446138 0.306556 1.19209 1
0 0.449684 0.306456 1.19076 1
0 0.455792 0.307403 1.19121 1
0 0.461237 0.310375 1.19094 1
0 0.468377 0.313932 1.1906 1
0 0.475171 0.315195 1.19104 1
0 0.480701 0.315639 1.1915 1
0 0.487436 0.318054 1.19266 1
0 0.494657 0.321871 1.19299 1
0 0.499477 0.324387 1.19373 1
0 0.504758 0.32749 1.1949 1
0 0.508994 0.332133 1.19799 1
0 0.512797 0.335719 1.20101 1
0 0.51452 0.341834 1.20234 1
0 0.51562 0.346752 1.20412 1
0 0.516403 0.353416 1.2056 1
0 0.515638 0.360072 1.20889 1
0 0.5138 0.366779 1.20841 1
0 0.51146 0.374245 1.21172 1
0 0.50734 0.38198 1.21463 1
0 0.503716 0.388799 1.21434 1
0 0.498732 0.396214 1.21621 1
0 0.493854 0.404035 1.21663 1
0 0.488841 0.410485 1.21611 1
0 0.483051 0.416991 1.21349 1
0 0.476987 0.422177 1.21061 1
0 0.471985 0.426205 1.21137 1
0 0.465442 0.429463 1.21066 1
0 0.459238 0.432187 1.20989 1
0 0.453133 0.433849 1.20865 1
0 0.446283 0.434266 1.20736 1
0 0.438784 0.434356 1.20821 1
0 0.432457 0.433148 1.21022 1
0 0.42521 0.428558 1.21121 1
0 0.41977 0.425569 1.2135 1
0 0.41316 0.420702 1.21525 1
0 0.408149 0.41576 1.2183 1
0 0.404088 0.4106 1.22193 1

