Gesto: 0
0 0.27975 0.304656 1.97952 171561
0 0.2778 0.310372 1.98156 171595
0 0.275552 0.310101 1.98316 171628
0 0.276054 0.314343 1.98489 171661
0 0.275141 0.314108 1.9889 171696
0 0.270544 0.306158 1.9913 171730
0 0.267336 0.29511 1.99115 171763
0 0.264079 0.285572 1.99229 171796
0 0.261834 0.27117 1.99041 171813
0 0.261189 0.255684 1.9886 171864
0 0.262305 0.240631 1.9865 171898
0 0.266923 0.219939 1.98356 171915
0 0.27091 0.19657 1.9758 171964
0 0.273992 0.17504 1.97719 171997
0 0.27972 0.156334 1.97006 172013
0 0.285448 0.1367 1.95973 172064
0 0.292984 0.121483 1.9544 172097
0 0.299222 0.108891 1.95122 172114
0 0.307464 0.0963472 1.94606 172164
0 0.318024 0.0831463 1.93588 172198
0 0.325404 0.0779997 1.9215 172214
0 0.333577 0.0737177 1.90816 172265
0 0.34017 0.0726305 1.90414 172282
0 0.348169 0.0731237 1.88718 172315
0 0.356839 0.0772401 1.87997 172349
0 0.366031 0.0785737 1.86987 172383
0 0.372226 0.0819032 1.85516 172417
0 0.380815 0.0908464 1.84479 172450
0 0.387497 0.101954 1.8345 172484
0 0.394931 0.108287 1.82491 172517
0 0.399444 0.116862 1.81964 172551
0 0.402899 0.126454 1.81479 172585
0 0.405493 0.139658 1.80725 172619
0 0.407364 0.148195 1.80163 172653
0 0.409538 0.157974 1.79566 172687
0 0.410163 0.169151 1.78674 172721
0 0.409444 0.18304 1.78446 172754
0 0.409988 0.194974 1.78044 172787
0 0.409441 0.206594 1.77885 172820
0 0.409248 0.219343 1.77682 172853
0 0.406155 0.230272 1.77878 172887
0 0.403086 0.242538 1.77706 172921
0 0.401004 0.256351 1.77913 172956
0 0.398257 0.267432 1.78225 172989
0 0.396068 0.277877 1.78191 173022
0 0.390509 0.29157 1.78902 173056
0 0.385925 0.303781 1.79796 173090
0 0.378749 0.31118 1.80348 173124
0 0.373562 0.320115 1.81338 173157
0 0.365858 0.325437 1.82294 173191
0 0.358433 0.329046 1.82795 173224
0 0.350731 0.331355 1.83508 173257
0 0.343463 0.332521 1.83996 173291
0 0.33631 0.331567 1.84442 173325
0 0.329176 0.3281 1.85023 173358
0 0.322998 0.325764 1.85495 173391
0 0.318396 0.321509 1.85726 173425
0 0.311884 0.315833 1.85925 173457
0 0.308023 0.311527 1.86051 173490
0 0.302533 0.303705 1.86252 173524
0 0.298197 0.295658 1.86502 173558
0 0.294382 0.284647 1.86664 173592
0 0.29194 0.278741 1.86537 173626
0 0.28988 0.269822 1.86553 173659
0 0.287023 0.263441 1.86102 173692
0 0.284057 0.256189 1.86114 173724
0 0.281918 0.245404 1.85844 173756
0 0.2791 0.240456 1.86455 173790
0 0.279141 0.234824 1.86258 173821
0 0.277667 0.229384 1.8628 173855
0 0.276887 0.224907 1.86215 173889
0 0.275439 0.222787 1.8685 173923
0 0.274146 0.215124 1.87408 173955
0 0.27284 0.209859 1.87909 173987
0 0.272271 0.207246 1.88054 174021
0 0.272341 0.201366 1.88296 174054
0 0.272512 0.192639 1.88552 174088
0 0.272794 0.18654 1.88855 174121
0 0.270639 0.181186 1.89111 174156
0 0.269913 0.181541 1.89024 174189
0 0.270316 0.179358 1.89209 174222

1 0.443803 0.219495 1.79261 176959
1 0.443793 0.220217 1.78934 176993
1 0.441192 0.221846 1.78502 177026
1 0.440263 0.221043 1.78449 177058
1 0.439138 0.222914 1.78021 177092
1 0.436854 0.228496 1.77857 177126
1 0.435845 0.231611 1.77802 177158
1 0.432752 0.229734 1.77463 177192
1 0.429811 0.227459 1.77363 177226
1 0.42578 0.220298 1.77124 177260
1 0.423756 0.213805 1.76905 177294
1 0.419062 0.20768 1.77028 177327
1 0.416718 0.198126 1.76783 177359
1 0.414872 0.186071 1.76613 177392
1 0.416055 0.172741 1.76505 177426
1 0.418666 0.1593 1.76701 177459
1 0.421532 0.146797 1.76716 177492
1 0.428005 0.135443 1.76546 177525
1 0.434188 0.123237 1.76617 177559
1 0.439404 0.10991 1.76749 177592
1 0.446472 0.0996505 1.7685 177626
1 0.455791 0.0936629 1.76799 177659
1 0.464869 0.0887287 1.7679 177693
1 0.47657 0.0821977 1.76508 177727
1 0.488246 0.0793359 1.76247 177761
1 0.499132 0.0797671 1.75891 177793
1 0.510509 0.0827595 1.75919 177826
1 0.522134 0.0844691 1.76174 177860
1 0.534476 0.087389 1.76664 177892
1 0.542075 0.0924644 1.7706 177924
1 0.552207 0.0981902 1.77192 177956
1 0.56184 0.106961 1.76913 177990
1 0.568505 0.118869 1.76877 178023
1 0.575451 0.130065 1.76687 178057
1 0.580238 0.143039 1.76582 178089
1 0.585783 0.155725 1.7654 178123
1 0.589744 0.172644 1.76453 178157
1 0.589919 0.189813 1.76311 178192
1 0.588726 0.207501 1.76178 178224
1 0.586933 0.223789 1.76296 178256
1 0.584457 0.240127 1.76291 178289
1 0.579763 0.258184 1.76119 178324
1 0.574761 0.274783 1.76071 178356
1 0.566191 0.290072 1.75846 178390
1 0.558788 0.3089 1.75808 178424
1 0.55129 0.322443 1.75754 178457
1 0.541361 0.335938 1.75543 178491
1 0.53084 0.345045 1.75675 178526
1 0.520351 0.351486 1.75695 178558
1 0.509145 0.353645 1.75818 178591
1 0.497371 0.354475 1.75702 178624
1 0.485639 0.354681 1.75974 178658
1 0.474618 0.349883 1.75755 178693
1 0.467223 0.344386 1.75438 178726
1 0.459056 0.336748 1.75136 178760
1 0.450835 0.326548 1.74613 178793
1 0.443548 0.312803 1.74183 178826
1 0.435537 0.299698 1.73744 178859
1 0.429775 0.28386 1.72918 178893
1 0.424957 0.272699 1.72689 178927
1 0.422427 0.260506 1.72517 178960
1 0.420175 0.24761 1.72182 178993
1 0.418361 0.23557 1.71786 179027
1 0.416774 0.225132 1.71557 179060
1 0.418407 0.214149 1.71225 179094
1 0.417604 0.203392 1.71146 179127
1 0.419275 0.195173 1.7115 179161
1 0.419626 0.187467 1.71037 179195
1 0.422779 0.181362 1.70972 179229
1 0.424733 0.174253 1.71076 179263
1 0.426328 0.169374 1.71071 179296
1 0.428538 0.169407 1.70445 179329
1 0.431487 0.168623 1.707 179363

2 0.628705 0.202746 1.77394 180990
2 0.628187 0.20334 1.77322 181024
2 0.62799 0.205481 1.77401 181059
2 0.627388 0.207256 1.77211 181093
2 0.625892 0.20704 1.76381 181126
2 0.625211 0.20593 1.76327 181159
2 0.62217 0.206013 1.75887 181192
2 0.618777 0.202803 1.75756 181225
2 0.617058 0.20155 1.75536 181259
2 0.615324 0.199233 1.75167 181291
2 0.61345 0.191144 1.74977 181324
2 0.610967 0.184217 1.748 181357
2 0.609876 0.175929 1.74817 181405
2 0.612111 0.168159 1.7525 181438
2 0.615817 0.158441 1.75923 181454
2 0.619377 0.146268 1.76305 181506
2 0.622382 0.135887 1.76574 181537
2 0.626154 0.128831 1.76787 181571
2 0.631645 0.119497 1.77669 181606
2 0.636429 0.112946 1.78516 181638
2 0.644475 0.105846 1.79579 181655
2 0.651755 0.103667 1.80187 181705
2 0.659703 0.0986709 1.81421 181738
2 0.668347 0.0961156 1.8277 181772
2 0.674925 0.0939849 1.84141 181803
2 0.684986 0.097083 1.84527 181837
2 0.69381 0.105682 1.85289 181854
2 0.704285 0.111164 1.86727 181904
2 0.711046 0.118998 1.88133 181937
2 0.71979 0.126419 1.88473 181971
2 0.724342 0.132512 1.89774 182005
2 0.729314 0.145394 1.90679 182023
2 0.736208 0.158606 1.91435 182056
2 0.740954 0.173131 1.92323 182108
2 0.743727 0.188839 1.93013 182124
2 0.746614 0.206709 1.93412 182175
2 0.751459 0.219312 1.94177 182191
2 0.751907 0.237584 1.94614 182223
2 0.754419 0.255772 1.94491 182273
2 0.751267 0.274545 1.94 182306
2 0.748707 0.293853 1.93632 182323
2 0.743467 0.309513 1.93642 182373
2 0.737927 0.32408 1.92878 182405
2 0.731911 0.337663 1.92374 182439
2 0.724615 0.350253 1.9166 182473
2 0.720526 0.359841 1.90433 182491
2 0.710432 0.372788 1.8992 182524
2 0.69809 0.384757 1.8845 182573
2 0.688523 0.393729 1.87295 182606
2 0.676899 0.401937 1.86506 182623
2 0.665999 0.407102 1.85448 182673
2 0.654057 0.410407 1.8402 182707
2 0.642894 0.413671 1.82795 182723
2 0.633626 0.410495 1.81606 182773
2 0.623366 0.405283 1.81006 182807
2 0.614062 0.398838 1.79883 182824
2 0.605946 0.390457 1.78618 182858
2 0.597477 0.381801 1.77513 182891
2 0.591903 0.369992 1.7643 182924
2 0.586807 0.356527 1.75373 182958
2 0.584712 0.344535 1.7429 182991
2 0.583239 0.330654 1.73448 183025
2 0.581906 0.314986 1.72497 183059
2 0.581614 0.303529 1.72068 183093
2 0.582218 0.290851 1.71574 183126
2 0.583732 0.277628 1.71252 183160
2 0.584519 0.266988 1.7086 183195
2 0.58793 0.254694 1.70592 183228
2 0.591088 0.246509 1.70542 183262
2 0.593308 0.236646 1.70607 183295
2 0.595909 0.229656 1.70771 183329
2 0.598783 0.219206 1.71041 183363
2 0.602368 0.212083 1.70918 183396
2 0.604734 0.204645 1.71108 183429
2 0.607861 0.198399 1.71445 183462
2 0.611265 0.190965 1.71695 183495
2 0.615616 0.185124 1.7199 183529
2 0.619338 0.178374 1.72395 183563
2 0.622589 0.173728 1.7277 183596
2 0.625935 0.168611 1.7306 183630
2 0.628206 0.164485 1.73495 183664
2 0.629839 0.156671 1.73341 183697
2 0.629385 0.152264 1.73876 183731

3 0.277571 0.402354 1.88271 191508
3 0.276284 0.405869 1.88224 191541
3 0.274591 0.411826 1.88532 191575
3 0.274532 0.419106 1.8842 191608
3 0.272995 0.424733 1.88853 191642
3 0.26953 0.427965 1.88848 191677
3 0.266185 0.427837 1.88472 191710
3 0.261274 0.423901 1.87947 191742
3 0.256923 0.417373 1.87276 191776
3 0.254496 0.408461 1.87078 191810
3 0.251557 0.394513 1.8611 191844
3 0.249618 0.379071 1.85042 191877
3 0.247648 0.359239 1.83515 191908
3 0.246579 0.339475 1.82614 191940
3 0.249978 0.318919 1.81757 191973
3 0.254399 0.299765 1.80935 192006
3 0.260455 0.279894 1.79982 192038
3 0.268166 0.260454 1.79219 192071
3 0.276678 0.242101 1.78693 192104
3 0.288104 0.226402 1.7823 192138
3 0.299902 0.212074 1.77606 192172
3 0.312237 0.199123 1.77239 192205
3 0.32554 0.186709 1.77207 192238
3 0.340522 0.180044 1.76858 192270
3 0.357296 0.172042 1.76225 192303
3 0.371655 0.169021 1.75884 192335
3 0.3858 0.164854 1.75605 192369
3 0.399021 0.164518 1.75451 192402
3 0.414633 0.165535 1.75866 192434
3 0.431911 0.167454 1.76537 192467
3 0.446373 0.171159 1.76706 192500
3 0.460959 0.179487 1.76886 192534
3 0.473071 0.188231 1.77175 192567
3 0.484181 0.200898 1.77241 192600
3 0.493966 0.216302 1.77199 192634
3 0.502135 0.23036 1.77376 192668
3 0.510096 0.245726 1.77673 192702
3 0.518504 0.258039 1.77974 192736
3 0.522224 0.274541 1.78553 192769
3 0.526942 0.292544 1.79462 192802
3 0.530155 0.310912 1.79303 192836
3 0.528762 0.328056 1.79969 192868
3 0.526879 0.34663 1.80543 192902
3 0.527161 0.365448 1.80661 192935
3 0.521691 0.384025 1.81134 192968
3 0.516752 0.403813 1.81432 193003
3 0.509358 0.421982 1.81963 193035
3 0.503183 0.436458 1.82222 193070
3 0.494475 0.451454 1.82816 193103
3 0.484647 0.464423 1.83101 193138
3 0.474003 0.47564 1.8349 193171
3 0.465004 0.489072 1.83988 193205
3 0.455775 0.501194 1.84131 193238
3 0.443784 0.509605 1.83867 193270
3 0.431621 0.514862 1.83371 193303
3 0.419317 0.517331 1.82765 193336
3 0.407336 0.521687 1.82464 193368
3 0.395078 0.520769 1.81896 193402
3 0.384888 0.518294 1.81188 193435
3 0.373717 0.514687 1.80712 193469
3 0.362207 0.50671 1.80195 193502
3 0.350274 0.499217 1.797 193537
3 0.343592 0.489856 1.78946 193571
3 0.335089 0.477498 1.77908 193604
3 0.327479 0.464795 1.7689 193638
3 0.322308 0.453118 1.75777 193670
3 0.315161 0.439774 1.74626 193704
3 0.308143 0.426896 1.73608 193737
3 0.30221 0.410297 1.72257 193770
3 0.298419 0.395507 1.71457 193803
3 0.294427 0.381059 1.7023 193836
3 0.291007 0.368108 1.69464 193870
3 0.288928 0.356478 1.69027 193904
3 0.288644 0.343943 1.6837 193937
3 0.286615 0.331397 1.67864 193971
3 0.287422 0.318907 1.67154 194004
3 0.28917 0.307639 1.6655 194038
3 0.290692 0.295697 1.66039 194072
3 0.291688 0.28487 1.6557 194106
3 0.293398 0.275672 1.64749 194140
3 0.297326 0.267681 1.64502 194173
3 0.300469 0.258063 1.64096 194206
3 0.303349 0.249025 1.63694 194238
3 0.306428 0.241577 1.63265 194270
3 0.311206 0.235816 1.63044 194304
3 0.314969 0.230112 1.62667 194338
3 0.318236 0.224547 1.62482 194372
3 0.323319 0.218256 1.62245 194405
3 0.326545 0.211106 1.61971 194439
3 0.330981 0.202813 1.61826 194474
3 0.336369 0.19717 1.61824 194508
3 0.340749 0.193311 1.61852 194541
3 0.34683 0.187546 1.61752 194574
3 0.3511 0.182827 1.6155 194608
3 0.353654 0.180601 1.61642 194641

4 0.563585 0.549228 2.13688 204855
4 0.563915 0.549234 2.1348 204887
4 0.564116 0.549219 2.13362 204921
4 0.562016 0.549851 2.13451 204955
4 0.56344 0.548713 2.13012 204987
4 0.562868 0.545483 2.12542 205020
4 0.561885 0.541711 2.12218 205053
4 0.562058 0.534837 2.11881 205087
4 0.562185 0.527807 2.11143 205121
4 0.56122 0.521048 2.10448 205155
4 0.561884 0.509248 2.097 205189
4 0.562382 0.4918 2.08595 205223
4 0.564386 0.473763 2.07282 205256
4 0.568294 0.453545 2.06201 205289
4 0.56974 0.435442 2.05186 205323
4 0.575086 0.417805 2.04484 205357
4 0.580447 0.400017 2.04252 205389
4 0.586234 0.383633 2.03855 205423
4 0.594604 0.365481 2.03835 205456
4 0.603542 0.34701 2.04388 205490
4 0.616024 0.330971 2.04624 205525
4 0.624997 0.31784 2.0505 205559
4 0.635589 0.309 2.06031 205593
4 0.649001 0.299582 2.06787 205609
4 0.661209 0.29173 2.07771 205659
4 0.671784 0.28777 2.08963 205692
4 0.685244 0.286684 2.10811 205709
4 0.698741 0.289922 2.12752 205759
4 0.708275 0.294491 2.13802 205791
4 0.719713 0.302882 2.15559 205808
4 0.734632 0.308406 2.17645 205858
4 0.745354 0.319468 2.19711 205892
4 0.752314 0.328915 2.21168 205909
4 0.762399 0.33806 2.23151 205959
4 0.769817 0.35078 2.25408 205977
4 0.773579 0.364898 2.26712 206026
4 0.777337 0.385358 2.28256 206060
4 0.77936 0.401011 2.29335 206077
4 0.780665 0.415305 2.30423 206128
4 0.782205 0.432794 2.31776 206144
4 0.78394 0.452453 2.33594 206177
4 0.783531 0.465987 2.34649 206228
4 0.783897 0.483695 2.35823 206244
4 0.7842 0.496489 2.36793 206278
4 0.786058 0.512593 2.38173 206328
4 0.782718 0.528504 2.38893 206346
4 0.776449 0.548631 2.38441 206379
4 0.766433 0.566488 2.37771 206413
4 0.758831 0.580859 2.3733 206447
4 0.749626 0.597395 2.36679 206480
4 0.742996 0.612994 2.36475 206515
4 0.737346 0.626336 2.36165 206548
4 0.72744 0.637764 2.34453 206581
4 0.71892 0.64903 2.33608 206614
4 0.709612 0.655887 2.3198 206648
4 0.70059 0.662475 2.30573 206682
4 0.691266 0.672189 2.29326 206715
4 0.685805 0.677086 2.28893 206749
4 0.678763 0.682975 2.2724 206783
4 0.668987 0.689185 2.26211 206816
4 0.663404 0.694053 2.2481 206849
4 0.658946 0.697035 2.23383 206883
4 0.649898 0.694901 2.22334 206916
4 0.64276 0.692996 2.21617 206949
4 0.638467 0.686771 2.19528 206982
4 0.635035 0.683152 2.18435 207015
4 0.62993 0.677819 2.17085 207050
4 0.6265 0.67437 2.15949 207084
4 0.621931 0.667418 2.14216 207117
4 0.618507 0.663357 2.12948 207149
4 0.615328 0.652667 2.11207 207183
4 0.614115 0.645174 2.10202 207217
4 0.610288 0.636624 2.09137 207249
4 0.608538 0.626247 2.07867 207283
4 0.607 0.618967 2.0649 207316
4 0.605654 0.609165 2.05195 207349
4 0.603865 0.59937 2.04003 207382
4 0.602382 0.591563 2.02778 207416
4 0.601275 0.580131 2.01523 207449
4 0.599235 0.570856 2.00447 207482
4 0.59806 0.559942 1.99054 207515
4 0.595414 0.550862 1.98114 207549
4 0.590895 0.543363 1.97727 207581
4 0.588075 0.534753 1.97212 207615
4 0.586069 0.524682 1.96522 207648
4 0.583007 0.5134 1.94879 207681
4 0.582332 0.503387 1.94027 207715
4 0.58121 0.492267 1.9309 207748
4 0.57939 0.481242 1.92354 207783
4 0.579177 0.471126 1.91731 207816
4 0.57942 0.456905 1.90091 207849
4 0.577244 0.450078 1.90252 207883
4 0.575337 0.440523 1.89744 207915
4 0.577493 0.428152 1.88296 207949
4 0.578445 0.416376 1.87309 207982
4 0.574872 0.407401 1.87416 208015
4 0.573624 0.400709 1.87326 208050
4 0.571161 0.391334 1.86861 208083
4 0.570058 0.384904 1.86889 208116
4 0.569262 0.374268 1.86693 208149
4 0.567998 0.367271 1.86741 208182

5 0.398711 0.441877 2.21068 211928
5 0.397983 0.443223 2.20826 211961
5 0.397416 0.445477 2.20479 211994
5 0.393527 0.445772 2.198 212028
5 0.391519 0.445081 2.19943 212061
5 0.389857 0.440154 2.20043 212094
5 0.38868 0.436342 2.19677 212129
5 0.386279 0.42925 2.1927 212162
5 0.386958 0.422296 2.18357 212196
5 0.386558 0.412305 2.17867 212229
5 0.386898 0.401807 2.16898 212263
5 0.386904 0.388956 2.15773 212296
5 0.38711 0.373806 2.14974 212330
5 0.388063 0.356131 2.1394 212363
5 0.389904 0.341575 2.13113 212396
5 0.394202 0.32932 2.12629 212414
5 0.398951 0.313768 2.12491 212465
5 0.403487 0.294475 2.11947 212482
5 0.410287 0.277906 2.12177 212516
5 0.415974 0.268028 2.11881 212550
5 0.423577 0.256994 2.1167 212584
5 0.431866 0.250066 2.11748 212617
5 0.441603 0.243548 2.11702 212651
5 0.454308 0.235008 2.11804 212685
5 0.467443 0.229336 2.12445 212718
5 0.482751 0.227137 2.12082 212751
5 0.495092 0.229553 2.12251 212785
5 0.509334 0.231431 2.13503 212818
5 0.522893 0.235745 2.136 212852
5 0.535804 0.243282 2.14133 212885
5 0.549952 0.255043 2.14996 212918
5 0.560135 0.263716 2.15699 212952
5 0.571362 0.274575 2.16628 212986
5 0.582965 0.28936 2.18595 213020
5 0.591978 0.298866 2.19361 213055
5 0.600252 0.312071 2.20865 213087
5 0.609301 0.329839 2.22636 213121
5 0.614549 0.348787 2.2331 213154
5 0.617638 0.367026 2.2439 213189
5 0.619103 0.385606 2.25976 213222
5 0.619322 0.405791 2.27753 213255
5 0.617095 0.423431 2.2854 213289
5 0.612306 0.440638 2.29341 213322
5 0.608142 0.456166 2.29725 213355
5 0.603683 0.471172 2.29869 213387
5 0.596903 0.485074 2.29995 213420
5 0.591866 0.500041 2.30438 213453
5 0.586051 0.514274 2.30943 213486
5 0.577904 0.526313 2.30293 213520
5 0.56573 0.537174 2.30316 213554
5 0.55567 0.545873 2.29957 213587
5 0.544424 0.555491 2.29462 213620
5 0.533906 0.565399 2.28802 213653
5 0.527386 0.570274 2.28009 213687
5 0.516924 0.576249 2.26754 213720
5 0.50332 0.579292 2.26267 213755
5 0.488014 0.583543 2.26537 213788
5 0.473895 0.584298 2.25851 213822
5 0.462744 0.58344 2.24951 213854
5 0.453107 0.580649 2.23754 213888
5 0.44259 0.578016 2.21985 213921
5 0.434871 0.572147 2.20775 213954
5 0.425947 0.56682 2.19835 213988
5 0.4191 0.554216 2.18425 214022
5 0.41193 0.544958 2.17361 214054
5 0.407633 0.539009 2.16811 214087
5 0.403086 0.526709 2.15297 214120
5 0.398297 0.516911 2.13893 214152
5 0.39548 0.505608 2.12805 214186
5 0.39302 0.494059 2.12129 214218
5 0.392878 0.484277 2.11499 214251
5 0.392376 0.471188 2.10318 214285
5 0.396281 0.456148 2.09183 214318
5 0.396867 0.447361 2.0846 214351
5 0.401296 0.432984 2.07942 214402
5 0.402746 0.420108 2.07592 214419
5 0.40451 0.409162 2.07526 214452
5 0.407153 0.397684 2.06967 214502
5 0.409306 0.389157 2.06176 214518
5 0.412097 0.377029 2.06233 214552
5 0.414709 0.369052 2.06185 214601
5 0.415927 0.358641 2.06214 214618

6 0.774855 0.433835 2.28924 225268
6 0.7762 0.433006 2.29203 225301
6 0.777029 0.431771 2.29723 225334
6 0.777095 0.430855 2.2987 225367
6 0.777173 0.43272 2.29678 225401
6 0.776416 0.431653 2.29081 225434
6 0.775942 0.431872 2.28961 225467
6 0.775403 0.429123 2.28493 225501
6 0.774683 0.42589 2.28179 225534
6 0.775254 0.419876 2.27761 225567
6 0.775256 0.414339 2.2705 225602
6 0.774962 0.404417 2.26835 225635
6 0.77507 0.39768 2.26605 225668
6 0.775335 0.392937 2.26595 225702
6 0.778584 0.379874 2.26413 225735
6 0.780211 0.367466 2.25431 225768
6 0.783329 0.357178 2.25215 225801
6 0.787502 0.344463 2.2526 225835
6 0.788391 0.335949 2.25207 225869
6 0.789555 0.323211 2.2529 225902
6 0.790918 0.313848 2.25448 225935
6 0.798142 0.300821 2.26447 225969
6 0.802936 0.29224 2.26571 226002
6 0.807232 0.281637 2.27141 226034
6 0.814826 0.273878 2.2753 226067
6 0.820113 0.270513 2.28408 226101
6 0.827501 0.264877 2.28108 226134
6 0.833276 0.261125 2.28374 226168
6 0.839233 0.253922 2.28343 226202
6 0.847986 0.254026 2.28882 226236
6 0.855833 0.249632 2.29567 226270
6 0.862948 0.249882 2.29805 226305
6 0.871927 0.250678 2.31145 226338
6 0.88256 0.249033 2.33284 226372
6 0.889433 0.251204 2.33658 226405
6 0.896391 0.249948 2.34997 226438
6 0.902374 0.25174 2.35978 226471
6 0.905933 0.259843 2.3718 226503
6 0.913996 0.264775 2.37965 226536
6 0.921658 0.264996 2.39949 226570
6 0.926858 0.27461 2.40825 226605
6 0.928423 0.280388 2.41256 226638
6 0.930855 0.285487 2.42254 226671
6 0.933138 0.298351 2.42963 226704
6 0.935022 0.305868 2.43978 226739
6 0.933958 0.313941 2.43913 226771
6 0.934104 0.322246 2.43981 226805
6 0.935049 0.336906 2.44488 226839
6 0.936979 0.344608 2.45594 226872
6 0.932576 0.357062 2.46413 226906
6 0.929746 0.370395 2.46762 226939
6 0.931661 0.381255 2.4681 226973
6 0.929897 0.393643 2.47021 227007
6 0.927269 0.407579 2.47202 227041
6 0.925037 0.418306 2.46898 227074
6 0.923957 0.430283 2.46675 227107
6 0.922587 0.441976 2.47363 227139
6 0.915236 0.452984 2.46447 227173
6 0.90965 0.461377 2.46388 227206
6 0.906233 0.471891 2.46835 227241
6 0.901432 0.485778 2.45462 227273
6 0.89898 0.496157 2.45122 227307
6 0.890898 0.506031 2.44048 227340
6 0.884726 0.517385 2.43721 227374
6 0.875342 0.525971 2.42753 227407
6 0.8683 0.532532 2.4209 227440
6 0.860643 0.539977 2.40479 227474
6 0.85169 0.548328 2.39474 227508
6 0.845122 0.552133 2.38402 227542
6 0.840044 0.556814 2.37849 227576
6 0.834769 0.560244 2.36567 227594
6 0.82641 0.558488 2.34803 227645
6 0.818133 0.557726 2.32496 227662
6 0.810605 0.55532 2.30855 227697
6 0.807319 0.555098 2.28988 227730
6 0.8042 0.550527 2.27962 227764
6 0.798088 0.546118 2.26937 227797
6 0.792657 0.541329 2.25627 227831
6 0.788923 0.536442 2.24241 227865
6 0.78626 0.529522 2.2228 227898
6 0.787502 0.518609 2.20282 227931
6 0.784453 0.508558 2.19717 227966
6 0.784198 0.498596 2.18325 227999
6 0.783206 0.491641 2.17108 228033
6 0.780479 0.485222 2.16642 228067
6 0.778019 0.475415 2.15786 228099
6 0.776471 0.469051 2.15156 228134
6 0.773482 0.460905 2.14642 228167
6 0.771998 0.451407 2.13959 228202
6 0.770342 0.444484 2.12782 228235
6 0.769694 0.438833 2.12331 228267
6 0.768601 0.430263 2.11192 228300
6 0.767231 0.42332 2.10897 228334
6 0.766771 0.416713 2.10876 228368
6 0.767825 0.410011 2.10666 228401
6 0.767971 0.404508 2.10571 228435
6 0.767581 0.397713 2.10054 228469
6 0.766953 0.390464 2.09964 228502
6 0.766775 0.385843 2.10002 228536
6 0.766454 0.382751 2.09692 228570
6 0.767424 0.380024 2.09076 228603

7 0.339795 0.372703 2.28098 233542
7 0.338603 0.372799 2.27998 233576
7 0.335972 0.369513 2.28354 233611
7 0.334155 0.367194 2.28631 233644
7 0.333177 0.365936 2.28755 233678
7 0.327095 0.356771 2.27916 233712
7 0.318784 0.34864 2.2749 233745
7 0.317149 0.338811 2.27723 233778
7 0.313364 0.333459 2.27803 233812
7 0.31142 0.322857 2.27137 233845
7 0.307856 0.313846 2.26514 233878
7 0.306325 0.299335 2.25841 233912
7 0.306194 0.285299 2.2455 233945
7 0.306303 0.273465 2.24073 233979
7 0.306131 0.261814 2.2347 234011
7 0.307485 0.247952 2.21934 234044
7 0.309586 0.233357 2.21196 234077
7 0.315166 0.220934 2.20924 234109
7 0.319359 0.20641 2.20436 234143
7 0.328133 0.18923 2.19793 234176
7 0.335585 0.172545 2.19662 234210
7 0.343327 0.164563 2.18288 234244
7 0.350467 0.157913 2.17582 234276
7 0.363606 0.147164 2.17083 234309
7 0.376844 0.139706 2.15944 234342
7 0.390248 0.135303 2.15561 234374
7 0.405529 0.129192 2.15196 234407
7 0.418995 0.122159 2.15137 234440
7 0.432962 0.117073 2.15205 234475
7 0.447009 0.122729 2.14349 234507
7 0.461643 0.12621 2.14552 234541
7 0.476546 0.128739 2.14397 234573
7 0.487699 0.133416 2.13904 234607
7 0.497807 0.141997 2.13828 234641
7 0.508953 0.155075 2.136 234674
7 0.517624 0.165783 2.14332 234708
7 0.525146 0.179503 2.14519 234741
7 0.535029 0.196041 2.14982 234775
7 0.542067 0.213783 2.14892 234809
7 0.546885 0.231214 2.14709 234843
7 0.549299 0.248785 2.14648 234877
7 0.552215 0.262804 2.14555 234911
7 0.552468 0.27961 2.14916 234945
7 0.547387 0.295642 2.15753 234979
7 0.542327 0.313658 2.15545 235011
7 0.541192 0.326725 2.16006 235044
7 0.532563 0.340941 2.15915 235079
7 0.527228 0.355632 2.16517 235112
7 0.517565 0.372848 2.16337 235146
7 0.510798 0.383866 2.16416 235180
7 0.501882 0.397203 2.17025 235214
7 0.490289 0.408969 2.17362 235247
7 0.482363 0.418564 2.17756 235281
7 0.471602 0.424543 2.18165 235315
7 0.460817 0.429715 2.17948 235350
7 0.449708 0.433398 2.18084 235383
7 0.440188 0.435947 2.18665 235416
7 0.429023 0.435641 2.18432 235450
7 0.417013 0.43539 2.18679 235484
7 0.409071 0.433694 2.18347 235500
7 0.397663 0.431604 2.18112 235549
7 0.38858 0.426672 2.1789 235583
7 0.380604 0.420694 2.1755 235600
7 0.376183 0.41738 2.1806 235650
7 0.368556 0.413444 2.18208 235685
7 0.363751 0.404313 2.17584 235701
7 0.361751 0.398688 2.16681 235753
7 0.356672 0.390022 2.16168 235769
7 0.352297 0.382413 2.15305 235818
7 0.348779 0.371281 2.1429 235851
7 0.348229 0.362921 2.1331 235883
7 0.343145 0.350935 2.11881 235916
7 0.340074 0.337347 2.11872 235950
7 0.337209 0.32785 2.1122 235984
7 0.336136 0.318969 2.11022 236016
7 0.335135 0.314228 2.11483 236050
7 0.333097 0.308082 2.1173 236083
7 0.331644 0.304392 2.11941 236116
7 0.330554 0.302169 2.12127 236150
7 0.326871 0.298641 2.12013 236182
7 0.322662 0.297043 2.12064 236216
7 0.320068 0.295747 2.12211 236249

8 0.29028 0.411145 2.2206 247492
8 0.291766 0.41456 2.22198 247526
8 0.293083 0.417274 2.22537 247559
8 0.291526 0.421772 2.23252 247592
8 0.287673 0.420149 2.22076 247626
8 0.28536 0.417827 2.21288 247659
8 0.282489 0.413359 2.20681 247692
8 0.280811 0.408995 2.20167 247725
8 0.279384 0.403845 2.19657 247760
8 0.280125 0.397012 2.19305 247792
8 0.277194 0.38731 2.18872 247825
8 0.275046 0.37441 2.18157 247859
8 0.27192 0.363852 2.17307 247892
8 0.270166 0.351269 2.16338 247927
8 0.268853 0.337655 2.15282 247960
8 0.26921 0.319911 2.145 247994
8 0.269543 0.309566 2.14117 248027
8 0.270465 0.295819 2.13665 248044
8 0.27284 0.282364 2.13025 248093
8 0.273687 0.268976 2.12907 248126
8 0.279741 0.259055 2.12767 248160
8 0.28513 0.246654 2.12013 248194
8 0.289772 0.234695 2.12052 248228
8 0.295472 0.221013 2.11618 248245
8 0.303935 0.204068 2.11874 248297
8 0.310639 0.193274 2.11316 248314
8 0.321038 0.184454 2.11848 248347
8 0.330886 0.174927 2.11191 248380
8 0.340466 0.166484 2.10921 248414
8 0.352506 0.158465 2.10908 248447
8 0.364639 0.151301 2.10579 248481
8 0.37515 0.146979 2.11105 248514
8 0.388919 0.142382 2.11704 248548
8 0.401687 0.141016 2.12467 248583
8 0.412703 0.141064 2.12968 248616
8 0.424106 0.141366 2.13214 248649
8 0.43579 0.143841 2.14694 248682
8 0.448684 0.145819 2.15903 248716
8 0.459002 0.149433 2.16474 248750
8 0.468793 0.157043 2.17414 248785
8 0.476532 0.169263 2.18289 248818
8 0.484894 0.178707 2.18046 248852
8 0.491326 0.186317 2.19551 248885
8 0.495604 0.203803 2.18717 248919
8 0.501773 0.214112 2.18931 248955
8 0.505164 0.228178 2.19522 248987
8 0.506732 0.245196 2.19517 249020
8 0.509077 0.263565 2.19161 249053
8 0.510614 0.277733 2.19093 249087
8 0.511174 0.293546 2.19294 249121
8 0.511905 0.310942 2.19403 249155
8 0.509413 0.332763 2.19788 249188
8 0.506529 0.348699 2.19795 249221
8 0.500094 0.369175 2.20599 249254
8 0.496127 0.39057 2.2129 249288
8 0.494196 0.410935 2.20924 249321
8 0.488276 0.431933 2.20906 249353
8 0.48292 0.451898 2.20348 249387
8 0.478844 0.47049 2.20087 249419
8 0.471311 0.489437 2.20125 249453
8 0.462601 0.508839 2.20644 249487
8 0.452739 0.523869 2.2118 249520
8 0.443572 0.537145 2.2067 249553
8 0.430865 0.544578 2.20032 249588
8 0.421722 0.552736 2.20048 249619
8 0.412276 0.554957 2.19015 249653
8 0.401371 0.555688 2.17851 249686
8 0.388515 0.555153 2.16316 249719
8 0.380721 0.552447 2.15682 249752
8 0.370418 0.552479 2.14946 249785
8 0.35997 0.54843 2.13735 249818
8 0.351552 0.546616 2.13079 249852
8 0.342835 0.541161 2.12449 249885
8 0.334267 0.532964 2.12045 249919
8 0.327286 0.524884 2.11185 249953
8 0.323266 0.520389 2.10265 249988
8 0.315781 0.508717 2.09107 250021
8 0.310881 0.501237 2.08393 250055
8 0.303313 0.489881 2.0745 250088
8 0.298542 0.48253 2.06521 250123
8 0.295325 0.472468 2.0577 250156
8 0.290139 0.464248 2.04471 250191
8 0.287599 0.454676 2.03825 250224
8 0.28509 0.446402 2.03121 250256
8 0.283801 0.435697 2.02578 250290
8 0.283509 0.429349 2.0217 250323
8 0.280333 0.420702 2.01831 250355
8 0.277791 0.411139 2.01267 250389
8 0.275351 0.403056 2.01043 250423
8 0.273111 0.39589 2.00895 250455
8 0.272348 0.389352 2.00626 250489
8 0.27213 0.379775 2.00408 250523
8 0.2715 0.373798 2.00381 250556

9 0.468295 0.690098 2.12706 253985
9 0.466867 0.693617 2.12362 254019
9 0.46575 0.696781 2.11956 254053
9 0.466405 0.700445 2.12022 254087
9 0.466495 0.703737 2.12193 254121
9 0.464655 0.701644 2.12019 254155
9 0.463933 0.699368 2.11802 254188
9 0.464756 0.695698 2.11758 254223
9 0.464162 0.694463 2.11105 254256
9 0.462453 0.689191 2.10906 254289
9 0.457999 0.680124 2.10657 254322
9 0.455645 0.670257 2.09752 254356
9 0.453879 0.658429 2.08953 254389
9 0.454461 0.645505 2.0821 254423
9 0.455555 0.632719 2.0726 254456
9 0.459585 0.619946 2.06698 254489
9 0.462469 0.606289 2.06547 254521
9 0.464486 0.590669 2.05832 254555
9 0.467698 0.574826 2.05442 254589
9 0.47318 0.557152 2.05292 254624
9 0.478648 0.543062 2.05461 254657
9 0.486966 0.530562 2.05356 254690
9 0.495142 0.516151 2.05304 254723
9 0.50335 0.504242 2.05179 254756
9 0.512471 0.491885 2.04714 254789
9 0.523727 0.482888 2.05535 254823
9 0.53442 0.480381 2.06288 254856
9 0.546642 0.477665 2.07268 254890
9 0.560187 0.475928 2.08282 254924
9 0.575163 0.469203 2.09157 254957
9 0.587108 0.471219 2.0979 254990
9 0.598012 0.473942 2.10563 255023
9 0.60817 0.476248 2.10346 255056
9 0.618418 0.482983 2.1186 255089
9 0.630224 0.497316 2.13292 255122
9 0.642119 0.512525 2.1402 255155
9 0.649905 0.525721 2.14285 255189
9 0.657352 0.544436 2.14427 255223
9 0.663223 0.56427 2.14737 255257
9 0.667239 0.587214 2.14893 255290
9 0.668837 0.605981 2.15026 255323
9 0.670823 0.626455 2.15508 255357
9 0.670968 0.646102 2.15778 255390
9 0.670518 0.667501 2.15921 255423
9 0.666591 0.69043 2.16385 255456
9 0.663045 0.71312 2.17211 255491
9 0.655318 0.737264 2.18804 255524
9 0.648017 0.76061 2.192 255558
9 0.636968 0.782371 2.1942 255591
9 0.628592 0.796973 2.18854 255623
9 0.617581 0.813127 2.18219 255655
9 0.605991 0.828637 2.18027 255689
9 0.592739 0.843945 2.17672 255721
9 0.579174 0.853356 2.16906 255755
9 0.564863 0.861195 2.15514 255789
9 0.550569 0.868105 2.14883 255823
9 0.538528 0.870886 2.13356 255855
9 0.526867 0.866852 2.12076 255889
9 0.516843 0.862688 2.10886 255922
9 0.507365 0.858611 2.10689 255955
9 0.499081 0.855532 2.09692 255989
9 0.49035 0.845402 2.08033 256023
9 0.482977 0.835969 2.06132 256055
9 0.474797 0.826071 2.04338 256089
9 0.469207 0.815501 2.03348 256123
9 0.463778 0.803751 2.01351 256156
9 0.459199 0.788935 2.00267 256189
9 0.45626 0.775407 1.99316 256223
9 0.453683 0.762547 1.98202 256256
9 0.452599 0.749717 1.97463 256289
9 0.453187 0.735826 1.96871 256323
9 0.453198 0.725218 1.96353 256357
9 0.45375 0.712327 1.9539 256390
9 0.45561 0.699244 1.9454 256423
9 0.455688 0.688878 1.93905 256457
9 0.457331 0.67721 1.93209 256491
9 0.461488 0.667033 1.92795 256525
9 0.464041 0.6543 1.92176 256558
9 0.465654 0.645303 1.91617 256593

