Gesto: 0
0 0.369512 0.540607 2.22914 203660
0 0.367841 0.538133 2.2358 203694
0 0.36685 0.539362 2.23828 203728
0 0.362858 0.538567 2.24631 203762
0 0.358059 0.538038 2.24609 203779
0 0.355856 0.540842 2.24574 203830
0 0.347632 0.535788 2.25041 203847
0 0.340939 0.533586 2.25001 203898
0 0.335558 0.530788 2.24958 203915
0 0.326846 0.519704 2.25248 203950
0 0.316277 0.512941 2.25521 203982
0 0.309155 0.498559 2.25294 204016
0 0.30073 0.48355 2.2428 204050
0 0.29235 0.462978 2.23037 204084
0 0.286281 0.445184 2.2204 204118
0 0.281391 0.422833 2.21412 204152
0 0.279837 0.399854 2.20924 204186
0 0.280071 0.377996 2.20331 204220
0 0.283388 0.355794 2.19349 204252
0 0.289628 0.333413 2.18466 204285
0 0.294085 0.31235 2.18138 204319
0 0.301744 0.292827 2.18095 204351
0 0.30837 0.277626 2.17662 204384
0 0.317386 0.264458 2.16981 204417
0 0.328467 0.24881 2.17028 204450
0 0.34045 0.234849 2.16706 204483
0 0.35225 0.223021 2.16722 204517
0 0.365746 0.215497 2.16793 204551
0 0.379419 0.211839 2.17207 204583
0 0.39001 0.211094 2.17568 204615
0 0.402082 0.211267 2.17321 204647
0 0.414874 0.211863 2.17179 204697
0 0.426346 0.216942 2.17458 204731
0 0.436356 0.222808 2.17742 204749
0 0.445882 0.230088 2.18245 204783
0 0.454467 0.240328 2.18243 204815
0 0.463261 0.256309 2.18319 204849
0 0.469674 0.271555 2.17611 204883
0 0.473637 0.288965 2.17443 204917
0 0.475163 0.307997 2.17613 204951
0 0.475589 0.324287 2.17924 204984
0 0.479944 0.340911 2.17752 205018
0 0.477923 0.354043 2.17648 205052
0 0.477802 0.370187 2.17814 205085
0 0.476282 0.387248 2.17477 205117
0 0.473363 0.401997 2.17943 205152
0 0.470593 0.41754 2.1831 205183
0 0.466048 0.431604 2.18351 205215
0 0.461432 0.44506 2.18538 205265
0 0.454943 0.457422 2.18618 205298
0 0.44946 0.469154 2.18709 205314
0 0.444216 0.480705 2.19024 205365
0 0.43673 0.490159 2.19359 205382
0 0.428172 0.500035 2.19498 205416
0 0.421453 0.508556 2.19883 205450
0 0.413003 0.515762 2.20261 205485
0 0.408077 0.523318 2.20385 205518
0 0.40111 0.528506 2.215 205552
0 0.392108 0.530538 2.21485 205584
0 0.388081 0.538666 2.21939 205618
0 0.38232 0.541583 2.22367 205651
0 0.377503 0.545416 2.21632 205684
0 0.370676 0.540922 2.23146 205716
0 0.361308 0.538014 2.23976 205750
0 0.356286 0.53666 2.24345 205784

1 0.366702 0.554578 2.2495 207127
1 0.365638 0.55985 2.24736 207161
1 0.36426 0.564753 2.24261 207193
1 0.362669 0.567995 2.24733 207227
1 0.358735 0.568404 2.24705 207260
1 0.3536 0.562017 2.24753 207294
1 0.347804 0.55738 2.25202 207327
1 0.340219 0.553754 2.25438 207359
1 0.331354 0.550573 2.25857 207391
1 0.323523 0.540514 2.25779 207423
1 0.313028 0.533512 2.25715 207454
1 0.301505 0.521692 2.24678 207487
1 0.292219 0.509928 2.25276 207521
1 0.283536 0.492731 2.25566 207555
1 0.278989 0.480682 2.25932 207587
1 0.2718 0.462214 2.25692 207619
1 0.266122 0.442463 2.25466 207652
1 0.261364 0.423106 2.25154 207702
1 0.259233 0.407395 2.25075 207719
1 0.259224 0.387538 2.24777 207752
1 0.259578 0.369994 2.2375 207786
1 0.260808 0.35295 2.22339 207819
1 0.264427 0.33542 2.21391 207853
1 0.271257 0.315462 2.20416 207886
1 0.275831 0.302989 2.19809 207920
1 0.284489 0.287773 2.18907 207952
1 0.29214 0.27753 2.1839 208001
1 0.301703 0.264787 2.17799 208018
1 0.31288 0.25105 2.16443 208051
1 0.321675 0.243292 2.16836 208099
1 0.33206 0.238312 2.15916 208133
1 0.342602 0.233103 2.16355 208150
1 0.355096 0.226749 2.16165 208200
1 0.366924 0.222119 2.16754 208233
1 0.376925 0.226662 2.16511 208266
1 0.386759 0.227282 2.1677 208299
1 0.396709 0.231546 2.17137 208332
1 0.409374 0.232896 2.17281 208365
1 0.420422 0.240747 2.17311 208398
1 0.431628 0.24952 2.16525 208430
1 0.440668 0.259576 2.16452 208462
1 0.44936 0.272082 2.16359 208495
1 0.455869 0.281242 2.16233 208526
1 0.463902 0.296518 2.16395 208560
1 0.467012 0.308176 2.16658 208594
1 0.468116 0.320959 2.16563 208626
1 0.470567 0.338485 2.16818 208660
1 0.473849 0.354363 2.16757 208693
1 0.475178 0.371337 2.17203 208727
1 0.476035 0.389424 2.17338 208760
1 0.474434 0.404042 2.17799 208793
1 0.473405 0.42264 2.18266 208826
1 0.471631 0.437735 2.18753 208859
1 0.46741 0.453926 2.18753 208893
1 0.459502 0.469595 2.19567 208926
1 0.453048 0.482288 2.19659 208960
1 0.447751 0.498266 2.20347 208993
1 0.439634 0.510316 2.2144 209026
1 0.432212 0.520922 2.21731 209058
1 0.424642 0.533215 2.22857 209092
1 0.417021 0.542081 2.22975 209125
1 0.410924 0.548709 2.23475 209158
1 0.402534 0.550859 2.23963 209191
1 0.391378 0.551053 2.23882 209224
1 0.382743 0.551963 2.24582 209257
1 0.376182 0.550779 2.24548 209291
1 0.370613 0.551597 2.24631 209326
1 0.361546 0.548851 2.25052 209359
1 0.354173 0.549357 2.252 209391
1 0.344724 0.542603 2.25777 209425
1 0.339418 0.537888 2.25925 209459
1 0.334396 0.532555 2.26245 209492
1 0.326899 0.531479 2.26249 209526

2 0.362039 0.561674 2.24255 211098
2 0.360937 0.561964 2.24509 211132
2 0.360058 0.562253 2.24631 211166
2 0.36146 0.558592 2.25126 211200
2 0.358666 0.561707 2.25252 211234
2 0.354333 0.55845 2.25634 211267
2 0.350682 0.556776 2.25704 211301
2 0.343028 0.555818 2.2566 211334
2 0.333471 0.555314 2.25644 211366
2 0.325147 0.553435 2.26136 211400
2 0.315518 0.54602 2.26069 211433
2 0.305276 0.536665 2.26253 211466
2 0.297594 0.524925 2.25824 211499
2 0.28778 0.511206 2.25082 211532
2 0.280313 0.497212 2.25002 211565
2 0.27142 0.476118 2.24294 211598
2 0.265284 0.45723 2.24464 211632
2 0.262863 0.43657 2.23714 211664
2 0.262893 0.41606 2.22614 211697
2 0.263056 0.397196 2.21684 211730
2 0.263692 0.376001 2.21068 211763
2 0.265445 0.356548 2.20149 211796
2 0.269961 0.337716 2.19381 211830
2 0.275925 0.316489 2.1822 211863
2 0.283345 0.298545 2.17429 211895
2 0.292701 0.280127 2.16704 211929
2 0.30343 0.265293 2.16465 211961
2 0.312919 0.250056 2.16224 211995
2 0.32375 0.241393 2.1659 212029
2 0.33427 0.229015 2.15916 212063
2 0.346464 0.219986 2.15326 212095
2 0.361907 0.213856 2.15904 212129
2 0.374911 0.212782 2.16414 212161
2 0.384839 0.214227 2.16663 212192
2 0.397583 0.21539 2.16842 212226
2 0.408855 0.221866 2.17238 212258
2 0.419159 0.229381 2.17229 212292
2 0.430137 0.242222 2.17158 212324
2 0.439073 0.256117 2.16815 212357
2 0.447399 0.268259 2.16772 212391
2 0.454577 0.287045 2.16875 212426
2 0.46231 0.302343 2.16904 212460
2 0.468538 0.322608 2.1712 212493
2 0.470874 0.338672 2.17618 212526
2 0.472587 0.356982 2.17574 212559
2 0.472934 0.377622 2.18175 212591
2 0.473287 0.3978 2.18499 212625
2 0.473396 0.418115 2.18875 212657
2 0.473687 0.436973 2.18954 212691
2 0.472647 0.455414 2.20576 212724
2 0.470295 0.473596 2.21715 212757
2 0.465316 0.489137 2.22254 212790
2 0.459289 0.501761 2.22525 212823
2 0.451372 0.515387 2.2336 212856
2 0.441865 0.523725 2.22996 212888
2 0.430607 0.535312 2.2393 212922
2 0.422826 0.544383 2.24074 212970
2 0.414198 0.554942 2.24513 213004
2 0.405068 0.561525 2.2503 213021
2 0.395595 0.566096 2.25554 213071
2 0.388765 0.569703 2.25607 213103
2 0.377945 0.572289 2.2568 213135
2 0.371964 0.574928 2.26161 213167
2 0.36407 0.575254 2.26861 213200
2 0.358456 0.57427 2.2673 213232

3 0.380769 0.554375 2.24721 214493
3 0.377779 0.558387 2.25035 214527
3 0.375363 0.560898 2.25148 214561
3 0.371459 0.566613 2.24575 214593
3 0.364955 0.569466 2.24394 214627
3 0.360007 0.569996 2.24899 214661
3 0.35213 0.570434 2.25744 214695
3 0.343329 0.564148 2.25788 214729
3 0.331469 0.559462 2.25731 214762
3 0.318732 0.552713 2.2631 214795
3 0.305751 0.539492 2.2619 214829
3 0.292803 0.523115 2.26092 214863
3 0.283426 0.508964 2.25976 214897
3 0.27614 0.494107 2.26704 214931
3 0.268345 0.472726 2.26463 214965
3 0.263379 0.447237 2.26182 214999
3 0.261292 0.421525 2.25413 215033
3 0.261042 0.399408 2.24362 215067
3 0.261862 0.376088 2.23144 215101
3 0.26299 0.354306 2.2199 215133
3 0.26555 0.328811 2.20883 215166
3 0.273146 0.306645 2.19951 215200
3 0.27861 0.288484 2.19071 215234
3 0.287933 0.270502 2.18453 215268
3 0.299223 0.251661 2.18374 215301
3 0.310776 0.233985 2.18166 215334
3 0.323331 0.217912 2.16944 215367
3 0.335404 0.207037 2.17224 215399
3 0.349228 0.201294 2.17481 215432
3 0.363545 0.198282 2.1821 215464
3 0.378662 0.201187 2.18216 215496
3 0.391828 0.205559 2.18367 215530
3 0.403189 0.210759 2.17321 215564
3 0.417239 0.218371 2.17454 215597
3 0.431654 0.2342 2.17841 215628
3 0.441095 0.253104 2.17487 215661
3 0.451454 0.271279 2.17224 215694
3 0.45755 0.289941 2.17235 215728
3 0.463582 0.310859 2.17011 215760
3 0.467555 0.332603 2.17035 215794
3 0.469421 0.353758 2.17089 215826
3 0.470474 0.375367 2.17109 215875
3 0.471005 0.394645 2.17218 215906
3 0.471671 0.413681 2.17954 215940
3 0.46777 0.431925 2.18118 215974
3 0.464129 0.448734 2.18801 216007
3 0.460245 0.465876 2.1967 216040
3 0.454435 0.479651 2.19565 216073
3 0.445972 0.493071 2.20225 216105
3 0.437187 0.504871 2.20791 216136
3 0.428283 0.515446 2.2164 216170
3 0.420573 0.524997 2.21935 216204
3 0.41218 0.537521 2.21432 216236
3 0.401045 0.544892 2.22982 216270
3 0.393355 0.546947 2.23681 216302
3 0.384091 0.550439 2.24306 216336
3 0.375457 0.550591 2.24609 216368
3 0.365788 0.548245 2.24814 216401
3 0.357704 0.54314 2.25103 216434
3 0.34897 0.540279 2.25761 216467
3 0.34179 0.536485 2.25948 216500
3 0.336917 0.534487 2.25938 216534
3 0.332578 0.531203 2.26256 216568
3 0.327709 0.528157 2.26322 216600

4 0.245914 0.581028 2.35665 220363
4 0.245573 0.580608 2.35908 220396
4 0.240193 0.577788 2.36042 220428
4 0.234871 0.578645 2.35569 220479
4 0.230182 0.579755 2.36071 220496
4 0.223322 0.578502 2.36518 220546
4 0.217268 0.578051 2.36695 220563
4 0.20817 0.576448 2.36604 220597
4 0.198784 0.575662 2.36586 220632
4 0.187847 0.567928 2.36882 220665
4 0.177446 0.558147 2.36917 220699
4 0.168586 0.545096 2.3685 220732
4 0.157644 0.531288 2.36861 220767
4 0.148739 0.517234 2.35431 220800
4 0.140004 0.504583 2.35186 220833
4 0.135975 0.487799 2.35176 220865
4 0.130006 0.468838 2.34122 220897
4 0.128858 0.44884 2.32575 220931
4 0.128533 0.42347 2.31695 220964
4 0.130075 0.40158 2.30325 220997
4 0.134169 0.384191 2.29621 221031
4 0.140137 0.364956 2.28319 221065
4 0.145816 0.344112 2.27714 221099
4 0.155276 0.324448 2.26537 221132
4 0.165539 0.309369 2.24752 221165
4 0.175224 0.290355 2.24132 221199
4 0.186916 0.276462 2.239 221233
4 0.201485 0.267763 2.23735 221265
4 0.214422 0.259307 2.23312 221299
4 0.225811 0.258472 2.23367 221333
4 0.237753 0.258372 2.23111 221368
4 0.254557 0.259087 2.23142 221401
4 0.26728 0.260908 2.22766 221435
4 0.277489 0.266105 2.2268 221469
4 0.287116 0.277752 2.22882 221502
4 0.297863 0.290745 2.23693 221536
4 0.305698 0.301135 2.23761 221569
4 0.315621 0.315707 2.2399 221604
4 0.32589 0.329944 2.24236 221636
4 0.331849 0.346393 2.2449 221670
4 0.335044 0.364435 2.24821 221704
4 0.339506 0.380407 2.25591 221738
4 0.340112 0.396715 2.26397 221772
4 0.341663 0.413591 2.26869 221806
4 0.339642 0.431219 2.27881 221840
4 0.337533 0.446769 2.28754 221874
4 0.335634 0.459328 2.30051 221908
4 0.331947 0.474384 2.31453 221942
4 0.327799 0.486278 2.3271 221975
4 0.321644 0.49884 2.32689 222008
4 0.313257 0.513215 2.32967 222042
4 0.304848 0.523101 2.33423 222076
4 0.296048 0.530054 2.33869 222111
4 0.287708 0.540467 2.33974 222145
4 0.281785 0.549896 2.34235 222162
4 0.273641 0.556133 2.35484 222214
4 0.263635 0.56504 2.36649 222230
4 0.249469 0.571738 2.3791 222262
4 0.237195 0.575177 2.39638 222313
4 0.227714 0.577516 2.4121 222346
4 0.221913 0.577356 2.41991 222363
4 0.212383 0.578667 2.42575 222411
4 0.207344 0.580091 2.42855 222445

5 0.259257 0.579379 2.37575 223533
5 0.259498 0.580732 2.38071 223581
5 0.258218 0.579066 2.38199 223598
5 0.252641 0.578413 2.39414 223631
5 0.246578 0.579907 2.39482 223680
5 0.240364 0.580959 2.40454 223713
5 0.23005 0.5802 2.40755 223729
5 0.218251 0.579177 2.40582 223780
5 0.205678 0.577046 2.41549 223814
5 0.191297 0.573115 2.42342 223830
5 0.178409 0.564687 2.42889 223880
5 0.165767 0.559702 2.43093 223912
5 0.15271 0.547544 2.42178 223944
5 0.138196 0.532914 2.41961 223977
5 0.130069 0.514388 2.42288 224012
5 0.121625 0.493588 2.40482 224043
5 0.116448 0.465764 2.38788 224077
5 0.111689 0.440136 2.37043 224111
5 0.109958 0.415734 2.35975 224144
5 0.109289 0.391661 2.35293 224178
5 0.114305 0.366905 2.34047 224210
5 0.121028 0.339471 2.32807 224242
5 0.130456 0.316546 2.31898 224276
5 0.142973 0.289369 2.30963 224309
5 0.151911 0.267033 2.30563 224343
5 0.162779 0.250648 2.3063 224376
5 0.177779 0.232295 2.30706 224408
5 0.19318 0.221526 2.30406 224441
5 0.206792 0.214459 2.31241 224475
5 0.221662 0.204936 2.31311 224509
5 0.236854 0.207642 2.31083 224543
5 0.250712 0.205957 2.30882 224577
5 0.264764 0.212283 2.30152 224610
5 0.280098 0.221483 2.30288 224645
5 0.292011 0.230598 2.30614 224678
5 0.304404 0.245691 2.30578 224712
5 0.315492 0.263391 2.30799 224746
5 0.323418 0.2795 2.31238 224780
5 0.333285 0.300941 2.31795 224812
5 0.33737 0.321829 2.31841 224844
5 0.341473 0.345402 2.32256 224878
5 0.341437 0.367567 2.32543 224911
5 0.342069 0.390186 2.33369 224945
5 0.342144 0.414559 2.33751 224979
5 0.340717 0.44088 2.34927 225013
5 0.338448 0.464417 2.3582 225046
5 0.335643 0.486529 2.36738 225079
5 0.329213 0.50675 2.38181 225112
5 0.321859 0.523561 2.3932 225146
5 0.311301 0.540821 2.40037 225180
5 0.296482 0.558287 2.40713 225198
5 0.285165 0.568371 2.4053 225248
5 0.276117 0.579564 2.40638 225265
5 0.267106 0.591336 2.41072 225316
5 0.257016 0.594609 2.42207 225333
5 0.241383 0.596013 2.43501 225368
5 0.228304 0.597434 2.44085 225416
5 0.214394 0.590775 2.44687 225449
5 0.200747 0.587714 2.45429 225466
5 0.191334 0.581726 2.4528 225515
5 0.184258 0.58077 2.45514 225548
5 0.174913 0.573644 2.45489 225565

6 0.522728 0.563261 2.41205 228351
6 0.516384 0.563785 2.42334 228368
6 0.511371 0.563201 2.42056 228401
6 0.506607 0.559649 2.42618 228451
6 0.499745 0.553346 2.42893 228469
6 0.493804 0.54361 2.42807 228502
6 0.489615 0.535396 2.42373 228536
6 0.484437 0.518199 2.41236 228570
6 0.479931 0.501734 2.40008 228603
6 0.479286 0.478426 2.39529 228637
6 0.479585 0.465697 2.37377 228672
6 0.483694 0.448761 2.36305 228705
6 0.489353 0.430701 2.35389 228739
6 0.497616 0.412541 2.34305 228773
6 0.505969 0.398167 2.33327 228807
6 0.516657 0.384027 2.32418 228841
6 0.525662 0.375388 2.3189 228875
6 0.536933 0.367567 2.31557 228909
6 0.546409 0.363675 2.31114 228943
6 0.556287 0.362006 2.30993 228977
6 0.563374 0.36544 2.30953 229011
6 0.574833 0.370689 2.30617 229045
6 0.58419 0.376312 2.30531 229078
6 0.593453 0.387814 2.30798 229113
6 0.601085 0.398237 2.30716 229146
6 0.609044 0.413346 2.31336 229180
6 0.613436 0.426936 2.31908 229213
6 0.617889 0.44045 2.32511 229247
6 0.62187 0.453798 2.33443 229281
6 0.623743 0.469033 2.34434 229314
6 0.622415 0.482674 2.35481 229347
6 0.622183 0.497129 2.37225 229380
6 0.619689 0.506259 2.38101 229413
6 0.614046 0.518698 2.38598 229447
6 0.610813 0.527469 2.39543 229479
6 0.603025 0.535588 2.39627 229511
6 0.598295 0.546006 2.39648 229544
6 0.590451 0.553339 2.39882 229578
6 0.583392 0.556542 2.401 229612
6 0.576704 0.560033 2.40521 229645
6 0.570404 0.568017 2.40575 229678
6 0.563852 0.574888 2.40996 229712
6 0.557031 0.577507 2.4191 229744
6 0.549776 0.580854 2.42805 229777
6 0.545878 0.581394 2.44087 229810
6 0.534823 0.581734 2.44713 229845
6 0.527688 0.573228 2.4423 229878
6 0.523899 0.568636 2.43987 229911

7 0.544332 0.550532 2.38565 232378
7 0.543446 0.550609 2.38896 232412
7 0.542023 0.552549 2.38698 232446
7 0.538949 0.552521 2.38861 232480
7 0.538436 0.549572 2.39468 232514
7 0.534255 0.547967 2.39891 232548
7 0.530519 0.542607 2.39614 232581
7 0.525353 0.538683 2.38605 232615
7 0.521306 0.534168 2.38502 232649
7 0.519903 0.522542 2.38368 232683
7 0.513875 0.511293 2.37518 232717
7 0.509702 0.503364 2.37461 232751
7 0.508053 0.496394 2.37715 232785
7 0.506948 0.489315 2.36574 232819
7 0.50735 0.48098 2.35728 232852
7 0.508357 0.472222 2.35633 232886
7 0.513552 0.462252 2.347 232920
7 0.516483 0.454129 2.33653 232954
7 0.520812 0.445272 2.33004 232971
7 0.524285 0.439087 2.32191 233022
7 0.529559 0.432985 2.31826 233039
7 0.534181 0.430222 2.31913 233073
7 0.538478 0.42926 2.3187 233107
7 0.545447 0.425959 2.32142 233140
7 0.550645 0.425238 2.31967 233174
7 0.556235 0.424182 2.3203 233208
7 0.563707 0.423676 2.31567 233241
7 0.570629 0.424852 2.31874 233275
7 0.579772 0.424992 2.31019 233309
7 0.585611 0.425477 2.30835 233341
7 0.592208 0.433 2.31054 233375
7 0.595957 0.438516 2.31551 233408
7 0.599979 0.442496 2.3176 233442
7 0.600918 0.445562 2.31686 233474
7 0.60375 0.454094 2.32081 233522
7 0.604693 0.460945 2.3231 233539
7 0.604736 0.466428 2.32474 233572
7 0.60641 0.476297 2.32835 233619
7 0.606564 0.483136 2.33683 233652
7 0.606151 0.49127 2.33976 233684
7 0.6053 0.496175 2.34334 233716
7 0.601194 0.501414 2.35226 233748
7 0.596706 0.505866 2.36224 233780
7 0.594892 0.510478 2.36753 233814
7 0.591749 0.517459 2.37567 233846
7 0.590399 0.525847 2.38174 233880
7 0.586512 0.531057 2.38683 233913
7 0.580237 0.53369 2.38474 233947
7 0.577502 0.534487 2.38611 233981
7 0.574473 0.540586 2.39416 234014
7 0.572362 0.544117 2.3944 234047
7 0.569839 0.5476 2.38676 234080
7 0.566448 0.552514 2.38065 234114
7 0.564193 0.554714 2.38662 234147
7 0.561583 0.556773 2.38971 234180
7 0.558896 0.551657 2.39968 234213
7 0.554968 0.551369 2.4029 234246
7 0.550219 0.551856 2.39805 234279
7 0.545513 0.545861 2.40163 234311
7 0.542905 0.543202 2.40667 234345
7 0.540452 0.54428 2.40464 234378
7 0.539758 0.541127 2.40326 234412
7 0.539952 0.540542 2.40473 234446
7 0.538068 0.53799 2.40627 234479

8 0.477462 0.620782 2.42472 236082
8 0.478339 0.623694 2.42933 236116
8 0.476131 0.627396 2.43415 236147
8 0.469157 0.627441 2.45029 236181
8 0.462401 0.628926 2.4651 236215
8 0.451326 0.62789 2.47246 236249
8 0.442224 0.626574 2.48233 236283
8 0.433543 0.623064 2.48587 236317
8 0.421371 0.621893 2.48798 236352
8 0.411153 0.614999 2.49382 236385
8 0.400254 0.603946 2.49555 236419
8 0.388438 0.590554 2.49782 236453
8 0.377831 0.572914 2.49661 236486
8 0.366941 0.557684 2.49518 236520
8 0.354298 0.541422 2.48421 236553
8 0.345425 0.519014 2.47352 236586
8 0.341826 0.496183 2.45753 236620
8 0.336772 0.474646 2.44363 236654
8 0.33184 0.451722 2.42782 236687
8 0.329056 0.42892 2.41224 236719
8 0.328063 0.40634 2.37846 236753
8 0.332339 0.384047 2.3715 236787
8 0.338574 0.360852 2.35846 236821
8 0.34363 0.339075 2.34528 236854
8 0.353543 0.318763 2.33526 236887
8 0.36243 0.300803 2.32362 236922
8 0.3742 0.281764 2.30747 236956
8 0.384229 0.268458 2.29614 236989
8 0.394995 0.256206 2.29453 237021
8 0.409118 0.24702 2.28889 237055
8 0.423803 0.23656 2.28086 237088
8 0.439644 0.227693 2.27202 237122
8 0.455563 0.222272 2.26693 237155
8 0.471248 0.219646 2.26766 237188
8 0.482996 0.218019 2.27261 237222
8 0.497901 0.222222 2.26364 237255
8 0.508992 0.224913 2.259 237288
8 0.523842 0.232675 2.25543 237322
8 0.539797 0.246678 2.24915 237354
8 0.549699 0.25672 2.22496 237388
8 0.555814 0.27454 2.23341 237421
8 0.567404 0.291516 2.23999 237453
8 0.577211 0.306002 2.24893 237487
8 0.583374 0.322543 2.25947 237518
8 0.592421 0.344043 2.27897 237550
8 0.59646 0.365234 2.29556 237583
8 0.598058 0.386395 2.30792 237615
8 0.598186 0.40699 2.32367 237649
8 0.5947 0.42691 2.32395 237682
8 0.592659 0.447065 2.32941 237714
8 0.590603 0.466476 2.34662 237746
8 0.587333 0.483372 2.36561 237778
8 0.579886 0.498537 2.36628 237812
8 0.570241 0.514438 2.37131 237846
8 0.561326 0.527217 2.3755 237878
8 0.552215 0.540934 2.38058 237910
8 0.542968 0.550908 2.38331 237943
8 0.533652 0.562357 2.38989 237993
8 0.526198 0.572027 2.39586 238010
8 0.518206 0.577159 2.4025 238043
8 0.509314 0.58832 2.41181 238091
8 0.501077 0.5962 2.41318 238124
8 0.495769 0.601984 2.41843 238157
8 0.484832 0.604594 2.4268 238190
8 0.479066 0.605088 2.43858 238224
8 0.473247 0.611174 2.44097 238256
8 0.464254 0.610154 2.44168 238290
8 0.459013 0.609229 2.45755 238323

9 0.466785 0.604838 2.43945 239513
9 0.461478 0.605579 2.45317 239547
9 0.45265 0.606357 2.45477 239582
9 0.444738 0.605932 2.46595 239615
9 0.433764 0.605911 2.46592 239648
9 0.421754 0.602478 2.47816 239682
9 0.412597 0.603039 2.48826 239716
9 0.400307 0.593808 2.49055 239750
9 0.388438 0.584831 2.49009 239784
9 0.37434 0.570024 2.49127 239817
9 0.365177 0.557673 2.48584 239851
9 0.358145 0.538471 2.48775 239885
9 0.348745 0.517603 2.48505 239918
9 0.342772 0.495444 2.47691 239952
9 0.333889 0.473606 2.46385 239986
9 0.327477 0.447587 2.4516 240020
9 0.324693 0.424637 2.44102 240054
9 0.324067 0.400178 2.43467 240088
9 0.324189 0.371829 2.42583 240122
9 0.327534 0.34555 2.41534 240156
9 0.333458 0.320309 2.41007 240190
9 0.337993 0.297465 2.39989 240224
9 0.345071 0.275306 2.38902 240259
9 0.35383 0.256191 2.37638 240292
9 0.364161 0.241534 2.36969 240324
9 0.373355 0.22737 2.35643 240357
9 0.382862 0.21587 2.35181 240391
9 0.396838 0.201543 2.34489 240423
9 0.409368 0.194189 2.34044 240458
9 0.422918 0.18489 2.33733 240492
9 0.43666 0.179337 2.33631 240525
9 0.451418 0.173831 2.32828 240559
9 0.463485 0.171678 2.32284 240592
9 0.475449 0.172672 2.32101 240627
9 0.492403 0.181371 2.30475 240659
9 0.505762 0.189352 2.28752 240693
9 0.521427 0.199635 2.28774 240726
9 0.534987 0.211177 2.2827 240759
9 0.546645 0.224944 2.27694 240792
9 0.557786 0.241028 2.2687 240824
9 0.571438 0.260017 2.25813 240857
9 0.580643 0.280815 2.26473 240889
9 0.58978 0.297766 2.27706 240923
9 0.594773 0.320108 2.28775 240956
9 0.596864 0.344036 2.29571 240989
9 0.597643 0.365869 2.29802 241022
9 0.598109 0.386551 2.30595 241055
9 0.595013 0.40566 2.31204 241089
9 0.591524 0.428734 2.31533 241123
9 0.588112 0.44967 2.32726 241156
9 0.582309 0.468882 2.33745 241190
9 0.574314 0.48405 2.34233 241223
9 0.565673 0.499711 2.34377 241256
9 0.554857 0.514378 2.34845 241291
9 0.546032 0.527564 2.35184 241324
9 0.53585 0.54194 2.36358 241358
9 0.523261 0.554696 2.37314 241391
9 0.515649 0.567204 2.3877 241424
9 0.503688 0.575462 2.40088 241459
9 0.49136 0.586015 2.41346 241492
9 0.479329 0.591626 2.41573 241526
9 0.472881 0.598271 2.41009 241559
9 0.465659 0.600383 2.40122 241592
9 0.451377 0.594989 2.41491 241623
9 0.440311 0.586558 2.4278 241656
9 0.431171 0.585631 2.44358 241689
9 0.423714 0.581993 2.44978 241722
9 0.414438 0.580718 2.44967 241756
9 0.407537 0.57796 2.44299 241788

10 0.475091 0.60059 2.41412 242921
10 0.466048 0.601322 2.41916 242954
10 0.453228 0.601023 2.42221 242988
10 0.443681 0.600922 2.41833 243022
10 0.424898 0.594798 2.40901 243057
10 0.413845 0.589852 2.42037 243091
10 0.40335 0.581908 2.42795 243124
10 0.390339 0.571837 2.42988 243157
10 0.379736 0.563186 2.43248 243192
10 0.370238 0.546111 2.43029 243226
10 0.363235 0.521947 2.43224 243259
10 0.35385 0.497504 2.42227 243293
10 0.346356 0.4674 2.41041 243327
10 0.339428 0.439911 2.39714 243361
10 0.33895 0.41303 2.38839 243395
10 0.340433 0.381462 2.3781 243429
10 0.343451 0.353272 2.35627 243462
10 0.347894 0.322995 2.34566 243496
10 0.354991 0.299358 2.34051 243530
10 0.367184 0.276257 2.33486 243563
10 0.380323 0.255314 2.32977 243596
10 0.39106 0.233503 2.32385 243630
10 0.403623 0.216428 2.3204 243663
10 0.418632 0.203251 2.31054 243696
10 0.433853 0.190749 2.30742 243729
10 0.448424 0.18165 2.30283 243762
10 0.463294 0.178504 2.30713 243796
10 0.481525 0.179102 2.30652 243829
10 0.498361 0.180554 2.29645 243862
10 0.510704 0.185522 2.2911 243896
10 0.522574 0.193056 2.28894 243930
10 0.538273 0.203029 2.28986 243964
10 0.553793 0.215931 2.29615 243981
10 0.563274 0.234246 2.29757 244031
10 0.573236 0.252265 2.29805 244048
10 0.585993 0.272619 2.29902 244081
10 0.593498 0.292608 2.29899 244131
10 0.596789 0.309258 2.30202 244163
10 0.599767 0.331931 2.30237 244196
10 0.602973 0.355625 2.31269 244230
10 0.603845 0.377829 2.32036 244264
10 0.598309 0.401404 2.32257 244281
10 0.595049 0.424082 2.3269 244331
10 0.591443 0.445626 2.34109 244362
10 0.586801 0.468583 2.35776 244395
10 0.579326 0.487612 2.36592 244428
10 0.567626 0.502061 2.35502 244461
10 0.555384 0.518328 2.35052 244493
10 0.543313 0.533786 2.35902 244525
10 0.53179 0.546411 2.3618 244557
10 0.519692 0.559402 2.37182 244588
10 0.507992 0.569076 2.37599 244621
10 0.49759 0.575488 2.38494 244653
10 0.485701 0.578789 2.39782 244685
10 0.476694 0.585854 2.40685 244717
10 0.46688 0.585155 2.41567 244751
10 0.454535 0.583857 2.42128 244784
10 0.441933 0.583077 2.42967 244817
10 0.432898 0.584036 2.43561 244850
10 0.422304 0.580862 2.45388 244899
10 0.413242 0.578252 2.45397 244916
10 0.406298 0.576143 2.45104 244949

