Gesto: 0
0 0.110687 0.277244 1.60288 295550
0 0.112261 0.273624 1.60225 295567
0 0.116692 0.271775 1.60235 295601
0 0.112161 0.270892 1.59806 295651
0 0.113946 0.267724 1.59727 295668
0 0.110142 0.266941 1.59456 295701
0 0.111849 0.263963 1.59292 295735
0 0.113066 0.261988 1.59184 295770
0 0.111431 0.256478 1.59049 295802
0 0.110907 0.253563 1.5845 295836
0 0.110565 0.252442 1.58063 295869
0 0.113377 0.246695 1.57862 295902
0 0.115636 0.243844 1.57572 295937
0 0.118066 0.242432 1.57235 295971
0 0.120763 0.240247 1.5701 296004
0 0.12222 0.238945 1.56832 296038
0 0.123213 0.238401 1.56592 296072
0 0.123504 0.23696 1.56698 296107
0 0.128526 0.237616 1.56291 296140
0 0.132915 0.237392 1.55742 296174
0 0.138287 0.237411 1.55362 296206
0 0.141693 0.23778 1.55169 296240
0 0.145984 0.239321 1.54833 296273
0 0.150223 0.238208 1.54994 296306
0 0.153539 0.240316 1.5499 296339
0 0.156797 0.241083 1.54953 296373
0 0.160155 0.24174 1.55049 296407
0 0.162253 0.248108 1.55026 296441
0 0.163095 0.251603 1.55048 296474
0 0.1647 0.255186 1.55073 296507
0 0.16613 0.26002 1.54802 296540
0 0.166035 0.265074 1.54853 296573
0 0.166789 0.269102 1.54925 296606
0 0.167478 0.273141 1.54812 296640
0 0.167625 0.277763 1.54596 296674
0 0.167047 0.282546 1.54722 296708
0 0.167189 0.286171 1.54997 296742
0 0.166832 0.289736 1.55038 296776
0 0.165066 0.292779 1.55301 296810
0 0.161037 0.297336 1.55694 296843
0 0.15877 0.298929 1.5562 296876
0 0.157346 0.300505 1.55595 296908
0 0.155828 0.300322 1.55823 296942
0 0.152404 0.299047 1.55855 296975
0 0.149472 0.298254 1.56182 297007
0 0.146992 0.298841 1.56135 297041
0 0.144985 0.29886 1.56284 297075
0 0.140976 0.298448 1.5662 297107
0 0.137406 0.296976 1.56921 297141
0 0.135375 0.296425 1.56983 297175
0 0.133663 0.293184 1.56908 297208
0 0.131578 0.290538 1.57022 297242
0 0.130648 0.288373 1.57105 297276
0 0.129076 0.285327 1.57318 297309

1 0.19543 0.270343 1.56972 299507
1 0.195793 0.270144 1.56698 299540
1 0.196864 0.268659 1.56679 299575
1 0.19829 0.268211 1.56484 299608
1 0.198965 0.26789 1.56457 299641
1 0.199223 0.267685 1.56454 299674
1 0.198018 0.265448 1.56456 299708
1 0.197488 0.264591 1.56188 299742
1 0.197411 0.263623 1.5592 299775
1 0.197914 0.262454 1.55783 299808
1 0.202243 0.260361 1.55689 299841
1 0.204288 0.257087 1.55703 299875
1 0.205698 0.255608 1.55612 299909
1 0.208587 0.255014 1.55562 299942
1 0.210709 0.254834 1.55363 299975
1 0.214034 0.249316 1.55226 300008
1 0.217232 0.246491 1.55251 300042
1 0.220172 0.243465 1.55276 300075
1 0.223232 0.242159 1.54956 300108
1 0.226173 0.240614 1.55084 300142
1 0.228725 0.238879 1.55057 300176
1 0.234456 0.237624 1.55005 300209
1 0.238471 0.236656 1.54937 300244
1 0.241355 0.2367 1.54633 300277
1 0.246101 0.237117 1.54754 300311
1 0.249822 0.238464 1.54512 300345
1 0.252472 0.239091 1.54359 300378
1 0.255208 0.240621 1.544 300411
1 0.258598 0.246205 1.54465 300445
1 0.261432 0.252565 1.54483 300478
1 0.263088 0.255902 1.54649 300512
1 0.262062 0.26215 1.54251 300546
1 0.260638 0.266634 1.54077 300580
1 0.26032 0.268099 1.53853 300614
1 0.25794 0.272298 1.53819 300648
1 0.255997 0.275971 1.54087 300682
1 0.254786 0.278727 1.54297 300715
1 0.252178 0.280619 1.54247 300749
1 0.248016 0.283104 1.53921 300783
1 0.245469 0.284785 1.54249 300817
1 0.241806 0.284752 1.54249 300850
1 0.239409 0.284934 1.54277 300884
1 0.235913 0.284822 1.54359 300917
1 0.231591 0.28473 1.54277 300951
1 0.22826 0.284138 1.54615 300985
1 0.226541 0.283894 1.54739 301017
1 0.224215 0.281528 1.54899 301049
1 0.222264 0.280865 1.55134 301083
1 0.219078 0.280431 1.55068 301116
1 0.214806 0.278038 1.55178 301149
1 0.212154 0.278526 1.54982 301184
1 0.210645 0.275531 1.55136 301217
1 0.209696 0.273751 1.55373 301251
1 0.208072 0.271267 1.55588 301284
1 0.205499 0.270379 1.55659 301317
1 0.204317 0.271097 1.55632 301351
1 0.202305 0.269494 1.55993 301385
1 0.198473 0.268714 1.56216 301420
1 0.197336 0.267245 1.55893 301453
1 0.194516 0.266743 1.56029 301487
1 0.194584 0.265528 1.5625 301518
1 0.194518 0.264512 1.56541 301553
1 0.193664 0.263912 1.56417 301584
1 0.194744 0.261897 1.56537 301616
1 0.194848 0.261823 1.56759 301649

2 0.276018 0.273462 1.54251 304222
2 0.276067 0.27336 1.54134 304256
2 0.276247 0.273495 1.53976 304289
2 0.276492 0.273654 1.53834 304321
2 0.27656 0.273649 1.53806 304355
2 0.276732 0.273849 1.53669 304387
2 0.277024 0.273818 1.53617 304421
2 0.27706 0.273507 1.53734 304454
2 0.277221 0.273558 1.53697 304487
2 0.27725 0.271387 1.53592 304521
2 0.277107 0.270265 1.53466 304555
2 0.277342 0.270042 1.53082 304588
2 0.277866 0.267934 1.5293 304621
2 0.278176 0.264474 1.5291 304655
2 0.279414 0.262447 1.53067 304689
2 0.280021 0.260181 1.53125 304723
2 0.280196 0.259033 1.53167 304756
2 0.280686 0.258214 1.53189 304790
2 0.283016 0.255899 1.534 304821
2 0.285491 0.252456 1.534 304853
2 0.285952 0.249237 1.53346 304887
2 0.286399 0.245167 1.53365 304921
2 0.286578 0.244245 1.53153 304955
2 0.286602 0.243404 1.53104 304988
2 0.290986 0.241902 1.53101 305022
2 0.29393 0.240625 1.53309 305055
2 0.29613 0.240007 1.53368 305088
2 0.297374 0.239238 1.53217 305120
2 0.301565 0.238715 1.53523 305153
2 0.30464 0.238659 1.53695 305187
2 0.306426 0.237964 1.53767 305221
2 0.307709 0.237992 1.53546 305253
2 0.308048 0.237992 1.53504 305287
2 0.309745 0.238632 1.53785 305320
2 0.311335 0.239392 1.53782 305352
2 0.312227 0.240906 1.53643 305387
2 0.314721 0.240404 1.5365 305421
2 0.316243 0.240305 1.5366 305453
2 0.317937 0.244445 1.53779 305485
2 0.318917 0.2471 1.53538 305518
2 0.319029 0.250212 1.53351 305552
2 0.319098 0.256895 1.53198 305585
2 0.319318 0.26045 1.53283 305617
2 0.320648 0.264412 1.53278 305651
2 0.321925 0.266902 1.53114 305684
2 0.322589 0.271048 1.53239 305718
2 0.324782 0.276336 1.53301 305752
2 0.325588 0.28087 1.53326 305786
2 0.327021 0.285164 1.53314 305818
2 0.327451 0.288078 1.53266 305853
2 0.327367 0.292213 1.53257 305886
2 0.325318 0.296162 1.5297 305918
2 0.324063 0.29901 1.52819 305952
2 0.321707 0.302696 1.52585 305984
2 0.319643 0.304281 1.5266 306017
2 0.318459 0.305487 1.52592 306049
2 0.315008 0.306959 1.52502 306082
2 0.312389 0.307329 1.52559 306116
2 0.307382 0.307999 1.52305 306149
2 0.301742 0.308924 1.52354 306183
2 0.300019 0.308385 1.52487 306217
2 0.296676 0.309277 1.52568 306251
2 0.292538 0.308834 1.52639 306283
2 0.289808 0.305321 1.52585 306315
2 0.285858 0.303818 1.52523 306349
2 0.284144 0.301974 1.5258 306382
2 0.283042 0.301611 1.5249 306417
2 0.280958 0.298901 1.52557 306449
2 0.279369 0.29679 1.52669 306483
2 0.278873 0.293889 1.52754 306517
2 0.278788 0.291563 1.52879 306550
2 0.276451 0.289647 1.5257 306583
2 0.276119 0.288127 1.52583 306617
2 0.274221 0.285755 1.52703 306650
2 0.275509 0.282043 1.52622 306684
2 0.276868 0.281501 1.52393 306717
2 0.277646 0.279222 1.52525 306751
2 0.278475 0.277696 1.52658 306785
2 0.279279 0.277315 1.52453 306818
2 0.279632 0.276708 1.5225 306850
2 0.279779 0.276622 1.52316 306883

3 0.343138 0.282984 1.53341 310453
3 0.34332 0.282733 1.532 310487
3 0.342058 0.281621 1.53061 310522
3 0.342168 0.28133 1.53408 310554
3 0.345408 0.279632 1.53609 310587
3 0.348002 0.27823 1.5386 310621
3 0.349225 0.276513 1.54009 310656
3 0.349638 0.275206 1.53841 310689
3 0.34883 0.273383 1.53542 310722
3 0.348448 0.271988 1.53531 310754
3 0.34898 0.269998 1.53406 310787
3 0.349575 0.268274 1.53266 310820
3 0.3498 0.267316 1.53199 310853
3 0.350532 0.265645 1.53267 310887
3 0.350811 0.263186 1.53307 310921
3 0.351362 0.26274 1.53333 310955
3 0.353219 0.261377 1.53132 310989
3 0.35397 0.260451 1.53197 311022
3 0.354089 0.258836 1.53243 311056
3 0.357242 0.25866 1.53539 311090
3 0.358522 0.25564 1.53925 311125
3 0.360231 0.254546 1.53721 311157
3 0.361051 0.254263 1.53451 311190
3 0.361068 0.253973 1.53427 311224
3 0.362056 0.252156 1.53111 311257
3 0.361872 0.250759 1.53104 311290
3 0.362822 0.250284 1.52942 311324
3 0.362383 0.251732 1.52697 311358
3 0.362125 0.25217 1.52791 311391
3 0.362987 0.251301 1.52795 311425
3 0.366576 0.250363 1.52969 311458
3 0.36803 0.249979 1.53423 311492
3 0.370366 0.252086 1.53173 311525
3 0.371496 0.253252 1.53135 311557
3 0.372377 0.25435 1.52769 311591
3 0.372705 0.254974 1.52497 311625
3 0.374236 0.255772 1.52811 311657
3 0.377848 0.255641 1.52893 311690
3 0.379518 0.256706 1.52814 311724
3 0.380983 0.2565 1.52547 311758
3 0.38166 0.255984 1.5257 311791
3 0.382634 0.258415 1.52636 311825
3 0.383278 0.25988 1.52772 311859
3 0.383813 0.261006 1.52628 311892
3 0.383981 0.261572 1.52698 311925
3 0.383534 0.262963 1.52708 311959
3 0.385007 0.266362 1.52483 311993
3 0.388041 0.267495 1.52553 312027
3 0.387877 0.270288 1.52201 312061
3 0.387311 0.271309 1.52131 312095
3 0.386954 0.274521 1.52031 312129
3 0.388723 0.278462 1.52209 312163
3 0.390712 0.28048 1.52366 312196
3 0.391165 0.281811 1.52448 312229
3 0.391003 0.283973 1.5228 312247
3 0.390796 0.285215 1.52477 312296
3 0.391609 0.287709 1.52697 312329
3 0.389904 0.291094 1.52622 312361
3 0.387392 0.292278 1.526 312394
3 0.385334 0.295119 1.52392 312429
3 0.384014 0.296149 1.52479 312462
3 0.382837 0.297063 1.52529 312496
3 0.380446 0.298092 1.52377 312528
3 0.378928 0.298562 1.52425 312563
3 0.377828 0.299976 1.52508 312597
3 0.375536 0.299131 1.52593 312630
3 0.373686 0.30091 1.52879 312648
3 0.373187 0.30205 1.53078 312698
3 0.373212 0.302286 1.53271 312715
3 0.37038 0.301905 1.52978 312765
3 0.368478 0.302348 1.52977 312799
3 0.366968 0.301509 1.53033 312816
3 0.366031 0.300589 1.53115 312867
3 0.365446 0.300328 1.53257 312883
3 0.364974 0.299884 1.53418 312917
3 0.363559 0.298667 1.53282 312951
3 0.362444 0.297894 1.53215 312985
3 0.359757 0.298261 1.53001 313017
3 0.35632 0.297311 1.5265 313051
3 0.355189 0.297498 1.52818 313084
3 0.35391 0.295481 1.52893 313118
3 0.353055 0.294369 1.52897 313152
3 0.352485 0.292062 1.5307 313185
3 0.352073 0.29132 1.52983 313218
3 0.351645 0.289776 1.53127 313250
3 0.352509 0.287681 1.53127 313284
3 0.349368 0.286861 1.52996 313317
3 0.347464 0.285458 1.52874 313351
3 0.346177 0.284892 1.52788 313385
3 0.344154 0.281866 1.52777 313417

4 0.414687 0.289032 1.52406 316721
4 0.414286 0.286399 1.52483 316754
4 0.41392 0.284067 1.52575 316787
4 0.413634 0.282933 1.52527 316821
4 0.414168 0.28113 1.5244 316855
4 0.414394 0.27891 1.5238 316888
4 0.41435 0.277974 1.52241 316922
4 0.413773 0.276226 1.51904 316955
4 0.413229 0.274833 1.51842 316989
4 0.413344 0.272701 1.51826 317024
4 0.41358 0.27036 1.51904 317057
4 0.414056 0.267686 1.51784 317090
4 0.414798 0.265487 1.51773 317123
4 0.414992 0.261261 1.51642 317156
4 0.415531 0.256433 1.51489 317189
4 0.415369 0.254451 1.51461 317223
4 0.416967 0.250494 1.51548 317254
4 0.416599 0.247728 1.51217 317289
4 0.415915 0.245681 1.51166 317321
4 0.415582 0.244136 1.51371 317354
4 0.416276 0.241832 1.51205 317388
4 0.417499 0.23926 1.51232 317420
4 0.420677 0.237833 1.51523 317454
4 0.42238 0.235268 1.51498 317489
4 0.423126 0.233745 1.51587 317522
4 0.424632 0.233948 1.51594 317557
4 0.425663 0.233818 1.51682 317591
4 0.427006 0.234443 1.50894 317624
4 0.428328 0.232454 1.51553 317657
4 0.430592 0.232337 1.51627 317690
4 0.432673 0.234365 1.51882 317724
4 0.434056 0.234972 1.51825 317758
4 0.435448 0.235553 1.51953 317792
4 0.435919 0.235828 1.51965 317824
4 0.440036 0.234969 1.52311 317858
4 0.442193 0.237925 1.52215 317892
4 0.443372 0.239096 1.5219 317925
4 0.444327 0.239508 1.52156 317959
4 0.444561 0.239904 1.52209 317993
4 0.444721 0.240139 1.52219 318028
4 0.445423 0.240282 1.52262 318061
4 0.445734 0.240636 1.52134 318094
4 0.445552 0.240997 1.51888 318127
4 0.445481 0.241078 1.52112 318161
4 0.446881 0.240384 1.52869 318194
4 0.449978 0.242316 1.52827 318228
4 0.452255 0.245783 1.53083 318261
4 0.45353 0.250293 1.53126 318294
4 0.454506 0.25267 1.53037 318327
4 0.454286 0.254994 1.52847 318359
4 0.454212 0.256453 1.53102 318393
4 0.455734 0.258292 1.53126 318427
4 0.455807 0.260651 1.53102 318461
4 0.455775 0.262056 1.52997 318494
4 0.455607 0.264963 1.52977 318527
4 0.455734 0.267176 1.52717 318560
4 0.455119 0.268807 1.5266 318593
4 0.454871 0.270487 1.52689 318627
4 0.453912 0.273467 1.52764 318661
4 0.454441 0.276933 1.52901 318695
4 0.452316 0.27889 1.52355 318730
4 0.450529 0.282024 1.52316 318761
4 0.447578 0.284291 1.52096 318796
4 0.445903 0.285606 1.51959 318829
4 0.445216 0.289133 1.5201 318864
4 0.444932 0.291145 1.52186 318897
4 0.442654 0.294735 1.52074 318931
4 0.440673 0.297499 1.52097 318965
4 0.437301 0.299295 1.51814 318999
4 0.435476 0.300019 1.5184 319033
4 0.434442 0.300451 1.51879 319068
4 0.432197 0.301584 1.51726 319101
4 0.43034 0.30233 1.51629 319134
4 0.427865 0.301344 1.51414 319167
4 0.426421 0.3001 1.51304 319201
4 0.423795 0.298565 1.51129 319233
4 0.420427 0.297518 1.50838 319266
4 0.418324 0.296786 1.50756 319300
4 0.417173 0.294973 1.50752 319333
4 0.417481 0.292332 1.50879 319367
4 0.416829 0.289516 1.50956 319401
4 0.416311 0.287553 1.5093 319434
4 0.416049 0.285962 1.50705 319467
4 0.415752 0.283243 1.50604 319501
4 0.415348 0.281838 1.50645 319535
4 0.414381 0.279447 1.50533 319568
4 0.415046 0.279045 1.50602 319600

5 0.477161 0.278408 1.52488 322092
5 0.476453 0.280442 1.52475 322125
5 0.477099 0.279231 1.52652 322160
5 0.477447 0.278714 1.52659 322193
5 0.477691 0.278299 1.52725 322227
5 0.476835 0.275938 1.52483 322260
5 0.476244 0.274819 1.5218 322293
5 0.475461 0.274217 1.51857 322327
5 0.475141 0.273504 1.51865 322360
5 0.475061 0.271337 1.52057 322394
5 0.47588 0.266356 1.52126 322428
5 0.474225 0.265917 1.51817 322462
5 0.472674 0.263934 1.51528 322495
5 0.47087 0.263772 1.51125 322528
5 0.470825 0.262196 1.51126 322562
5 0.471129 0.261457 1.51097 322596
5 0.4731 0.255739 1.51509 322630
5 0.474541 0.252274 1.51724 322664
5 0.4752 0.250233 1.51662 322698
5 0.47324 0.247149 1.51424 322732
5 0.474356 0.245714 1.51321 322766
5 0.475218 0.245331 1.5113 322800
5 0.475862 0.244054 1.50989 322834
5 0.476512 0.243471 1.50882 322868
5 0.477049 0.242577 1.50852 322902
5 0.478125 0.240582 1.51024 322936
5 0.478595 0.240301 1.50495 322969
5 0.481103 0.236748 1.50636 323002
5 0.483144 0.234384 1.50833 323035
5 0.484399 0.233228 1.51177 323070
5 0.487018 0.232956 1.51447 323103
5 0.48876 0.23344 1.51709 323136
5 0.490818 0.23399 1.51798 323170
5 0.49328 0.233178 1.51777 323205
5 0.494669 0.232829 1.51528 323238
5 0.49554 0.232648 1.514 323272
5 0.497187 0.233784 1.51466 323306
5 0.498995 0.233757 1.51705 323339
5 0.499403 0.234973 1.51729 323372
5 0.500603 0.236456 1.5184 323405
5 0.501066 0.237347 1.51462 323440
5 0.502255 0.239955 1.51493 323473
5 0.503589 0.240935 1.51559 323507
5 0.506144 0.24186 1.51455 323524
5 0.50698 0.242617 1.51485 323574
5 0.507783 0.243319 1.51767 323608
5 0.508707 0.243526 1.5193 323624
5 0.509557 0.247576 1.52085 323675
5 0.510884 0.252046 1.51907 323709
5 0.511498 0.254928 1.51741 323725
5 0.513435 0.256484 1.51581 323775
5 0.512806 0.258246 1.51322 323791
5 0.513928 0.260939 1.51549 323826
5 0.514792 0.26559 1.51644 323859
5 0.514493 0.268391 1.51942 323894
5 0.513308 0.271641 1.51696 323928
5 0.513715 0.276168 1.51687 323961
5 0.511288 0.28066 1.51339 323996
5 0.510333 0.282673 1.51395 324030
5 0.50967 0.286703 1.51357 324062
5 0.510022 0.290553 1.51244 324096
5 0.508973 0.294487 1.51151 324128
5 0.507958 0.296162 1.51208 324162
5 0.50802 0.297648 1.51324 324194
5 0.505427 0.299555 1.51258 324229
5 0.502165 0.299691 1.51033 324260
5 0.50158 0.3006 1.51282 324292
5 0.500309 0.299529 1.51165 324325
5 0.496941 0.299032 1.51294 324375
5 0.494691 0.299204 1.51336 324392
5 0.492474 0.29612 1.51188 324424
5 0.490998 0.293833 1.51157 324475
5 0.489975 0.292817 1.51244 324491
5 0.489265 0.292304 1.51459 324525
5 0.4884 0.290388 1.51415 324559
5 0.487297 0.288875 1.51591 324593
5 0.486545 0.287434 1.51883 324627
5 0.483328 0.286054 1.51635 324660
5 0.480731 0.285247 1.51415 324692
5 0.479562 0.284007 1.51276 324743
5 0.478996 0.282097 1.51085 324760
5 0.477547 0.278446 1.50861 324793
5 0.477495 0.278345 1.50819 324843
5 0.476765 0.276452 1.50854 324860
5 0.476175 0.275184 1.51047 324894
5 0.475867 0.274788 1.5108 324928

6 0.533829 0.290611 1.49847 329039
6 0.532517 0.289351 1.49702 329072
6 0.531741 0.28798 1.49795 329106
6 0.531154 0.287927 1.49626 329138
6 0.530399 0.286673 1.49394 329172
6 0.529857 0.284594 1.49239 329205
6 0.528991 0.281423 1.48873 329239
6 0.528809 0.278203 1.48666 329271
6 0.529295 0.2735 1.48667 329304
6 0.529606 0.270789 1.48651 329337
6 0.530294 0.267729 1.48552 329372
6 0.53024 0.264452 1.48577 329404
6 0.529814 0.258191 1.48755 329438
6 0.530127 0.256073 1.48634 329472
6 0.52936 0.253439 1.48471 329507
6 0.530255 0.249569 1.4842 329540
6 0.533451 0.246505 1.4831 329573
6 0.53618 0.244259 1.4846 329606
6 0.53754 0.244529 1.48627 329639
6 0.538434 0.243161 1.48446 329672
6 0.54118 0.240596 1.48649 329706
6 0.54476 0.237763 1.48937 329740
6 0.546909 0.236705 1.48826 329773
6 0.548457 0.235186 1.48707 329808
6 0.551084 0.234618 1.49056 329841
6 0.55522 0.236062 1.4929 329874
6 0.559851 0.236133 1.49665 329907
6 0.562553 0.238855 1.50015 329940
6 0.565696 0.239437 1.5009 329973
6 0.567403 0.240162 1.49988 330006
6 0.567714 0.242952 1.49861 330041
6 0.569809 0.245695 1.5019 330073
6 0.570838 0.248028 1.50224 330107
6 0.570847 0.252071 1.50184 330140
6 0.573832 0.254459 1.50108 330174
6 0.575852 0.25585 1.50314 330209
6 0.576691 0.257279 1.50147 330242
6 0.577414 0.259145 1.50363 330274
6 0.578303 0.264408 1.50574 330306
6 0.578249 0.268751 1.50493 330339
6 0.578557 0.27147 1.50749 330372
6 0.57796 0.276283 1.50936 330407
6 0.576043 0.282119 1.5086 330441
6 0.574166 0.286948 1.50598 330474
6 0.572997 0.289795 1.50543 330507
6 0.571015 0.293269 1.50529 330542
6 0.567452 0.298632 1.50278 330575
6 0.564324 0.303398 1.50171 330607
6 0.562421 0.306034 1.50237 330640
6 0.558129 0.310837 1.49796 330674
6 0.555141 0.31341 1.49421 330709
6 0.553466 0.312642 1.49494 330743
6 0.551358 0.313576 1.49417 330776
6 0.549079 0.312037 1.49356 330811
6 0.546777 0.31243 1.49229 330845
6 0.54339 0.310949 1.48912 330877
6 0.541605 0.310564 1.48968 330910
6 0.540812 0.309076 1.49173 330944
6 0.540672 0.307873 1.49267 330976
6 0.539196 0.305977 1.49048 331009
6 0.538517 0.303008 1.48996 331043
6 0.535897 0.303537 1.48549 331075
6 0.534984 0.301672 1.48354 331109
6 0.533882 0.299636 1.48471 331144
6 0.534892 0.296593 1.48674 331177
6 0.53425 0.296227 1.48694 331210

7 0.589505 0.296641 1.47829 335444
7 0.589371 0.29697 1.47889 335477
7 0.58961 0.296817 1.47972 335509
7 0.589952 0.296371 1.48121 335543
7 0.591382 0.295066 1.48331 335576
7 0.592399 0.293865 1.48518 335610
7 0.591559 0.291687 1.48523 335644
7 0.590675 0.29055 1.48246 335678
7 0.589979 0.28998 1.4811 335712
7 0.589734 0.287793 1.48054 335746
7 0.589471 0.286575 1.47719 335780
7 0.589869 0.284884 1.47539 335813
7 0.58996 0.283816 1.47803 335846
7 0.5897 0.280199 1.47852 335880
7 0.589399 0.278319 1.47609 335914
7 0.589878 0.274561 1.47476 335949
7 0.589253 0.270764 1.47283 335982
7 0.589378 0.267082 1.47307 336016
7 0.59078 0.266243 1.47479 336049
7 0.59199 0.263017 1.47691 336082
7 0.593563 0.25998 1.47793 336116
7 0.595068 0.258775 1.47964 336148
7 0.597161 0.254486 1.48008 336182
7 0.598212 0.252125 1.47955 336216
7 0.598829 0.251704 1.47754 336250
7 0.600422 0.251371 1.47581 336283
7 0.603657 0.250378 1.47576 336316
7 0.606569 0.249294 1.47846 336351
7 0.608528 0.248526 1.48046 336385
7 0.610653 0.250146 1.481 336401
7 0.612522 0.250729 1.48414 336450
7 0.615375 0.250903 1.48357 336483
7 0.618213 0.252894 1.48667 336500
7 0.620492 0.254043 1.48698 336550
7 0.622795 0.25513 1.48688 336582
7 0.624606 0.258172 1.48755 336615
7 0.62591 0.260156 1.48806 336650
7 0.627105 0.262413 1.48205 336684
7 0.629196 0.264593 1.48177 336717
7 0.630645 0.266763 1.4846 336749
7 0.632343 0.271696 1.48475 336782
7 0.632039 0.275685 1.48801 336815
7 0.631659 0.279076 1.48589 336848
7 0.631538 0.282879 1.48581 336881
7 0.631723 0.285612 1.48795 336913
7 0.631476 0.29103 1.48962 336948
7 0.631373 0.293629 1.49046 336981
7 0.62884 0.298307 1.49086 337015
7 0.626999 0.301707 1.49334 337048
7 0.625283 0.30492 1.49092 337082
7 0.62354 0.307208 1.48644 337115
7 0.621651 0.311194 1.48654 337147
7 0.618595 0.314561 1.48563 337182
7 0.617123 0.315993 1.4881 337216
7 0.614987 0.317192 1.48883 337251
7 0.612163 0.317289 1.48476 337284
7 0.610054 0.317326 1.48192 337317
7 0.607272 0.316467 1.48207 337351
7 0.604934 0.314899 1.47836 337384
7 0.602153 0.313687 1.47378 337418
7 0.600367 0.313091 1.47236 337451
7 0.598739 0.310567 1.47146 337468
7 0.598997 0.310009 1.47372 337518
7 0.598338 0.307986 1.47551 337550
7 0.596383 0.307293 1.47551 337583
7 0.594865 0.306224 1.47446 337616
7 0.593651 0.30617 1.47368 337649
7 0.592392 0.304094 1.4735 337684

8 0.641341 0.298832 1.47611 339879
8 0.640838 0.298372 1.47436 339912
8 0.641634 0.297621 1.47897 339946
8 0.641302 0.297337 1.4795 339979
8 0.641789 0.296275 1.48046 340013
8 0.642936 0.294412 1.48074 340046
8 0.642664 0.29369 1.48219 340081
8 0.642772 0.292912 1.48322 340114
8 0.641768 0.290202 1.47822 340148
8 0.641819 0.288082 1.47623 340181
8 0.641732 0.285765 1.47333 340214
8 0.642302 0.283636 1.47422 340248
8 0.641606 0.28049 1.47219 340281
8 0.642837 0.279063 1.47108 340314
8 0.643739 0.273944 1.47166 340347
8 0.645021 0.270746 1.47047 340382
8 0.648456 0.265516 1.47 340415
8 0.650053 0.26442 1.47244 340448
8 0.651846 0.262361 1.4713 340481
8 0.653105 0.262882 1.47277 340514
8 0.654891 0.262638 1.47551 340546
8 0.657727 0.261691 1.47762 340580
8 0.659761 0.259358 1.47797 340615
8 0.661171 0.259715 1.47843 340648
8 0.663296 0.25808 1.47936 340682
8 0.665979 0.257847 1.48047 340715
8 0.668438 0.259121 1.48277 340749
8 0.670909 0.26002 1.48221 340782
8 0.672178 0.260064 1.48401 340814
8 0.674306 0.261515 1.48506 340848
8 0.675693 0.262548 1.48647 340881
8 0.677231 0.264553 1.48971 340914
8 0.680723 0.268319 1.48961 340947
8 0.682897 0.270171 1.4905 340980
8 0.685302 0.27258 1.49048 341014
8 0.687259 0.274489 1.49486 341048
8 0.688311 0.277758 1.49597 341082
8 0.68854 0.28305 1.49513 341115
8 0.688104 0.2865 1.49319 341148
8 0.688019 0.290244 1.49267 341183
8 0.68715 0.295207 1.49187 341216
8 0.687526 0.299063 1.49373 341249
8 0.687666 0.302371 1.49649 341282
8 0.686853 0.308041 1.49863 341315
8 0.685781 0.31169 1.49568 341348
8 0.684176 0.314297 1.49589 341381
8 0.68166 0.318845 1.49268 341415
8 0.679398 0.320433 1.4896 341448
8 0.675837 0.322205 1.48864 341481
8 0.673809 0.325305 1.48744 341514
8 0.673313 0.325426 1.48881 341547
8 0.671831 0.325141 1.48514 341579
8 0.667649 0.324563 1.48587 341612
8 0.665967 0.323193 1.48738 341645
8 0.664343 0.322588 1.48462 341678
8 0.660923 0.320828 1.48365 341711
8 0.658007 0.319674 1.47816 341745
8 0.655782 0.319282 1.47382 341777
8 0.653656 0.316184 1.47456 341809
8 0.652109 0.314408 1.47456 341842
8 0.650517 0.31333 1.47671 341875
8 0.64785 0.31085 1.47531 341909
8 0.646291 0.309343 1.47234 341942
8 0.644206 0.308317 1.46912 341975
8 0.643225 0.307449 1.46729 342007
8 0.641044 0.305892 1.46504 342041
8 0.639937 0.303089 1.46242 342091

9 0.713131 0.322122 1.47674 343921
9 0.70951 0.3212 1.47219 343955
9 0.707324 0.321027 1.47179 343988
9 0.705538 0.320387 1.47079 344022
9 0.70393 0.316463 1.4708 344055
9 0.702878 0.313183 1.46958 344090
9 0.702543 0.30565 1.4685 344123
9 0.70168 0.298655 1.46767 344156
9 0.702931 0.290371 1.46833 344189
9 0.703739 0.284519 1.46653 344221
9 0.704977 0.275496 1.46598 344254
9 0.708074 0.267757 1.46487 344288
9 0.711495 0.260634 1.46695 344321
9 0.715639 0.256176 1.46616 344355
9 0.720268 0.250226 1.46857 344389
9 0.72789 0.245103 1.47013 344422
9 0.733629 0.241594 1.4691 344456
9 0.740153 0.240202 1.47231 344489
9 0.745413 0.240683 1.47532 344521
9 0.751743 0.243038 1.48221 344554
9 0.758218 0.244965 1.48654 344588
9 0.764363 0.247263 1.48757 344622
9 0.770617 0.250084 1.48922 344656
9 0.77734 0.255143 1.49102 344690
9 0.785105 0.261895 1.50055 344723
9 0.79133 0.266402 1.50824 344756
9 0.798714 0.274355 1.51382 344789
9 0.804693 0.281802 1.52302 344823
9 0.809102 0.289438 1.53138 344858
9 0.815214 0.298418 1.5386 344874
9 0.820227 0.304984 1.54559 344923
9 0.822737 0.314374 1.55486 344956
9 0.826573 0.324767 1.56358 344990
9 0.828998 0.336433 1.56949 345024
9 0.831388 0.349303 1.57792 345057
9 0.835169 0.359442 1.5856 345092
9 0.836815 0.370511 1.5872 345125
9 0.837269 0.383843 1.59399 345142
9 0.836054 0.398913 1.59658 345192
9 0.835089 0.411727 1.5984 345225
9 0.831459 0.426846 1.60167 345258
9 0.827223 0.440722 1.60347 345291
9 0.822007 0.454737 1.60211 345323
9 0.817392 0.465264 1.60466 345358
9 0.809753 0.476757 1.60233 345391
9 0.802106 0.489217 1.5984 345425
9 0.793472 0.500817 1.59296 345442
9 0.784327 0.509667 1.58749 345491
9 0.774193 0.516757 1.5816 345525
9 0.76592 0.523615 1.57657 345558
9 0.757743 0.528536 1.56961 345590
9 0.748699 0.531408 1.56219 345624
9 0.740563 0.532961 1.55353 345656
9 0.731988 0.532513 1.5435 345690
9 0.724939 0.532155 1.53192 345723
9 0.717184 0.528473 1.52027 345756
9 0.709514 0.522535 1.50815 345791
9 0.7032 0.516064 1.49796 345824
9 0.69756 0.507118 1.48661 345857
9 0.692946 0.496806 1.47987 345890
9 0.688372 0.487234 1.47164 345925
9 0.685875 0.477063 1.4616 345941
9 0.683314 0.467003 1.45812 345991
9 0.681892 0.456248 1.45612 346025
9 0.681746 0.446546 1.45258 346042
9 0.680637 0.436582 1.44898 346091
9 0.679871 0.426113 1.44441 346124
9 0.679914 0.416388 1.44176 346157
9 0.681491 0.404684 1.44171 346190
9 0.68265 0.397181 1.4377 346223
9 0.682685 0.39086 1.43945 346254
9 0.684528 0.383129 1.43743 346288
9 0.687343 0.374159 1.44016 346321
9 0.689138 0.367544 1.44273 346355
9 0.690849 0.362872 1.44591 346390
9 0.693244 0.356693 1.44582 346423
9 0.695076 0.351073 1.45072 346457
9 0.697538 0.346095 1.45214 346491
9 0.699157 0.340047 1.45286 346524
9 0.7 0.33599 1.45482 346558
9 0.70136 0.331781 1.45548 346591
9 0.701217 0.329326 1.45611 346624
9 0.701383 0.326579 1.45678 346658
9 0.70025 0.323152 1.45367 346692
9 0.698826 0.320898 1.45516 346725
9 0.696788 0.315697 1.45611 346758
9 0.694319 0.311003 1.45718 346792
9 0.692263 0.307774 1.45828 346827
9 0.690307 0.30184 1.45907 346861
9 0.687613 0.298448 1.46083 346878
9 0.684362 0.294881 1.46355 346911
9 0.680532 0.288449 1.46388 346961
9 0.678555 0.284014 1.465 346978
9 0.675117 0.280915 1.46451 347012
9 0.673251 0.276873 1.46564 347062
9 0.672225 0.27464 1.46614 347078
9 0.671528 0.273874 1.46648 347113
9 0.671175 0.273168 1.46542 347147
9 0.671423 0.274126 1.46665 347181
9 0.674702 0.273186 1.46539 347215
9 0.676463 0.275279 1.46655 347249

