Gesto: 0
0 0.50774 0.431136 1.51739 411092
0 0.508175 0.431768 1.51564 411126
0 0.507433 0.432105 1.51751 411160
0 0.506949 0.433438 1.52271 411193
0 0.504486 0.434603 1.52299 411227
0 0.501543 0.435389 1.52403 411260
0 0.498299 0.437371 1.52759 411293
0 0.494873 0.440008 1.52807 411327
0 0.490928 0.441342 1.52855 411361
0 0.487353 0.444006 1.53276 411395
0 0.482538 0.449354 1.53284 411428
0 0.476743 0.45373 1.53394 411462
0 0.470548 0.455979 1.5391 411496
0 0.46346 0.455598 1.53689 411529
0 0.456464 0.457191 1.53897 411563
0 0.448664 0.456894 1.5411 411596
0 0.44238 0.456033 1.54263 411630
0 0.433715 0.452452 1.543 411662
0 0.425878 0.448475 1.5431 411696
0 0.419775 0.442403 1.54584 411729
0 0.414154 0.436104 1.54616 411762
0 0.409058 0.428129 1.54677 411796
0 0.405596 0.419585 1.5478 411830
0 0.403373 0.411122 1.5489 411861
0 0.402821 0.403595 1.54691 411895
0 0.400683 0.395797 1.54514 411929
0 0.399734 0.386889 1.54568 411962
0 0.40097 0.378983 1.54245 411996
0 0.40407 0.369829 1.54043 412030
0 0.406858 0.361869 1.53923 412064
0 0.411619 0.354503 1.53684 412098
0 0.417714 0.348685 1.53341 412130
0 0.422434 0.341767 1.52877 412163
0 0.428259 0.336208 1.52509 412195
0 0.432915 0.331947 1.52156 412228
0 0.439551 0.327608 1.51757 412261
0 0.447951 0.324816 1.51891 412294
0 0.456377 0.321969 1.51785 412327
0 0.463215 0.321077 1.51612 412361
0 0.469703 0.319319 1.51551 412395
0 0.477583 0.31945 1.51546 412429
0 0.48367 0.321469 1.5121 412461
0 0.490675 0.323022 1.51068 412494
0 0.496707 0.327146 1.50929 412528
0 0.501705 0.330911 1.50991 412562
0 0.506271 0.33744 1.50977 412595
0 0.50984 0.343857 1.50968 412629
0 0.512698 0.350668 1.50899 412661
0 0.515251 0.356185 1.50912 412695
0 0.516107 0.364011 1.51086 412729
0 0.517909 0.369532 1.51284 412764
0 0.519709 0.37676 1.51322 412795
0 0.520274 0.382534 1.51397 412827
0 0.520588 0.388102 1.5157 412859
0 0.519777 0.393681 1.51648 412893
0 0.51981 0.399124 1.5171 412926
0 0.519399 0.403425 1.51916 412959
0 0.518696 0.408597 1.51986 412992
0 0.517357 0.412396 1.52388 413026
0 0.515952 0.419094 1.5285 413059
0 0.51459 0.423347 1.5254 413093
0 0.512014 0.425827 1.52954 413127
0 0.510749 0.426675 1.52792 413159
0 0.509205 0.428391 1.53012 413193
0 0.508014 0.429647 1.53298 413225
0 0.506843 0.430305 1.5366 413257
0 0.503506 0.431666 1.5358 413290
0 0.500661 0.432384 1.53607 413325
0 0.498277 0.434062 1.53986 413359
0 0.495161 0.435893 1.54121 413392

1 0.46173 0.581541 1.6662 419735
1 0.457823 0.58177 1.66549 419769
1 0.454011 0.580335 1.66291 419801
1 0.450948 0.578929 1.66213 419833
1 0.449977 0.574569 1.66274 419867
1 0.446618 0.571391 1.66176 419901
1 0.443967 0.569401 1.66009 419935
1 0.438706 0.565647 1.65688 419968
1 0.433854 0.558782 1.65396 420001
1 0.428131 0.554514 1.65104 420035
1 0.423626 0.546448 1.64946 420069
1 0.420023 0.539062 1.64332 420101
1 0.414742 0.530952 1.63967 420133
1 0.410019 0.524721 1.63706 420165
1 0.40641 0.51647 1.62851 420197
1 0.40214 0.505069 1.62093 420230
1 0.400789 0.498832 1.61582 420265
1 0.402053 0.490639 1.60778 420298
1 0.401593 0.481404 1.60176 420330
1 0.405001 0.472556 1.59752 420364
1 0.407888 0.463564 1.59258 420397
1 0.409783 0.457535 1.58453 420429
1 0.411891 0.450716 1.57841 420462
1 0.416826 0.445305 1.5753 420497
1 0.42045 0.440539 1.56839 420530
1 0.425752 0.435145 1.56329 420564
1 0.430662 0.431104 1.56118 420597
1 0.436965 0.42807 1.55773 420631
1 0.441974 0.426606 1.55417 420665
1 0.448803 0.426147 1.55294 420698
1 0.45456 0.426843 1.55052 420732
1 0.46071 0.426281 1.55059 420765
1 0.465872 0.426848 1.55087 420799
1 0.471717 0.426729 1.54857 420832
1 0.478745 0.429731 1.54989 420866
1 0.482967 0.432859 1.55061 420899
1 0.489167 0.437495 1.54951 420933
1 0.493408 0.440273 1.55152 420967
1 0.498496 0.441755 1.54131 421001
1 0.499549 0.447763 1.54634 421034
1 0.502909 0.452045 1.54748 421068
1 0.504772 0.455872 1.55041 421101
1 0.505717 0.459099 1.5538 421134
1 0.507737 0.46267 1.55613 421168
1 0.508692 0.466903 1.55952 421202
1 0.508762 0.472107 1.55925 421235
1 0.510496 0.477305 1.56577 421269
1 0.509935 0.480302 1.56766 421303
1 0.508706 0.483317 1.57005 421336
1 0.508445 0.488271 1.57556 421370
1 0.508377 0.4922 1.58056 421403
1 0.50737 0.498733 1.58279 421437
1 0.505734 0.503143 1.5855 421471
1 0.504287 0.506278 1.58924 421504
1 0.502657 0.510904 1.59041 421537
1 0.500047 0.515607 1.5905 421571
1 0.498113 0.517556 1.59299 421605
1 0.494952 0.519624 1.59896 421639
1 0.492318 0.52265 1.60228 421674
1 0.488625 0.527081 1.60572 421708
1 0.486529 0.529988 1.60903 421742
1 0.482959 0.533184 1.61222 421776
1 0.479477 0.534771 1.61402 421810
1 0.477042 0.53626 1.61693 421843
1 0.475938 0.540043 1.61849 421877
1 0.471619 0.540501 1.61934 421911
1 0.467444 0.54467 1.61926 421945
1 0.464035 0.5473 1.62098 421979
1 0.458946 0.548625 1.61913 422013
1 0.456159 0.550326 1.62066 422046
1 0.452954 0.548739 1.62571 422080
1 0.448417 0.549275 1.62807 422096
1 0.445695 0.549824 1.62799 422147
1 0.443228 0.549441 1.62893 422165
1 0.438966 0.547499 1.6274 422198
1 0.435172 0.54739 1.63117 422249
1 0.432234 0.54692 1.62997 422265
1 0.42784 0.543131 1.63324 422299
1 0.425517 0.540139 1.6375 422332
1 0.423483 0.53793 1.63885 422365
1 0.421223 0.536864 1.63735 422400
1 0.41964 0.535217 1.63642 422433
1 0.416762 0.531413 1.63588 422467

2 0.397639 0.447904 1.59299 424382
2 0.399851 0.447836 1.58947 424399
2 0.400198 0.447824 1.58813 424432
2 0.400243 0.447103 1.58777 424482
2 0.399802 0.448067 1.58687 424500
2 0.400251 0.449857 1.58716 424532
2 0.399212 0.449983 1.58684 424581
2 0.399443 0.448708 1.58967 424615
2 0.399384 0.447924 1.59095 424632
2 0.395328 0.446376 1.58734 424683
2 0.39417 0.443256 1.58783 424716
2 0.391989 0.43877 1.58771 424733
2 0.390393 0.435487 1.58743 424768
2 0.390067 0.432351 1.58773 424801
2 0.390434 0.426209 1.58282 424835
2 0.390643 0.421163 1.58026 424867
2 0.389877 0.416416 1.58004 424900
2 0.39019 0.410051 1.57772 424934
2 0.391909 0.404517 1.57452 424969
2 0.393014 0.401073 1.57263 425003
2 0.393678 0.394794 1.56782 425036
2 0.396667 0.389185 1.56454 425070
2 0.399434 0.384828 1.56034 425104
2 0.402967 0.378421 1.55558 425138
2 0.405181 0.375049 1.54982 425172
2 0.408632 0.372182 1.54839 425206
2 0.411834 0.369491 1.54618 425239
2 0.418294 0.365176 1.54515 425273
2 0.422718 0.363323 1.54276 425307
2 0.428693 0.362842 1.54005 425342
2 0.433168 0.361346 1.537 425376
2 0.439365 0.361918 1.53483 425409
2 0.443983 0.363061 1.53456 425443
2 0.450383 0.365783 1.53315 425477
2 0.455341 0.366941 1.53204 425510
2 0.460928 0.370066 1.53167 425544
2 0.467561 0.374149 1.53472 425578
2 0.471416 0.379444 1.53409 425612
2 0.475488 0.384619 1.53339 425646
2 0.48118 0.388001 1.53756 425680
2 0.484073 0.394209 1.53989 425714
2 0.487887 0.401029 1.53958 425747
2 0.489415 0.407548 1.53793 425781
2 0.491274 0.414482 1.53765 425814
2 0.493195 0.420432 1.54338 425848
2 0.49551 0.427208 1.54649 425882
2 0.496963 0.433151 1.55166 425899
2 0.497365 0.438647 1.55694 425950
2 0.496973 0.445951 1.56103 425967
2 0.495353 0.45141 1.56075 426001
2 0.49373 0.457842 1.56278 426035
2 0.491517 0.461393 1.56257 426069
2 0.489317 0.464638 1.5665 426103
2 0.488902 0.467371 1.57548 426136
2 0.487026 0.471688 1.57561 426170
2 0.482645 0.474418 1.57783 426202
2 0.47894 0.476269 1.57725 426250
2 0.476371 0.477883 1.57755 426283
2 0.472581 0.480252 1.58084 426300
2 0.469463 0.480915 1.58109 426350
2 0.467032 0.48171 1.58222 426382
2 0.465847 0.483331 1.58687 426399
2 0.462096 0.483505 1.58864 426450
2 0.458354 0.482341 1.59069 426482
2 0.456654 0.48372 1.59168 426499
2 0.452239 0.483919 1.59047 426547
2 0.448186 0.482611 1.58966 426580
2 0.445643 0.482274 1.59219 426612
2 0.441699 0.482589 1.59182 426646
2 0.439263 0.482031 1.59235 426680
2 0.43599 0.479956 1.59214 426712
2 0.433869 0.47901 1.59235 426745
2 0.431928 0.477717 1.59387 426778
2 0.427206 0.477796 1.59273 426810
2 0.424478 0.476741 1.59358 426843
2 0.422648 0.476535 1.59202 426877
2 0.420928 0.47423 1.59231 426910
2 0.417785 0.472834 1.58986 426943
2 0.416184 0.470963 1.59147 426975
2 0.415236 0.469835 1.59256 427009
2 0.412947 0.46816 1.5915 427042
2 0.411586 0.465919 1.58929 427076
2 0.408012 0.465545 1.58649 427108
2 0.406048 0.46485 1.58485 427141
2 0.406312 0.461941 1.58466 427173
2 0.403818 0.460598 1.58248 427207
2 0.40333 0.458649 1.58389 427240
2 0.402319 0.454629 1.58586 427274
2 0.401772 0.452763 1.58333 427307
2 0.401183 0.449431 1.57871 427340
2 0.401515 0.448598 1.57726 427373
2 0.401209 0.446941 1.57746 427405
2 0.400818 0.446825 1.57744 427437
2 0.399472 0.445683 1.58142 427469

3 0.49828 0.453116 1.56505 428670
3 0.494791 0.454731 1.56654 428704
3 0.492397 0.452948 1.56379 428738
3 0.489433 0.451726 1.56279 428773
3 0.486707 0.453243 1.56175 428806
3 0.48351 0.450528 1.56112 428840
3 0.479708 0.447503 1.56069 428873
3 0.477617 0.443648 1.56113 428907
3 0.473096 0.4405 1.55668 428939
3 0.470982 0.435723 1.55467 428972
3 0.46828 0.430687 1.55365 429006
3 0.466661 0.422348 1.55186 429040
3 0.465958 0.417128 1.55371 429074
3 0.464841 0.409219 1.54912 429106
3 0.464871 0.403571 1.5478 429140
3 0.465404 0.397 1.54755 429173
3 0.465635 0.39075 1.54409 429207
3 0.466709 0.385909 1.54161 429241
3 0.467766 0.380274 1.53988 429274
3 0.471069 0.376054 1.53964 429308
3 0.473936 0.372129 1.53831 429342
3 0.476608 0.365947 1.53424 429376
3 0.480932 0.361461 1.53439 429409
3 0.484484 0.358717 1.53169 429443
3 0.488645 0.357987 1.53517 429476
3 0.493468 0.35449 1.53022 429510
3 0.49694 0.352186 1.52807 429543
3 0.502714 0.353248 1.52826 429576
3 0.507587 0.354417 1.53162 429610
3 0.512245 0.355546 1.53313 429644
3 0.51664 0.354902 1.53239 429678
3 0.520346 0.356582 1.53418 429710
3 0.524416 0.359499 1.53743 429744
3 0.528771 0.363024 1.5386 429778
3 0.532668 0.366991 1.53955 429812
3 0.53564 0.372971 1.54206 429845
3 0.537497 0.379632 1.54612 429879
3 0.540227 0.384256 1.551 429913
3 0.541286 0.392104 1.555 429947
3 0.542868 0.400875 1.55759 429981
3 0.543848 0.406416 1.55812 430015
3 0.543973 0.414164 1.56528 430049
3 0.543217 0.4223 1.57265 430083
3 0.540858 0.430426 1.57034 430116
3 0.539068 0.436933 1.57337 430150
3 0.537784 0.442485 1.57314 430184
3 0.535739 0.447569 1.57819 430216
3 0.53186 0.453576 1.58034 430250
3 0.529458 0.458134 1.58091 430283
3 0.527282 0.462591 1.5844 430315
3 0.525425 0.465059 1.58371 430348
3 0.523707 0.467494 1.58209 430380
3 0.522201 0.468837 1.58118 430413
3 0.519595 0.470286 1.58528 430446
3 0.515608 0.470082 1.58195 430480
3 0.513017 0.469864 1.58098 430514
3 0.510891 0.469846 1.58004 430546
3 0.50663 0.470376 1.57783 430579
3 0.50288 0.467835 1.57767 430612
3 0.500414 0.465745 1.57755 430645
3 0.497982 0.464483 1.57582 430678
3 0.494429 0.462444 1.57563 430711
3 0.490708 0.460455 1.57416 430744
3 0.489647 0.458474 1.57298 430778
3 0.485155 0.457908 1.57007 430811
3 0.482913 0.456074 1.56918 430843
3 0.479093 0.451371 1.56543 430877
3 0.47633 0.449768 1.56278 430910
3 0.473404 0.446546 1.55854 430944
3 0.470784 0.444658 1.5586 430977
3 0.468841 0.441908 1.56084 431011

4 0.532493 0.531099 1.6272 432442
4 0.528756 0.533278 1.63111 432476
4 0.525273 0.534216 1.63041 432510
4 0.523011 0.535046 1.63001 432542
4 0.520003 0.534515 1.62958 432574
4 0.51588 0.532736 1.62786 432607
4 0.510358 0.530119 1.62592 432657
4 0.504092 0.525116 1.62239 432673
4 0.499637 0.521572 1.61611 432706
4 0.495103 0.515689 1.61391 432757
4 0.489633 0.51028 1.60957 432774
4 0.484273 0.503274 1.60698 432807
4 0.479318 0.496315 1.60183 432841
4 0.474952 0.489061 1.59656 432874
4 0.470726 0.482721 1.58876 432908
4 0.468504 0.47458 1.58342 432941
4 0.468133 0.4661 1.58133 432975
4 0.467201 0.459075 1.57922 433009
4 0.466978 0.449891 1.57684 433043
4 0.467488 0.443271 1.57528 433077
4 0.468578 0.436193 1.57068 433111
4 0.471648 0.430472 1.56607 433145
4 0.475394 0.424486 1.56335 433179
4 0.480834 0.419353 1.5611 433213
4 0.484843 0.415401 1.55641 433247
4 0.488508 0.413822 1.55189 433280
4 0.493919 0.411813 1.55011 433314
4 0.500457 0.408646 1.54886 433348
4 0.505221 0.408015 1.55028 433381
4 0.509487 0.409682 1.55141 433414
4 0.514858 0.410331 1.55136 433448
4 0.520222 0.41184 1.55476 433479
4 0.525071 0.413021 1.56015 433513
4 0.530384 0.415373 1.564 433547
4 0.535916 0.418393 1.5649 433581
4 0.53935 0.423973 1.5723 433614
4 0.542905 0.43139 1.57778 433647
4 0.544707 0.436573 1.58209 433681
4 0.546349 0.445626 1.58542 433714
4 0.547378 0.452096 1.58971 433746
4 0.54758 0.459844 1.59433 433780
4 0.547091 0.46543 1.59726 433814
4 0.547536 0.471244 1.60231 433848
4 0.546755 0.475693 1.60468 433882
4 0.544562 0.480255 1.61001 433914
4 0.542688 0.486962 1.61198 433948
4 0.54117 0.491305 1.61232 433983
4 0.539188 0.498086 1.61429 434018
4 0.536631 0.502298 1.61458 434051
4 0.533707 0.50505 1.61464 434084
4 0.530905 0.508256 1.61655 434117
4 0.52803 0.510577 1.61719 434150
4 0.525656 0.513471 1.6204 434181
4 0.521717 0.515804 1.61875 434214
4 0.517258 0.518754 1.61746 434247
4 0.513176 0.520507 1.61551 434281
4 0.51094 0.523484 1.61528 434314
4 0.508406 0.522778 1.61851 434347
4 0.504074 0.522796 1.61791 434380
4 0.500492 0.521813 1.61721 434414
4 0.497177 0.521741 1.61889 434447
4 0.492271 0.521095 1.61781 434479

5 0.548507 0.583239 1.70943 437848
5 0.5449 0.583284 1.70773 437881
5 0.540578 0.584276 1.70422 437914
5 0.537718 0.584505 1.69987 437946
5 0.53378 0.583753 1.69379 437978
5 0.528008 0.583716 1.68853 438027
5 0.523203 0.582471 1.68041 438044
5 0.517948 0.579738 1.67177 438077
5 0.513902 0.575042 1.66789 438126
5 0.510268 0.570268 1.66056 438159
5 0.507653 0.56521 1.65625 438192
5 0.506275 0.558202 1.64638 438225
5 0.505579 0.553827 1.63755 438259
5 0.503391 0.546109 1.63159 438292
5 0.504077 0.538076 1.62912 438326
5 0.506238 0.532341 1.62441 438359
5 0.507064 0.526119 1.61754 438376
5 0.510413 0.518751 1.61363 438427
5 0.512856 0.515643 1.60894 438444
5 0.516966 0.507985 1.60862 438478
5 0.519862 0.50289 1.60612 438528
5 0.522938 0.499417 1.60495 438545
5 0.526862 0.494439 1.6045 438596
5 0.531684 0.491666 1.60525 438612
5 0.536373 0.487142 1.60592 438644
5 0.54118 0.486292 1.60733 438694
5 0.546543 0.484506 1.60952 438728
5 0.552365 0.484358 1.61188 438744
5 0.555846 0.483986 1.61413 438792
5 0.559281 0.485144 1.62253 438826
5 0.562802 0.488253 1.62483 438860
5 0.566204 0.491483 1.62612 438893
5 0.56808 0.49658 1.63347 438927
5 0.569749 0.501154 1.63942 438960
5 0.573208 0.506597 1.64275 438992
5 0.57599 0.510317 1.64832 439024
5 0.575571 0.514998 1.65271 439056
5 0.573925 0.520021 1.65649 439089
5 0.573469 0.526644 1.66417 439122
5 0.572879 0.531583 1.6692 439156
5 0.572139 0.535619 1.67179 439191
5 0.572182 0.538175 1.67454 439224
5 0.571557 0.541626 1.68264 439257
5 0.56887 0.546092 1.68478 439291
5 0.565742 0.550032 1.68553 439324
5 0.562537 0.552835 1.68699 439358
5 0.561013 0.557641 1.69098 439392
5 0.558303 0.561763 1.68962 439427
5 0.556136 0.564983 1.69044 439459
5 0.555244 0.56641 1.69489 439491
5 0.552895 0.568295 1.69862 439524
5 0.550304 0.569645 1.70183 439556
5 0.54968 0.574836 1.70123 439588
5 0.546459 0.578006 1.69963 439621
5 0.542953 0.580468 1.69534 439654
5 0.539748 0.580401 1.69777 439687
5 0.53591 0.582122 1.69741 439721
5 0.532781 0.582739 1.69649 439755
5 0.529175 0.582233 1.69639 439788

6 0.442038 0.439286 1.58006 441284
6 0.442564 0.439962 1.57996 441317
6 0.443168 0.4406 1.58128 441350
6 0.442594 0.441484 1.58172 441383
6 0.440571 0.441158 1.57942 441416
6 0.43757 0.439647 1.57886 441449
6 0.435571 0.43635 1.57931 441482
6 0.433225 0.43196 1.58142 441515
6 0.429004 0.427733 1.58117 441548
6 0.427113 0.422067 1.57887 441582
6 0.425295 0.415433 1.57906 441616
6 0.423263 0.408449 1.57988 441648
6 0.420737 0.402855 1.57865 441681
6 0.419184 0.394312 1.57473 441731
6 0.417636 0.386088 1.5742 441747
6 0.417313 0.378395 1.56983 441779
6 0.419574 0.37015 1.56905 441830
6 0.420719 0.362646 1.56968 441848
6 0.422857 0.353447 1.56815 441881
6 0.424348 0.34589 1.56196 441915
6 0.428391 0.339339 1.5615 441947
6 0.432823 0.333719 1.56044 441982
6 0.43623 0.327921 1.55916 442031
6 0.441889 0.321346 1.55615 442047
6 0.448251 0.316589 1.5514 442080
6 0.455824 0.314002 1.5521 442130
6 0.461818 0.312395 1.55276 442147
6 0.468799 0.3116 1.5511 442195
6 0.476364 0.311789 1.5528 442229
6 0.483213 0.314578 1.55375 442263
6 0.490368 0.31477 1.55318 442297
6 0.497491 0.320044 1.55233 442331
6 0.50349 0.323476 1.55143 442347
6 0.509037 0.326886 1.55001 442397
6 0.514398 0.332658 1.54836 442430
6 0.519061 0.336902 1.54541 442446
6 0.522868 0.34362 1.54787 442497
6 0.527974 0.351519 1.55106 442531
6 0.531469 0.35946 1.55577 442547
6 0.534017 0.366614 1.55949 442596
6 0.53652 0.375501 1.55895 442629
6 0.537704 0.383271 1.56281 442647
6 0.538142 0.391386 1.56519 442696
6 0.538126 0.398508 1.56738 442731
6 0.538246 0.40637 1.57006 442747
6 0.537214 0.415924 1.57181 442799
6 0.536143 0.421597 1.57482 442817
6 0.533921 0.426955 1.574 442849
6 0.529313 0.433905 1.57684 442882
6 0.527344 0.437957 1.57839 442915
6 0.523999 0.443056 1.57908 442949
6 0.520012 0.448667 1.57809 442998
6 0.517033 0.452414 1.57851 443014
6 0.513156 0.453966 1.57495 443047
6 0.509212 0.455976 1.57508 443097
6 0.505674 0.459848 1.57642 443131
6 0.501627 0.460895 1.57369 443148
6 0.498914 0.462619 1.57301 443199
6 0.496137 0.464242 1.57565 443217
6 0.491459 0.464407 1.5753 443252
6 0.489142 0.465891 1.57723 443285
6 0.484609 0.466285 1.58032 443319
6 0.480571 0.4658 1.57674 443353
6 0.477214 0.465101 1.57666 443387
6 0.472859 0.46588 1.57311 443420
6 0.469409 0.464606 1.57193 443454
6 0.467141 0.464599 1.57216 443487
6 0.465541 0.464778 1.57327 443521
6 0.464032 0.464703 1.57243 443553
6 0.462876 0.46307 1.57372 443587
6 0.460053 0.461068 1.57496 443620
6 0.457901 0.45838 1.574 443654
6 0.455913 0.457499 1.57272 443688
6 0.454412 0.456177 1.57221 443722
6 0.449974 0.454331 1.56976 443756
6 0.44702 0.452969 1.56894 443790
6 0.445431 0.452527 1.56875 443824
6 0.444205 0.451409 1.56821 443856
6 0.443062 0.448988 1.568 443890
6 0.439573 0.447563 1.5632 443924
6 0.43699 0.444674 1.55929 443957
6 0.435507 0.441691 1.55816 443991
6 0.434838 0.441075 1.55896 444025
6 0.434637 0.437444 1.55768 444058
6 0.433457 0.435222 1.55579 444091
6 0.432486 0.431781 1.55394 444125
6 0.431843 0.428649 1.55581 444159
6 0.432489 0.427139 1.55629 444193

7 0.508088 0.559898 1.64749 445563
7 0.502489 0.561974 1.64596 445597
7 0.497732 0.56322 1.6472 445630
7 0.492109 0.563637 1.64914 445662
7 0.485144 0.564115 1.64645 445696
7 0.479533 0.55931 1.64916 445730
7 0.472403 0.555753 1.64732 445762
7 0.466269 0.552292 1.64037 445794
7 0.459081 0.547718 1.63721 445826
7 0.454974 0.541163 1.6321 445859
7 0.449181 0.531436 1.62833 445892
7 0.444876 0.524782 1.61761 445925
7 0.438567 0.516841 1.61009 445957
7 0.435906 0.506661 1.6033 445989
7 0.433183 0.497332 1.59655 446021
7 0.432869 0.487283 1.59237 446053
7 0.432557 0.475687 1.58684 446086
7 0.43267 0.462944 1.5809 446118
7 0.432866 0.453255 1.57437 446151
7 0.434845 0.441156 1.56726 446201
7 0.436317 0.431319 1.56319 446218
7 0.439936 0.422418 1.55892 446251
7 0.443008 0.412736 1.55331 446300
7 0.448297 0.405032 1.55078 446333
7 0.452873 0.398081 1.54644 446350
7 0.458828 0.391561 1.54442 446400
7 0.463199 0.386788 1.5411 446433
7 0.469526 0.382594 1.54228 446450
7 0.476462 0.379172 1.54193 446501
7 0.481929 0.37803 1.54239 446517
7 0.489234 0.37802 1.53988 446551
7 0.494494 0.377911 1.53585 446585
7 0.499846 0.378989 1.53438 446620
7 0.504767 0.380401 1.53515 446653
7 0.510554 0.38375 1.53858 446686
7 0.516069 0.388396 1.54065 446719
7 0.521316 0.394331 1.542 446752
7 0.525213 0.397848 1.54507 446786
7 0.528865 0.404599 1.54874 446819
7 0.532563 0.41257 1.55359 446853
7 0.535619 0.420566 1.55892 446887
7 0.538575 0.426871 1.56428 446919
7 0.540256 0.434859 1.57072 446968
7 0.541884 0.441957 1.57437 447002
7 0.542357 0.451005 1.57851 447019
7 0.541812 0.457053 1.58225 447053
7 0.540387 0.464398 1.58412 447087
7 0.540119 0.470847 1.58859 447122
7 0.537755 0.478638 1.58818 447154
7 0.53641 0.48367 1.59099 447188
7 0.534512 0.488671 1.59352 447222
7 0.532313 0.49381 1.59133 447257
7 0.528831 0.497819 1.59275 447290
7 0.52594 0.501405 1.59288 447324
7 0.523618 0.505936 1.5949 447356
7 0.521728 0.50834 1.59535 447390
7 0.519675 0.510414 1.60005 447424
7 0.515429 0.514477 1.60165 447458
7 0.512528 0.517207 1.60149 447492
7 0.509854 0.519137 1.60155 447526
7 0.507189 0.521319 1.60334 447560
7 0.504169 0.523125 1.60834 447594
7 0.501195 0.523335 1.61062 447628
7 0.49816 0.526225 1.61128 447661
7 0.493107 0.530572 1.61144 447695
7 0.48934 0.532768 1.6137 447730
7 0.486749 0.53276 1.61602 447763
7 0.481722 0.534365 1.6157 447797
7 0.478036 0.534953 1.61691 447831
7 0.474844 0.534797 1.61784 447864
7 0.46976 0.535911 1.61596 447898
7 0.466212 0.535357 1.61767 447932
7 0.460674 0.535276 1.61464 447966
7 0.456743 0.535547 1.61397 447999
7 0.453167 0.534267 1.61491 448033

8 0.480373 0.58428 1.69319 449702
8 0.477647 0.585044 1.69291 449735
8 0.474592 0.583844 1.69257 449769
8 0.469729 0.583976 1.69044 449801
8 0.464904 0.581949 1.68729 449833
8 0.458395 0.575489 1.68289 449867
8 0.454879 0.572045 1.68137 449900
8 0.448528 0.569484 1.67533 449933
8 0.44362 0.561821 1.67049 449967
8 0.437154 0.556301 1.66226 450000
8 0.43307 0.546467 1.65621 450033
8 0.428539 0.54108 1.65121 450065
8 0.424293 0.532304 1.64629 450097
8 0.422314 0.52645 1.6386 450130
8 0.420414 0.516931 1.6342 450164
8 0.419942 0.511309 1.62868 450198
8 0.419471 0.501928 1.6209 450231
8 0.420057 0.495961 1.61587 450263
8 0.421322 0.488964 1.60995 450297
8 0.421514 0.482009 1.60378 450330
8 0.423082 0.475778 1.59925 450365
8 0.426634 0.470292 1.59397 450397
8 0.429273 0.466059 1.58775 450430
8 0.433121 0.461454 1.58349 450463
8 0.438003 0.456693 1.57812 450496
8 0.442108 0.454018 1.57421 450529
8 0.448205 0.452591 1.57314 450562
8 0.452239 0.450435 1.56666 450595
8 0.45892 0.449871 1.56721 450630
8 0.463533 0.449883 1.56472 450663
8 0.468976 0.45185 1.56299 450697
8 0.474525 0.452442 1.56499 450730
8 0.481309 0.453382 1.56713 450763
8 0.486081 0.456614 1.56642 450797
8 0.492077 0.460271 1.56778 450831
8 0.497146 0.463969 1.57003 450865
8 0.502315 0.46869 1.57364 450899
8 0.506202 0.473162 1.57779 450933
8 0.510509 0.479161 1.58424 450966
8 0.51516 0.487382 1.58885 451001
8 0.518287 0.493992 1.59432 451034
8 0.520775 0.500703 1.60108 451068
8 0.522504 0.508908 1.60713 451102
8 0.523034 0.514387 1.61298 451135
8 0.524932 0.521286 1.6133 451168
8 0.524499 0.528102 1.619 451202
8 0.525124 0.53252 1.6263 451236
8 0.524343 0.538423 1.63078 451269
8 0.524695 0.543753 1.63654 451303
8 0.523597 0.547506 1.64149 451337
8 0.522356 0.553152 1.64408 451371
8 0.518935 0.558749 1.64565 451404
8 0.516743 0.562162 1.65137 451421
8 0.513413 0.564873 1.65652 451471
8 0.510719 0.566738 1.65842 451488
8 0.507286 0.571678 1.66124 451522
8 0.502251 0.576464 1.66177 451556
8 0.49872 0.579762 1.66269 451589
8 0.493467 0.582322 1.66802 451622
8 0.489262 0.581413 1.67046 451671
8 0.486468 0.581361 1.67367 451688
8 0.480091 0.582236 1.66986 451738
8 0.475883 0.581929 1.6714 451772
8 0.473254 0.579391 1.67324 451790

9 0.410028 0.490225 1.61055 453823
9 0.410448 0.49025 1.61002 453857
9 0.411038 0.490146 1.60898 453908
9 0.408125 0.491609 1.60458 453924
9 0.404476 0.491287 1.60245 453956
9 0.401062 0.48868 1.60304 454004
9 0.399384 0.483398 1.60251 454037
9 0.395003 0.478628 1.60705 454070
9 0.391618 0.472749 1.60557 454104
9 0.38906 0.465271 1.60737 454137
9 0.38547 0.457827 1.60777 454171
9 0.383809 0.449319 1.60411 454205
9 0.382146 0.440395 1.59905 454239
9 0.381037 0.430083 1.59498 454272
9 0.382313 0.420843 1.59151 454305
9 0.381759 0.412479 1.58726 454337
9 0.382715 0.404841 1.58308 454370
9 0.384119 0.395025 1.57796 454404
9 0.38656 0.387026 1.57359 454438
9 0.390505 0.37865 1.56988 454471
9 0.395573 0.371461 1.56677 454504
9 0.399555 0.365705 1.5631 454537
9 0.403099 0.361014 1.55855 454571
9 0.408647 0.356539 1.55348 454605
9 0.41602 0.351927 1.55116 454639
9 0.422534 0.348275 1.54675 454672
9 0.428284 0.345339 1.53876 454705
9 0.435693 0.343822 1.53759 454739
9 0.443126 0.343593 1.53732 454773
9 0.450312 0.344707 1.53807 454806
9 0.458416 0.346353 1.53737 454838
9 0.465629 0.349489 1.5356 454872
9 0.47232 0.353816 1.53667 454905
9 0.478412 0.355908 1.53595 454939
9 0.483006 0.359994 1.53661 454973
9 0.488072 0.367153 1.53875 455005
9 0.493046 0.374084 1.54113 455038
9 0.496694 0.38389 1.54263 455072
9 0.501222 0.392765 1.54703 455106
9 0.505614 0.402084 1.54936 455140
9 0.507911 0.411099 1.55477 455173
9 0.508874 0.419114 1.55575 455207
9 0.509729 0.425636 1.55191 455224
9 0.509239 0.43348 1.55778 455274
9 0.508851 0.442689 1.56234 455306
9 0.508124 0.449912 1.56712 455340
9 0.506809 0.458237 1.57119 455373
9 0.505129 0.463873 1.57645 455407
9 0.502189 0.469505 1.5788 455441
9 0.500558 0.475181 1.58225 455475
9 0.499123 0.481131 1.585 455492
9 0.497606 0.485345 1.58851 455542
9 0.492503 0.488919 1.5898 455559
9 0.488988 0.491342 1.58925 455592
9 0.48671 0.494289 1.59365 455642
9 0.481609 0.494156 1.59572 455658
9 0.47839 0.496797 1.59612 455692
9 0.473902 0.497458 1.59808 455743
9 0.468989 0.499864 1.59666 455759
9 0.466692 0.500056 1.60013 455793
9 0.462183 0.499395 1.59742 455842
9 0.457956 0.499821 1.6003 455859
9 0.452522 0.499052 1.59769 455893
9 0.448417 0.49797 1.59615 455927
9 0.444658 0.494992 1.59468 455961
9 0.440132 0.493593 1.59584 455996
9 0.437912 0.491346 1.59476 456028
9 0.435018 0.49083 1.59442 456061
9 0.43292 0.487378 1.59792 456095
9 0.429832 0.485615 1.59725 456129
9 0.426125 0.481463 1.59612 456162
9 0.42318 0.478206 1.596 456196
9 0.419157 0.47507 1.59171 456231
9 0.416134 0.472034 1.5917 456264
9 0.413918 0.468986 1.59148 456297
9 0.412264 0.464996 1.58908 456329
9 0.41088 0.462755 1.58953 456361

