Gesto: 0
0 0.587624 0.333201 1.57709 137178
0 0.587061 0.332983 1.57661 137195
0 0.585697 0.333147 1.57701 137227
0 0.585114 0.330945 1.57641 137277
0 0.584459 0.327672 1.5757 137295
0 0.582517 0.325515 1.5755 137345
0 0.581858 0.318893 1.57429 137380
0 0.579932 0.310349 1.5723 137396
0 0.578688 0.297582 1.57214 137446
0 0.578192 0.285655 1.57247 137480
0 0.579374 0.271023 1.57208 137496
0 0.58061 0.25594 1.57283 137545
0 0.584185 0.242589 1.57693 137579
0 0.586684 0.231906 1.58126 137596
0 0.591932 0.218847 1.58733 137646
0 0.599336 0.210923 1.59485 137664
0 0.607974 0.203996 1.59557 137695
0 0.617341 0.198667 1.6021 137744
0 0.626651 0.195783 1.60877 137777
0 0.635773 0.196516 1.61234 137795
0 0.644876 0.199933 1.61803 137845
0 0.653256 0.205219 1.62328 137877
0 0.661431 0.213784 1.62759 137910
0 0.667757 0.225694 1.62937 137944
0 0.673845 0.242695 1.63612 137977
0 0.675806 0.25749 1.63794 137994
0 0.675638 0.275083 1.6401 138046
0 0.67545 0.292302 1.64579 138062
0 0.673054 0.308174 1.64375 138095
0 0.668548 0.324016 1.64734 138145
0 0.660367 0.339364 1.64824 138162
0 0.652113 0.350957 1.64547 138195
0 0.643159 0.358823 1.64266 138245
0 0.636373 0.364255 1.63871 138262
0 0.625375 0.366599 1.63472 138295
0 0.616656 0.366638 1.63075 138330
0 0.607925 0.364945 1.62379 138362
0 0.599924 0.360794 1.6166 138395
0 0.59294 0.355731 1.60989 138447
0 0.588576 0.351829 1.60363 138463
0 0.582102 0.345502 1.59415 138495
0 0.57724 0.340328 1.58928 138545
0 0.574164 0.338131 1.58544 138562
0 0.57312 0.331949 1.58287 138612

1 0.528636 0.280433 1.586 139630
1 0.526285 0.271011 1.58141 139663
1 0.525157 0.263202 1.57949 139697
1 0.523903 0.25426 1.57684 139730
1 0.523838 0.245006 1.57565 139780
1 0.525216 0.234813 1.5751 139814
1 0.528588 0.224928 1.57518 139831
1 0.531874 0.213239 1.57489 139866
1 0.536129 0.202857 1.57757 139899
1 0.54148 0.19571 1.57789 139932
1 0.547003 0.1889 1.58006 139966
1 0.556268 0.18217 1.58227 140000
1 0.566083 0.177819 1.58589 140034
1 0.574182 0.176102 1.58818 140068
1 0.581363 0.177736 1.59004 140102
1 0.588755 0.181274 1.59569 140135
1 0.594756 0.189251 1.5991 140170
1 0.601164 0.200138 1.60344 140203
1 0.606201 0.212804 1.60421 140238
1 0.608606 0.226408 1.60452 140272
1 0.609529 0.240645 1.60397 140305
1 0.610408 0.257927 1.60518 140338
1 0.610736 0.27414 1.6076 140372
1 0.609742 0.293205 1.61118 140405
1 0.605395 0.310196 1.61236 140439
1 0.600459 0.322826 1.61456 140473
1 0.594354 0.333724 1.61126 140507
1 0.584085 0.341431 1.60839 140540
1 0.574906 0.349795 1.60755 140573
1 0.566018 0.354393 1.60539 140606
1 0.557127 0.353036 1.60006 140638
1 0.550717 0.351228 1.59663 140672
1 0.542509 0.349204 1.59254 140706
1 0.53677 0.343275 1.58842 140740
1 0.531906 0.339469 1.58587 140773
1 0.527588 0.331607 1.58083 140807
1 0.524017 0.322529 1.5764 140841
1 0.518992 0.317539 1.57213 140874
1 0.516553 0.308872 1.57041 140908
1 0.514368 0.302238 1.56729 140942
1 0.512834 0.296276 1.56465 140976
1 0.512161 0.289467 1.56301 141009
1 0.511706 0.285451 1.56054 141043
1 0.512244 0.282348 1.55988 141076
1 0.51664 0.281167 1.55918 141109
1 0.519155 0.281089 1.55662 141143
1 0.520406 0.279073 1.55158 141176
1 0.524712 0.275668 1.54581 141210
1 0.529467 0.273745 1.54625 141244
1 0.532424 0.27347 1.5471 141276
1 0.534594 0.271059 1.54532 141309
1 0.538371 0.269566 1.54484 141342
1 0.541151 0.268951 1.54804 141376
1 0.542571 0.269112 1.54887 141410
1 0.543599 0.26887 1.54775 141444

2 0.57138 0.222334 1.5653 142106
2 0.56962 0.223737 1.56489 142139
2 0.567885 0.222003 1.56135 142173
2 0.567438 0.218648 1.56032 142207
2 0.566992 0.215368 1.55506 142241
2 0.567942 0.209985 1.551 142274
2 0.569163 0.205939 1.54634 142307
2 0.573362 0.200138 1.54475 142339
2 0.581293 0.193976 1.54596 142372
2 0.586945 0.191262 1.54381 142405
2 0.593994 0.187012 1.54695 142439
2 0.605038 0.187152 1.55243 142472
2 0.613844 0.191269 1.55662 142506
2 0.622292 0.197754 1.56046 142540
2 0.630183 0.203693 1.56361 142573
2 0.63657 0.213233 1.57 142607
2 0.642043 0.228154 1.57805 142640
2 0.646448 0.244519 1.58066 142674
2 0.648855 0.25967 1.58779 142708
2 0.648535 0.274468 1.5924 142741
2 0.64547 0.290298 1.59516 142774
2 0.640272 0.303865 1.59652 142808
2 0.631325 0.320498 1.60297 142841
2 0.622657 0.333589 1.60438 142873
2 0.613024 0.346321 1.60424 142906
2 0.604484 0.354742 1.60538 142940
2 0.592737 0.360313 1.60307 142972
2 0.583589 0.3625 1.59866 143005
2 0.575449 0.362137 1.59297 143039
2 0.567187 0.358588 1.58445 143072
2 0.5623 0.351985 1.57674 143104
2 0.558185 0.345115 1.56965 143138
2 0.555281 0.336254 1.56327 143172
2 0.550225 0.324988 1.55342 143206
2 0.547072 0.31261 1.54607 143241
2 0.545212 0.298021 1.53614 143273
2 0.54507 0.28552 1.52973 143307
2 0.54714 0.272237 1.52506 143339
2 0.550405 0.260175 1.52166 143373
2 0.55332 0.249164 1.51702 143407
2 0.557041 0.238278 1.51478 143441
2 0.560659 0.229631 1.51411 143475
2 0.56456 0.220916 1.51329 143507
2 0.56902 0.213237 1.51669 143540
2 0.57219 0.209027 1.51798 143574
2 0.576598 0.203223 1.51906 143609
2 0.581061 0.200161 1.52139 143643

3 0.590309 0.263755 1.58247 144538
3 0.589242 0.26207 1.57728 144571
3 0.587608 0.258433 1.57273 144606
3 0.588009 0.255118 1.57015 144640
3 0.590207 0.24873 1.56568 144673
3 0.595539 0.245037 1.56492 144707
3 0.597858 0.242444 1.55661 144741
3 0.60308 0.23828 1.55598 144774
3 0.609243 0.234269 1.55563 144808
3 0.615903 0.230023 1.5571 144842
3 0.623438 0.227337 1.55737 144876
3 0.63111 0.225854 1.55971 144909
3 0.639418 0.225823 1.56292 144942
3 0.645907 0.224578 1.56354 144975
3 0.652912 0.229063 1.56939 145008
3 0.659058 0.231571 1.57475 145041
3 0.663241 0.237501 1.58295 145075
3 0.669057 0.248697 1.58974 145110
3 0.673514 0.25933 1.59815 145143
3 0.674347 0.268484 1.59789 145176
3 0.675248 0.279047 1.60252 145210
3 0.672831 0.292991 1.60536 145244
3 0.6717 0.310973 1.61009 145277
3 0.665941 0.325558 1.61421 145311
3 0.660757 0.341013 1.61887 145343
3 0.652395 0.354646 1.61878 145376
3 0.644702 0.367999 1.61828 145410
3 0.636925 0.379508 1.61747 145443
3 0.629058 0.388779 1.61832 145476
3 0.619544 0.395022 1.61437 145508
3 0.610479 0.398978 1.61165 145540
3 0.601156 0.400296 1.60915 145573
3 0.591679 0.397978 1.60469 145607
3 0.584049 0.394386 1.59691 145640
3 0.577953 0.387494 1.58931 145672
3 0.571578 0.378558 1.57747 145704
3 0.565531 0.369403 1.56574 145736
3 0.56096 0.358419 1.55823 145770
3 0.55854 0.348482 1.55072 145820
3 0.557032 0.337205 1.5446 145837
3 0.556174 0.32555 1.53859 145871
3 0.555154 0.314079 1.53243 145904
3 0.555895 0.302471 1.52859 145936
3 0.557862 0.29047 1.52003 145969
3 0.560656 0.28173 1.5175 146020
3 0.562996 0.274202 1.51755 146036
3 0.563734 0.267327 1.51308 146068
3 0.568521 0.259909 1.51168 146118
3 0.572513 0.254521 1.51186 146151
3 0.576988 0.25006 1.51606 146183
3 0.581366 0.247573 1.51727 146218
3 0.585212 0.24679 1.52148 146252
3 0.590472 0.24569 1.52335 146269
3 0.593822 0.2445 1.52571 146317
3 0.596361 0.24396 1.52733 146350
3 0.601172 0.242879 1.53118 146384
3 0.603855 0.242462 1.53275 146417
3 0.60668 0.243051 1.53484 146451

4 0.60096 0.285017 1.58879 147185
4 0.600678 0.285255 1.58546 147219
4 0.600158 0.285357 1.58063 147236
4 0.599531 0.285338 1.57703 147285
4 0.600079 0.283001 1.57499 147319
4 0.602606 0.282369 1.57289 147336
4 0.60678 0.278636 1.5721 147386
4 0.610654 0.274735 1.5686 147419
4 0.616 0.270943 1.5674 147436
4 0.620085 0.268966 1.56733 147487
4 0.626026 0.267132 1.56715 147505
4 0.632911 0.266315 1.56746 147538
4 0.639399 0.267331 1.57036 147588
4 0.645207 0.272444 1.57555 147606
4 0.650253 0.274605 1.58138 147640
4 0.653093 0.281618 1.58633 147673
4 0.656537 0.287553 1.58928 147708
4 0.658429 0.295537 1.59323 147741
4 0.659573 0.306611 1.59921 147775
4 0.659746 0.31873 1.60644 147808
4 0.659263 0.331556 1.61579 147841
4 0.658015 0.343355 1.61796 147874
4 0.653442 0.354923 1.62201 147908
4 0.650702 0.36583 1.62367 147942
4 0.644535 0.378174 1.62715 147976
4 0.636187 0.38593 1.62665 148009
4 0.629478 0.393692 1.6253 148042
4 0.620031 0.398676 1.62528 148075
4 0.610921 0.401161 1.6202 148108
4 0.602105 0.401195 1.61111 148142
4 0.593477 0.397953 1.60332 148175
4 0.585429 0.394435 1.59562 148209
4 0.578017 0.387701 1.58641 148241
4 0.571727 0.378756 1.57618 148275
4 0.566901 0.369035 1.5651 148309
4 0.563464 0.360363 1.55851 148342
4 0.559086 0.350554 1.55003 148375
4 0.556602 0.339041 1.54296 148409
4 0.556329 0.328604 1.53632 148442
4 0.560137 0.318491 1.5329 148475
4 0.562061 0.307894 1.52789 148508
4 0.563376 0.29786 1.52359 148540
4 0.566987 0.287031 1.51772 148574
4 0.570532 0.280134 1.51418 148608
4 0.576039 0.273289 1.51149 148643
4 0.580263 0.269513 1.51271 148676
4 0.58621 0.265223 1.51292 148710
4 0.591055 0.261994 1.51393 148743
4 0.595927 0.261311 1.51881 148776
4 0.602368 0.260721 1.52322 148809
4 0.606949 0.260578 1.52698 148840

5 0.596444 0.336386 1.58813 149849
5 0.59624 0.336626 1.58207 149883
5 0.596361 0.335933 1.58159 149917
5 0.59703 0.334642 1.5807 149951
5 0.597432 0.329278 1.57827 149985
5 0.599058 0.323289 1.57566 150019
5 0.599596 0.316446 1.57196 150052
5 0.6027 0.306445 1.5664 150085
5 0.606895 0.296101 1.56402 150117
5 0.614298 0.287978 1.5663 150151
5 0.620189 0.279242 1.56767 150183
5 0.627007 0.271767 1.57239 150217
5 0.636797 0.263784 1.57623 150250
5 0.646995 0.257463 1.58209 150283
5 0.656531 0.252219 1.58801 150316
5 0.667566 0.253518 1.59969 150350
5 0.678493 0.25484 1.61275 150383
5 0.687841 0.262638 1.62344 150417
5 0.696294 0.271201 1.63477 150449
5 0.702561 0.282033 1.64974 150481
5 0.704703 0.297096 1.65692 150513
5 0.703347 0.315121 1.66364 150546
5 0.701327 0.336112 1.66672 150579
5 0.695161 0.357709 1.66873 150613
5 0.686379 0.378026 1.66953 150647
5 0.675829 0.395261 1.66912 150679
5 0.664395 0.411751 1.67044 150713
5 0.652526 0.426606 1.66789 150746
5 0.64057 0.438541 1.66428 150780
5 0.62724 0.446889 1.6652 150814
5 0.613758 0.450212 1.66411 150849
5 0.600009 0.448291 1.6583 150882
5 0.588985 0.444338 1.64533 150917
5 0.581685 0.437511 1.63658 150950
5 0.57667 0.426972 1.62287 150984
5 0.572553 0.415871 1.61115 151017
5 0.570286 0.403336 1.60019 151049
5 0.568979 0.386081 1.58656 151082
5 0.570437 0.369988 1.5776 151114
5 0.574151 0.351193 1.56802 151147
5 0.576877 0.333137 1.56064 151180
5 0.581477 0.313779 1.55325 151214
5 0.585982 0.295164 1.54857 151247
5 0.592722 0.280184 1.5507 151280
5 0.600581 0.268553 1.55199 151314
5 0.609629 0.259089 1.5542 151348
5 0.618065 0.251274 1.55904 151382
5 0.625504 0.245373 1.55941 151415
5 0.634029 0.241189 1.56444 151449
5 0.643292 0.238637 1.56826 151483
5 0.652519 0.238337 1.57245 151516
5 0.659866 0.242277 1.5802 151550
5 0.668333 0.244442 1.58836 151584
5 0.674478 0.246499 1.59333 151617
5 0.678529 0.252379 1.59802 151650
5 0.681927 0.256592 1.60252 151684

6 0.61356 0.357325 1.63184 152542
6 0.612364 0.355449 1.6296 152576
6 0.61251 0.352285 1.62435 152609
6 0.612178 0.346844 1.6155 152642
6 0.612362 0.340375 1.60951 152675
6 0.611419 0.329645 1.59875 152708
6 0.611402 0.321622 1.59148 152757
6 0.612705 0.311787 1.5853 152774
6 0.615338 0.298918 1.58225 152806
6 0.617499 0.289846 1.57999 152858
6 0.621312 0.279697 1.57929 152874
6 0.627342 0.266212 1.57927 152924
6 0.632125 0.25387 1.57939 152957
6 0.638507 0.244275 1.58128 152989
6 0.647487 0.238595 1.58611 153022
6 0.656878 0.230716 1.59182 153055
6 0.666212 0.22628 1.59947 153087
6 0.675482 0.22622 1.61022 153121
6 0.686535 0.225602 1.61826 153156
6 0.696441 0.230672 1.63012 153190
6 0.706034 0.240402 1.64362 153222
6 0.714264 0.252698 1.65409 153256
6 0.721481 0.266298 1.66444 153289
6 0.72807 0.283436 1.67803 153322
6 0.730277 0.305987 1.68463 153355
6 0.727654 0.326038 1.68676 153388
6 0.722429 0.348464 1.68574 153420
6 0.716241 0.369561 1.68616 153455
6 0.707006 0.388611 1.68198 153488
6 0.695739 0.405796 1.67812 153520
6 0.683254 0.422375 1.67046 153554
6 0.667103 0.434961 1.66187 153588
6 0.651484 0.445219 1.65187 153621
6 0.63701 0.450316 1.64531 153653
6 0.621552 0.452118 1.6366 153686
6 0.60887 0.450067 1.62688 153719
6 0.598052 0.444418 1.61966 153753
6 0.590461 0.435573 1.60445 153786
6 0.583222 0.421969 1.58754 153820
6 0.580959 0.408956 1.57299 153854
6 0.581631 0.396823 1.55666 153887
6 0.581372 0.377132 1.54607 153920
6 0.584772 0.361485 1.53943 153954
6 0.588782 0.34616 1.53338 153988
6 0.592252 0.329923 1.52617 154022
6 0.597875 0.316611 1.51873 154055
6 0.602993 0.303638 1.51692 154090
6 0.610778 0.295924 1.51753 154122
6 0.617048 0.28965 1.51876 154156
6 0.622705 0.283013 1.51924 154190
6 0.628943 0.27854 1.52105 154224
6 0.633608 0.275906 1.5224 154256

7 0.56717 0.211574 1.54768 155349
7 0.568054 0.208198 1.54624 155383
7 0.568926 0.204505 1.54585 155417
7 0.56809 0.200807 1.54434 155451
7 0.569007 0.193803 1.54617 155485
7 0.572214 0.187886 1.54839 155518
7 0.575557 0.180694 1.549 155552
7 0.582367 0.172135 1.5514 155586
7 0.588848 0.163431 1.55384 155621
7 0.595539 0.154241 1.55526 155654
7 0.603972 0.147835 1.55741 155688
7 0.612532 0.142674 1.55927 155722
7 0.622264 0.139324 1.56141 155755
7 0.632158 0.137447 1.56371 155789
7 0.643287 0.138493 1.56826 155823
7 0.654545 0.141979 1.57361 155857
7 0.665065 0.149796 1.57681 155890
7 0.674986 0.160652 1.58545 155924
7 0.68314 0.17359 1.58875 155957
7 0.690535 0.186421 1.59923 155990
7 0.694368 0.204781 1.60287 156023
7 0.69687 0.227096 1.60746 156057
7 0.695226 0.248339 1.60901 156091
7 0.694821 0.268305 1.61436 156125
7 0.6891 0.291384 1.61338 156160
7 0.682828 0.31351 1.61353 156193
7 0.672342 0.332094 1.6101 156210
7 0.6599 0.35027 1.60781 156260
7 0.648208 0.36434 1.60473 156293
7 0.63664 0.37745 1.60136 156309
7 0.62363 0.384586 1.60162 156360
7 0.611618 0.389826 1.59995 156392
7 0.599593 0.390818 1.59355 156426
7 0.588114 0.38702 1.58591 156458
7 0.578151 0.379919 1.57599 156492
7 0.570761 0.369075 1.5617 156524
7 0.566054 0.356752 1.55029 156559
7 0.561453 0.343631 1.54001 156592
7 0.560077 0.329788 1.53323 156625
7 0.5581 0.314221 1.52621 156659
7 0.557174 0.298285 1.51591 156693
7 0.55755 0.282025 1.50784 156725
7 0.558471 0.268823 1.50429 156758
7 0.559317 0.256166 1.50103 156791
7 0.562417 0.243109 1.49791 156824
7 0.567455 0.231705 1.49921 156858
7 0.569581 0.223037 1.50113 156890
7 0.572471 0.213331 1.50614 156922
7 0.575425 0.207004 1.50803 156955
7 0.580579 0.201611 1.50971 156988
7 0.583447 0.198335 1.51239 157021
7 0.585986 0.196016 1.51067 157054

8 0.563868 0.182316 1.53619 157955
8 0.562668 0.177758 1.53414 157990
8 0.561643 0.175093 1.53188 158022
8 0.56355 0.170716 1.52925 158056
8 0.566545 0.166424 1.52745 158091
8 0.571891 0.159323 1.52189 158126
8 0.576801 0.153539 1.51954 158160
8 0.582957 0.148819 1.51948 158194
8 0.594293 0.150475 1.5231 158228
8 0.606449 0.152278 1.52565 158245
8 0.618668 0.155141 1.53168 158297
8 0.628077 0.151327 1.53387 158314
8 0.637171 0.148037 1.5328 158347
8 0.648238 0.150645 1.53481 158381
8 0.66017 0.157692 1.54 158413
8 0.671711 0.167391 1.54914 158447
8 0.681438 0.180242 1.55725 158496
8 0.687833 0.193922 1.5634 158513
8 0.693589 0.211705 1.57041 158546
8 0.694107 0.230532 1.57686 158596
8 0.694499 0.252446 1.58111 158613
8 0.691284 0.271014 1.58646 158646
8 0.685278 0.293471 1.58581 158696
8 0.676358 0.313944 1.58527 158713
8 0.665056 0.333473 1.58729 158746
8 0.651244 0.350649 1.58864 158795
8 0.63765 0.365291 1.59129 158828
8 0.62307 0.377085 1.59192 158862
8 0.608674 0.385342 1.59032 158896
8 0.595094 0.389136 1.58568 158913
8 0.582079 0.386568 1.57941 158963
8 0.572137 0.380848 1.56868 158996
8 0.563522 0.373403 1.5576 159013
8 0.559022 0.361179 1.54773 159064
8 0.553417 0.346935 1.53943 159081
8 0.549286 0.333322 1.5294 159116
8 0.547247 0.317969 1.52149 159149
8 0.545813 0.300833 1.5124 159183
8 0.545978 0.284032 1.50708 159217
8 0.548026 0.268802 1.50219 159250
8 0.549184 0.252877 1.49705 159283
8 0.551525 0.238767 1.49231 159317
8 0.555131 0.225378 1.49306 159350
8 0.558169 0.212063 1.49186 159384
8 0.559954 0.200693 1.49117 159418
8 0.563184 0.189051 1.48893 159452
8 0.567659 0.180038 1.49027 159486
8 0.571319 0.170566 1.49069 159519
8 0.574258 0.163927 1.49293 159552
8 0.576383 0.160368 1.49458 159585

9 0.574126 0.145711 1.53234 160531
9 0.574483 0.14247 1.53399 160548
9 0.57648 0.141627 1.52945 160583
9 0.57837 0.144466 1.53032 160616
9 0.582871 0.148917 1.53515 160648
9 0.588037 0.153299 1.54019 160682
9 0.591408 0.149051 1.539 160731
9 0.597073 0.143602 1.53554 160748
9 0.603851 0.141772 1.53609 160780
9 0.613143 0.141535 1.53678 160830
9 0.621405 0.143008 1.53702 160863
9 0.628607 0.143698 1.53906 160896
9 0.636515 0.148113 1.5394 160931
9 0.645135 0.153162 1.54143 160964
9 0.654079 0.165154 1.54561 160980
9 0.663287 0.178601 1.55056 161028
9 0.671741 0.194039 1.55333 161062
9 0.677597 0.211964 1.55871 161096
9 0.680539 0.230942 1.5622 161130
9 0.681146 0.252196 1.57024 161164
9 0.680095 0.271329 1.57621 161197
9 0.677955 0.289815 1.58221 161230
9 0.672773 0.310113 1.58748 161263
9 0.664873 0.32936 1.58973 161295
9 0.65488 0.34661 1.59138 161328
9 0.643984 0.361664 1.59404 161361
9 0.631716 0.37261 1.59379 161394
9 0.619544 0.381826 1.59225 161428
9 0.605698 0.387973 1.58834 161461
9 0.594389 0.389657 1.58212 161495
9 0.581557 0.386412 1.57562 161528
9 0.572337 0.378078 1.56325 161562
9 0.563308 0.366909 1.553 161595
9 0.555229 0.354775 1.54552 161629
9 0.548702 0.341444 1.5351 161663
9 0.545073 0.327774 1.52911 161696
9 0.540358 0.313883 1.5238 161730
9 0.53656 0.296456 1.51401 161764
9 0.534548 0.280529 1.50806 161798
9 0.533358 0.263588 1.50245 161831
9 0.533021 0.249903 1.49844 161864
9 0.534286 0.233876 1.49267 161899
9 0.536695 0.220382 1.48963 161916
9 0.540368 0.207059 1.48908 161950
9 0.54469 0.196137 1.49063 162000
9 0.54822 0.184539 1.48952 162016
9 0.552185 0.175831 1.49013 162050
9 0.556321 0.169134 1.49147 162099
9 0.562447 0.162335 1.49187 162116
9 0.569106 0.157198 1.49351 162149
9 0.575724 0.153445 1.49199 162184
9 0.580797 0.153729 1.49182 162217
9 0.586197 0.153924 1.49411 162251
9 0.590935 0.152637 1.49809 162285
9 0.593341 0.152009 1.50051 162319
9 0.597843 0.1522 1.50303 162351

