Gesto: 0
0 0.109487 0.109036 2.01392 163129
0 0.108919 0.109593 2.01247 163162
0 0.109554 0.109595 2.01229 163179
0 0.110051 0.1098 2.01143 163230
0 0.109497 0.108668 2.0136 163246
0 0.110087 0.10903 2.01393 163280
0 0.112531 0.10936 2.00976 163314
0 0.113953 0.109317 2.01013 163348
0 0.114824 0.10656 2.01374 163382
0 0.116881 0.105791 2.01109 163417
0 0.119349 0.107433 2.01139 163450
0 0.123618 0.107642 2.0111 163483
0 0.126864 0.106753 2.01017 163516
0 0.130231 0.105983 2.00914 163550
0 0.135486 0.104603 2.00992 163584
0 0.13828 0.100128 2.00735 163618
0 0.142464 0.10082 2.00711 163652
0 0.148874 0.103055 2.00564 163686
0 0.153133 0.103934 2.0072 163719
0 0.156504 0.104826 2.00745 163753
0 0.160577 0.106669 2.00777 163787
0 0.166402 0.109292 1.99922 163822
0 0.167197 0.114727 1.99657 163855
0 0.171708 0.120442 1.99116 163888
0 0.173949 0.123787 1.98843 163921
0 0.176004 0.126676 1.98132 163954
0 0.178365 0.134682 1.97678 163987
0 0.178476 0.1459 1.98059 164021
0 0.180616 0.154995 1.97732 164054
0 0.181368 0.160619 1.96805 164087
0 0.183264 0.164604 1.9603 164122
0 0.183121 0.172336 1.96309 164155
0 0.180909 0.181833 1.95646 164189
0 0.180699 0.191094 1.95329 164222
0 0.181794 0.198942 1.94689 164255
0 0.177464 0.207172 1.95211 164289
0 0.171537 0.216205 1.95497 164322
0 0.165805 0.221896 1.95466 164356
0 0.161911 0.229307 1.95616 164389
0 0.157003 0.236312 1.96367 164424
0 0.149381 0.239605 1.96344 164458
0 0.144313 0.247052 1.96342 164491
0 0.138119 0.251812 1.96194 164525
0 0.131376 0.254477 1.96722 164559
0 0.126012 0.256795 1.96819 164593
0 0.119387 0.257022 1.97049 164626
0 0.114378 0.258464 1.97367 164660
0 0.110317 0.264223 1.9849 164694
0 0.104232 0.262184 1.98528 164727
0 0.0986711 0.261119 1.98835 164760
0 0.0926458 0.257955 1.99153 164794
0 0.0887466 0.254337 1.99553 164827
0 0.0841319 0.248633 1.99432 164861
0 0.0815904 0.241808 1.99658 164894
0 0.0759315 0.232579 1.9998 164927
0 0.0713907 0.223341 2.0058 164961
0 0.0688025 0.218252 2.00708 164994
0 0.0712561 0.212001 1.99677 165027
0 0.0720895 0.203803 2.00756 165060
0 0.07012 0.191875 2.0117 165094
0 0.0684667 0.182456 2.01592 165129
0 0.069695 0.168221 2.01256 165163
0 0.0704661 0.157983 2.01477 165195
0 0.070941 0.151496 2.01526 165228
0 0.0718048 0.140721 2.01458 165260
0 0.0730367 0.138216 2.01584 165294
0 0.0775594 0.133735 2.0109 165327
0 0.0788937 0.127404 2.00682 165361
0 0.0824489 0.124583 2.00469 165394
0 0.0871309 0.122609 2.00463 165428
0 0.0923946 0.117478 2.00323 165461
0 0.0968838 0.113238 1.99872 165494
0 0.100943 0.10961 2.00042 165528
0 0.104609 0.108945 1.99491 165562
0 0.110089 0.106512 1.97863 165596
0 0.116842 0.106973 1.97725 165630
0 0.12104 0.108361 1.97667 165663
0 0.127677 0.110726 1.97515 165698
0 0.133696 0.111292 1.97469 165714

1 0.256469 0.111434 1.94753 166622
1 0.262339 0.114005 1.94995 166656
1 0.264635 0.114907 1.95342 166688
1 0.268421 0.11502 1.95731 166721
1 0.272845 0.114657 1.96216 166754
1 0.278296 0.114392 1.95826 166789
1 0.282222 0.113862 1.96151 166823
1 0.287892 0.113853 1.96423 166856
1 0.290564 0.113506 1.96759 166890
1 0.291629 0.106726 1.96726 166923
1 0.296457 0.101267 1.96863 166957
1 0.299538 0.0970277 1.97111 166990
1 0.302347 0.0954325 1.97031 167025
1 0.303436 0.0938176 1.9737 167058
1 0.308087 0.0929005 1.97469 167090
1 0.311846 0.0916221 1.9786 167125
1 0.3166 0.0935511 1.9794 167158
1 0.322404 0.0994593 1.98469 167191
1 0.331362 0.104967 1.98321 167225
1 0.336762 0.107635 1.98345 167258
1 0.34185 0.111372 1.98118 167291
1 0.344556 0.119284 1.97595 167325
1 0.349687 0.127838 1.96808 167357
1 0.353449 0.136952 1.96157 167391
1 0.357756 0.150381 1.95847 167424
1 0.360525 0.161563 1.95279 167456
1 0.36012 0.171142 1.95004 167489
1 0.358811 0.184192 1.95226 167522
1 0.355491 0.19546 1.95404 167553
1 0.353079 0.207716 1.95851 167587
1 0.350949 0.217956 1.94979 167620
1 0.344923 0.228461 1.94893 167653
1 0.336289 0.241539 1.94959 167686
1 0.329709 0.251634 1.95026 167719
1 0.319851 0.261353 1.95413 167752
1 0.313215 0.268734 1.95021 167785
1 0.305297 0.274314 1.95014 167818
1 0.294724 0.277306 1.95327 167853
1 0.281295 0.276884 1.95493 167886
1 0.273419 0.274981 1.96013 167920
1 0.26226 0.269506 1.96512 167953
1 0.250443 0.263445 1.97016 167986
1 0.244252 0.252266 1.96834 168021
1 0.239511 0.240442 1.97158 168054
1 0.234368 0.229198 1.97488 168087
1 0.230503 0.214595 1.97772 168120
1 0.228048 0.201683 1.98365 168153
1 0.228482 0.187477 1.98964 168187
1 0.230559 0.176631 1.99326 168221
1 0.235462 0.163918 1.99135 168254
1 0.240336 0.151356 1.98681 168288
1 0.244556 0.141374 1.98098 168321
1 0.252109 0.134243 1.98009 168353
1 0.257837 0.127465 1.97749 168385
1 0.26208 0.123224 1.97359 168418
1 0.267283 0.118366 1.97032 168468
1 0.27262 0.115733 1.96617 168484
1 0.277284 0.117214 1.96131 168519

2 0.445941 0.102671 1.98635 170067
2 0.444502 0.101936 1.98357 170101
2 0.44617 0.0991905 1.97772 170135
2 0.44987 0.0968835 1.97766 170169
2 0.453451 0.0955696 1.97666 170186
2 0.458357 0.095056 1.97533 170235
2 0.46627 0.0936886 1.97436 170268
2 0.475723 0.0935808 1.97367 170284
2 0.483882 0.095349 1.96899 170335
2 0.491021 0.0972447 1.96059 170367
2 0.501303 0.103009 1.95893 170399
2 0.510863 0.109215 1.95945 170433
2 0.519986 0.116577 1.95602 170467
2 0.526669 0.124354 1.9556 170499
2 0.530025 0.13569 1.95235 170534
2 0.530493 0.150832 1.94555 170567
2 0.531548 0.167732 1.93946 170585
2 0.530503 0.186215 1.928 170634
2 0.531295 0.204103 1.92551 170652
2 0.52945 0.219273 1.91369 170686
2 0.525791 0.232925 1.913 170720
2 0.519669 0.249308 1.90996 170753
2 0.51274 0.264531 1.90859 170803
2 0.505683 0.279143 1.91025 170836
2 0.496479 0.290182 1.91217 170853
2 0.484049 0.296277 1.9113 170904
2 0.469995 0.298975 1.90967 170921
2 0.455631 0.299346 1.91186 170954
2 0.441727 0.294917 1.91376 171003
2 0.430051 0.288851 1.91986 171020
2 0.42038 0.278925 1.93078 171054
2 0.411763 0.264949 1.93678 171103
2 0.404516 0.250377 1.94081 171120
2 0.399013 0.237611 1.94614 171153
2 0.396357 0.222664 1.9502 171202
2 0.392532 0.20774 1.9524 171235
2 0.390944 0.191932 1.95215 171253
2 0.391611 0.176227 1.95419 171301
2 0.395064 0.160547 1.95154 171335
2 0.399387 0.150512 1.95079 171368
2 0.405771 0.141557 1.95296 171400
2 0.411873 0.135494 1.95804 171433
2 0.418035 0.127903 1.95738 171466
2 0.425403 0.121388 1.95551 171500
2 0.431229 0.118642 1.95285 171534
2 0.439048 0.113631 1.9488 171567
2 0.446219 0.109389 1.94192 171600
2 0.453221 0.107689 1.93906 171634
2 0.458375 0.105316 1.93771 171667
2 0.464331 0.104023 1.93581 171700
2 0.470853 0.102942 1.93724 171733
2 0.47429 0.102119 1.93884 171768
2 0.477475 0.103089 1.93427 171799

3 0.639957 0.0958576 1.9802 173164
3 0.639233 0.0961964 1.98211 173198
3 0.639608 0.0960883 1.98694 173231
3 0.640574 0.0954073 1.98235 173264
3 0.640925 0.0951499 1.97671 173298
3 0.642664 0.0945085 1.97637 173332
3 0.646027 0.0941277 1.97309 173364
3 0.650188 0.0945042 1.96951 173398
3 0.654334 0.0949505 1.96932 173432
3 0.659759 0.0975419 1.96754 173467
3 0.668845 0.0995394 1.96987 173499
3 0.67634 0.104342 1.9717 173532
3 0.682745 0.110514 1.97072 173565
3 0.688589 0.118288 1.97064 173598
3 0.692789 0.125993 1.9647 173632
3 0.696981 0.137358 1.96148 173666
3 0.69946 0.151546 1.95732 173700
3 0.699786 0.168567 1.94919 173733
3 0.699666 0.186353 1.9419 173766
3 0.697815 0.200363 1.92944 173800
3 0.69423 0.218549 1.92253 173833
3 0.686945 0.233238 1.91711 173868
3 0.680653 0.249606 1.91029 173901
3 0.670921 0.263327 1.90911 173935
3 0.660707 0.274389 1.89823 173969
3 0.649423 0.284319 1.89669 174003
3 0.63776 0.291717 1.89966 174037
3 0.629023 0.294245 1.8993 174070
3 0.620071 0.291331 1.90122 174088
3 0.609397 0.287685 1.90483 174137
3 0.602323 0.283217 1.9127 174172
3 0.595006 0.276381 1.92065 174188
3 0.587331 0.266629 1.92177 174238
3 0.580801 0.252999 1.91763 174270
3 0.576252 0.240123 1.92038 174304
3 0.573418 0.226689 1.92076 174338
3 0.571285 0.212434 1.92522 174371
3 0.571631 0.200723 1.9316 174405
3 0.573229 0.189681 1.93928 174440
3 0.577598 0.183077 1.94586 174456
3 0.582445 0.171819 1.94626 174505
3 0.588398 0.158346 1.94681 174540
3 0.592166 0.146447 1.94939 174556
3 0.596671 0.134939 1.94838 174603
3 0.602329 0.126498 1.949 174636
3 0.607319 0.117185 1.95399 174670
3 0.613858 0.107927 1.96104 174705
3 0.618722 0.100345 1.96529 174738
3 0.624042 0.0991667 1.95918 174755
3 0.630319 0.0973929 1.95617 174806
3 0.639339 0.0987111 1.94986 174823
3 0.646866 0.0991014 1.95102 174856
3 0.650851 0.0986404 1.95422 174906
3 0.656812 0.0989461 1.94932 174939
3 0.660768 0.0990408 1.94659 174956

4 0.653949 0.163932 1.97848 175825
4 0.655191 0.163127 1.98249 175874
4 0.656312 0.162276 1.98738 175890
4 0.656585 0.16231 1.98756 175925
4 0.656716 0.162052 1.98855 175975
4 0.661523 0.160459 1.99166 175992
4 0.666712 0.160498 1.99654 176025
4 0.669704 0.161141 1.99986 176059
4 0.674056 0.163509 1.99462 176092
4 0.680133 0.165239 1.99563 176126
4 0.686499 0.174726 1.99198 176160
4 0.692701 0.185983 1.9881 176195
4 0.698981 0.19568 1.98142 176228
4 0.704393 0.21312 1.97694 176263
4 0.707335 0.232239 1.97409 176297
4 0.709897 0.251331 1.97303 176330
4 0.711028 0.272527 1.96538 176364
4 0.710493 0.292672 1.94777 176398
4 0.709915 0.315695 1.94596 176432
4 0.700891 0.345083 1.94731 176466
4 0.695072 0.370368 1.94988 176500
4 0.686366 0.392744 1.95944 176533
4 0.67663 0.413382 1.96713 176566
4 0.668632 0.424936 1.96789 176599
4 0.656677 0.433475 1.97345 176633
4 0.64518 0.438183 1.98586 176667
4 0.629238 0.439364 1.99294 176700
4 0.615164 0.432333 1.98727 176733
4 0.602422 0.423592 1.98033 176767
4 0.589775 0.411942 1.9791 176802
4 0.583719 0.398195 1.98252 176835
4 0.579077 0.388046 1.98667 176869
4 0.571639 0.373114 1.98767 176903
4 0.564634 0.355117 1.98033 176936
4 0.558251 0.335526 1.97736 176969
4 0.554676 0.316964 1.97399 177001
4 0.552872 0.29864 1.97192 177035
4 0.553728 0.282717 1.97387 177068
4 0.554429 0.26869 1.97403 177101
4 0.558831 0.248685 1.97209 177134
4 0.56525 0.236075 1.97332 177168
4 0.573453 0.221144 1.97279 177200
4 0.579071 0.206605 1.97254 177233
4 0.586877 0.192582 1.96839 177266
4 0.59535 0.182357 1.96577 177299
4 0.6043 0.175721 1.96703 177332
4 0.61388 0.168542 1.96158 177365
4 0.62519 0.163486 1.95993 177398
4 0.635001 0.159081 1.96071 177432
4 0.644088 0.157245 1.95454 177465
4 0.652495 0.157602 1.95125 177499
4 0.660712 0.158553 1.95063 177532
4 0.667852 0.16447 1.95319 177565
4 0.672356 0.16654 1.95199 177597

5 0.259926 0.469753 2.136 179232
5 0.25776 0.474864 2.13996 179266
5 0.252472 0.475324 2.14 179300
5 0.247833 0.474767 2.14679 179333
5 0.239121 0.464978 2.14721 179366
5 0.232028 0.447444 2.1457 179398
5 0.224896 0.422162 2.13448 179431
5 0.219252 0.384754 2.12 179465
5 0.217945 0.341725 2.10202 179499
5 0.221247 0.297569 2.07249 179532
5 0.230528 0.254404 2.04988 179566
5 0.246045 0.211276 2.02602 179599
5 0.267471 0.166363 2.0039 179632
5 0.295655 0.123144 1.98118 179667
5 0.326256 0.0908935 1.9545 179700
5 0.365918 0.0618989 1.93928 179734
5 0.412821 0.0450315 1.926 179767
5 0.45865 0.0369884 1.91746 179802
5 0.497473 0.041892 1.91479 179835
5 0.533742 0.0520494 1.91035 179867
5 0.57057 0.0690507 1.91847 179901
5 0.603801 0.0973002 1.92062 179935
5 0.629617 0.132617 1.92188 179970
5 0.648737 0.172087 1.92808 180003
5 0.665113 0.214656 1.93486 180035
5 0.675315 0.258416 1.93793 180068
5 0.680913 0.305294 1.94891 180102
5 0.680232 0.347919 1.95274 180137
5 0.675711 0.392236 1.96015 180171
5 0.656251 0.435957 1.96458 180205
5 0.643251 0.47079 1.98138 180239
5 0.633878 0.497051 1.99124 180273
5 0.608512 0.525599 1.99365 180307
5 0.581111 0.547514 2.00475 180339
5 0.552285 0.56663 2.01724 180372
5 0.520919 0.586197 2.03219 180404
5 0.489858 0.603774 2.04104 180438
5 0.459827 0.615447 2.05088 180471
5 0.429948 0.619147 2.0636 180505
5 0.395924 0.614839 2.08158 180539
5 0.365955 0.600769 2.11146 180572
5 0.334196 0.582417 2.13581 180605
5 0.307883 0.558096 2.1607 180638
5 0.285813 0.533948 2.1766 180673
5 0.266957 0.502714 2.1782 180707
5 0.249384 0.473557 2.18569 180741
5 0.239383 0.441916 2.19391 180775
5 0.228329 0.405148 2.19928 180810
5 0.222849 0.376655 2.19578 180842
5 0.216023 0.345961 2.19403 180876
5 0.211958 0.318746 2.19134 180909
5 0.21409 0.292936 2.1892 180942
5 0.213179 0.272653 2.18075 180975
5 0.215533 0.252801 2.17747 181009
5 0.218935 0.237452 2.17758 181042

6 0.262915 0.501941 2.13243 182608
6 0.26193 0.49648 2.13153 182642
6 0.260676 0.485764 2.1274 182675
6 0.262624 0.472885 2.11789 182709
6 0.267655 0.461864 2.11047 182743
6 0.273905 0.450762 2.10556 182775
6 0.284358 0.438314 2.08656 182809
6 0.298658 0.427716 2.08024 182843
6 0.312168 0.420549 2.06984 182875
6 0.32923 0.418216 2.0601 182909
6 0.349422 0.418367 2.04392 182942
6 0.36681 0.419744 2.02597 182974
6 0.38458 0.427228 2.0082 183008
6 0.400874 0.436191 1.99575 183042
6 0.417654 0.448944 1.98801 183076
6 0.432312 0.463736 1.97697 183109
6 0.442658 0.483411 1.9593 183142
6 0.451161 0.509806 1.94804 183175
6 0.452987 0.541524 1.96306 183210
6 0.464888 0.567657 1.98852 183244
6 0.464899 0.60104 2.01104 183277
6 0.455841 0.630739 2.02751 183310
6 0.445732 0.654448 2.0373 183345
6 0.431333 0.677185 2.03659 183377
6 0.414976 0.69763 2.0351 183410
6 0.397407 0.711752 2.03858 183444
6 0.379454 0.723772 2.04708 183478
6 0.363399 0.728121 2.07057 183511
6 0.346676 0.728854 2.09467 183543
6 0.329255 0.727372 2.11848 183577
6 0.309756 0.720378 2.133 183611
6 0.295777 0.706505 2.14506 183629
6 0.28273 0.691743 2.16258 183678
6 0.268943 0.674215 2.17508 183711
6 0.254763 0.65538 2.1823 183745
6 0.243779 0.634006 2.18769 183778
6 0.236593 0.612305 2.19342 183812
6 0.228669 0.587052 2.19634 183847
6 0.223749 0.564617 2.19915 183879
6 0.222495 0.543242 2.19256 183912
6 0.221835 0.524181 2.19307 183945
6 0.223262 0.504855 2.18152 183978
6 0.228806 0.49393 2.17892 184013
6 0.22926 0.478671 2.16619 184046
6 0.233237 0.469498 2.15963 184080
6 0.242007 0.465653 2.15686 184097

7 0.520282 0.372184 2.16216 185771
7 0.521732 0.371277 2.15627 185804
7 0.524618 0.370147 2.15043 185838
7 0.525437 0.369007 2.14811 185872
7 0.530834 0.36227 2.13834 185906
7 0.53544 0.354518 2.13198 185939
7 0.539892 0.346717 2.1195 185970
7 0.548011 0.337534 2.10957 186004
7 0.563007 0.32769 2.09575 186038
7 0.580272 0.321391 2.08404 186070
7 0.602495 0.317939 2.074 186104
7 0.62488 0.321958 2.05816 186137
7 0.653159 0.336757 2.03374 186170
7 0.680515 0.365514 2.06256 186202
7 0.701438 0.399044 2.08968 186237
7 0.717667 0.42687 2.11321 186269
7 0.726972 0.45603 2.12865 186303
7 0.732196 0.48991 2.12564 186336
7 0.731194 0.520898 2.11989 186369
7 0.721417 0.546698 2.13309 186405
7 0.701465 0.570182 2.14314 186437
7 0.683869 0.590629 2.14759 186470
7 0.663078 0.601837 2.15591 186503
7 0.637686 0.607613 2.16843 186535
7 0.610149 0.607641 2.17838 186568
7 0.585312 0.597396 2.1856 186601
7 0.563673 0.582217 2.19405 186634
7 0.54555 0.562612 2.20492 186683
7 0.529316 0.538807 2.20474 186715
7 0.5181 0.515232 2.20575 186732
7 0.505127 0.492348 2.2026 186783
7 0.498158 0.467788 2.20165 186799
7 0.495216 0.441453 2.19875 186833
7 0.494651 0.418261 2.19757 186883
7 0.494663 0.395343 2.18967 186899
7 0.494748 0.378135 2.18343 186933
7 0.499848 0.361566 2.1765 186968
7 0.503817 0.34534 2.17106 187001
7 0.512354 0.334432 2.1653 187034
7 0.519164 0.328573 2.1638 187068
7 0.524452 0.326101 2.16357 187102

8 0.386474 0.473511 2.07129 191953
8 0.384048 0.473411 2.06329 191970
8 0.381611 0.47141 2.06447 192005
8 0.383502 0.46875 2.0598 192038
8 0.382825 0.46244 2.05336 192072
8 0.38433 0.455114 2.05001 192105
8 0.385837 0.440451 2.03187 192154
8 0.392265 0.423489 2.02198 192172
8 0.401791 0.411206 2.01385 192223
8 0.415024 0.396077 2.00453 192239
8 0.432184 0.38146 1.99545 192272
8 0.451855 0.372072 1.98624 192306
8 0.476573 0.366401 1.97798 192339
8 0.497192 0.367612 1.96419 192372
8 0.522142 0.379053 1.96723 192405
8 0.543046 0.394573 1.97559 192440
8 0.563692 0.412997 1.98617 192473
8 0.582153 0.437326 2.02783 192508
8 0.588435 0.468459 2.05611 192541
8 0.595185 0.504826 2.07011 192576
8 0.598351 0.542129 2.0846 192609
8 0.601004 0.581148 2.0921 192643
8 0.599751 0.616481 2.10749 192676
8 0.584071 0.652517 2.13052 192710
8 0.56591 0.681312 2.14901 192744
8 0.543068 0.697922 2.16507 192777
8 0.518427 0.7061 2.18861 192810
8 0.491822 0.710024 2.20065 192844
8 0.464977 0.708286 2.2103 192877
8 0.442911 0.6979 2.20369 192911
8 0.421171 0.684911 2.20868 192944
8 0.398545 0.661584 2.19501 192977
8 0.381212 0.635825 2.18662 193010
8 0.372012 0.610596 2.16167 193044
8 0.365057 0.580711 2.14327 193079
8 0.356747 0.551016 2.13453 193110
8 0.357166 0.520206 2.11969 193144
8 0.3581 0.49497 2.10275 193178
8 0.365489 0.468431 2.09592 193211
8 0.378002 0.448031 2.08769 193244
8 0.38766 0.431596 2.08391 193278
8 0.396351 0.420377 2.07734 193311
8 0.40834 0.414376 2.07722 193342
8 0.417508 0.412922 2.07769 193375
8 0.426568 0.412142 2.07552 193409

9 0.680366 0.369077 2.08999 194706
9 0.680913 0.363892 2.09192 194756
9 0.68004 0.357052 2.09133 194788
9 0.680783 0.344877 2.09521 194820
9 0.681414 0.34054 2.09597 194853
9 0.687888 0.325849 2.09791 194887
9 0.700798 0.310489 2.09835 194921
9 0.720245 0.294132 2.09263 194956
9 0.746665 0.288787 2.08916 194989
9 0.786426 0.307903 2.08229 195005
9 0.822946 0.337403 2.0884 195056
9 0.843384 0.380957 2.11412 195073
9 0.864272 0.42534 2.13086 195107
9 0.870189 0.473878 2.15301 195141
9 0.866036 0.520246 2.17985 195175
9 0.852346 0.563014 2.20079 195208
9 0.832121 0.595363 2.2243 195258
9 0.804552 0.623576 2.24433 195274
9 0.778841 0.640811 2.26005 195308
9 0.755864 0.648849 2.27275 195342
9 0.730288 0.645081 2.28142 195376
9 0.707829 0.632365 2.28442 195410
9 0.688072 0.615124 2.28974 195444
9 0.672122 0.596051 2.2877 195478
9 0.654038 0.575203 2.27127 195512
9 0.641709 0.554215 2.25433 195546
9 0.634172 0.523702 2.24022 195579
9 0.629952 0.496756 2.21591 195613
9 0.633324 0.467993 2.20129 195647
9 0.643907 0.44404 2.19632 195681
9 0.652114 0.421853 2.17426 195715
9 0.661933 0.397049 2.14268 195748
9 0.675561 0.373046 2.12304 195782
9 0.699368 0.351203 2.11244 195816
9 0.715279 0.338955 2.11108 195850
9 0.729539 0.3319 2.11466 195884
9 0.751556 0.328114 2.12721 195918
9 0.770484 0.328015 2.1369 195951
9 0.787054 0.329962 2.13538 195984
9 0.802826 0.332308 2.12859 196016
9 0.817144 0.338479 2.126 196050
9 0.827009 0.349508 2.14444 196083

10 0.0701615 0.513591 2.05412 201452
10 0.0704704 0.508935 2.04814 201486
10 0.0693365 0.504309 2.04769 201519
10 0.0690556 0.5013 2.04817 201552
10 0.0697828 0.497599 2.04942 201585
10 0.0723323 0.486425 2.03938 201618
10 0.0742885 0.475501 2.0373 201651
10 0.0749962 0.463177 2.03169 201684
10 0.0790068 0.444214 2.01843 201718
10 0.0859871 0.424687 2.0052 201751
10 0.0934817 0.403808 1.98992 201785
10 0.104531 0.381572 1.97775 201819
10 0.117502 0.362104 1.97036 201852
10 0.133771 0.3477 1.96085 201886
10 0.154052 0.337441 1.95246 201920
10 0.174528 0.329512 1.94109 201954
10 0.195899 0.329081 1.93405 201987
10 0.214008 0.332596 1.91797 202021
10 0.233907 0.339046 1.91264 202055
10 0.25177 0.353993 1.91412 202089
10 0.273428 0.381901 1.93102 202123
10 0.282277 0.41417 1.95739 202157
10 0.288364 0.447151 1.98094 202191
10 0.294286 0.481416 1.98806 202224
10 0.29343 0.519822 1.98351 202258
10 0.288979 0.556486 1.97785 202292
10 0.279336 0.586899 1.98454 202325
10 0.267812 0.611013 1.99883 202360
10 0.251584 0.630389 2.01041 202392
10 0.233619 0.644289 2.02208 202426
10 0.218702 0.650407 2.03606 202460
10 0.197701 0.652278 2.05447 202493
10 0.180284 0.648577 2.06544 202526
10 0.162401 0.642677 2.07244 202559
10 0.148406 0.633542 2.07227 202594
10 0.134143 0.620443 2.072 202626
10 0.120994 0.605418 2.07035 202661
10 0.10897 0.588263 2.06802 202693
10 0.102031 0.570501 2.06031 202728
10 0.0931395 0.549764 2.04975 202760
10 0.0885736 0.53026 2.0395 202795
10 0.0861546 0.510251 2.03474 202812
10 0.0837678 0.491614 2.03691 202863
10 0.0847686 0.476508 2.03189 202880
10 0.0872458 0.461258 2.02916 202929
10 0.0876367 0.452476 2.02751 202962
10 0.0950072 0.444062 2.01343 202994

