Gesto: 0
0 0.500153 0.219833 2.02383 708199
0 0.503075 0.216943 2.02532 708233
0 0.506312 0.212977 2.02705 708267
0 0.507913 0.211282 2.02493 708301
0 0.508814 0.203524 2.02094 708334
0 0.514085 0.192996 2.02402 708368
0 0.519396 0.18392 2.02279 708403
0 0.526471 0.179092 2.02758 708437
0 0.533035 0.17209 2.03109 708471
0 0.539868 0.165955 2.03388 708505
0 0.546801 0.166979 2.03562 708539
0 0.554375 0.16298 2.03948 708573
0 0.562037 0.160442 2.04295 708607
0 0.572592 0.158918 2.04678 708641
0 0.581809 0.155615 2.0501 708675
0 0.587444 0.153753 2.04677 708709
0 0.593288 0.154507 2.05052 708742
0 0.601082 0.159615 2.0532 708776
0 0.609489 0.163631 2.05346 708810
0 0.615678 0.165879 2.05223 708844
0 0.62418 0.168116 2.059 708877
0 0.63338 0.169637 2.06639 708910
0 0.639503 0.178772 2.06681 708944
0 0.645428 0.1895 2.07138 708978
0 0.649115 0.195942 2.07677 709012
0 0.652771 0.207541 2.08073 709029
0 0.658632 0.215833 2.08436 709080
0 0.662159 0.228183 2.07929 709097
0 0.664248 0.24332 2.07491 709130
0 0.664922 0.25294 2.06885 709180
0 0.666014 0.266492 2.07006 709197
0 0.666011 0.28239 2.06777 709231
0 0.665498 0.299973 2.06136 709264
0 0.662987 0.314236 2.06137 709298
0 0.658541 0.32626 2.05683 709346
0 0.654729 0.33646 2.04559 709380
0 0.649728 0.346781 2.04045 709397
0 0.643003 0.355839 2.03623 709446
0 0.632245 0.366479 2.03259 709479
0 0.622276 0.374286 2.02732 709511
0 0.61314 0.378265 2.01855 709543
0 0.606153 0.382816 2.01339 709576
0 0.595958 0.38666 2.00598 709609
0 0.585732 0.387788 1.99605 709643
0 0.5772 0.389333 1.99187 709674
0 0.567257 0.39179 1.98367 709707
0 0.558602 0.391465 1.97475 709741
0 0.549084 0.390808 1.96374 709775
0 0.542121 0.389202 1.95937 709808
0 0.533148 0.389008 1.95375 709842
0 0.526826 0.384741 1.95061 709875
0 0.51974 0.378959 1.94083 709909
0 0.515244 0.371213 1.94084 709942
0 0.511581 0.363214 1.93814 709975
0 0.507303 0.353012 1.93823 710007
0 0.503999 0.346697 1.93589 710039
0 0.501335 0.338339 1.93522 710073
0 0.497973 0.329963 1.92834 710105
0 0.496486 0.321719 1.92969 710138
0 0.496823 0.31417 1.929 710171
0 0.497337 0.30501 1.92832 710204
0 0.497579 0.29869 1.93305 710238
0 0.496271 0.290135 1.93008 710271
0 0.497356 0.282567 1.92876 710305
0 0.498907 0.273856 1.93156 710340
0 0.499756 0.265483 1.94007 710373
0 0.50069 0.260316 1.94792 710407
0 0.504148 0.254309 1.94971 710440
0 0.508377 0.247566 1.94827 710473
0 0.509366 0.243471 1.94616 710505
0 0.511221 0.236463 1.94287 710539
0 0.515593 0.229857 1.94438 710572
0 0.518529 0.225963 1.95015 710606
0 0.52015 0.223611 1.95393 710640

1 0.543359 0.200574 2.02846 711909
1 0.542467 0.199943 2.02499 711943
1 0.543975 0.198154 2.02664 711977
1 0.546147 0.19544 2.02803 712010
1 0.548305 0.193694 2.02859 712043
1 0.551513 0.194855 2.03368 712077
1 0.552941 0.196792 2.03352 712111
1 0.555913 0.195005 2.03288 712143
1 0.558993 0.193704 2.03137 712177
1 0.562364 0.192856 2.03293 712211
1 0.564324 0.19222 2.03435 712245
1 0.565321 0.19237 2.03607 712278
1 0.567562 0.19403 2.03853 712311
1 0.570485 0.194035 2.0378 712345
1 0.574109 0.192731 2.03674 712378
1 0.578964 0.194131 2.03655 712412
1 0.581016 0.195403 2.0375 712446
1 0.582689 0.196595 2.03848 712480
1 0.586607 0.194617 2.03903 712514
1 0.588984 0.192053 2.03805 712547
1 0.592151 0.191025 2.03942 712580
1 0.597396 0.19065 2.04265 712614
1 0.598273 0.192377 2.0437 712646
1 0.602479 0.190512 2.0439 712678
1 0.608034 0.190566 2.0497 712712
1 0.611556 0.19191 2.05093 712745
1 0.616101 0.192186 2.05658 712778
1 0.620257 0.19261 2.05534 712812
1 0.625504 0.198241 2.05038 712846
1 0.62955 0.201606 2.05291 712879
1 0.631902 0.204492 2.05292 712912
1 0.633513 0.205664 2.04976 712946
1 0.638315 0.208533 2.04866 712979
1 0.638224 0.214096 2.05483 713012
1 0.641178 0.218844 2.05193 713045
1 0.641699 0.223538 2.05685 713078
1 0.642821 0.226516 2.05952 713111
1 0.641698 0.2346 2.0561 713144
1 0.642921 0.241961 2.05301 713178
1 0.644362 0.247469 2.05546 713211
1 0.645226 0.253774 2.05029 713244
1 0.644887 0.260364 2.04817 713275
1 0.643058 0.270494 2.0489 713309
1 0.639402 0.277146 2.04882 713343
1 0.638015 0.284507 2.04251 713376
1 0.636303 0.29272 2.03897 713410
1 0.635196 0.299271 2.02988 713444
1 0.633236 0.308769 2.03055 713478
1 0.630611 0.319505 2.02333 713511
1 0.626636 0.324853 2.02249 713544
1 0.622539 0.332604 2.02321 713577
1 0.618087 0.340037 2.02286 713610
1 0.615234 0.348117 2.00844 713642
1 0.610349 0.353325 2.00226 713676
1 0.605512 0.360958 2.00146 713709
1 0.598399 0.364011 2.00125 713743
1 0.592666 0.368752 1.99855 713777
1 0.58311 0.373821 1.99527 713809
1 0.577282 0.376238 1.98796 713844
1 0.570024 0.378189 1.98586 713877
1 0.561772 0.379537 1.98063 713910
1 0.557754 0.377041 1.97894 713943
1 0.550128 0.374198 1.9707 713977
1 0.542892 0.371058 1.96962 714009
1 0.53828 0.368148 1.96843 714043
1 0.534945 0.360338 1.95997 714075
1 0.529999 0.356912 1.95516 714108
1 0.525353 0.352042 1.95124 714142
1 0.521877 0.345301 1.9471 714176
1 0.516743 0.337751 1.94608 714210
1 0.513527 0.330545 1.94658 714244
1 0.512649 0.325328 1.94991 714278
1 0.511998 0.315936 1.94919 714311
1 0.511611 0.305308 1.94343 714344
1 0.510346 0.298403 1.9453 714378
1 0.509345 0.290319 1.94897 714412
1 0.510083 0.283885 1.94865 714447
1 0.51067 0.275432 1.94744 714480
1 0.513082 0.268656 1.95275 714513
1 0.516011 0.263379 1.95542 714546
1 0.514942 0.258677 1.9531 714580
1 0.517479 0.249578 1.9519 714615
1 0.519343 0.244199 1.95427 714649
1 0.521383 0.238636 1.95679 714682
1 0.522985 0.233588 1.96229 714716
1 0.524262 0.230705 1.96561 714751
1 0.523593 0.226672 1.96604 714767
1 0.525628 0.225116 1.96984 714819
1 0.529611 0.221737 1.97239 714835
1 0.534704 0.219215 1.97324 714868
1 0.535302 0.218515 1.97528 714903
1 0.537709 0.213173 1.97861 714936
1 0.53901 0.20953 1.97841 714969
1 0.540794 0.205997 1.98194 715003
1 0.543383 0.203182 1.98283 715037
1 0.546697 0.201137 1.98353 715071
1 0.548337 0.199574 1.98713 715104
1 0.550513 0.197969 1.99145 715137
1 0.552217 0.200261 1.99084 715171
1 0.553202 0.200499 1.99725 715205

2 0.55873 0.23601 1.99173 716015
2 0.558869 0.236401 1.99081 716049
2 0.561184 0.23433 1.99386 716083
2 0.563131 0.23409 1.99354 716117
2 0.563997 0.232983 2.00093 716134
2 0.565827 0.22905 1.99504 716185
2 0.568213 0.225437 1.99672 716218
2 0.572544 0.226895 2.00568 716234
2 0.576595 0.225123 2.00417 716285
2 0.577679 0.223322 2.00124 716301
2 0.580079 0.221884 2.0045 716336
2 0.580892 0.222074 2.00097 716385
2 0.58414 0.22496 2.00889 716418
2 0.588975 0.223818 2.01067 716434
2 0.592105 0.221741 2.01495 716484
2 0.595473 0.223791 2.01944 716517
2 0.600356 0.226745 2.02225 716549
2 0.602227 0.228165 2.02603 716582
2 0.604452 0.228733 2.02844 716615
2 0.607296 0.22987 2.02853 716649
2 0.610898 0.232644 2.02663 716682
2 0.614728 0.231436 2.02788 716716
2 0.617673 0.237204 2.03004 716749
2 0.618364 0.241838 2.03231 716783
2 0.61952 0.24407 2.03336 716815
2 0.622305 0.246172 2.03154 716847
2 0.624298 0.249763 2.03451 716880
2 0.626282 0.255639 2.03377 716912
2 0.627455 0.259819 2.03703 716945
2 0.628168 0.266361 2.03322 716978
2 0.627385 0.274739 2.03541 717011
2 0.625913 0.280711 2.03545 717045
2 0.627015 0.286064 2.03409 717079
2 0.624271 0.293763 2.02853 717111
2 0.621688 0.299464 2.02753 717144
2 0.619384 0.309583 2.03137 717177
2 0.616886 0.319167 2.02781 717210
2 0.614105 0.321273 2.02214 717241
2 0.613643 0.325943 2.02144 717274
2 0.608614 0.33381 2.02273 717306
2 0.605817 0.339484 2.0166 717339
2 0.601336 0.344658 2.0158 717372
2 0.594207 0.349435 2.01163 717404
2 0.589066 0.354411 2.00894 717438
2 0.584149 0.358238 2.00647 717472
2 0.578405 0.362032 1.99978 717506
2 0.574271 0.364206 1.99672 717538
2 0.569186 0.363768 1.99365 717572
2 0.563496 0.365623 1.98951 717604
2 0.557195 0.365181 1.98567 717638
2 0.552652 0.364073 1.98309 717671
2 0.548289 0.363981 1.97948 717721
2 0.543847 0.36117 1.97293 717738
2 0.538699 0.356882 1.97035 717772
2 0.535824 0.352225 1.96789 717807
2 0.534977 0.348794 1.96846 717841
2 0.534181 0.345949 1.97121 717874
2 0.532104 0.341176 1.97277 717908
2 0.527823 0.336311 1.96945 717940
2 0.526537 0.329333 1.96688 717972
2 0.524058 0.32147 1.96501 718006
2 0.522731 0.315814 1.96521 718040
2 0.522188 0.31292 1.96831 718073
2 0.521828 0.306068 1.95824 718107
2 0.523116 0.298974 1.95916 718140
2 0.523201 0.29526 1.95555 718172
2 0.525855 0.289439 1.96237 718205
2 0.528052 0.28662 1.96549 718238
2 0.531105 0.279497 1.96665 718272
2 0.533793 0.276217 1.96418 718305
2 0.535755 0.27089 1.96877 718339
2 0.538193 0.266921 1.96544 718372
2 0.539279 0.264064 1.97136 718406
2 0.541108 0.261413 1.969 718439
2 0.544353 0.257601 1.97015 718473
2 0.546824 0.255473 1.97405 718507
2 0.550222 0.250309 1.98137 718541
2 0.551067 0.247454 1.98252 718575
2 0.552591 0.244977 1.98288 718609
2 0.552202 0.241525 1.98432 718642
2 0.55514 0.242157 1.9827 718677
2 0.559438 0.238747 1.98512 718710
2 0.561865 0.237992 1.98741 718743
2 0.564178 0.238331 1.99176 718776

3 0.579583 0.268732 2.00552 719821
3 0.579674 0.268568 2.00359 719838
3 0.579381 0.268412 2.00336 719873
3 0.580968 0.264528 1.99947 719907
3 0.581121 0.26119 2.00078 719941
3 0.583765 0.259352 1.99988 719975
3 0.58541 0.257362 2.00294 720008
3 0.58788 0.254201 2.00578 720042
3 0.592598 0.254286 2.01038 720076
3 0.595594 0.256009 2.01195 720110
3 0.597009 0.260286 2.01448 720144
3 0.59784 0.263459 2.01396 720177
3 0.60078 0.265316 2.02035 720210
3 0.60249 0.267802 2.01979 720242
3 0.603514 0.268604 2.02006 720276
3 0.604643 0.26765 2.02005 720310
3 0.606993 0.270152 2.02333 720344
3 0.607649 0.271885 2.02011 720376
3 0.609508 0.27858 2.02406 720410
3 0.612112 0.281901 2.02607 720441
3 0.611611 0.286311 2.02464 720476
3 0.611596 0.288619 2.0285 720508
3 0.611525 0.291998 2.02561 720556
3 0.610551 0.298209 2.01954 720590
3 0.609762 0.301406 2.02063 720607
3 0.609124 0.305343 2.02322 720656
3 0.608046 0.309426 2.02217 720673
3 0.605208 0.315595 2.01716 720707
3 0.601083 0.321535 2.01555 720741
3 0.599181 0.324952 2.01096 720775
3 0.595067 0.325554 2.01083 720808
3 0.592902 0.33159 2.00866 720858
3 0.590466 0.336807 2.00187 720874
3 0.587723 0.339085 2.00262 720909
3 0.584466 0.340595 2.00198 720942
3 0.579838 0.342414 1.99885 720975
3 0.576985 0.343483 1.9949 721008
3 0.572939 0.346156 1.99523 721041
3 0.569881 0.346556 1.99015 721073
3 0.566516 0.346216 1.98689 721107
3 0.563405 0.346153 1.98242 721140
3 0.558128 0.347216 1.98398 721173
3 0.554619 0.347869 1.98382 721207
3 0.551605 0.346717 1.98073 721257
3 0.550802 0.347418 1.97834 721273
3 0.549244 0.345082 1.9725 721322
3 0.545958 0.340214 1.9704 721356
3 0.541794 0.334669 1.96597 721372
3 0.541106 0.332331 1.96709 721421
3 0.537004 0.329915 1.95845 721454
3 0.535074 0.327283 1.95159 721488
3 0.537231 0.321806 1.95752 721522
3 0.53798 0.318519 1.9635 721556
3 0.5386 0.31377 1.96606 721572
3 0.53676 0.311255 1.96374 721622
3 0.538269 0.30896 1.96429 721654
3 0.53904 0.305301 1.9684 721688
3 0.539674 0.300727 1.96959 721722
3 0.542526 0.298467 1.96607 721755
3 0.544524 0.296286 1.96754 721788
3 0.546995 0.293751 1.97056 721822
3 0.548899 0.28675 1.96693 721856
3 0.550198 0.281389 1.97046 721873
3 0.552082 0.279821 1.97173 721923
3 0.552523 0.279381 1.97263 721955
3 0.555657 0.27767 1.97126 721988
3 0.558881 0.274982 1.97407 722021
3 0.561696 0.274002 1.97669 722053
3 0.562734 0.273785 1.97539 722087
3 0.566015 0.270227 1.98125 722120
3 0.567839 0.269777 1.98374 722153
3 0.570132 0.270905 1.98527 722185
3 0.573343 0.267845 1.98379 722220
3 0.576455 0.263663 1.98581 722252
3 0.579396 0.261627 1.98585 722286
3 0.581056 0.259675 1.98993 722321
3 0.582574 0.259223 1.99191 722355
3 0.584398 0.258694 1.99342 722389
3 0.586712 0.256209 1.99207 722421
3 0.589748 0.255914 1.98759 722454

4 0.509812 0.234368 1.98571 724117
4 0.508908 0.23489 1.98507 724151
4 0.509973 0.234254 1.984 724185
4 0.510875 0.232849 1.98735 724219
4 0.512444 0.229164 1.98098 724251
4 0.514998 0.225702 1.97853 724284
4 0.517921 0.222308 1.98001 724319
4 0.521452 0.219475 1.9801 724352
4 0.525756 0.218918 1.97807 724386
4 0.530182 0.216689 1.98309 724420
4 0.534969 0.212221 1.984 724453
4 0.538281 0.207387 1.98577 724486
4 0.544094 0.202921 1.985 724519
4 0.546701 0.200509 1.98563 724552
4 0.551928 0.198736 1.9948 724584
4 0.555084 0.194868 1.98938 724617
4 0.560411 0.187363 1.99459 724649
4 0.565079 0.185305 1.99987 724682
4 0.573793 0.183607 2.00977 724714
4 0.578774 0.183723 2.0089 724748
4 0.584064 0.181635 2.00691 724782
4 0.587817 0.178913 2.01044 724815
4 0.593145 0.178927 2.01877 724847
4 0.598705 0.177815 2.01611 724880
4 0.604399 0.178624 2.01543 724912
4 0.609492 0.181894 2.02815 724945
4 0.614338 0.187222 2.03323 724978
4 0.61926 0.189083 2.0379 725012
4 0.625506 0.190511 2.03965 725045
4 0.631489 0.191855 2.04322 725078
4 0.637337 0.197374 2.04445 725127
4 0.64175 0.201122 2.04834 725160
4 0.645209 0.204162 2.04816 725176
4 0.64945 0.207177 2.05448 725227
4 0.65043 0.21474 2.05577 725244
4 0.655002 0.223938 2.05131 725278
4 0.6566 0.233187 2.05782 725326
4 0.659001 0.241701 2.06108 725360
4 0.662215 0.251108 2.06484 725376
4 0.663419 0.257109 2.0628 725427
4 0.665173 0.269103 2.06467 725444
4 0.665082 0.276046 2.06588 725476
4 0.664036 0.286061 2.06891 725526
4 0.663908 0.295511 2.06192 725543
4 0.662404 0.303357 2.06214 725578
4 0.659374 0.313418 2.06083 725611
4 0.65645 0.321452 2.06126 725645
4 0.652933 0.330588 2.04974 725680
4 0.649068 0.338944 2.04016 725713
4 0.646634 0.346893 2.03574 725748
4 0.639379 0.355113 2.04004 725781
4 0.632559 0.36359 2.04226 725814
4 0.625932 0.370836 2.03812 725848
4 0.620174 0.37747 2.03464 725882
4 0.613797 0.382136 2.03102 725916
4 0.606557 0.384379 2.02498 725950
4 0.601352 0.387884 2.01764 725984
4 0.59511 0.391996 2.01801 726018
4 0.586594 0.397109 2.01902 726051
4 0.580035 0.399304 2.01161 726085
4 0.573509 0.399961 2.00106 726118
4 0.566036 0.400978 1.99515 726150
4 0.560327 0.403376 1.99379 726184
4 0.553011 0.403483 1.98573 726218
4 0.545948 0.404389 1.98065 726250
4 0.540538 0.403129 1.97819 726284
4 0.535367 0.402853 1.97328 726318
4 0.52813 0.401827 1.97115 726353
4 0.523969 0.400549 1.97153 726386
4 0.518297 0.396669 1.96753 726420
4 0.512222 0.392437 1.96088 726453
4 0.509258 0.388574 1.95802 726487
4 0.506734 0.385623 1.95708 726521
4 0.501881 0.380247 1.95187 726555
4 0.497514 0.37357 1.95356 726588
4 0.496071 0.368344 1.9504 726622
4 0.494916 0.359469 1.94418 726655
4 0.495557 0.352143 1.94302 726689
4 0.494511 0.34629 1.94239 726721
4 0.494117 0.340533 1.94321 726755
4 0.494014 0.331913 1.9387 726789
4 0.493968 0.323842 1.93808 726824
4 0.494247 0.31919 1.93608 726857
4 0.495994 0.314663 1.93358 726890
4 0.495688 0.30674 1.93445 726925
4 0.496474 0.300598 1.93377 726958
4 0.497559 0.293725 1.93507 726991
4 0.499303 0.287832 1.93754 727024
4 0.500718 0.282056 1.93691 727057
4 0.503892 0.279429 1.93295 727091
4 0.504496 0.273704 1.92882 727125
4 0.505549 0.267701 1.93222 727159
4 0.507504 0.263074 1.93187 727193
4 0.510544 0.261179 1.94127 727226
4 0.513578 0.260345 1.94735 727260
4 0.515033 0.256633 1.94561 727293
4 0.517504 0.250237 1.9406 727326
4 0.519557 0.246084 1.93815 727360
4 0.520154 0.243729 1.93708 727393
4 0.521813 0.241271 1.93889 727426
4 0.523122 0.239638 1.9435 727460

5 0.308408 0.271538 2.09307 731751
5 0.311846 0.268579 2.08936 731785
5 0.313431 0.266599 2.09418 731818
5 0.315806 0.26455 2.0904 731850
5 0.318363 0.261637 2.08672 731883
5 0.319625 0.259287 2.08757 731916
5 0.323737 0.251662 2.08532 731965
5 0.328265 0.247927 2.08261 731997
5 0.331729 0.238158 2.07971 732030
5 0.336521 0.228789 2.07413 732063
5 0.342508 0.22055 2.06974 732095
5 0.348118 0.21403 2.06492 732127
5 0.355708 0.208368 2.06665 732161
5 0.361796 0.204821 2.06708 732194
5 0.370402 0.196853 2.06433 732228
5 0.374777 0.19261 2.05972 732262
5 0.382677 0.188185 2.06278 732296
5 0.391382 0.186954 2.06427 732330
5 0.398055 0.184346 2.07195 732363
5 0.402719 0.184825 2.07015 732396
5 0.40976 0.184936 2.07019 732428
5 0.416216 0.189675 2.0784 732460
5 0.424767 0.193855 2.08354 732494
5 0.432418 0.198858 2.09428 732528
5 0.437081 0.203994 2.08863 732563
5 0.441839 0.209361 2.09014 732596
5 0.444853 0.219826 2.10029 732628
5 0.446767 0.228074 2.10317 732660
5 0.449362 0.234791 2.10573 732692
5 0.450738 0.244033 2.10722 732724
5 0.450039 0.257379 2.10752 732757
5 0.451571 0.267788 2.10924 732790
5 0.451655 0.274706 2.10905 732823
5 0.45022 0.283201 2.11138 732856
5 0.449591 0.290156 2.09917 732890
5 0.45011 0.299735 2.09762 732922
5 0.444678 0.308727 2.1066 732954
5 0.438129 0.321088 2.10743 732986
5 0.43203 0.327865 2.10656 733018
5 0.426321 0.340062 2.10241 733052
5 0.421291 0.348831 2.09332 733085
5 0.414136 0.359763 2.09448 733118
5 0.409268 0.365943 2.0892 733151
5 0.400307 0.371701 2.07916 733202
5 0.391406 0.38002 2.07403 733218
5 0.38432 0.385444 2.07179 733252
5 0.377361 0.390413 2.07076 733285
5 0.368452 0.395813 2.07778 733319
5 0.357926 0.398779 2.07438 733352
5 0.348002 0.401359 2.07139 733385
5 0.340365 0.400857 2.07241 733419
5 0.333601 0.401499 2.0708 733453
5 0.327617 0.399185 2.06605 733488
5 0.321272 0.393292 2.0595 733522
5 0.316294 0.387597 2.05597 733555
5 0.311916 0.382092 2.05641 733588
5 0.311116 0.378091 2.05309 733622
5 0.309505 0.370624 2.0507 733655
5 0.306325 0.362802 2.04807 733689
5 0.302245 0.35353 2.04104 733721
5 0.301775 0.34261 2.03753 733754
5 0.304681 0.333567 2.0373 733788
5 0.303961 0.327092 2.0352 733822
5 0.305194 0.317897 2.03198 733856
5 0.307333 0.312246 2.02931 733890
5 0.308934 0.308414 2.03146 733923
5 0.311272 0.301443 2.03434 733956
5 0.316558 0.293872 2.03681 733989
5 0.318779 0.285423 2.03496 734023
5 0.321762 0.277207 2.03299 734057
5 0.323396 0.271589 2.03603 734090
5 0.326353 0.262954 2.03557 734123
5 0.331344 0.255045 2.03857 734156
5 0.334553 0.250649 2.03897 734189
5 0.33575 0.244658 2.03924 734223
5 0.338352 0.240658 2.04295 734256
5 0.342812 0.236367 2.04434 734290
5 0.346129 0.231428 2.0479 734323

6 0.345831 0.275829 2.1142 740268
6 0.346833 0.274417 2.11538 740302
6 0.347877 0.273594 2.11554 740336
6 0.349313 0.265648 2.11376 740369
6 0.35383 0.26068 2.11371 740401
6 0.356549 0.258495 2.11424 740435
6 0.359088 0.249921 2.11378 740469
6 0.361792 0.243506 2.11064 740502
6 0.365733 0.235028 2.10873 740535
6 0.370912 0.227332 2.10791 740567
6 0.375146 0.223767 2.10008 740601
6 0.378694 0.215835 2.0977 740635
6 0.383585 0.208512 2.10324 740669
6 0.393511 0.202911 2.10425 740703
6 0.399319 0.200603 2.10511 740736
6 0.406854 0.198711 2.11388 740769
6 0.413587 0.198586 2.11213 740802
6 0.417138 0.198692 2.11255 740835
6 0.423466 0.19934 2.11581 740869
6 0.428801 0.205784 2.11888 740903
6 0.436122 0.210177 2.12197 740937
6 0.441714 0.21233 2.11963 740970
6 0.444102 0.219939 2.12637 741003
6 0.447591 0.227505 2.12422 741037
6 0.44988 0.233637 2.12239 741071
6 0.452477 0.24 2.12448 741105
6 0.455058 0.24779 2.12521 741139
6 0.457701 0.257791 2.13465 741156
6 0.458029 0.267031 2.13207 741207
6 0.457732 0.277496 2.13016 741224
6 0.454918 0.284903 2.13254 741258
6 0.452965 0.290188 2.13193 741292
6 0.4523 0.295121 2.13164 741326
6 0.44807 0.304762 2.1249 741360
6 0.444433 0.312192 2.12563 741392
6 0.439784 0.321559 2.11865 741426
6 0.433936 0.328176 2.1155 741459
6 0.427655 0.331811 2.10936 741493
6 0.424489 0.336539 2.10492 741527
6 0.419509 0.34428 2.10109 741561
6 0.41201 0.348616 2.09994 741594
6 0.407889 0.35192 2.1004 741628
6 0.400103 0.354228 2.09454 741662
6 0.391896 0.359339 2.08576 741694
6 0.385462 0.364547 2.08589 741728
6 0.381457 0.367814 2.08999 741762
6 0.374728 0.369896 2.08814 741794
6 0.36886 0.371559 2.08333 741828
6 0.365381 0.37161 2.08626 741862
6 0.359346 0.369777 2.08343 741896
6 0.353949 0.370405 2.08443 741928
6 0.350518 0.364982 2.07841 741962
6 0.348991 0.362346 2.07575 741996
6 0.344475 0.359126 2.06907 742030
6 0.340423 0.357287 2.06291 742064
6 0.339025 0.35261 2.06075 742098
6 0.337846 0.344567 2.06158 742132
6 0.338241 0.339963 2.06017 742166
6 0.339696 0.332242 2.05983 742197
6 0.340638 0.324496 2.04637 742231
6 0.344003 0.31949 2.04981 742264
6 0.346626 0.310645 2.05385 742297
6 0.348222 0.3062 2.0558 742330
6 0.349032 0.29747 2.05865 742362
6 0.349991 0.290857 2.05641 742396
6 0.353874 0.284185 2.05282 742429
6 0.354604 0.277822 2.05267 742462
6 0.35869 0.270492 2.05363 742495
6 0.363442 0.265356 2.05238 742527
6 0.363653 0.26318 2.05602 742561
6 0.364127 0.255572 2.05602 742594
6 0.365349 0.249353 2.056 742627
6 0.368143 0.246959 2.05495 742660
6 0.37124 0.237997 2.0562 742693

7 0.26901 0.259071 2.10761 745237
7 0.271226 0.25768 2.11139 745271
7 0.273145 0.257308 2.11102 745305
7 0.274494 0.256606 2.10655 745338
7 0.275576 0.247895 2.10503 745371
7 0.27644 0.242307 2.10046 745404
7 0.281452 0.232873 2.10138 745438
7 0.286526 0.225588 2.10031 745472
7 0.291896 0.215482 2.09738 745506
7 0.29827 0.206986 2.09793 745539
7 0.304702 0.198199 2.09246 745573
7 0.312587 0.189001 2.09089 745607
7 0.32216 0.179529 2.08433 745641
7 0.329759 0.171428 2.08162 745675
7 0.338008 0.166592 2.0871 745708
7 0.346035 0.162561 2.08778 745742
7 0.353618 0.156467 2.08687 745776
7 0.360461 0.155626 2.09199 745810
7 0.369647 0.153414 2.09849 745827
7 0.376404 0.151521 2.09547 745877
7 0.381751 0.149753 2.09899 745895
7 0.388589 0.151914 2.09898 745927
7 0.396506 0.154842 2.10231 745978
7 0.401847 0.157239 2.10082 745995
7 0.408531 0.159753 2.09915 746028
7 0.413936 0.166961 2.1031 746063
7 0.419387 0.175401 2.10559 746096
7 0.426392 0.184892 2.10888 746129
7 0.430773 0.190816 2.10986 746162
7 0.435132 0.197447 2.10975 746196
7 0.436359 0.20884 2.11263 746229
7 0.441575 0.219271 2.11608 746262
7 0.443038 0.229923 2.1124 746296
7 0.445086 0.240482 2.11253 746330
7 0.445175 0.250214 2.11161 746362
7 0.445993 0.261142 2.11063 746396
7 0.446563 0.275118 2.11113 746430
7 0.443538 0.286878 2.11231 746462
7 0.441704 0.298266 2.11025 746496
7 0.441088 0.307033 2.11688 746546
7 0.437726 0.319021 2.11544 746563
7 0.435248 0.326302 2.11286 746596
7 0.428574 0.337981 2.11058 746630
7 0.423336 0.345951 2.10736 746664
7 0.419276 0.353373 2.10663 746698
7 0.413116 0.362963 2.10498 746730
7 0.407114 0.370325 2.10316 746763
7 0.40223 0.38058 2.10781 746796
7 0.396149 0.385998 2.1032 746845
7 0.386646 0.388691 2.0996 746879
7 0.380466 0.39084 2.09858 746895
7 0.371666 0.391689 2.09642 746945
7 0.36659 0.391667 2.0959 746961
7 0.357128 0.392301 2.09386 746994
7 0.3478 0.390664 2.08642 747045
7 0.340052 0.385917 2.08079 747062
7 0.331963 0.383438 2.07717 747096
7 0.325557 0.379288 2.07976 747130
7 0.319618 0.373277 2.06858 747162
7 0.315303 0.36813 2.06241 747196
7 0.311289 0.362587 2.06155 747231
7 0.305102 0.35778 2.06257 747265
7 0.300352 0.349549 2.06059 747300
7 0.297756 0.34373 2.05949 747334
7 0.293436 0.334799 2.05951 747367
7 0.290683 0.328894 2.05521 747401
7 0.28776 0.321061 2.05397 747435
7 0.287405 0.313554 2.05225 747469
7 0.285997 0.304815 2.04739 747503
7 0.287141 0.296379 2.04572 747536
7 0.286 0.290552 2.04487 747569
7 0.286157 0.282309 2.04227 747604
7 0.285508 0.273885 2.04239 747637
7 0.286768 0.265111 2.04384 747671
7 0.287967 0.257662 2.04698 747706
7 0.28778 0.251068 2.04381 747739
7 0.290907 0.241087 2.04358 747773
7 0.29246 0.235243 2.04491 747806
7 0.295347 0.227611 2.04411 747840
7 0.296774 0.219414 2.04181 747874
7 0.297413 0.213207 2.0448 747908

8 0.409188 0.249512 2.05323 749601
8 0.405097 0.243472 2.04194 749634
8 0.403272 0.235344 2.03582 749668
8 0.400973 0.231649 2.03067 749702
8 0.401976 0.222001 2.02321 749734
8 0.402441 0.216356 2.01346 749767
8 0.406386 0.20764 2.00662 749800
8 0.408195 0.198189 2.00477 749832
8 0.411291 0.190117 1.99528 749865
8 0.413227 0.184312 1.9901 749899
8 0.415677 0.177462 1.98326 749933
8 0.42045 0.170952 1.98157 749966
8 0.423042 0.162724 1.98219 749999
8 0.430206 0.154483 1.98382 750050
8 0.433793 0.146162 1.98259 750066
8 0.43722 0.13894 1.97912 750099
8 0.439719 0.134336 1.97279 750148
8 0.446346 0.131003 1.97224 750165
8 0.450032 0.129764 1.97481 750197
8 0.458536 0.127995 1.97853 750246
8 0.463375 0.127263 1.98222 750279
8 0.471382 0.12645 1.98403 750312
8 0.476654 0.126268 1.9858 750345
8 0.48418 0.12562 1.99054 750380
8 0.490509 0.126137 1.9905 750397
8 0.497866 0.133155 1.98694 750447
8 0.505998 0.139516 1.98828 750480
8 0.510986 0.147149 1.99313 750497
8 0.516416 0.153361 1.99271 750548
8 0.52284 0.162729 1.99447 750564
8 0.528862 0.168917 1.99923 750598
8 0.536149 0.178848 2.00611 750648
8 0.539711 0.189274 2.00644 750665
8 0.544067 0.199541 2.00975 750699
8 0.548409 0.21376 2.01388 750733
8 0.552634 0.225288 2.0146 750767
8 0.555737 0.236319 2.01336 750801
8 0.557007 0.247005 2.01023 750833
8 0.557616 0.260339 2.00893 750866
8 0.555868 0.274297 2.00413 750898
8 0.555841 0.283761 2.00046 750948
8 0.552767 0.295318 1.99576 750965
8 0.54847 0.307877 1.995 750997
8 0.541349 0.317417 1.98939 751046
8 0.534791 0.328992 1.98414 751079
8 0.527189 0.337674 1.96852 751114
8 0.52005 0.343412 1.95675 751147
8 0.513367 0.351778 1.9465 751164
8 0.504285 0.357619 1.95122 751215
8 0.49551 0.36524 1.95212 751248
8 0.485921 0.373621 1.9481 751265
8 0.47495 0.378987 1.94729 751315
8 0.466253 0.381227 1.94269 751332
8 0.456457 0.385165 1.9388 751366
8 0.447836 0.385795 1.93534 751416
8 0.43797 0.384988 1.92703 751433
8 0.43134 0.380573 1.92159 751466
8 0.423575 0.376811 1.91524 751500
8 0.418823 0.373558 1.91257 751534
8 0.412533 0.36798 1.90666 751568
8 0.407428 0.362624 1.9032 751601
8 0.404759 0.356687 1.90003 751634
8 0.400954 0.347855 1.8987 751668
8 0.397715 0.337656 1.89984 751701
8 0.395195 0.327595 1.89615 751736
8 0.394767 0.320493 1.89365 751770
8 0.394108 0.310139 1.89064 751804
8 0.393638 0.301319 1.88986 751837
8 0.39358 0.291781 1.88767 751870
8 0.39185 0.280873 1.88753 751903
8 0.391936 0.272577 1.8895 751936
8 0.393023 0.264061 1.8879 751970
8 0.394124 0.255029 1.88755 752004
8 0.396763 0.245853 1.8977 752036
8 0.398616 0.235032 1.89596 752069
8 0.399825 0.226731 1.89668 752102
8 0.402277 0.218846 1.89818 752137
8 0.404997 0.213183 1.89896 752170
8 0.407206 0.207003 1.89621 752203
8 0.408497 0.202819 1.89249 752237

9 0.427235 0.24051 1.94736 753513
9 0.428614 0.239918 1.94243 753546
9 0.431216 0.235467 1.93927 753579
9 0.434242 0.232147 1.94083 753612
9 0.438387 0.228043 1.94036 753645
9 0.43971 0.220657 1.9384 753678
9 0.441392 0.214439 1.935 753711
9 0.442999 0.210126 1.93302 753743
9 0.448613 0.201759 1.93409 753776
9 0.451657 0.196203 1.93548 753809
9 0.454473 0.192413 1.93394 753843
9 0.458425 0.186005 1.93344 753876
9 0.462694 0.17959 1.9378 753908
9 0.469317 0.175644 1.93827 753941
9 0.474122 0.174205 1.93641 753974
9 0.48143 0.172883 1.9379 754007
9 0.487647 0.171873 1.93909 754040
9 0.491658 0.171597 1.94016 754073
9 0.494185 0.171485 1.93873 754106
9 0.497735 0.172154 1.94152 754138
9 0.504931 0.174139 1.94125 754171
9 0.508298 0.175601 1.93829 754206
9 0.51485 0.18074 1.93709 754240
9 0.517571 0.183243 1.93986 754272
9 0.521945 0.187259 1.94667 754305
9 0.524238 0.196813 1.94761 754339
9 0.525548 0.202963 1.9505 754372
9 0.52838 0.211871 1.94652 754406
9 0.529772 0.218507 1.95209 754440
9 0.533287 0.227486 1.95427 754472
9 0.5346 0.234196 1.94716 754506
9 0.535656 0.238653 1.95048 754539
9 0.534752 0.247266 1.94417 754571
9 0.53196 0.258219 1.95042 754605
9 0.529576 0.269695 1.94805 754638
9 0.528235 0.280076 1.94564 754672
9 0.526254 0.289189 1.94251 754705
9 0.522136 0.300824 1.93588 754738
9 0.517673 0.308791 1.93689 754770
9 0.515002 0.318338 1.93421 754804
9 0.510508 0.326032 1.93045 754837
9 0.505222 0.332098 1.92878 754870
9 0.500422 0.339504 1.92599 754920
9 0.495454 0.345387 1.92488 754937
9 0.488648 0.348423 1.92142 754972
9 0.481903 0.353806 1.92272 755005
9 0.476187 0.356459 1.92102 755039
9 0.471761 0.361077 1.91931 755072
9 0.465588 0.362565 1.9161 755106
9 0.459641 0.365107 1.91593 755138
9 0.452239 0.366015 1.91216 755172
9 0.445749 0.367204 1.91166 755206
9 0.439155 0.365575 1.90915 755238
9 0.43385 0.361085 1.90578 755272
9 0.430397 0.357051 1.90478 755306
9 0.424479 0.354284 1.89822 755341
9 0.419826 0.346437 1.89425 755374
9 0.417326 0.341257 1.89508 755408
9 0.414934 0.333985 1.89533 755441
9 0.410818 0.326287 1.89281 755474
9 0.40846 0.31897 1.88944 755509
9 0.407745 0.312581 1.88884 755542
9 0.407174 0.305761 1.88566 755576
9 0.406491 0.299746 1.88662 755610
9 0.40631 0.291494 1.88433 755644
9 0.407149 0.282607 1.88492 755677
9 0.408997 0.27631 1.88484 755710
9 0.41202 0.271595 1.88491 755744
9 0.413802 0.262608 1.89057 755778
9 0.415276 0.257022 1.88733 755811
9 0.417624 0.248829 1.88953 755846
9 0.419408 0.242979 1.88914 755879
9 0.423878 0.237447 1.88979 755912
9 0.426553 0.229877 1.88822 755945
9 0.430238 0.225579 1.89263 755979
9 0.432491 0.2211 1.89793 756013
9 0.435252 0.214009 1.89919 756047
9 0.439339 0.211399 1.90304 756080
9 0.441179 0.205421 1.90393 756113
9 0.443526 0.201727 1.91093 756147
9 0.449012 0.198225 1.91211 756181
9 0.451783 0.196231 1.91412 756215

