Gesto: 0
0 0.493829 0.192065 1.85146 287304
0 0.49343 0.193338 1.8494 287338
0 0.494276 0.193668 1.84936 287372
0 0.495282 0.191999 1.85007 287405
0 0.495227 0.193069 1.84592 287438
0 0.495247 0.193356 1.84831 287473
0 0.495266 0.194273 1.84595 287507
0 0.495291 0.194581 1.84488 287541
0 0.495729 0.192508 1.84697 287574
0 0.495863 0.190958 1.84879 287608
0 0.495923 0.190951 1.84534 287640
0 0.496528 0.190942 1.84364 287674
0 0.496766 0.191363 1.84075 287708
0 0.496725 0.190401 1.84015 287742
0 0.496771 0.190154 1.84395 287776
0 0.497382 0.189522 1.84215 287809
0 0.497623 0.189141 1.83988 287842
0 0.498842 0.188322 1.83604 287876
0 0.500319 0.186314 1.83924 287893
0 0.503318 0.18745 1.83653 287944
0 0.505109 0.188668 1.83415 287961
0 0.506743 0.190121 1.83059 288009
0 0.508551 0.189993 1.8308 288043
0 0.508583 0.190501 1.83272 288076
0 0.508649 0.191072 1.83281 288093
0 0.508691 0.191143 1.83393 288141
0 0.508778 0.191444 1.8344 288176
0 0.508725 0.192155 1.83131 288192
0 0.50852 0.192632 1.82941 288244
0 0.508495 0.19246 1.83076 288277
0 0.509521 0.19107 1.83195 288294
0 0.51294 0.190169 1.83701 288346
0 0.516348 0.189963 1.83904 288362
0 0.51747 0.192459 1.83672 288395
0 0.515749 0.195235 1.83311 288429
0 0.517021 0.195361 1.83412 288462
0 0.515876 0.195796 1.8327 288494
0 0.517014 0.19556 1.83321 288544
0 0.517688 0.195386 1.83535 288577
0 0.518038 0.195671 1.83458 288594
0 0.519645 0.199758 1.83518 288645
0 0.519358 0.199474 1.83265 288661
0 0.520332 0.202509 1.83294 288712
0 0.520923 0.204676 1.83518 288746
0 0.521318 0.206093 1.83683 288761
0 0.520481 0.207276 1.83261 288811
0 0.520209 0.207695 1.82983 288844
0 0.519286 0.209297 1.83248 288876
0 0.520417 0.214467 1.83787 288910
0 0.521178 0.218867 1.83921 288942
0 0.521648 0.221473 1.83871 288976
0 0.521724 0.222695 1.84025 289010
0 0.521845 0.223432 1.8395 289043
0 0.521865 0.223671 1.83913 289077
0 0.520767 0.223269 1.83954 289109
0 0.520067 0.222914 1.84069 289142
0 0.516221 0.222511 1.83654 289175
0 0.5174 0.221778 1.84006 289209
0 0.517622 0.224305 1.84058 289244
0 0.516043 0.226309 1.83968 289260
0 0.515677 0.230332 1.84238 289311
0 0.513938 0.233508 1.84522 289343
0 0.512757 0.235643 1.84542 289377
0 0.512254 0.236564 1.84581 289410
0 0.510466 0.237758 1.84747 289444
0 0.510497 0.237998 1.84633 289461
0 0.509431 0.238237 1.84862 289509
0 0.509064 0.238372 1.85139 289541
0 0.508629 0.238836 1.85233 289575
0 0.508614 0.239402 1.85313 289608
0 0.507781 0.239689 1.85222 289643
0 0.505743 0.239637 1.85267 289676
0 0.506043 0.238908 1.85627 289710
0 0.505138 0.238675 1.85977 289743
0 0.503905 0.237847 1.8584 289761
0 0.501887 0.23782 1.8552 289811
0 0.499329 0.238352 1.85418 289844
0 0.497794 0.23812 1.85795 289877
0 0.496851 0.238247 1.8604 289911
0 0.496466 0.238942 1.85927 289945
0 0.496469 0.239046 1.85849 289979
0 0.496509 0.238871 1.85824 290012
0 0.496459 0.238257 1.86019 290030
0 0.496309 0.23821 1.86065 290079
0 0.496147 0.238146 1.86041 290111
0 0.495034 0.2344 1.85757 290128
0 0.495501 0.235366 1.8576 290177
0 0.495954 0.236292 1.85937 290211
0 0.49499 0.232943 1.8615 290244
0 0.492478 0.229837 1.86198 290278
0 0.494213 0.226167 1.86048 290312
0 0.493585 0.225563 1.8607 290330
0 0.49479 0.223699 1.86083 290379
0 0.493727 0.223826 1.86412 290412
0 0.491696 0.220964 1.86392 290429
0 0.493478 0.220186 1.86516 290480
0 0.493741 0.220056 1.86592 290497
0 0.494795 0.220291 1.86473 290532
0 0.495374 0.22046 1.86503 290565
0 0.4939 0.216422 1.86481 290598
0 0.492887 0.212921 1.86493 290631

1 0.569135 0.191335 1.91103 321137
1 0.569034 0.190814 1.90982 321172
1 0.568526 0.191143 1.90981 321188
1 0.571993 0.192755 1.90771 321238
1 0.574116 0.194324 1.90638 321271
1 0.575582 0.19134 1.90507 321288
1 0.577173 0.188295 1.90554 321340
1 0.576936 0.186718 1.90392 321356
1 0.578259 0.18574 1.90436 321389
1 0.580035 0.185819 1.90407 321424
1 0.581691 0.185716 1.9018 321458
1 0.583596 0.184916 1.90305 321491
1 0.585496 0.182217 1.90428 321524
1 0.58903 0.182172 1.90712 321556
1 0.5898 0.182253 1.91105 321590
1 0.59104 0.186156 1.91 321640
1 0.595409 0.189583 1.9142 321657
1 0.597384 0.194558 1.91109 321690
1 0.598983 0.200737 1.91444 321738
1 0.598281 0.206941 1.91554 321771
1 0.598864 0.211882 1.91965 321788
1 0.596935 0.218352 1.91952 321838
1 0.595348 0.224508 1.92367 321856
1 0.593345 0.228362 1.92854 321889
1 0.591821 0.234777 1.93322 321940
1 0.593136 0.241203 1.93922 321956
1 0.591845 0.249927 1.94198 321990
1 0.5869 0.255042 1.93851 322039
1 0.581959 0.258888 1.93704 322056
1 0.578408 0.260743 1.93462 322106
1 0.574677 0.263153 1.93205 322139
1 0.569003 0.264054 1.93037 322156
1 0.566226 0.264561 1.92828 322205
1 0.564874 0.26454 1.92675 322238
1 0.563011 0.264376 1.92539 322270
1 0.562052 0.260518 1.92593 322303
1 0.560924 0.257634 1.92506 322336
1 0.558514 0.253539 1.92246 322369
1 0.556538 0.24582 1.92388 322402
1 0.556094 0.242007 1.92284 322436
1 0.553242 0.236996 1.92357 322469
1 0.553047 0.23206 1.92323 322502
1 0.552982 0.225983 1.92382 322535
1 0.552836 0.222966 1.91913 322570
1 0.556224 0.219178 1.91681 322603
1 0.556808 0.219033 1.91918 322636
1 0.555131 0.211318 1.91939 322670
1 0.556728 0.205181 1.92016 322702
1 0.557374 0.201771 1.91976 322736
1 0.557576 0.199915 1.91793 322768
1 0.560361 0.196751 1.92151 322800
1 0.561853 0.195322 1.92059 322835
1 0.562695 0.19413 1.92179 322867
1 0.565439 0.191776 1.92296 322900
1 0.56838 0.194591 1.92243 322932
1 0.570895 0.194585 1.92287 322966
1 0.570272 0.19174 1.92401 322999
1 0.572523 0.190558 1.92884 323032
1 0.574768 0.191563 1.92592 323066
1 0.575059 0.190396 1.9338 323099
1 0.574965 0.190694 1.93319 323133
1 0.575957 0.191943 1.92785 323167

2 0.63511 0.183058 1.91174 324462
2 0.634401 0.182002 1.91522 324496
2 0.634841 0.182864 1.91289 324531
2 0.636413 0.181745 1.91534 324564
2 0.636955 0.181439 1.91304 324598
2 0.638163 0.181767 1.91296 324631
2 0.638792 0.182626 1.91066 324664
2 0.639677 0.181179 1.90744 324697
2 0.642994 0.180836 1.91249 324731
2 0.646232 0.182193 1.91214 324764
2 0.648816 0.182121 1.91249 324798
2 0.652716 0.186573 1.91467 324831
2 0.653952 0.189677 1.91731 324864
2 0.657739 0.193322 1.92198 324898
2 0.659797 0.196254 1.92412 324932
2 0.662962 0.202355 1.9198 324964
2 0.664523 0.206425 1.91772 324999
2 0.664016 0.211032 1.91811 325032
2 0.664439 0.218058 1.91945 325064
2 0.661629 0.225204 1.92172 325098
2 0.66035 0.230337 1.92356 325132
2 0.659396 0.23779 1.92251 325163
2 0.656258 0.241462 1.9257 325197
2 0.654279 0.242847 1.92927 325231
2 0.651152 0.246431 1.9314 325263
2 0.647942 0.247264 1.92743 325295
2 0.645171 0.247092 1.92721 325329
2 0.642475 0.247762 1.9266 325363
2 0.639631 0.243215 1.92364 325396
2 0.636657 0.240048 1.92119 325429
2 0.633776 0.235817 1.92033 325462
2 0.631134 0.233182 1.9205 325497
2 0.630661 0.231855 1.91919 325531
2 0.630282 0.23149 1.91637 325565
2 0.629213 0.227077 1.91897 325598
2 0.627201 0.2232 1.91793 325632
2 0.625528 0.221449 1.91502 325666
2 0.626676 0.218286 1.91265 325700
2 0.625901 0.211694 1.91045 325732
2 0.626124 0.20488 1.90871 325765
2 0.626993 0.201113 1.90799 325797
2 0.627174 0.198719 1.9071 325830
2 0.627287 0.197415 1.90846 325864
2 0.628326 0.192006 1.9125 325898
2 0.629693 0.188173 1.91562 325932
2 0.631307 0.186506 1.91254 325966
2 0.632012 0.185412 1.90979 326000
2 0.632842 0.184582 1.91134 326033
2 0.63352 0.184081 1.91336 326066
2 0.634078 0.183638 1.91266 326099
2 0.636452 0.183541 1.91012 326132
2 0.638181 0.183271 1.91113 326165
2 0.639099 0.180231 1.91057 326197
2 0.639266 0.178017 1.90956 326230
2 0.639816 0.177691 1.90735 326263

3 0.692021 0.199637 1.93383 328044
3 0.69203 0.19926 1.93323 328077
3 0.691584 0.199004 1.92706 328109
3 0.694614 0.197195 1.923 328142
3 0.696697 0.195315 1.92495 328176
3 0.699542 0.196217 1.92632 328210
3 0.70252 0.194418 1.92964 328244
3 0.708717 0.192675 1.92857 328279
3 0.712637 0.190924 1.93058 328295
3 0.718952 0.188544 1.93072 328347
3 0.723476 0.188978 1.93831 328363
3 0.72794 0.18814 1.94421 328396
3 0.73053 0.190263 1.94976 328447
3 0.734104 0.189604 1.95295 328464
3 0.737166 0.195841 1.95832 328498
3 0.738536 0.201619 1.95975 328531
3 0.741398 0.211094 1.96533 328564
3 0.739579 0.21651 1.96388 328597
3 0.739599 0.218313 1.97303 328631
3 0.736389 0.222336 1.97466 328665
3 0.733967 0.230878 1.97057 328699
3 0.729409 0.234754 1.96935 328733
3 0.725241 0.239615 1.96753 328767
3 0.721466 0.247663 1.96793 328800
3 0.717096 0.253174 1.96728 328833
3 0.713624 0.255855 1.96626 328866
3 0.710162 0.259734 1.96433 328899
3 0.705802 0.261275 1.96566 328931
3 0.702514 0.262728 1.96303 328964
3 0.697412 0.264045 1.96186 328997
3 0.694648 0.265396 1.9618 329030
3 0.693279 0.266381 1.96029 329063
3 0.691431 0.263852 1.95272 329096
3 0.687953 0.262742 1.94884 329130
3 0.686689 0.262489 1.94975 329165
3 0.686388 0.257838 1.94766 329197
3 0.688228 0.254812 1.94462 329231
3 0.686313 0.250795 1.94182 329264
3 0.686974 0.243754 1.94352 329298
3 0.68823 0.239048 1.94135 329331
3 0.689555 0.235373 1.94547 329365
3 0.68984 0.233967 1.94793 329400
3 0.691415 0.230562 1.94823 329433
3 0.692064 0.228712 1.94744 329468
3 0.691154 0.223103 1.94575 329500
3 0.692019 0.216583 1.94387 329534
3 0.692569 0.212172 1.94305 329568
3 0.692643 0.20566 1.94774 329602
3 0.692273 0.200126 1.95263 329636
3 0.69204 0.196804 1.95596 329670
3 0.691748 0.19495 1.95673 329704
3 0.692837 0.19456 1.95818 329736
3 0.694789 0.192295 1.95724 329770
3 0.695928 0.190766 1.95549 329802
3 0.697176 0.189525 1.95744 329835
3 0.697098 0.187737 1.95926 329868
3 0.698783 0.187153 1.96307 329900

4 0.552131 0.310887 2.00556 331508
4 0.551808 0.311084 2.00303 331542
4 0.551385 0.310238 2.00295 331577
4 0.550484 0.310092 1.99566 331610
4 0.551414 0.309289 1.99679 331643
4 0.551413 0.309206 1.9942 331678
4 0.554553 0.307638 1.9966 331712
4 0.557806 0.308522 1.99431 331745
4 0.56025 0.308453 1.99481 331780
4 0.562279 0.30897 1.99426 331798
4 0.56595 0.307703 1.99769 331848
4 0.569129 0.309005 1.99735 331881
4 0.574282 0.309957 2.00097 331897
4 0.578514 0.310528 2.00338 331948
4 0.583389 0.310257 2.00904 331980
4 0.587264 0.309596 2.00899 331997
4 0.589557 0.308585 2.01238 332046
4 0.592429 0.310118 2.01679 332079
4 0.594977 0.318771 2.01705 332112
4 0.596779 0.325953 2.02197 332144
4 0.595591 0.328836 2.02698 332178
4 0.594792 0.335859 2.02974 332212
4 0.593322 0.339555 2.03286 332246
4 0.592945 0.349418 2.03608 332281
4 0.591656 0.356385 2.03932 332297
4 0.589631 0.363003 2.04708 332346
4 0.584265 0.36951 2.04512 332380
4 0.580378 0.374524 2.04896 332397
4 0.576153 0.381164 2.04825 332447
4 0.571879 0.382956 2.0467 332480
4 0.566559 0.385108 2.04676 332514
4 0.561672 0.386796 2.04753 332547
4 0.555975 0.392192 2.04481 332581
4 0.552064 0.39642 2.04612 332598
4 0.548273 0.395483 2.03829 332647
4 0.545379 0.393395 2.03469 332665
4 0.543779 0.390444 2.03355 332699
4 0.542751 0.390199 2.03328 332733
4 0.541727 0.384716 2.03167 332766
4 0.541854 0.379151 2.03119 332817
4 0.542281 0.375844 2.02376 332834
4 0.543354 0.369746 2.0266 332869
4 0.543317 0.369053 2.02521 332902
4 0.544422 0.363969 2.02825 332936
4 0.544691 0.359876 2.02827 332970
4 0.545092 0.356379 2.02538 333004
4 0.546603 0.351873 2.02658 333037
4 0.547648 0.349094 2.02711 333070
4 0.547531 0.342509 2.029 333105
4 0.549051 0.339105 2.03205 333138
4 0.549639 0.334349 2.03135 333172
4 0.550574 0.331382 2.0306 333207
4 0.551076 0.329429 2.02632 333240
4 0.551133 0.328471 2.02543 333273
4 0.552977 0.327949 2.02533 333306
4 0.55386 0.327661 2.02694 333339
4 0.553215 0.32274 2.02983 333372
4 0.55397 0.320237 2.03185 333406
4 0.55669 0.318492 2.0322 333440
4 0.558088 0.31696 2.03303 333474
4 0.556302 0.316318 2.03276 333509
4 0.55677 0.316527 2.03174 333544
4 0.557294 0.318073 2.03504 333577
4 0.559067 0.321776 2.03171 333611
4 0.55971 0.324034 2.03165 333644
4 0.560828 0.31988 2.0335 333678
4 0.561329 0.316678 2.03343 333713

5 0.630601 0.318825 1.98433 335072
5 0.630641 0.316028 1.97896 335106
5 0.632429 0.315454 1.98255 335140
5 0.633973 0.316675 1.98172 335173
5 0.634397 0.316611 1.98299 335205
5 0.634347 0.316253 1.98083 335239
5 0.635219 0.316014 1.98105 335273
5 0.63798 0.317439 1.98669 335306
5 0.638961 0.318276 1.98839 335339
5 0.640226 0.319017 1.9833 335373
5 0.64131 0.319851 1.98506 335407
5 0.643198 0.323221 1.98625 335440
5 0.645938 0.327627 1.98816 335475
5 0.647104 0.329912 1.9876 335507
5 0.647734 0.331316 1.98899 335540
5 0.649378 0.334083 1.99247 335574
5 0.65069 0.33575 1.9969 335607
5 0.651533 0.336849 1.99986 335640
5 0.64955 0.340284 2.00009 335674
5 0.648432 0.342738 2.00654 335709
5 0.648526 0.345706 2.00643 335742
5 0.649948 0.349187 2.00515 335775
5 0.650268 0.34905 2.01138 335810
5 0.648598 0.354175 2.01592 335844
5 0.647078 0.358019 2.02037 335877
5 0.646633 0.360247 2.0205 335910
5 0.644594 0.362971 2.02323 335943
5 0.640386 0.363648 2.02731 335975
5 0.638624 0.364861 2.02881 336009
5 0.637566 0.366696 2.02508 336042
5 0.63492 0.365536 2.02578 336077
5 0.63101 0.366798 2.03245 336110
5 0.627986 0.367952 2.03374 336144
5 0.625506 0.367336 2.03192 336178
5 0.623621 0.367033 2.03059 336211
5 0.622682 0.366904 2.03362 336243
5 0.621276 0.362452 2.02967 336276
5 0.620212 0.358306 2.02372 336311
5 0.618514 0.355462 2.02424 336344
5 0.616398 0.354322 2.025 336378
5 0.61577 0.353629 2.02621 336412
5 0.615053 0.353751 2.02607 336445
5 0.616358 0.351553 2.02003 336478
5 0.614655 0.349899 2.01673 336512
5 0.613315 0.344042 2.01606 336546
5 0.612689 0.340165 2.01292 336580
5 0.613802 0.337465 2.01143 336614
5 0.61576 0.333391 2.01581 336647
5 0.616391 0.330993 2.01621 336679
5 0.617254 0.329497 2.01618 336712
5 0.618174 0.327956 2.01346 336744
5 0.619427 0.327271 2.0131 336778
5 0.619143 0.32647 2.01174 336811
5 0.620763 0.322684 2.00691 336845
5 0.62414 0.320561 2.00131 336878
5 0.624875 0.318799 2.00358 336913
5 0.624962 0.318218 2.00628 336946
5 0.625024 0.318225 2.00206 336980
5 0.626327 0.317615 1.99778 337014
5 0.6283 0.314391 1.99519 337048
5 0.629354 0.311842 1.99557 337080
5 0.629938 0.310802 1.99511 337112
5 0.631207 0.309771 1.99292 337145
5 0.631501 0.308645 1.99229 337177
5 0.631749 0.308443 1.98984 337211
5 0.632006 0.307951 1.99113 337244
5 0.633855 0.310237 1.99409 337276

6 0.686555 0.316637 1.95529 338717
6 0.688027 0.318781 1.9596 338750
6 0.687354 0.318229 1.96109 338784
6 0.686992 0.317984 1.95785 338819
6 0.690826 0.317672 1.95685 338852
6 0.690823 0.319826 1.95693 338885
6 0.692756 0.318801 1.95584 338919
6 0.694319 0.317359 1.95553 338954
6 0.694613 0.317002 1.95442 338986
6 0.696692 0.317553 1.95476 339019
6 0.698091 0.31781 1.95715 339052
6 0.701058 0.320515 1.95832 339085
6 0.703851 0.321753 1.9585 339119
6 0.706922 0.319735 1.96049 339152
6 0.708644 0.317749 1.96154 339186
6 0.711026 0.318141 1.96233 339203
6 0.713629 0.320423 1.96668 339253
6 0.714622 0.326725 1.96857 339286
6 0.714038 0.325021 1.96419 339303
6 0.715763 0.329152 1.96866 339353
6 0.716789 0.333493 1.97475 339387
6 0.716717 0.341893 1.97763 339404
6 0.716513 0.347678 1.97983 339455
6 0.71715 0.352993 1.98323 339473
6 0.717472 0.356308 1.98599 339505
6 0.715899 0.356678 1.98865 339539
6 0.714241 0.361025 1.99254 339572
6 0.713137 0.364142 1.99407 339604
6 0.71275 0.36544 1.99615 339656
6 0.70788 0.366454 1.99775 339673
6 0.705967 0.369673 1.99935 339706
6 0.705224 0.374763 1.99445 339739
6 0.702834 0.378835 1.99368 339772
6 0.699956 0.377768 1.99253 339805
6 0.695497 0.375882 1.98615 339856
6 0.692631 0.372821 1.98314 339872
6 0.690635 0.370058 1.98913 339906
6 0.688514 0.369552 1.98878 339939
6 0.686788 0.369449 1.98639 339972
6 0.685912 0.369776 1.98618 340021
6 0.684362 0.363209 1.9835 340054
6 0.683626 0.358981 1.97896 340087
6 0.682576 0.35796 1.97823 340120
6 0.682806 0.356064 1.97504 340153
6 0.681946 0.353776 1.97417 340185
6 0.681277 0.348875 1.97033 340218
6 0.68061 0.346603 1.97069 340252
6 0.680798 0.344637 1.96559 340286
6 0.681959 0.340437 1.96516 340320
6 0.681746 0.340071 1.96655 340353
6 0.682743 0.338345 1.96503 340386
6 0.683267 0.336203 1.9633 340421
6 0.682684 0.331083 1.96462 340454
6 0.68127 0.327392 1.96167 340471
6 0.681886 0.322209 1.95916 340521
6 0.682536 0.318448 1.95543 340555
6 0.684472 0.317727 1.95689 340572
6 0.685445 0.317576 1.95617 340606
6 0.687312 0.319312 1.95564 340640
6 0.688798 0.320906 1.96053 340673
6 0.690135 0.321577 1.95812 340723
6 0.691102 0.321035 1.9576 340741
6 0.691979 0.321563 1.95699 340773
6 0.691089 0.321856 1.95781 340807
6 0.692002 0.319254 1.95161 340840
6 0.695117 0.318662 1.95197 340874

7 0.746921 0.31899 1.91894 342382
7 0.747256 0.31866 1.91826 342416
7 0.749026 0.32046 1.91824 342451
7 0.751399 0.322067 1.91855 342483
7 0.754559 0.322175 1.91556 342518
7 0.75591 0.320721 1.91853 342551
7 0.757147 0.321146 1.91578 342583
7 0.759307 0.322446 1.9147 342617
7 0.760355 0.322998 1.91395 342651
7 0.761332 0.32357 1.91367 342684
7 0.763327 0.323428 1.91074 342718
7 0.765932 0.324327 1.91383 342752
7 0.768558 0.323665 1.91456 342786
7 0.769417 0.325052 1.91619 342820
7 0.771087 0.324285 1.91707 342854
7 0.773521 0.324444 1.91913 342888
7 0.774243 0.325037 1.91685 342923
7 0.774958 0.330557 1.91881 342956
7 0.776333 0.335164 1.9228 342989
7 0.776913 0.337516 1.92402 343022
7 0.777973 0.342433 1.92101 343057
7 0.777749 0.343606 1.92643 343090
7 0.776456 0.347386 1.92928 343107
7 0.777422 0.353054 1.93017 343157
7 0.77646 0.35419 1.93117 343174
7 0.775467 0.357272 1.93739 343207
7 0.77403 0.364608 1.94329 343258
7 0.773762 0.367718 1.94263 343275
7 0.770773 0.37086 1.94623 343308
7 0.769009 0.373274 1.94689 343342
7 0.764626 0.372008 1.94214 343376
7 0.762691 0.3712 1.94343 343410
7 0.760037 0.371987 1.94194 343445
7 0.757031 0.373437 1.94034 343478
7 0.754284 0.373628 1.94131 343511
7 0.751084 0.373163 1.9399 343544
7 0.749767 0.372875 1.94086 343577
7 0.746974 0.371002 1.93917 343610
7 0.745109 0.372624 1.94158 343644
7 0.740595 0.372867 1.94059 343677
7 0.738211 0.368643 1.93565 343711
7 0.738907 0.370396 1.93439 343744
7 0.736732 0.364669 1.93325 343779
7 0.735895 0.361439 1.92758 343810
7 0.735844 0.359976 1.92615 343844
7 0.735834 0.358511 1.92455 343879
7 0.734599 0.351422 1.92487 343912
7 0.735021 0.345468 1.92515 343945
7 0.736303 0.339817 1.92525 343978
7 0.738045 0.339767 1.92187 344011
7 0.738285 0.33657 1.91461 344044
7 0.739886 0.332608 1.91308 344077
7 0.739272 0.330136 1.91216 344110
7 0.737881 0.326424 1.91302 344143
7 0.739993 0.324267 1.91436 344176
7 0.741637 0.322659 1.91502 344225
7 0.742257 0.321238 1.91381 344241
7 0.743646 0.32083 1.91517 344276
7 0.744193 0.321099 1.91404 344310
7 0.744505 0.320547 1.91341 344344
7 0.745201 0.319872 1.91721 344376
7 0.745899 0.31635 1.91557 344410
7 0.746241 0.313657 1.91194 344445
7 0.748541 0.310985 1.90947 344478
7 0.751618 0.311028 1.91044 344512
7 0.753706 0.311151 1.91159 344546
7 0.755552 0.313634 1.91632 344579
7 0.756049 0.315381 1.91554 344611
7 0.756784 0.316281 1.91827 344643

8 0.808341 0.308586 1.9283 346191
8 0.809078 0.309674 1.93029 346226
8 0.810668 0.31225 1.92999 346260
8 0.811652 0.31449 1.92642 346293
8 0.813397 0.31609 1.93188 346309
8 0.814546 0.318801 1.92807 346361
8 0.81538 0.321158 1.92412 346377
8 0.817023 0.322041 1.92349 346411
8 0.819219 0.321963 1.92349 346461
8 0.82048 0.321409 1.92465 346477
8 0.821386 0.31992 1.91983 346510
8 0.823911 0.318585 1.92244 346545
8 0.82433 0.320756 1.92601 346579
8 0.82474 0.323001 1.92838 346612
8 0.825931 0.327596 1.9319 346646
8 0.826931 0.327 1.92796 346679
8 0.82776 0.325562 1.92657 346712
8 0.827606 0.32819 1.93015 346761
8 0.827883 0.331044 1.93478 346778
8 0.828522 0.333938 1.93528 346810
8 0.828592 0.335736 1.93357 346860
8 0.825394 0.338277 1.93047 346877
8 0.822868 0.339414 1.93105 346910
8 0.822763 0.342122 1.92977 346959
8 0.824459 0.343607 1.93103 346992
8 0.824312 0.343424 1.93438 347025
8 0.820928 0.342438 1.93085 347058
8 0.82057 0.341201 1.93046 347091
8 0.81898 0.340531 1.9341 347125
8 0.816623 0.344552 1.93569 347157
8 0.81606 0.349353 1.93352 347190
8 0.815162 0.350317 1.93481 347224
8 0.813545 0.352313 1.93958 347257
8 0.812192 0.354166 1.93853 347290
8 0.810954 0.353415 1.93144 347323
8 0.808859 0.354752 1.93275 347356
8 0.806182 0.354026 1.93693 347390
8 0.806438 0.355963 1.93908 347424
8 0.80428 0.355698 1.93541 347457
8 0.803827 0.354644 1.93882 347491
8 0.803211 0.354315 1.94217 347524
8 0.801988 0.354757 1.93635 347558
8 0.799866 0.354023 1.9312 347591
8 0.799919 0.352381 1.93511 347624
8 0.798818 0.352143 1.93085 347658
8 0.798282 0.351603 1.92988 347691
8 0.795818 0.353966 1.93084 347725
8 0.794587 0.351003 1.93209 347759
8 0.793808 0.348316 1.92925 347793
8 0.793264 0.346357 1.92483 347826
8 0.792045 0.342891 1.92424 347860
8 0.792046 0.340793 1.92607 347877
8 0.791489 0.339605 1.92509 347926
8 0.79019 0.337563 1.92709 347959
8 0.790602 0.338111 1.92501 347992
8 0.791053 0.338579 1.92468 348025
8 0.790748 0.339452 1.92199 348057
8 0.791493 0.333263 1.91808 348091
8 0.791008 0.329653 1.91742 348123
8 0.790083 0.32688 1.91948 348157
8 0.791375 0.326653 1.92105 348189
8 0.792062 0.326116 1.92374 348222
8 0.791848 0.32565 1.92139 348255
8 0.79121 0.324205 1.9188 348288
8 0.792192 0.322849 1.91935 348322
8 0.794436 0.318007 1.92357 348355
8 0.795405 0.314749 1.92366 348389
8 0.795921 0.312193 1.92384 348422
8 0.795996 0.310738 1.92174 348456
8 0.798037 0.308109 1.92001 348490
8 0.798756 0.305183 1.92081 348523
8 0.798897 0.303653 1.92088 348557
8 0.800132 0.304384 1.91832 348590
8 0.800774 0.304642 1.91689 348623
8 0.801604 0.304208 1.91918 348656
8 0.802713 0.30519 1.91914 348690
8 0.804842 0.304793 1.9232 348723
8 0.805981 0.303997 1.92374 348755
8 0.805568 0.303086 1.92562 348789
8 0.807777 0.301539 1.92265 348823
8 0.809744 0.299985 1.92489 348856
8 0.810688 0.298914 1.92673 348889
8 0.811082 0.299342 1.92427 348921
8 0.811855 0.300497 1.92186 348955
8 0.811827 0.303005 1.92536 348988
8 0.812991 0.302581 1.92752 349021

9 0.61732 0.425255 2.00519 351595
9 0.616732 0.425664 2.00225 351629
9 0.616008 0.424873 2.00116 351662
9 0.615952 0.42479 1.99823 351696
9 0.615198 0.425613 2.00021 351730
9 0.616845 0.430768 2.00099 351763
9 0.615571 0.434535 1.99956 351780
9 0.617131 0.435166 2.00152 351831
9 0.617505 0.436102 2.00789 351864
9 0.61878 0.432986 2.00985 351896
9 0.618269 0.434591 2.00752 351930
9 0.619226 0.430798 2.00541 351948
9 0.623971 0.43033 2.00211 351998
9 0.624126 0.429066 2.00054 352030
9 0.626168 0.429452 2.00218 352064
9 0.627536 0.429738 2.00242 352097
9 0.628911 0.428609 2.00042 352130
9 0.62933 0.430177 2.0045 352163
9 0.631727 0.429035 2.0046 352196
9 0.635823 0.430292 2.01148 352230
9 0.638292 0.429303 2.01377 352263
9 0.639045 0.433754 2.01386 352297
9 0.639303 0.438982 2.01613 352331
9 0.64025 0.441882 2.01259 352347
9 0.641495 0.439371 2.01341 352398
9 0.642959 0.440815 2.01923 352431
9 0.644251 0.440326 2.01728 352448
9 0.643606 0.440956 2.02185 352499
9 0.641754 0.443445 2.02156 352515
9 0.641417 0.445211 2.02478 352549
9 0.642363 0.446813 2.02628 352584
9 0.640336 0.452332 2.02947 352618
9 0.637431 0.454881 2.02979 352651
9 0.635796 0.457314 2.03017 352684
9 0.636962 0.458879 2.03138 352717
9 0.63738 0.460269 2.02891 352752
9 0.635819 0.46064 2.03071 352785
9 0.633944 0.465023 2.03224 352819
9 0.6332 0.468726 2.03269 352851
9 0.63153 0.471468 2.03625 352885
9 0.630554 0.469621 2.03127 352919
9 0.627576 0.467979 2.03388 352952
9 0.624641 0.471657 2.03745 352985
9 0.625465 0.470529 2.03642 353019
9 0.622957 0.473458 2.03436 353054
9 0.622865 0.470613 2.03535 353086
9 0.621507 0.472843 2.0345 353120
9 0.621287 0.47098 2.03179 353155
9 0.620366 0.468678 2.0295 353189
9 0.620604 0.467094 2.03103 353222
9 0.6201 0.463608 2.0303 353256
9 0.619905 0.462058 2.02619 353288
9 0.619096 0.460512 2.02257 353321
9 0.619639 0.460985 2.02405 353355
9 0.619421 0.460804 2.02193 353389
9 0.619429 0.459608 2.024 353422
9 0.618831 0.458855 2.02522 353456
9 0.617557 0.453595 2.01735 353490
9 0.617343 0.447895 2.01347 353524
9 0.618661 0.444365 2.0152 353558
9 0.618983 0.442104 2.01838 353592
9 0.618867 0.44049 2.0215 353625
9 0.618309 0.440318 2.0174 353659
9 0.618432 0.438649 2.01503 353694
9 0.618868 0.438262 2.01748 353728
9 0.61972 0.438646 2.01982 353762
9 0.618178 0.434908 2.0132 353796
9 0.618654 0.435481 2.01513 353830
9 0.617697 0.432874 2.01354 353863
9 0.618337 0.431058 2.00927 353896

