Gesto: 0
0 0.103817 0.263895 1.68059 269173
0 0.0993382 0.261063 1.67645 269206
0 0.0958638 0.259655 1.6773 269239
0 0.0919278 0.257384 1.67437 269272
0 0.0868638 0.252341 1.6771 269304
0 0.0829905 0.246123 1.68142 269338
0 0.0807252 0.238601 1.68441 269371
0 0.0784036 0.228126 1.68957 269406
0 0.0778343 0.219274 1.69728 269438
0 0.0775036 0.209292 1.70344 269455
0 0.0792212 0.19705 1.70875 269505
0 0.0813946 0.187053 1.71335 269538
0 0.0870544 0.175763 1.71472 269555
0 0.0912298 0.162791 1.71444 269605
0 0.097828 0.152331 1.72013 269639
0 0.106212 0.138816 1.729 269672
0 0.114961 0.12691 1.73112 269705
0 0.124212 0.113072 1.73592 269740
0 0.135023 0.102041 1.74255 269756
0 0.145611 0.0907428 1.74803 269807
0 0.160822 0.0982194 1.76481 269840
0 0.171037 0.0895771 1.76591 269857
0 0.185731 0.0978297 1.77862 269891
0 0.195849 0.0903653 1.77829 269924
0 0.210109 0.100205 1.78377 269957
0 0.220281 0.0954737 1.77795 270007
0 0.232166 0.0958961 1.77484 270024
0 0.243027 0.0950815 1.76922 270057
0 0.25428 0.0900054 1.75744 270091
0 0.265523 0.0903345 1.74946 270124
0 0.276725 0.0941432 1.74085 270158
0 0.287126 0.0992637 1.73138 270193
0 0.297506 0.106068 1.72375 270227
0 0.306207 0.117994 1.71527 270260
0 0.315011 0.128635 1.70621 270294
0 0.32258 0.139237 1.70158 270327
0 0.329376 0.152082 1.69422 270360
0 0.333654 0.165755 1.69007 270393
0 0.34098 0.177207 1.68117 270426
0 0.346588 0.19414 1.67926 270460
0 0.34926 0.208447 1.67375 270492
0 0.350648 0.223158 1.66928 270525
0 0.356406 0.242261 1.66417 270559
0 0.359274 0.257213 1.66068 270592
0 0.360883 0.272635 1.65538 270626
0 0.360875 0.290284 1.65509 270676
0 0.357343 0.308237 1.65228 270692
0 0.354312 0.324249 1.65085 270726
0 0.35221 0.340213 1.64873 270760
0 0.347502 0.359826 1.64392 270793
0 0.342664 0.37677 1.63431 270826
0 0.336704 0.395878 1.62607 270860
0 0.329307 0.412585 1.61943 270893
0 0.322638 0.426504 1.61387 270928
0 0.313217 0.440453 1.61102 270960
0 0.304301 0.448987 1.61035 270994
0 0.293929 0.457758 1.60561 271028
0 0.282727 0.46393 1.60018 271062
0 0.272651 0.469804 1.59803 271095
0 0.260859 0.472259 1.59751 271129
0 0.247955 0.473126 1.59831 271163
0 0.236282 0.473184 1.59657 271197
0 0.224807 0.472867 1.59404 271230
0 0.213519 0.471898 1.59086 271263
0 0.202002 0.46541 1.58901 271297
0 0.191366 0.459963 1.58426 271331
0 0.181219 0.452028 1.5836 271365
0 0.171889 0.444865 1.58166 271399
0 0.163232 0.436574 1.58361 271433
0 0.155034 0.42929 1.58552 271467
0 0.146332 0.420092 1.58699 271500
0 0.138057 0.410616 1.59042 271533
0 0.130975 0.402411 1.59166 271567
0 0.124161 0.392954 1.59208 271601
0 0.117756 0.38262 1.596 271633
0 0.111569 0.373256 1.59895 271666
0 0.107282 0.363003 1.60338 271700
0 0.105871 0.350489 1.61743 271733
0 0.103504 0.341046 1.62084 271767
0 0.103395 0.333104 1.63136 271799
0 0.10515 0.325801 1.64309 271832
0 0.106248 0.319042 1.64942 271867
0 0.10088 0.310406 1.6402 271900
0 0.0993923 0.301867 1.64324 271933
0 0.100207 0.293972 1.64341 271965
0 0.0987558 0.285506 1.63342 271998
0 0.100437 0.27669 1.63532 272031
0 0.0994442 0.268447 1.63087 272064
0 0.0997368 0.262726 1.62564 272097
0 0.0999497 0.255107 1.62333 272130
0 0.102091 0.246887 1.62171 272162
0 0.103889 0.242989 1.62088 272196
0 0.104891 0.236563 1.62462 272229
0 0.105621 0.23173 1.62872 272263
0 0.107036 0.228381 1.62987 272296
0 0.106812 0.226562 1.63319 272329
0 0.106755 0.225985 1.63371 272362

1 0.429284 0.483623 1.75318 274763
1 0.430644 0.478228 1.75379 274797
1 0.431039 0.476171 1.75062 274831
1 0.43099 0.470031 1.74459 274865
1 0.431411 0.461146 1.74086 274899
1 0.434723 0.453484 1.73481 274931
1 0.438495 0.44878 1.73002 274966
1 0.445565 0.440791 1.73086 274999
1 0.450067 0.436457 1.73651 275033
1 0.455306 0.432546 1.73913 275066
1 0.460758 0.432365 1.74759 275099
1 0.466482 0.434669 1.75443 275133
1 0.472106 0.438621 1.76393 275167
1 0.47836 0.443194 1.76977 275200
1 0.48438 0.448978 1.77821 275234
1 0.487405 0.455531 1.78656 275267
1 0.488712 0.462918 1.79208 275301
1 0.4897 0.469693 1.79371 275335
1 0.488049 0.482272 1.79623 275368
1 0.484016 0.49218 1.79412 275403
1 0.476516 0.503922 1.79281 275436
1 0.469771 0.513094 1.78773 275470
1 0.46088 0.521057 1.78342 275504
1 0.451341 0.527095 1.77411 275537
1 0.443435 0.52874 1.76324 275571
1 0.435763 0.526201 1.75306 275603
1 0.427823 0.523275 1.7451 275634
1 0.423133 0.520803 1.73538 275667
1 0.4214 0.514476 1.72508 275698
1 0.419454 0.508959 1.7215 275731
1 0.419793 0.503524 1.7171 275766
1 0.41904 0.494656 1.71505 275798
1 0.420194 0.48873 1.71081 275830
1 0.421449 0.47795 1.71128 275864
1 0.425133 0.471592 1.71567 275897
1 0.427496 0.466854 1.72206 275930
1 0.428846 0.464141 1.72566 275964
1 0.429618 0.461833 1.73081 275998
1 0.433764 0.461035 1.73115 276032
1 0.436229 0.46009 1.7308 276066
1 0.435968 0.462179 1.73574 276098

2 0.497013 0.250327 1.76777 277177
2 0.494695 0.248228 1.77117 277211
2 0.49388 0.243239 1.77113 277245
2 0.492937 0.236878 1.77562 277262
2 0.492488 0.228896 1.78139 277312
2 0.493933 0.221782 1.78494 277329
2 0.497412 0.214287 1.79509 277378
2 0.501216 0.205231 1.8006 277412
2 0.507896 0.199094 1.81335 277430
2 0.516313 0.198528 1.82831 277479
2 0.522906 0.199431 1.83989 277513
2 0.530652 0.20338 1.84987 277529
2 0.542279 0.208768 1.86268 277580
2 0.552017 0.216989 1.87822 277597
2 0.56093 0.230956 1.89207 277630
2 0.569487 0.24421 1.90111 277680
2 0.576694 0.261638 1.90925 277697
2 0.581067 0.280515 1.9126 277731
2 0.582596 0.296916 1.91489 277765
2 0.583109 0.315684 1.90622 277799
2 0.58145 0.330322 1.89997 277833
2 0.576604 0.344679 1.89864 277868
2 0.566941 0.356914 1.89035 277901
2 0.556163 0.364189 1.88255 277935
2 0.548468 0.366922 1.874 277969
2 0.540219 0.363658 1.87002 278004
2 0.533318 0.357123 1.86567 278038
2 0.525185 0.348738 1.86264 278070
2 0.519801 0.340364 1.86378 278104
2 0.514107 0.331687 1.862 278137
2 0.509147 0.318528 1.85848 278169
2 0.508241 0.305021 1.8579 278202
2 0.50657 0.29598 1.85748 278236
2 0.504984 0.284882 1.86361 278269
2 0.504109 0.274444 1.87041 278303
2 0.501276 0.262956 1.87245 278337
2 0.498621 0.254966 1.88027 278371
2 0.498609 0.245714 1.8839 278404
2 0.499358 0.238852 1.88416 278438
2 0.498468 0.232642 1.88853 278472
2 0.500254 0.225081 1.89512 278506
2 0.500962 0.222737 1.90472 278540

3 0.547387 0.531994 1.99917 279599
3 0.547265 0.525376 1.98781 279648
3 0.551317 0.517213 1.98085 279664
3 0.5565 0.507975 1.97705 279697
3 0.567903 0.494431 1.97589 279746
3 0.579996 0.487299 1.98343 279779
3 0.590897 0.485872 1.99775 279811
3 0.602966 0.490045 2.01267 279844
3 0.611629 0.499729 2.02776 279877
3 0.616568 0.514802 2.04475 279909
3 0.617871 0.534473 2.06026 279941
3 0.610365 0.556498 2.06593 279973
3 0.597868 0.577327 2.0658 280005
3 0.584235 0.591184 2.05911 280039
3 0.569719 0.598067 2.04567 280073
3 0.554943 0.59904 2.02615 280106
3 0.542024 0.596323 2.0021 280140
3 0.53331 0.586093 1.98223 280173
3 0.52703 0.571142 1.96908 280206
3 0.526127 0.554954 1.95814 280238
3 0.531116 0.538847 1.95986 280272
3 0.538146 0.52375 1.96281 280305
3 0.546333 0.509342 1.96843 280337
3 0.552422 0.499915 1.97477 280370
3 0.558598 0.496189 1.983 280404
3 0.564554 0.495468 1.98777 280437
3 0.568258 0.498372 1.99536 280470
3 0.570369 0.497036 2.00067 280503
3 0.572211 0.499843 2.01031 280536
3 0.572267 0.499614 2.02196 280570
3 0.574454 0.503674 2.02196 280603
3 0.576398 0.505524 2.0243 280636
3 0.577307 0.505917 2.03028 280668

4 0.664324 0.403909 2.22158 285644
4 0.663588 0.406379 2.21781 285677
4 0.66273 0.413936 2.21281 285711
4 0.659729 0.419809 2.20093 285744
4 0.65339 0.425015 2.20125 285777
4 0.647844 0.426099 2.19138 285810
4 0.641022 0.419901 2.18313 285844
4 0.635506 0.407017 2.17892 285878
4 0.632648 0.39214 2.16848 285911
4 0.634628 0.376612 2.15855 285945
4 0.637964 0.364294 2.14895 285979
4 0.646849 0.347932 2.13899 286012
4 0.652048 0.333755 2.13981 286045
4 0.660593 0.323326 2.13937 286079
4 0.669151 0.319998 2.14142 286113
4 0.677892 0.317038 2.15021 286147
4 0.688784 0.322685 2.16721 286181
4 0.699366 0.333617 2.18011 286214
4 0.705721 0.344959 2.18262 286248
4 0.710315 0.360224 2.18427 286283
4 0.709167 0.378706 2.18736 286316
4 0.705795 0.394085 2.18459 286349
4 0.701675 0.410326 2.17099 286384
4 0.693201 0.420887 2.1615 286417
4 0.684888 0.425206 2.15617 286450
4 0.677279 0.426752 2.14722 286484
4 0.669235 0.422707 2.14812 286518
4 0.663109 0.415257 2.14525 286551
4 0.66012 0.410618 2.13897 286583
4 0.657981 0.400934 2.14327 286617
4 0.656414 0.394342 2.14341 286650
4 0.656919 0.387584 2.14444 286683
4 0.656295 0.380942 2.14741 286716
4 0.656315 0.374749 2.14817 286750
4 0.656891 0.369845 2.14918 286783
4 0.656628 0.371296 2.14198 286816
4 0.655406 0.366551 2.15187 286849
4 0.65587 0.368229 2.14872 286882

5 0.40574 0.812437 2.03623 290673
5 0.399258 0.81542 2.02792 290722
5 0.390764 0.81163 2.01865 290755
5 0.380917 0.801415 2.01246 290789
5 0.374143 0.789244 2.00351 290822
5 0.371392 0.773847 1.98987 290854
5 0.372596 0.753882 1.97998 290886
5 0.380125 0.73451 1.97464 290920
5 0.393556 0.721891 1.97169 290954
5 0.407053 0.712814 1.9736 290987
5 0.420644 0.713427 1.98205 291021
5 0.432741 0.720347 1.98565 291053
5 0.442069 0.733037 1.98901 291086
5 0.446657 0.744185 1.995 291120
5 0.448655 0.75892 1.99911 291154
5 0.445505 0.771756 2.00501 291187
5 0.44087 0.783268 2.01686 291221
5 0.430192 0.79268 2.01747 291254
5 0.419259 0.800463 2.01899 291287
5 0.4081 0.803211 2.01522 291321
5 0.397635 0.801231 2.01177 291354
5 0.386772 0.796956 2.00642 291387
5 0.379858 0.792556 1.99942 291419
5 0.376515 0.786476 1.99361 291452
5 0.377688 0.779101 1.99758 291485
5 0.379317 0.774355 1.99718 291517

6 0.73342 0.608917 2.07507 293646
6 0.732661 0.610152 2.07539 293679
6 0.733099 0.616361 2.07002 293713
6 0.732504 0.621833 2.0728 293747
6 0.726183 0.623453 2.06758 293779
6 0.722323 0.624555 2.05881 293814
6 0.720524 0.62429 2.04815 293846
6 0.719344 0.616037 2.04184 293879
6 0.722723 0.607615 2.03723 293912
6 0.727469 0.597549 2.0333 293945
6 0.73594 0.591322 2.03193 293979
6 0.744988 0.582855 2.03326 294013
6 0.753687 0.579225 2.04554 294048
6 0.762086 0.581703 2.0522 294082
6 0.770144 0.585228 2.06655 294115
6 0.773616 0.59218 2.07568 294149
6 0.777422 0.603047 2.08955 294181
6 0.774105 0.616009 2.09656 294214
6 0.770284 0.630205 2.10019 294247
6 0.766827 0.637092 2.09743 294279
6 0.7573 0.648932 2.09532 294328
6 0.74755 0.655147 2.08978 294345
6 0.734911 0.660135 2.08148 294377
6 0.727847 0.661099 2.08124 294426
6 0.71999 0.659354 2.07788 294460
6 0.714578 0.658124 2.06257 294476
6 0.71122 0.651502 2.04995 294525
6 0.714361 0.64071 2.05066 294559
6 0.716174 0.634526 2.04875 294592
6 0.717528 0.630058 2.05447 294626
6 0.720574 0.626616 2.06185 294659
6 0.725723 0.62303 2.0656 294676
6 0.729034 0.621506 2.07584 294727
6 0.730806 0.618668 2.08566 294760
6 0.728334 0.613911 2.08675 294793
6 0.726833 0.611813 2.09198 294827
6 0.72751 0.608825 2.09132 294844

7 0.67801 0.631925 2.12576 295691
7 0.666533 0.639718 2.133 295725
7 0.652216 0.6463 2.14393 295758
7 0.635661 0.655018 2.15317 295792
7 0.616617 0.662906 2.15505 295827
7 0.593103 0.671338 2.14745 295860
7 0.574012 0.671217 2.14984 295894
7 0.544878 0.669266 2.15127 295928
7 0.511142 0.669144 2.1502 295945
7 0.477835 0.657719 2.14061 295996
7 0.443688 0.640204 2.13202 296014
7 0.405742 0.616866 2.12587 296047
7 0.376771 0.589287 2.1246 296081
7 0.353872 0.55451 2.12817 296115
7 0.335653 0.515311 2.12425 296148
7 0.325935 0.469929 2.11826 296182
7 0.325743 0.419927 2.11163 296215
7 0.334196 0.374948 2.09676 296249
7 0.35071 0.33408 2.08008 296284
7 0.368399 0.296703 2.058 296318
7 0.389798 0.263672 2.055 296351
7 0.42213 0.23514 2.05715 296385
7 0.458251 0.211071 2.06633 296418
7 0.491646 0.197219 2.07012 296451
7 0.523501 0.186791 2.0841 296485
7 0.555789 0.18478 2.10047 296519
7 0.585427 0.189557 2.11859 296552
7 0.612984 0.206557 2.14164 296586
7 0.637913 0.230491 2.15372 296620
7 0.659779 0.260216 2.16466 296654
7 0.676193 0.295261 2.18984 296688
7 0.689793 0.33616 2.20826 296722
7 0.693413 0.378188 2.2154 296756
7 0.694686 0.418563 2.21989 296790
7 0.692023 0.460035 2.22652 296824
7 0.686318 0.492512 2.22657 296858
7 0.676653 0.530295 2.23052 296891
7 0.66413 0.561235 2.23798 296924
7 0.649079 0.587643 2.23947 296958
7 0.633357 0.60987 2.24064 296990
7 0.614844 0.628189 2.23581 297024
7 0.596424 0.640573 2.23386 297057
7 0.581988 0.648403 2.22473 297090
7 0.569201 0.657207 2.21026 297123
7 0.557583 0.662154 2.19694 297157
7 0.548285 0.658268 2.18503 297191
7 0.546727 0.656701 2.1718 297223
7 0.54279 0.655055 2.16739 297256
7 0.540351 0.653452 2.16413 297289
7 0.541049 0.649392 2.15065 297323
7 0.546766 0.650693 2.15712 297356
7 0.54969 0.651375 2.161 297390
7 0.552547 0.649789 2.16382 297423
7 0.554539 0.64937 2.16954 297456
7 0.558074 0.656565 2.16476 297490
7 0.560978 0.66074 2.16051 297523
7 0.561651 0.664668 2.15681 297555
7 0.562601 0.666329 2.15663 297589
7 0.56032 0.668672 2.15603 297620
7 0.555985 0.670884 2.15608 297654
7 0.55459 0.672381 2.15945 297688
7 0.551182 0.671696 2.1617 297721
7 0.549517 0.67102 2.1632 297752

8 0.287481 0.804943 2.26026 300293
8 0.287003 0.805999 2.26695 300327
8 0.287407 0.805927 2.26484 300362
8 0.286938 0.806918 2.2713 300395
8 0.282134 0.80336 2.27007 300428
8 0.272762 0.803154 2.26515 300461
8 0.264448 0.794083 2.25974 300494
8 0.250339 0.778658 2.25279 300527
8 0.239823 0.760323 2.24531 300561
8 0.229641 0.738694 2.22761 300595
8 0.223118 0.717725 2.21676 300629
8 0.221084 0.694706 2.20249 300663
8 0.223629 0.67809 2.18149 300697
8 0.224996 0.656834 2.1722 300730
8 0.233677 0.635731 2.1505 300763
8 0.246251 0.617478 2.13797 300797
8 0.259752 0.605397 2.12883 300814
8 0.274344 0.589743 2.11759 300865
8 0.2901 0.582662 2.11407 300899
8 0.317126 0.579097 2.11444 300916
8 0.337664 0.583395 2.1109 300968
8 0.352248 0.591766 2.10948 300983
8 0.366691 0.599769 2.1078 301018
8 0.378444 0.617431 2.11711 301051
8 0.390844 0.635242 2.1321 301084
8 0.395484 0.654218 2.15 301118
8 0.398215 0.67565 2.15963 301152
8 0.398204 0.699788 2.17174 301184
8 0.394566 0.721931 2.1793 301234
8 0.389627 0.742248 2.19588 301251
8 0.380635 0.757553 2.20988 301284
8 0.374336 0.769158 2.22413 301334
8 0.363357 0.783518 2.22951 301352
8 0.351268 0.792905 2.24207 301384
8 0.338585 0.802638 2.25194 301434
8 0.328497 0.804109 2.26092 301452
8 0.318396 0.805372 2.26515 301485
8 0.311118 0.804102 2.26437 301519
8 0.300938 0.802842 2.2569 301552
8 0.295895 0.7944 2.25161 301585
8 0.292576 0.786775 2.24569 301619

9 0.813541 0.227779 2.0331 307434
9 0.809351 0.230787 2.02298 307467
9 0.802654 0.231363 2.01774 307501
9 0.793801 0.231309 2.01622 307534
9 0.785584 0.232433 2.00825 307568
9 0.774705 0.225566 2.00314 307602
9 0.765116 0.212757 2.00295 307635
9 0.756434 0.191548 1.99745 307669
9 0.756919 0.169807 1.99378 307702
9 0.762927 0.144582 2.00199 307736
9 0.772368 0.123681 2.01177 307768
9 0.786186 0.103902 2.02301 307802
9 0.806327 0.0878703 2.03749 307835
9 0.828181 0.081935 2.05225 307867
9 0.849648 0.0849548 2.06636 307900
9 0.868046 0.0958785 2.07639 307934
9 0.891178 0.115717 2.09361 307968
9 0.909091 0.148104 2.1031 308003
9 0.924104 0.177628 2.10739 308036
9 0.932961 0.207246 2.10106 308070
9 0.93251 0.247104 2.08034 308105
9 0.927322 0.281482 2.06769 308121
9 0.917293 0.307343 2.05263 308171
9 0.89814 0.327467 2.03016 308204
9 0.880346 0.33339 2.01559 308222
9 0.863643 0.336538 1.99862 308272
9 0.849521 0.33189 1.98411 308305
9 0.831962 0.325917 1.97982 308323
9 0.82072 0.313557 1.98467 308373
9 0.809445 0.299518 1.98807 308391
9 0.799655 0.286398 1.99605 308440
9 0.792641 0.27167 2.00192 308473
9 0.787087 0.261851 1.99925 308490
9 0.780437 0.248125 1.99706 308540
9 0.777153 0.238834 2.00257 308557
9 0.775438 0.225605 2.00506 308590
9 0.773653 0.218757 2.00592 308639
9 0.771689 0.208792 2.00821 308656
9 0.77167 0.200915 2.01001 308688
9 0.769018 0.198237 2.01028 308739
9 0.768397 0.190563 2.01259 308771
9 0.765081 0.180291 1.99745 308804

10 0.875304 0.789059 2.24538 313561
10 0.874085 0.792265 2.24173 313596
10 0.868654 0.796476 2.23703 313628
10 0.866274 0.800133 2.24506 313661
10 0.859784 0.800806 2.24211 313695
10 0.852063 0.806527 2.239 313728
10 0.842537 0.812834 2.24211 313761
10 0.833864 0.814064 2.23509 313795
10 0.822131 0.807418 2.23119 313828
10 0.815401 0.801939 2.22572 313860
10 0.812384 0.790747 2.21504 313910
10 0.809606 0.782078 2.20582 313927
10 0.808806 0.769124 2.18424 313961
10 0.822118 0.75453 2.17609 314011
10 0.829744 0.743871 2.16821 314028
10 0.841575 0.731551 2.17497 314062
10 0.856164 0.724031 2.18801 314095
10 0.86972 0.722441 2.19738 314128
10 0.882027 0.726464 2.21125 314160
10 0.893534 0.730623 2.21874 314211
10 0.90095 0.744691 2.21546 314227
10 0.908211 0.758004 2.23959 314261
10 0.908382 0.769823 2.25853 314296
10 0.906412 0.783258 2.27439 314328
10 0.90049 0.79229 2.275 314380
10 0.891844 0.800819 2.2757 314396
10 0.87927 0.805336 2.2743 314430
10 0.872422 0.807838 2.27371 314464
10 0.865222 0.805917 2.26912 314497
10 0.86089 0.80449 2.2678 314530
10 0.857007 0.798855 2.27043 314565
10 0.851721 0.795376 2.27613 314599
10 0.849614 0.788038 2.26855 314632

