
---START: 2014-01-15-11-19-54-912---
/joint r_foot 2 0.51158 0.837165 1.87786 454111
/user/1 0.815141 0 1.69527 0 0 454111
/joint head 2 0.447306 0.249959 1.84791 454111
/joint neck 2 0.456873 0.39 1.86753 454111
/joint l_shoulder 2 0.51775 0.387649 1.88638 454128
/joint l_elbow 2 0.548104 0.511411 1.94338 454128
/joint l_hand 2 0.56255 0.671785 1.7976 454128
/joint r_shoulder 2 0.395995 0.392352 1.84868 454128
/joint r_elbow 2 0.372459 0.512841 1.90003 454145
/joint r_hand 2 0.367081 0.680313 1.83101 454145
/joint torso 2 0.459806 0.498178 1.86 454145
/joint l_hip 2 0.500558 0.604895 1.86419 454145
/joint l_knee 2 0.51044 0.806271 1.89773 454145
/joint l_foot 2 0.52258 0.839416 1.83331 454162
/joint r_hip 2 0.424919 0.607816 1.84077 454162
/joint r_knee 2 0.414541 0.8045 1.83223 454162
/joint r_foot 2 0.500562 0.862432 1.88068 454162
/user/1 0.815516 0 1.69471 0 0 454179
/joint head 2 0.447848 0.250208 1.85202 454179
/joint neck 2 0.456777 0.391044 1.87083 454179
/joint l_shoulder 2 0.517921 0.38841 1.88853 454179
/joint l_elbow 2 0.547714 0.512428 1.94383 454196
/joint l_hand 2 0.562714 0.678288 1.79433 454196
/joint r_shoulder 2 0.395634 0.393677 1.85313 454196
/joint r_elbow 2 0.375597 0.514495 1.89759 454196
/joint r_hand 2 0.370426 0.671556 1.8271 454212
/joint torso 2 0.460045 0.498609 1.86168 454212
/joint l_hip 2 0.501153 0.604544 1.86349 454212
/joint l_knee 2 0.509817 0.802424 1.90209 454212
/joint l_foot 2 0.522951 0.839677 1.83151 454228
/joint r_hip 2 0.425473 0.607803 1.84158 454228
/joint r_knee 2 0.414836 0.826421 1.83307 454228
/user/1 0.817373 0 1.69101 0 0 454228
/joint head 2 0.45006 0.249999 1.8582 454245
/joint neck 2 0.457043 0.391601 1.87099 454245
/joint l_shoulder 2 0.518407 0.389065 1.88851 454245
/joint l_elbow 2 0.547823 0.513255 1.94367 454245
/joint l_hand 2 0.565243 0.669516 1.79694 454245
/joint r_shoulder 2 0.39568 0.394137 1.85348 454262
/joint r_elbow 2 0.378366 0.517773 1.89573 454262
/joint r_hand 2 0.376544 0.678842 1.81771 454262
/joint torso 2 0.460148 0.498747 1.86239 454262
/joint l_hip 2 0.501308 0.60432 1.86464 454279
/joint l_knee 2 0.50915 0.798592 1.90666 454279
/joint l_foot 2 0.523496 0.839216 1.83194 454279
/joint r_hip 2 0.425199 0.607466 1.84292 454279
/joint r_knee 2 0.415391 0.826129 1.83318 454296
/user/1 0.818304 0 1.68788 0 0 454296
/joint head 2 0.450867 0.250233 1.86049 454296
/joint neck 2 0.457226 0.391975 1.87156 454296
/joint l_shoulder 2 0.518217 0.389512 1.88984 454312
/joint l_elbow 2 0.5479 0.513399 1.94425 454312
/joint l_hand 2 0.565979 0.674159 1.80608 454312
/joint r_shoulder 2 0.396235 0.394439 1.85329 454312
/joint r_elbow 2 0.378336 0.519963 1.89596 454329
/joint r_hand 2 0.37676 0.681916 1.80663 454329
/joint torso 2 0.460293 0.498878 1.86305 454329
/joint l_hip 2 0.501248 0.604251 1.86588 454329
/joint l_knee 2 0.509077 0.795621 1.90976 454346
/joint l_foot 2 0.523079 0.843598 1.83744 454346
/joint r_hip 2 0.425471 0.607312 1.84318 454346
/joint r_knee 2 0.415647 0.826095 1.8326 454346
/user/1 0.819213 0 1.67719 0 0 454346
/joint head 2 0.452048 0.249868 1.86228 454363
/joint neck 2 0.457535 0.39225 1.87293 454363
/joint l_shoulder 2 0.518629 0.389849 1.89097 454363
/joint l_elbow 2 0.548287 0.513546 1.94505 454363
/joint l_hand 2 0.566002 0.669273 1.80041 454380
/joint r_shoulder 2 0.396441 0.394651 1.85488 454380
/joint r_elbow 2 0.378969 0.527901 1.89549 454380
/joint r_hand 2 0.377349 0.694508 1.80336 454380
/joint torso 2 0.460554 0.498984 1.864 454397
/joint l_hip 2 0.501683 0.604221 1.86633 454397
/joint l_knee 2 0.508576 0.797369 1.915 454397
/joint l_foot 2 0.525204 0.844945 1.84361 454397
/joint r_hip 2 0.425462 0.607216 1.84382 454397
/joint r_knee 2 0.41635 0.826007 1.83122 454414
/user/1 0.820327 0 1.67556 0 0 454414
/joint head 2 0.452005 0.249939 1.86016 454414
/joint neck 2 0.458477 0.392569 1.87681 454414
/joint l_shoulder 2 0.519683 0.39061 1.89555 454431
/joint l_elbow 2 0.548597 0.513586 1.945 454431
/joint l_hand 2 0.569737 0.680872 1.81246 454431
/joint r_shoulder 2 0.397271 0.394528 1.85806 454431
/joint r_elbow 2 0.379279 0.52524 1.89623 454449
/joint r_hand 2 0.37837 0.68969 1.80739 454449
/joint torso 2 0.461214 0.498903 1.86607 454449
/joint l_hip 2 0.502152 0.604014 1.86703 454449
/joint l_knee 2 0.505925 0.791317 1.88972 454466
/joint l_foot 2 0.534223 0.845841 1.86202 454466
/joint r_hip 2 0.425748 0.606459 1.84363 454466
/joint r_knee 2 0.416549 0.825219 1.83058 454466
/user/1 0.820614 0 1.67779 0 0 454466
/joint head 2 0.453576 0.249776 1.86165 454483
/joint neck 2 0.459637 0.392094 1.87805 454483
/joint l_shoulder 2 0.521082 0.390453 1.89877 454483
/joint l_elbow 2 0.549015 0.513987 1.94533 454483
/joint l_hand 2 0.571972 0.68144 1.80473 454500
/joint r_shoulder 2 0.398192 0.393735 1.85733 454500
/joint r_elbow 2 0.37965 0.523649 1.89705 454500
/joint r_hand 2 0.378429 0.689406 1.81014 454500
/joint torso 2 0.462176 0.498211 1.86684 454518
/joint l_hip 2 0.502348 0.603324 1.86832 454518
/joint l_knee 2 0.507711 0.79836 1.89746 454518
/joint l_foot 2 0.532621 0.851084 1.86254 454518
/joint r_hip 2 0.427081 0.605334 1.84293 454518
/joint r_knee 2 0.416903 0.824048 1.83022 454534
/user/1 0.824040 0 1.67781 0 0 454534
/joint head 2 0.456474 0.248965 1.86165 454534
/joint neck 2 0.460692 0.391962 1.87868 454534
/joint l_shoulder 2 0.522204 0.390592 1.90162 454550
/joint l_elbow 2 0.549522 0.515325 1.94799 454551
/joint l_hand 2 0.576954 0.688712 1.81366 454551
/joint r_shoulder 2 0.399181 0.393333 1.85575 454551
/joint r_elbow 2 0.380507 0.521793 1.89633 454567
/joint r_hand 2 0.3784 0.686364 1.80181 454567
/joint torso 2 0.463039 0.498185 1.8678 454567
/joint l_hip 2 0.503477 0.603559 1.87111 454567
/joint l_knee 2 0.51022 0.801133 1.89846 454584
/joint l_foot 2 0.53102 0.853615 1.8608 454584
/joint r_hip 2 0.427293 0.605256 1.8427 454584
/joint r_knee 2 0.417621 0.824222 1.83333 454584
/user/1 0.823228 0 1.68581 0 0 454601
/joint head 2 0.458531 0.248432 1.86133 454601
/joint neck 2 0.462264 0.392523 1.87965 454601
/joint l_shoulder 2 0.523695 0.391864 1.90229 454601
/joint l_elbow 2 0.551538 0.517389 1.95182 454601
/joint l_hand 2 0.578789 0.683489 1.81296 454618
/joint r_shoulder 2 0.400833 0.393182 1.85702 454618
/joint r_elbow 2 0.381354 0.519784 1.89717 454618
/joint r_hand 2 0.37714 0.682837 1.79813 454618
/joint torso 2 0.463967 0.498648 1.86812 454635
/joint l_hip 2 0.503577 0.604366 1.87055 454635
/joint l_knee 2 0.519521 0.81308 1.89693 454635
/joint l_foot 2 0.532719 0.852339 1.86466 454635
/joint r_hip 2 0.427765 0.60518 1.84261 454651
/joint r_knee 2 0.425933 0.806136 1.81515 454652
/joint r_foot 2 0.548422 0.816501 1.88238 454652
/user/1 0.822374 0 1.68247 0 0 454652
/joint head 2 0.459476 0.248981 1.86123 454668
/joint neck 2 0.465068 0.392815 1.87747 454668
/joint l_shoulder 2 0.524874 0.392595 1.90156 454668
/joint l_elbow 2 0.553089 0.518159 1.95279 454668
/joint l_hand 2 0.588863 0.684935 1.82018 454684
/joint r_shoulder 2 0.405262 0.393034 1.85339 454684
/joint r_elbow 2 0.381606 0.518702 1.89826 454684
/joint r_hand 2 0.374474 0.686833 1.79474 454684
/joint torso 2 0.466347 0.500571 1.86698 454701
/joint l_hip 2 0.506779 0.608183 1.87225 454701
/joint l_knee 2 0.52421 0.815827 1.87289 454701
/joint l_foot 2 0.526793 0.84254 1.85693 454701
/joint r_hip 2 0.428474 0.608471 1.84071 454701
/joint r_knee 2 0.430194 0.805929 1.8102 454717
/joint r_foot 2 0.585487 0.791679 1.85853 454717
/user/1 0.822398 0 1.68172 0 0 454717
/joint head 2 0.45975 0.249284 1.86056 454717
/joint neck 2 0.465868 0.392935 1.87749 454734
/joint l_shoulder 2 0.525747 0.392569 1.90186 454734
/joint l_elbow 2 0.555308 0.518057 1.95511 454734
/joint l_hand 2 0.59795 0.679947 1.81932 454734
/joint r_shoulder 2 0.405989 0.393302 1.85311 454752
/joint r_elbow 2 0.381308 0.518228 1.89857 454752
/joint r_hand 2 0.365457 0.685232 1.79182 454752
/joint torso 2 0.467325 0.501669 1.86685 454752
/joint l_hip 2 0.50816 0.610161 1.87223 454769
/joint l_knee 2 0.52688 0.826219 1.87169 454769
/joint l_foot 2 0.514705 0.789508 1.84179 454769
/joint r_hip 2 0.429406 0.610642 1.84017 454769
/joint r_knee 2 0.430915 0.807183 1.80899 454769
/joint r_foot 2 0.56566 0.817871 1.86554 454785
/user/1 0.822837 0 1.68215 0 0 454785
/joint head 2 0.461101 0.249302 1.85939 454785
/joint neck 2 0.46787 0.392641 1.876 454785
/joint l_shoulder 2 0.527596 0.39332 1.90102 454802
/joint l_elbow 2 0.558063 0.518329 1.95679 454802
/joint l_hand 2 0.609917 0.678108 1.82208 454802
/joint r_shoulder 2 0.408144 0.391962 1.85098 454802
/joint r_elbow 2 0.380735 0.51712 1.89995 454818
/joint r_hand 2 0.363805 0.660473 1.80154 454818
/joint torso 2 0.468237 0.50093 1.86588 454818
/joint l_hip 2 0.507711 0.609664 1.87215 454818
/joint l_knee 2 0.526183 0.824862 1.87727 454835
/joint l_foot 2 0.521107 0.814643 1.85017 454835
/joint r_hip 2 0.429499 0.608774 1.83938 454835
/joint r_knee 2 0.431438 0.805515 1.80776 454835
/joint r_foot 2 0.548754 0.802609 1.99161 454851
/user/1 0.823067 0 1.68019 0 0 454851
/joint head 2 0.462254 0.249473 1.85841 454851
/joint neck 2 0.468914 0.39368 1.87592 454851
/joint l_shoulder 2 0.529795 0.39442 1.90046 454868
/joint l_elbow 2 0.569297 0.51741 1.9525 454868
/joint l_hand 2 0.624783 0.667238 1.82115 454868
/joint r_shoulder 2 0.408033 0.392941 1.85138 454868
/joint r_elbow 2 0.381051 0.514978 1.90064 454884
/joint r_hand 2 0.34275 0.67887 1.78414 454884
/joint torso 2 0.469182 0.502356 1.86589 454884
/joint l_hip 2 0.509416 0.611518 1.87196 454884
/joint l_knee 2 0.525287 0.82846 1.87543 454901
/joint l_foot 2 0.52855 0.819263 1.8563 454901
/joint r_hip 2 0.429486 0.610547 1.83975 454901
/joint r_knee 2 0.431297 0.80933 1.81147 454901
/joint r_foot 2 0.546175 0.798103 1.97533 454901
/user/1 0.823423 0 1.68196 0 0 454919
/joint head 2 0.464614 0.249367 1.85728 454919
/joint neck 2 0.469702 0.393252 1.87552 454919
/joint l_shoulder 2 0.53023 0.39392 1.90109 454919
/joint l_elbow 2 0.575342 0.51499 1.95236 454935
/joint l_hand 2 0.635086 0.650689 1.82421 454935
/joint r_shoulder 2 0.409173 0.392583 1.84995 454935
/joint r_elbow 2 0.380308 0.513166 1.90115 454935
/joint r_hand 2 0.321702 0.667662 1.77549 454952
/joint torso 2 0.470058 0.502026 1.86575 454952
/joint l_hip 2 0.50985 0.611237 1.87264 454952
/joint l_knee 2 0.525932 0.834245 1.87546 454952
/joint l_foot 2 0.528157 0.821537 1.8565 454970
/joint r_hip 2 0.430979 0.610366 1.83931 454970
/joint r_knee 2 0.431649 0.809336 1.81168 454970
/joint r_foot 2 0.539594 0.78997 1.95391 454970
/user/1 0.823599 0 1.67885 0 0 454970
/joint head 2 0.466682 0.249678 1.85578 454986
/joint neck 2 0.470349 0.392778 1.8759 454986
/joint l_shoulder 2 0.530936 0.393118 1.90212 454986
/joint l_elbow 2 0.579088 0.507969 1.95957 454986
/joint l_hand 2 0.650373 0.627928 1.83196 455003
/joint r_shoulder 2 0.409762 0.392437 1.84968 455003
/joint r_elbow 2 0.372999 0.509533 1.89445 455003
/joint r_hand 2 0.302493 0.646462 1.77471 455003
/joint torso 2 0.47104 0.50208 1.86632 455019
/joint l_hip 2 0.511475 0.611606 1.87393 455019
/joint l_knee 2 0.525045 0.85912 1.88205 455019
/joint l_foot 2 0.526207 0.813334 1.85253 455019
/joint r_hip 2 0.431988 0.611159 1.83954 455037
/joint r_knee 2 0.431606 0.812184 1.81581 455037
/joint r_foot 2 0.536689 0.785994 1.93998 455037
/user/1 0.823809 0 1.67525 0 0 455037
/joint head 2 0.468314 0.249792 1.85528 455037
/joint neck 2 0.470793 0.392106 1.87648 455053
/joint l_shoulder 2 0.531382 0.392215 1.90418 455053
/joint l_elbow 2 0.582109 0.503811 1.96212 455053
/joint l_hand 2 0.669623 0.615707 1.83795 455053
/joint r_shoulder 2 0.410204 0.391998 1.84878 455070
/joint r_elbow 2 0.36544 0.505249 1.88645 455070
/joint r_hand 2 0.288431 0.628896 1.76318 455070
/joint torso 2 0.471843 0.502081 1.86633 455070
/joint l_hip 2 0.511772 0.612126 1.87395 455086
/joint l_knee 2 0.526196 0.867634 1.88277 455086
/joint l_foot 2 0.519798 0.808754 1.86032 455086
/joint r_hip 2 0.434012 0.611987 1.8384 455086
/joint r_knee 2 0.432763 0.815538 1.81729 455103
/joint r_foot 2 0.52337 0.819709 1.92623 455103
/user/1 0.824325 0 1.67764 0 0 455103
/joint head 2 0.469596 0.249335 1.8556 455103
/joint neck 2 0.472418 0.390435 1.87901 455119
/joint l_shoulder 2 0.534228 0.391092 1.90878 455119
/joint l_elbow 2 0.589877 0.501317 1.96023 455119
/joint l_hand 2 0.689064 0.602582 1.82805 455119
/joint r_shoulder 2 0.410608 0.389777 1.84923 455136
/joint r_elbow 2 0.361037 0.4998 1.88708 455136
/joint r_hand 2 0.275205 0.591674 1.76627 455136
/joint torso 2 0.473232 0.502133 1.8667 455136
/joint l_hip 2 0.512402 0.614239 1.87287 455153
/joint l_knee 2 0.532687 0.876676 1.89596 455153
/joint l_foot 2 0.517073 0.803755 1.85985 455153
/joint r_hip 2 0.435691 0.613423 1.83591 455153
/joint r_knee 2 0.432591 0.833254 1.81323 455153
/user/1 0.823868 0 1.6713 0 0 455170
/joint head 2 0.470639 0.249265 1.85605 455170
/joint neck 2 0.472674 0.390698 1.87894 455170
/joint l_shoulder 2 0.53419 0.391324 1.90874 455170
/joint l_elbow 2 0.597245 0.493087 1.96213 455188
/joint l_hand 2 0.695979 0.576296 1.84298 455188
/joint r_shoulder 2 0.411157 0.390072 1.84914 455188
/joint r_elbow 2 0.356361 0.493283 1.89345 455188
/joint r_hand 2 0.263462 0.559397 1.77548 455204
/joint torso 2 0.473561 0.502482 1.86633 455204
/joint l_hip 2 0.51243 0.614652 1.87212 455204
/joint l_knee 2 0.534769 0.879059 1.90205 455204
/joint l_foot 2 0.511757 0.79669 1.86572 455220
/joint r_hip 2 0.436466 0.613879 1.83532 455220
/joint r_knee 2 0.433055 0.833331 1.81131 455220
/user/1 0.823432 0 1.66576 0 0 455220
/joint head 2 0.471505 0.249059 1.85682 455237
/joint neck 2 0.473079 0.390861 1.8794 455237
/joint l_shoulder 2 0.534226 0.391568 1.90995 455237
/joint l_elbow 2 0.609797 0.482962 1.97236 455237
/joint l_hand 2 0.709738 0.554452 1.84422 455237
/joint r_shoulder 2 0.411933 0.390155 1.84884 455253
/joint r_elbow 2 0.335452 0.480869 1.8914 455253
/joint r_hand 2 0.246327 0.541945 1.76122 455253
/joint torso 2 0.473979 0.503167 1.86636 455253
/joint l_hip 2 0.512307 0.615906 1.87202 455270
/joint l_knee 2 0.523548 0.847969 1.8946 455270
/joint l_foot 2 0.51357 0.794258 1.8646 455270
/joint r_hip 2 0.437449 0.61504 1.83461 455270
/joint r_knee 2 0.437038 0.834268 1.80405 455287
/user/1 0.823790 0 1.6584 0 0 455287
/joint head 2 0.472588 0.249247 1.85712 455287
/joint neck 2 0.47318 0.390696 1.88068 455287
/joint l_shoulder 2 0.534074 0.391544 1.91163 455303
/joint l_elbow 2 0.61338 0.476246 1.97565 455303
/joint l_hand 2 0.723926 0.535446 1.84318 455303
/joint r_shoulder 2 0.412286 0.389849 1.84972 455303
/joint r_elbow 2 0.333891 0.478168 1.88965 455319
/joint r_hand 2 0.231936 0.5151 1.75496 455319
/joint torso 2 0.474054 0.503413 1.86686 455319
/joint l_hip 2 0.511924 0.616645 1.87184 455319
/joint l_knee 2 0.509811 0.773647 1.83764 455336
/joint l_foot 2 0.515299 0.799459 1.86421 455336
/joint r_hip 2 0.437932 0.615616 1.83423 455336
/joint r_knee 2 0.44314 0.834529 1.79898 455336
/user/1 0.825337 0 1.65857 0 0 455352
/joint head 2 0.473445 0.249077 1.8579 455352
/joint neck 2 0.473658 0.390069 1.88244 455353
/joint l_shoulder 2 0.534448 0.391181 1.91242 455353
/joint l_elbow 2 0.613714 0.467362 1.97807 455369
/joint l_hand 2 0.728649 0.5093 1.84935 455369
/joint r_shoulder 2 0.412868 0.388957 1.85245 455369
/joint r_elbow 2 0.325634 0.467163 1.88299 455369
/joint r_hand 2 0.222589 0.490463 1.75285 455369
/joint torso 2 0.474297 0.504163 1.86773 455386
/joint l_hip 2 0.511227 0.618922 1.87092 455386
/joint l_knee 2 0.510163 0.791541 1.83065 455386
/joint l_foot 2 0.516714 0.810742 1.86761 455386
/joint r_hip 2 0.438645 0.617594 1.83513 455403
/joint r_knee 2 0.446039 0.83574 1.79429 455403
/user/1 0.826008 0 1.66032 0 0 455403
/joint head 2 0.475452 0.248835 1.85877 455403
/joint neck 2 0.474351 0.388915 1.88383 455420
/joint l_shoulder 2 0.535903 0.390007 1.91517 455420
/joint l_elbow 2 0.615564 0.459165 1.98142 455420
/joint l_hand 2 0.735633 0.488303 1.8496 455420
/joint r_shoulder 2 0.412798 0.387822 1.8525 455437
/joint r_elbow 2 0.317867 0.454899 1.87369 455437
/joint r_hand 2 0.210009 0.46468 1.7479 455437
/joint torso 2 0.475114 0.503794 1.86882 455437
/joint l_hip 2 0.512123 0.619317 1.87226 455437
/joint l_knee 2 0.509823 0.796315 1.85266 455453
/joint l_foot 2 0.519054 0.817137 1.8738 455453
/joint r_hip 2 0.439632 0.618031 1.83536 455453
/joint r_knee 2 0.434135 0.810826 1.89127 455453
/joint r_foot 2 0.518503 0.794563 1.8766 455470
/user/1 0.826253 0 1.66051 0 0 455470
/joint head 2 0.476263 0.249088 1.85865 455470
/joint neck 2 0.475371 0.388333 1.88478 455470
/joint l_shoulder 2 0.537565 0.389851 1.91684 455487
/joint l_elbow 2 0.620978 0.451905 1.98196 455487
/joint l_hand 2 0.747543 0.470265 1.85003 455487
/joint r_shoulder 2 0.413178 0.386815 1.85272 455487
/joint r_elbow 2 0.318659 0.447572 1.8741 455502
/joint r_hand 2 0.203859 0.43915 1.74969 455502
/joint torso 2 0.475706 0.503244 1.86994 455502
/joint l_hip 2 0.512601 0.619048 1.87394 455502
/joint l_knee 2 0.512425 0.797979 1.86427 455519
/joint l_foot 2 0.521543 0.823124 1.87891 455519
/joint r_hip 2 0.439482 0.617263 1.83625 455519
/joint r_knee 2 0.432839 0.80819 1.88738 455519
/joint r_foot 2 0.518764 0.790738 1.87723 455536
/user/1 0.826613 0 1.66158 0 0 455536
/joint head 2 0.47702 0.249409 1.85935 455536
/joint neck 2 0.475914 0.387815 1.88541 455536
/joint l_shoulder 2 0.538508 0.389418 1.91767 455554
/joint l_elbow 2 0.62441 0.447791 1.98249 455554
/joint l_hand 2 0.748993 0.451464 1.85848 455554
/joint r_shoulder 2 0.413319 0.386213 1.85315 455554
/joint r_elbow 2 0.321046 0.438991 1.87724 455554
/joint r_hand 2 0.204884 0.419126 1.74779 455570
/joint torso 2 0.476207 0.503032 1.87025 455570
/joint l_hip 2 0.512555 0.619172 1.87367 455570
/joint l_knee 2 0.510983 0.784766 1.85089 455570
/joint l_foot 2 0.532959 0.845155 1.86735 455586
/joint r_hip 2 0.440446 0.617326 1.83651 455587
/joint r_knee 2 0.440044 0.83373 1.89404 455587
/user/1 0.827214 0 1.66141 0 0 455587
/joint head 2 0.477216 0.249812 1.85978 455603
/joint neck 2 0.476669 0.387168 1.88574 455603
/joint l_shoulder 2 0.53973 0.389009 1.91834 455603
/joint l_elbow 2 0.629756 0.443087 1.98216 455603
/joint l_hand 2 0.75669 0.438364 1.85131 455619
/joint r_shoulder 2 0.413609 0.385328 1.85314 455619
/joint r_elbow 2 0.313004 0.415903 1.87652 455619
/joint r_hand 2 0.194499 0.397609 1.74021 455619
/joint torso 2 0.476787 0.502564 1.87017 455636
/joint l_hip 2 0.512586 0.619001 1.87304 455636
/joint l_knee 2 0.507804 0.775677 1.84602 455636
/joint l_foot 2 0.534713 0.855015 1.883 455636
/joint r_hip 2 0.441223 0.616918 1.83615 455653
/joint r_knee 2 0.455697 0.835064 1.86023 455653
/user/1 0.827275 0 1.66179 0 0 455654
/joint head 2 0.477477 0.249782 1.85976 455654
/joint neck 2 0.477138 0.386453 1.88649 455654
/joint l_shoulder 2 0.540668 0.388383 1.9192 455670
/joint l_elbow 2 0.6418 0.4311 1.9836 455670
/joint l_hand 2 0.76451 0.426951 1.85114 455670
/joint r_shoulder 2 0.413607 0.384524 1.85379 455670
/joint r_elbow 2 0.312239 0.414711 1.87619 455687
/joint r_hand 2 0.19363 0.381848 1.74335 455687
/joint torso 2 0.477229 0.502155 1.87043 455687
/joint l_hip 2 0.512652 0.618929 1.87256 455687
/joint l_knee 2 0.510087 0.789057 1.85416 455704
/joint l_foot 2 0.422897 0.743111 2.01559 455704
/joint r_hip 2 0.44199 0.616783 1.83618 455704
/joint r_knee 2 0.429187 0.83243 1.89402 455704
/user/1 0.827097 0 1.66023 0 0 455722
/joint head 2 0.478165 0.249719 1.86085 455722
/joint neck 2 0.477252 0.386252 1.8868 455722
/joint l_shoulder 2 0.540733 0.388152 1.91977 455722
/joint l_elbow 2 0.641712 0.428861 1.98306 455722
/joint l_hand 2 0.747897 0.416511 1.87296 455738
/joint r_shoulder 2 0.413772 0.384352 1.85384 455738
/joint r_elbow 2 0.308834 0.40469 1.8648 455738
/joint r_hand 2 0.188821 0.366563 1.73874 455738
/joint torso 2 0.477422 0.501833 1.8705 455754
/joint l_hip 2 0.512328 0.618453 1.87224 455754
/joint l_knee 2 0.530719 0.839996 1.85495 455754
/joint l_foot 2 0.431461 0.753647 2.00515 455754
/joint r_hip 2 0.442857 0.616373 1.83617 455771
/joint r_knee 2 0.429241 0.831918 1.89413 455771
/user/1 0.827275 0 1.65252 0 0 455771
/joint head 2 0.477775 0.249401 1.86118 455771
/joint neck 2 0.477476 0.385409 1.88758 455788
/joint l_shoulder 2 0.5408 0.38705 1.92194 455788
/joint l_elbow 2 0.64302 0.423522 1.98388 455788
/joint l_hand 2 0.743345 0.41258 1.87878 455788
/joint r_shoulder 2 0.414152 0.383768 1.85323 455805
/joint r_elbow 2 0.304841 0.395925 1.85232 455805
/joint r_hand 2 0.190152 0.359286 1.73942 455805
/joint torso 2 0.47825 0.50155 1.8694 455805
/joint l_hip 2 0.512746 0.618564 1.86951 455805
/joint l_knee 2 0.531836 0.837635 1.85834 455822
/joint l_foot 2 0.44373 0.76178 1.98094 455822
/joint r_hip 2 0.445301 0.616817 1.83292 455822
/joint r_knee 2 0.430069 0.831145 1.89298 455822
/user/1 0.825763 0 1.65169 0 0 455839
/joint head 2 0.477649 0.249146 1.86161 455839
/joint neck 2 0.477468 0.384837 1.88789 455839
/joint l_shoulder 2 0.540799 0.385723 1.92189 455839
/joint l_elbow 2 0.642856 0.418817 1.98376 455856
/joint l_hand 2 0.74152 0.406902 1.87486 455856
/joint r_shoulder 2 0.414137 0.383951 1.85388 455856
/joint r_elbow 2 0.30468 0.396287 1.85133 455856
/joint r_hand 2 0.196218 0.352706 1.73347 455874
/joint torso 2 0.47896 0.503438 1.86982 455874
/joint l_hip 2 0.515832 0.622533 1.87075 455874
/joint l_knee 2 0.531433 0.83434 1.86337 455874
/joint l_foot 2 0.450851 0.766199 1.96672 455874
/joint r_hip 2 0.445071 0.621543 1.83276 455890
/joint r_knee 2 0.431078 0.83642 1.89069 455890
/user/1 0.826083 0 1.6485 0 0 455890
/joint head 2 0.478282 0.24881 1.86272 455890
/joint neck 2 0.477495 0.383871 1.8886 455907
/joint l_shoulder 2 0.54097 0.385102 1.92213 455907
/joint l_elbow 2 0.642355 0.414927 1.98366 455907
/joint l_hand 2 0.744522 0.402857 1.87508 455907
/joint r_shoulder 2 0.414019 0.382641 1.85507 455924
/joint r_elbow 2 0.30459 0.395136 1.8514 455924
/joint r_hand 2 0.187084 0.346798 1.72395 455924
/joint torso 2 0.47858 0.501962 1.87063 455924
/joint l_hip 2 0.515017 0.620738 1.87135 455941
/joint l_knee 2 0.529509 0.839074 1.87878 455941
/joint l_foot 2 0.516728 0.828106 1.84472 455941
/joint r_hip 2 0.444312 0.619368 1.834 455941
/joint r_knee 2 0.431518 0.83478 1.88846 455941
/user/1 0.827054 0 1.64288 0 0 455958
/joint head 2 0.479607 0.248109 1.86535 455958
/joint neck 2 0.477411 0.383411 1.8884 455958
/joint l_shoulder 2 0.540384 0.383073 1.9244 455958
/joint l_elbow 2 0.638667 0.408145 1.98885 455976
/joint l_hand 2 0.74416 0.402983 1.88161 455976
/joint r_shoulder 2 0.414438 0.383749 1.8524 455976
/joint r_elbow 2 0.305487 0.396319 1.8483 455976
/joint r_hand 2 0.196049 0.348053 1.7249 455992
/joint torso 2 0.479828 0.501418 1.87398 455992
/joint l_hip 2 0.520554 0.61922 1.88146 455992
/joint l_knee 2 0.529751 0.844835 1.8809 455992
/joint l_foot 2 0.516374 0.814995 1.83493 456008
/joint r_hip 2 0.443937 0.619632 1.83766 456008
/joint r_knee 2 0.431812 0.835391 1.88958 456008
/user/1 0.830018 0 1.62872 0 0 456008
/joint head 2 0.480349 0.247157 1.86777 456024
/joint neck 2 0.477217 0.383119 1.88813 456024
/joint l_shoulder 2 0.540359 0.383203 1.9226 456024
/joint l_elbow 2 0.639008 0.408066 1.98575 456024
/joint l_hand 2 0.762188 0.408757 1.83889 456024
/joint r_shoulder 2 0.414075 0.383035 1.85367 456040
/joint r_elbow 2 0.305237 0.394918 1.84933 456040
/joint r_hand 2 0.204349 0.361759 1.73522 456040
/joint torso 2 0.479214 0.500851 1.87285 456040
/joint l_hip 2 0.518291 0.618633 1.87782 456057
/joint l_knee 2 0.532237 0.856014 1.89024 456057
/joint l_foot 2 0.517703 0.81606 1.83364 456057
/joint r_hip 2 0.444132 0.618534 1.83733 456057
/joint r_knee 2 0.432799 0.833787 1.88746 456074
/user/1 0.830627 0 1.62508 0 0 456074
/joint head 2 0.480476 0.246816 1.86913 456074
/joint neck 2 0.477539 0.382833 1.88862 456074
/joint l_shoulder 2 0.541157 0.383182 1.92242 456091
/joint l_elbow 2 0.640112 0.407689 1.98271 456091
/joint l_hand 2 0.747229 0.402365 1.87015 456091
/joint r_shoulder 2 0.413921 0.382485 1.85481 456091
/joint r_elbow 2 0.305349 0.393827 1.84955 456108
/joint r_hand 2 0.196162 0.34703 1.71622 456108
/joint torso 2 0.479303 0.500488 1.87261 456108
/joint l_hip 2 0.517996 0.618344 1.87623 456108
/joint l_knee 2 0.534399 0.862486 1.89777 456125
/joint l_foot 2 0.555723 0.852151 1.88036 456125
/joint r_hip 2 0.444136 0.617939 1.83698 456125
/joint r_knee 2 0.432339 0.833174 1.88684 456125
/user/1 0.830695 0 1.62429 0 0 456125
/joint head 2 0.480463 0.246609 1.87056 456142
/joint neck 2 0.477967 0.382428 1.88911 456142
/joint l_shoulder 2 0.541988 0.382909 1.92244 456142
/joint l_elbow 2 0.641169 0.406563 1.97897 456142
/joint l_hand 2 0.714829 0.405098 1.90404 456160
/joint r_shoulder 2 0.413947 0.381946 1.85578 456160
/joint r_elbow 2 0.305696 0.393125 1.84895 456160
/joint r_hand 2 0.192697 0.349462 1.71334 456160
/joint torso 2 0.479588 0.5003 1.87283 456175
/joint l_hip 2 0.51848 0.618453 1.87595 456175
/joint l_knee 2 0.53553 0.86573 1.90085 456175
/joint l_foot 2 0.552652 0.848948 1.87893 456175
/joint r_hip 2 0.443939 0.617892 1.83714 456192
/joint r_knee 2 0.432918 0.833275 1.88627 456192
/user/1 0.831220 0 1.6243 0 0 456192
/joint head 2 0.480685 0.246083 1.87279 456192
/joint neck 2 0.478764 0.3818 1.88966 456210
/joint l_shoulder 2 0.543376 0.382838 1.92246 456210
/joint l_elbow 2 0.642229 0.406525 1.9756 456210
/joint l_hand 2 0.752891 0.407328 1.86411 456210
/joint r_shoulder 2 0.414152 0.380761 1.85686 456210
/joint r_elbow 2 0.306196 0.391909 1.84899 456226
/joint r_hand 2 0.19397 0.349841 1.70901 456226
/joint torso 2 0.479822 0.499927 1.87291 456226
/joint l_hip 2 0.517901 0.618649 1.87495 456226
/joint l_knee 2 0.535981 0.866665 1.90159 456244
/joint l_foot 2 0.550123 0.846264 1.87599 456244
/joint r_hip 2 0.443859 0.617459 1.83736 456244
/joint r_knee 2 0.433417 0.832796 1.88593 456244
/user/1 0.831663 0 1.62056 0 0 456260
/joint head 2 0.480591 0.245863 1.87247 456260
/joint neck 2 0.479022 0.381524 1.88987 456260
/joint l_shoulder 2 0.543836 0.382662 1.92185 456260
/joint l_elbow 2 0.642844 0.406639 1.97311 456277
/joint l_hand 2 0.756167 0.405929 1.86133 456277
/joint r_shoulder 2 0.414209 0.380386 1.85789 456277
/joint r_elbow 2 0.306915 0.391669 1.84891 456278
/joint r_hand 2 0.195329 0.353875 1.70292 456278
/joint torso 2 0.479924 0.499501 1.87312 456293
/joint l_hip 2 0.517599 0.618125 1.87451 456293
/joint l_knee 2 0.536325 0.866736 1.9029 456294
/joint l_foot 2 0.547997 0.848132 1.88293 456294
/joint r_hip 2 0.44405 0.616833 1.83822 456309
/joint r_knee 2 0.433786 0.832545 1.88637 456310
/user/1 0.832443 0 1.61657 0 0 456310
/joint head 2 0.480314 0.245471 1.87243 456310
/joint neck 2 0.479072 0.381087 1.89014 456326
/joint l_shoulder 2 0.544237 0.382441 1.92006 456326
/joint l_elbow 2 0.643665 0.406855 1.9688 456326
/joint l_hand 2 0.765682 0.413001 1.86535 456326
/joint r_shoulder 2 0.413908 0.379733 1.86022 456343
/joint r_elbow 2 0.306552 0.391555 1.84995 456343
/joint r_hand 2 0.196813 0.354785 1.70516 456343
/joint torso 2 0.479494 0.499014 1.87445 456343
/joint l_hip 2 0.517077 0.617713 1.87583 456360
/joint l_knee 2 0.536071 0.867469 1.90571 456360
/joint l_foot 2 0.545708 0.846004 1.88336 456360
/joint r_hip 2 0.442756 0.616169 1.84171 456360
/joint r_knee 2 0.433844 0.832347 1.88609 456377
/user/1 0.834106 0 1.61677 0 0 456377
/joint head 2 0.480095 0.245382 1.87231 456377
/joint neck 2 0.479169 0.38076 1.89062 456378
/joint l_shoulder 2 0.544674 0.38208 1.9197 456378
/joint l_elbow 2 0.644394 0.407286 1.96693 456394
/joint l_hand 2 0.762408 0.411778 1.87608 456394
/joint r_shoulder 2 0.413665 0.379441 1.86154 456394
/joint r_elbow 2 0.306282 0.392074 1.84975 456394
/joint r_hand 2 0.194803 0.358695 1.70997 456412
/joint torso 2 0.479467 0.498951 1.87588 456412
/joint l_hip 2 0.517547 0.617902 1.8779 456412
/joint l_knee 2 0.536183 0.867803 1.90771 456412
/joint l_foot 2 0.54175 0.834777 1.8788 456429
/joint r_hip 2 0.441981 0.616381 1.84436 456429
/joint r_knee 2 0.433648 0.832767 1.88674 456429
/user/1 0.834832 0 1.61018 0 0 456429
/joint head 2 0.480222 0.245385 1.87235 456429
/joint neck 2 0.479304 0.380651 1.89089 456445
/joint l_shoulder 2 0.544936 0.381958 1.92059 456445
/joint l_elbow 2 0.645271 0.40712 1.96647 456445
/joint l_hand 2 0.772865 0.402344 1.87038 456445
/joint r_shoulder 2 0.413672 0.379344 1.86119 456462
/joint r_elbow 2 0.306404 0.392671 1.8487 456462
/joint r_hand 2 0.192432 0.361136 1.70954 456462
/joint torso 2 0.479669 0.498738 1.87597 456462
/joint l_hip 2 0.517428 0.61757 1.87796 456478
/joint l_knee 2 0.536348 0.873186 1.9106 456478
/joint l_foot 2 0.538772 0.827059 1.8735 456478
/joint r_hip 2 0.442641 0.616081 1.84412 456478
/joint r_knee 2 0.436004 0.832595 1.88623 456495
/user/1 0.835361 0 1.60532 0 0 456495
/joint head 2 0.480288 0.24566 1.87292 456495
/joint neck 2 0.479434 0.380342 1.89163 456495
/joint l_shoulder 2 0.545344 0.381788 1.9219 456513
/joint l_elbow 2 0.645958 0.407291 1.96607 456513
/joint l_hand 2 0.771502 0.405794 1.87754 456513
/joint r_shoulder 2 0.413524 0.378896 1.86135 456513
/joint r_elbow 2 0.306665 0.39242 1.84704 456513
/joint r_hand 2 0.19005 0.36168 1.70684 456529
/joint torso 2 0.479767 0.49863 1.87601 456530
/joint l_hip 2 0.517245 0.617732 1.87745 456530
/joint l_knee 2 0.53631 0.874749 1.91061 456530
/joint l_foot 2 0.536572 0.820659 1.86923 456546
/joint r_hip 2 0.442956 0.616102 1.84333 456546
/joint r_knee 2 0.435532 0.832742 1.88436 456546
/user/1 0.835751 0 1.60357 0 0 456546
/joint head 2 0.480636 0.245966 1.8726 456562
/joint neck 2 0.479465 0.380036 1.89201 456562
/joint l_shoulder 2 0.545491 0.381584 1.92258 456562
/joint l_elbow 2 0.646639 0.407282 1.96596 456562
/joint l_hand 2 0.773493 0.404027 1.88218 456578
/joint r_shoulder 2 0.413439 0.378488 1.86144 456578
/joint r_elbow 2 0.306965 0.39214 1.84532 456578
/joint r_hand 2 0.192041 0.362055 1.71139 456578
/joint torso 2 0.479791 0.498405 1.87571 456595
/joint l_hip 2 0.517195 0.617644 1.87658 456595
/joint l_knee 2 0.533812 0.855607 1.88772 456595
/joint l_foot 2 0.538124 0.827482 1.87243 456595
/joint r_hip 2 0.443037 0.615905 1.84224 456611
/joint r_knee 2 0.435615 0.832562 1.88364 456611
/user/1 0.836387 0 1.59353 0 0 456611
/joint head 2 0.480936 0.246302 1.87237 456611
/joint neck 2 0.479771 0.379745 1.89216 456627
/joint l_shoulder 2 0.545978 0.381385 1.92328 456627
/joint l_elbow 2 0.647062 0.407555 1.96722 456627
/joint l_hand 2 0.771967 0.403421 1.89776 456627
/joint r_shoulder 2 0.413563 0.378104 1.86104 456644
/joint r_elbow 2 0.306953 0.392077 1.84425 456644
/joint r_hand 2 0.192305 0.365736 1.7133 456644
/joint torso 2 0.480062 0.49794 1.87566 456644
/joint l_hip 2 0.517607 0.617058 1.87666 456662
/joint l_knee 2 0.535516 0.825748 1.88756 456662
/joint l_foot 2 0.541399 0.838196 1.88133 456662
/joint r_hip 2 0.4431 0.615211 1.84165 456662
/joint r_knee 2 0.438539 0.839996 1.88048 456662
/joint r_foot 2 0.537088 0.878195 1.99357 456677
/user/1 0.836257 0 1.5874 0 0 456677
/joint head 2 0.480861 0.246617 1.87192 456677
/joint neck 2 0.479915 0.379488 1.89247 456678
/joint l_shoulder 2 0.546377 0.381196 1.92349 456694
/joint l_elbow 2 0.647673 0.407524 1.96697 456694
/joint l_hand 2 0.775541 0.400001 1.89764 456694
/joint r_shoulder 2 0.413454 0.37778 1.86145 456694
/joint r_elbow 2 0.30662 0.392107 1.84446 456711
/joint r_hand 2 0.191572 0.365996 1.72087 456711
/joint torso 2 0.480077 0.49742 1.87648 456711
/joint l_hip 2 0.517766 0.616317 1.87801 456711
/joint l_knee 2 0.491033 0.78345 1.84158 456727
/joint l_foot 2 0.547693 0.848689 1.90404 456727
/joint r_hip 2 0.442709 0.614388 1.84297 456727
/joint r_knee 2 0.438232 0.833976 1.88391 456727
/joint r_foot 2 0.534279 0.869731 2.01037 456744
/user/1 0.836336 0 1.58597 0 0 456744
/joint head 2 0.480783 0.247096 1.87229 456744
/joint neck 2 0.479886 0.37923 1.89278 456744
/joint l_shoulder 2 0.546475 0.38096 1.92411 456744
/joint l_elbow 2 0.647824 0.407232 1.96735 456761
/joint l_hand 2 0.771536 0.396812 1.91022 456761
/joint r_shoulder 2 0.413297 0.3775 1.86145 456761
/joint r_elbow 2 0.306246 0.392287 1.8442 456761
/joint r_hand 2 0.184377 0.364971 1.72689 456777
/joint torso 2 0.480047 0.497345 1.87673 456777
/joint l_hip 2 0.517665 0.616434 1.87831 456778
/joint l_knee 2 0.498006 0.786975 1.84527 456778
/joint l_foot 2 0.539882 0.847441 1.88824 456793
/joint r_hip 2 0.442753 0.614488 1.84306 456794
/joint r_knee 2 0.43926 0.831026 1.88312 456794
/joint r_foot 2 0.532639 0.875736 2.00454 456794
/user/1 0.836012 0 1.58547 0 0 456810
/joint head 2 0.480908 0.247476 1.87249 456810
/joint neck 2 0.479912 0.379132 1.89242 456810
/joint l_shoulder 2 0.546458 0.380778 1.92469 456810
/joint l_elbow 2 0.648816 0.406365 1.96783 456826
/joint l_hand 2 0.768796 0.390898 1.92038 456826
/joint r_shoulder 2 0.413366 0.377487 1.86015 456826
/joint r_elbow 2 0.306236 0.392513 1.84333 456826
/joint r_hand 2 0.184387 0.365403 1.72694 456843
/joint torso 2 0.480103 0.497391 1.87728 456843
/joint l_hip 2 0.518104 0.616585 1.88048 456843
/joint l_knee 2 0.514479 0.803988 1.84654 456843
/joint l_foot 2 0.538256 0.849439 1.89166 456859
/joint r_hip 2 0.442483 0.614716 1.84381 456859
/joint r_knee 2 0.439505 0.831806 1.88568 456859
/joint r_foot 2 0.556442 0.845697 1.88171 456859
/user/1 0.835280 0 1.58952 0 0 456875
/joint head 2 0.480917 0.24778 1.8727 456875
/joint neck 2 0.479873 0.379182 1.89175 456875
/joint l_shoulder 2 0.546343 0.380913 1.92477 456875
/joint l_elbow 2 0.648584 0.40562 1.96941 456892
/joint l_hand 2 0.768598 0.391925 1.92134 456892
/joint r_shoulder 2 0.413403 0.37745 1.85873 456892
/joint r_elbow 2 0.306428 0.392396 1.84267 456892
/joint r_hand 2 0.188038 0.365095 1.72827 456892
/joint torso 2 0.480086 0.497786 1.87604 456910
/joint l_hip 2 0.518131 0.617376 1.87913 456910
/joint l_knee 2 0.525212 0.797706 1.84323 456910
/joint l_foot 2 0.536375 0.852777 1.89135 456910
/joint r_hip 2 0.442468 0.615405 1.84154 456926
/joint r_knee 2 0.441674 0.829661 1.88452 456926
/joint r_foot 2 0.540967 0.821533 2.01738 456926
/user/1 0.834261 0 1.59407 0 0 456926
/joint head 2 0.480737 0.247788 1.87322 456943
/joint neck 2 0.480131 0.379007 1.89109 456943
/joint l_shoulder 2 0.546641 0.380738 1.92438 456943
/joint l_elbow 2 0.649418 0.405248 1.97002 456943
/joint l_hand 2 0.766071 0.388049 1.92381 456960
/joint r_shoulder 2 0.413622 0.377275 1.8578 456960
/joint r_elbow 2 0.306653 0.392399 1.84302 456960
/joint r_hand 2 0.184367 0.367155 1.7265 456960
/joint torso 2 0.480336 0.497718 1.87556 456960
/joint l_hip 2 0.51843 0.617415 1.87899 456976
/joint l_knee 2 0.521738 0.790515 1.83454 456976
/joint l_foot 2 0.534667 0.854246 1.89101 456976
/joint r_hip 2 0.442652 0.615442 1.84106 456977
/joint r_knee 2 0.442447 0.829269 1.88459 456993
/joint r_foot 2 0.527248 0.847705 2.00236 456993
/user/1 0.834590 0 1.59652 0 0 456993
/joint head 2 0.480848 0.247885 1.87281 456993
/joint neck 2 0.48077 0.37896 1.89114 457010
/joint l_shoulder 2 0.547702 0.380966 1.92481 457010
/joint l_elbow 2 0.649499 0.404169 1.97516 457011
/joint l_hand 2 0.766214 0.386332 1.92614 457011
/joint r_shoulder 2 0.413838 0.376953 1.85747 457027
/joint r_elbow 2 0.306891 0.392285 1.84276 457027
/joint r_hand 2 0.186107 0.366635 1.72957 457027
/joint torso 2 0.48077 0.497651 1.87523 457027
/joint l_hip 2 0.518487 0.617472 1.8783 457044
/joint l_knee 2 0.511165 0.780207 1.83215 457044
/joint l_foot 2 0.535592 0.85811 1.8933 457044
/joint r_hip 2 0.443052 0.615211 1.84035 457044
/joint r_knee 2 0.442979 0.826988 1.88962 457059
/joint r_foot 2 0.525604 0.842947 2.02541 457059
/user/1 0.835365 0 1.59351 0 0 457060
/joint head 2 0.480956 0.247819 1.87207 457060
/joint neck 2 0.480709 0.378954 1.89116 457076
/joint l_shoulder 2 0.547619 0.380744 1.92532 457076
/joint l_elbow 2 0.649053 0.403058 1.97944 457076
/joint l_hand 2 0.783507 0.370719 1.92436 457076
/joint r_shoulder 2 0.413798 0.377163 1.85699 457076
/joint r_elbow 2 0.307254 0.392822 1.84181 457093
/joint r_hand 2 0.219299 0.370497 1.74835 457093
/joint torso 2 0.481033 0.49751 1.87464 457093
/joint l_hip 2 0.518895 0.617071 1.87729 457093
/joint l_knee 2 0.506975 0.776109 1.83187 457110
/joint l_foot 2 0.535089 0.860551 1.89779 457110
/joint r_hip 2 0.443819 0.615063 1.83895 457110
/joint r_knee 2 0.443147 0.826852 1.89115 457111
/joint r_foot 2 0.514228 0.871085 2.01461 457127
/user/1 0.836551 0 1.59289 0 0 457127
/joint head 2 0.481182 0.247879 1.87189 457127
/joint neck 2 0.480629 0.379041 1.89133 457127
/joint l_shoulder 2 0.547483 0.380848 1.92513 457144
/joint l_elbow 2 0.64873 0.403029 1.98018 457144
/joint l_hand 2 0.765985 0.386415 1.92864 457144
/joint r_shoulder 2 0.413775 0.377234 1.85754 457144
/joint r_elbow 2 0.308084 0.393061 1.84075 457160
/joint r_hand 2 0.186869 0.368503 1.72637 457160
/joint torso 2 0.48094 0.497388 1.87463 457160
/joint l_hip 2 0.518698 0.616748 1.87685 457160
/joint l_knee 2 0.508978 0.779234 1.83196 457160
/joint l_foot 2 0.532824 0.866327 1.90695 457177
/joint r_hip 2 0.443805 0.614724 1.839 457177
/joint r_knee 2 0.441733 0.826207 1.89229 457177
/joint r_foot 2 0.516098 0.857916 1.99509 457177
/user/1 0.837667 0 1.59084 0 0 457194
/joint head 2 0.481398 0.247659 1.87145 457194
/joint neck 2 0.480551 0.379199 1.8914 457194
/joint l_shoulder 2 0.547395 0.381082 1.92473 457194
/joint l_elbow 2 0.646956 0.401551 1.98468 457211
/joint l_hand 2 0.763746 0.38591 1.9323 457211
/joint r_shoulder 2 0.413706 0.377316 1.85806 457211
/joint r_elbow 2 0.308611 0.393357 1.83997 457211
/joint r_hand 2 0.184039 0.371401 1.72959 457228
/joint torso 2 0.480814 0.497425 1.87425 457228
/joint l_hip 2 0.518357 0.6167 1.8757 457228
/joint l_knee 2 0.510334 0.782824 1.8332 457228
/joint l_foot 2 0.529856 0.870375 1.91043 457245
/joint r_hip 2 0.4438 0.6146 1.83852 457245
/joint r_knee 2 0.440534 0.827739 1.89287 457245
/joint r_foot 2 0.508486 0.880562 1.99206 457246
/user/1 0.837745 0 1.59093 0 0 457246
/joint head 2 0.481237 0.248233 1.8713 457261
/joint neck 2 0.480624 0.379306 1.89154 457261
/joint l_shoulder 2 0.547555 0.381342 1.92458 457261
/joint l_elbow 2 0.64514 0.400359 1.99097 457261
/joint l_hand 2 0.766228 0.389598 1.93217 457277
/joint r_shoulder 2 0.413693 0.377271 1.8585 457278
/joint r_elbow 2 0.308962 0.393706 1.83907 457278
/joint r_hand 2 0.184833 0.37227 1.72671 457278
/joint torso 2 0.480772 0.497547 1.87394 457294
/joint l_hip 2 0.518323 0.616926 1.87481 457294
/joint l_knee 2 0.512903 0.783727 1.8344 457294
/joint l_foot 2 0.526186 0.878151 1.91188 457294
/joint r_hip 2 0.443518 0.61465 1.83788 457311
/joint r_knee 2 0.441412 0.827931 1.89008 457311
/joint r_foot 2 0.521883 0.875892 1.97627 457311
/user/1 0.838257 0 1.59079 0 0 457311
/joint head 2 0.481182 0.248604 1.87086 457327
/joint neck 2 0.480664 0.379289 1.89184 457328
/joint l_shoulder 2 0.547551 0.381373 1.92436 457328
/joint l_elbow 2 0.645554 0.400662 1.98955 457328
/joint l_hand 2 0.76448 0.391376 1.93096 457344
/joint r_shoulder 2 0.413777 0.377205 1.85932 457344
/joint r_elbow 2 0.309195 0.394061 1.83864 457344
/joint r_hand 2 0.185165 0.372632 1.72385 457344
/joint torso 2 0.480785 0.497656 1.87378 457359
/joint l_hip 2 0.518312 0.617188 1.87391 457359
/joint l_knee 2 0.515717 0.795395 1.84222 457359
/joint l_foot 2 0.524442 0.866421 1.90136 457359
/joint r_hip 2 0.443499 0.614857 1.83754 457376
/joint r_knee 2 0.441133 0.755411 1.78526 457376
/joint r_foot 2 0.56163 0.854819 1.88015 457376
/user/1 0.839713 0 1.59251 0 0 457376
/joint head 2 0.48079 0.248846 1.87091 457376
/joint neck 2 0.480637 0.379054 1.89144 457393
/joint l_shoulder 2 0.547286 0.381206 1.92425 457393
/joint l_elbow 2 0.642484 0.399918 1.99108 457393
/joint l_hand 2 0.7661 0.390501 1.93446 457393
/joint r_shoulder 2 0.413989 0.376902 1.85863 457409
/joint r_elbow 2 0.30927 0.394357 1.83764 457409
/joint r_hand 2 0.193844 0.371782 1.72237 457409
/joint torso 2 0.480835 0.497909 1.87229 457409
/joint l_hip 2 0.518377 0.617969 1.87152 457425
/joint l_knee 2 0.516975 0.802304 1.84859 457425
/joint l_foot 2 0.52266 0.856074 1.89106 457425
/joint r_hip 2 0.443689 0.615558 1.83476 457426
/joint r_knee 2 0.441845 0.758273 1.78908 457442
/joint r_foot 2 0.580625 0.906462 1.89744 457442
/user/1 0.839959 0 1.59535 0 0 457442
/joint head 2 0.480336 0.24929 1.87126 457442
/joint neck 2 0.480524 0.378863 1.89131 457458
/joint l_shoulder 2 0.547042 0.381138 1.92468 457458
/joint l_elbow 2 0.643766 0.400776 1.98863 457458
/joint l_hand 2 0.768015 0.391569 1.9358 457458
/joint r_shoulder 2 0.414005 0.376589 1.85794 457474
/joint r_elbow 2 0.309238 0.394447 1.83662 457474
/joint r_hand 2 0.185011 0.3732 1.71885 457474
/joint torso 2 0.480783 0.499221 1.87079 457474
/joint l_hip 2 0.518529 0.62086 1.86907 457492
/joint l_knee 2 0.51843 0.808568 1.85028 457492
/joint l_foot 2 0.521079 0.848589 1.88206 457492
/joint r_hip 2 0.443554 0.618297 1.83146 457492
/joint r_knee 2 0.44923 0.759248 1.80412 457508
/joint r_foot 2 0.464282 0.723629 1.91335 457508
/user/1 0.839714 0 1.59474 0 0 457508
/joint head 2 0.479875 0.249593 1.87173 457508
/joint neck 2 0.480483 0.378559 1.89133 457525
/joint l_shoulder 2 0.546902 0.380744 1.92411 457525
/joint l_elbow 2 0.641204 0.399435 1.98992 457525
/joint l_hand 2 0.775724 0.393259 1.93449 457525
/joint r_shoulder 2 0.414064 0.376375 1.85855 457525
/joint r_elbow 2 0.309426 0.394758 1.83718 457542
/joint r_hand 2 0.185168 0.372391 1.71909 457542
/joint torso 2 0.480738 0.498536 1.87128 457542
/joint l_hip 2 0.518007 0.61973 1.8695 457542
/joint l_knee 2 0.519822 0.808298 1.8524 457559
/joint l_foot 2 0.52072 0.851991 1.88043 457559
/joint r_hip 2 0.443978 0.617296 1.83296 457559
/joint r_knee 2 0.459103 0.81436 1.83557 457559
/joint r_foot 2 0.470121 0.736664 1.94455 457576
/user/1 0.839397 0 1.59518 0 0 457576
/joint head 2 0.479467 0.249763 1.87191 457576
/joint neck 2 0.480339 0.3785 1.8908 457576
/joint l_shoulder 2 0.546647 0.380579 1.92381 457593
/joint l_elbow 2 0.642881 0.400277 1.98685 457593
/joint l_hand 2 0.768902 0.393668 1.93771 457593
/joint r_shoulder 2 0.414031 0.376421 1.85778 457593
/joint r_elbow 2 0.30945 0.395265 1.83709 457593
/joint r_hand 2 0.186212 0.372604 1.71245 457609
/joint torso 2 0.480657 0.498309 1.87127 457609
/joint l_hip 2 0.517894 0.619276 1.87012 457609
/joint l_knee 2 0.520527 0.809636 1.85486 457610
/joint l_foot 2 0.520592 0.855429 1.87919 457626
/joint r_hip 2 0.444055 0.616961 1.83336 457626
/joint r_knee 2 0.519481 0.56685 1.83637 457626
/joint r_foot 2 0.477533 0.745309 1.93028 457626
/user/1 0.838935 0 1.59893 0 0 457643
/joint head 2 0.479102 0.249595 1.87175 457643
/joint neck 2 0.480109 0.378464 1.89058 457643
/joint l_shoulder 2 0.546372 0.380373 1.92372 457643
/joint l_elbow 2 0.642321 0.400271 1.9856 457660
/joint l_hand 2 0.766965 0.393743 1.93507 457660
/joint r_shoulder 2 0.413846 0.376556 1.85743 457660
/joint r_elbow 2 0.309284 0.395471 1.83766 457660
/joint r_hand 2 0.185993 0.373282 1.71141 457660
/joint torso 2 0.480583 0.498156 1.87128 457677
/joint l_hip 2 0.517882 0.618909 1.87041 457677
/joint l_knee 2 0.522597 0.785635 1.83136 457677
/joint l_foot 2 0.520469 0.876829 1.88048 457677
/joint r_hip 2 0.444231 0.616788 1.83357 457693
/joint r_knee 2 0.511089 0.601499 1.83759 457693
/joint r_foot 2 0.474089 0.785736 1.92334 457693
/user/1 0.838635 0 1.60215 0 0 457693
/joint head 2 0.478629 0.249358 1.87173 457710
/joint neck 2 0.479654 0.378412 1.89016 457710
/joint l_shoulder 2 0.545721 0.380278 1.92373 457710
/joint l_elbow 2 0.642881 0.400916 1.98364 457710
/joint l_hand 2 0.766974 0.394964 1.93256 457726
/joint r_shoulder 2 0.413588 0.376545 1.85658 457726
/joint r_elbow 2 0.309295 0.395943 1.83677 457726
/joint r_hand 2 0.186457 0.371682 1.71182 457726
/joint torso 2 0.480222 0.49838 1.87068 457742
/joint l_hip 2 0.517828 0.619394 1.87003 457742
/joint l_knee 2 0.521329 0.775786 1.8238 457742
/joint l_foot 2 0.526064 0.920995 1.95513 457742
/joint r_hip 2 0.44375 0.617301 1.83239 457759
/joint r_knee 2 0.500849 0.635603 1.84098 457759
/joint r_foot 2 0.465426 0.82303 1.92708 457759
/user/1 0.838985 0 1.6037 0 0 457759
/joint head 2 0.477882 0.249061 1.8725 457776
/joint neck 2 0.479501 0.378481 1.89018 457776
/joint l_shoulder 2 0.544847 0.381287 1.9288 457776
/joint l_elbow 2 0.642121 0.402102 1.98824 457776
/joint l_hand 2 0.763335 0.39628 1.93678 457793
/joint r_shoulder 2 0.414156 0.375675 1.85156 457793
/joint r_elbow 2 0.310032 0.395106 1.83204 457793
/joint r_hand 2 0.186386 0.371137 1.706 457793
/joint torso 2 0.479053 0.496019 1.874 457793
/joint l_hip 2 0.515571 0.615144 1.87966 457810
/joint l_knee 2 0.529951 0.855084 1.86107 457810
/joint l_foot 2 0.519634 0.844529 1.87793 457810
/joint r_hip 2 0.441638 0.611969 1.83597 457810
/joint r_knee 2 0.489438 0.658908 1.84905 457826
/joint r_foot 2 0.45843 0.850667 1.93657 457826
/user/1 0.838706 0 1.60585 0 0 457826
/joint head 2 0.477369 0.248925 1.87329 457826
/joint neck 2 0.47937 0.37871 1.89033 457843
/joint l_shoulder 2 0.544637 0.381857 1.93018 457843
/joint l_elbow 2 0.641425 0.402576 1.989 457843
/joint l_hand 2 0.764155 0.396082 1.93528 457843
/joint r_shoulder 2 0.414102 0.375564 1.85048 457860
/joint r_elbow 2 0.30998 0.395104 1.83119 457860
/joint r_hand 2 0.18792 0.372103 1.70634 457860
/joint torso 2 0.478577 0.496368 1.87462 457860
/joint l_hip 2 0.514784 0.61581 1.8815 457860
/joint l_knee 2 0.529776 0.851625 1.85837 457877
/joint l_foot 2 0.520744 0.843229 1.87476 457877
/joint r_hip 2 0.440784 0.612242 1.83632 457877
/joint r_knee 2 0.480707 0.683803 1.85265 457877
/joint r_foot 2 0.493796 0.845882 2.11535 457894
/user/1 0.836707 0 1.61375 0 0 457894
/joint head 2 0.477112 0.24855 1.87392 457894
/joint neck 2 0.477325 0.378479 1.89028 457894
/joint l_shoulder 2 0.542669 0.380478 1.92709 457911
/joint l_elbow 2 0.64017 0.402147 1.98286 457911
/joint l_hand 2 0.761228 0.396376 1.93417 457911
/joint r_shoulder 2 0.411982 0.37648 1.85347 457911
/joint r_elbow 2 0.308773 0.396275 1.83358 457927
/joint r_hand 2 0.186252 0.373179 1.71259 457927
/joint torso 2 0.477622 0.497518 1.87363 457927
/joint l_hip 2 0.514939 0.617689 1.87783 457927
/joint l_knee 2 0.5293 0.847422 1.85937 457944
/joint l_foot 2 0.460149 0.790748 1.96053 457944
/joint r_hip 2 0.440898 0.615424 1.83612 457944
/joint r_knee 2 0.512757 0.810899 1.87069 457944
/user/1 0.835975 0 1.61925 0 0 457944
/joint head 2 0.476546 0.248619 1.87329 457961
/joint neck 2 0.477172 0.37832 1.89029 457961
/joint l_shoulder 2 0.542812 0.3808 1.92583 457961
/joint l_elbow 2 0.640268 0.401678 1.98357 457961
/joint l_hand 2 0.739415 0.389632 1.94189 457978
/joint r_shoulder 2 0.411532 0.37584 1.85474 457978
/joint r_elbow 2 0.308161 0.396326 1.83383 457978
/joint r_hand 2 0.189099 0.374725 1.71306 457978
/joint torso 2 0.476843 0.496607 1.87415 457994
/joint l_hip 2 0.513124 0.616277 1.87784 457994
/joint l_knee 2 0.529362 0.840376 1.85845 457994
/joint l_foot 2 0.465213 0.795222 1.95306 457994
/joint r_hip 2 0.439905 0.613511 1.83819 458010
/joint r_knee 2 0.491972 0.820151 1.86827 458010
/user/1 0.835719 0 1.62217 0 0 458010
/joint head 2 0.476023 0.248617 1.87269 458010
/joint neck 2 0.476616 0.378483 1.89033 458027
/joint l_shoulder 2 0.542862 0.38065 1.92098 458027
/joint l_elbow 2 0.641219 0.400743 1.97952 458027
/joint l_hand 2 0.763382 0.389886 1.92374 458027
/joint r_shoulder 2 0.410369 0.376316 1.85968 458044
/joint r_elbow 2 0.307355 0.397035 1.83792 458044
/joint r_hand 2 0.182551 0.378012 1.71226 458044
/joint torso 2 0.47608 0.496998 1.87611 458044
/joint l_hip 2 0.513316 0.616748 1.87936 458044
/joint l_knee 2 0.515483 0.775204 1.85002 458061
/joint l_foot 2 0.473728 0.802145 1.95115 458061
/joint r_hip 2 0.437773 0.614277 1.84441 458061
/joint r_knee 2 0.47875 0.826056 1.86359 458061
/user/1 0.835371 0 1.62306 0 0 458078
/joint head 2 0.474695 0.248417 1.87302 458078
/joint neck 2 0.47598 0.378351 1.89053 458078
/joint l_shoulder 2 0.542089 0.380318 1.9228 458078
/joint l_elbow 2 0.641184 0.400312 1.98111 458095
/joint l_hand 2 0.761536 0.389008 1.93066 458095
/joint r_shoulder 2 0.409872 0.376384 1.85826 458095
/joint r_elbow 2 0.307168 0.397438 1.83618 458095
/joint r_hand 2 0.182623 0.379437 1.71273 458111
/joint torso 2 0.47586 0.496956 1.87525 458111
/joint l_hip 2 0.512936 0.616667 1.87812 458111
/joint l_knee 2 0.51682 0.792734 1.83495 458111
/joint l_foot 2 0.480895 0.813628 1.94803 458127
/joint r_hip 2 0.438544 0.614454 1.84181 458127
/joint r_knee 2 0.469004 0.828954 1.86999 458127
/user/1 0.834468 0 1.62371 0 0 458127
/joint head 2 0.473288 0.248422 1.87247 458144
/joint neck 2 0.47534 0.378181 1.89068 458144
/joint l_shoulder 2 0.541626 0.380145 1.92303 458144
/joint l_elbow 2 0.641094 0.40023 1.98069 458144
/joint l_hand 2 0.759014 0.394044 1.93022 458161
/joint r_shoulder 2 0.409053 0.376216 1.85833 458161
/joint r_elbow 2 0.306015 0.398121 1.83579 458161
/joint r_hand 2 0.183411 0.379039 1.71107 458162
/joint torso 2 0.475247 0.496715 1.87524 458162
/joint l_hip 2 0.512199 0.616347 1.87788 458178
/joint l_knee 2 0.514122 0.782915 1.80754 458178
/joint l_foot 2 0.486493 0.826511 1.94822 458178
/joint r_hip 2 0.438111 0.614151 1.84172 458178
/joint r_knee 2 0.462999 0.829793 1.87211 458195
/user/1 0.833497 0 1.62457 0 0 458195
/joint head 2 0.472624 0.248539 1.87173 458195
/joint neck 2 0.473559 0.378009 1.89003 458195
/joint l_shoulder 2 0.539714 0.379135 1.92238 458211
/joint l_elbow 2 0.631737 0.40081 1.98466 458212
/joint l_hand 2 0.750832 0.392584 1.92637 458212
/joint r_shoulder 2 0.407404 0.376884 1.85769 458212
/joint r_elbow 2 0.304913 0.399098 1.83534 458228
/joint r_hand 2 0.180165 0.380224 1.71326 458228
/joint torso 2 0.474353 0.497018 1.87422 458228
/joint l_hip 2 0.512129 0.616656 1.87648 458228
/joint l_knee 2 0.518364 0.786308 1.83853 458228
/joint l_foot 2 0.4861 0.844802 1.94425 458245
/joint r_hip 2 0.438166 0.615397 1.84032 458245
/joint r_knee 2 0.459815 0.831693 1.87001 458245
/user/1 0.833046 0 1.625 0 0 458245
/joint head 2 0.471867 0.248065 1.87152 458262
/joint neck 2 0.469513 0.378804 1.88734 458262
/joint l_shoulder 2 0.532396 0.377836 1.91726 458262
/joint l_elbow 2 0.625287 0.39595 1.98624 458262
/joint l_hand 2 0.723867 0.39474 1.93971 458279
/joint r_shoulder 2 0.40663 0.379772 1.85742 458279
/joint r_elbow 2 0.304969 0.40168 1.83383 458279
/joint r_hand 2 0.179864 0.383747 1.71471 458279
/joint torso 2 0.472354 0.497612 1.87211 458296
/joint l_hip 2 0.512065 0.615852 1.87442 458296
/joint l_knee 2 0.517152 0.784826 1.83624 458296
/joint l_foot 2 0.490183 0.85248 1.94176 458296
/joint r_hip 2 0.438324 0.616987 1.83933 458296
/joint r_knee 2 0.455661 0.83403 1.87231 458313
/user/1 0.832235 0 1.62464 0 0 458313
/joint head 2 0.47106 0.247844 1.87247 458313
/joint neck 2 0.469978 0.37889 1.88899 458313
/joint l_shoulder 2 0.53424 0.378611 1.91934 458329
/joint l_elbow 2 0.629595 0.396462 1.98319 458329
/joint l_hand 2 0.754831 0.389074 1.92078 458329
/joint r_shoulder 2 0.405716 0.379169 1.85864 458329
/joint r_elbow 2 0.304596 0.400782 1.83446 458346
/joint r_hand 2 0.180222 0.383568 1.71337 458346
/joint torso 2 0.472171 0.497897 1.87288 458346
/joint l_hip 2 0.51151 0.616743 1.87431 458346
/joint l_knee 2 0.509341 0.762976 1.82756 458362
/joint l_foot 2 0.533461 0.889658 1.91306 458362
/joint r_hip 2 0.43722 0.617066 1.83922 458362
/joint r_knee 2 0.449574 0.834644 1.87321 458362
/user/1 0.831161 0 1.62955 0 0 458379
/joint head 2 0.470814 0.248349 1.87236 458379
/joint neck 2 0.46956 0.379129 1.88929 458379
/joint l_shoulder 2 0.534245 0.379103 1.919 458379
/joint l_elbow 2 0.6326 0.397226 1.98132 458396
/joint l_hand 2 0.752942 0.389517 1.92489 458396
/joint r_shoulder 2 0.404875 0.379155 1.85957 458396
/joint r_elbow 2 0.303739 0.400924 1.83508 458396
/joint r_hand 2 0.176493 0.385429 1.71437 458396
/joint torso 2 0.471379 0.498041 1.87369 458413
/joint l_hip 2 0.510972 0.616939 1.87544 458413
/joint l_knee 2 0.51266 0.766871 1.82139 458413
/joint l_foot 2 0.527288 0.903716 1.91937 458413
/joint r_hip 2 0.435423 0.616969 1.84073 458431
/joint r_knee 2 0.446604 0.83512 1.86826 458431
/user/1 0.831238 0 1.62978 0 0 458431
/joint head 2 0.470053 0.248519 1.87255 458431
/joint neck 2 0.469346 0.379212 1.88964 458448
/joint l_shoulder 2 0.533859 0.379202 1.91946 458448
/joint l_elbow 2 0.632227 0.396621 1.98155 458448
/joint l_hand 2 0.742043 0.386276 1.93757 458448
/joint r_shoulder 2 0.404833 0.379223 1.85981 458448
/joint r_elbow 2 0.303386 0.401349 1.83466 458465
/joint r_hand 2 0.177117 0.387325 1.71593 458465
/joint torso 2 0.471209 0.497952 1.87361 458465
/joint l_hip 2 0.510386 0.616685 1.87483 458465
/joint l_knee 2 0.514152 0.763677 1.82263 458482
/joint l_foot 2 0.526856 0.905107 1.92032 458482
/joint r_hip 2 0.435759 0.616697 1.84033 458482
/joint r_knee 2 0.443776 0.835073 1.86877 458482
/user/1 0.830107 0 1.63103 0 0 458499
/joint head 2 0.469835 0.248401 1.87291 458499
/joint neck 2 0.469255 0.379205 1.89028 458499
/joint l_shoulder 2 0.534242 0.379341 1.92072 458499
/joint l_elbow 2 0.628511 0.396935 1.98401 458515
/joint l_hand 2 0.742092 0.388847 1.93438 458515
/joint r_shoulder 2 0.404269 0.379069 1.85984 458515
/joint r_elbow 2 0.302886 0.401571 1.83439 458515
/joint r_hand 2 0.207656 0.380572 1.7586 458532
/joint torso 2 0.471052 0.498413 1.87374 458532
/joint l_hip 2 0.50948 0.617697 1.87435 458532
/joint l_knee 2 0.532332 0.813392 1.88374 458532
/joint l_foot 2 0.526863 0.904189 1.92025 458532
/joint r_hip 2 0.43622 0.617544 1.84003 458548
/joint r_knee 2 0.440885 0.836175 1.87018 458548
/user/1 0.829649 0 1.62953 0 0 458548
/joint head 2 0.468502 0.248422 1.87321 458548
/joint neck 2 0.469018 0.379309 1.89058 458565
/joint l_shoulder 2 0.533902 0.379284 1.92086 458565
/joint l_elbow 2 0.626833 0.396952 1.98483 458565
/joint l_hand 2 0.737815 0.386277 1.93825 458565
/joint r_shoulder 2 0.404134 0.379334 1.8603 458582
/joint r_elbow 2 0.302412 0.402413 1.83449 458582
/joint r_hand 2 0.176826 0.388958 1.71148 458582
/joint torso 2 0.470977 0.498421 1.87401 458582
/joint l_hip 2 0.509829 0.617518 1.87466 458600
/joint l_knee 2 0.524558 0.816997 1.86731 458600
/joint l_foot 2 0.52673 0.904425 1.92128 458600
/joint r_hip 2 0.436041 0.617546 1.84023 458600
/joint r_knee 2 0.441003 0.83603 1.8727 458616
/user/1 0.828512 0 1.63167 0 0 458616
/joint head 2 0.468121 0.248292 1.87348 458616
/joint neck 2 0.468555 0.379414 1.89045 458616
/joint l_shoulder 2 0.5332 0.379355 1.92083 458616
/joint l_elbow 2 0.626289 0.397123 1.98534 458633
/joint l_hand 2 0.765117 0.386015 1.92755 458633
/joint r_shoulder 2 0.403911 0.379472 1.86008 458633
/joint r_elbow 2 0.302024 0.402686 1.83566 458633
/joint r_hand 2 0.1779 0.389957 1.709 458650
/joint torso 2 0.470539 0.498762 1.87408 458650
/joint l_hip 2 0.509683 0.618077 1.87516 458650
/joint l_knee 2 0.502872 0.774889 1.80291 458650
/joint l_foot 2 0.527974 0.910436 1.92336 458667
/joint r_hip 2 0.435363 0.618144 1.84024 458667
/joint r_knee 2 0.439321 0.836533 1.87566 458667
/user/1 0.827503 0 1.63472 0 0 458667
/joint head 2 0.467838 0.248046 1.87297 458683
/joint neck 2 0.468101 0.379744 1.8903 458683
/joint l_shoulder 2 0.532543 0.379678 1.92136 458683
/joint l_elbow 2 0.624827 0.39749 1.98644 458683
/joint l_hand 2 0.733372 0.386828 1.93945 458699
/joint r_shoulder 2 0.403658 0.379811 1.85925 458699
/joint r_elbow 2 0.301698 0.402902 1.83598 458699
/joint r_hand 2 0.17996 0.389714 1.71479 458700
/joint torso 2 0.470146 0.499025 1.8739 458700
/joint l_hip 2 0.509593 0.618268 1.87553 458716
/joint l_knee 2 0.509679 0.787247 1.79187 458716
/joint l_foot 2 0.527949 0.912242 1.92866 458716
/joint r_hip 2 0.434788 0.618345 1.83948 458716
/joint r_knee 2 0.437949 0.836554 1.87883 458733
/user/1 0.827295 0 1.63775 0 0 458733
/joint head 2 0.467343 0.247675 1.87239 458733
/joint neck 2 0.467382 0.379708 1.89017 458733
/joint l_shoulder 2 0.531528 0.379632 1.92453 458750
/joint l_elbow 2 0.623139 0.398003 1.98967 458750
/joint l_hand 2 0.721335 0.389359 1.9371 458750
/joint r_shoulder 2 0.403236 0.379783 1.85581 458750
/joint r_elbow 2 0.300972 0.403332 1.83286 458767
/joint r_hand 2 0.175642 0.391432 1.71097 458767
/joint torso 2 0.469396 0.498531 1.87571 458767
/joint l_hip 2 0.508943 0.617311 1.88136 458767
/joint l_knee 2 0.509769 0.792613 1.81702 458783
/joint l_foot 2 0.531801 0.823696 1.82226 458783
/joint r_hip 2 0.433878 0.6174 1.84115 458783
/joint r_knee 2 0.436863 0.835737 1.87848 458783
/user/1 0.827296 0 1.64575 0 0 458800
/joint head 2 0.466697 0.247281 1.87269 458800
/joint neck 2 0.466836 0.379773 1.88997 458800
/joint l_shoulder 2 0.531112 0.379467 1.92355 458800
/joint l_elbow 2 0.62211 0.398137 1.98942 458800
/joint l_hand 2 0.762562 0.383533 1.9293 458817
/joint r_shoulder 2 0.40256 0.38008 1.85639 458817
/joint r_elbow 2 0.300528 0.403681 1.8338 458817
/joint r_hand 2 0.180719 0.39087 1.7138 458817
/joint torso 2 0.469157 0.49919 1.87466 458834
/joint l_hip 2 0.508532 0.618429 1.8787 458834
/joint l_knee 2 0.509675 0.788406 1.8142 458835
/joint l_foot 2 0.532288 0.824951 1.82843 458835
/joint r_hip 2 0.434422 0.618783 1.83998 458851
/joint r_knee 2 0.438633 0.837249 1.87524 458851
/user/1 0.824393 0 1.6561 0 0 458851
/joint head 2 0.466591 0.246999 1.87272 458851
/joint neck 2 0.466542 0.379995 1.8896 458867
/joint l_shoulder 2 0.530738 0.379642 1.92281 458868
/joint l_elbow 2 0.619575 0.398922 1.98983 458868
/joint l_hand 2 0.725517 0.393053 1.94112 458868
/joint r_shoulder 2 0.402346 0.380347 1.8564 458868
/joint r_elbow 2 0.300066 0.403895 1.83453 458884
/joint r_hand 2 0.176217 0.392925 1.71337 458884
/joint torso 2 0.468983 0.499918 1.87359 458884
/joint l_hip 2 0.508176 0.61964 1.87658 458884
/joint l_knee 2 0.510728 0.789481 1.82567 458901
/joint l_foot 2 0.536654 0.833483 1.84989 458901
/joint r_hip 2 0.434673 0.620044 1.83856 458901
/joint r_knee 2 0.437982 0.838975 1.87243 458901
/user/1 0.823719 0 1.66878 0 0 458917
/joint head 2 0.466349 0.247019 1.8729 458917
/joint neck 2 0.465438 0.38004 1.88948 458917
/joint l_shoulder 2 0.52895 0.379251 1.92258 458917
/joint l_elbow 2 0.61577 0.398769 1.99169 458933
/joint l_hand 2 0.732922 0.393973 1.93509 458933
/joint r_shoulder 2 0.401926 0.380829 1.85639 458933
/joint r_elbow 2 0.299391 0.404563 1.83499 458933
/joint r_hand 2 0.17946 0.395607 1.71143 458950
/joint torso 2 0.468426 0.500028 1.87298 458950
/joint l_hip 2 0.508113 0.619561 1.8756 458950
/joint l_knee 2 0.510808 0.789574 1.82797 458950
/joint l_foot 2 0.512619 0.834125 1.91544 458967
/joint r_hip 2 0.434714 0.620472 1.83735 458967
/joint r_knee 2 0.437763 0.839446 1.87071 458967
/user/1 0.822984 0 1.67855 0 0 458967
/joint head 2 0.466236 0.246778 1.87292 458985
/joint neck 2 0.465231 0.379581 1.89 458985
/joint l_shoulder 2 0.528928 0.378825 1.92384 458985
/joint l_elbow 2 0.617859 0.398574 1.9913 458985
/joint l_hand 2 0.739608 0.397607 1.93215 458985
/joint r_shoulder 2 0.401534 0.380336 1.85615 459002
/joint r_elbow 2 0.299169 0.405082 1.83486 459002
/joint r_hand 2 0.175984 0.396251 1.70981 459002
/joint torso 2 0.46837 0.499565 1.87239 459002
/joint l_hip 2 0.508008 0.619117 1.87419 459018
/joint l_knee 2 0.511962 0.78846 1.82437 459018
/joint l_foot 2 0.516181 0.844502 1.91448 459018
/joint r_hip 2 0.435009 0.619983 1.8354 459019
/joint r_knee 2 0.436617 0.838896 1.87003 459035
/user/1 0.822821 0 1.67891 0 0 459035
/joint head 2 0.466077 0.246593 1.87261 459035
/joint neck 2 0.465019 0.379531 1.89005 459035
/joint l_shoulder 2 0.528811 0.378627 1.9234 459052
/joint l_elbow 2 0.619 0.398623 1.98999 459052
/joint l_hand 2 0.72631 0.401287 1.94072 459052
/joint r_shoulder 2 0.401227 0.380435 1.8567 459052
/joint r_elbow 2 0.299126 0.406014 1.83529 459052
/joint r_hand 2 0.178595 0.39852 1.71055 459069
/joint torso 2 0.468297 0.499571 1.87229 459069
/joint l_hip 2 0.508114 0.619093 1.87363 459069
/joint l_knee 2 0.46339 0.685533 1.74852 459069
/joint l_foot 2 0.526261 0.85267 1.89675 459086
/joint r_hip 2 0.435037 0.620129 1.83542 459087
/joint r_knee 2 0.43563 0.838972 1.87241 459087
/user/1 0.822400 0 1.67709 0 0 459087
/joint head 2 0.465701 0.246411 1.87211 459103
/joint neck 2 0.464596 0.379655 1.88921 459103
/joint l_shoulder 2 0.528267 0.378386 1.92202 459103
/joint l_elbow 2 0.619592 0.39848 1.98967 459103
/joint l_hand 2 0.75058 0.399553 1.92148 459120
/joint r_shoulder 2 0.400925 0.380925 1.85639 459120
/joint r_elbow 2 0.298998 0.406983 1.83525 459120
/joint r_hand 2 0.179575 0.403395 1.7129 459120
/joint torso 2 0.468223 0.499527 1.87149 459120
/joint l_hip 2 0.508716 0.618664 1.87278 459136
/joint l_knee 2 0.464561 0.705373 1.76766 459136
/joint l_foot 2 0.531521 0.855235 1.88798 459136
/joint r_hip 2 0.434982 0.620134 1.83478 459136
/joint r_knee 2 0.434811 0.839019 1.87325 459152
/user/1 0.820693 0 1.68794 0 0 459152
/joint head 2 0.465393 0.245841 1.87173 459152
/joint neck 2 0.464529 0.379989 1.88831 459152
/joint l_shoulder 2 0.5283 0.378594 1.92081 459169
/joint l_elbow 2 0.619907 0.399192 1.98982 459169
/joint l_hand 2 0.745566 0.418676 1.90672 459169
/joint r_shoulder 2 0.400758 0.381384 1.8558 459169
/joint r_elbow 2 0.298495 0.408011 1.83559 459186
/joint r_hand 2 0.177438 0.404168 1.71048 459186
/joint torso 2 0.468238 0.49972 1.87076 459186
/joint l_hip 2 0.508849 0.618642 1.87203 459186
/joint l_knee 2 0.490165 0.748879 1.79446 459203
/joint l_foot 2 0.530758 0.839348 1.86991 459203
/joint r_hip 2 0.435045 0.620257 1.83441 459203
/joint r_knee 2 0.433647 0.838962 1.87502 459203
/user/1 0.820776 0 1.68957 0 0 459220
/joint head 2 0.464907 0.245727 1.87089 459221
/joint neck 2 0.464632 0.379802 1.88758 459221
/joint l_shoulder 2 0.528573 0.378364 1.92024 459221
/joint l_elbow 2 0.619948 0.401635 1.99049 459221
/joint l_hand 2 0.749004 0.432959 1.89796 459237
/joint r_shoulder 2 0.400691 0.38124 1.85492 459237
/joint r_elbow 2 0.29835 0.409052 1.83575 459237
/joint r_hand 2 0.177913 0.40769 1.69912 459237
/joint torso 2 0.46837 0.499586 1.87017 459252
/joint l_hip 2 0.508903 0.618542 1.87156 459252
/joint l_knee 2 0.497636 0.748805 1.81534 459252
/joint l_foot 2 0.529915 0.841503 1.87307 459252
/joint r_hip 2 0.435313 0.620197 1.83397 459269
/joint r_knee 2 0.433326 0.838774 1.87601 459269
/user/1 0.818761 0 1.6993 0 0 459269
/joint head 2 0.464626 0.246167 1.87042 459269
/joint neck 2 0.464676 0.379888 1.88722 459285
/joint l_shoulder 2 0.528569 0.378474 1.91981 459285
/joint l_elbow 2 0.621992 0.405778 1.98925 459285
/joint l_hand 2 0.741859 0.446414 1.88504 459285
/joint r_shoulder 2 0.400784 0.381303 1.85464 459302
/joint r_elbow 2 0.298221 0.410325 1.83671 459302
/joint r_hand 2 0.181907 0.4096 1.69432 459302
/joint torso 2 0.468403 0.499496 1.86968 459302
/joint l_hip 2 0.508798 0.618291 1.87083 459319
/joint l_knee 2 0.507804 0.760182 1.82776 459319
/joint l_foot 2 0.525508 0.879713 1.89719 459319
/joint r_hip 2 0.435461 0.619915 1.83343 459319
/joint r_knee 2 0.432525 0.838502 1.87768 459319
/user/1 0.819442 0 1.7031 0 0 459336
/joint head 2 0.464569 0.246621 1.8693 459336
/joint neck 2 0.464356 0.380023 1.88635 459336
/joint l_shoulder 2 0.528146 0.378416 1.91892 459336
/joint l_elbow 2 0.620913 0.40672 1.99012 459352
/joint l_hand 2 0.732728 0.452587 1.87136 459352
/joint r_shoulder 2 0.400567 0.38163 1.85378 459352
/joint r_elbow 2 0.298995 0.414593 1.83605 459352
/joint r_hand 2 0.190325 0.413145 1.68911 459369
/joint torso 2 0.468289 0.499631 1.86882 459369
/joint l_hip 2 0.508879 0.618314 1.87001 459369
/joint l_knee 2 0.534959 0.866634 1.87899 459369
/joint l_foot 2 0.533011 0.856263 1.88412 459386
/joint r_hip 2 0.435563 0.620162 1.83258 459386
/joint r_knee 2 0.432804 0.838397 1.88063 459386
/user/1 0.813068 0 1.7075 0 0 459386
/joint head 2 0.46462 0.246756 1.86828 459403
/joint neck 2 0.464355 0.38007 1.88555 459403
/joint l_shoulder 2 0.528139 0.378314 1.91836 459403
/joint l_elbow 2 0.622056 0.413391 1.98951 459403
/joint l_hand 2 0.728703 0.461955 1.85064 459420
/joint r_shoulder 2 0.400571 0.381827 1.85275 459420
/joint r_elbow 2 0.302341 0.420951 1.83734 459420
/joint r_hand 2 0.193855 0.417291 1.68807 459420
/joint torso 2 0.46847 0.49972 1.86796 459420
/joint l_hip 2 0.509181 0.618363 1.86919 459437
/joint l_knee 2 0.531758 0.85499 1.883 459437
/joint l_foot 2 0.532674 0.855121 1.88302 459437
/joint r_hip 2 0.435989 0.620378 1.83155 459437
/joint r_knee 2 0.432232 0.838566 1.87981 459455
/user/1 0.811673 0 1.70602 0 0 459455
/joint head 2 0.464626 0.247096 1.86793 459455
/joint neck 2 0.464233 0.380163 1.8855 459455
/joint l_shoulder 2 0.528023 0.378195 1.91844 459471
/joint l_elbow 2 0.622312 0.415826 1.98867 459472
/joint l_hand 2 0.721008 0.465963 1.8305 459472
/joint r_shoulder 2 0.400444 0.38213 1.85257 459472
/joint r_elbow 2 0.303296 0.425533 1.84057 459472
/joint r_hand 2 0.197555 0.423416 1.67507 459488
/joint torso 2 0.46863 0.499982 1.86755 459488
/joint l_hip 2 0.509608 0.618674 1.86847 459488
/joint l_knee 2 0.52718 0.83893 1.8761 459488
/joint l_foot 2 0.520333 0.841889 1.89692 459505
/joint r_hip 2 0.436446 0.620931 1.8307 459505
/joint r_knee 2 0.431366 0.838848 1.88253 459505
/user/1 0.809874 0 1.70674 0 0 459505
/joint head 2 0.464596 0.247702 1.86727 459522
/joint neck 2 0.464279 0.380241 1.88568 459522
/joint l_shoulder 2 0.527923 0.378124 1.91969 459522
/joint l_elbow 2 0.619977 0.419437 1.9882 459522
/joint l_hand 2 0.705093 0.463673 1.81249 459539
/joint r_shoulder 2 0.400636 0.382358 1.85167 459539
/joint r_elbow 2 0.30479 0.429842 1.84755 459539
/joint r_hand 2 0.204068 0.423893 1.67221 459539
/joint torso 2 0.469139 0.500911 1.8662 459556
/joint l_hip 2 0.510381 0.620372 1.86617 459556
/joint l_knee 2 0.52015 0.821734 1.85336 459556
/joint l_foot 2 0.508593 0.831534 1.91077 459556
/joint r_hip 2 0.437618 0.622792 1.82729 459556
/joint r_knee 2 0.42989 0.839671 1.88701 459573
/user/1 0.807515 0 1.71579 0 0 459573
/joint head 2 0.464405 0.248289 1.86686 459573
/joint neck 2 0.464275 0.38067 1.88576 459573
/joint l_shoulder 2 0.527799 0.378468 1.92002 459589
/joint l_elbow 2 0.619508 0.422228 1.98746 459589
/joint l_hand 2 0.695204 0.462842 1.79488 459589
/joint r_shoulder 2 0.40075 0.382872 1.8515 459589
/joint r_elbow 2 0.304675 0.430608 1.84707 459607
/joint r_hand 2 0.217438 0.423989 1.67464 459607
/joint torso 2 0.469304 0.500714 1.86582 459607
/joint l_hip 2 0.510663 0.619499 1.86547 459607
/joint l_knee 2 0.520087 0.82022 1.8556 459623
/joint l_foot 2 0.504273 0.824293 1.91182 459623
/joint r_hip 2 0.438006 0.622018 1.82628 459623
/joint r_knee 2 0.429918 0.839062 1.88444 459623
/user/1 0.806765 0 1.721 0 0 459641
/joint head 2 0.464594 0.248729 1.86679 459641
/joint neck 2 0.464414 0.381185 1.88581 459641
/joint l_shoulder 2 0.527865 0.378966 1.92032 459641
/joint l_elbow 2 0.620047 0.426559 1.9835 459641
/joint l_hand 2 0.688605 0.461493 1.76376 459657
/joint r_shoulder 2 0.400963 0.383404 1.85131 459657
/joint r_elbow 2 0.305079 0.433164 1.85019 459657
/joint r_hand 2 0.221619 0.425664 1.65787 459657
/joint torso 2 0.469493 0.500919 1.86578 459674
/joint l_hip 2 0.510917 0.619381 1.86552 459674
/joint l_knee 2 0.517642 0.818465 1.85438 459675
/joint l_foot 2 0.515611 0.831939 1.87393 459675
/joint r_hip 2 0.438225 0.621924 1.82599 459691
/joint r_knee 2 0.429707 0.839243 1.88174 459691
/user/1 0.807760 0 1.72901 0 0 459691
/joint head 2 0.464969 0.248555 1.86714 459691
/joint neck 2 0.464457 0.381554 1.88638 459708
/joint l_shoulder 2 0.527917 0.379379 1.92113 459708
/joint l_elbow 2 0.620734 0.427687 1.98408 459708
/joint l_hand 2 0.670323 0.452762 1.76486 459709
/joint r_shoulder 2 0.400996 0.383728 1.85164 459709
/joint r_elbow 2 0.305732 0.435269 1.85499 459725
/joint r_hand 2 0.234611 0.422788 1.66512 459725
/joint torso 2 0.46955 0.501239 1.86603 459725
/joint l_hip 2 0.510984 0.619679 1.86557 459725
/joint l_knee 2 0.518181 0.745477 1.81444 459742
/joint l_foot 2 0.53843 0.91923 1.94837 459742
/joint r_hip 2 0.438303 0.62217 1.82577 459742
/joint r_knee 2 0.430135 0.839671 1.8827 459742
/user/1 0.807156 0 1.73204 0 0 459759
/joint head 2 0.46548 0.248618 1.86678 459759
/joint neck 2 0.464587 0.382016 1.88685 459759
/joint l_shoulder 2 0.527958 0.380021 1.92181 459759
/joint l_elbow 2 0.622543 0.434148 1.98188 459776
/joint l_hand 2 0.667675 0.446602 1.74385 459776
/joint r_shoulder 2 0.401216 0.384012 1.85189 459776
/joint r_elbow 2 0.307562 0.435824 1.85825 459776
/joint r_hand 2 0.241981 0.424097 1.65367 459776
/joint torso 2 0.469564 0.501521 1.86611 459793
/joint l_hip 2 0.510853 0.619881 1.86541 459793
/joint l_knee 2 0.515079 0.760334 1.81374 459793
/joint l_foot 2 0.536056 0.918438 1.94754 459793
/joint r_hip 2 0.438229 0.622168 1.82534 459809
/joint r_knee 2 0.430141 0.839741 1.88169 459809
/user/1 0.820480 0 1.72517 0 0 459809
/joint head 2 0.466032 0.248714 1.86653 459809
/joint neck 2 0.464917 0.382863 1.88738 459825
/joint l_shoulder 2 0.528318 0.38107 1.92226 459825
/joint l_elbow 2 0.622002 0.435558 1.98181 459825
/joint l_hand 2 0.670766 0.454674 1.81789 459825
/joint r_shoulder 2 0.401517 0.384656 1.85249 459842
/joint r_elbow 2 0.307443 0.434935 1.85873 459842
/joint r_hand 2 0.244772 0.421283 1.63448 459842
/joint torso 2 0.469773 0.502484 1.86591 459842
/joint l_hip 2 0.510819 0.621082 1.86437 459859
/joint l_knee 2 0.520704 0.784731 1.81568 459859
/joint l_foot 2 0.534274 0.917579 1.94529 459859
/joint r_hip 2 0.438437 0.623129 1.82454 459859
/joint r_knee 2 0.42964 0.840538 1.8824 459876
/user/1 0.819097 0 1.7298 0 0 459876
/joint head 2 0.46641 0.249013 1.86672 459876
/joint neck 2 0.465494 0.383502 1.88717 459876
/joint l_shoulder 2 0.528927 0.381898 1.92173 459876
/joint l_elbow 2 0.622207 0.43828 1.9794 459892
/joint l_hand 2 0.667026 0.447661 1.81198 459892
/joint r_shoulder 2 0.40206 0.385105 1.85262 459892
/joint r_elbow 2 0.307742 0.436455 1.85962 459892
/joint r_hand 2 0.260337 0.419516 1.66322 459910
/joint torso 2 0.470125 0.503424 1.86569 459910
/joint l_hip 2 0.511022 0.62243 1.86396 459910
/joint l_knee 2 0.519549 0.782831 1.81919 459910
/joint l_foot 2 0.547382 0.866792 1.90287 459926
/joint r_hip 2 0.438491 0.624264 1.82445 459926
/joint r_knee 2 0.429821 0.841863 1.88154 459926
/user/1 0.817830 0 1.7306 0 0 459926
/joint head 2 0.466797 0.249144 1.86736 459944
/joint neck 2 0.465849 0.3841 1.88744 459944
/joint l_shoulder 2 0.529234 0.382593 1.92146 459944
/joint l_elbow 2 0.622348 0.439736 1.97436 459944
/joint l_hand 2 0.645993 0.439988 1.70184 459944
/joint r_shoulder 2 0.402463 0.385607 1.85343 459960
/joint r_elbow 2 0.308947 0.439371 1.86215 459960
/joint r_hand 2 0.255489 0.438546 1.73645 459960
/joint torso 2 0.470401 0.503829 1.86545 459960
/joint l_hip 2 0.511293 0.622694 1.86296 459977
/joint l_knee 2 0.521546 0.789989 1.8387 459977
/joint l_foot 2 0.544315 0.866892 1.90521 459977
/joint r_hip 2 0.438613 0.624422 1.82396 459977
/joint r_knee 2 0.430189 0.842227 1.87941 459993
/user/1 0.816572 0 1.7329 0 0 459993
/joint head 2 0.467153 0.249178 1.86767 459993
/joint neck 2 0.466268 0.384692 1.887 459993
/joint l_shoulder 2 0.52942 0.383454 1.92111 460010
/joint l_elbow 2 0.621567 0.440006 1.9725 460010
/joint l_hand 2 0.646311 0.437771 1.6861 460010
/joint r_shoulder 2 0.403116 0.38593 1.85289 460010
/joint r_elbow 2 0.311652 0.446171 1.86496 460026
/joint r_hand 2 0.2772 0.419907 1.65716 460026
/joint torso 2 0.470522 0.504144 1.86525 460026
/joint l_hip 2 0.510831 0.622889 1.86297 460026
/joint l_knee 2 0.524373 0.779423 1.81698 460043
/joint l_foot 2 0.522115 0.877005 1.86877 460043
/joint r_hip 2 0.43872 0.624302 1.82402 460043
/joint r_knee 2 0.430448 0.842282 1.87799 460043
/user/1 0.815831 0 1.73264 0 0 460060
/joint head 2 0.467577 0.249115 1.86808 460060
/joint neck 2 0.466878 0.385451 1.8871 460060
/joint l_shoulder 2 0.529674 0.38452 1.92118 460060
/joint l_elbow 2 0.621089 0.440774 1.97106 460060
/joint l_hand 2 0.640502 0.431898 1.68737 460076
/joint r_shoulder 2 0.404082 0.386383 1.85301 460077
/joint r_elbow 2 0.315323 0.450807 1.86744 460077
/joint r_hand 2 0.285423 0.426425 1.63491 460077
/joint torso 2 0.470807 0.504729 1.86548 460093
/joint l_hip 2 0.510723 0.623474 1.86339 460093
/joint l_knee 2 0.512139 0.777872 1.8242 460093
/joint l_foot 2 0.524207 0.862915 1.86078 460093
/joint r_hip 2 0.438748 0.624541 1.82432 460109
/joint r_knee 2 0.430402 0.842655 1.87793 460109
/user/1 0.815043 0 1.73152 0 0 460109
/joint head 2 0.467905 0.248873 1.86899 460109
/joint neck 2 0.467772 0.386475 1.88732 460125
/joint l_shoulder 2 0.529971 0.385919 1.92053 460125
/joint l_elbow 2 0.619071 0.442527 1.96863 460125
/joint l_hand 2 0.635512 0.435309 1.67398 460125
/joint r_shoulder 2 0.405572 0.387031 1.85412 460142
/joint r_elbow 2 0.316944 0.453568 1.86919 460142
/joint r_hand 2 0.266461 0.434487 1.74442 460142
/joint torso 2 0.471223 0.505231 1.86594 460142
/joint l_hip 2 0.510716 0.623665 1.8638 460159
/joint l_knee 2 0.515672 0.779683 1.82217 460160
/joint l_foot 2 0.529179 0.849934 1.86486 460160
/joint r_hip 2 0.438632 0.62431 1.82532 460160
/joint r_knee 2 0.432034 0.842174 1.87875 460160
/user/1 0.814454 0 1.73109 0 0 460176
/joint head 2 0.468192 0.248645 1.86962 460176
/joint neck 2 0.468628 0.38679 1.8874 460176
/joint l_shoulder 2 0.530477 0.386687 1.9206 460176
/joint l_elbow 2 0.618534 0.444615 1.9647 460192
/joint l_hand 2 0.633182 0.439468 1.66756 460192
/joint r_shoulder 2 0.406779 0.386892 1.85419 460192
/joint r_elbow 2 0.319029 0.455324 1.87332 460192
/joint r_hand 2 0.312976 0.441466 1.65347 460209
/joint torso 2 0.471631 0.505252 1.86584 460209
/joint l_hip 2 0.510549 0.623655 1.86356 460209
/joint l_knee 2 0.517923 0.779237 1.82103 460209
/joint l_foot 2 0.528831 0.855759 1.86531 460226
/joint r_hip 2 0.438721 0.623774 1.825 460226
/joint r_knee 2 0.433346 0.837419 1.88231 460226
/joint r_foot 2 0.547921 0.815108 1.87101 460226
/user/1 0.813124 0 1.72931 0 0 460243
/joint head 2 0.468604 0.248784 1.86998 460243
/joint neck 2 0.469181 0.386913 1.88725 460243
/joint l_shoulder 2 0.530642 0.387076 1.92064 460243
/joint l_elbow 2 0.614088 0.455831 1.9529 460259
/joint l_hand 2 0.621549 0.444689 1.67491 460259
/joint r_shoulder 2 0.407719 0.38675 1.85386 460259
/joint r_elbow 2 0.321748 0.459788 1.87705 460259
/joint r_hand 2 0.325089 0.45355 1.61672 460259
/joint torso 2 0.472027 0.505413 1.86499 460276
/joint l_hip 2 0.51083 0.624009 1.86226 460276
/joint l_knee 2 0.519075 0.754149 1.81244 460276
/joint l_foot 2 0.532923 0.862159 1.86707 460276
/joint r_hip 2 0.438917 0.623818 1.8232 460292
/joint r_knee 2 0.432518 0.831463 1.87856 460292
/joint r_foot 2 0.599159 0.841792 1.93109 460292
/user/1 0.810572 0 1.7227 0 0 460292
/joint head 2 0.469119 0.249033 1.86993 460309
/joint neck 2 0.469266 0.386593 1.88699 460309
/joint l_shoulder 2 0.530543 0.386919 1.92078 460309
/joint l_elbow 2 0.611351 0.461273 1.94718 460309
/joint l_hand 2 0.616565 0.446402 1.66581 460325
/joint r_shoulder 2 0.407988 0.386267 1.8532 460325
/joint r_elbow 2 0.355035 0.490741 1.87192 460325
/joint r_hand 2 0.337846 0.473064 1.61941 460325
/joint torso 2 0.472014 0.505007 1.86448 460342
/joint l_hip 2 0.510686 0.623612 1.86177 460342
/joint l_knee 2 0.524567 0.77399 1.8258 460342
/joint l_foot 2 0.527202 0.902042 1.97144 460342
/joint r_hip 2 0.438841 0.62323 1.82216 460358
/joint r_knee 2 0.405761 0.839901 1.81744 460358
/user/1 0.811342 0 1.71625 0 0 460358
/joint head 2 0.469569 0.249328 1.86967 460358
/joint neck 2 0.469371 0.386436 1.88721 460375
/joint l_shoulder 2 0.53046 0.386891 1.92147 460375
/joint l_elbow 2 0.60909 0.47579 1.93791 460375
/joint l_hand 2 0.609118 0.448893 1.66397 460375
/joint r_shoulder 2 0.408283 0.38598 1.85294 460391
/joint r_elbow 2 0.354652 0.489154 1.87741 460391
/joint r_hand 2 0.350219 0.489723 1.61978 460391
/joint torso 2 0.472112 0.504532 1.86413 460391
/joint l_hip 2 0.510787 0.622897 1.8612 460391
/joint l_knee 2 0.523493 0.771856 1.82186 460408
/joint l_foot 2 0.527559 0.90142 1.9713 460408
/joint r_hip 2 0.43892 0.622361 1.82089 460408
/joint r_knee 2 0.405787 0.838991 1.82727 460408
/user/1 0.812837 0 1.7144 0 0 460424
/joint head 2 0.469949 0.249493 1.86952 460424
/joint neck 2 0.470192 0.386385 1.8885 460424
/joint l_shoulder 2 0.530561 0.387231 1.92201 460424
/joint l_elbow 2 0.597452 0.484008 1.93999 460441
/joint l_hand 2 0.605135 0.452433 1.68676 460441
/joint r_shoulder 2 0.409822 0.385539 1.85499 460441
/joint r_elbow 2 0.363321 0.491924 1.8778 460441
/joint r_hand 2 0.363302 0.498785 1.62908 460458
/joint torso 2 0.472564 0.504351 1.8647 460458
/joint l_hip 2 0.510816 0.622821 1.86082 460458
/joint l_knee 2 0.522935 0.773169 1.82003 460458
/joint l_foot 2 0.52679 0.901087 1.96365 460475
/joint r_hip 2 0.439057 0.621815 1.82099 460475
/joint r_knee 2 0.405096 0.837715 1.79799 460475
/user/1 0.812929 0 1.71371 0 0 460475
/joint head 2 0.470472 0.249388 1.87007 460491
/joint neck 2 0.471389 0.385085 1.89148 460491
/joint l_shoulder 2 0.530523 0.386361 1.9227 460491
/joint l_elbow 2 0.598071 0.491099 1.95166 460491
/joint l_hand 2 0.599923 0.455309 1.76227 460508
/joint r_shoulder 2 0.412256 0.383809 1.86025 460508
/joint r_elbow 2 0.371476 0.492011 1.86258 460508
/joint r_hand 2 0.376229 0.509796 1.63133 460508
/joint torso 2 0.473305 0.503326 1.86609 460508
/joint l_hip 2 0.510908 0.622336 1.85954 460525
/joint l_knee 2 0.523156 0.772624 1.8213 460525
/joint l_foot 2 0.526328 0.903681 1.95628 460525
/joint r_hip 2 0.439535 0.620796 1.82185 460525
/joint r_knee 2 0.411182 0.838721 1.82381 460542
/user/1 0.812934 0 1.71821 0 0 460542
/joint head 2 0.470813 0.249255 1.87054 460542
/joint neck 2 0.472095 0.385771 1.89098 460542
/joint l_shoulder 2 0.531433 0.387088 1.92214 460558
/joint l_elbow 2 0.598465 0.496277 1.95003 460558
/joint l_hand 2 0.587813 0.4701 1.66924 460558
/joint r_shoulder 2 0.412758 0.384455 1.85982 460558
/joint r_elbow 2 0.375846 0.495036 1.85698 460575
/joint r_hand 2 0.383856 0.513365 1.63045 460575
/joint torso 2 0.473832 0.502237 1.86668 460575
/joint l_hip 2 0.510653 0.619482 1.86081 460575
/joint l_knee 2 0.523745 0.777399 1.82631 460592
/joint l_foot 2 0.52647 0.891521 1.94739 460592
/joint r_hip 2 0.440483 0.617925 1.82396 460592
/joint r_knee 2 0.423545 0.761782 1.83058 460592
/joint r_foot 2 0.539028 0.818249 1.9071 460592
/user/1 0.812595 0 1.71795 0 0 460609
/joint head 2 0.470987 0.249282 1.87114 460609
/joint neck 2 0.472174 0.386298 1.89115 460609
/joint l_shoulder 2 0.531565 0.387632 1.9225 460609
/joint l_elbow 2 0.596921 0.496643 1.94406 460625
/joint l_hand 2 0.584677 0.464911 1.77982 460625
/joint r_shoulder 2 0.412784 0.384963 1.85981 460625
/joint r_elbow 2 0.37755 0.498037 1.85223 460625
/joint r_hand 2 0.390828 0.514581 1.63425 460642
/joint torso 2 0.47394 0.502634 1.86662 460642
/joint l_hip 2 0.510836 0.61976 1.86064 460642
/joint l_knee 2 0.524713 0.782303 1.82856 460642
/joint l_foot 2 0.527359 0.888741 1.93849 460659
/joint r_hip 2 0.440576 0.618181 1.82355 460659
/joint r_knee 2 0.433217 0.77505 1.83985 460659
/joint r_foot 2 0.540262 0.817285 1.90178 460659
/user/1 0.813299 0 1.71744 0 0 460659
/joint head 2 0.47111 0.2496 1.87139 460675
/joint neck 2 0.472479 0.38627 1.89189 460675
/joint l_shoulder 2 0.53164 0.387694 1.92333 460676
/joint l_elbow 2 0.594022 0.497128 1.92927 460676
/joint l_hand 2 0.581464 0.469246 1.66077 460692
/joint r_shoulder 2 0.413317 0.384845 1.86044 460692
/joint r_elbow 2 0.378417 0.500592 1.85271 460692
/joint r_hand 2 0.396834 0.514509 1.62145 460692
/joint torso 2 0.474226 0.50285 1.86686 460710
/joint l_hip 2 0.511064 0.620275 1.86049 460710
/joint l_knee 2 0.525463 0.785179 1.82944 460710
/joint l_foot 2 0.532855 0.845734 1.87066 460710
/joint r_hip 2 0.440881 0.618585 1.82318 460726
/joint r_knee 2 0.435443 0.786647 1.86218 460726
/joint r_foot 2 0.541297 0.816784 1.89594 460726
/user/1 0.813298 0 1.71848 0 0 460726
/joint head 2 0.471265 0.2498 1.87193 460742
/joint neck 2 0.472243 0.386336 1.89232 460742
/joint l_shoulder 2 0.531661 0.387596 1.92371 460742
/joint l_elbow 2 0.590576 0.492947 1.91699 460742
/joint l_hand 2 0.576208 0.489866 1.71248 460758
/joint r_shoulder 2 0.412825 0.385076 1.86093 460758
/joint r_elbow 2 0.380181 0.504884 1.85214 460758
/joint r_hand 2 0.4035 0.513129 1.62303 460758
/joint torso 2 0.474151 0.503212 1.86732 460775
/joint l_hip 2 0.511086 0.62083 1.86082 460775
/joint l_knee 2 0.51997 0.787141 1.82816 460775
/joint l_foot 2 0.526443 0.843669 1.85766 460775
/joint r_hip 2 0.441032 0.619345 1.82381 460775
/joint r_knee 2 0.435049 0.786583 1.85939 460792
/joint r_foot 2 0.542347 0.820271 1.8962 460792
/user/1 0.812331 0 1.72679 0 0 460792
/joint head 2 0.471389 0.249774 1.87166 460792
/joint neck 2 0.472347 0.386472 1.89318 460809
/joint l_shoulder 2 0.531821 0.387833 1.92181 460809
/joint l_elbow 2 0.590424 0.491381 1.91111 460809
/joint l_hand 2 0.57397 0.471249 1.6475 460809
/joint r_shoulder 2 0.412873 0.38511 1.86455 460827
/joint r_elbow 2 0.382001 0.507421 1.85372 460827
/joint r_hand 2 0.410617 0.508878 1.62536 460827
/joint torso 2 0.474114 0.499961 1.86635 460827
/joint l_hip 2 0.51055 0.614244 1.85622 460843
/joint l_knee 2 0.520142 0.788032 1.84452 460843
/joint l_foot 2 0.533064 0.842007 1.84745 460843
/joint r_hip 2 0.44121 0.612656 1.82284 460843
/joint r_knee 2 0.439761 0.797922 1.8493 460843
/joint r_foot 2 0.54298 0.814854 1.89212 460860
/user/1 0.812886 0 1.726 0 0 460860
/joint head 2 0.471676 0.249576 1.87122 460860
/joint neck 2 0.472547 0.3864 1.89361 460860
/joint l_shoulder 2 0.531717 0.387586 1.9239 460877
/joint l_elbow 2 0.58515 0.489372 1.90913 460877
/joint l_hand 2 0.570683 0.470529 1.64107 460877
/joint r_shoulder 2 0.413378 0.385214 1.86332 460877
/joint r_elbow 2 0.384 0.508563 1.85162 460894
/joint r_hand 2 0.414369 0.505387 1.61784 460894
/joint torso 2 0.474605 0.500602 1.86747 460894
/joint l_hip 2 0.510531 0.615483 1.85867 460894
/joint l_knee 2 0.516721 0.774585 1.81817 460910
/joint l_foot 2 0.529185 0.893715 1.88866 460910
/joint r_hip 2 0.442794 0.614126 1.824 460910
/joint r_knee 2 0.445185 0.797055 1.83374 460910
/joint r_foot 2 0.545269 0.824079 1.88881 460926
/user/1 0.813772 0 1.72495 0 0 460926
/joint head 2 0.471865 0.249575 1.8708 460926
/joint neck 2 0.473087 0.386356 1.89367 460926
/joint l_shoulder 2 0.532083 0.38773 1.92411 460942
/joint l_elbow 2 0.586474 0.492257 1.91022 460942
/joint l_hand 2 0.567223 0.468701 1.64154 460942
/joint r_shoulder 2 0.414091 0.384982 1.86322 460942
/joint r_elbow 2 0.385185 0.509494 1.85249 460958
/joint r_hand 2 0.417201 0.509136 1.62271 460958
/joint torso 2 0.474989 0.500934 1.86728 460958
/joint l_hip 2 0.510602 0.616297 1.85829 460958
/joint l_knee 2 0.518701 0.770981 1.82358 460975
/joint l_foot 2 0.526618 0.903312 1.91515 460975
/joint r_hip 2 0.443182 0.614726 1.8235 460975
/joint r_knee 2 0.442425 0.797333 1.83746 460975
/joint r_foot 2 0.518414 0.840401 1.87956 460975
/user/1 0.814079 0 1.72517 0 0 460991
/joint head 2 0.472007 0.249687 1.87051 460991
/joint neck 2 0.473364 0.386495 1.89308 460991
/joint l_shoulder 2 0.532299 0.387658 1.92271 460991
/joint l_elbow 2 0.58725 0.493162 1.90943 461008
/joint l_hand 2 0.565463 0.465927 1.63877 461008
/joint r_shoulder 2 0.414429 0.385333 1.86344 461008
/joint r_elbow 2 0.386056 0.510569 1.85284 461008
/joint r_hand 2 0.421541 0.504991 1.62261 461025
/joint torso 2 0.475365 0.501164 1.86704 461025
/joint l_hip 2 0.510837 0.616492 1.85785 461025
/joint l_knee 2 0.517193 0.78764 1.85418 461025
/joint l_foot 2 0.537931 0.844532 1.87632 461042
/joint r_hip 2 0.443894 0.615172 1.82418 461042
/joint r_knee 2 0.443296 0.796071 1.82833 461042
/joint r_foot 2 0.51545 0.845317 1.87532 461042
---STOP: 2014-01-15-11-20-01-859---
