
---START: 2014-01-15-12-41-49-635---
/joint l_hip 2 0.525892 0.596547 1.92028 50275
/joint l_knee 2 0.52614 0.807166 1.80225 50275
/joint r_hip 2 0.448959 0.595857 1.89692 50275
/joint r_knee 2 0.438738 0.794983 1.74164 50275
/user/1 0.829360 0 1.65098 0 0 50291
/joint head 2 0.493848 0.259133 1.86245 50291
/joint neck 2 0.49138 0.372682 1.88419 50291
/joint l_shoulder 2 0.559317 0.373655 1.90238 50291
/joint l_elbow 2 0.587896 0.556457 1.87921 50307
/joint l_hand 2 0.585338 0.691528 1.73361 50307
/joint r_shoulder 2 0.423443 0.371709 1.866 50307
/joint r_elbow 2 0.383357 0.502955 1.90587 50307
/joint r_hand 2 0.455526 0.545236 1.75793 50324
/joint torso 2 0.489695 0.484794 1.89588 50324
/joint l_hip 2 0.526565 0.597459 1.9179 50324
/joint l_knee 2 0.526768 0.808193 1.80033 50324
/joint r_hip 2 0.449453 0.596355 1.89725 50340
/joint r_knee 2 0.441641 0.796149 1.74335 50340
/user/1 0.829363 0 1.64994 0 0 50340
/joint head 2 0.495736 0.25869 1.86295 50340
/joint neck 2 0.493502 0.37218 1.8842 50358
/joint l_shoulder 2 0.561247 0.373176 1.90502 50358
/joint l_elbow 2 0.589264 0.55609 1.88414 50358
/joint l_hand 2 0.589426 0.69383 1.74438 50358
/joint r_shoulder 2 0.425756 0.371185 1.86338 50374
/joint r_elbow 2 0.390527 0.498893 1.90599 50374
/joint r_hand 2 0.452703 0.559603 1.75515 50374
/joint torso 2 0.491733 0.484329 1.89516 50374
/joint l_hip 2 0.528412 0.597043 1.91793 50374
/joint l_knee 2 0.529077 0.809095 1.80582 50391
/joint r_hip 2 0.451515 0.595913 1.8943 50391
/joint r_knee 2 0.44465 0.797642 1.746 50391
/user/1 0.828799 0 1.64937 0 0 50391
/joint head 2 0.497718 0.259557 1.86397 50408
/joint neck 2 0.494995 0.372575 1.88357 50408
/joint l_shoulder 2 0.562582 0.374393 1.90628 50408
/joint l_elbow 2 0.589949 0.556431 1.88621 50408
/joint l_hand 2 0.590712 0.696538 1.75235 50425
/joint r_shoulder 2 0.427408 0.370756 1.86086 50425
/joint r_elbow 2 0.396181 0.498478 1.89999 50425
/joint r_hand 2 0.449389 0.577331 1.75451 50425
/joint torso 2 0.492457 0.484734 1.89358 50442
/joint l_hip 2 0.528836 0.597941 1.91666 50442
/joint l_knee 2 0.528142 0.810153 1.80524 50442
/joint r_hip 2 0.451002 0.595847 1.89051 50442
/joint r_knee 2 0.441991 0.805665 1.77065 50442
/joint r_foot 2 0.441991 1.02186 1.77065 50458
/user/1 0.828848 0 1.6491 0 0 50459
/joint head 2 0.499997 0.25947 1.85785 50459
/joint neck 2 0.496523 0.372567 1.88176 50459
/joint l_shoulder 2 0.564082 0.374757 1.90485 50476
/joint l_elbow 2 0.590874 0.558167 1.88723 50476
/joint l_hand 2 0.594611 0.701046 1.76082 50476
/joint r_shoulder 2 0.428964 0.370377 1.85868 50476
/joint r_elbow 2 0.400827 0.501723 1.89128 50492
/joint r_hand 2 0.444431 0.596661 1.75477 50492
/joint torso 2 0.493447 0.484605 1.89386 50492
/joint l_hip 2 0.528624 0.597883 1.91902 50492
/joint l_knee 2 0.529715 0.809882 1.8067 50508
/joint r_hip 2 0.45212 0.595404 1.89288 50508
/joint r_knee 2 0.442667 0.810534 1.79669 50508
/joint r_foot 2 0.442667 1.02673 1.79669 50508
/user/1 0.829097 0 1.64836 0 0 50525
/joint head 2 0.50221 0.259605 1.85439 50525
/joint neck 2 0.498407 0.373418 1.87935 50525
/joint l_shoulder 2 0.566011 0.375892 1.9019 50525
/joint l_elbow 2 0.591732 0.559297 1.89008 50541
/joint l_hand 2 0.597939 0.705227 1.76949 50541
/joint r_shoulder 2 0.430804 0.370944 1.85681 50541
/joint r_elbow 2 0.404966 0.506944 1.88379 50541
/joint r_hand 2 0.438819 0.614276 1.75627 50557
/joint torso 2 0.495035 0.485413 1.89215 50557
/joint l_hip 2 0.529545 0.598794 1.91758 50557
/joint l_knee 2 0.531381 0.809396 1.79953 50557
/joint r_hip 2 0.453781 0.596022 1.89231 50572
/joint r_knee 2 0.444794 0.814608 1.8154 50572
/joint r_foot 2 0.444794 1.0308 1.8154 50572
/user/1 0.829248 0 1.6482 0 0 50573
/joint head 2 0.505241 0.260819 1.85306 50588
/joint neck 2 0.500815 0.374769 1.87757 50588
/joint l_shoulder 2 0.568156 0.377449 1.9029 50588
/joint l_elbow 2 0.592744 0.560377 1.89387 50588
/joint l_hand 2 0.601334 0.709458 1.78088 50605
/joint r_shoulder 2 0.433474 0.372089 1.85224 50605
/joint r_elbow 2 0.405471 0.50802 1.88194 50605
/joint r_hand 2 0.427007 0.625967 1.7655 50605
/joint torso 2 0.497145 0.486772 1.88994 50621
/joint l_hip 2 0.530981 0.600268 1.91642 50621
/joint l_knee 2 0.533343 0.81095 1.79873 50621
/joint r_hip 2 0.455967 0.597283 1.88821 50621
/joint r_knee 2 0.447875 0.818104 1.82683 50638
/joint r_foot 2 0.447875 1.0343 1.82683 50638
/user/1 0.829272 0 1.64789 0 0 50638
/joint head 2 0.508897 0.259942 1.85788 50638
/joint neck 2 0.504743 0.372958 1.87957 50638
/joint l_shoulder 2 0.571744 0.375199 1.90823 50655
/joint l_elbow 2 0.595803 0.561419 1.8946 50655
/joint l_hand 2 0.602989 0.712346 1.78909 50655
/joint r_shoulder 2 0.437741 0.370718 1.85091 50655
/joint r_elbow 2 0.405958 0.506942 1.88176 50672
/joint r_hand 2 0.416579 0.632399 1.77652 50672
/joint torso 2 0.501602 0.485095 1.88922 50672
/joint l_hip 2 0.536144 0.598493 1.91498 50672
/joint l_knee 2 0.538243 0.809011 1.79661 50687
/joint r_hip 2 0.46078 0.595972 1.88274 50687
/joint r_knee 2 0.435152 0.800013 1.75067 50687
/user/1 0.828909 0 1.64862 0 0 50688
/joint head 2 0.511959 0.259191 1.8552 50705
/joint neck 2 0.507656 0.371523 1.87768 50705
/joint l_shoulder 2 0.574328 0.373554 1.90928 50705
/joint l_elbow 2 0.599461 0.563785 1.89613 50705
/joint l_hand 2 0.604731 0.716363 1.79439 50721
/joint r_shoulder 2 0.440984 0.369491 1.84608 50721
/joint r_elbow 2 0.40727 0.50412 1.88344 50721
/joint r_hand 2 0.409496 0.634892 1.78957 50721
/joint torso 2 0.504533 0.483651 1.88782 50738
/joint l_hip 2 0.53908 0.596926 1.91581 50738
/joint l_knee 2 0.537051 0.807768 1.79875 50738
/joint r_hip 2 0.463739 0.594631 1.8801 50738
/joint r_knee 2 0.419702 0.793207 1.74871 50738
/user/1 0.830927 0 1.64364 0 0 50754
/joint head 2 0.515434 0.256906 1.85934 50754
/joint neck 2 0.510925 0.369611 1.87893 50754
/joint l_shoulder 2 0.577642 0.371753 1.91027 50754
/joint l_elbow 2 0.602072 0.565227 1.90198 50770
/joint l_hand 2 0.605774 0.719568 1.80197 50770
/joint r_shoulder 2 0.444207 0.367469 1.84758 50770
/joint r_elbow 2 0.408965 0.499967 1.88248 50770
/joint r_hand 2 0.404471 0.635418 1.80415 50787
/joint torso 2 0.507927 0.481811 1.8872 50787
/joint l_hip 2 0.542703 0.595224 1.91322 50787
/joint l_knee 2 0.539476 0.805094 1.79239 50787
/joint r_hip 2 0.467155 0.592798 1.87773 50804
/joint r_knee 2 0.415489 0.790665 1.75535 50804
/user/1 0.829909 0 1.64235 0 0 50804
/joint head 2 0.51846 0.260273 1.85514 50804
/joint neck 2 0.513681 0.373487 1.87516 50821
/joint l_shoulder 2 0.580095 0.375724 1.90894 50821
/joint l_elbow 2 0.603766 0.565433 1.90411 50821
/joint l_hand 2 0.608661 0.721079 1.80745 50821
/joint r_shoulder 2 0.447267 0.37125 1.84137 50838
/joint r_elbow 2 0.411836 0.499774 1.88039 50838
/joint r_hand 2 0.399783 0.637848 1.81599 50838
/joint torso 2 0.510366 0.485636 1.88451 50838
/joint l_hip 2 0.544705 0.599054 1.91303 50838
/joint l_knee 2 0.539475 0.809247 1.79375 50854
/joint r_hip 2 0.469399 0.596518 1.87472 50854
/joint r_knee 2 0.420232 0.792766 1.74274 50854
/user/1 0.830334 0 1.65434 0 0 50854
/joint head 2 0.522831 0.260057 1.8464 50871
/joint neck 2 0.516982 0.373687 1.87167 50871
/joint l_shoulder 2 0.583403 0.376563 1.90535 50871
/joint l_elbow 2 0.604816 0.56579 1.9079 50871
/joint l_hand 2 0.610234 0.723685 1.81887 50888
/joint r_shoulder 2 0.450561 0.370811 1.83799 50888
/joint r_elbow 2 0.412645 0.503658 1.87921 50888
/joint r_hand 2 0.397228 0.643439 1.8237 50888
/joint torso 2 0.512626 0.48559 1.88453 50905
/joint l_hip 2 0.545942 0.599125 1.91649 50905
/joint l_knee 2 0.539352 0.80842 1.79398 50905
/joint r_hip 2 0.470599 0.595863 1.87829 50905
/joint r_knee 2 0.421503 0.794051 1.75289 50922
/user/1 0.829481 0 1.65478 0 0 50922
/joint head 2 0.525791 0.260168 1.8432 50922
/joint neck 2 0.519285 0.373586 1.86915 50922
/joint l_shoulder 2 0.585623 0.376916 1.90342 50922
/joint l_elbow 2 0.607686 0.565194 1.90746 50939
/joint l_hand 2 0.612084 0.72482 1.8247 50939
/joint r_shoulder 2 0.452947 0.370256 1.83487 50939
/joint r_elbow 2 0.41468 0.502336 1.87795 50939
/joint r_hand 2 0.396951 0.642955 1.82784 50956
/joint torso 2 0.514387 0.485433 1.88262 50956
/joint l_hip 2 0.547125 0.599169 1.91554 50956
/joint l_knee 2 0.540929 0.806707 1.78639 50956
/joint r_hip 2 0.471852 0.595391 1.87665 50973
/joint r_knee 2 0.434228 0.790246 1.72614 50973
/user/1 0.829756 0 1.65025 0 0 50974
/joint head 2 0.528683 0.261762 1.84161 50974
/joint neck 2 0.521687 0.375053 1.867 50974
/joint l_shoulder 2 0.588129 0.37873 1.90039 50990
/joint l_elbow 2 0.611855 0.563592 1.90763 50990
/joint l_hand 2 0.615441 0.723675 1.82972 50990
/joint r_shoulder 2 0.455245 0.371377 1.83361 50990
/joint r_elbow 2 0.416273 0.502199 1.87457 51005
/joint r_hand 2 0.398105 0.643923 1.8312 51005
/joint torso 2 0.516542 0.486904 1.88024 51006
/joint l_hip 2 0.549098 0.60084 1.91243 51006
/joint l_knee 2 0.543619 0.808928 1.78516 51022
/joint r_hip 2 0.473695 0.596667 1.87454 51022
/joint r_knee 2 0.447227 0.788805 1.70757 51022
/user/1 0.829426 0 1.64765 0 0 51022
/joint head 2 0.531956 0.259677 1.84081 51037
/joint neck 2 0.524584 0.372063 1.86562 51037
/joint l_shoulder 2 0.590602 0.375978 1.90205 51037
/joint l_elbow 2 0.613549 0.565647 1.90655 51054
/joint l_hand 2 0.618198 0.724588 1.83034 51054
/joint r_shoulder 2 0.458566 0.368147 1.82919 51054
/joint r_elbow 2 0.41845 0.50467 1.87298 51054
/joint r_hand 2 0.400474 0.646826 1.8312 51054
/joint torso 2 0.519136 0.483932 1.87806 51069
/joint l_hip 2 0.55116 0.598024 1.91118 51069
/joint l_knee 2 0.543992 0.807346 1.78889 51069
/joint r_hip 2 0.476214 0.593579 1.86982 51086
/joint r_knee 2 0.454238 0.781961 1.69104 51086
/user/1 0.829335 0 1.643 0 0 51086
/joint head 2 0.53501 0.258873 1.83494 51086
/joint neck 2 0.527041 0.370392 1.8615 51086
/joint l_shoulder 2 0.593089 0.374854 1.89764 51103
/joint l_elbow 2 0.615961 0.567724 1.90365 51103
/joint l_hand 2 0.619078 0.728867 1.83011 51103
/joint r_shoulder 2 0.460993 0.365931 1.82536 51103
/joint r_elbow 2 0.417433 0.518739 1.86813 51120
/joint r_hand 2 0.402954 0.663651 1.82096 51120
/joint torso 2 0.520943 0.482143 1.87504 51120
/joint l_hip 2 0.552322 0.596426 1.90909 51120
/joint l_knee 2 0.543315 0.807422 1.79398 51137
/joint r_hip 2 0.477367 0.591363 1.86808 51137
/joint r_knee 2 0.45779 0.77989 1.68852 51137
/user/1 0.828955 0 1.64066 0 0 51137
/joint head 2 0.537697 0.259743 1.832 51138
/joint neck 2 0.528881 0.37125 1.85829 51154
/joint l_shoulder 2 0.594948 0.376258 1.89416 51154
/joint l_elbow 2 0.616778 0.569809 1.90221 51154
/joint l_hand 2 0.619214 0.733387 1.83509 51170
/joint r_shoulder 2 0.462815 0.366242 1.82241 51170
/joint r_elbow 2 0.416928 0.533582 1.86375 51170
/joint r_hand 2 0.406543 0.68438 1.81269 51170
/joint torso 2 0.52223 0.482926 1.8722 51170
/joint l_hip 2 0.55307 0.597444 1.90648 51187
/joint l_knee 2 0.543512 0.808266 1.79083 51187
/joint r_hip 2 0.478087 0.59176 1.86576 51187
/joint r_knee 2 0.462549 0.779374 1.68252 51187
/user/1 0.828870 0 1.63559 0 0 51204
/joint head 2 0.540553 0.260363 1.83133 51204
/joint neck 2 0.531113 0.372056 1.85607 51204
/joint l_shoulder 2 0.597218 0.377722 1.89144 51204
/joint l_elbow 2 0.617379 0.571111 1.89994 51221
/joint l_hand 2 0.619374 0.735508 1.83559 51221
/joint r_shoulder 2 0.465007 0.366389 1.82069 51221
/joint r_elbow 2 0.420188 0.537096 1.86275 51221
/joint r_hand 2 0.4097 0.691298 1.79968 51237
/joint torso 2 0.523966 0.483718 1.86925 51237
/joint l_hip 2 0.554334 0.598597 1.9025 51238
/joint l_knee 2 0.543884 0.809247 1.78646 51238
/joint r_hip 2 0.479303 0.592165 1.86235 51238
/joint r_knee 2 0.470621 0.782429 1.68349 51254
/user/1 0.829044 0 1.63778 0 0 51254
/joint head 2 0.542547 0.261593 1.81849 51254
/joint neck 2 0.532333 0.373249 1.84878 51254
/joint l_shoulder 2 0.598565 0.379022 1.88316 51271
/joint l_elbow 2 0.618074 0.572266 1.89723 51271
/joint l_hand 2 0.6188 0.736237 1.82991 51271
/joint r_shoulder 2 0.4661 0.367476 1.8144 51271
/joint r_elbow 2 0.421821 0.539913 1.85833 51289
/joint r_hand 2 0.414563 0.696787 1.78972 51289
/joint torso 2 0.524586 0.484526 1.86642 51289
/joint l_hip 2 0.554428 0.599079 1.90358 51289
/joint l_knee 2 0.543417 0.811329 1.79451 51304
/joint r_hip 2 0.479252 0.592526 1.86456 51304
/joint r_knee 2 0.472367 0.783687 1.68755 51304
/user/1 0.827608 0 1.6366 0 0 51304
/joint head 2 0.544706 0.261284 1.81206 51321
/joint neck 2 0.534215 0.372758 1.84452 51321
/joint l_shoulder 2 0.600207 0.378446 1.8807 51321
/joint l_elbow 2 0.618014 0.572079 1.89353 51321
/joint l_hand 2 0.618756 0.736223 1.82739 51337
/joint r_shoulder 2 0.468224 0.36707 1.80833 51337
/joint r_elbow 2 0.425183 0.525986 1.85369 51337
/joint r_hand 2 0.419093 0.681841 1.78475 51337
/joint torso 2 0.526113 0.483839 1.86434 51354
/joint l_hip 2 0.555464 0.598149 1.9047 51354
/joint l_knee 2 0.546045 0.812176 1.8031 51354
/joint r_hip 2 0.480556 0.591693 1.86363 51354
/joint r_knee 2 0.484336 0.787383 1.69772 51354
/user/1 0.828005 0 1.63688 0 0 51370
/joint head 2 0.546338 0.260748 1.80884 51370
/joint neck 2 0.53559 0.372311 1.84078 51370
/joint l_shoulder 2 0.601441 0.378122 1.87795 51370
/joint l_elbow 2 0.618187 0.57146 1.88896 51386
/joint l_hand 2 0.622011 0.735947 1.82438 51386
/joint r_shoulder 2 0.469739 0.366501 1.8036 51386
/joint r_elbow 2 0.42821 0.51671 1.84711 51386
/joint r_hand 2 0.423849 0.671817 1.77658 51402
/joint torso 2 0.52722 0.483339 1.86104 51402
/joint l_hip 2 0.556221 0.597663 1.90239 51402
/joint l_knee 2 0.546641 0.81135 1.79926 51402
/joint r_hip 2 0.481479 0.591068 1.8602 51417
/joint r_knee 2 0.495272 0.793416 1.71578 51417
/user/1 0.825690 0 1.64379 0 0 51417
/joint head 2 0.547061 0.259438 1.80137 51434
/joint neck 2 0.535934 0.37091 1.83548 51434
/joint l_shoulder 2 0.601669 0.376652 1.8735 51434
/joint l_elbow 2 0.618467 0.566463 1.88705 51434
/joint l_hand 2 0.625199 0.728697 1.81691 51434
/joint r_shoulder 2 0.470199 0.365169 1.79746 51451
/joint r_elbow 2 0.430132 0.513579 1.83819 51451
/joint r_hand 2 0.431639 0.667502 1.76377 51452
/joint torso 2 0.527345 0.481789 1.85721 51452
/joint l_hip 2 0.556395 0.595954 1.90071 51468
/joint l_knee 2 0.549003 0.811441 1.80559 51468
/joint r_hip 2 0.481115 0.589379 1.85717 51468
/joint r_knee 2 0.492432 0.799735 1.74025 51468
/joint r_foot 2 0.492432 1.01593 1.74025 51485
/user/1 0.826609 0 1.65026 0 0 51485
/joint head 2 0.547577 0.260276 1.79764 51485
/joint neck 2 0.536535 0.371217 1.83069 51485
/joint l_shoulder 2 0.602095 0.377162 1.86983 51503
/joint l_elbow 2 0.620758 0.562401 1.88455 51503
/joint l_hand 2 0.627245 0.723156 1.80867 51503
/joint r_shoulder 2 0.470975 0.365272 1.79155 51503
/joint r_elbow 2 0.431933 0.510562 1.83041 51503
/joint r_hand 2 0.441132 0.662478 1.75097 51518
/joint torso 2 0.527639 0.482059 1.85242 51518
/joint l_hip 2 0.556325 0.596309 1.89658 51518
/joint l_knee 2 0.551297 0.812539 1.8047 51518
/joint r_hip 2 0.48116 0.589493 1.85171 51535
/joint r_knee 2 0.490378 0.805026 1.75747 51535
/joint r_foot 2 0.490378 1.02122 1.75747 51535
/user/1 0.827029 0 1.6507 0 0 51535
/joint head 2 0.548473 0.258248 1.7907 51553
/joint neck 2 0.536905 0.369443 1.82554 51553
/joint l_shoulder 2 0.60196 0.375215 1.86786 51553
/joint l_elbow 2 0.622872 0.560635 1.87899 51553
/joint l_hand 2 0.627956 0.719306 1.79962 51570
/joint r_shoulder 2 0.471851 0.363671 1.78323 51570
/joint r_elbow 2 0.433363 0.511273 1.82126 51570
/joint r_hand 2 0.448545 0.661111 1.73704 51570
/joint torso 2 0.527691 0.480155 1.84823 51570
/joint l_hip 2 0.555828 0.59418 1.8952 51586
/joint l_knee 2 0.554001 0.811061 1.80635 51586
/joint r_hip 2 0.481127 0.587552 1.84661 51586
/joint r_knee 2 0.488597 0.806421 1.77087 51586
/joint r_foot 2 0.488597 1.02261 1.77087 51602
/user/1 0.827173 0 1.65074 0 0 51602
/joint head 2 0.548916 0.259676 1.78253 51602
/joint neck 2 0.536691 0.370587 1.81938 51602
/joint l_shoulder 2 0.601677 0.376379 1.86217 51619
/joint l_elbow 2 0.621984 0.559748 1.87542 51619
/joint l_hand 2 0.629268 0.719401 1.79498 51619
/joint r_shoulder 2 0.471705 0.364795 1.77658 51619
/joint r_elbow 2 0.434998 0.508796 1.81333 51635
/joint r_hand 2 0.452576 0.657573 1.72608 51635
/joint torso 2 0.527233 0.48116 1.84315 51635
/joint l_hip 2 0.55526 0.595074 1.89161 51635
/joint l_knee 2 0.556092 0.81157 1.80061 51652
/joint r_hip 2 0.480291 0.588392 1.84224 51652
/joint r_knee 2 0.486325 0.809404 1.78147 51652
/joint r_foot 2 0.486324 1.0256 1.78147 51652
/user/1 0.827374 0 1.65156 0 0 51667
/joint head 2 0.548514 0.259312 1.78277 51667
/joint neck 2 0.536242 0.370702 1.81629 51667
/joint l_shoulder 2 0.601054 0.376718 1.86008 51668
/joint l_elbow 2 0.622324 0.559297 1.87601 51684
/joint l_hand 2 0.628761 0.717317 1.79005 51684
/joint r_shoulder 2 0.471429 0.364686 1.77249 51684
/joint r_elbow 2 0.436948 0.511917 1.80395 51684
/joint r_hand 2 0.455789 0.659617 1.71329 51700
/joint torso 2 0.526878 0.481513 1.83747 51700
/joint l_hip 2 0.555061 0.595809 1.88402 51700
/joint l_knee 2 0.559759 0.810228 1.78298 51700
/joint r_hip 2 0.479967 0.588838 1.83328 51715
/joint r_knee 2 0.484827 0.811225 1.78457 51715
/joint r_foot 2 0.484827 1.02742 1.78457 51715
/user/1 0.828418 0 1.65226 0 0 51715
/joint head 2 0.547235 0.259171 1.78522 51732
/joint neck 2 0.535531 0.37078 1.81373 51732
/joint l_shoulder 2 0.600291 0.37739 1.85766 51732
/joint l_elbow 2 0.620731 0.560898 1.87278 51732
/joint l_hand 2 0.628563 0.716247 1.77374 51749
/joint r_shoulder 2 0.470771 0.36417 1.7698 51749
/joint r_elbow 2 0.435891 0.511259 1.79581 51749
/joint r_hand 2 0.456512 0.658182 1.70364 51749
/joint torso 2 0.526264 0.481896 1.83076 51766
/joint l_hip 2 0.554859 0.596877 1.87347 51766
/joint l_knee 2 0.560721 0.81101 1.77131 51766
/joint r_hip 2 0.479133 0.589148 1.8221 51766
/joint r_knee 2 0.483042 0.812417 1.78309 51766
/joint r_foot 2 0.483042 1.02861 1.78309 51782
/user/1 0.827764 0 1.6525 0 0 51782
/joint head 2 0.545236 0.260373 1.78488 51782
/joint neck 2 0.534044 0.37215 1.81001 51782
/joint l_shoulder 2 0.599214 0.379382 1.85112 51798
/joint l_elbow 2 0.619133 0.561457 1.86491 51798
/joint l_hand 2 0.628495 0.715844 1.76633 51798
/joint r_shoulder 2 0.468874 0.364919 1.76891 51798
/joint r_elbow 2 0.434254 0.511668 1.78842 51815
/joint r_hand 2 0.451436 0.658843 1.69443 51815
/joint torso 2 0.524965 0.483506 1.82351 51815
/joint l_hip 2 0.553421 0.599027 1.86067 51815
/joint l_knee 2 0.560735 0.813776 1.76185 51831
/joint r_hip 2 0.478352 0.590697 1.81333 51831
/joint r_knee 2 0.511929 0.79591 1.69299 51831
/user/1 0.828564 0 1.64894 0 0 51832
/joint head 2 0.543346 0.260157 1.78472 51847
/joint neck 2 0.532718 0.37193 1.80733 51847
/joint l_shoulder 2 0.598142 0.379392 1.84672 51847
/joint l_elbow 2 0.620105 0.560423 1.86058 51847
/joint l_hand 2 0.627305 0.713297 1.76008 51864
/joint r_shoulder 2 0.467295 0.364469 1.76794 51864
/joint r_elbow 2 0.432348 0.512711 1.78156 51864
/joint r_hand 2 0.449548 0.65985 1.68723 51864
/joint torso 2 0.523865 0.483441 1.81862 51881
/joint l_hip 2 0.552393 0.599214 1.85241 51881
/joint l_knee 2 0.561826 0.814796 1.75851 51881
/joint r_hip 2 0.477631 0.590688 1.8074 51881
/joint r_knee 2 0.516373 0.793795 1.68525 51881
/user/1 0.828751 0 1.64468 0 0 51898
/joint head 2 0.541553 0.259166 1.79011 51898
/joint neck 2 0.531819 0.370939 1.80733 51898
/joint l_shoulder 2 0.597146 0.37832 1.84744 51898
/joint l_elbow 2 0.620019 0.561196 1.85647 51914
/joint l_hand 2 0.627382 0.712901 1.75106 51914
/joint r_shoulder 2 0.466493 0.363558 1.76722 51914
/joint r_elbow 2 0.431861 0.513267 1.77656 51914
/joint r_hand 2 0.446798 0.66014 1.67981 51931
/joint torso 2 0.523609 0.482667 1.81455 51931
/joint l_hip 2 0.552591 0.598597 1.84462 51931
/joint l_knee 2 0.563653 0.814359 1.75237 51931
/joint r_hip 2 0.478207 0.590193 1.79894 51949
/joint r_knee 2 0.519188 0.79068 1.67016 51949
/user/1 0.828118 0 1.64359 0 0 51949
/joint head 2 0.540204 0.257428 1.7924 51949
/joint neck 2 0.530923 0.369536 1.8066 51965
/joint l_shoulder 2 0.596514 0.376987 1.84489 51965
/joint l_elbow 2 0.61918 0.560294 1.85167 51965
/joint l_hand 2 0.626144 0.710794 1.74538 51965
/joint r_shoulder 2 0.465331 0.362084 1.7683 51981
/joint r_elbow 2 0.431229 0.512292 1.77309 51981
/joint r_hand 2 0.444946 0.658872 1.67456 51981
/joint torso 2 0.523067 0.48138 1.81145 51981
/joint l_hip 2 0.552498 0.59746 1.83808 51981
/joint l_knee 2 0.562938 0.814483 1.75244 51999
/joint r_hip 2 0.477923 0.588988 1.79454 51999
/joint r_knee 2 0.521665 0.791464 1.67686 51999
/user/1 0.828260 0 1.64579 0 0 51999
/joint head 2 0.5394 0.257006 1.79356 52015
/joint neck 2 0.530379 0.369448 1.80582 52015
/joint l_shoulder 2 0.596146 0.377014 1.84286 52015
/joint l_elbow 2 0.621889 0.557756 1.84576 52015
/joint l_hand 2 0.62562 0.709276 1.74239 52032
/joint r_shoulder 2 0.464613 0.361882 1.76878 52032
/joint r_elbow 2 0.431172 0.511508 1.77111 52032
/joint r_hand 2 0.445048 0.657717 1.67136 52032
/joint torso 2 0.52273 0.481359 1.80871 52049
/joint l_hip 2 0.552434 0.597568 1.83263 52049
/joint l_knee 2 0.561495 0.815593 1.75225 52049
/joint r_hip 2 0.477728 0.588973 1.79056 52049
/joint r_knee 2 0.52295 0.793753 1.68468 52066
/user/1 0.827720 0 1.64176 0 0 52066
/joint head 2 0.538282 0.257139 1.78787 52066
/joint neck 2 0.529627 0.36927 1.8034 52066
/joint l_shoulder 2 0.595714 0.37637 1.83826 52066
/joint l_elbow 2 0.623843 0.557257 1.8424 52083
/joint l_hand 2 0.624961 0.70779 1.73602 52083
/joint r_shoulder 2 0.46354 0.362171 1.76854 52083
/joint r_elbow 2 0.431608 0.511218 1.77297 52083
/joint r_hand 2 0.444807 0.656461 1.66976 52100
/joint torso 2 0.522245 0.481193 1.80808 52100
/joint l_hip 2 0.552388 0.597147 1.83256 52100
/joint l_knee 2 0.561788 0.815945 1.75722 52100
/joint r_hip 2 0.47734 0.589085 1.79298 52117
/joint r_knee 2 0.520295 0.794262 1.68508 52117
/user/1 0.827576 0 1.6441 0 0 52117
/joint head 2 0.537235 0.256639 1.79168 52117
/joint neck 2 0.529226 0.368839 1.80471 52117
/joint l_shoulder 2 0.595382 0.375449 1.8393 52134
/joint l_elbow 2 0.624808 0.557273 1.83995 52134
/joint l_hand 2 0.624428 0.706628 1.72885 52134
/joint r_shoulder 2 0.463069 0.362229 1.77011 52134
/joint r_elbow 2 0.431026 0.511559 1.77454 52151
/joint r_hand 2 0.443822 0.655548 1.66729 52151
/joint torso 2 0.522547 0.480868 1.80763 52151
/joint l_hip 2 0.553417 0.596648 1.83019 52151
/joint l_knee 2 0.562017 0.815754 1.7565 52168
/joint r_hip 2 0.478319 0.589144 1.79092 52168
/joint r_knee 2 0.51847 0.792957 1.67331 52168
/user/1 0.827995 0 1.63988 0 0 52168
/joint head 2 0.536296 0.255172 1.7928 52185
/joint neck 2 0.52883 0.368311 1.80603 52185
/joint l_shoulder 2 0.59533 0.37465 1.83793 52185
/joint l_elbow 2 0.624707 0.557025 1.83832 52185
/joint l_hand 2 0.62418 0.706301 1.72634 52202
/joint r_shoulder 2 0.46233 0.361972 1.77414 52202
/joint r_elbow 2 0.430648 0.511565 1.77753 52202
/joint r_hand 2 0.44345 0.654564 1.66732 52202
/joint torso 2 0.522521 0.480391 1.80854 52202
/joint l_hip 2 0.553961 0.596069 1.82914 52219
/joint l_knee 2 0.56199 0.815209 1.75542 52219
/joint r_hip 2 0.478462 0.588872 1.79293 52219
/joint r_knee 2 0.515835 0.792598 1.67139 52219
/user/1 0.828158 0 1.64225 0 0 52236
/joint head 2 0.535549 0.256406 1.79335 52236
/joint neck 2 0.52834 0.368895 1.80727 52236
/joint l_shoulder 2 0.595017 0.375046 1.83779 52236
/joint l_elbow 2 0.624854 0.558719 1.83672 52253
/joint l_hand 2 0.624649 0.707682 1.72123 52253
/joint r_shoulder 2 0.461663 0.362744 1.77676 52253
/joint r_elbow 2 0.430485 0.51146 1.78135 52253
/joint r_hand 2 0.442376 0.653999 1.66938 52270
/joint torso 2 0.522207 0.480995 1.81003 52270
/joint l_hip 2 0.553913 0.596585 1.83011 52270
/joint l_knee 2 0.55976 0.816487 1.7608 52270
/joint r_hip 2 0.478235 0.589604 1.79548 52270
/joint r_knee 2 0.517108 0.796488 1.68872 52287
/user/1 0.828507 0 1.64382 0 0 52287
/joint head 2 0.535119 0.255529 1.79951 52287
/joint neck 2 0.528043 0.36844 1.81169 52287
/joint l_shoulder 2 0.594811 0.374747 1.84137 52304
/joint l_elbow 2 0.624925 0.559311 1.83399 52304
/joint l_hand 2 0.623659 0.706525 1.71548 52304
/joint r_shoulder 2 0.461276 0.362133 1.782 52304
/joint r_elbow 2 0.430166 0.512507 1.78631 52321
/joint r_hand 2 0.443629 0.654691 1.67404 52321
/joint torso 2 0.521919 0.480552 1.81319 52321
/joint l_hip 2 0.553685 0.596242 1.83154 52321
/joint l_knee 2 0.558914 0.815826 1.75981 52321
/joint r_hip 2 0.477904 0.589084 1.79785 52338
/joint r_knee 2 0.515802 0.797131 1.69485 52338
/user/1 0.828499 0 1.64583 0 0 52338
/joint head 2 0.534928 0.254848 1.80257 52338
/joint neck 2 0.528055 0.368003 1.81563 52355
/joint l_shoulder 2 0.595051 0.374335 1.84312 52355
/joint l_elbow 2 0.624965 0.5583 1.83457 52355
/joint l_hand 2 0.623436 0.705871 1.71632 52355
/joint r_shoulder 2 0.46106 0.361671 1.78814 52373
/joint r_elbow 2 0.430571 0.512092 1.79374 52373
/joint r_hand 2 0.443905 0.65441 1.68174 52373
/joint torso 2 0.5219 0.480112 1.81753 52373
/joint l_hip 2 0.55377 0.595814 1.83503 52389
/joint l_knee 2 0.5578 0.815597 1.76437 52389
/joint r_hip 2 0.477721 0.588626 1.80383 52389
/joint r_knee 2 0.516216 0.798677 1.7114 52389
/user/1 0.828112 0 1.64597 0 0 52389
/joint head 2 0.535082 0.25658 1.8041 52406
/joint neck 2 0.528483 0.36896 1.81853 52406
/joint l_shoulder 2 0.59566 0.375254 1.84421 52406
/joint l_elbow 2 0.625183 0.560917 1.8329 52406
/joint l_hand 2 0.620689 0.707344 1.71039 52423
/joint r_shoulder 2 0.461306 0.362666 1.79285 52423
/joint r_elbow 2 0.430658 0.512165 1.80383 52423
/joint r_hand 2 0.443676 0.654438 1.69153 52423
/joint torso 2 0.522275 0.48105 1.82167 52440
/joint l_hip 2 0.554193 0.596712 1.83938 52440
/joint l_knee 2 0.5557 0.816217 1.76642 52440
/joint r_hip 2 0.477944 0.589568 1.81023 52440
/joint r_knee 2 0.519407 0.800282 1.72677 52457
/user/1 0.828864 0 1.64841 0 0 52457
/joint head 2 0.53473 0.256981 1.80565 52457
/joint neck 2 0.528537 0.368771 1.8223 52457
/joint l_shoulder 2 0.595884 0.374747 1.84632 52473
/joint l_elbow 2 0.625096 0.561183 1.83206 52473
/joint l_hand 2 0.617491 0.70771 1.71139 52473
/joint r_shoulder 2 0.461189 0.362794 1.79828 52473
/joint r_elbow 2 0.430633 0.512612 1.81339 52473
/joint r_hand 2 0.444999 0.654602 1.70096 52490
/joint torso 2 0.52253 0.480855 1.82691 52490
/joint l_hip 2 0.554447 0.596305 1.84505 52490
/joint l_knee 2 0.551626 0.815072 1.76741 52490
/joint r_hip 2 0.4786 0.589574 1.818 52507
/joint r_knee 2 0.512139 0.805338 1.75094 52507
/joint r_foot 2 0.512139 1.02153 1.75094 52507
/user/1 0.828997 0 1.64631 0 0 52507
/joint head 2 0.534741 0.256768 1.80564 52524
/joint neck 2 0.528671 0.368915 1.82588 52524
/joint l_shoulder 2 0.596128 0.374958 1.84863 52524
/joint l_elbow 2 0.625055 0.559492 1.83243 52524
/joint l_hand 2 0.616832 0.705969 1.71247 52541
/joint r_shoulder 2 0.461214 0.362873 1.80313 52541
/joint r_elbow 2 0.43045 0.512851 1.82384 52541
/joint r_hand 2 0.446067 0.654679 1.71163 52541
/joint torso 2 0.522419 0.480904 1.8331 52541
/joint l_hip 2 0.554393 0.596317 1.85322 52557
/joint l_knee 2 0.549517 0.815028 1.77563 52557
/joint r_hip 2 0.47794 0.589468 1.82743 52557
/joint r_knee 2 0.504975 0.808485 1.77367 52557
/joint r_foot 2 0.504975 1.02468 1.77367 52574
/user/1 0.823070 0 1.618 0 0 52574
/joint head 2 0.534892 0.25685 1.80603 52574
/joint neck 2 0.528813 0.368657 1.82969 52574
/joint l_shoulder 2 0.596389 0.374675 1.85101 52591
/joint l_elbow 2 0.624645 0.559687 1.83183 52591
/joint l_hand 2 0.614988 0.707413 1.71459 52591
/joint r_shoulder 2 0.461238 0.362638 1.80837 52591
/joint r_elbow 2 0.430745 0.512966 1.83553 52608
/joint r_hand 2 0.447316 0.653837 1.72119 52608
/joint torso 2 0.522427 0.480535 1.8396 52608
/joint l_hip 2 0.554203 0.595811 1.86155 52608
/joint l_knee 2 0.546094 0.813034 1.77604 52625
/joint r_hip 2 0.477879 0.589014 1.83747 52625
/joint r_knee 2 0.499621 0.810121 1.79442 52625
/joint r_foot 2 0.49962 1.02631 1.79441 52625
/user/1 0.823548 0 1.61878 0 0 52642
/joint head 2 0.535347 0.256464 1.8113 52642
/joint neck 2 0.529568 0.368551 1.83517 52642
/joint l_shoulder 2 0.597313 0.374757 1.85397 52642
/joint l_elbow 2 0.624436 0.559529 1.83349 52642
/joint l_hand 2 0.611605 0.7069 1.71459 52659
/joint r_shoulder 2 0.461822 0.362345 1.81637 52659
/joint r_elbow 2 0.431604 0.51413 1.84411 52659
/joint r_hand 2 0.447736 0.655931 1.73213 52659
/joint torso 2 0.52307 0.480401 1.84575 52676
/joint l_hip 2 0.554574 0.595732 1.86687 52676
/joint l_knee 2 0.542998 0.810867 1.77163 52676
/joint r_hip 2 0.478572 0.588769 1.84578 52676
/joint r_knee 2 0.496029 0.811218 1.81132 52693
/joint r_foot 2 0.496029 1.02741 1.81132 52693
/user/1 0.823246 0 1.61673 0 0 52693
/joint head 2 0.535792 0.258418 1.81472 52693
/joint neck 2 0.529758 0.370198 1.83974 52693
/joint l_shoulder 2 0.597675 0.376541 1.85562 52710
/joint l_elbow 2 0.622383 0.558664 1.83353 52710
/joint l_hand 2 0.609156 0.70571 1.71481 52710
/joint r_shoulder 2 0.461841 0.363856 1.82385 52710
/joint r_elbow 2 0.431393 0.513343 1.85674 52727
/joint r_hand 2 0.446347 0.655154 1.74412 52727
/joint torso 2 0.523184 0.481978 1.85175 52727
/joint l_hip 2 0.554918 0.597335 1.87273 52727
/joint l_knee 2 0.539691 0.812154 1.77794 52745
/joint r_hip 2 0.478302 0.59018 1.85481 52745
/joint r_knee 2 0.492304 0.813488 1.82725 52745
/joint r_foot 2 0.492304 1.02968 1.82724 52745
/user/1 0.822613 0 1.61556 0 0 52761
/joint head 2 0.535816 0.259554 1.81604 52761
/joint neck 2 0.529682 0.372212 1.84364 52761
/joint l_shoulder 2 0.597811 0.378946 1.8531 52761
/joint l_elbow 2 0.620986 0.559513 1.83161 52777
/joint l_hand 2 0.605806 0.707328 1.71631 52777
/joint r_shoulder 2 0.461552 0.365479 1.83418 52777
/joint r_elbow 2 0.431563 0.514324 1.86849 52777
/joint r_hand 2 0.444949 0.656076 1.75495 52777
/joint torso 2 0.522976 0.483849 1.85801 52794
/joint l_hip 2 0.554858 0.599299 1.87773 52794
/joint l_knee 2 0.536397 0.812285 1.77618 52794
/joint r_hip 2 0.477683 0.591671 1.86702 52794
/joint r_knee 2 0.508574 0.8052 1.78135 52811
/user/1 0.820349 0 1.61878 0 0 52811
/joint head 2 0.534814 0.259119 1.82256 52811
/joint neck 2 0.529178 0.370923 1.84992 52811
/joint l_shoulder 2 0.597426 0.377441 1.85701 52828
/joint l_elbow 2 0.620454 0.561527 1.8322 52828
/joint l_hand 2 0.604419 0.70994 1.72027 52828
/joint r_shoulder 2 0.460931 0.364406 1.84283 52828
/joint r_elbow 2 0.431413 0.516034 1.87589 52844
/joint r_hand 2 0.441056 0.656834 1.75851 52844
/joint torso 2 0.522802 0.482591 1.86447 52844
/joint l_hip 2 0.554991 0.597942 1.88303 52844
/joint l_knee 2 0.533937 0.810481 1.78139 52861
/joint r_hip 2 0.477859 0.590575 1.87501 52861
/joint r_knee 2 0.503317 0.808148 1.80689 52861
/joint r_foot 2 0.502895 1.0243 1.81289 52861
/user/1 0.819456 0 1.62751 0 0 52878
/joint head 2 0.534339 0.258234 1.82581 52878
/joint neck 2 0.529053 0.369611 1.85538 52878
/joint l_shoulder 2 0.597369 0.375898 1.86109 52878
/joint l_elbow 2 0.617456 0.561489 1.83679 52878
/joint l_hand 2 0.6021 0.709355 1.72415 52895
/joint r_shoulder 2 0.460738 0.363323 1.84967 52895
/joint r_elbow 2 0.432041 0.514881 1.88348 52895
/joint r_hand 2 0.438883 0.65572 1.76537 52895
/joint torso 2 0.522942 0.48122 1.87132 52912
/joint l_hip 2 0.555351 0.596375 1.89049 52912
/joint l_knee 2 0.530815 0.808733 1.79114 52912
/joint r_hip 2 0.47831 0.589284 1.88405 52912
/joint r_knee 2 0.499129 0.809461 1.82988 52929
/joint r_foot 2 0.498734 1.02562 1.83528 52929
/user/1 0.822142 0 1.62674 0 0 52929
/joint head 2 0.532954 0.257171 1.82861 52929
/joint neck 2 0.527995 0.368793 1.85937 52946
/joint l_shoulder 2 0.596362 0.374953 1.86193 52946
/joint l_elbow 2 0.61596 0.560948 1.83909 52946
/joint l_hand 2 0.599631 0.708791 1.72699 52946
/joint r_shoulder 2 0.459628 0.362632 1.85681 52946
/joint r_elbow 2 0.432674 0.513653 1.89139 52963
/joint r_hand 2 0.438277 0.654578 1.77313 52963
/joint torso 2 0.522181 0.480367 1.87631 52963
/joint l_hip 2 0.55538 0.595457 1.89471 52963
/joint l_knee 2 0.528266 0.807059 1.79442 52979
/joint r_hip 2 0.477355 0.588426 1.89179 52979
/joint r_knee 2 0.494288 0.810276 1.8487 52979
/joint r_foot 2 0.493919 1.02644 1.85356 52979
/user/1 0.821708 0 1.62693 0 0 52996
/joint head 2 0.531758 0.258649 1.82845 52996
/joint neck 2 0.526968 0.370726 1.86166 52996
/joint l_shoulder 2 0.595365 0.376322 1.86519 52996
/joint l_elbow 2 0.615395 0.560426 1.8426 53013
/joint l_hand 2 0.597425 0.707088 1.72702 53013
/joint r_shoulder 2 0.458571 0.36513 1.85812 53013
/joint r_elbow 2 0.431514 0.513741 1.89862 53013
/joint r_hand 2 0.438036 0.653907 1.77848 53028
/joint torso 2 0.521587 0.482127 1.88133 53028
/joint l_hip 2 0.555061 0.596706 1.90301 53028
/joint l_knee 2 0.527506 0.808782 1.80549 53029
/joint r_hip 2 0.47735 0.590348 1.89899 53045
/joint r_knee 2 0.491067 0.813273 1.8647 53045
/joint r_foot 2 0.490724 1.02944 1.86906 53045
/user/1 0.821127 0 1.62777 0 0 53045
/joint head 2 0.530095 0.258696 1.83425 53061
/joint neck 2 0.525306 0.371113 1.86667 53061
/joint l_shoulder 2 0.593707 0.37655 1.87105 53061
/joint l_elbow 2 0.614729 0.559115 1.8428 53061
/joint l_hand 2 0.595675 0.706005 1.72934 53061
/joint r_shoulder 2 0.456905 0.365676 1.86228 53078
/joint r_elbow 2 0.43088 0.516509 1.90349 53078
/joint r_hand 2 0.439139 0.656092 1.78224 53078
/joint torso 2 0.520021 0.482604 1.88537 53078
/joint l_hip 2 0.554252 0.597236 1.90661 53095
/joint l_knee 2 0.524335 0.806862 1.80035 53095
/joint r_hip 2 0.47522 0.590953 1.90154 53095
/joint r_knee 2 0.4863 0.814566 1.87422 53095
/joint r_foot 2 0.485982 1.03074 1.87815 53112
/user/1 0.820087 0 1.62516 0 0 53112
/joint head 2 0.527597 0.260746 1.83674 53112
/joint neck 2 0.523158 0.373577 1.86938 53112
/joint l_shoulder 2 0.59157 0.378501 1.87461 53129
/joint l_elbow 2 0.613023 0.559238 1.84368 53129
/joint l_hand 2 0.592954 0.705634 1.73183 53129
/joint r_shoulder 2 0.454747 0.368653 1.86416 53129
/joint r_elbow 2 0.430811 0.517708 1.90734 53146
/joint r_hand 2 0.438549 0.657793 1.78722 53146
/joint torso 2 0.518284 0.485096 1.88822 53146
/joint l_hip 2 0.552834 0.599452 1.91007 53146
/joint l_knee 2 0.523449 0.809433 1.80479 53146
/joint r_hip 2 0.473985 0.593777 1.90405 53163
/joint r_knee 2 0.482915 0.817831 1.88228 53163
/joint r_foot 2 0.482623 1.03401 1.88581 53163
/user/1 0.820686 0 1.62685 0 0 53163
/joint head 2 0.52596 0.259541 1.84465 53180
/joint neck 2 0.522315 0.372398 1.87456 53180
/joint l_shoulder 2 0.590656 0.376299 1.88319 53180
/joint l_elbow 2 0.610636 0.559803 1.84451 53180
/joint l_hand 2 0.590587 0.706218 1.73196 53197
/joint r_shoulder 2 0.453975 0.368496 1.86594 53197
/joint r_elbow 2 0.429911 0.520282 1.91071 53197
/joint r_hand 2 0.436296 0.660363 1.79026 53197
/joint torso 2 0.518239 0.484182 1.88997 53214
/joint l_hip 2 0.552599 0.59816 1.91024 53214
/joint l_knee 2 0.522831 0.807498 1.80254 53214
/joint r_hip 2 0.475727 0.593772 1.90053 53214
/joint r_knee 2 0.482912 0.818108 1.88317 53214
/joint r_foot 2 0.482643 1.03429 1.88635 53231
/user/1 0.822411 0 1.62442 0 0 53231
/joint head 2 0.523221 0.260128 1.85407 53231
/joint neck 2 0.519946 0.373878 1.87888 53231
/joint l_shoulder 2 0.588224 0.37704 1.8899 53248
/joint l_elbow 2 0.606701 0.560353 1.84999 53248
/joint l_hand 2 0.58805 0.705458 1.72881 53248
/joint r_shoulder 2 0.451668 0.370716 1.86786 53248
/joint r_elbow 2 0.427706 0.518714 1.91645 53264
/joint r_hand 2 0.431591 0.65981 1.79837 53264
/joint torso 2 0.516552 0.485884 1.89067 53264
/joint l_hip 2 0.552438 0.59971 1.9088 53264
/joint l_knee 2 0.521778 0.810895 1.81064 53281
/joint r_hip 2 0.473879 0.596072 1.89612 53281
/joint r_knee 2 0.479653 0.820589 1.88227 53281
/joint r_foot 2 0.479406 1.03677 1.88513 53281
/user/1 0.822147 0 1.6256 0 0 53297
/joint head 2 0.520088 0.259376 1.86501 53297
/joint neck 2 0.517208 0.372784 1.88436 53297
/joint l_shoulder 2 0.585557 0.375493 1.89406 53297
/joint l_elbow 2 0.603927 0.562998 1.85077 53314
/joint l_hand 2 0.58789 0.706983 1.7258 53314
/joint r_shoulder 2 0.44886 0.370076 1.87466 53314
/joint r_elbow 2 0.424939 0.520987 1.92165 53314
/joint r_hand 2 0.428945 0.66067 1.79985 53314
/joint torso 2 0.514424 0.484961 1.89237 53330
/joint l_hip 2 0.551243 0.598706 1.906 53330
/joint l_knee 2 0.521086 0.810749 1.81144 53330
/joint r_hip 2 0.472035 0.595568 1.89476 53330
/joint r_knee 2 0.47667 0.820201 1.8837 53346
/joint r_foot 2 0.476445 1.03639 1.88627 53346
/user/1 0.825724 0 1.6368 0 0 53346
/joint head 2 0.51676 0.257807 1.87636 53346
/joint neck 2 0.513661 0.371193 1.88998 53362
/joint l_shoulder 2 0.582063 0.375002 1.89619 53362
/joint l_elbow 2 0.602321 0.564344 1.85472 53362
/joint l_hand 2 0.584649 0.706121 1.72138 53362
/joint r_shoulder 2 0.445259 0.367384 1.88377 53377
/joint r_elbow 2 0.421096 0.520301 1.92571 53377
/joint r_hand 2 0.425575 0.660251 1.8046 53377
/joint torso 2 0.510076 0.483411 1.89305 53377
/joint l_hip 2 0.547987 0.59794 1.89989 53394
/joint l_knee 2 0.520011 0.812732 1.81738 53394
/joint r_hip 2 0.464997 0.593318 1.89235 53394
/joint r_knee 2 0.468716 0.818026 1.88352 53394
/joint r_foot 2 0.46851 1.03421 1.88583 53411
/user/1 0.824126 0 1.63385 0 0 53411
/joint head 2 0.514087 0.257769 1.87616 53411
/joint neck 2 0.511017 0.371146 1.8905 53411
/joint l_shoulder 2 0.579392 0.374787 1.89845 53428
/joint l_elbow 2 0.600378 0.565505 1.85628 53428
/joint l_hand 2 0.581955 0.704688 1.71645 53428
/joint r_shoulder 2 0.442642 0.367505 1.88256 53428
/joint r_elbow 2 0.418533 0.518476 1.92861 53445
/joint r_hand 2 0.421368 0.656633 1.80288 53445
/joint torso 2 0.507561 0.483409 1.89371 53445
/joint l_hip 2 0.544076 0.597802 1.90156 53445
/joint l_knee 2 0.520136 0.81395 1.82199 53445
/joint r_hip 2 0.464133 0.593544 1.89227 53462
/joint r_knee 2 0.467115 0.818299 1.88521 53462
/joint r_foot 2 0.466927 1.03449 1.88729 53462
/user/1 0.823735 0 1.63294 0 0 53462
/joint head 2 0.511168 0.256792 1.88192 53478
/joint neck 2 0.508728 0.370165 1.89412 53478
/joint l_shoulder 2 0.577106 0.373088 1.90289 53478
/joint l_elbow 2 0.598626 0.563737 1.85549 53478
/joint l_hand 2 0.583435 0.705331 1.71889 53495
/joint r_shoulder 2 0.44035 0.367242 1.88536 53495
/joint r_elbow 2 0.415264 0.517317 1.92844 53495
/joint r_hand 2 0.419825 0.652787 1.79663 53495
/joint torso 2 0.505978 0.48249 1.89564 53512
/joint l_hip 2 0.542472 0.596492 1.9022 53512
/joint l_knee 2 0.520656 0.813505 1.82554 53512
/joint r_hip 2 0.463983 0.593136 1.89214 53512
/joint r_knee 2 0.466372 0.817922 1.8865 53529
/joint r_foot 2 0.466201 1.03411 1.88837 53529
/user/1 0.824211 0 1.6326 0 0 53529
/joint head 2 0.508005 0.256806 1.87856 53529
/joint neck 2 0.506046 0.370028 1.89334 53545
/joint l_shoulder 2 0.574334 0.371918 1.90483 53545
/joint l_elbow 2 0.59735 0.564166 1.85277 53545
/joint l_hand 2 0.583023 0.704194 1.71345 53545
/joint r_shoulder 2 0.437759 0.368139 1.88185 53562
/joint r_elbow 2 0.412814 0.515746 1.92437 53562
/joint r_hand 2 0.419432 0.650733 1.7917 53562
/joint torso 2 0.504167 0.482374 1.89644 53562
/joint l_hip 2 0.541474 0.595805 1.90614 53562
/joint l_knee 2 0.519917 0.812433 1.82679 53579
/joint r_hip 2 0.463101 0.593636 1.89296 53579
/joint r_knee 2 0.465015 0.818441 1.88845 53579
/joint r_foot 2 0.46486 1.03463 1.89014 53579
/user/1 0.824565 0 1.63237 0 0 53596
/joint head 2 0.504346 0.256074 1.87689 53596
/joint neck 2 0.503195 0.368946 1.89349 53596
/joint l_shoulder 2 0.571217 0.369809 1.90976 53596
/joint l_elbow 2 0.594946 0.559963 1.85923 53613
/joint l_hand 2 0.583242 0.698659 1.71878 53613
/joint r_shoulder 2 0.435174 0.368083 1.87722 53613
/joint r_elbow 2 0.408603 0.515086 1.92301 53613
/joint r_hand 2 0.41922 0.648754 1.78854 53629
/joint torso 2 0.502093 0.48128 1.89853 53629
/joint l_hip 2 0.540165 0.594111 1.91293 53629
/joint l_knee 2 0.516038 0.808571 1.82387 53629
/joint r_hip 2 0.461816 0.593118 1.89419 53629
/joint r_knee 2 0.463349 0.817935 1.89059 53646
/joint r_foot 2 0.463208 1.03412 1.89211 53646
/user/1 0.823963 0 1.62509 0 0 53646
/joint head 2 0.500377 0.257061 1.87604 53646
/joint neck 2 0.499727 0.370101 1.89413 53662
/joint l_shoulder 2 0.567601 0.370207 1.91297 53662
/joint l_elbow 2 0.592585 0.557327 1.86323 53662
/joint l_hand 2 0.582853 0.694455 1.7199 53662
/joint r_shoulder 2 0.431854 0.369995 1.87529 53678
/joint r_elbow 2 0.404863 0.514677 1.91946 53678
/joint r_hand 2 0.418518 0.647973 1.7852 53678
/joint torso 2 0.499234 0.482438 1.89982 53678
/joint l_hip 2 0.538299 0.594837 1.91649 53693
/joint l_knee 2 0.514905 0.809196 1.82612 53693
/joint r_hip 2 0.459182 0.594713 1.89453 53693
/joint r_knee 2 0.460409 0.819538 1.89165 53693
/joint r_foot 2 0.460281 1.03573 1.89301 53710
/user/1 0.826677 0 1.63354 0 0 53710
/joint head 2 0.496866 0.257969 1.87599 53710
/joint neck 2 0.496674 0.371359 1.89454 53710
/joint l_shoulder 2 0.564562 0.370779 1.91345 53727
/joint l_elbow 2 0.591597 0.554697 1.86754 53727
/joint l_hand 2 0.583434 0.691039 1.72265 53727
/joint r_shoulder 2 0.428786 0.37194 1.87563 53727
/joint r_elbow 2 0.401757 0.517125 1.91634 53744
/joint r_hand 2 0.41896 0.645236 1.77319 53744
/joint torso 2 0.496773 0.483687 1.90088 53744
/joint l_hip 2 0.536261 0.595678 1.91819 53744
/joint l_knee 2 0.513637 0.808985 1.82164 53761
/joint r_hip 2 0.457484 0.596352 1.89624 53761
/joint r_knee 2 0.458467 0.821182 1.89394 53761
/joint r_foot 2 0.45835 1.03737 1.89517 53761
/user/1 0.826336 0 1.63934 0 0 53778
/joint head 2 0.493109 0.256457 1.87597 53778
/joint neck 2 0.49349 0.36974 1.89523 53778
/joint l_shoulder 2 0.561303 0.368574 1.91524 53778
/joint l_elbow 2 0.59091 0.554949 1.8705 53778
/joint l_hand 2 0.581913 0.691014 1.72412 53795
/joint r_shoulder 2 0.425676 0.370907 1.87522 53795
/joint r_elbow 2 0.399857 0.516605 1.91378 53795
/joint r_hand 2 0.418441 0.63857 1.75995 53795
/joint torso 2 0.494076 0.482058 1.90201 53812
/joint l_hip 2 0.534174 0.593695 1.92044 53812
/joint l_knee 2 0.512789 0.8084 1.82992 53812
/joint r_hip 2 0.455152 0.595054 1.89712 53812
/joint r_knee 2 0.455939 0.819888 1.89528 53829
/joint r_foot 2 0.455833 1.03608 1.89639 53829
/user/1 0.826985 0 1.64153 0 0 53829
/joint head 2 0.489204 0.256353 1.88144 53829
/joint neck 2 0.489995 0.369722 1.89845 53846
/joint l_shoulder 2 0.557773 0.367994 1.91892 53846
/joint l_elbow 2 0.589202 0.553511 1.8712 53846
/joint l_hand 2 0.580051 0.689297 1.71997 53846
/joint r_shoulder 2 0.422216 0.37145 1.87798 53846
/joint r_elbow 2 0.395824 0.523412 1.91003 53863
/joint r_hand 2 0.416625 0.6343 1.73866 53863
/joint torso 2 0.491202 0.482062 1.90379 53863
/joint l_hip 2 0.531961 0.593393 1.92109 53863
/joint l_knee 2 0.512734 0.808061 1.82846 53880
/joint r_hip 2 0.452858 0.59541 1.8972 53880
/joint r_knee 2 0.453488 0.820245 1.89572 53880
/joint r_foot 2 0.453392 1.03644 1.89672 53880
/user/1 0.827429 0 1.64168 0 0 53897
/joint head 2 0.486 0.257713 1.8783 53897
/joint neck 2 0.487197 0.371104 1.89753 53897
/joint l_shoulder 2 0.554973 0.368687 1.91791 53897
/joint l_elbow 2 0.588347 0.553834 1.86958 53913
/joint l_hand 2 0.578507 0.688874 1.71776 53913
/joint r_shoulder 2 0.419421 0.373521 1.87715 53913
/joint r_elbow 2 0.38951 0.528899 1.90617 53913
/joint r_hand 2 0.413784 0.629934 1.72388 53929
/joint torso 2 0.488943 0.483397 1.90427 53929
/joint l_hip 2 0.529943 0.594291 1.92281 53929
/joint l_knee 2 0.511906 0.808442 1.8266 53929
/joint r_hip 2 0.451435 0.597091 1.8992 53929
/joint r_knee 2 0.451938 0.821927 1.89802 53946
/joint r_foot 2 0.451852 1.03812 1.89892 53946
/user/1 0.828172 0 1.63994 0 0 53946
/joint head 2 0.482172 0.257567 1.88298 53946
/joint neck 2 0.484567 0.370694 1.89997 53963
/joint l_shoulder 2 0.552336 0.366995 1.91995 53963
/joint l_elbow 2 0.585967 0.55348 1.86759 53963
/joint l_hand 2 0.577624 0.688475 1.71463 53963
/joint r_shoulder 2 0.416798 0.374392 1.87998 53980
/joint r_elbow 2 0.384985 0.532419 1.90349 53980
/joint r_hand 2 0.413514 0.625177 1.71361 53980
/joint torso 2 0.487689 0.482966 1.90437 53980
/joint l_hip 2 0.529292 0.593137 1.92012 53997
/joint l_knee 2 0.513357 0.807693 1.82446 53997
/joint r_hip 2 0.452331 0.597338 1.89742 53997
/joint r_knee 2 0.452734 0.822175 1.89648 53997
/joint r_foot 2 0.452656 1.03837 1.89729 54014
/user/1 0.820610 0 1.67552 0 0 54014
/joint head 2 0.479182 0.256937 1.88572 54014
/joint neck 2 0.48214 0.370337 1.90074 54014
/joint l_shoulder 2 0.549962 0.366133 1.9198 54014
/joint l_elbow 2 0.583995 0.549397 1.86855 54031
/joint l_hand 2 0.578651 0.68249 1.71204 54031
/joint r_shoulder 2 0.414318 0.374541 1.88168 54031
/joint r_elbow 2 0.380768 0.532877 1.90176 54031
/joint r_hand 2 0.414688 0.618949 1.70628 54048
/joint torso 2 0.48584 0.482607 1.9038 54048
/joint l_hip 2 0.528716 0.592449 1.91786 54048
/joint l_knee 2 0.511921 0.809081 1.83405 54048
/joint r_hip 2 0.450365 0.597306 1.89584 54065
/joint r_knee 2 0.450688 0.822144 1.89509 54065
/joint r_foot 2 0.450617 1.03833 1.89581 54065
/user/1 0.820644 0 1.67603 0 0 54065
/joint head 2 0.475607 0.254142 1.8863 54082
/joint neck 2 0.478639 0.367534 1.90181 54082
/joint l_shoulder 2 0.546497 0.362708 1.92002 54082
/joint l_elbow 2 0.583401 0.552558 1.86356 54082
/joint l_hand 2 0.578987 0.684953 1.7028 54082
/joint r_shoulder 2 0.410782 0.37236 1.8836 54098
/joint r_elbow 2 0.379834 0.53207 1.8997 54098
/joint r_hand 2 0.413877 0.613919 1.70119 54098
/joint torso 2 0.482862 0.479766 1.9058 54098
/joint l_hip 2 0.526671 0.589182 1.92041 54115
/joint l_knee 2 0.509854 0.806671 1.84178 54115
/joint r_hip 2 0.447498 0.594813 1.89916 54115
/joint r_knee 2 0.447756 0.819651 1.89856 54115
/joint r_foot 2 0.447692 1.03584 1.89921 54131
/user/1 0.820556 0 1.67711 0 0 54131
/joint head 2 0.472345 0.254306 1.88698 54131
/joint neck 2 0.475552 0.367697 1.9023 54131
/joint l_shoulder 2 0.543477 0.362651 1.91934 54148
/joint l_elbow 2 0.58291 0.553621 1.8595 54148
/joint l_hand 2 0.5777 0.683461 1.69201 54148
/joint r_shoulder 2 0.407626 0.372744 1.88525 54148
/joint r_elbow 2 0.379172 0.533225 1.89791 54165
/joint r_hand 2 0.415931 0.609199 1.69639 54165
/joint torso 2 0.479985 0.47992 1.90639 54165
/joint l_hip 2 0.524256 0.589183 1.92048 54165
/joint l_knee 2 0.509293 0.806266 1.83792 54182
/joint r_hip 2 0.444579 0.595102 1.90049 54182
/joint r_knee 2 0.444785 0.819941 1.90001 54182
/joint r_foot 2 0.444728 1.03613 1.90059 54182
/user/1 0.820486 0 1.67806 0 0 54182
/joint head 2 0.470133 0.255673 1.88145 54199
/joint neck 2 0.473541 0.369225 1.90006 54199
/joint l_shoulder 2 0.541468 0.363988 1.917 54199
/joint l_elbow 2 0.580517 0.554414 1.85786 54199
/joint l_hand 2 0.57763 0.682772 1.68887 54216
/joint r_shoulder 2 0.405614 0.374461 1.88312 54216
/joint r_elbow 2 0.380407 0.533802 1.89816 54216
/joint r_hand 2 0.417471 0.604592 1.69347 54216
/joint torso 2 0.478029 0.481401 1.90609 54233
/joint l_hip 2 0.521712 0.590555 1.9219 54233
/joint l_knee 2 0.508511 0.807902 1.8397 54233
/joint r_hip 2 0.443323 0.596598 1.90235 54233
/joint r_knee 2 0.453397 0.809627 1.79638 54250
/user/1 0.820267 0 1.6784 0 0 54250
/joint head 2 0.467877 0.254493 1.88417 54250
/joint neck 2 0.471314 0.367916 1.90117 54250
/joint l_shoulder 2 0.539104 0.362825 1.92017 54250
/joint l_elbow 2 0.578932 0.551685 1.86136 54265
/joint l_hand 2 0.576483 0.679603 1.69601 54265
/joint r_shoulder 2 0.403525 0.373007 1.88216 54265
/joint r_elbow 2 0.37966 0.536174 1.89634 54265
/joint r_hand 2 0.418857 0.601215 1.6897 54282
/joint torso 2 0.475668 0.480118 1.90668 54283
/joint l_hip 2 0.51882 0.589407 1.92307 54283
/joint l_knee 2 0.5085 0.805947 1.83466 54283
/joint r_hip 2 0.441223 0.595235 1.90132 54298
/joint r_knee 2 0.430183 0.808141 1.79518 54298
/user/1 0.819750 0 1.67974 0 0 54298
/joint head 2 0.466291 0.254824 1.88553 54298
/joint neck 2 0.469799 0.368206 1.90276 54315
/joint l_shoulder 2 0.537194 0.363127 1.92634 54315
/joint l_elbow 2 0.578335 0.548496 1.86545 54315
/joint l_hand 2 0.575685 0.676088 1.70211 54315
/joint r_shoulder 2 0.402403 0.373285 1.87919 54332
/joint r_elbow 2 0.380067 0.535798 1.89465 54332
/joint r_hand 2 0.42001 0.599359 1.68969 54332
/joint torso 2 0.474099 0.480421 1.90799 54332
/joint l_hip 2 0.516826 0.589741 1.92665 54349
/joint l_knee 2 0.510546 0.806474 1.8378 54349
/joint r_hip 2 0.439971 0.595532 1.89977 54349
/joint r_knee 2 0.422984 0.808953 1.79925 54349
/user/1 0.819577 0 1.6808 0 0 54366
/joint head 2 0.465063 0.256295 1.88739 54366
/joint neck 2 0.468564 0.369481 1.90339 54366
/joint l_shoulder 2 0.535868 0.364528 1.92826 54366
/joint l_elbow 2 0.578233 0.545599 1.86829 54366
/joint l_hand 2 0.575911 0.673988 1.70597 54383
/joint r_shoulder 2 0.401261 0.374433 1.87852 54383
/joint r_elbow 2 0.377147 0.537433 1.89225 54383
/joint r_hand 2 0.420749 0.598413 1.69084 54383
/joint torso 2 0.472861 0.481719 1.90716 54400
/joint l_hip 2 0.515423 0.591143 1.92507 54400
/joint l_knee 2 0.509984 0.806477 1.82866 54400
/joint r_hip 2 0.438894 0.596774 1.89679 54400
/joint r_knee 2 0.417489 0.810257 1.80001 54417
/user/1 0.819751 0 1.68035 0 0 54417
/joint head 2 0.463067 0.256894 1.8895 54417
/joint neck 2 0.466592 0.370104 1.90331 54417
/joint l_shoulder 2 0.53426 0.36572 1.9238 54434
/joint l_elbow 2 0.575622 0.542872 1.87166 54434
/joint l_hand 2 0.575845 0.668495 1.71106 54434
/joint r_shoulder 2 0.398923 0.374487 1.88281 54434
/joint r_elbow 2 0.375078 0.539271 1.8891 54434
/joint r_hand 2 0.421975 0.598292 1.69381 54451
/joint torso 2 0.470573 0.482379 1.90476 54451
/joint l_hip 2 0.51301 0.592163 1.91786 54451
/joint l_knee 2 0.508667 0.807198 1.81974 54451
/joint r_hip 2 0.436097 0.597145 1.89456 54466
/joint r_knee 2 0.411608 0.811408 1.80484 54466
/user/1 0.819538 0 1.68182 0 0 54466
/joint head 2 0.4618 0.258814 1.88937 54466
/joint neck 2 0.465433 0.372254 1.90297 54483
/joint l_shoulder 2 0.533263 0.368044 1.92157 54483
/joint l_elbow 2 0.57492 0.543054 1.87489 54483
/joint l_hand 2 0.574322 0.667618 1.71369 54483
/joint r_shoulder 2 0.397604 0.376464 1.88437 54499
/joint r_elbow 2 0.370744 0.529938 1.89448 54499
/joint r_hand 2 0.421429 0.593041 1.70857 54499
/joint torso 2 0.469291 0.484546 1.90389 54499
/joint l_hip 2 0.511653 0.594448 1.91537 54517
/joint l_knee 2 0.510626 0.811312 1.82637 54517
/joint r_hip 2 0.434643 0.599228 1.89425 54517
/joint r_knee 2 0.412263 0.813233 1.80101 54517
/user/1 0.819760 0 1.68196 0 0 54533
/joint head 2 0.459998 0.256369 1.89478 54533
/joint neck 2 0.464008 0.369936 1.90515 54533
/joint l_shoulder 2 0.531878 0.365408 1.9232 54533
/joint l_elbow 2 0.573784 0.543924 1.87221 54550
/joint l_hand 2 0.572987 0.667341 1.70935 54550
/joint r_shoulder 2 0.396139 0.374465 1.88709 54550
/joint r_elbow 2 0.368038 0.524599 1.89683 54550
/joint r_hand 2 0.422164 0.588912 1.71688 54550
/joint torso 2 0.468287 0.482196 1.90418 54567
/joint l_hip 2 0.511084 0.591886 1.91345 54567
/joint l_knee 2 0.512341 0.808531 1.82327 54567
/joint r_hip 2 0.434045 0.597027 1.89296 54567
/joint r_knee 2 0.413181 0.81193 1.80302 54584
/user/1 0.819815 0 1.68296 0 0 54584
/joint head 2 0.45957 0.255395 1.89708 54584
/joint neck 2 0.463428 0.368726 1.90634 54584
---STOP: 2014-01-15-12-41-53-961---
