
---START: 2014-01-15-15-22-33-605---
/joint r_knee 2 0.434228 0.790246 1.72614 488971
/user/1 0.829756 0 1.65025 0 0 488971
/joint head 2 0.528683 0.261762 1.84161 488971
/joint neck 2 0.521687 0.375053 1.867 488971
/joint l_shoulder 2 0.588129 0.37873 1.90039 488971
/joint l_elbow 2 0.611855 0.563592 1.90763 488986
/joint l_hand 2 0.615441 0.723675 1.82972 488986
/joint r_shoulder 2 0.455245 0.371377 1.83361 488986
/joint r_elbow 2 0.416273 0.502199 1.87457 489004
/joint r_hand 2 0.398105 0.643923 1.8312 489004
/joint torso 2 0.516542 0.486904 1.88024 489004
/joint l_hip 2 0.549098 0.60084 1.91243 489004
/joint l_knee 2 0.543619 0.808928 1.78516 489004
/joint r_hip 2 0.473695 0.596667 1.87454 489020
/joint r_knee 2 0.447227 0.788805 1.70757 489020
/user/1 0.829426 0 1.64765 0 0 489020
/joint head 2 0.531956 0.259677 1.84081 489020
/joint neck 2 0.524584 0.372063 1.86562 489035
/joint l_shoulder 2 0.590602 0.375978 1.90205 489035
/joint l_elbow 2 0.613549 0.565647 1.90655 489035
/joint l_hand 2 0.618198 0.724588 1.83034 489035
/joint r_shoulder 2 0.458566 0.368147 1.82919 489051
/joint r_elbow 2 0.41845 0.50467 1.87298 489051
/joint r_hand 2 0.400474 0.646826 1.8312 489051
/joint torso 2 0.519136 0.483932 1.87806 489051
/joint l_hip 2 0.55116 0.598024 1.91118 489067
/joint l_knee 2 0.543992 0.807346 1.78889 489068
/joint r_hip 2 0.476214 0.593579 1.86982 489068
/joint r_knee 2 0.454238 0.781961 1.69104 489068
/user/1 0.829335 0 1.643 0 0 489083
/joint head 2 0.53501 0.258873 1.83494 489083
/joint neck 2 0.527041 0.370392 1.8615 489084
/joint l_shoulder 2 0.593089 0.374854 1.89764 489084
/joint l_elbow 2 0.615961 0.567724 1.90365 489101
/joint l_hand 2 0.619078 0.728867 1.83011 489101
/joint r_shoulder 2 0.460993 0.365931 1.82536 489101
/joint r_elbow 2 0.417433 0.518739 1.86813 489101
/joint r_hand 2 0.402954 0.663651 1.82096 489117
/joint torso 2 0.520943 0.482143 1.87504 489117
/joint l_hip 2 0.552322 0.596426 1.90909 489117
/joint l_knee 2 0.543315 0.807422 1.79398 489117
/joint r_hip 2 0.477367 0.591363 1.86808 489134
/joint r_knee 2 0.45779 0.77989 1.68852 489134
/user/1 0.828955 0 1.64066 0 0 489134
/joint head 2 0.537697 0.259743 1.832 489134
/joint neck 2 0.528881 0.37125 1.85829 489151
/joint l_shoulder 2 0.594948 0.376258 1.89416 489151
/joint l_elbow 2 0.616778 0.569809 1.90221 489152
/joint l_hand 2 0.619214 0.733387 1.83509 489152
/joint r_shoulder 2 0.462815 0.366242 1.82241 489152
/joint r_elbow 2 0.416928 0.533582 1.86375 489169
/joint r_hand 2 0.406543 0.68438 1.81269 489169
/joint torso 2 0.52223 0.482926 1.8722 489169
/joint l_hip 2 0.55307 0.597444 1.90648 489169
/joint l_knee 2 0.543512 0.808266 1.79083 489185
/joint r_hip 2 0.478087 0.59176 1.86576 489185
/joint r_knee 2 0.462549 0.779374 1.68252 489185
/user/1 0.828870 0 1.63559 0 0 489185
/joint head 2 0.540553 0.260363 1.83133 489200
/joint neck 2 0.531113 0.372056 1.85607 489200
/joint l_shoulder 2 0.597218 0.377722 1.89144 489200
/joint l_elbow 2 0.617379 0.571111 1.89994 489200
/joint l_hand 2 0.619374 0.735508 1.83559 489217
/joint r_shoulder 2 0.465007 0.366389 1.82069 489217
/joint r_elbow 2 0.420188 0.537096 1.86275 489217
/joint r_hand 2 0.4097 0.691298 1.79968 489217
/joint torso 2 0.523966 0.483718 1.86925 489233
/joint l_hip 2 0.554334 0.598597 1.9025 489233
/joint l_knee 2 0.543884 0.809247 1.78646 489233
/joint r_hip 2 0.479303 0.592165 1.86235 489233
/joint r_knee 2 0.470621 0.782429 1.68349 489249
/user/1 0.829044 0 1.63778 0 0 489249
/joint head 2 0.542547 0.261593 1.81849 489249
/joint neck 2 0.532333 0.373249 1.84878 489249
/joint l_shoulder 2 0.598565 0.379022 1.88316 489265
/joint l_elbow 2 0.618074 0.572266 1.89723 489265
/joint l_hand 2 0.6188 0.736237 1.82991 489265
/joint r_shoulder 2 0.4661 0.367476 1.8144 489265
/joint r_elbow 2 0.421821 0.539913 1.85833 489281
/joint r_hand 2 0.414563 0.696787 1.78972 489281
/joint torso 2 0.524586 0.484526 1.86642 489281
/joint l_hip 2 0.554428 0.599079 1.90358 489281
/joint l_knee 2 0.543417 0.811329 1.79451 489298
/joint r_hip 2 0.479252 0.592526 1.86456 489298
/joint r_knee 2 0.472367 0.783687 1.68755 489298
/user/1 0.827608 0 1.6366 0 0 489298
/joint head 2 0.544706 0.261284 1.81206 489315
/joint neck 2 0.534215 0.372758 1.84452 489315
/joint l_shoulder 2 0.600207 0.378446 1.8807 489315
/joint l_elbow 2 0.618014 0.572079 1.89353 489315
/joint l_hand 2 0.618756 0.736223 1.82739 489316
/joint r_shoulder 2 0.468224 0.36707 1.80833 489333
/joint r_elbow 2 0.425183 0.525986 1.85369 489333
/joint r_hand 2 0.419093 0.681841 1.78475 489333
/joint torso 2 0.526113 0.483839 1.86434 489333
/joint l_hip 2 0.555464 0.598149 1.9047 489349
/joint l_knee 2 0.546045 0.812176 1.8031 489349
/joint r_hip 2 0.480556 0.591693 1.86363 489349
/joint r_knee 2 0.484336 0.787383 1.69772 489349
/user/1 0.828005 0 1.63688 0 0 489365
/joint head 2 0.546338 0.260748 1.80884 489365
/joint neck 2 0.53559 0.372311 1.84078 489365
/joint l_shoulder 2 0.601441 0.378122 1.87795 489365
/joint l_elbow 2 0.618187 0.57146 1.88896 489380
/joint l_hand 2 0.622011 0.735947 1.82438 489381
/joint r_shoulder 2 0.469739 0.366501 1.8036 489381
/joint r_elbow 2 0.42821 0.51671 1.84711 489381
/joint r_hand 2 0.423849 0.671817 1.77658 489398
/joint torso 2 0.52722 0.483339 1.86104 489398
/joint l_hip 2 0.556221 0.597663 1.90239 489398
/joint l_knee 2 0.546641 0.81135 1.79926 489398
/joint r_hip 2 0.481479 0.591068 1.8602 489414
/joint r_knee 2 0.495272 0.793416 1.71578 489414
/user/1 0.825690 0 1.64379 0 0 489414
/joint head 2 0.547061 0.259438 1.80137 489414
/joint neck 2 0.535934 0.37091 1.83548 489429
/joint l_shoulder 2 0.601669 0.376652 1.8735 489430
/joint l_elbow 2 0.618467 0.566463 1.88705 489430
/joint l_hand 2 0.625199 0.728697 1.81691 489430
/joint r_shoulder 2 0.470199 0.365169 1.79746 489446
/joint r_elbow 2 0.430132 0.513579 1.83819 489446
/joint r_hand 2 0.431639 0.667502 1.76377 489446
/joint torso 2 0.527345 0.481789 1.85721 489446
/joint l_hip 2 0.556395 0.595954 1.90071 489463
/joint l_knee 2 0.549003 0.811441 1.80559 489463
/joint r_hip 2 0.481115 0.589379 1.85717 489463
/joint r_knee 2 0.492432 0.799735 1.74025 489463
/joint r_foot 2 0.492432 1.01593 1.74025 489463
/user/1 0.826609 0 1.65026 0 0 489481
/joint head 2 0.547577 0.260276 1.79764 489481
/joint neck 2 0.536535 0.371217 1.83069 489481
/joint l_shoulder 2 0.602095 0.377162 1.86983 489481
/joint l_elbow 2 0.620758 0.562401 1.88455 489497
/joint l_hand 2 0.627245 0.723156 1.80867 489497
/joint r_shoulder 2 0.470975 0.365272 1.79155 489497
/joint r_elbow 2 0.431933 0.510562 1.83041 489497
/joint r_hand 2 0.441132 0.662478 1.75097 489514
/joint torso 2 0.527639 0.482059 1.85242 489514
/joint l_hip 2 0.556325 0.596309 1.89658 489514
/joint l_knee 2 0.551297 0.812539 1.8047 489514
/joint r_hip 2 0.48116 0.589493 1.85171 489530
/joint r_knee 2 0.490378 0.805026 1.75747 489530
/joint r_foot 2 0.490378 1.02122 1.75747 489530
/user/1 0.827029 0 1.6507 0 0 489530
/joint head 2 0.548473 0.258248 1.7907 489547
/joint neck 2 0.536905 0.369443 1.82554 489547
/joint l_shoulder 2 0.60196 0.375215 1.86786 489547
/joint l_elbow 2 0.622872 0.560635 1.87899 489547
/joint l_hand 2 0.627956 0.719306 1.79962 489547
/joint r_shoulder 2 0.471851 0.363671 1.78323 489564
/joint r_elbow 2 0.433363 0.511273 1.82126 489564
/joint r_hand 2 0.448545 0.661111 1.73704 489564
/joint torso 2 0.527691 0.480155 1.84823 489564
/joint l_hip 2 0.555828 0.59418 1.8952 489580
/joint l_knee 2 0.554001 0.811061 1.80635 489580
/joint r_hip 2 0.481127 0.587552 1.84661 489580
/joint r_knee 2 0.488597 0.806421 1.77087 489580
/joint r_foot 2 0.488597 1.02261 1.77087 489597
/user/1 0.827173 0 1.65074 0 0 489597
/joint head 2 0.548916 0.259676 1.78253 489597
/joint neck 2 0.536691 0.370587 1.81938 489597
/joint l_shoulder 2 0.601677 0.376379 1.86217 489613
/joint l_elbow 2 0.621984 0.559748 1.87542 489613
/joint l_hand 2 0.629268 0.719401 1.79498 489613
/joint r_shoulder 2 0.471705 0.364795 1.77658 489613
/joint r_elbow 2 0.434998 0.508796 1.81333 489629
/joint r_hand 2 0.452576 0.657573 1.72608 489629
/joint torso 2 0.527233 0.48116 1.84315 489630
/joint l_hip 2 0.55526 0.595074 1.89161 489630
/joint l_knee 2 0.556092 0.81157 1.80061 489646
/joint r_hip 2 0.480291 0.588392 1.84224 489646
/joint r_knee 2 0.486325 0.809404 1.78147 489646
/joint r_foot 2 0.486324 1.0256 1.78147 489646
/user/1 0.827374 0 1.65156 0 0 489661
/joint head 2 0.548514 0.259312 1.78277 489661
/joint neck 2 0.536242 0.370702 1.81629 489661
/joint l_shoulder 2 0.601054 0.376718 1.86008 489661
/joint l_elbow 2 0.622324 0.559297 1.87601 489678
/joint l_hand 2 0.628761 0.717317 1.79005 489678
/joint r_shoulder 2 0.471429 0.364686 1.77249 489678
/joint r_elbow 2 0.436948 0.511917 1.80395 489678
/joint r_hand 2 0.455789 0.659617 1.71329 489695
/joint torso 2 0.526878 0.481513 1.83747 489695
/joint l_hip 2 0.555061 0.595809 1.88402 489695
/joint l_knee 2 0.559759 0.810228 1.78298 489695
/joint r_hip 2 0.479967 0.588838 1.83328 489695
/joint r_knee 2 0.484827 0.811225 1.78457 489712
/joint r_foot 2 0.484827 1.02742 1.78457 489712
/user/1 0.828418 0 1.65226 0 0 489712
/joint head 2 0.547235 0.259171 1.78522 489712
/joint neck 2 0.535531 0.37078 1.81373 489729
/joint l_shoulder 2 0.600291 0.37739 1.85766 489729
/joint l_elbow 2 0.620731 0.560898 1.87278 489729
/joint l_hand 2 0.628563 0.716247 1.77374 489729
/joint r_shoulder 2 0.470771 0.36417 1.7698 489745
/joint r_elbow 2 0.435891 0.511259 1.79581 489745
/joint r_hand 2 0.456512 0.658182 1.70364 489745
/joint torso 2 0.526264 0.481896 1.83076 489745
/joint l_hip 2 0.554859 0.596877 1.87347 489761
/joint l_knee 2 0.560721 0.81101 1.77131 489761
/joint r_hip 2 0.479133 0.589148 1.8221 489761
/joint r_knee 2 0.483042 0.812417 1.78309 489761
/joint r_foot 2 0.483042 1.02861 1.78309 489777
/user/1 0.827764 0 1.6525 0 0 489777
/joint head 2 0.545236 0.260373 1.78488 489777
/joint neck 2 0.534044 0.37215 1.81001 489777
/joint l_shoulder 2 0.599214 0.379382 1.85112 489793
/joint l_elbow 2 0.619133 0.561457 1.86491 489793
/joint l_hand 2 0.628495 0.715844 1.76633 489793
/joint r_shoulder 2 0.468874 0.364919 1.76891 489793
/joint r_elbow 2 0.434254 0.511668 1.78842 489809
/joint r_hand 2 0.451436 0.658843 1.69443 489809
/joint torso 2 0.524965 0.483506 1.82351 489809
/joint l_hip 2 0.553421 0.599027 1.86067 489809
/joint l_knee 2 0.560735 0.813776 1.76185 489825
/joint r_hip 2 0.478352 0.590697 1.81333 489825
/joint r_knee 2 0.511929 0.79591 1.69299 489825
/user/1 0.828564 0 1.64894 0 0 489825
/joint head 2 0.543346 0.260157 1.78472 489842
/joint neck 2 0.532718 0.37193 1.80733 489842
/joint l_shoulder 2 0.598142 0.379392 1.84672 489842
/joint l_elbow 2 0.620105 0.560423 1.86058 489842
/joint l_hand 2 0.627305 0.713297 1.76008 489859
/joint r_shoulder 2 0.467295 0.364469 1.76794 489859
/joint r_elbow 2 0.432348 0.512711 1.78156 489859
/joint r_hand 2 0.449548 0.65985 1.68723 489859
/joint torso 2 0.523865 0.483441 1.81862 489859
/joint l_hip 2 0.552393 0.599214 1.85241 489875
/joint l_knee 2 0.561826 0.814796 1.75851 489875
/joint r_hip 2 0.477631 0.590688 1.8074 489876
/joint r_knee 2 0.516373 0.793795 1.68525 489876
/user/1 0.828751 0 1.64468 0 0 489892
/joint head 2 0.541553 0.259166 1.79011 489892
/joint neck 2 0.531819 0.370939 1.80733 489892
/joint l_shoulder 2 0.597146 0.37832 1.84744 489892
/joint l_elbow 2 0.620019 0.561196 1.85647 489909
/joint l_hand 2 0.627382 0.712901 1.75106 489909
/joint r_shoulder 2 0.466493 0.363558 1.76722 489909
/joint r_elbow 2 0.431861 0.513267 1.77656 489909
/joint r_hand 2 0.446798 0.66014 1.67981 489926
/joint torso 2 0.523609 0.482667 1.81455 489926
/joint l_hip 2 0.552591 0.598597 1.84462 489926
/joint l_knee 2 0.563653 0.814359 1.75237 489926
/joint r_hip 2 0.478207 0.590193 1.79894 489943
/joint r_knee 2 0.519188 0.79068 1.67016 489943
/user/1 0.828118 0 1.64359 0 0 489943
/joint head 2 0.540204 0.257428 1.7924 489943
/joint neck 2 0.530923 0.369536 1.8066 489943
/joint l_shoulder 2 0.596514 0.376987 1.84489 489960
/joint l_elbow 2 0.61918 0.560294 1.85167 489960
/joint l_hand 2 0.626144 0.710794 1.74538 489960
/joint r_shoulder 2 0.465331 0.362084 1.7683 489960
/joint r_elbow 2 0.431229 0.512292 1.77309 489976
/joint r_hand 2 0.444946 0.658872 1.67456 489976
/joint torso 2 0.523067 0.48138 1.81145 489976
/joint l_hip 2 0.552498 0.59746 1.83808 489976
/joint l_knee 2 0.562938 0.814483 1.75244 489994
/joint r_hip 2 0.477923 0.588988 1.79454 489994
/joint r_knee 2 0.521665 0.791464 1.67686 489994
/user/1 0.828260 0 1.64579 0 0 489994
/joint head 2 0.5394 0.257006 1.79356 490009
/joint neck 2 0.530379 0.369448 1.80582 490009
/joint l_shoulder 2 0.596146 0.377014 1.84286 490009
/joint l_elbow 2 0.621889 0.557756 1.84576 490009
/joint l_hand 2 0.62562 0.709276 1.74239 490026
/joint r_shoulder 2 0.464613 0.361882 1.76878 490026
/joint r_elbow 2 0.431172 0.511508 1.77111 490026
/joint r_hand 2 0.445048 0.657717 1.67136 490026
/joint torso 2 0.52273 0.481359 1.80871 490043
/joint l_hip 2 0.552434 0.597568 1.83263 490043
/joint l_knee 2 0.561495 0.815593 1.75225 490043
/joint r_hip 2 0.477728 0.588973 1.79056 490043
/joint r_knee 2 0.52295 0.793753 1.68468 490043
/user/1 0.827720 0 1.64176 0 0 490060
/joint head 2 0.538282 0.257139 1.78787 490060
/joint neck 2 0.529627 0.36927 1.8034 490060
/joint l_shoulder 2 0.595714 0.37637 1.83826 490060
/joint l_elbow 2 0.623843 0.557257 1.8424 490078
/joint l_hand 2 0.624961 0.70779 1.73602 490078
/joint r_shoulder 2 0.46354 0.362171 1.76854 490078
/joint r_elbow 2 0.431608 0.511218 1.77297 490078
/joint r_hand 2 0.444807 0.656461 1.66976 490093
/joint torso 2 0.522245 0.481193 1.80808 490093
/joint l_hip 2 0.552388 0.597147 1.83256 490093
/joint l_knee 2 0.561788 0.815945 1.75722 490093
/joint r_hip 2 0.47734 0.589085 1.79298 490110
/joint r_knee 2 0.520295 0.794262 1.68508 490110
/user/1 0.827576 0 1.6441 0 0 490110
/joint head 2 0.537235 0.256639 1.79168 490110
/joint neck 2 0.529226 0.368839 1.80471 490127
/joint l_shoulder 2 0.595382 0.375449 1.8393 490127
/joint l_elbow 2 0.624808 0.557273 1.83995 490127
/joint l_hand 2 0.624428 0.706628 1.72885 490127
/joint r_shoulder 2 0.463069 0.362229 1.77011 490127
/joint r_elbow 2 0.431026 0.511559 1.77454 490144
/joint r_hand 2 0.443822 0.655548 1.66729 490144
/joint torso 2 0.522547 0.480868 1.80763 490144
/joint l_hip 2 0.553417 0.596648 1.83019 490144
/joint l_knee 2 0.562017 0.815754 1.7565 490161
/joint r_hip 2 0.478319 0.589144 1.79092 490161
/joint r_knee 2 0.51847 0.792957 1.67331 490161
/user/1 0.827995 0 1.63988 0 0 490161
/joint head 2 0.536296 0.255172 1.7928 490178
/joint neck 2 0.52883 0.368311 1.80603 490178
/joint l_shoulder 2 0.59533 0.37465 1.83793 490178
/joint l_elbow 2 0.624707 0.557025 1.83832 490178
/joint l_hand 2 0.62418 0.706301 1.72634 490195
/joint r_shoulder 2 0.46233 0.361972 1.77414 490195
/joint r_elbow 2 0.430648 0.511565 1.77753 490195
/joint r_hand 2 0.44345 0.654564 1.66732 490195
/joint torso 2 0.522521 0.480391 1.80854 490195
/joint l_hip 2 0.553961 0.596069 1.82914 490212
/joint l_knee 2 0.56199 0.815209 1.75542 490212
/joint r_hip 2 0.478462 0.588872 1.79293 490212
/joint r_knee 2 0.515835 0.792598 1.67139 490212
/user/1 0.828158 0 1.64225 0 0 490229
/joint head 2 0.535549 0.256406 1.79335 490229
/joint neck 2 0.52834 0.368895 1.80727 490229
/joint l_shoulder 2 0.595017 0.375046 1.83779 490229
/joint l_elbow 2 0.624854 0.558719 1.83672 490245
/joint l_hand 2 0.624649 0.707682 1.72123 490245
/joint r_shoulder 2 0.461663 0.362744 1.77676 490245
/joint r_elbow 2 0.430485 0.51146 1.78135 490245
/joint r_hand 2 0.442376 0.653999 1.66938 490262
/joint torso 2 0.522207 0.480995 1.81003 490262
/joint l_hip 2 0.553913 0.596585 1.83011 490262
/joint l_knee 2 0.55976 0.816487 1.7608 490262
/joint r_hip 2 0.478235 0.589604 1.79548 490279
/joint r_knee 2 0.517108 0.796488 1.68872 490279
/user/1 0.828507 0 1.64382 0 0 490279
/joint head 2 0.535119 0.255529 1.79951 490279
/joint neck 2 0.528043 0.36844 1.81169 490279
/joint l_shoulder 2 0.594811 0.374747 1.84137 490296
/joint l_elbow 2 0.624925 0.559311 1.83399 490296
/joint l_hand 2 0.623659 0.706525 1.71548 490296
/joint r_shoulder 2 0.461276 0.362133 1.782 490296
/joint r_elbow 2 0.430166 0.512507 1.78631 490313
/joint r_hand 2 0.443629 0.654691 1.67404 490313
/joint torso 2 0.521919 0.480552 1.81319 490313
/joint l_hip 2 0.553685 0.596242 1.83154 490313
/joint l_knee 2 0.558914 0.815826 1.75981 490331
/joint r_hip 2 0.477904 0.589084 1.79785 490331
/joint r_knee 2 0.515802 0.797131 1.69485 490331
/user/1 0.828499 0 1.64583 0 0 490331
/joint head 2 0.534928 0.254848 1.80257 490331
/joint neck 2 0.528055 0.368003 1.81563 490347
/joint l_shoulder 2 0.595051 0.374335 1.84312 490347
/joint l_elbow 2 0.624965 0.5583 1.83457 490347
/joint l_hand 2 0.623436 0.705871 1.71632 490347
/joint r_shoulder 2 0.46106 0.361671 1.78814 490362
/joint r_elbow 2 0.430571 0.512092 1.79374 490362
/joint r_hand 2 0.443905 0.65441 1.68174 490362
/joint torso 2 0.5219 0.480112 1.81753 490379
/joint l_hip 2 0.55377 0.595814 1.83503 490379
/joint l_knee 2 0.5578 0.815597 1.76437 490379
/joint r_hip 2 0.477721 0.588626 1.80383 490379
/joint r_knee 2 0.516216 0.798677 1.7114 490379
/user/1 0.828112 0 1.64597 0 0 490396
/joint head 2 0.535082 0.25658 1.8041 490396
/joint neck 2 0.528483 0.36896 1.81853 490396
/joint l_shoulder 2 0.59566 0.375254 1.84421 490396
/joint l_elbow 2 0.625183 0.560917 1.8329 490413
/joint l_hand 2 0.620689 0.707344 1.71039 490413
/joint r_shoulder 2 0.461306 0.362666 1.79285 490413
/joint r_elbow 2 0.430658 0.512165 1.80383 490413
/joint r_hand 2 0.443676 0.654438 1.69153 490430
/joint torso 2 0.522275 0.48105 1.82167 490430
/joint l_hip 2 0.554193 0.596712 1.83938 490430
/joint l_knee 2 0.5557 0.816217 1.76642 490430
/joint r_hip 2 0.477944 0.589568 1.81023 490447
/joint r_knee 2 0.519407 0.800282 1.72677 490447
/user/1 0.828864 0 1.64841 0 0 490447
/joint head 2 0.53473 0.256981 1.80565 490447
/joint neck 2 0.528537 0.368771 1.8223 490447
/joint l_shoulder 2 0.595884 0.374747 1.84632 490464
/joint l_elbow 2 0.625096 0.561183 1.83206 490464
/joint l_hand 2 0.617491 0.70771 1.71139 490464
/joint r_shoulder 2 0.461189 0.362794 1.79828 490464
/joint r_elbow 2 0.430633 0.512612 1.81339 490481
/joint r_hand 2 0.444999 0.654602 1.70096 490481
/joint torso 2 0.52253 0.480855 1.82691 490481
/joint l_hip 2 0.554447 0.596305 1.84505 490481
/joint l_knee 2 0.551626 0.815072 1.76741 490498
/joint r_hip 2 0.4786 0.589574 1.818 490498
/joint r_knee 2 0.512139 0.805338 1.75094 490498
/joint r_foot 2 0.512139 1.02153 1.75094 490498
/user/1 0.828997 0 1.64631 0 0 490515
/joint head 2 0.534741 0.256768 1.80564 490515
/joint neck 2 0.528671 0.368915 1.82588 490515
/joint l_shoulder 2 0.596128 0.374958 1.84863 490515
/joint l_elbow 2 0.625055 0.559492 1.83243 490515
/joint l_hand 2 0.616832 0.705969 1.71247 490531
/joint r_shoulder 2 0.461214 0.362873 1.80313 490531
/joint r_elbow 2 0.43045 0.512851 1.82384 490531
/joint r_hand 2 0.446067 0.654679 1.71163 490531
/joint torso 2 0.522419 0.480904 1.8331 490548
/joint l_hip 2 0.554393 0.596317 1.85322 490548
/joint l_knee 2 0.549517 0.815028 1.77563 490548
/joint r_hip 2 0.47794 0.589468 1.82743 490548
/joint r_knee 2 0.504975 0.808485 1.77367 490565
/joint r_foot 2 0.504975 1.02468 1.77367 490566
/user/1 0.823070 0 1.618 0 0 490566
/joint head 2 0.534892 0.25685 1.80603 490566
/joint neck 2 0.528813 0.368657 1.82969 490582
/joint l_shoulder 2 0.596389 0.374675 1.85101 490582
/joint l_elbow 2 0.624645 0.559687 1.83183 490582
/joint l_hand 2 0.614988 0.707413 1.71459 490582
/joint r_shoulder 2 0.461238 0.362638 1.80837 490598
/joint r_elbow 2 0.430745 0.512966 1.83553 490598
/joint r_hand 2 0.447316 0.653837 1.72119 490598
/joint torso 2 0.522427 0.480535 1.8396 490598
/joint l_hip 2 0.554203 0.595811 1.86155 490613
/joint l_knee 2 0.546094 0.813034 1.77604 490613
/joint r_hip 2 0.477879 0.589014 1.83747 490613
/joint r_knee 2 0.499621 0.810121 1.79442 490613
/joint r_foot 2 0.49962 1.02631 1.79441 490630
/user/1 0.823548 0 1.61878 0 0 490630
/joint head 2 0.535347 0.256464 1.8113 490630
/joint neck 2 0.529568 0.368551 1.83517 490630
/joint l_shoulder 2 0.597313 0.374757 1.85397 490646
/joint l_elbow 2 0.624436 0.559529 1.83349 490646
/joint l_hand 2 0.611605 0.7069 1.71459 490646
/joint r_shoulder 2 0.461822 0.362345 1.81637 490646
/joint r_elbow 2 0.431604 0.51413 1.84411 490663
/joint r_hand 2 0.447736 0.655931 1.73213 490663
/joint torso 2 0.52307 0.480401 1.84575 490663
/joint l_hip 2 0.554574 0.595732 1.86687 490663
/joint l_knee 2 0.542998 0.810867 1.77163 490663
/joint r_hip 2 0.478572 0.588769 1.84578 490680
/joint r_knee 2 0.496029 0.811218 1.81132 490680
/joint r_foot 2 0.496029 1.02741 1.81132 490680
/user/1 0.823246 0 1.61673 0 0 490680
/joint head 2 0.535792 0.258418 1.81472 490697
/joint neck 2 0.529758 0.370198 1.83974 490697
/joint l_shoulder 2 0.597675 0.376541 1.85562 490697
/joint l_elbow 2 0.622383 0.558664 1.83353 490697
/joint l_hand 2 0.609156 0.70571 1.71481 490714
/joint r_shoulder 2 0.461841 0.363856 1.82385 490714
/joint r_elbow 2 0.431393 0.513343 1.85674 490714
/joint r_hand 2 0.446347 0.655154 1.74412 490714
/joint torso 2 0.523184 0.481978 1.85175 490729
/joint l_hip 2 0.554918 0.597335 1.87273 490729
/joint l_knee 2 0.539691 0.812154 1.77794 490729
/joint r_hip 2 0.478302 0.59018 1.85481 490729
/joint r_knee 2 0.492304 0.813488 1.82725 490746
/joint r_foot 2 0.492304 1.02968 1.82724 490746
/user/1 0.822613 0 1.61556 0 0 490746
/joint head 2 0.535816 0.259554 1.81604 490746
/joint neck 2 0.529682 0.372212 1.84364 490763
/joint l_shoulder 2 0.597811 0.378946 1.8531 490763
/joint l_elbow 2 0.620986 0.559513 1.83161 490763
/joint l_hand 2 0.605806 0.707328 1.71631 490763
/joint r_shoulder 2 0.461552 0.365479 1.83418 490763
/joint r_elbow 2 0.431563 0.514324 1.86849 490780
/joint r_hand 2 0.444949 0.656076 1.75495 490780
/joint torso 2 0.522976 0.483849 1.85801 490780
/joint l_hip 2 0.554858 0.599299 1.87773 490780
/joint l_knee 2 0.536397 0.812285 1.77618 490797
/joint r_hip 2 0.477683 0.591671 1.86702 490797
/joint r_knee 2 0.508574 0.8052 1.78135 490797
/user/1 0.820349 0 1.61878 0 0 490797
/joint head 2 0.534814 0.259119 1.82256 490813
/joint neck 2 0.529178 0.370923 1.84992 490813
/joint l_shoulder 2 0.597426 0.377441 1.85701 490813
/joint l_elbow 2 0.620454 0.561527 1.8322 490813
/joint l_hand 2 0.604419 0.70994 1.72027 490830
/joint r_shoulder 2 0.460931 0.364406 1.84283 490830
/joint r_elbow 2 0.431413 0.516034 1.87589 490831
/joint r_hand 2 0.441056 0.656834 1.75851 490831
/joint torso 2 0.522802 0.482591 1.86447 490831
/joint l_hip 2 0.554991 0.597942 1.88303 490847
/joint l_knee 2 0.533937 0.810481 1.78139 490847
/joint r_hip 2 0.477859 0.590575 1.87501 490847
/joint r_knee 2 0.503317 0.808148 1.80689 490847
/joint r_foot 2 0.502895 1.0243 1.81289 490864
/user/1 0.819456 0 1.62751 0 0 490865
/joint head 2 0.534339 0.258234 1.82581 490865
/joint neck 2 0.529053 0.369611 1.85538 490865
/joint l_shoulder 2 0.597369 0.375898 1.86109 490880
/joint l_elbow 2 0.617456 0.561489 1.83679 490880
/joint l_hand 2 0.6021 0.709355 1.72415 490880
/joint r_shoulder 2 0.460738 0.363323 1.84967 490880
/joint r_elbow 2 0.432041 0.514881 1.88348 490897
/joint r_hand 2 0.438883 0.65572 1.76537 490897
/joint torso 2 0.522942 0.48122 1.87132 490897
/joint l_hip 2 0.555351 0.596375 1.89049 490897
/joint l_knee 2 0.530815 0.808733 1.79114 490914
/joint r_hip 2 0.47831 0.589284 1.88405 490914
/joint r_knee 2 0.499129 0.809461 1.82988 490914
/joint r_foot 2 0.498734 1.02562 1.83528 490914
/user/1 0.822142 0 1.62674 0 0 490914
/joint head 2 0.532954 0.257171 1.82861 490931
/joint neck 2 0.527995 0.368793 1.85937 490931
/joint l_shoulder 2 0.596362 0.374953 1.86193 490931
/joint l_elbow 2 0.61596 0.560948 1.83909 490931
/joint l_hand 2 0.599631 0.708791 1.72699 490948
/joint r_shoulder 2 0.459628 0.362632 1.85681 490948
/joint r_elbow 2 0.432674 0.513653 1.89139 490948
/joint r_hand 2 0.438277 0.654578 1.77313 490948
/joint torso 2 0.522181 0.480367 1.87631 490965
/joint l_hip 2 0.55538 0.595457 1.89471 490965
/joint l_knee 2 0.528266 0.807059 1.79442 490965
/joint r_hip 2 0.477355 0.588426 1.89179 490965
/joint r_knee 2 0.494288 0.810276 1.8487 490982
/joint r_foot 2 0.493919 1.02644 1.85356 490982
/user/1 0.821708 0 1.62693 0 0 490982
/joint head 2 0.531758 0.258649 1.82845 490982
/joint neck 2 0.526968 0.370726 1.86166 490982
/joint l_shoulder 2 0.595365 0.376322 1.86519 490999
/joint l_elbow 2 0.615395 0.560426 1.8426 490999
/joint l_hand 2 0.597425 0.707088 1.72702 490999
/joint r_shoulder 2 0.458571 0.36513 1.85812 491000
/joint r_elbow 2 0.431514 0.513741 1.89862 491016
/joint r_hand 2 0.438036 0.653907 1.77848 491016
/joint torso 2 0.521587 0.482127 1.88133 491016
/joint l_hip 2 0.555061 0.596706 1.90301 491016
/joint l_knee 2 0.527506 0.808782 1.80549 491032
/joint r_hip 2 0.47735 0.590348 1.89899 491032
/joint r_knee 2 0.491067 0.813273 1.8647 491032
/joint r_foot 2 0.490724 1.02944 1.86906 491032
/user/1 0.821127 0 1.62777 0 0 491049
/joint head 2 0.530095 0.258696 1.83425 491049
/joint neck 2 0.525306 0.371113 1.86667 491049
/joint l_shoulder 2 0.593707 0.37655 1.87105 491049
/joint l_elbow 2 0.614729 0.559115 1.8428 491065
/joint l_hand 2 0.595675 0.706005 1.72934 491065
/joint r_shoulder 2 0.456905 0.365676 1.86228 491065
/joint r_elbow 2 0.43088 0.516509 1.90349 491065
/joint r_hand 2 0.439139 0.656092 1.78224 491083
/joint torso 2 0.520021 0.482604 1.88537 491083
/joint l_hip 2 0.554252 0.597236 1.90661 491083
/joint l_knee 2 0.524335 0.806862 1.80035 491083
/joint r_hip 2 0.47522 0.590953 1.90154 491083
/joint r_knee 2 0.4863 0.814566 1.87422 491099
/joint r_foot 2 0.485982 1.03074 1.87815 491099
/user/1 0.820087 0 1.62516 0 0 491099
/joint head 2 0.527597 0.260746 1.83674 491099
/joint neck 2 0.523158 0.373577 1.86938 491116
/joint l_shoulder 2 0.59157 0.378501 1.87461 491116
/joint l_elbow 2 0.613023 0.559238 1.84368 491116
/joint l_hand 2 0.592954 0.705634 1.73183 491116
/joint r_shoulder 2 0.454747 0.368653 1.86416 491133
/joint r_elbow 2 0.430811 0.517708 1.90734 491133
/joint r_hand 2 0.438549 0.657793 1.78722 491133
/joint torso 2 0.518284 0.485096 1.88822 491133
/joint l_hip 2 0.552834 0.599452 1.91007 491150
/joint l_knee 2 0.523449 0.809433 1.80479 491150
/joint r_hip 2 0.473985 0.593777 1.90405 491150
/joint r_knee 2 0.482915 0.817831 1.88228 491150
/joint r_foot 2 0.482623 1.03401 1.88581 491150
/user/1 0.820686 0 1.62685 0 0 491168
/joint head 2 0.52596 0.259541 1.84465 491168
/joint neck 2 0.522315 0.372398 1.87456 491168
/joint l_shoulder 2 0.590656 0.376299 1.88319 491168
/joint l_elbow 2 0.610636 0.559803 1.84451 491183
/joint l_hand 2 0.590587 0.706218 1.73196 491183
/joint r_shoulder 2 0.453975 0.368496 1.86594 491183
/joint r_elbow 2 0.429911 0.520282 1.91071 491183
/joint r_hand 2 0.436296 0.660363 1.79026 491200
/joint torso 2 0.518239 0.484182 1.88997 491200
/joint l_hip 2 0.552599 0.59816 1.91024 491200
/joint l_knee 2 0.522831 0.807498 1.80254 491200
/joint r_hip 2 0.475727 0.593772 1.90053 491217
/joint r_knee 2 0.482912 0.818108 1.88317 491217
/joint r_foot 2 0.482643 1.03429 1.88635 491217
/user/1 0.822411 0 1.62442 0 0 491217
/joint head 2 0.523221 0.260128 1.85407 491233
/joint neck 2 0.519946 0.373878 1.87888 491234
/joint l_shoulder 2 0.588224 0.37704 1.8899 491234
/joint l_elbow 2 0.606701 0.560353 1.84999 491234
/joint l_hand 2 0.58805 0.705458 1.72881 491250
/joint r_shoulder 2 0.451668 0.370716 1.86786 491250
/joint r_elbow 2 0.427706 0.518714 1.91645 491250
/joint r_hand 2 0.431591 0.65981 1.79837 491251
/joint torso 2 0.516552 0.485884 1.89067 491251
/joint l_hip 2 0.552438 0.59971 1.9088 491266
/joint l_knee 2 0.521778 0.810895 1.81064 491266
/joint r_hip 2 0.473879 0.596072 1.89612 491266
/joint r_knee 2 0.479653 0.820589 1.88227 491282
/joint r_foot 2 0.479406 1.03677 1.88513 491282
/user/1 0.822147 0 1.6256 0 0 491282
/joint head 2 0.520088 0.259376 1.86501 491282
/joint neck 2 0.517208 0.372784 1.88436 491299
/joint l_shoulder 2 0.585557 0.375493 1.89406 491299
/joint l_elbow 2 0.603927 0.562998 1.85077 491299
/joint l_hand 2 0.58789 0.706983 1.7258 491299
/joint r_shoulder 2 0.44886 0.370076 1.87466 491299
/joint r_elbow 2 0.424939 0.520987 1.92165 491316
/joint r_hand 2 0.428945 0.66067 1.79985 491316
/joint torso 2 0.514424 0.484961 1.89237 491316
/joint l_hip 2 0.551243 0.598706 1.906 491316
/joint l_knee 2 0.521086 0.810749 1.81144 491333
/joint r_hip 2 0.472035 0.595568 1.89476 491333
/joint r_knee 2 0.47667 0.820201 1.8837 491333
/joint r_foot 2 0.476445 1.03639 1.88627 491333
/user/1 0.825724 0 1.6368 0 0 491350
/joint head 2 0.51676 0.257807 1.87636 491350
/joint neck 2 0.513661 0.371193 1.88998 491350
/joint l_shoulder 2 0.582063 0.375002 1.89619 491350
/joint l_elbow 2 0.602321 0.564344 1.85472 491365
/joint l_hand 2 0.584649 0.706121 1.72138 491365
/joint r_shoulder 2 0.445259 0.367384 1.88377 491365
/joint r_elbow 2 0.421096 0.520301 1.92571 491365
/joint r_hand 2 0.425575 0.660251 1.8046 491382
/joint torso 2 0.510076 0.483411 1.89305 491382
/joint l_hip 2 0.547987 0.59794 1.89989 491382
/joint l_knee 2 0.520011 0.812732 1.81738 491382
/joint r_hip 2 0.464997 0.593318 1.89235 491399
/joint r_knee 2 0.468716 0.818026 1.88352 491399
/joint r_foot 2 0.46851 1.03421 1.88583 491399
/user/1 0.824126 0 1.63385 0 0 491399
/joint head 2 0.514087 0.257769 1.87616 491399
/joint neck 2 0.511017 0.371146 1.8905 491416
/joint l_shoulder 2 0.579392 0.374787 1.89845 491416
/joint l_elbow 2 0.600378 0.565505 1.85628 491416
/joint l_hand 2 0.581955 0.704688 1.71645 491416
/joint r_shoulder 2 0.442642 0.367505 1.88256 491433
/joint r_elbow 2 0.418533 0.518476 1.92861 491433
/joint r_hand 2 0.421368 0.656633 1.80288 491433
/joint torso 2 0.507561 0.483409 1.89371 491433
/joint l_hip 2 0.544076 0.597802 1.90156 491450
/joint l_knee 2 0.520136 0.81395 1.82199 491450
/joint r_hip 2 0.464133 0.593544 1.89227 491450
/joint r_knee 2 0.467115 0.818299 1.88521 491450
/joint r_foot 2 0.466927 1.03449 1.88729 491467
/user/1 0.823735 0 1.63294 0 0 491467
/joint head 2 0.511168 0.256792 1.88192 491467
/joint neck 2 0.508728 0.370165 1.89412 491467
/joint l_shoulder 2 0.577106 0.373088 1.90289 491467
/joint l_elbow 2 0.598626 0.563737 1.85549 491485
/joint l_hand 2 0.583435 0.705331 1.71889 491485
/joint r_shoulder 2 0.44035 0.367242 1.88536 491485
/joint r_elbow 2 0.415264 0.517317 1.92844 491485
/joint r_hand 2 0.419825 0.652787 1.79663 491501
/joint torso 2 0.505978 0.48249 1.89564 491501
/joint l_hip 2 0.542472 0.596492 1.9022 491501
/joint l_knee 2 0.520656 0.813505 1.82554 491501
/joint r_hip 2 0.463983 0.593136 1.89214 491518
/joint r_knee 2 0.466372 0.817922 1.8865 491518
/joint r_foot 2 0.466201 1.03411 1.88837 491518
/user/1 0.824211 0 1.6326 0 0 491518
/joint head 2 0.508005 0.256806 1.87856 491535
/joint neck 2 0.506046 0.370028 1.89334 491535
/joint l_shoulder 2 0.574334 0.371918 1.90483 491535
/joint l_elbow 2 0.59735 0.564166 1.85277 491535
/joint l_hand 2 0.583023 0.704194 1.71345 491535
/joint r_shoulder 2 0.437759 0.368139 1.88185 491551
/joint r_elbow 2 0.412814 0.515746 1.92437 491551
/joint r_hand 2 0.419432 0.650733 1.7917 491551
/joint torso 2 0.504167 0.482374 1.89644 491568
/joint l_hip 2 0.541474 0.595805 1.90614 491568
/joint l_knee 2 0.519917 0.812433 1.82679 491568
/joint r_hip 2 0.463101 0.593636 1.89296 491569
/joint r_knee 2 0.465015 0.818441 1.88845 491569
---STOP: 2014-01-15-15-22-36-219---
