
---START: 2014-01-15-15-35-23-947---
/joint head 3 0.505007 0.249811 1.34739 550097
/joint neck 3 0.496201 0.358637 1.32865 550097
/joint l_shoulder 3 0.555088 0.368068 1.35106 550097
/joint l_elbow 3 0.538034 0.480372 1.26909 550097
/joint l_hand 3 0.50514 0.464605 1.07238 550097
/joint r_shoulder 3 0.437314 0.349206 1.30625 550097
/joint r_elbow 3 0.396994 0.487672 1.32291 550097
/joint r_hand 3 0.388171 0.637684 1.30934 550097
/joint torso 3 0.487677 0.468529 1.31419 550097
/joint l_hip 3 0.51606 0.584332 1.31377 550097
/joint l_knee 3 0.493954 0.80278 1.3238 550097
/joint l_foot 3 0.529749 0.601981 1.32047 550097
/joint r_hip 3 0.442245 0.57251 1.28569 550097
/joint r_knee 3 0.485325 0.7765 1.18735 550097
/joint head 3 0.507291 0.249378 1.3151 550130
/joint neck 3 0.499925 0.35848 1.29754 550130
/joint l_shoulder 3 0.558566 0.366601 1.32342 550130
/joint l_elbow 3 0.543024 0.486025 1.24787 550130
/joint l_hand 3 0.515332 0.486293 1.04527 550130
/joint r_shoulder 3 0.441283 0.35036 1.27166 550130
/joint r_elbow 3 0.399851 0.492789 1.27515 550130
/joint r_hand 3 0.391841 0.64252 1.26014 550130
/joint torso 3 0.492756 0.468625 1.28475 550130
/joint l_hip 3 0.521752 0.583777 1.28792 550130
/joint l_knee 3 0.5044 0.803491 1.2856 550130
/joint l_foot 3 0.535496 0.598835 1.3049 550130
/joint r_hip 3 0.449423 0.573761 1.256 550130
/joint r_knee 3 0.48715 0.779803 1.1606 550130
/joint r_foot 3 0.511971 0.983024 1.09486 550130
/joint head 3 0.509849 0.25161 1.28096 550163
/joint neck 3 0.503711 0.360875 1.2666 550163
/joint l_shoulder 3 0.562001 0.368035 1.29605 550163
/joint l_elbow 3 0.552533 0.495377 1.22514 550163
/joint l_hand 3 0.528386 0.513946 1.02402 550163
/joint r_shoulder 3 0.44542 0.353715 1.23714 550163
/joint r_elbow 3 0.406263 0.491711 1.22986 550163
/joint r_hand 3 0.397337 0.640769 1.20817 550163
/joint torso 3 0.497218 0.471243 1.25763 550163
/joint l_hip 3 0.527185 0.58609 1.26708 550163
/joint l_knee 3 0.511451 0.80557 1.24489 550163
/joint l_foot 3 0.541714 0.602012 1.2954 550163
/joint r_hip 3 0.454266 0.577133 1.23023 550163
/joint r_knee 3 0.493462 0.783514 1.13674 550163
/joint head 3 0.513025 0.247292 1.25334 550197
/joint neck 3 0.507658 0.35696 1.24063 550197
/joint l_shoulder 3 0.565472 0.363542 1.2739 550197
/joint l_elbow 3 0.565118 0.49952 1.20009 550197
/joint l_hand 3 0.542886 0.548458 1.01101 550197
/joint r_shoulder 3 0.449843 0.350377 1.20737 550197
/joint r_elbow 3 0.413471 0.495585 1.18759 550197
/joint r_hand 3 0.405592 0.642046 1.15338 550197
/joint torso 3 0.50164 0.467445 1.23327 550197
/joint l_hip 3 0.532384 0.582116 1.24706 550197
/joint l_knee 3 0.519868 0.802987 1.22884 550197
/joint l_foot 3 0.552622 0.616372 1.36927 550197
/joint r_hip 3 0.458862 0.573746 1.20476 550197
/joint r_knee 3 0.499082 0.779982 1.11229 550197
/joint head 3 0.516871 0.245372 1.22742 550231
/joint neck 3 0.511923 0.355044 1.21543 550231
/joint l_shoulder 3 0.569392 0.361011 1.25135 550231
/joint l_elbow 3 0.572979 0.503147 1.18248 550231
/joint l_hand 3 0.559565 0.580858 1.01463 550231
/joint r_shoulder 3 0.454454 0.349077 1.1795 550231
/joint r_elbow 3 0.421378 0.497269 1.14848 550231
/joint r_hand 3 0.417285 0.640906 1.09757 550231
/joint torso 3 0.506441 0.46562 1.20918 550232
/joint l_hip 3 0.538165 0.580059 1.22619 550232
/joint l_knee 3 0.530832 0.795253 1.16863 550232
/joint l_foot 3 0.546057 0.796371 1.15879 550232
/joint r_hip 3 0.463754 0.572333 1.17967 550232
/joint r_knee 3 0.500736 0.781821 1.099 550232
/joint head 3 0.52048 0.245024 1.20038 550265
/joint neck 3 0.515756 0.35453 1.19109 550265
/joint l_shoulder 3 0.573018 0.359978 1.2286 550265
/joint l_elbow 3 0.58101 0.506262 1.17172 550265
/joint l_hand 3 0.57814 0.606319 1.02886 550265
/joint r_shoulder 3 0.458493 0.349082 1.15357 550265
/joint r_elbow 3 0.430215 0.495247 1.11484 550265
/joint r_hand 3 0.431925 0.634654 1.05019 550265
/joint torso 3 0.510552 0.465172 1.1867 550265
/joint l_hip 3 0.541991 0.579301 1.20633 550265
/joint l_knee 3 0.543771 0.791401 1.10892 550265
/joint r_hip 3 0.468706 0.572328 1.15831 550265
/joint r_knee 3 0.501567 0.784867 1.08929 550265
/joint head 3 0.524402 0.244505 1.17554 550299
/joint neck 3 0.51978 0.353729 1.16821 550299
/joint l_shoulder 3 0.576826 0.35877 1.20722 550299
/joint l_elbow 3 0.590301 0.508338 1.16594 550299
/joint l_hand 3 0.596874 0.6243 1.05053 550299
/joint r_shoulder 3 0.462735 0.348687 1.12921 550299
/joint r_elbow 3 0.439128 0.491896 1.08552 550299
/joint r_hand 3 0.458393 0.619612 1.00149 550299
/joint torso 3 0.514853 0.464416 1.16485 550299
/joint l_hip 3 0.546715 0.578354 1.18664 550299
/joint l_knee 3 0.554708 0.78313 1.0693 550299
/joint l_foot 3 0.565358 0.933237 1.00013 550299
/joint r_hip 3 0.473136 0.571851 1.13633 550299
/joint r_knee 3 0.50076 0.787201 1.07867 550299
/joint head 3 0.528299 0.244186 1.1502 550333
/joint neck 3 0.523471 0.353327 1.14555 550333
/joint l_shoulder 3 0.580491 0.358246 1.18481 550333
/joint l_elbow 3 0.597885 0.508331 1.16848 550333
/joint l_hand 3 0.615995 0.633284 1.07767 550333
/joint r_shoulder 3 0.46645 0.348407 1.1063 550333
/joint r_elbow 3 0.448669 0.48814 1.05833 550333
/joint r_hand 3 0.483262 0.604558 0.9638 550333
/joint torso 3 0.518476 0.464024 1.14336 550333
/joint l_hip 3 0.549932 0.577867 1.16626 550333
/joint l_knee 3 0.564796 0.776856 1.02878 550333
/joint l_foot 3 0.580569 0.944795 0.918409 550333
/joint r_hip 3 0.477029 0.571577 1.11608 550333
/joint r_knee 3 0.499231 0.789539 1.07297 550333
/joint head 3 0.532349 0.243055 1.12743 550367
/joint neck 3 0.527525 0.352367 1.12449 550367
/joint l_shoulder 3 0.584389 0.35732 1.16465 550367
/joint l_elbow 3 0.6048 0.508855 1.17488 550367
/joint l_hand 3 0.633941 0.638222 1.10467 550367
/joint r_shoulder 3 0.470661 0.347415 1.08432 550367
/joint r_elbow 3 0.457155 0.483652 1.03537 550367
/joint r_hand 3 0.506217 0.587909 0.937001 550367
/joint torso 3 0.522404 0.463062 1.12278 550367
/joint l_hip 3 0.553803 0.576938 1.14686 550367
/joint l_knee 3 0.572549 0.771118 0.994473 550367
/joint l_foot 3 0.591316 0.946133 0.858863 550367
/joint r_hip 3 0.480764 0.570576 1.09527 550367
/joint r_knee 3 0.499954 0.790037 1.06557 550367
/joint head 3 0.535885 0.24507 1.10619 550400
/joint neck 3 0.531507 0.354578 1.10293 550400
/joint l_shoulder 3 0.588332 0.35929 1.1434 550400
/joint l_elbow 3 0.611364 0.507267 1.18077 550400
/joint l_hand 3 0.648978 0.638287 1.13022 550400
/joint r_shoulder 3 0.474682 0.349866 1.06246 550400
/joint r_elbow 3 0.466847 0.480911 1.01213 550400
/joint r_hand 3 0.530592 0.571755 0.918321 550400
/joint torso 3 0.526543 0.46529 1.10181 550400
/joint l_hip 3 0.558362 0.579053 1.12688 550400
/joint l_knee 3 0.579462 0.76855 0.961706 550400
/joint l_foot 3 0.600121 0.94491 0.808343 550400
/joint r_hip 3 0.484796 0.572953 1.07449 550400
/joint r_knee 3 0.501345 0.79345 1.05922 550400
/joint head 3 0.539949 0.244093 1.08827 550433
/joint neck 3 0.535858 0.353728 1.08336 550433
/joint l_shoulder 3 0.592727 0.358537 1.12357 550433
/joint l_elbow 3 0.618376 0.505203 1.18417 550433
/joint l_hand 3 0.662741 0.635609 1.15215 550433
/joint r_shoulder 3 0.47899 0.348918 1.04315 550433
/joint r_elbow 3 0.475214 0.479251 0.992075 550433
/joint r_hand 3 0.550761 0.556036 0.90578 550433
/joint torso 3 0.530951 0.464439 1.08133 550433
/joint l_hip 3 0.562847 0.578263 1.10532 550433
/joint l_knee 3 0.583054 0.767001 0.936529 550433
/joint l_foot 3 0.602668 0.945556 0.77696 550433
/joint r_hip 3 0.489239 0.572038 1.05327 550433
/joint r_knee 3 0.503982 0.79299 1.0505 550433
/joint head 3 0.544374 0.246184 1.07028 550467
/joint neck 3 0.540908 0.356627 1.06212 550467
/joint l_shoulder 3 0.597732 0.361624 1.10254 550467
/joint l_elbow 3 0.625007 0.500519 1.18274 550467
/joint l_hand 3 0.674503 0.628956 1.1692 550467
/joint r_shoulder 3 0.484085 0.35163 1.0217 550467
/joint r_elbow 3 0.481553 0.476345 0.97496 550467
/joint r_hand 3 0.56554 0.542142 0.898471 550467
/joint torso 3 0.536319 0.467305 1.05714 550467
/joint l_hip 3 0.568931 0.581254 1.07863 550467
/joint l_knee 3 0.586964 0.771977 0.913367 550467
/joint l_foot 3 0.604395 0.953903 0.755826 550467
/joint r_hip 3 0.494526 0.574711 1.02571 550467
/joint r_knee 3 0.507317 0.795725 1.0384 550467
/joint head 3 0.549036 0.244603 1.05113 550501
/joint neck 3 0.545702 0.355762 1.04091 550501
/joint l_shoulder 3 0.602734 0.361049 1.08002 550501
/joint l_elbow 3 0.633005 0.496101 1.17692 550501
/joint l_hand 3 0.685078 0.6232 1.1836 550501
/joint r_shoulder 3 0.488669 0.350474 1.0018 550501
/joint r_elbow 3 0.486082 0.474103 0.957814 550501
/joint r_hand 3 0.576614 0.530128 0.894456 550501
/joint torso 3 0.541174 0.466388 1.03366 550501
/joint l_hip 3 0.573621 0.580441 1.05177 550502
/joint l_knee 3 0.590204 0.774764 0.895545 550502
/joint l_foot 3 0.606196 0.960881 0.746007 550502
/joint r_hip 3 0.499674 0.573585 1.00106 550502
/joint r_knee 3 0.508864 0.793623 1.0391 550502
/joint head 3 0.553663 0.241824 1.03413 550534
/joint neck 3 0.550492 0.353969 1.02132 550534
/joint l_shoulder 3 0.607379 0.359908 1.06107 550534
/joint l_elbow 3 0.640529 0.489981 1.16544 550534
/joint l_hand 3 0.692314 0.61719 1.18787 550534
/joint r_shoulder 3 0.493606 0.34803 0.981578 550534
/joint r_elbow 3 0.490314 0.471687 0.941023 550534
/joint r_hand 3 0.585852 0.520653 0.89305 550534
/joint torso 3 0.545725 0.464483 1.01146 550534
/joint l_hip 3 0.577593 0.578821 1.02719 550534
/joint l_knee 3 0.593369 0.776187 0.879334 550534
/joint l_foot 3 0.608562 0.965596 0.737503 550534
/joint r_hip 3 0.504321 0.571172 0.976001 550534
/joint r_knee 3 0.512114 0.789417 1.03352 550534
/joint head 3 0.558278 0.243941 1.01744 550567
/joint neck 3 0.55573 0.354842 1.00081 550567
/joint l_shoulder 3 0.612522 0.360951 1.04105 550567
/joint l_elbow 3 0.647803 0.485095 1.15111 550567
/joint l_hand 3 0.698638 0.613368 1.18378 550567
/joint r_shoulder 3 0.498938 0.348732 0.960576 550567
/joint r_elbow 3 0.493197 0.46691 0.924427 550567
/joint r_hand 3 0.592117 0.514693 0.888326 550567
/joint torso 3 0.551222 0.465267 0.988542 550567
/joint l_hip 3 0.583964 0.5797 1.00266 550567
/joint l_knee 3 0.603556 0.776817 0.855713 550567
/joint l_foot 3 0.622405 0.966169 0.714586 550567
/joint r_hip 3 0.509463 0.571686 0.949878 550567
/joint r_knee 3 0.516877 0.787688 1.0242 550567
/joint neck 3 0.562289 0.359178 0.975196 550599
/joint l_shoulder 3 0.619123 0.365199 1.01524 550599
/joint l_elbow 3 0.653206 0.482904 1.13291 550599
/joint l_hand 3 0.705569 0.611518 1.16391 550600
/joint r_shoulder 3 0.505456 0.353157 0.935153 550600
/joint r_elbow 3 0.49717 0.464199 0.906738 550600
/joint r_hand 3 0.597694 0.512366 0.879889 550600
/joint torso 3 0.557699 0.469653 0.96388 550600
/joint l_hip 3 0.590863 0.584129 0.979163 550600
/joint l_knee 3 0.611312 0.779584 0.827579 550600
/joint l_foot 3 0.63098 0.967431 0.68191 550600
/joint r_hip 3 0.515355 0.576129 0.925963 550600
/joint r_knee 3 0.52147 0.789695 1.01512 550600
/joint neck 3 0.568975 0.362943 0.950228 550632
/joint l_shoulder 3 0.625918 0.368204 0.989874 550632
/joint l_elbow 3 0.658825 0.482326 1.11057 550632
/joint l_hand 3 0.7102 0.61178 1.13364 550632
/joint r_shoulder 3 0.512032 0.357682 0.910581 550632
/joint r_elbow 3 0.502599 0.463652 0.887798 550632
/joint r_hand 3 0.603571 0.513127 0.86453 550632
/joint torso 3 0.564901 0.473525 0.940618 550632
/joint l_hip 3 0.599341 0.587666 0.957823 550632
/joint l_knee 3 0.628468 0.790747 0.837266 550632
/joint l_foot 3 0.653056 0.982367 0.705605 550632
/joint r_hip 3 0.522312 0.580549 0.904192 550632
/joint r_knee 3 0.527781 0.792016 1.00412 550632
/joint neck 3 0.57598 0.364298 0.926608 550665
/joint l_shoulder 3 0.632894 0.369108 0.966556 550665
/joint l_elbow 3 0.664572 0.484758 1.08327 550665
/joint l_hand 3 0.711339 0.617364 1.09359 550665
/joint r_shoulder 3 0.519067 0.359489 0.88666 550665
/joint r_elbow 3 0.509104 0.464777 0.867938 550665
/joint r_hand 3 0.609717 0.51483 0.837829 550665
/joint torso 3 0.572349 0.474927 0.917338 550665
/joint l_hip 3 0.605916 0.588699 0.934177 550665
/joint l_knee 3 0.63729 0.79768 0.841874 550665
/joint l_foot 3 0.665035 0.992587 0.724337 550665
/joint r_hip 3 0.531517 0.582412 0.881957 550665
/joint r_knee 3 0.515618 0.792024 0.97562 550665
/joint r_foot 3 0.497706 0.998753 1.01773 550665
/joint neck 3 0.582995 0.364848 0.903183 550697
/joint l_shoulder 3 0.640118 0.368514 0.942154 550697
/joint l_elbow 3 0.670766 0.488256 1.05126 550697
/joint l_hand 3 0.713823 0.622104 1.0382 550697
/joint r_shoulder 3 0.525872 0.361182 0.864212 550697
/joint r_elbow 3 0.514515 0.466087 0.850235 550697
/joint r_hand 3 0.612184 0.51539 0.796005 550697
/joint torso 3 0.580305 0.475571 0.895523 550697
/joint l_hip 3 0.614406 0.588655 0.912963 550697
/joint l_knee 3 0.644401 0.801899 0.843617 550697
/joint l_foot 3 0.673896 0.999736 0.739574 550697
/joint r_hip 3 0.540823 0.583933 0.862763 550697
/joint r_knee 3 0.513716 0.795692 0.931381 550697
/joint r_foot 3 0.48634 1.0019 0.973385 550697
/joint neck 3 0.589732 0.364836 0.880256 550730
/joint l_shoulder 3 0.647256 0.367607 0.916896 550730
/joint l_elbow 3 0.677412 0.491858 1.01375 550730
/joint l_hand 3 0.716023 0.622844 0.965456 550730
/joint r_shoulder 3 0.532208 0.362065 0.843616 550730
/joint r_elbow 3 0.518598 0.469255 0.834473 550730
/joint r_hand 3 0.606557 0.515637 0.74685 550730
/joint torso 3 0.587531 0.475637 0.87522 550730
/joint l_hip 3 0.622135 0.588212 0.893628 550730
/joint l_knee 3 0.649039 0.804394 0.841924 550730
/joint l_foot 3 0.679189 1.00479 0.750399 550730
/joint r_hip 3 0.548526 0.584666 0.846742 550730
/joint r_knee 3 0.526853 0.801393 0.902951 550730
/joint r_foot 3 0.502057 1.01054 0.94149 550730
/joint neck 3 0.594373 0.365019 0.857278 550764
/joint l_shoulder 3 0.652739 0.366659 0.887666 550764
/joint l_elbow 3 0.683199 0.491969 0.972908 550764
/joint l_hand 3 0.716627 0.617028 0.890754 550764
/joint r_shoulder 3 0.536007 0.363379 0.82689 550764
/joint r_elbow 3 0.525924 0.471885 0.821091 550764
/joint r_hand 3 0.59014 0.519639 0.690829 550764
/joint torso 3 0.593036 0.475875 0.854084 550764
/joint l_hip 3 0.628931 0.587777 0.870275 550764
/joint l_knee 3 0.652165 0.805929 0.831754 550764
/joint l_foot 3 0.682148 1.00852 0.7516 550764
/joint r_hip 3 0.554469 0.585685 0.831507 550764
/joint r_knee 3 0.523289 0.796973 0.817678 550764
/joint r_foot 3 0.49298 1.00078 0.798388 550764
/joint neck 3 0.600763 0.365328 0.838193 550812
/joint l_shoulder 3 0.659727 0.366274 0.863578 550812
/joint l_elbow 3 0.687469 0.488408 0.937152 550812
/joint l_hand 3 0.714364 0.600517 0.817334 550812
/joint r_shoulder 3 0.541799 0.364382 0.812808 550812
/joint r_elbow 3 0.528594 0.480217 0.815988 550812
/joint r_hand 3 0.561868 0.524932 0.651725 550812
/joint torso 3 0.600034 0.47621 0.835671 550812
/joint l_hip 3 0.63685 0.587695 0.849312 550812
/joint l_knee 3 0.656444 0.807146 0.820516 550812
/joint l_foot 3 0.685667 1.0116 0.750536 550812
/joint r_hip 3 0.561761 0.586491 0.816984 550812
/joint r_knee 3 0.535981 0.805521 0.805972 550812
/joint r_foot 3 0.507957 1.0152 0.788382 550812
/joint neck 3 0.60902 0.365303 0.823563 550828
/joint l_shoulder 3 0.668248 0.366853 0.846729 550828
/joint l_elbow 3 0.691001 0.477295 0.918906 550828
/joint l_hand 3 0.714602 0.564847 0.761525 550828
/joint r_shoulder 3 0.549793 0.363753 0.800396 550828
/joint r_elbow 3 0.523089 0.483077 0.807235 550828
/joint r_hand 3 0.536031 0.532435 0.631398 550828
/joint torso 3 0.607625 0.47618 0.821145 550828
/joint l_hip 3 0.643903 0.588042 0.833463 550828
/joint l_knee 3 0.643066 0.789101 0.699791 550828
/joint l_foot 3 0.642262 0.982426 0.571261 550828
/joint r_hip 3 0.568555 0.586071 0.803991 550828
/joint r_knee 3 0.533506 0.764242 0.659455 550828
/joint r_foot 3 0.499722 0.935723 0.518978 550828
/joint neck 3 0.614889 0.363177 0.809848 550878
/joint l_shoulder 3 0.674469 0.365221 0.82891 550878
/joint l_elbow 3 0.696397 0.499889 0.896787 550878
/joint l_hand 3 0.71931 0.600223 0.746506 550878
/joint r_shoulder 3 0.555309 0.361132 0.790787 550878
/joint r_elbow 3 0.516234 0.47201 0.796611 550878
/joint r_hand 3 0.511665 0.540762 0.634406 550878
/joint torso 3 0.612934 0.474043 0.807536 550878
/joint l_hip 3 0.648857 0.586209 0.817343 550878
/joint l_knee 3 0.659867 0.794166 0.703623 550878
/joint l_foot 3 0.665293 0.991583 0.582954 550878
/joint r_hip 3 0.5731 0.583609 0.793106 550878
/joint r_knee 3 0.542249 0.78497 0.667865 550878
/joint r_foot 3 0.509379 0.973136 0.532282 550878
/joint neck 3 0.625281 0.359011 0.799509 550895
/joint l_shoulder 3 0.684944 0.363395 0.816574 550895
/joint l_elbow 3 0.702881 0.501767 0.871048 550895
/joint l_hand 3 0.724225 0.610215 0.733023 550895
/joint r_shoulder 3 0.565619 0.354628 0.782445 550895
/joint r_elbow 3 0.509876 0.458919 0.796005 550895
/joint r_hand 3 0.492304 0.546231 0.654786 550895
/joint torso 3 0.620925 0.469704 0.796452 550895
/joint l_hip 3 0.654489 0.583183 0.804241 550895
/joint l_knee 3 0.671233 0.795381 0.713207 550895
/joint l_foot 3 0.681359 0.995084 0.602635 550895
/joint r_hip 3 0.578649 0.577611 0.782549 550895
/joint r_knee 3 0.55344 0.786267 0.681452 550895
/joint r_foot 3 0.523455 0.97913 0.558645 550895
/joint neck 3 0.631225 0.355303 0.788594 550927
/joint l_shoulder 3 0.691085 0.360707 0.801723 550927
/joint l_elbow 3 0.705668 0.501469 0.845348 550927
/joint l_hand 3 0.725433 0.616618 0.719096 550927
/joint r_shoulder 3 0.571364 0.349899 0.775464 550927
/joint r_elbow 3 0.506511 0.447439 0.80547 550927
/joint r_hand 3 0.479929 0.549886 0.685413 550927
/joint torso 3 0.625715 0.465929 0.786619 550927
/joint l_hip 3 0.658245 0.579988 0.792987 550927
/joint l_knee 3 0.67671 0.795329 0.722121 550927
/joint l_foot 3 0.690191 0.997115 0.621988 550927
/joint r_hip 3 0.582165 0.57312 0.776301 550927
/joint r_knee 3 0.561694 0.786488 0.694989 550927
/joint r_foot 3 0.5344 0.983182 0.583905 550927
/joint neck 3 0.633953 0.348302 0.78045 550976
/joint l_shoulder 3 0.693965 0.354171 0.790057 550976
/joint l_elbow 3 0.70577 0.49647 0.824955 550976
/joint l_hand 3 0.723983 0.617131 0.709847 550976
/joint r_shoulder 3 0.57394 0.342432 0.770844 550976
/joint r_elbow 3 0.505009 0.436214 0.823068 550976
/joint r_hand 3 0.474294 0.548471 0.717217 550976
/joint torso 3 0.627979 0.458893 0.777687 550976
/joint l_hip 3 0.660139 0.573214 0.781028 550976
/joint l_knee 3 0.678047 0.790754 0.726611 550976
/joint l_foot 3 0.69376 0.99439 0.636727 550976
/joint r_hip 3 0.583872 0.565755 0.768819 550976
/joint r_knee 3 0.56732 0.782158 0.703567 550976
/joint r_foot 3 0.542519 0.981973 0.603194 550976
/joint neck 3 0.635634 0.344939 0.770394 551010
/joint l_shoulder 3 0.695736 0.351202 0.773338 551010
/joint l_elbow 3 0.705263 0.494487 0.801237 551010
/joint l_hand 3 0.721981 0.619672 0.696561 551010
/joint r_shoulder 3 0.575532 0.338675 0.767451 551010
/joint r_elbow 3 0.505366 0.425062 0.843977 551010
/joint r_hand 3 0.477424 0.544472 0.748666 551010
/joint torso 3 0.629262 0.455326 0.7623 551010
/joint l_hip 3 0.661077 0.569694 0.756077 551010
/joint l_knee 3 0.597214 0.761716 0.688033 551010
/joint l_foot 3 0.535807 0.946353 0.622607 551010
/joint r_hip 3 0.584703 0.561735 0.752336 551010
/joint r_knee 3 0.567813 0.683035 0.475795 551010
/joint neck 3 0.635457 0.343644 0.761794 551043
/joint l_shoulder 3 0.695532 0.34984 0.758299 551043
/joint l_elbow 3 0.703204 0.493758 0.780598 551043
/joint l_hand 3 0.7185 0.622643 0.685607 551043
/joint r_shoulder 3 0.575383 0.337448 0.765289 551043
/joint r_elbow 3 0.509216 0.411109 0.866153 551043
/joint r_hand 3 0.48644 0.536263 0.777794 551043
/joint torso 3 0.628844 0.453467 0.745167 551043
/joint l_hip 3 0.660281 0.567214 0.726327 551043
/joint l_knee 3 0.611099 0.771228 0.640317 551043
/joint l_foot 3 0.555346 0.964452 0.563313 551043
/joint r_hip 3 0.58418 0.559365 0.730754 551043
/joint r_knee 3 0.607901 0.649966 0.430751 551043
---STOP: 2014-01-15-15-35-35-988---
