Gesto: 1
0 0.568979 0.41735 1.5698 175560
0 0.569302 0.415796 1.57225 175609
0 0.567656 0.414779 1.56976 175644
0 0.567803 0.41093 1.56966 175660
0 0.567256 0.406977 1.56672 175710
0 0.568099 0.399534 1.56355 175745
0 0.569664 0.388709 1.55651 175762
0 0.57433 0.374904 1.54967 175810
0 0.577223 0.356009 1.53848 175844
0 0.581478 0.332808 1.5263 175861
0 0.585288 0.311649 1.51563 175911
0 0.588683 0.288572 1.51055 175945
0 0.592608 0.263959 1.5067 175962
0 0.594427 0.239425 1.50635 176010
0 0.596546 0.217282 1.50764 176044
0 0.59959 0.195428 1.51017 176061
0 0.602427 0.175631 1.51409 176110
0 0.605209 0.162965 1.51915 176143
0 0.607842 0.152821 1.52451 176160
0 0.609828 0.147183 1.52841 176210
0 0.610768 0.146555 1.53357 176243
0 0.611255 0.145922 1.53455 176275
0 0.610235 0.145688 1.53286 176308
0 0.608924 0.149462 1.52769 176340
0 0.609971 0.158524 1.52132 176374
0 0.610813 0.173404 1.51575 176408
0 0.611291 0.194268 1.51038 176442
0 0.611249 0.218568 1.50618 176476
0 0.611639 0.244457 1.50488 176509
0 0.613219 0.271151 1.50581 176543
0 0.615724 0.297473 1.51148 176560
0 0.616832 0.325471 1.52306 176610
0 0.619285 0.353293 1.5393 176644
0 0.620542 0.378243 1.55691 176662
0 0.621359 0.403125 1.57582 176712
0 0.621899 0.426058 1.59733 176729
0 0.620189 0.444132 1.61617 176763
0 0.618999 0.459484 1.63354 176797
0 0.616663 0.469263 1.64711 176831
0 0.613727 0.477597 1.65768 176865
0 0.61157 0.483967 1.66905 176897
0 0.610461 0.487735 1.67508 176932
0 0.610183 0.488719 1.67909 176965

1 0.642959 0.339065 1.5858 177640
1 0.641623 0.341366 1.58671 177672
1 0.639463 0.343642 1.58429 177706
1 0.640347 0.345713 1.58451 177740
1 0.640109 0.343696 1.57939 177774
1 0.641308 0.339555 1.57663 177808
1 0.64234 0.332306 1.57416 177843
1 0.64453 0.322151 1.57274 177876
1 0.647416 0.308147 1.56658 177910
1 0.649003 0.292963 1.56233 177944
1 0.652167 0.275343 1.56251 177980
1 0.654231 0.258376 1.56322 177996
1 0.655541 0.237252 1.56436 178046
1 0.655202 0.220585 1.5654 178063
1 0.656099 0.203265 1.57029 178097
1 0.655828 0.186223 1.57424 178131
1 0.656184 0.170285 1.57782 178165
1 0.656052 0.158514 1.5829 178198
1 0.655981 0.149044 1.58724 178232
1 0.655678 0.142349 1.5919 178264
1 0.654446 0.139886 1.59152 178297
1 0.65544 0.140715 1.59401 178347
1 0.65603 0.14313 1.59211 178364
1 0.658917 0.152846 1.58905 178398
1 0.661437 0.165921 1.58494 178431
1 0.661605 0.184276 1.57883 178465
1 0.665544 0.204397 1.57457 178499
1 0.668699 0.22799 1.57331 178531
1 0.67202 0.252314 1.57263 178563
1 0.674691 0.278461 1.57477 178596
1 0.677247 0.306357 1.58163 178645
1 0.678979 0.334532 1.59219 178678
1 0.679918 0.361923 1.60711 178712
1 0.676626 0.388525 1.61992 178745
1 0.674013 0.41307 1.63811 178778
1 0.67124 0.434443 1.65265 178795
1 0.66848 0.451758 1.67357 178847
1 0.662943 0.464988 1.68759 178863
1 0.662174 0.477095 1.70235 178895
1 0.660523 0.485509 1.71085 178946

2 0.535824 0.285562 1.56715 180133
2 0.53576 0.284316 1.56688 180167
2 0.534884 0.284878 1.5685 180201
2 0.534886 0.284439 1.56738 180234
2 0.535672 0.283556 1.56626 180267
2 0.539146 0.280272 1.56464 180301
2 0.542057 0.277292 1.56111 180335
2 0.544691 0.271425 1.55881 180368
2 0.549145 0.263571 1.55321 180401
2 0.553022 0.253494 1.54907 180435
2 0.55533 0.241556 1.54517 180468
2 0.557478 0.22971 1.54215 180501
2 0.559182 0.216358 1.53976 180534
2 0.561951 0.201886 1.54042 180568
2 0.564379 0.189754 1.54252 180603
2 0.566274 0.176967 1.54443 180636
2 0.568803 0.167061 1.54677 180669
2 0.571431 0.16041 1.551 180703
2 0.573685 0.156328 1.55336 180737
2 0.574916 0.152282 1.55363 180770
2 0.575354 0.151978 1.5538 180804
2 0.574699 0.153709 1.55111 180837
2 0.574544 0.160354 1.54763 180870
2 0.575252 0.170096 1.54308 180904
2 0.576467 0.180884 1.53857 180937
2 0.577163 0.19701 1.53283 180971
2 0.577945 0.214227 1.52703 181005
2 0.58045 0.233603 1.52573 181040
2 0.582355 0.254057 1.52783 181073
2 0.584636 0.274964 1.52984 181107
2 0.58893 0.297176 1.53731 181141
2 0.592725 0.317886 1.54129 181174
2 0.596849 0.339512 1.55312 181208
2 0.598551 0.360804 1.57217 181242
2 0.598925 0.382337 1.58879 181276
2 0.599854 0.399771 1.60246 181310
2 0.600997 0.410407 1.61257 181343
2 0.600665 0.41991 1.6224 181377

3 0.50667 0.27321 1.56882 182347
3 0.505895 0.272685 1.56735 182382
3 0.505834 0.271327 1.56486 182398
3 0.506669 0.269474 1.56148 182447
3 0.508234 0.264925 1.5573 182480
3 0.510372 0.260004 1.55272 182514
3 0.510941 0.252314 1.54483 182546
3 0.514243 0.24197 1.53897 182580
3 0.518633 0.231963 1.53572 182598
3 0.52249 0.22016 1.53111 182647
3 0.524116 0.207256 1.52927 182682
3 0.526894 0.196201 1.52644 182714
3 0.530345 0.183234 1.52644 182748
3 0.534802 0.171784 1.52949 182782
3 0.538887 0.160154 1.53019 182814
3 0.542553 0.151024 1.53141 182849
3 0.54481 0.145561 1.53318 182882
3 0.55001 0.145494 1.5321 182916
3 0.549997 0.143083 1.53417 182934
3 0.548746 0.141341 1.53657 182966
3 0.548813 0.141878 1.53673 183014
3 0.547308 0.14749 1.53612 183049
3 0.546008 0.157612 1.53306 183082
3 0.546698 0.170639 1.5334 183116
3 0.545943 0.186892 1.53042 183150
3 0.545615 0.202718 1.52934 183167
3 0.54494 0.22357 1.52731 183217
3 0.547808 0.245876 1.5252 183234
3 0.550356 0.269257 1.52625 183268
3 0.552606 0.296235 1.52904 183302
3 0.556402 0.32167 1.53674 183334
3 0.556103 0.345471 1.54564 183367
3 0.556445 0.366504 1.56071 183415
3 0.560244 0.38599 1.5781 183448
3 0.562107 0.403288 1.59439 183483
3 0.560667 0.417041 1.60776 183516
3 0.561067 0.42682 1.62353 183533
3 0.56195 0.435024 1.63295 183567

4 0.457635 0.265494 1.5528 184478
4 0.457873 0.264004 1.54984 184511
4 0.45802 0.260266 1.5472 184545
4 0.459028 0.256782 1.54347 184579
4 0.460032 0.249773 1.53519 184612
4 0.461485 0.24132 1.52878 184646
4 0.466106 0.233058 1.52489 184679
4 0.471197 0.225277 1.52079 184712
4 0.476883 0.215718 1.51447 184745
4 0.481183 0.203834 1.51017 184779
4 0.485856 0.190239 1.50346 184813
4 0.489768 0.176389 1.50048 184847
4 0.493827 0.165619 1.49878 184881
4 0.496429 0.154894 1.49828 184914
4 0.499617 0.144987 1.49156 184948
4 0.502864 0.138762 1.48896 184982
4 0.505343 0.13571 1.48881 185016
4 0.506929 0.132901 1.48971 185034
4 0.508288 0.136565 1.49079 185085
4 0.506168 0.139707 1.49859 185102
4 0.504795 0.146163 1.50234 185152
4 0.502808 0.157012 1.50523 185170
4 0.502907 0.170483 1.50422 185203
4 0.50292 0.188518 1.5016 185253
4 0.503717 0.206009 1.50061 185270
4 0.505713 0.2265 1.4978 185303
4 0.50596 0.250548 1.49619 185354
4 0.508081 0.277231 1.49709 185370
4 0.509167 0.304596 1.5024 185403
4 0.511743 0.330214 1.51021 185453
4 0.51391 0.356454 1.51537 185470
4 0.517059 0.378953 1.52745 185503
4 0.518788 0.397481 1.54019 185553
4 0.519596 0.413375 1.55298 185570
4 0.519913 0.42534 1.56861 185603
4 0.520778 0.436369 1.58192 185654
4 0.521001 0.442553 1.58938 185670
4 0.520815 0.447685 1.59421 185702
4 0.520281 0.448681 1.59471 185752

5 0.412771 0.260665 1.56512 186784
5 0.413614 0.256099 1.56013 186819
5 0.414351 0.253521 1.55547 186837
5 0.415798 0.246782 1.54878 186869
5 0.417136 0.24012 1.54168 186921
5 0.419504 0.230942 1.53406 186937
5 0.424166 0.221327 1.52331 186971
5 0.429536 0.20887 1.51314 187005
5 0.43611 0.196217 1.50425 187040
5 0.443282 0.180608 1.49729 187072
5 0.450903 0.164053 1.48972 187105
5 0.458899 0.148021 1.48169 187139
5 0.46343 0.131095 1.47606 187173
5 0.467585 0.115876 1.47248 187207
5 0.471026 0.103505 1.47141 187241
5 0.471958 0.0953296 1.4714 187274
5 0.473035 0.0912978 1.47316 187307
5 0.472114 0.0902182 1.47555 187341
5 0.470255 0.0938927 1.47649 187375
5 0.467762 0.101301 1.47563 187408
5 0.466144 0.113736 1.47348 187441
5 0.465786 0.131705 1.47876 187473
5 0.46619 0.15482 1.47946 187507
5 0.46664 0.180919 1.47726 187541
5 0.467536 0.204607 1.47808 187575
5 0.468827 0.231103 1.47692 187609
5 0.468212 0.258718 1.47862 187642
5 0.471088 0.286528 1.48259 187676
5 0.473351 0.314366 1.48951 187708
5 0.475083 0.340906 1.4986 187742
5 0.477252 0.36344 1.50887 187776
5 0.478028 0.384281 1.5188 187810
5 0.482237 0.402396 1.53275 187844
5 0.485306 0.416589 1.54603 187878
5 0.487373 0.426385 1.55487 187911
5 0.488418 0.432167 1.56216 187944

6 0.338407 0.265032 1.57372 188887
6 0.334906 0.26609 1.57456 188904
6 0.33357 0.26279 1.5678 188955
6 0.332892 0.25911 1.56241 188988
6 0.332482 0.254556 1.55734 189006
6 0.33269 0.249754 1.54884 189040
6 0.336479 0.240826 1.53805 189074
6 0.340082 0.230008 1.5289 189107
6 0.344849 0.218881 1.52018 189142
6 0.35072 0.207185 1.509 189175
6 0.358612 0.191039 1.49766 189208
6 0.365348 0.176116 1.49145 189242
6 0.373742 0.161679 1.48467 189275
6 0.38395 0.152033 1.47424 189308
6 0.390808 0.143198 1.46872 189340
6 0.394376 0.131775 1.46764 189374
6 0.396426 0.123964 1.4681 189409
6 0.398332 0.120181 1.46867 189442
6 0.399703 0.119225 1.46864 189476
6 0.398743 0.120601 1.4666 189509
6 0.398866 0.126603 1.46619 189543
6 0.397553 0.135097 1.46331 189575
6 0.396237 0.151341 1.46746 189608
6 0.396208 0.172845 1.46868 189640
6 0.394166 0.195444 1.46848 189672
6 0.394824 0.218021 1.46664 189704
6 0.394096 0.244065 1.46557 189755
6 0.39393 0.269346 1.4675 189788
6 0.395434 0.296019 1.47042 189806
6 0.395498 0.323647 1.47566 189855
6 0.398042 0.349248 1.48366 189873
6 0.400353 0.376599 1.49579 189921
6 0.401936 0.399315 1.50904 189953
6 0.404433 0.419714 1.52431 189987
6 0.407843 0.43627 1.54179 190020
6 0.409962 0.450253 1.56038 190053
6 0.413235 0.466248 1.57966 190087
6 0.415 0.47713 1.59541 190120
6 0.414803 0.484742 1.60738 190153

7 0.263726 0.279952 1.62705 191142
7 0.263202 0.277078 1.62233 191192
7 0.262965 0.274652 1.61809 191209
7 0.263703 0.269888 1.60981 191243
7 0.265462 0.264048 1.60201 191276
7 0.267687 0.257663 1.59093 191309
7 0.270311 0.250624 1.57915 191343
7 0.274305 0.240513 1.56489 191377
7 0.280229 0.228281 1.55049 191411
7 0.284555 0.21604 1.5391 191444
7 0.287963 0.2037 1.5263 191476
7 0.294154 0.19153 1.51622 191511
7 0.299014 0.179138 1.50994 191544
7 0.304369 0.166253 1.50397 191578
7 0.309584 0.153699 1.49899 191611
7 0.314318 0.145736 1.49891 191645
7 0.317701 0.139044 1.49074 191679
7 0.319799 0.133794 1.48718 191713
7 0.323307 0.134877 1.48659 191747
7 0.323744 0.136523 1.49286 191779
7 0.324221 0.139302 1.4982 191813
7 0.323809 0.150277 1.49906 191846
7 0.323432 0.16317 1.49983 191879
7 0.324375 0.179744 1.49648 191913
7 0.32501 0.197509 1.49216 191946
7 0.324749 0.217613 1.48661 191979
7 0.324655 0.240034 1.48327 192013
7 0.324118 0.264844 1.48181 192048
7 0.328234 0.293335 1.48199 192081
7 0.330981 0.31891 1.48571 192113
7 0.335382 0.344029 1.49447 192147
7 0.338023 0.369521 1.50345 192180
7 0.342235 0.391641 1.51678 192214
7 0.346765 0.40988 1.53015 192248
7 0.351814 0.422921 1.54032 192282
7 0.354655 0.435923 1.55198 192315
7 0.36185 0.449478 1.56329 192347
7 0.366511 0.4611 1.57147 192382
7 0.369485 0.46895 1.57736 192415
7 0.370872 0.471272 1.57983 192448

8 0.226285 0.263976 1.64013 193545
8 0.226079 0.260016 1.63418 193580
8 0.226997 0.255875 1.62724 193612
8 0.22551 0.253039 1.62177 193647
8 0.224756 0.244132 1.61214 193679
8 0.223941 0.233408 1.60321 193713
8 0.226092 0.222007 1.58719 193747
8 0.231781 0.210243 1.56889 193779
8 0.23707 0.199139 1.55212 193813
8 0.242328 0.182084 1.53429 193847
8 0.248429 0.167326 1.51827 193881
8 0.255653 0.151763 1.50393 193914
8 0.264277 0.141886 1.48327 193947
8 0.272701 0.132688 1.47465 193982
8 0.279174 0.125662 1.46745 194015
8 0.284656 0.118803 1.46362 194048
8 0.28963 0.118805 1.46007 194081
8 0.293237 0.118921 1.46 194116
8 0.295914 0.12179 1.46088 194150
8 0.297426 0.128978 1.45972 194183
8 0.296541 0.134267 1.46852 194215
8 0.295196 0.14475 1.47383 194249
8 0.294081 0.15894 1.47446 194282
8 0.293314 0.176306 1.47505 194315
8 0.292559 0.195235 1.47714 194347
8 0.292551 0.215384 1.47691 194381
8 0.2927 0.237899 1.47796 194416
8 0.293366 0.262538 1.47923 194449
8 0.293539 0.287456 1.48208 194482
8 0.296569 0.311829 1.4822 194517
8 0.300126 0.334954 1.48635 194551
8 0.308448 0.362897 1.49672 194583
8 0.317987 0.387131 1.50638 194617
8 0.323538 0.406505 1.5206 194651
8 0.330284 0.42334 1.53135 194684
8 0.334868 0.437754 1.54316 194717
8 0.343475 0.455625 1.55575 194751
8 0.3477 0.468037 1.56158 194785
8 0.352492 0.47422 1.56934 194817

9 0.204833 0.269446 1.68709 195756
9 0.202323 0.265195 1.68782 195789
9 0.198103 0.261085 1.68889 195823
9 0.195199 0.257153 1.69167 195856
9 0.1942 0.2535 1.68319 195890
9 0.195295 0.249834 1.67412 195924
9 0.193983 0.245863 1.66488 195958
9 0.191963 0.237669 1.65944 195991
9 0.191696 0.230826 1.6451 196025
9 0.193916 0.21711 1.62676 196058
9 0.195407 0.205389 1.61632 196092
9 0.202584 0.192093 1.59459 196126
9 0.210431 0.177689 1.57646 196160
9 0.216286 0.162121 1.56326 196194
9 0.221019 0.146783 1.55173 196210
9 0.226032 0.131319 1.54556 196260
9 0.234024 0.119086 1.52777 196292
9 0.240745 0.109657 1.51787 196326
9 0.247076 0.10104 1.51151 196360
9 0.252266 0.0970144 1.5098 196393
9 0.255821 0.0954589 1.5096 196426
9 0.257594 0.0952892 1.5092 196460
9 0.258498 0.0969656 1.5078 196494
9 0.258978 0.101978 1.50684 196510
9 0.258406 0.108518 1.50509 196560
9 0.255364 0.11863 1.50539 196594
9 0.25165 0.126957 1.51242 196610
9 0.248688 0.14189 1.5163 196659
9 0.24595 0.163131 1.51811 196691
9 0.243745 0.185835 1.52003 196725
9 0.243842 0.211773 1.52077 196758
9 0.245533 0.240678 1.52028 196791
9 0.246572 0.267827 1.51907 196823
9 0.250146 0.296104 1.51989 196855
9 0.255248 0.32312 1.52571 196887
9 0.260916 0.348439 1.53059 196922
9 0.267958 0.37508 1.53885 196955
9 0.274823 0.398303 1.54995 196988
9 0.281175 0.414717 1.56127 197021
9 0.287184 0.42985 1.57184 197055
9 0.292694 0.439622 1.57869 197088

