Gesto: 1
0 0.433962 0.104916 2.09771 289055
0 0.434765 0.103802 2.10004 289088
0 0.434473 0.106231 2.09526 289120
0 0.434451 0.108178 2.09124 289155
0 0.434128 0.106584 2.09528 289188
0 0.434192 0.107265 2.08775 289221
0 0.436586 0.106559 2.08375 289255
0 0.436493 0.106783 2.08294 289287
0 0.436299 0.106462 2.08516 289321
0 0.436782 0.098952 2.08405 289353
0 0.436661 0.0931734 2.08647 289387
0 0.438037 0.0887948 2.08854 289420
0 0.439345 0.086007 2.08809 289455
0 0.441988 0.0855234 2.08927 289488
0 0.443136 0.0816313 2.08563 289520
0 0.441041 0.0745505 2.09001 289554
0 0.441233 0.0690688 2.08982 289588
0 0.444093 0.0674196 2.09045 289622
0 0.443956 0.0695739 2.0889 289655
0 0.445353 0.0687684 2.09022 289689
0 0.444627 0.070627 2.0883 289723
0 0.446677 0.0694042 2.08454 289757
0 0.445587 0.0730393 2.07616 289789
0 0.444721 0.0739021 2.0793 289822
0 0.445148 0.0805657 2.07431 289856
0 0.446995 0.0833405 2.0782 289889
0 0.446643 0.0870247 2.07961 289923
0 0.447406 0.0954468 2.07642 289957
0 0.44829 0.102453 2.06957 289974
0 0.447559 0.108149 2.0678 290025
0 0.448684 0.117026 2.06595 290058
0 0.44995 0.123927 2.06022 290090
0 0.451824 0.133682 2.05912 290123
0 0.455814 0.142758 2.0483 290156
0 0.456066 0.14903 2.04484 290189
0 0.455729 0.157883 2.03508 290222
0 0.459239 0.162109 2.04481 290255
0 0.460266 0.16816 2.04409 290289
0 0.461749 0.176462 2.04534 290323
0 0.462724 0.189052 2.05005 290356
0 0.464211 0.197938 2.05046 290389
0 0.465408 0.203013 2.05227 290422
0 0.467341 0.207636 2.05377 290456
0 0.467815 0.215021 2.05449 290490
0 0.468455 0.2196 2.05508 290524
0 0.470182 0.224352 2.0544 290557
0 0.47332 0.226766 2.05317 290590
0 0.471014 0.227873 2.04596 290624
0 0.47076 0.229691 2.04336 290657

1 0.538911 0.117691 2.23481 314640
1 0.538858 0.118082 2.23305 314674
1 0.538977 0.117969 2.23324 314708
1 0.539144 0.11744 2.23643 314741
1 0.538902 0.117573 2.2338 314774
1 0.538961 0.11699 2.23101 314808
1 0.540923 0.115144 2.23507 314841
1 0.54521 0.11006 2.22801 314875
1 0.545002 0.109404 2.23614 314907
1 0.546301 0.108829 2.22671 314940
1 0.549896 0.103583 2.22841 314974
1 0.551608 0.100401 2.22759 315007
1 0.553155 0.0997927 2.22312 315041
1 0.555898 0.0991058 2.21637 315074
1 0.55817 0.098617 2.21541 315108
1 0.559109 0.0934727 2.21827 315141
1 0.559475 0.0847351 2.22685 315176
1 0.559818 0.0790585 2.22938 315208
1 0.561097 0.0737763 2.23653 315242
1 0.564679 0.0729974 2.23504 315276
1 0.563296 0.0728797 2.23377 315309
1 0.562961 0.0733041 2.22845 315341
1 0.562887 0.071777 2.23352 315375
1 0.561902 0.0720922 2.23354 315406
1 0.561176 0.072312 2.23352 315439
1 0.560688 0.0721037 2.2363 315472
1 0.560492 0.0711802 2.24242 315504
1 0.558163 0.0717969 2.24733 315537
1 0.558709 0.0706107 2.25254 315571
1 0.559344 0.0705185 2.25325 315605
1 0.559641 0.0701155 2.25167 315639
1 0.559467 0.0704614 2.24794 315671
1 0.559512 0.0707118 2.24867 315704
1 0.557753 0.0722619 2.24718 315737
1 0.556723 0.0730553 2.24736 315771
1 0.556179 0.0720722 2.25266 315803
1 0.559406 0.0762049 2.24393 315837
1 0.562467 0.0831835 2.24869 315871
1 0.560325 0.0867694 2.24731 315904
1 0.564827 0.0889739 2.24782 315938
1 0.567286 0.0995102 2.24461 315972
1 0.568058 0.105964 2.24576 316007
1 0.568108 0.112529 2.24233 316040
1 0.568301 0.116806 2.23905 316074
1 0.568876 0.125577 2.23543 316107
1 0.569304 0.132316 2.23047 316140
1 0.569877 0.135434 2.23122 316174
1 0.571314 0.145037 2.22393 316207
1 0.570645 0.152768 2.22158 316239
1 0.57249 0.158634 2.22673 316273
1 0.571377 0.167731 2.21575 316306
1 0.572184 0.179005 2.20368 316339
1 0.572603 0.187111 2.1924 316372
1 0.5757 0.189703 2.19158 316406
1 0.574923 0.199312 2.18813 316437
1 0.575958 0.20648 2.18706 316470
1 0.57892 0.21533 2.18339 316503
1 0.579122 0.221611 2.18335 316537
1 0.578164 0.226691 2.18067 316570
1 0.580212 0.234872 2.18505 316603
1 0.581404 0.240925 2.18428 316638
1 0.581865 0.24458 2.17912 316673
1 0.582074 0.246913 2.17362 316706
1 0.579664 0.250936 2.17369 316740
1 0.579867 0.25276 2.17125 316774

2 0.632697 0.143757 2.20831 319402
2 0.63111 0.144171 2.2022 319435
2 0.631199 0.144682 2.19806 319468
2 0.633394 0.147254 2.19709 319502
2 0.634598 0.149674 2.19477 319537
2 0.640885 0.148246 2.19431 319571
2 0.643705 0.139557 2.19532 319604
2 0.647796 0.135414 2.19575 319638
2 0.653731 0.130445 2.19343 319671
2 0.658079 0.11934 2.19866 319703
2 0.661131 0.11355 2.19388 319736
2 0.666192 0.104105 2.19806 319770
2 0.669521 0.0968393 2.20423 319804
2 0.673462 0.0884138 2.21502 319837
2 0.676348 0.0815822 2.2243 319871
2 0.677918 0.0777742 2.2294 319905
2 0.676247 0.0789384 2.22797 319939
2 0.677695 0.0772056 2.23193 319972
2 0.67891 0.075119 2.23709 320006
2 0.679225 0.0744445 2.2377 320038
2 0.679478 0.0738275 2.23959 320071
2 0.677786 0.0753543 2.24244 320105
2 0.678621 0.0747022 2.24186 320138
2 0.673997 0.0743546 2.24225 320171
2 0.671717 0.074206 2.24357 320205
2 0.673477 0.0761228 2.24517 320239
2 0.673478 0.0774048 2.24791 320272
2 0.672328 0.0797222 2.24241 320305
2 0.671867 0.0873077 2.24258 320338
2 0.671599 0.0943639 2.23926 320372
2 0.671487 0.0975801 2.24235 320405
2 0.668767 0.105294 2.24198 320438
2 0.669534 0.113627 2.23712 320471
2 0.669921 0.119024 2.23457 320505
2 0.667544 0.127805 2.23111 320538
2 0.666484 0.1334 2.23084 320572
2 0.66487 0.135711 2.23233 320605
2 0.664407 0.144904 2.23196 320638
2 0.664716 0.151466 2.23309 320672
2 0.665728 0.157127 2.23273 320705
2 0.66403 0.168601 2.21779 320738
2 0.664295 0.175322 2.21789 320770
2 0.666316 0.181782 2.21604 320803
2 0.667501 0.185892 2.21634 320838
2 0.664992 0.194697 2.20584 320870
2 0.664342 0.202374 2.19797 320903
2 0.662765 0.212448 2.19227 320936
2 0.661563 0.217411 2.19655 320985
2 0.662535 0.222947 2.19832 321002
2 0.661068 0.232249 2.19777 321036
2 0.659785 0.238852 2.194 321070
2 0.659197 0.242119 2.19136 321103
2 0.659154 0.251075 2.19385 321137
2 0.659466 0.257198 2.19755 321171
2 0.659123 0.261911 2.19651 321205
2 0.659197 0.264197 2.19989 321239
2 0.65676 0.268489 2.19226 321272
2 0.655504 0.271432 2.18692 321305
2 0.655721 0.278832 2.18413 321339

3 0.764459 0.178004 2.32127 323652
3 0.768906 0.177915 2.31963 323669
3 0.770656 0.184543 2.3152 323720
3 0.771895 0.189447 2.31697 323737
3 0.776845 0.188905 2.31883 323771
3 0.776923 0.183579 2.31928 323821
3 0.777467 0.178303 2.31865 323838
3 0.779538 0.173381 2.31674 323872
3 0.782132 0.173095 2.31297 323905
3 0.784778 0.170529 2.31101 323939
3 0.788936 0.169603 2.31312 323988
3 0.788481 0.164254 2.30827 324005
3 0.789898 0.159776 2.30767 324039
3 0.793736 0.152983 2.31236 324091
3 0.792259 0.145586 2.3059 324108
3 0.794895 0.135536 2.31132 324140
3 0.796795 0.129702 2.31498 324174
3 0.797838 0.125413 2.3212 324207
3 0.796393 0.118297 2.32225 324240
3 0.796133 0.110519 2.32531 324274
3 0.794464 0.107207 2.33092 324307
3 0.790762 0.104456 2.32925 324341
3 0.789065 0.102212 2.3341 324374
3 0.788133 0.100817 2.3375 324408
3 0.786295 0.0998753 2.33738 324442
3 0.785454 0.0980927 2.34107 324476
3 0.78248 0.0925587 2.3428 324509
3 0.783524 0.0930182 2.34394 324542
3 0.782425 0.0949971 2.34518 324576
3 0.781621 0.0904065 2.34107 324610
3 0.781198 0.0932317 2.34065 324645
3 0.780996 0.095728 2.34204 324677
3 0.782264 0.0964554 2.3403 324711
3 0.783013 0.0968154 2.33927 324745
3 0.783088 0.0973171 2.33608 324777
3 0.782024 0.0977179 2.3405 324811
3 0.782535 0.097836 2.33672 324844
3 0.78357 0.0972132 2.3393 324877
3 0.782687 0.0984245 2.33153 324911
3 0.783112 0.106406 2.33379 324945
3 0.783575 0.112257 2.33617 324979
3 0.784114 0.115249 2.33895 325013
3 0.785309 0.118452 2.33546 325046
3 0.783877 0.120815 2.32753 325080
3 0.78273 0.125364 2.31976 325115
3 0.782968 0.133319 2.31946 325148
3 0.785127 0.139903 2.32357 325182
3 0.784397 0.150906 2.32277 325216
3 0.786256 0.157632 2.32001 325250
3 0.78546 0.162101 2.3197 325285
3 0.783698 0.164336 2.31756 325318
3 0.782975 0.173612 2.31778 325352
3 0.78171 0.180199 2.31464 325384
3 0.781335 0.183502 2.31567 325417
3 0.783978 0.186546 2.3218 325451
3 0.78264 0.19519 2.31997 325485
3 0.781899 0.201173 2.31894 325517
3 0.781463 0.212882 2.31851 325551
3 0.781177 0.220892 2.31705 325584
3 0.779879 0.226651 2.30607 325617
3 0.780136 0.228893 2.30854 325650
3 0.779755 0.238288 2.30781 325684
3 0.779449 0.245189 2.30517 325719
3 0.779148 0.249313 2.30766 325752
3 0.779489 0.251192 2.30874 325787
3 0.77568 0.255609 2.29004 325820
3 0.776421 0.262357 2.29347 325855
3 0.777953 0.267316 2.29855 325888
3 0.7765 0.268751 2.30805 325905
3 0.778455 0.270897 2.30887 325955
3 0.779326 0.272725 2.3081 325973
3 0.779554 0.273666 2.30549 326006
3 0.779362 0.274732 2.30576 326053
3 0.780326 0.274216 2.31066 326086
3 0.779365 0.275243 2.30365 326120
3 0.777154 0.277097 2.29962 326153
3 0.776512 0.278655 2.30603 326187
3 0.776246 0.279577 2.30413 326220
3 0.777148 0.286472 2.30881 326254
3 0.777041 0.291883 2.30753 326288
3 0.776962 0.294823 2.30569 326321
3 0.776856 0.296847 2.30426 326355
3 0.77681 0.297285 2.30717 326372
3 0.776769 0.297853 2.30811 326422
3 0.776351 0.298225 2.30359 326456
3 0.772258 0.299046 2.30383 326472
3 0.770552 0.301016 2.30593 326523
3 0.770773 0.303253 2.30148 326555
3 0.770557 0.304185 2.30208 326572

4 0.461805 0.408284 2.11905 329418
4 0.462896 0.409628 2.11917 329451
4 0.463704 0.409966 2.12049 329485
4 0.463287 0.410331 2.12326 329518
4 0.463566 0.41019 2.11973 329551
4 0.464755 0.4094 2.11671 329585
4 0.469038 0.403411 2.11481 329620
4 0.47276 0.399888 2.11485 329653
4 0.474468 0.398438 2.11232 329688
4 0.476539 0.396853 2.11262 329721
4 0.47903 0.390161 2.10905 329754
4 0.480744 0.384865 2.10215 329788
4 0.48584 0.381839 2.10205 329821
4 0.488351 0.377861 2.10435 329855
4 0.489244 0.375027 2.11023 329889
4 0.489422 0.367076 2.10134 329923
4 0.490175 0.360837 2.099 329957
4 0.490449 0.352295 2.09694 329990
4 0.491632 0.344791 2.09592 330023
4 0.492123 0.340168 2.09563 330055
4 0.4939 0.332262 2.09614 330087
4 0.493426 0.325581 2.09545 330120
4 0.492021 0.32119 2.0973 330153
4 0.492502 0.318712 2.09979 330187
4 0.49404 0.317314 2.10031 330220
4 0.494801 0.311709 2.10175 330254
4 0.493718 0.305314 2.09744 330287
4 0.491666 0.302122 2.09373 330321
4 0.492029 0.299741 2.08678 330354
4 0.492012 0.298086 2.08853 330388
4 0.494037 0.299207 2.09861 330420
4 0.493938 0.302144 2.09662 330454
4 0.493657 0.307692 2.10017 330488
4 0.493151 0.31234 2.09623 330521
4 0.494289 0.315266 2.09441 330555
4 0.493168 0.323995 2.09705 330588
4 0.492912 0.330352 2.09555 330622
4 0.493477 0.335951 2.09842 330656
4 0.493211 0.344171 2.09771 330690
4 0.492899 0.349447 2.09652 330723
4 0.492616 0.360352 2.09987 330757
4 0.492565 0.367481 2.09658 330791
4 0.493061 0.371033 2.1 330824
4 0.492987 0.38168 2.10386 330857
4 0.491241 0.389151 2.10832 330891
4 0.490525 0.399779 2.11029 330924
4 0.491607 0.405628 2.11269 330958
4 0.49271 0.418234 2.11454 330991
4 0.492299 0.42533 2.1154 331026
4 0.49173 0.435131 2.1174 331059
4 0.492385 0.443717 2.12286 331076
4 0.4922 0.455552 2.12969 331124
4 0.491759 0.462997 2.12922 331158
4 0.492501 0.474891 2.13853 331192
4 0.492306 0.48436 2.14809 331226
4 0.492193 0.496546 2.15886 331244
4 0.491649 0.503325 2.16613 331293
4 0.488812 0.508225 2.16779 331327
4 0.487084 0.51404 2.17548 331345
4 0.483428 0.521006 2.17683 331395
4 0.48159 0.523589 2.17435 331411

5 0.548132 0.410795 2.21152 336953
5 0.549771 0.409448 2.21749 336987
5 0.549552 0.409574 2.21261 337020
5 0.551774 0.408172 2.21644 337054
5 0.551699 0.407888 2.21831 337086
5 0.552266 0.406789 2.21785 337120
5 0.553837 0.406537 2.21384 337154
5 0.553952 0.405381 2.20716 337187
5 0.554428 0.404254 2.20403 337220
5 0.555792 0.400372 2.20233 337253
5 0.556126 0.397153 2.19688 337287
5 0.557006 0.394071 2.19489 337321
5 0.555665 0.389195 2.19462 337354
5 0.558634 0.382638 2.19621 337387
5 0.560274 0.376471 2.19478 337421
5 0.560834 0.374043 2.19122 337453
5 0.560374 0.369723 2.19099 337487
5 0.561607 0.361823 2.18786 337522
5 0.560473 0.354104 2.1883 337555
5 0.561569 0.346189 2.18392 337588
5 0.558296 0.338983 2.17696 337620
5 0.5593 0.332597 2.17885 337655
5 0.559605 0.329507 2.18121 337688
5 0.560316 0.323034 2.17681 337722
5 0.560511 0.319681 2.18169 337757
5 0.560331 0.3182 2.18165 337790
5 0.560466 0.317184 2.1813 337823
5 0.560058 0.317068 2.17979 337857
5 0.56006 0.316728 2.17512 337890
5 0.55997 0.316322 2.17186 337924
5 0.559015 0.31643 2.17483 337956
5 0.558202 0.320556 2.18015 337991
5 0.55932 0.323496 2.18185 338024
5 0.559523 0.325287 2.181 338058
5 0.559735 0.325314 2.18273 338092
5 0.560475 0.328634 2.18773 338125
5 0.560346 0.333096 2.18901 338158
5 0.562178 0.339947 2.19383 338192
5 0.562879 0.344592 2.19489 338226
5 0.563711 0.346681 2.19061 338258
5 0.561203 0.350267 2.18925 338291
5 0.563181 0.357869 2.19266 338324
5 0.565066 0.361158 2.19889 338357
5 0.565496 0.364114 2.20381 338392
5 0.566163 0.373575 2.21166 338425
5 0.565771 0.381803 2.22173 338458
5 0.564497 0.387817 2.22327 338490
5 0.567016 0.395927 2.23276 338523
5 0.567914 0.402751 2.23928 338556
5 0.566424 0.413446 2.24069 338589
5 0.568628 0.42085 2.24506 338624
5 0.570214 0.432878 2.25266 338658
5 0.570649 0.439861 2.25717 338693
5 0.56945 0.447717 2.263 338726
5 0.569745 0.455343 2.26562 338758
5 0.568041 0.459057 2.26704 338792
5 0.567421 0.472439 2.27946 338826
5 0.566614 0.47929 2.28782 338859
5 0.566202 0.484755 2.2934 338892
5 0.563384 0.491693 2.30326 338924
5 0.561705 0.500596 2.30413 338958
5 0.559949 0.503846 2.3001 338991
5 0.559466 0.506468 2.305 339024
5 0.559567 0.507471 2.30845 339057
5 0.559961 0.507419 2.30954 339091
5 0.560228 0.507586 2.31129 339125
5 0.560982 0.507911 2.31168 339159
5 0.560469 0.508178 2.31557 339192
5 0.560078 0.508793 2.31832 339225
5 0.559795 0.510513 2.31609 339259
5 0.563242 0.516852 2.31846 339292
5 0.562816 0.518907 2.31348 339325
5 0.562267 0.518789 2.31427 339359

6 0.623937 0.412115 2.19496 340396
6 0.623621 0.411987 2.19179 340430
6 0.623937 0.412387 2.18759 340463
6 0.626186 0.413695 2.18724 340497
6 0.629302 0.41469 2.19205 340531
6 0.628893 0.412973 2.18943 340564
6 0.629618 0.410669 2.19079 340597
6 0.631211 0.403782 2.18615 340630
6 0.63636 0.397114 2.18506 340664
6 0.635811 0.387369 2.1783 340697
6 0.638112 0.378874 2.17682 340730
6 0.63785 0.370396 2.17512 340764
6 0.639195 0.362165 2.17641 340799
6 0.639457 0.352473 2.17251 340833
6 0.6397 0.344038 2.17169 340867
6 0.640252 0.333797 2.17002 340901
6 0.641652 0.323279 2.17048 340933
6 0.640532 0.312945 2.16391 340967
6 0.640366 0.303391 2.16363 341000
6 0.640511 0.297645 2.1696 341033
6 0.639666 0.289797 2.16596 341066
6 0.638902 0.284247 2.1629 341099
6 0.638779 0.280571 2.16333 341132
6 0.640726 0.276709 2.16843 341166
6 0.638405 0.277162 2.16757 341199
6 0.637331 0.278122 2.16287 341233
6 0.639382 0.282992 2.16702 341266
6 0.638413 0.288951 2.1698 341299
6 0.637833 0.293226 2.17137 341334
6 0.637067 0.295478 2.17048 341368
6 0.637947 0.296149 2.1695 341385
6 0.640211 0.302148 2.16892 341420
6 0.640197 0.30619 2.17345 341453
6 0.640079 0.312089 2.17191 341486
6 0.640658 0.320833 2.17662 341520
6 0.640351 0.32946 2.17584 341554
6 0.640958 0.339606 2.1773 341587
6 0.641402 0.345788 2.17908 341635
6 0.640943 0.355864 2.17908 341652
6 0.641372 0.36268 2.18147 341686
6 0.641682 0.369233 2.18425 341735
6 0.642427 0.37891 2.18604 341752
6 0.641044 0.387784 2.18428 341785
6 0.643273 0.396279 2.18836 341833
6 0.642432 0.40592 2.19198 341867
6 0.644544 0.416082 2.20215 341899
6 0.644956 0.422971 2.20683 341933
6 0.646727 0.436293 2.21719 341967
6 0.645106 0.444052 2.22707 341999
6 0.646617 0.455213 2.23618 342032
6 0.645535 0.464907 2.24305 342065
6 0.64681 0.475312 2.25642 342099
6 0.646269 0.485669 2.25407 342133
6 0.643535 0.489169 2.25988 342167
6 0.641962 0.49287 2.27235 342200
6 0.63949 0.500369 2.27934 342233
6 0.638998 0.506242 2.28445 342266
6 0.638682 0.510394 2.29784 342301
6 0.639099 0.513585 2.2998 342334
6 0.639488 0.515981 2.30095 342367

7 0.736992 0.425685 2.28705 344837
7 0.736577 0.426806 2.27997 344870
7 0.740673 0.423222 2.2767 344903
7 0.74223 0.422618 2.27255 344936
7 0.741512 0.424647 2.27128 344970
7 0.743403 0.426351 2.26832 345002
7 0.743608 0.425253 2.26844 345036
7 0.744767 0.423913 2.26799 345070
7 0.748033 0.422405 2.26869 345103
7 0.749808 0.417523 2.26998 345137
7 0.755397 0.413513 2.26708 345172
7 0.759332 0.413154 2.26596 345188
7 0.761095 0.411057 2.26151 345239
7 0.762687 0.408817 2.25949 345256
7 0.765997 0.404556 2.26716 345289
7 0.76904 0.396256 2.26345 345338
7 0.772231 0.392312 2.26267 345356
7 0.772758 0.388287 2.25911 345389
7 0.773065 0.38541 2.25566 345423
7 0.774221 0.383935 2.26004 345457
7 0.774901 0.384218 2.26158 345507
7 0.774067 0.383906 2.25905 345523
7 0.774918 0.384973 2.25826 345556
7 0.775313 0.383904 2.26356 345605
7 0.775075 0.384204 2.26447 345639
7 0.774515 0.384043 2.26786 345655
7 0.773383 0.385424 2.27193 345706
7 0.772356 0.385788 2.2707 345740
7 0.772622 0.384434 2.26451 345756
7 0.771208 0.386853 2.26403 345791
7 0.769195 0.388409 2.25973 345838
7 0.770717 0.393352 2.2529 345871
7 0.768861 0.397057 2.25948 345904
7 0.767805 0.401315 2.26182 345936
7 0.767623 0.402949 2.26615 345969
7 0.767712 0.412745 2.27486 346002
7 0.766473 0.421831 2.28353 346035
7 0.764857 0.425554 2.29746 346069
7 0.760555 0.428901 2.28263 346102
7 0.762681 0.435178 2.29238 346136
7 0.763426 0.441871 2.29124 346169
7 0.762953 0.442938 2.30215 346201
7 0.761924 0.446843 2.30436 346236
7 0.763454 0.45437 2.31356 346269
7 0.760236 0.462605 2.31899 346304
7 0.761119 0.467848 2.32354 346336
7 0.759363 0.476938 2.33267 346369
7 0.757502 0.48397 2.3364 346402
7 0.757648 0.486397 2.34236 346435
7 0.75784 0.489063 2.34454 346470
7 0.757664 0.49485 2.34594 346503
7 0.757342 0.502402 2.34851 346537
7 0.757411 0.505117 2.3658 346570
7 0.757003 0.509103 2.37721 346603
7 0.756214 0.513108 2.38998 346636
7 0.750619 0.52331 2.39928 346668
7 0.751854 0.52716 2.4043 346701
7 0.753243 0.527867 2.39363 346733
7 0.75114 0.53288 2.40195 346767
7 0.748622 0.534378 2.40764 346801
7 0.749334 0.536406 2.40789 346835
7 0.747517 0.536463 2.41086 346868
7 0.746812 0.54042 2.40891 346901
7 0.74594 0.539375 2.40875 346935
7 0.745748 0.54492 2.41308 346969
7 0.739995 0.55066 2.41853 347002
7 0.739531 0.551784 2.41416 347035
7 0.740252 0.552445 2.40982 347069
7 0.742496 0.548566 2.40933 347102
7 0.743594 0.546619 2.40912 347135
7 0.743351 0.543709 2.41013 347169

8 0.556952 0.6332 2.42726 353841
8 0.555483 0.636637 2.43385 353875
8 0.554407 0.639215 2.43525 353909
8 0.553875 0.636731 2.43764 353942
8 0.554217 0.63949 2.44019 353975
8 0.55575 0.636654 2.44019 354009
8 0.557522 0.633685 2.43441 354042
8 0.560993 0.63155 2.42769 354075
8 0.561573 0.629725 2.42288 354108
8 0.566574 0.627307 2.42077 354141
8 0.569846 0.630383 2.41741 354174
8 0.572793 0.628071 2.4135 354206
8 0.575089 0.625555 2.41033 354239
8 0.577191 0.623475 2.40564 354272
8 0.578961 0.620306 2.39579 354306
8 0.580238 0.61803 2.40357 354340
8 0.584013 0.615725 2.40284 354374
8 0.584731 0.609373 2.40858 354407
8 0.585797 0.610532 2.4077 354439
8 0.587628 0.606726 2.40638 354472
8 0.587829 0.609009 2.39983 354506
8 0.590061 0.6009 2.39019 354540
8 0.590957 0.598422 2.39616 354573
8 0.591974 0.599815 2.39472 354607
8 0.590594 0.601853 2.39346 354641
8 0.590518 0.601345 2.3952 354675
8 0.589368 0.597403 2.39375 354708
8 0.589302 0.595918 2.38798 354743
8 0.589281 0.601036 2.38641 354775
8 0.589305 0.607441 2.39927 354809
8 0.585335 0.613606 2.41026 354843
8 0.585587 0.615651 2.40948 354877
8 0.58583 0.617569 2.40642 354910
8 0.589332 0.621951 2.41049 354943
8 0.585939 0.632787 2.40916 354977
8 0.586954 0.63755 2.42049 355011
8 0.584816 0.642563 2.42364 355045
8 0.584386 0.646844 2.42684 355079
8 0.583324 0.649453 2.43941 355096
8 0.581546 0.660271 2.44996 355147
8 0.581844 0.665518 2.45655 355180
8 0.582473 0.670236 2.45759 355197
8 0.582054 0.672963 2.45993 355248
8 0.580991 0.676788 2.4698 355265
8 0.580878 0.685033 2.4717 355297
8 0.580125 0.69311 2.48135 355347
8 0.582986 0.698714 2.49049 355364
8 0.584678 0.701632 2.49509 355398
8 0.582152 0.702601 2.49498 355448
8 0.584828 0.70364 2.50372 355464
8 0.583765 0.711452 2.50867 355498
8 0.583651 0.716393 2.51078 355547
8 0.580772 0.721812 2.51292 355564
8 0.582807 0.722479 2.51439 355597
8 0.583791 0.723648 2.51779 355647
8 0.583272 0.725137 2.52179 355680
8 0.583385 0.734283 2.52037 355696
8 0.582871 0.731325 2.52015 355745
8 0.581957 0.731627 2.53006 355778
8 0.581436 0.732991 2.539 355813

9 0.661802 0.650272 2.36954 358475
9 0.661471 0.648803 2.3628 358509
9 0.660994 0.648917 2.34874 358542
9 0.661518 0.649735 2.3474 358577
9 0.661678 0.650076 2.34801 358610
9 0.661545 0.649882 2.35 358643
9 0.661802 0.647407 2.35709 358676
9 0.666378 0.644842 2.37167 358709
9 0.669424 0.643727 2.3623 358742
9 0.672112 0.642643 2.35866 358776
9 0.673869 0.642273 2.36079 358809
9 0.673245 0.637706 2.36001 358844
9 0.673065 0.631751 2.35553 358877
9 0.673877 0.626302 2.34538 358911
9 0.678775 0.621014 2.34854 358944
9 0.68086 0.61784 2.34129 358977
9 0.682902 0.614718 2.33857 359009
9 0.685175 0.610214 2.33738 359044
9 0.687365 0.605672 2.33448 359077
9 0.688084 0.604258 2.3291 359110
9 0.688979 0.602464 2.32971 359142
9 0.689896 0.601154 2.33125 359176
9 0.689941 0.599635 2.33626 359210
9 0.689731 0.599191 2.33436 359243
9 0.690905 0.599764 2.34236 359277
9 0.690519 0.598331 2.34633 359311
9 0.689533 0.598396 2.34484 359345
9 0.688984 0.600782 2.34502 359378
9 0.692479 0.599889 2.34225 359411
9 0.691164 0.601617 2.34313 359445
9 0.68957 0.603649 2.33992 359479
9 0.689899 0.608834 2.3398 359513
9 0.690077 0.614753 2.34229 359546
9 0.689054 0.615178 2.34632 359580
9 0.686272 0.617903 2.35333 359613
9 0.68282 0.627224 2.37138 359646
9 0.68283 0.632203 2.37614 359681
9 0.680267 0.638918 2.3808 359714
9 0.678389 0.643875 2.38379 359747
9 0.677678 0.649453 2.39694 359780
9 0.675345 0.655607 2.40593 359812
9 0.674026 0.659525 2.40986 359845
9 0.67564 0.665024 2.41481 359879
9 0.671082 0.67328 2.43196 359914
9 0.668098 0.679227 2.43195 359947
9 0.667101 0.686652 2.43396 359982
9 0.6633 0.690823 2.44474 360015
9 0.662393 0.694378 2.4499 360050
9 0.663741 0.697155 2.46597 360082
9 0.662808 0.700558 2.47078 360116
9 0.661874 0.706787 2.48473 360148
9 0.668396 0.706866 2.49191 360181
9 0.666964 0.714247 2.49083 360215
9 0.6669 0.718956 2.49513 360248
9 0.665988 0.723727 2.50382 360280
9 0.666138 0.7265 2.51191 360312
9 0.666628 0.728533 2.52235 360346
9 0.664411 0.735862 2.52705 360380
9 0.665279 0.735165 2.52973 360412
9 0.661735 0.743219 2.55195 360446
9 0.662551 0.745562 2.56534 360480
9 0.664878 0.741652 2.56767 360514
9 0.666166 0.739896 2.57281 360548
9 0.665628 0.743238 2.57335 360581
9 0.6663 0.748919 2.57586 360614
9 0.660422 0.751994 2.57121 360647

