Gesto: 1
0 0.399074 0.242088 2.05719 934600
0 0.397317 0.239099 2.05269 934633
0 0.396432 0.240667 2.04896 934667
0 0.396221 0.241706 2.04743 934701
0 0.395141 0.242934 2.04542 934735
0 0.395827 0.242755 2.0434 934767
0 0.400001 0.238287 2.04432 934800
0 0.403633 0.233791 2.04192 934834
0 0.405731 0.224857 2.03582 934867
0 0.407556 0.217918 2.03713 934900
0 0.409057 0.207137 2.0356 934934
0 0.411165 0.198635 2.03192 934968
0 0.414387 0.187965 2.03238 935002
0 0.415083 0.177026 2.03207 935034
0 0.419165 0.166835 2.0336 935068
0 0.420214 0.155929 2.03383 935102
0 0.422199 0.147129 2.03453 935135
0 0.423702 0.137265 2.03707 935168
0 0.423725 0.131664 2.03056 935202
0 0.423839 0.1248 2.03454 935236
0 0.424008 0.12103 2.0355 935254
0 0.423955 0.119312 2.035 935287
0 0.423933 0.117823 2.03821 935336
0 0.425572 0.118947 2.04027 935369
0 0.426472 0.123478 2.04298 935386
0 0.430164 0.129295 2.04013 935438
0 0.43205 0.134123 2.03702 935454
0 0.432532 0.143389 2.03283 935488
0 0.431009 0.152305 2.02247 935522
0 0.433066 0.161642 2.01808 935556
0 0.434468 0.175336 2.01818 935591
0 0.435477 0.192298 2.01261 935625
0 0.436041 0.210038 2.00773 935658
0 0.43712 0.229263 2.00016 935692
0 0.439022 0.249955 2.00494 935726
0 0.441287 0.26984 2.00497 935759
0 0.444725 0.287009 2.00996 935793
0 0.447017 0.31311 2.0105 935827
0 0.447851 0.33586 2.01469 935861
0 0.448402 0.357374 2.02294 935894
0 0.448661 0.37796 2.02363 935928
0 0.448966 0.395599 2.02802 935962
0 0.449153 0.413269 2.02693 935995
0 0.451083 0.426247 2.02829 936028
0 0.450687 0.438423 2.03147 936062
0 0.452905 0.447934 2.04448 936095
0 0.453804 0.452762 2.04239 936128
0 0.45195 0.458891 2.05348 936161
0 0.452002 0.463246 2.05692 936194

1 0.469705 0.289975 2.05361 937373
1 0.468046 0.287138 2.0507 937406
1 0.470023 0.285895 2.05611 937438
1 0.470401 0.286861 2.05442 937472
1 0.470802 0.287204 2.05435 937505
1 0.47168 0.282506 2.05025 937522
1 0.472532 0.275918 2.04639 937573
1 0.474247 0.263895 2.04593 937590
1 0.475535 0.255363 2.04636 937624
1 0.478229 0.243665 2.04661 937658
1 0.480205 0.229067 2.04574 937692
1 0.482853 0.215355 2.04232 937724
1 0.483719 0.198982 2.04329 937772
1 0.483646 0.185098 2.04747 937803
1 0.485519 0.170131 2.05322 937836
1 0.48487 0.159582 2.05602 937870
1 0.483357 0.146954 2.05869 937902
1 0.483015 0.133881 2.06666 937937
1 0.484093 0.132142 2.06983 937971
1 0.482879 0.122677 2.07447 938003
1 0.483537 0.117896 2.07986 938036
1 0.482942 0.116817 2.07741 938069
1 0.481637 0.120303 2.07867 938103
1 0.482828 0.127178 2.07058 938135
1 0.483181 0.135671 2.066 938168
1 0.485203 0.144274 2.06328 938200
1 0.486449 0.157935 2.05356 938234
1 0.487729 0.174051 2.04228 938267
1 0.490464 0.188983 2.04135 938301
1 0.489715 0.207492 2.04008 938335
1 0.4914 0.234205 2.03071 938369
1 0.49499 0.260761 2.02178 938403
1 0.497163 0.283482 2.01448 938437
1 0.49979 0.308325 2.02106 938471
1 0.502596 0.332987 2.02705 938506
1 0.502604 0.354688 2.03167 938538
1 0.499628 0.376813 2.04007 938571
1 0.499084 0.396944 2.04113 938606
1 0.501362 0.417177 2.04894 938639
1 0.499763 0.434751 2.05618 938673
1 0.49902 0.448508 2.06981 938689
1 0.497406 0.460419 2.07315 938739
1 0.498148 0.472216 2.08232 938773
1 0.4987 0.482026 2.09285 938789
1 0.500007 0.490288 2.09453 938840
1 0.500785 0.494808 2.09917 938873
1 0.500023 0.497328 2.10477 938890
1 0.498175 0.498047 2.10748 938941
1 0.49728 0.498463 2.10885 938957

2 0.508654 0.281269 2.04656 939868
2 0.50839 0.280987 2.04116 939901
2 0.508742 0.280596 2.04372 939934
2 0.509014 0.281006 2.04211 939968
2 0.508783 0.279724 2.04 940002
2 0.508735 0.273305 2.0413 940035
2 0.50759 0.269333 2.04281 940067
2 0.51069 0.26234 2.04621 940101
2 0.511588 0.251144 2.04372 940134
2 0.513372 0.236051 2.042 940166
2 0.513897 0.222692 2.03724 940198
2 0.512626 0.204556 2.03655 940230
2 0.512051 0.189153 2.0411 940262
2 0.51188 0.172912 2.0453 940296
2 0.512055 0.158146 2.04773 940329
2 0.511682 0.145419 2.05388 940363
2 0.511021 0.132319 2.06169 940396
2 0.512805 0.123422 2.07176 940429
2 0.512157 0.116452 2.0782 940464
2 0.510639 0.112079 2.08219 940496
2 0.51103 0.109266 2.08791 940531
2 0.511316 0.108466 2.08815 940564
2 0.513043 0.110634 2.08504 940597
2 0.51509 0.112257 2.08292 940630
2 0.517072 0.119254 2.07612 940663
2 0.51974 0.124686 2.06888 940696
2 0.521844 0.137637 2.05216 940730
2 0.526897 0.151489 2.0499 940764
2 0.529535 0.163624 2.04777 940796
2 0.533344 0.183641 2.04064 940830
2 0.536186 0.205228 2.03378 940862
2 0.537445 0.226908 2.02568 940896
2 0.538577 0.252969 2.02814 940929
2 0.538685 0.277247 2.03229 940962
2 0.537523 0.299187 2.03549 940993
2 0.538221 0.322073 2.03732 941026
2 0.536079 0.341691 2.04044 941074
2 0.535586 0.360499 2.04519 941107
2 0.533991 0.380121 2.04945 941124
2 0.532944 0.403161 2.06586 941172
2 0.531951 0.421565 2.07114 941204
2 0.530174 0.437963 2.07885 941237
2 0.530716 0.456272 2.0886 941270
2 0.529998 0.465954 2.09254 941303
2 0.529038 0.480012 2.10428 941335
2 0.527327 0.48826 2.11337 941369
2 0.527071 0.49616 2.10641 941401
2 0.527373 0.496194 2.11058 941433
2 0.526829 0.500652 2.12059 941465
2 0.525969 0.504504 2.12689 941497
2 0.525705 0.506728 2.12984 941530
2 0.525585 0.508945 2.13126 941565
2 0.525766 0.509606 2.12867 941599

3 0.558503 0.304055 2.03938 942532
3 0.55904 0.304672 2.04222 942566
3 0.558533 0.305595 2.0405 942600
3 0.559859 0.300979 2.04142 942633
3 0.560653 0.300584 2.03996 942666
3 0.558335 0.296276 2.03627 942699
3 0.556981 0.28559 2.03269 942733
3 0.557745 0.272642 2.0293 942766
3 0.55828 0.256896 2.02992 942800
3 0.560338 0.237209 2.02914 942833
3 0.559782 0.220264 2.02963 942867
3 0.561144 0.202324 2.03136 942902
3 0.560893 0.18369 2.03595 942936
3 0.562431 0.163999 2.03991 942970
3 0.562588 0.149304 2.04082 943004
3 0.562349 0.133231 2.04903 943037
3 0.562598 0.122904 2.05356 943071
3 0.560684 0.115786 2.05575 943104
3 0.559331 0.107428 2.05844 943137
3 0.559561 0.105032 2.06656 943171
3 0.561679 0.105911 2.07005 943204
3 0.564853 0.107121 2.07192 943238
3 0.567795 0.108269 2.0635 943272
3 0.569205 0.116936 2.05418 943306
3 0.571348 0.125138 2.05444 943338
3 0.571536 0.142474 2.05485 943372
3 0.572639 0.158364 2.04826 943406
3 0.575696 0.179684 2.04503 943440
3 0.578286 0.202132 2.03892 943474
3 0.58039 0.224316 2.03618 943507
3 0.583129 0.24613 2.02917 943541
3 0.585953 0.271474 2.02522 943574
3 0.586441 0.296535 2.03379 943607
3 0.586783 0.321272 2.0376 943641
3 0.586093 0.34306 2.03783 943676
3 0.584835 0.367388 2.04368 943710
3 0.584346 0.391067 2.05613 943745
3 0.582989 0.413117 2.06821 943761
3 0.581319 0.437629 2.08068 943812
3 0.580899 0.455845 2.08538 943829
3 0.57936 0.475077 2.10244 943863
3 0.578977 0.489354 2.11593 943896
3 0.578112 0.50172 2.11898 943930
3 0.57468 0.514998 2.13528 943964
3 0.572799 0.527308 2.14972 943997
3 0.570419 0.53058 2.15255 944031
3 0.568581 0.531369 2.16191 944065
3 0.568593 0.530953 2.16238 944099

4 0.610938 0.302806 2.05054 945407
4 0.612175 0.305251 2.04666 945440
4 0.611967 0.306439 2.03995 945474
4 0.611937 0.306951 2.03782 945506
4 0.613045 0.306724 2.03149 945540
4 0.613705 0.306116 2.02709 945572
4 0.613948 0.300494 2.02434 945604
4 0.618202 0.291174 2.01722 945638
4 0.621707 0.279206 2.01536 945670
4 0.6242 0.26425 2.00415 945703
4 0.625788 0.250811 1.99795 945736
4 0.626958 0.236645 1.99321 945770
4 0.628079 0.218764 1.99155 945803
4 0.630806 0.200816 1.99662 945835
4 0.632127 0.182787 2.00004 945868
4 0.63433 0.171631 2.00564 945900
4 0.634262 0.15787 2.00727 945934
4 0.634574 0.143084 2.01363 945968
4 0.632161 0.132461 2.01701 946002
4 0.63056 0.126689 2.02014 946036
4 0.630014 0.123281 2.02098 946068
4 0.629805 0.121521 2.02254 946102
4 0.62988 0.12015 2.02751 946136
4 0.631919 0.119831 2.02621 946169
4 0.636125 0.122306 2.02565 946203
4 0.638078 0.131646 2.01889 946236
4 0.635937 0.143202 2.01147 946270
4 0.638646 0.152891 2.01022 946304
4 0.640844 0.165394 2.01235 946338
4 0.643403 0.186052 2.0113 946372
4 0.647214 0.203914 2.0046 946406
4 0.648711 0.225582 1.99977 946440
4 0.653456 0.246356 1.99178 946474
4 0.654291 0.266862 1.99415 946508
4 0.655787 0.288157 2.0068 946542
4 0.655227 0.313503 2.01063 946577
4 0.657227 0.335228 2.01768 946610
4 0.657314 0.357695 2.02627 946644
4 0.656308 0.377896 2.03522 946678
4 0.656152 0.39705 2.04158 946712
4 0.656926 0.411176 2.04431 946745
4 0.654512 0.431196 2.05948 946779
4 0.656082 0.447065 2.07459 946813
4 0.655502 0.462497 2.08479 946846
4 0.655077 0.481748 2.08795 946863
4 0.656112 0.495624 2.09782 946914
4 0.654479 0.503102 2.10654 946948
4 0.65564 0.511216 2.10914 946964
4 0.656553 0.516844 2.1105 947014
4 0.655244 0.523748 2.11221 947031
4 0.654894 0.527499 2.11534 947065
4 0.65469 0.529068 2.121 947099

5 0.622342 0.332517 2.04157 948614
5 0.62232 0.334624 2.04039 948645
5 0.624564 0.331677 2.03774 948679
5 0.625836 0.330215 2.03566 948711
5 0.625943 0.328665 2.03281 948745
5 0.628096 0.325767 2.02433 948779
5 0.629591 0.317267 2.01492 948812
5 0.631953 0.311255 2.01306 948845
5 0.634993 0.30151 2.01291 948879
5 0.638794 0.288424 2.00595 948914
5 0.641817 0.271961 2.00065 948947
5 0.644175 0.25486 1.99846 948980
5 0.646239 0.237871 1.99792 949011
5 0.649897 0.221427 2.00359 949045
5 0.651714 0.20334 2.00991 949079
5 0.652794 0.186269 2.01146 949112
5 0.65303 0.170219 2.01947 949145
5 0.652836 0.155878 2.02461 949179
5 0.6522 0.14111 2.03008 949212
5 0.65318 0.131901 2.03668 949246
5 0.654723 0.120969 2.05023 949280
5 0.653105 0.11227 2.04571 949312
5 0.651052 0.10405 2.0451 949346
5 0.65016 0.0993475 2.04407 949380
5 0.650743 0.0995398 2.03829 949414
5 0.649849 0.104052 2.04043 949448
5 0.653536 0.110664 2.04588 949481
5 0.65405 0.116497 2.04277 949515
5 0.656799 0.125241 2.03656 949547
5 0.656806 0.137085 2.03346 949580
5 0.656387 0.149096 2.02021 949614
5 0.660525 0.161743 2.02185 949649
5 0.660965 0.183866 2.01819 949682
5 0.661223 0.205769 2.01418 949699
5 0.662716 0.227589 2.00918 949750
5 0.664051 0.248658 2.01363 949766
5 0.667197 0.27443 2.00192 949800
5 0.663451 0.298436 2.00158 949851
5 0.662297 0.326582 2.00623 949867
5 0.660689 0.353586 2.01685 949900
5 0.659318 0.377943 2.02468 949934
5 0.659343 0.401483 2.03095 949967
5 0.656466 0.422087 2.03526 950000
5 0.655633 0.44946 2.05726 950049
5 0.653726 0.473147 2.07467 950083
5 0.652277 0.48938 2.09016 950100
5 0.65196 0.502779 2.09388 950134
5 0.652767 0.515986 2.10049 950168
5 0.653123 0.523113 2.10075 950201
5 0.648884 0.528245 2.10583 950236
5 0.646255 0.529676 2.10742 950269
5 0.645815 0.536269 2.11088 950303
5 0.645391 0.538988 2.11267 950337
5 0.64519 0.535883 2.11262 950370
5 0.645106 0.535122 2.11443 950404
5 0.646814 0.533807 2.11474 950438

6 0.595955 0.367092 1.9953 951576
6 0.595105 0.368143 1.99479 951610
6 0.593412 0.369981 1.99278 951644
6 0.595938 0.366003 1.98699 951677
6 0.60116 0.358887 1.98393 951710
6 0.604103 0.353278 1.98428 951743
6 0.607333 0.34758 1.99255 951775
6 0.609324 0.340833 1.99514 951807
6 0.613932 0.330491 1.98788 951840
6 0.618153 0.320674 1.98461 951873
6 0.622734 0.307096 1.98419 951906
6 0.626395 0.291368 1.98503 951939
6 0.628831 0.2755 1.98512 951972
6 0.632417 0.25778 1.9894 952005
6 0.636667 0.240605 1.98974 952039
6 0.638195 0.223718 1.99285 952072
6 0.639536 0.206713 1.99976 952105
6 0.639856 0.188277 2.00886 952137
6 0.64015 0.176193 2.01723 952169
6 0.640389 0.165344 2.02443 952201
6 0.641902 0.15546 2.03098 952234
6 0.642072 0.148263 2.03801 952284
6 0.64193 0.144982 2.03957 952302
6 0.642303 0.142498 2.04275 952335
6 0.643862 0.139377 2.04184 952384
6 0.645138 0.144686 2.04057 952417
6 0.645051 0.148929 2.03924 952450
6 0.644392 0.154229 2.03387 952484
6 0.64599 0.163212 2.02602 952501
6 0.65121 0.18254 2.02884 952534
6 0.653278 0.205135 2.0144 952585
6 0.655581 0.225779 2.01617 952601
6 0.659315 0.248348 2.01073 952635
6 0.659263 0.274495 2.01396 952669
6 0.66053 0.306585 2.01873 952702
6 0.661205 0.336046 2.02307 952753
6 0.661462 0.367785 2.0269 952770
6 0.662554 0.393314 2.03182 952803
6 0.663659 0.416902 2.04056 952854
6 0.665675 0.436641 2.04467 952870
6 0.666988 0.461152 2.06625 952902
6 0.666232 0.477063 2.07569 952952
6 0.666994 0.493788 2.08438 952970
6 0.667163 0.509535 2.09141 953004
6 0.668461 0.521301 2.09832 953037
6 0.668539 0.525187 2.1126 953086
6 0.666636 0.532139 2.12344 953102
6 0.663254 0.53523 2.13256 953154

7 0.595484 0.382269 1.98092 954345
7 0.595149 0.380527 1.98365 954378
7 0.595897 0.379817 1.98553 954412
7 0.599903 0.374742 1.99167 954446
7 0.601256 0.369352 1.99091 954480
7 0.6047 0.36627 1.99 954513
7 0.60572 0.356015 1.98888 954546
7 0.607827 0.346287 1.98792 954580
7 0.609658 0.336185 1.98556 954614
7 0.612696 0.31782 1.9739 954648
7 0.615679 0.301497 1.97532 954682
7 0.619736 0.284145 1.97459 954715
7 0.623532 0.269529 1.97162 954749
7 0.62533 0.253446 1.97331 954782
7 0.626107 0.233341 1.97604 954816
7 0.628207 0.217417 1.98223 954850
7 0.628749 0.2012 1.9885 954884
7 0.628208 0.184794 1.99567 954919
7 0.628516 0.171464 2.00801 954953
7 0.629568 0.157693 2.01382 954970
7 0.629556 0.143496 2.02463 955021
7 0.629979 0.131894 2.02996 955038
7 0.630216 0.125067 2.03443 955087
7 0.630525 0.120759 2.03936 955120
7 0.630809 0.118515 2.04006 955153
7 0.631191 0.116924 2.04325 955187
7 0.633045 0.115668 2.04529 955220
7 0.635036 0.124785 2.03536 955237
7 0.636913 0.132768 2.03218 955287
7 0.638693 0.145254 2.02411 955320
7 0.642028 0.159578 2.01255 955353
7 0.644335 0.181974 2.01104 955386
7 0.647553 0.202156 2.00913 955417
7 0.648762 0.225458 2.00291 955451
7 0.65114 0.249974 2.00164 955484
7 0.651635 0.273709 1.99956 955518
7 0.652768 0.29789 2.00192 955552
7 0.652699 0.321886 2.00343 955586
7 0.65078 0.342409 2.00932 955619
7 0.648983 0.363536 2.01416 955652
7 0.649152 0.384665 2.01736 955684
7 0.649286 0.402428 2.02656 955718
7 0.649104 0.420409 2.03739 955750
7 0.649836 0.439808 2.04779 955783
7 0.649473 0.45678 2.06264 955815
7 0.650472 0.468591 2.06787 955850
7 0.650915 0.480341 2.0748 955883
7 0.650456 0.493695 2.07646 955918
7 0.652161 0.501975 2.08431 955952
7 0.651998 0.505881 2.09153 955985
7 0.650257 0.512978 2.09306 956019
7 0.649934 0.517512 2.09951 956052
7 0.65294 0.522654 2.10339 956085
7 0.653105 0.527343 2.09794 956117
7 0.653277 0.529056 2.10054 956151
7 0.653388 0.530261 2.10332 956184
7 0.653303 0.530907 2.10493 956217

8 0.597052 0.398755 1.99358 957288
8 0.597672 0.399031 1.98912 957305
8 0.595394 0.397193 1.98392 957356
8 0.595533 0.394622 1.98687 957389
8 0.595986 0.390367 1.98699 957406
8 0.600776 0.384893 1.9843 957440
8 0.606009 0.37679 1.98462 957474
8 0.609333 0.365679 1.98667 957524
8 0.613193 0.356053 1.98952 957541
8 0.618718 0.341515 1.98342 957575
8 0.622282 0.322744 1.98035 957608
8 0.62652 0.303409 1.97753 957642
8 0.628702 0.285163 1.97737 957676
8 0.628483 0.270026 1.97861 957710
8 0.630513 0.254129 1.9801 957744
8 0.633678 0.237452 1.98563 957777
8 0.636147 0.222424 1.98722 957811
8 0.637708 0.206265 1.99208 957845
8 0.638282 0.195025 1.99924 957877
8 0.639162 0.181614 2.00555 957912
8 0.639205 0.17043 2.00586 957945
8 0.639503 0.161869 2.01107 957977
8 0.64057 0.153001 2.02027 958012
8 0.641276 0.147129 2.02805 958046
8 0.6434 0.142062 2.03327 958081
8 0.642913 0.14106 2.03706 958114
8 0.644548 0.145479 2.03846 958148
8 0.645454 0.148842 2.0412 958181
8 0.648105 0.151715 2.03456 958213
8 0.65183 0.158913 2.03901 958248
8 0.654161 0.169098 2.03504 958280
8 0.656143 0.186777 2.0334 958313
8 0.657989 0.200311 2.02911 958345
8 0.658456 0.215845 2.01527 958378
8 0.660169 0.233499 2.01353 958412
8 0.662662 0.253364 2.01719 958445
8 0.662651 0.277952 2.01825 958479
8 0.663486 0.303055 2.01724 958512
8 0.662215 0.323877 2.01704 958545
8 0.66283 0.348356 2.02226 958579
8 0.662145 0.367341 2.01894 958612
8 0.660358 0.386107 2.01957 958645
8 0.660567 0.402188 2.01932 958678
8 0.661652 0.423116 2.02965 958711
8 0.663139 0.439228 2.04158 958743
8 0.658912 0.455364 2.0507 958776
8 0.656936 0.467437 2.06212 958810
8 0.654913 0.480029 2.07252 958843
8 0.654405 0.49025 2.08042 958877
8 0.653351 0.496619 2.08848 958911
8 0.654024 0.504426 2.0934 958945
8 0.655118 0.508787 2.09424 958978
8 0.655933 0.513672 2.0964 959011
8 0.656022 0.516777 2.09357 959045
8 0.655481 0.513508 2.09932 959078
8 0.655448 0.51308 2.10164 959111
8 0.655211 0.512535 2.10134 959144

9 0.589918 0.387819 1.99805 964893
9 0.59192 0.38972 1.99185 964928
9 0.592917 0.391088 1.98627 964962
9 0.595796 0.388386 1.98972 964994
9 0.598212 0.384593 1.98853 965027
9 0.598731 0.383101 1.98512 965060
9 0.598261 0.371951 1.98084 965094
9 0.601497 0.361172 1.98126 965127
9 0.607004 0.347631 1.97628 965162
9 0.611457 0.332824 1.97551 965194
9 0.614619 0.315723 1.96607 965228
9 0.618806 0.299511 1.96166 965246
9 0.622033 0.281381 1.95652 965279
9 0.62478 0.262286 1.95753 965331
9 0.625922 0.244478 1.95883 965347
9 0.629784 0.225803 1.96101 965381
9 0.634856 0.207236 1.96982 965415
9 0.636181 0.189917 1.97834 965447
9 0.635762 0.177059 1.98513 965480
9 0.635508 0.162537 1.98703 965530
9 0.635672 0.151483 1.99682 965547
9 0.635738 0.139078 2.00929 965581
9 0.635028 0.132424 2.01474 965615
9 0.634565 0.125193 2.02149 965649
9 0.634922 0.121389 2.02757 965683
9 0.637507 0.121638 2.02824 965717
9 0.639368 0.127256 2.0257 965751
9 0.640397 0.134225 2.0252 965785
9 0.642162 0.144542 2.02124 965819
9 0.642968 0.158529 2.01449 965851
9 0.644111 0.17452 2.0127 965884
9 0.646744 0.193646 2.005 965917
9 0.648537 0.21334 1.99661 965951
9 0.652171 0.238634 1.99104 965985
9 0.65398 0.26398 1.99775 966019
9 0.656454 0.293251 2.00024 966053
9 0.65656 0.321677 2.00393 966086
9 0.657521 0.346664 2.01037 966118
9 0.658905 0.372751 2.01871 966150
9 0.658916 0.395018 2.02602 966183
9 0.661545 0.421177 2.03712 966215
9 0.663329 0.444119 2.04936 966248
9 0.661897 0.461597 2.06637 966281
9 0.660841 0.480116 2.07542 966315
9 0.659288 0.494011 2.08654 966349
9 0.661093 0.503389 2.0947 966383
9 0.659543 0.516748 2.10168 966416
9 0.660299 0.523998 2.11542 966449
9 0.659318 0.53073 2.11792 966496
9 0.662289 0.535714 2.11711 966529
9 0.663938 0.539046 2.11394 966546
9 0.664053 0.539304 2.11621 966595

