Gesto: 1
0 0.301737 0.366309 2.321 260611
0 0.301139 0.367351 2.31916 260644
0 0.301843 0.36649 2.31656 260678
0 0.302061 0.36638 2.31883 260711
0 0.306684 0.364806 2.31943 260728
0 0.304869 0.361943 2.3161 260779
0 0.30816 0.352248 2.31682 260796
0 0.310247 0.346248 2.31331 260829
0 0.311839 0.334891 2.30993 260863
0 0.314136 0.326549 2.31008 260897
0 0.316017 0.314979 2.3047 260929
0 0.319989 0.300393 2.29663 260980
0 0.324779 0.283504 2.28512 260997
0 0.329711 0.269417 2.2838 261030
0 0.333686 0.257174 2.28821 261064
0 0.338148 0.241894 2.28884 261096
0 0.34318 0.22837 2.29004 261146
0 0.347484 0.21943 2.29365 261178
0 0.351347 0.211543 2.28966 261212
0 0.355698 0.202987 2.28925 261244
0 0.355941 0.192501 2.28706 261278
0 0.359735 0.181723 2.29098 261311
0 0.361738 0.175568 2.29292 261346
0 0.362706 0.172879 2.29162 261379
0 0.363763 0.171895 2.28876 261396
0 0.363654 0.171212 2.28915 261447
0 0.363534 0.170454 2.2928 261464
0 0.365489 0.172754 2.2925 261498
0 0.364717 0.180212 2.28758 261548
0 0.363924 0.18675 2.27885 261564
0 0.361858 0.193749 2.27205 261598
0 0.362018 0.203712 2.27075 261631
0 0.359363 0.213209 2.26722 261665
0 0.358876 0.227636 2.25802 261699
0 0.355509 0.241633 2.25293 261733
0 0.353895 0.258895 2.25453 261767
0 0.353726 0.279935 2.24553 261799
0 0.353524 0.300353 2.24764 261833
0 0.356734 0.32336 2.25193 261865
0 0.356725 0.348032 2.25364 261899
0 0.35611 0.372466 2.25664 261932
0 0.355368 0.401966 2.25642 261965
0 0.358168 0.431338 2.2565 261999
0 0.361174 0.461417 2.26331 262033
0 0.36567 0.491602 2.2681 262067
0 0.370759 0.512741 2.27887 262101
0 0.375019 0.533141 2.28434 262135
0 0.376115 0.5445 2.29458 262169
0 0.376739 0.550943 2.30719 262203
0 0.37649 0.553679 2.31595 262236

1 0.412254 0.322414 2.25908 265283
1 0.412161 0.323083 2.2548 265299
1 0.41215 0.323447 2.25258 265350
1 0.412329 0.323876 2.25442 265368
1 0.41242 0.323077 2.25268 265401
1 0.412656 0.322276 2.24972 265435
1 0.413072 0.314912 2.24652 265469
1 0.416331 0.311658 2.23844 265503
1 0.418959 0.307408 2.24474 265537
1 0.419696 0.300808 2.24344 265571
1 0.421531 0.289329 2.24187 265605
1 0.424456 0.277573 2.2371 265638
1 0.428989 0.264794 2.22445 265671
1 0.434805 0.254961 2.21905 265705
1 0.436439 0.243409 2.21701 265738
1 0.439029 0.234085 2.22115 265772
1 0.441722 0.228639 2.22238 265805
1 0.446632 0.221799 2.21873 265839
1 0.449084 0.214556 2.21881 265872
1 0.450544 0.210186 2.22013 265906
1 0.451302 0.208546 2.21926 265940
1 0.45192 0.20758 2.22167 265974
1 0.451369 0.208721 2.20393 266007
1 0.449549 0.213666 2.20935 266041
1 0.449262 0.222208 2.20461 266075
1 0.449983 0.234693 2.1992 266109
1 0.44975 0.249263 2.19771 266143
1 0.450351 0.268192 2.19287 266177
1 0.45127 0.291106 2.19247 266211
1 0.448232 0.311171 2.1885 266244
1 0.44751 0.339076 2.18988 266278
1 0.449066 0.36385 2.18999 266311
1 0.44918 0.38696 2.19677 266343
1 0.449209 0.409968 2.20402 266375
1 0.448327 0.430442 2.20534 266407
1 0.448652 0.450944 2.21847 266439

2 0.522768 0.324688 2.18473 268138
2 0.522242 0.324925 2.18115 268171
2 0.522221 0.325287 2.18545 268206
2 0.522462 0.325618 2.1809 268240
2 0.52164 0.322203 2.18203 268273
2 0.521927 0.316267 2.17951 268306
2 0.5249 0.306149 2.1775 268339
2 0.527812 0.293158 2.17898 268374
2 0.529403 0.280588 2.1784 268407
2 0.531708 0.267525 2.17593 268441
2 0.533655 0.250806 2.1718 268474
2 0.53872 0.239652 2.16876 268507
2 0.544242 0.225782 2.16613 268540
2 0.547274 0.216806 2.16697 268574
2 0.548683 0.20487 2.17128 268607
2 0.549986 0.198311 2.16814 268640
2 0.550266 0.194161 2.17015 268672
2 0.550518 0.192262 2.16642 268705
2 0.550784 0.191568 2.16506 268738
2 0.550912 0.198436 2.16512 268772
2 0.550876 0.204906 2.16357 268804
2 0.551368 0.209097 2.1595 268853
2 0.552493 0.218964 2.15848 268870
2 0.552317 0.234258 2.14787 268903
2 0.552498 0.252843 2.14783 268953
2 0.552004 0.276708 2.15003 268970
2 0.552899 0.304237 2.14588 269003
2 0.552862 0.334904 2.14544 269053
2 0.552711 0.361254 2.14165 269069
2 0.550563 0.385137 2.13725 269104
2 0.551986 0.412371 2.15455 269137
2 0.55156 0.44457 2.16713 269171
2 0.552783 0.46658 2.18445 269205

3 0.595101 0.391945 2.18225 270812
3 0.594818 0.392624 2.17799 270844
3 0.593905 0.392858 2.17493 270877
3 0.594279 0.389434 2.17352 270910
3 0.594505 0.382332 2.16661 270943
3 0.594793 0.375356 2.16508 270977
3 0.595782 0.363559 2.1666 271010
3 0.59704 0.3486 2.1646 271043
3 0.602914 0.330945 2.16077 271076
3 0.605892 0.312298 2.16195 271109
3 0.607867 0.293849 2.16258 271142
3 0.614581 0.2738 2.16704 271176
3 0.619475 0.253533 2.17021 271208
3 0.623414 0.234173 2.1678 271240
3 0.629262 0.216356 2.16698 271274
3 0.632046 0.201165 2.16752 271308
3 0.634499 0.192184 2.17433 271342
3 0.635979 0.184597 2.17572 271374
3 0.639088 0.179149 2.173 271407
3 0.638604 0.180119 2.17582 271441
3 0.638746 0.183169 2.17274 271475
3 0.637498 0.188121 2.17103 271508
3 0.639461 0.199057 2.16047 271543
3 0.636324 0.205737 2.15848 271577
3 0.635138 0.218292 2.1612 271610
3 0.633449 0.242085 2.15361 271644
3 0.635172 0.26908 2.15055 271676
3 0.636258 0.293989 2.13579 271711
3 0.633518 0.319516 2.14363 271744
3 0.631314 0.350521 2.15106 271778
3 0.635213 0.381882 2.15803 271812
3 0.63825 0.411407 2.16332 271846
3 0.636934 0.437199 2.1875 271879
3 0.636343 0.459378 2.21057 271912
3 0.636954 0.481255 2.22745 271945
3 0.638666 0.498374 2.23937 271979

4 0.158189 0.382597 2.16798 275015
4 0.157857 0.384032 2.16652 275048
4 0.158702 0.385657 2.16257 275081
4 0.158099 0.383924 2.16588 275114
4 0.159584 0.379607 2.16911 275147
4 0.160237 0.37711 2.1696 275180
4 0.162508 0.372125 2.16561 275214
4 0.165661 0.364253 2.16369 275246
4 0.169645 0.351573 2.15503 275280
4 0.174434 0.339758 2.15701 275314
4 0.178979 0.321662 2.15788 275348
4 0.182077 0.302425 2.15586 275381
4 0.185156 0.283707 2.15483 275414
4 0.188764 0.268272 2.15542 275448
4 0.193109 0.254076 2.16005 275482
4 0.195404 0.238395 2.16688 275515
4 0.197662 0.228924 2.16328 275548
4 0.202329 0.221094 2.15538 275582
4 0.204467 0.215567 2.15443 275615
4 0.20668 0.213509 2.14823 275649
4 0.207403 0.212981 2.14405 275683
4 0.205739 0.213423 2.15032 275716
4 0.206168 0.220756 2.15192 275748
4 0.20601 0.227534 2.14762 275781
4 0.20805 0.238742 2.14265 275814
4 0.208434 0.253911 2.13982 275848
4 0.207624 0.270875 2.13964 275881
4 0.208295 0.291281 2.13918 275914
4 0.210036 0.311105 2.13599 275947
4 0.209833 0.331026 2.1364 275980
4 0.210038 0.352501 2.14149 276013
4 0.211816 0.376934 2.15152 276047
4 0.211474 0.405622 2.16678 276082
4 0.212793 0.436454 2.18578 276115
4 0.218388 0.466611 2.19777 276149

5 0.249455 0.392649 2.16143 278321
5 0.250565 0.392153 2.16153 278355
5 0.250101 0.392321 2.16524 278389
5 0.25124 0.391507 2.1642 278422
5 0.254049 0.386777 2.16142 278455
5 0.255352 0.385053 2.16065 278488
5 0.257457 0.373731 2.1556 278523
5 0.260878 0.363025 2.14932 278557
5 0.264424 0.348876 2.14486 278592
5 0.268558 0.334045 2.14406 278625
5 0.271556 0.317314 2.1429 278659
5 0.275767 0.299175 2.14567 278691
5 0.27937 0.286286 2.14416 278723
5 0.284127 0.273894 2.14315 278756
5 0.289203 0.262767 2.14046 278789
5 0.29024 0.252392 2.14439 278821
5 0.291037 0.246399 2.1447 278855
5 0.29322 0.241318 2.14475 278888
5 0.295093 0.23828 2.14206 278920
5 0.29438 0.238999 2.13859 278953
5 0.294136 0.240098 2.13947 278987
5 0.295917 0.245942 2.13848 279020
5 0.29665 0.252832 2.13036 279053
5 0.298523 0.261593 2.12827 279086
5 0.297234 0.277991 2.1257 279117
5 0.29844 0.29513 2.12609 279149
5 0.297305 0.316236 2.12768 279183
5 0.29926 0.334975 2.12716 279218
5 0.298792 0.357208 2.13422 279251
5 0.297768 0.379382 2.14241 279283
5 0.297292 0.40587 2.15395 279317
5 0.294555 0.4286 2.17007 279350
5 0.299032 0.455842 2.18774 279385
5 0.302956 0.481921 2.19882 279418
5 0.304159 0.504961 2.21622 279453
5 0.307142 0.523856 2.23672 279486
5 0.308502 0.539789 2.25169 279520
5 0.312841 0.556229 2.25768 279551
5 0.314754 0.568078 2.27897 279585
5 0.315878 0.57391 2.29128 279618
5 0.317718 0.582717 2.29858 279652
5 0.318889 0.588023 2.30169 279686

6 0.458486 0.321191 2.21455 282154
6 0.457989 0.318278 2.21506 282187
6 0.456785 0.315211 2.21819 282221
6 0.457733 0.310945 2.21678 282254
6 0.461273 0.305505 2.21454 282287
6 0.464815 0.297912 2.2139 282319
6 0.468885 0.290005 2.21544 282351
6 0.47049 0.277499 2.21588 282383
6 0.47319 0.263861 2.21935 282417
6 0.477722 0.251769 2.21887 282450
6 0.482332 0.239104 2.21097 282484
6 0.486792 0.224465 2.21355 282517
6 0.488253 0.213209 2.213 282551
6 0.494682 0.200053 2.20726 282585
6 0.499778 0.192061 2.20251 282619
6 0.503155 0.187301 2.20027 282653
6 0.504933 0.184235 2.20239 282685
6 0.505596 0.183551 2.19732 282719
6 0.506137 0.182857 2.19644 282751
6 0.506405 0.182292 2.20428 282786
6 0.507459 0.191826 2.19876 282819
6 0.50869 0.198752 2.20046 282853
6 0.509181 0.212096 2.20133 282886
6 0.508407 0.233451 2.19975 282919
6 0.508138 0.255828 2.19284 282952
6 0.5097 0.281997 2.19283 282987
6 0.509624 0.312442 2.19493 283019
6 0.506716 0.339403 2.20866 283054
6 0.505626 0.36664 2.21695 283088
6 0.506579 0.395416 2.23627 283121
6 0.506011 0.421246 2.24586 283155
6 0.506073 0.444588 2.25255 283188
6 0.504773 0.460123 2.25664 283220

7 0.737975 0.478631 2.25 290329
7 0.736978 0.476299 2.24485 290364
7 0.735823 0.474955 2.24193 290398
7 0.734819 0.474139 2.23711 290431
7 0.73454 0.473502 2.23678 290464
7 0.739899 0.468291 2.27369 291737
7 0.740159 0.468234 2.27352 291771
7 0.73758 0.466951 2.26612 291788
7 0.736155 0.468798 2.26458 291823
7 0.73526 0.469774 2.26404 291856
7 0.374104 0.367669 2.19345 296732
7 0.374726 0.367995 2.19248 296764
7 0.374286 0.367115 2.19545 296797
7 0.372884 0.367557 2.20399 296829
7 0.372124 0.367238 2.20608 296862
7 0.370055 0.365831 2.20572 296895
7 0.373739 0.363518 2.20141 296930
7 0.378569 0.352606 2.20137 296963
7 0.382314 0.339831 2.20225 296997
7 0.387751 0.325012 2.20785 297030
7 0.391765 0.305975 2.21568 297063
7 0.394462 0.287839 2.22371 297096
7 0.399718 0.269254 2.23304 297129
7 0.40524 0.253991 2.23913 297164
7 0.411184 0.238381 2.24158 297197
7 0.418207 0.227803 2.24331 297231
7 0.423481 0.222169 2.24735 297264
7 0.426209 0.219062 2.2477 297298
7 0.427806 0.218625 2.24723 297332
7 0.429414 0.227963 2.24519 297365
7 0.428614 0.238943 2.24571 297398
7 0.42917 0.258092 2.24592 297431
7 0.429633 0.287391 2.24324 297463
7 0.427777 0.317261 2.2461 297496
7 0.425347 0.348878 2.25297 297528
7 0.424609 0.388352 2.2603 297562
7 0.421935 0.420401 2.27658 297595
7 0.421551 0.452638 2.29622 297629
7 0.421455 0.480267 2.31417 297662
7 0.42282 0.503441 2.33091 297696

8 0.366094 0.398645 2.24354 299739
8 0.366481 0.397766 2.24509 299772
8 0.369757 0.397819 2.24195 299806
8 0.370313 0.398667 2.23946 299839
8 0.36996 0.395888 2.23784 299873
8 0.372869 0.392454 2.23103 299905
8 0.373838 0.389648 2.23109 299938
8 0.376713 0.382928 2.22994 299971
8 0.379474 0.375419 2.2242 300004
8 0.384815 0.362186 2.22568 300037
8 0.389692 0.346432 2.21577 300070
8 0.392734 0.326341 2.21883 300102
8 0.398986 0.308202 2.22589 300136
8 0.40383 0.292885 2.23327 300168
8 0.406965 0.273996 2.23898 300201
8 0.409225 0.257059 2.24198 300234
8 0.414501 0.241468 2.24487 300265
8 0.420376 0.229109 2.25031 300299
8 0.42411 0.222313 2.25433 300332
8 0.42632 0.218872 2.25464 300365
8 0.427295 0.217476 2.25488 300399
8 0.427328 0.222765 2.25403 300432
8 0.428365 0.231555 2.24874 300467
8 0.429156 0.246084 2.2499 300500
8 0.427728 0.266997 2.24766 300532
8 0.427945 0.291496 2.24193 300566
8 0.426926 0.319969 2.24159 300599
8 0.424861 0.349399 2.23983 300632
8 0.423785 0.379999 2.24342 300665
8 0.425793 0.411204 2.25415 300698
8 0.426161 0.438219 2.26812 300732
8 0.426799 0.461292 2.28478 300764
8 0.430144 0.47727 2.30202 300798
8 0.428413 0.487581 2.31508 300831

9 0.386891 0.407439 2.20713 302242
9 0.387134 0.408001 2.21142 302275
9 0.386941 0.408057 2.21003 302309
9 0.386741 0.407669 2.2093 302342
9 0.387197 0.408149 2.20374 302376
9 0.385715 0.40578 2.20483 302410
9 0.381502 0.397478 2.20634 302444
9 0.382282 0.391064 2.21237 302477
9 0.38736 0.382377 2.20973 302511
9 0.391213 0.370434 2.21167 302545
9 0.395529 0.358511 2.2035 302579
9 0.399632 0.343364 2.20838 302597
9 0.40607 0.324776 2.20668 302646
9 0.40972 0.304465 2.20848 302680
9 0.414079 0.281036 2.2153 302697
9 0.417661 0.264204 2.22527 302748
9 0.420867 0.248598 2.22781 302765
9 0.423716 0.234859 2.233 302799
9 0.426221 0.227289 2.23306 302833
9 0.427955 0.22289 2.23206 302867
9 0.429149 0.220531 2.2315 302901
9 0.429288 0.219995 2.23465 302935
9 0.429381 0.219633 2.23535 302970
9 0.429862 0.222651 2.23392 303004
9 0.430039 0.230979 2.23177 303037
9 0.42961 0.241905 2.23492 303071
9 0.429642 0.258504 2.23447 303105
9 0.429624 0.278575 2.23359 303138
9 0.430571 0.301155 2.22957 303173
9 0.428045 0.324853 2.23037 303205
9 0.428188 0.352443 2.23712 303239
9 0.426417 0.379468 2.24726 303273
9 0.425864 0.406223 2.25701 303305
9 0.426668 0.433973 2.28152 303339
9 0.426536 0.45909 2.30146 303373
9 0.422005 0.477667 2.31784 303407
9 0.423526 0.490759 2.32521 303441
9 0.421226 0.4995 2.33344 303474
9 0.422895 0.505517 2.33378 303507
9 0.424051 0.507656 2.33742 303540
9 0.42201 0.504267 2.33216 303573

10 0.381802 0.391848 2.23941 304871
10 0.381609 0.393237 2.24251 304906
10 0.382484 0.391168 2.23818 304939
10 0.384504 0.389336 2.23603 304972
10 0.384422 0.379498 2.22227 305006
10 0.387328 0.370114 2.21956 305039
10 0.393738 0.358595 2.20806 305072
10 0.396678 0.342691 2.20493 305105
10 0.4018 0.319279 2.21034 305138
10 0.405618 0.298946 2.21592 305172
10 0.407287 0.277712 2.22331 305205
10 0.40939 0.260389 2.22378 305240
10 0.415991 0.241522 2.23126 305272
10 0.419034 0.223237 2.23852 305306
10 0.422816 0.210094 2.24418 305340
10 0.425691 0.202868 2.24401 305374
10 0.425604 0.196699 2.24729 305408
10 0.425507 0.193736 2.2513 305441
10 0.426988 0.194104 2.25373 305475
10 0.427832 0.195854 2.24854 305510
10 0.427164 0.201519 2.24882 305543
10 0.428023 0.210057 2.24865 305578
10 0.428447 0.222723 2.24521 305611
10 0.42893 0.240269 2.24385 305644
10 0.428999 0.259406 2.24245 305676
10 0.428457 0.279018 2.24397 305709
10 0.428273 0.298311 2.23683 305743
10 0.427374 0.32519 2.24005 305778
10 0.42539 0.352188 2.23946 305812
10 0.424636 0.382785 2.24807 305845
10 0.424514 0.410701 2.26304 305878
10 0.424693 0.436667 2.28222 305912
10 0.424823 0.461026 2.29372 305946
10 0.424179 0.481922 2.30296 305979
10 0.424465 0.497367 2.31563 306013
10 0.422757 0.512459 2.32243 306046
10 0.423325 0.520894 2.33184 306080

11 0.380121 0.399794 2.2401 307204
11 0.381814 0.401741 2.24002 307236
11 0.381317 0.400109 2.23776 307269
11 0.381914 0.39378 2.24353 307319
11 0.382444 0.389217 2.2427 307335
11 0.383673 0.383341 2.23795 307368
11 0.387349 0.37309 2.23069 307416
11 0.391108 0.361561 2.2275 307449
11 0.394023 0.343412 2.2258 307482
11 0.396136 0.32429 2.2272 307516
11 0.400053 0.307776 2.22959 307547
11 0.406078 0.29015 2.23359 307582
11 0.408239 0.272223 2.23488 307615
11 0.410426 0.256646 2.23617 307649
11 0.415105 0.241419 2.24202 307682
11 0.42006 0.229882 2.24473 307714
11 0.421367 0.219748 2.24666 307747
11 0.421781 0.214287 2.24391 307780
11 0.4222 0.208929 2.24437 307813
11 0.424217 0.210302 2.24528 307846
11 0.423616 0.209594 2.2447 307879
11 0.425852 0.213123 2.2486 307912
11 0.426149 0.219737 2.24837 307945
11 0.424997 0.231583 2.25286 307978
11 0.424049 0.248125 2.25421 308010
11 0.419597 0.264083 2.25576 308042
11 0.420181 0.285968 2.25463 308074
11 0.417653 0.311264 2.25154 308107
11 0.415613 0.336253 2.25075 308141
11 0.412875 0.362377 2.25002 308174
11 0.411039 0.385342 2.25138 308206
11 0.410867 0.411086 2.26388 308239
11 0.41114 0.435344 2.2853 308271
11 0.40746 0.456262 2.31127 308305
11 0.4135 0.471874 2.32414 308339
11 0.418045 0.481559 2.32907 308373
11 0.4197 0.488292 2.3332 308407
11 0.421444 0.490156 2.33883 308439

12 0.252242 0.392148 2.21655 310643
12 0.252854 0.39165 2.21963 310675
12 0.252152 0.391115 2.21954 310708
12 0.254036 0.391479 2.21465 310741
12 0.25511 0.3866 2.2241 310774
12 0.254475 0.378705 2.21987 310807
12 0.257708 0.373136 2.20679 310840
12 0.259969 0.356568 2.20015 310873
12 0.266452 0.339113 2.19647 310907
12 0.270928 0.320229 2.19385 310939
12 0.276221 0.297716 2.19233 310971
12 0.283053 0.275238 2.19091 311023
12 0.288411 0.254733 2.18544 311039
12 0.291112 0.230871 2.18943 311071
12 0.294396 0.210234 2.19143 311121
12 0.299599 0.189118 2.1911 311154
12 0.303291 0.167981 2.18485 311187
12 0.305695 0.151555 2.18282 311220
12 0.306969 0.138912 2.18706 311252
12 0.307744 0.130313 2.19029 311286
12 0.309148 0.125662 2.1929 311319
12 0.314302 0.123033 2.1862 311354
12 0.313568 0.122303 2.1871 311388
12 0.312054 0.124579 2.18353 311421
12 0.311603 0.133227 2.18203 311437
12 0.310084 0.143973 2.18439 311486
12 0.309054 0.159618 2.18265 311518
12 0.308958 0.180248 2.17981 311550
12 0.309944 0.206089 2.16848 311582
12 0.310345 0.234067 2.16561 311616
12 0.311008 0.269593 2.15959 311649
12 0.310316 0.303581 2.16493 311682
12 0.308132 0.345125 2.17061 311716
12 0.302591 0.385326 2.17864 311748
12 0.298143 0.421645 2.19567 311782
12 0.297639 0.456386 2.22774 311816
12 0.298184 0.489581 2.25571 311849
12 0.29759 0.518896 2.28469 311883
12 0.293814 0.541904 2.30199 311917
12 0.293663 0.560065 2.31729 311950
12 0.291301 0.572633 2.32743 311983
12 0.286257 0.577936 2.33897 312014

