Gesto: 1
0 0.222209 0.344551 1.92213 210961
0 0.220073 0.343136 1.92296 210994
0 0.221754 0.343045 1.91816 211027
0 0.225355 0.341882 1.92582 211060
0 0.226092 0.341357 1.93279 211095
0 0.226595 0.340546 1.94064 211128
0 0.22524 0.333178 1.93773 211160
0 0.224043 0.317849 1.93236 211193
0 0.224821 0.299527 1.92816 211226
0 0.22758 0.275999 1.93009 211260
0 0.228554 0.252537 1.93599 211292
0 0.231626 0.231923 1.93445 211324
0 0.234765 0.211427 1.93813 211357
0 0.238249 0.195927 1.94105 211390
0 0.239954 0.18749 1.94635 211424
0 0.240573 0.18686 1.94771 211457
0 0.241059 0.188177 1.9494 211490
0 0.241007 0.203527 1.93662 211523
0 0.241378 0.221405 1.92646 211557
0 0.240698 0.247904 1.91672 211591
0 0.24103 0.286438 1.9034 211623
0 0.236944 0.332417 1.91328 211656
0 0.238159 0.366057 1.91878 211689
0 0.238563 0.39217 1.9167 211721
0 0.243611 0.407447 1.92024 211753

1 0.314526 0.306284 1.94418 212324
1 0.317382 0.314025 1.94886 212357
1 0.321895 0.319531 1.94827 212389
1 0.324265 0.322575 1.94517 212421
1 0.325178 0.323108 1.94171 212454
1 0.3253 0.310118 1.93448 212504
1 0.326252 0.290343 1.9263 212521
1 0.329859 0.265357 1.93519 212571
1 0.338124 0.243019 1.94588 212589
1 0.344999 0.222867 1.95333 212622
1 0.348202 0.205234 1.95962 212671
1 0.34823 0.194691 1.96284 212705
1 0.353031 0.192778 1.96233 212721
1 0.35528 0.199632 1.964 212772
1 0.35868 0.21627 1.95604 212804
1 0.357303 0.237409 1.94685 212821
1 0.364074 0.2621 1.94899 212872
1 0.359766 0.290617 1.96611 212905
1 0.356812 0.322609 1.97579 212921
1 0.357955 0.351651 1.96874 212971
1 0.358918 0.378038 1.96176 212988
1 0.360027 0.391627 1.96164 213022

2 0.430385 0.28812 1.9663 213598
2 0.435177 0.29498 1.96979 213632
2 0.440484 0.299893 1.96484 213667
2 0.443936 0.302093 1.96502 213700
2 0.448605 0.295713 1.95811 213733
2 0.451932 0.284926 1.94683 213766
2 0.451714 0.267011 1.9395 213800
2 0.454544 0.244914 1.94636 213834
2 0.455703 0.220875 1.95141 213867
2 0.459705 0.199128 1.95369 213899
2 0.461577 0.179478 1.95697 213932
2 0.46604 0.163832 1.96618 213967
2 0.468503 0.154233 1.97756 214002
2 0.471194 0.144364 1.98632 214034
2 0.471193 0.138751 1.9882 214069
2 0.470984 0.140985 1.98551 214102
2 0.470307 0.149249 1.98885 214134
2 0.469368 0.157777 1.97568 214168
2 0.471266 0.174094 1.98006 214202
2 0.472676 0.193949 1.97171 214237
2 0.468816 0.218131 1.95836 214271
2 0.464637 0.249542 1.96461 214304
2 0.467231 0.282781 1.9721 214337
2 0.470177 0.31827 1.97052 214371
2 0.472843 0.348753 1.96198 214388
2 0.471038 0.38097 1.95549 214437
2 0.468589 0.405584 1.94807 214471
2 0.469844 0.421738 1.94218 214504

3 0.550711 0.30951 1.92824 215437
3 0.549345 0.311173 1.92659 215471
3 0.549691 0.310854 1.92357 215504
3 0.551677 0.306602 1.93208 215538
3 0.553141 0.299566 1.93489 215570
3 0.556726 0.287311 1.93293 215604
3 0.559007 0.271333 1.92358 215639
3 0.559649 0.250588 1.92173 215671
3 0.563408 0.231082 1.9264 215703
3 0.566921 0.212191 1.93147 215737
3 0.570282 0.193212 1.93978 215770
3 0.570026 0.1773 1.94532 215804
3 0.573361 0.167452 1.95348 215837
3 0.575413 0.162705 1.95642 215870
3 0.574026 0.161328 1.95288 215905
3 0.577303 0.169383 1.9574 215938
3 0.577721 0.179544 1.94842 215955
3 0.576689 0.196287 1.92923 216005
3 0.577289 0.217597 1.92437 216039
3 0.574713 0.256698 1.93803 216073
3 0.575405 0.285714 1.94014 216106
3 0.576201 0.317574 1.93427 216137
3 0.577991 0.35016 1.93052 216171
3 0.580172 0.377768 1.92339 216205
3 0.578743 0.405079 1.92156 216238
3 0.57742 0.421139 1.91925 216271
3 0.577313 0.428864 1.91724 216303

4 0.663191 0.292279 1.89486 217396
4 0.665715 0.294403 1.89242 217429
4 0.669195 0.292121 1.88958 217462
4 0.674682 0.291127 1.89158 217495
4 0.676204 0.286645 1.89128 217529
4 0.677974 0.276245 1.8965 217563
4 0.679046 0.263646 1.89755 217596
4 0.680745 0.248514 1.90339 217630
4 0.683016 0.230656 1.90727 217665
4 0.685947 0.207105 1.905 217699
4 0.689102 0.186617 1.90599 217733
4 0.692094 0.166549 1.91292 217764
4 0.695293 0.153904 1.92318 217799
4 0.697184 0.147124 1.92955 217831
4 0.701589 0.143402 1.93511 217864
4 0.703749 0.145502 1.93514 217896
4 0.70663 0.153161 1.93115 217930
4 0.702277 0.166805 1.91411 217964
4 0.697864 0.187583 1.89781 217997
4 0.696603 0.214346 1.89459 218031
4 0.702151 0.248735 1.89493 218065
4 0.706783 0.28573 1.8925 218099
4 0.704779 0.325467 1.89078 218133
4 0.702689 0.364378 1.882 218167
4 0.701026 0.393782 1.88033 218201
4 0.699065 0.416226 1.8794 218234
4 0.698245 0.427935 1.874 218267

5 0.61362 0.560211 1.89794 218935
5 0.609582 0.572024 1.89553 218968
5 0.606883 0.582036 1.89175 219001
5 0.606485 0.586786 1.89236 219035
5 0.605012 0.587159 1.88455 219070
5 0.607094 0.579786 1.87669 219102
5 0.608624 0.562884 1.87666 219135
5 0.609498 0.5392 1.88244 219169
5 0.613638 0.514469 1.8874 219203
5 0.616087 0.492644 1.89301 219235
5 0.613927 0.474703 1.8969 219269
5 0.614681 0.458243 1.88442 219302
5 0.616834 0.446927 1.88389 219336
5 0.624039 0.448056 1.89146 219369
5 0.62991 0.458727 1.8924 219402
5 0.631944 0.473249 1.89879 219437
5 0.631821 0.496681 1.89573 219471
5 0.633718 0.532597 1.8874 219504
5 0.635878 0.56876 1.88475 219538
5 0.638706 0.604937 1.88707 219571
5 0.638062 0.642348 1.8968 219604
5 0.638164 0.669758 1.90536 219638
5 0.637109 0.682679 1.91138 219672
5 0.637686 0.686623 1.90858 219706

6 0.474684 0.577456 1.94766 220432
6 0.465365 0.586021 1.94205 220467
6 0.455048 0.590996 1.93926 220501
6 0.448521 0.592305 1.93635 220533
6 0.44338 0.586679 1.9306 220567
6 0.436915 0.578759 1.91386 220601
6 0.433763 0.560536 1.89975 220634
6 0.434351 0.528988 1.89745 220667
6 0.432396 0.497624 1.90283 220701
6 0.430799 0.470698 1.90209 220734
6 0.431413 0.451306 1.90325 220768
6 0.432479 0.435275 1.89959 220801
6 0.435527 0.427297 1.89471 220835
6 0.43545 0.430237 1.89671 220869
6 0.436491 0.439229 1.90522 220902
6 0.43519 0.458151 1.91197 220935
6 0.435423 0.482903 1.91028 220969
6 0.435516 0.518857 1.90519 221001
6 0.434141 0.565416 1.90174 221035
6 0.432723 0.603637 1.90487 221067
6 0.433182 0.635373 1.91888 221100
6 0.434774 0.656239 1.92935 221134
6 0.437303 0.670868 1.93508 221167

7 0.279457 0.539006 1.96206 222409
7 0.280592 0.536288 1.9706 222444
7 0.27968 0.53844 1.96747 222476
7 0.280326 0.53822 1.96781 222510
7 0.279691 0.53575 1.96338 222544
7 0.279733 0.530731 1.95562 222576
7 0.2794 0.519555 1.95006 222610
7 0.280884 0.504312 1.93626 222644
7 0.282085 0.486717 1.93109 222677
7 0.287728 0.465128 1.93982 222710
7 0.291808 0.446296 1.95199 222743
7 0.293767 0.430055 1.94577 222777
7 0.296151 0.415784 1.95096 222809
7 0.295536 0.405719 1.94504 222842
7 0.297581 0.399684 1.93461 222874
7 0.297536 0.398512 1.94117 222908
7 0.297899 0.404117 1.94653 222941
7 0.302103 0.412958 1.95951 222973
7 0.299619 0.428511 1.95824 223007
7 0.295929 0.455241 1.9486 223040
7 0.29555 0.488094 1.94181 223073
7 0.294139 0.526766 1.93589 223106
7 0.293812 0.565549 1.94426 223139
7 0.292196 0.601282 1.95829 223172
7 0.290942 0.629672 1.97772 223206
7 0.292283 0.649118 1.99879 223240
7 0.292892 0.663259 2.01057 223275
7 0.296117 0.669426 2.013 223306
7 0.296796 0.672801 2.0113 223338

8 0.18504 0.51758 2.14461 224609
8 0.183604 0.52161 2.14709 224642
8 0.183682 0.527055 2.14617 224676
8 0.182288 0.531438 2.15136 224710
8 0.182575 0.53316 2.15036 224744
8 0.18323 0.529671 2.14703 224778
8 0.185592 0.519932 2.14447 224811
8 0.189024 0.512619 2.12483 224844
8 0.187442 0.495358 2.11804 224878
8 0.192542 0.469118 2.12223 224912
8 0.197744 0.443655 2.12991 224946
8 0.20149 0.419972 2.12226 224980
8 0.205047 0.399038 2.12818 225013
8 0.209337 0.385422 2.12692 225046
8 0.21203 0.37609 2.11912 225080
8 0.214166 0.372884 2.11128 225114
8 0.213787 0.379311 2.09868 225147
8 0.211002 0.392113 2.10143 225165
8 0.211326 0.424055 2.12007 225199
8 0.213056 0.461739 2.12498 225249
8 0.214219 0.508235 2.12585 225266
8 0.213599 0.557885 2.12592 225299
8 0.212337 0.599021 2.14145 225334
8 0.212575 0.628954 2.15489 225366
8 0.214658 0.64688 2.17128 225400
8 0.217483 0.657849 2.17835 225433
8 0.219345 0.663795 2.17916 225466

9 0.115284 0.382367 2.10633 226269
9 0.10554 0.382637 2.0941 226303
9 0.105574 0.378116 2.08438 226336
9 0.100694 0.367098 2.06686 226369
9 0.0977406 0.353857 2.05136 226404
9 0.0955956 0.327556 2.04318 226436
9 0.098037 0.288959 2.05664 226468
9 0.104195 0.253401 2.07864 226503
9 0.105601 0.219714 2.09641 226536
9 0.106261 0.18682 2.11274 226570
9 0.108161 0.163643 2.12302 226605
9 0.109743 0.150494 2.13146 226638
9 0.110705 0.14374 2.13478 226673
9 0.110601 0.140836 2.13162 226706
9 0.113441 0.148917 2.11915 226737
9 0.113558 0.166721 2.09646 226769
9 0.109872 0.19447 2.07114 226802
9 0.107138 0.236152 2.03802 226835
9 0.112536 0.281675 2.01044 226884
9 0.109799 0.336204 1.99735 226917
9 0.106598 0.383191 1.98721 226933
9 0.103254 0.41961 1.98348 226983
9 0.103344 0.437204 1.98802 227016
9 0.101191 0.447649 1.98533 227034

10 0.0887877 0.658011 2.09619 227701
10 0.0913383 0.664696 2.10725 227736
10 0.089572 0.674418 2.10279 227769
10 0.0925966 0.680605 2.09487 227802
10 0.0931084 0.677323 2.09792 227835
10 0.0952949 0.670174 2.09929 227884
10 0.0973042 0.6505 2.09931 227900
10 0.0985363 0.627893 2.09441 227933
10 0.101109 0.597736 2.09399 227984
10 0.106439 0.55799 2.10698 228000
10 0.108587 0.529574 2.10769 228050
10 0.113879 0.506448 2.10818 228083
10 0.118317 0.495048 2.113 228101
10 0.11976 0.507033 2.10927 228151
10 0.120256 0.5299 2.11765 228168
10 0.122911 0.565721 2.1159 228201
10 0.124138 0.613616 2.12969 228249
10 0.124392 0.662892 2.14023 228283
10 0.122046 0.704592 2.15567 228315
10 0.121037 0.737517 2.17382 228348
10 0.122334 0.754076 2.18608 228381
10 0.123636 0.764719 2.1974 228414

