Gesto: 1
0 0.448298 0.440845 1.56184 469007
0 0.44806 0.440528 1.55962 469041
0 0.447956 0.440604 1.5549 469074
0 0.447079 0.43953 1.55532 469106
0 0.446777 0.43635 1.556 469140
0 0.446718 0.430739 1.55596 469173
0 0.447923 0.423836 1.55485 469207
0 0.447995 0.417047 1.55223 469241
0 0.449209 0.409804 1.54867 469275
0 0.44992 0.398639 1.54399 469309
0 0.450883 0.388068 1.54251 469342
0 0.451473 0.376694 1.53869 469374
0 0.4517 0.367199 1.53833 469408
0 0.453708 0.358945 1.53828 469442
0 0.454317 0.35155 1.53448 469474
0 0.455162 0.345998 1.53525 469508
0 0.457039 0.339014 1.53499 469542
0 0.4576 0.33499 1.53294 469576
0 0.45829 0.332935 1.53469 469610
0 0.458382 0.330925 1.53537 469643
0 0.458355 0.330976 1.53582 469677
0 0.458186 0.331679 1.53351 469711
0 0.457893 0.334718 1.53333 469745
0 0.458784 0.339417 1.53324 469778
0 0.458905 0.346095 1.53479 469812
0 0.45797 0.354041 1.5332 469845
0 0.457706 0.36324 1.53262 469878
0 0.460373 0.3735 1.5342 469912
0 0.461962 0.385293 1.53861 469946
0 0.463418 0.396029 1.54313 469980
0 0.464017 0.406692 1.54661 470014
0 0.464591 0.417431 1.54716 470048
0 0.464655 0.429121 1.5479 470082
0 0.465003 0.438945 1.54965 470115
0 0.465532 0.449174 1.55083 470148
0 0.465868 0.457863 1.55404 470183
0 0.465851 0.467035 1.5561 470216
0 0.46567 0.474094 1.55901 470249
0 0.465334 0.482428 1.56506 470282
0 0.465396 0.487447 1.56784 470316
0 0.467734 0.493759 1.5754 470350
0 0.467499 0.499563 1.57859 470383
0 0.467357 0.503333 1.57941 470417
0 0.466329 0.507011 1.58138 470451
0 0.466692 0.511031 1.58263 470484
0 0.467503 0.512175 1.58692 470517
0 0.467246 0.514565 1.59032 470551
0 0.46795 0.515233 1.5934 470584
0 0.470244 0.514519 1.59507 470616
0 0.470071 0.515789 1.59943 470649
0 0.468597 0.516164 1.6014 470682
0 0.467502 0.516626 1.60094 470715
0 0.467259 0.517176 1.60235 470747
0 0.466414 0.518514 1.60234 470780
0 0.466025 0.519494 1.6014 470812
0 0.466052 0.520052 1.60407 470846
0 0.465993 0.520089 1.60665 470878
0 0.465984 0.521224 1.60841 470912

1 0.49229 0.4429 1.54863 472284
1 0.49241 0.443069 1.5488 472317
1 0.491515 0.442945 1.54867 472351
1 0.490096 0.440714 1.54304 472385
1 0.491114 0.436756 1.54208 472419
1 0.491134 0.434183 1.54163 472451
1 0.489626 0.429003 1.53586 472485
1 0.488814 0.420671 1.53236 472518
1 0.48869 0.412785 1.53097 472551
1 0.488661 0.405126 1.52962 472585
1 0.48874 0.395512 1.52665 472618
1 0.488907 0.386097 1.52427 472653
1 0.489995 0.377051 1.52093 472686
1 0.490671 0.368835 1.52109 472720
1 0.489531 0.362405 1.51924 472754
1 0.489819 0.355198 1.51961 472788
1 0.490735 0.350113 1.51995 472821
1 0.492135 0.34504 1.52519 472854
1 0.493111 0.33994 1.52612 472888
1 0.494681 0.33695 1.5238 472921
1 0.495363 0.334952 1.5203 472938
1 0.495231 0.333915 1.51972 472989
1 0.495704 0.332988 1.51998 473007
1 0.496596 0.334889 1.51814 473041
1 0.496961 0.339211 1.51692 473074
1 0.497671 0.344615 1.51933 473108
1 0.497292 0.351602 1.51762 473142
1 0.498408 0.358207 1.51982 473176
1 0.499278 0.367594 1.52012 473210
1 0.499518 0.378516 1.5217 473244
1 0.499633 0.388745 1.526 473278
1 0.50082 0.401474 1.52928 473311
1 0.500438 0.413355 1.53053 473345
1 0.502406 0.422536 1.53211 473378
1 0.504061 0.433219 1.53468 473412
1 0.504547 0.444083 1.53674 473446
1 0.504859 0.454169 1.54245 473480
1 0.504416 0.46138 1.54564 473514
1 0.505135 0.467225 1.54856 473548
1 0.504917 0.473979 1.5533 473581
1 0.506023 0.481007 1.55776 473615
1 0.506352 0.483502 1.55855 473647
1 0.504951 0.490024 1.56252 473681
1 0.503968 0.495662 1.56665 473715
1 0.502536 0.50235 1.56811 473748
1 0.502565 0.505945 1.57066 473781
1 0.503055 0.509041 1.57492 473815
1 0.502958 0.512524 1.57918 473849
1 0.502978 0.516532 1.58235 473882
1 0.502045 0.519219 1.58171 473916
1 0.502042 0.522262 1.58149 473950
1 0.502411 0.524799 1.58321 473984

2 0.526671 0.432626 1.53789 475382
2 0.526165 0.435393 1.5347 475416
2 0.525974 0.435376 1.53682 475448
2 0.525275 0.43725 1.5377 475480
2 0.526194 0.436019 1.53945 475513
2 0.526311 0.435367 1.53581 475546
2 0.526755 0.433909 1.53751 475578
2 0.526706 0.431224 1.53642 475610
2 0.52696 0.426507 1.53474 475643
2 0.527425 0.420984 1.53059 475693
2 0.526447 0.415488 1.52461 475710
2 0.526364 0.408689 1.51844 475743
2 0.526163 0.404181 1.51619 475793
2 0.526767 0.398372 1.5151 475810
2 0.527565 0.392851 1.51494 475844
2 0.52703 0.384739 1.51118 475878
2 0.527424 0.378739 1.51247 475912
2 0.527622 0.375851 1.51269 475945
2 0.527269 0.373277 1.51254 475978
2 0.527453 0.367236 1.50969 476013
2 0.528876 0.362021 1.50467 476046
2 0.528884 0.358787 1.50692 476079
2 0.529721 0.354751 1.50825 476113
2 0.530597 0.351846 1.50935 476147
2 0.530431 0.348214 1.5099 476181
2 0.530021 0.346657 1.50884 476215
2 0.531899 0.347382 1.51144 476248
2 0.530782 0.34735 1.51012 476282
2 0.5317 0.347378 1.50827 476315
2 0.532268 0.349306 1.50943 476350
2 0.532787 0.354091 1.50861 476383
2 0.53346 0.358197 1.51054 476416
2 0.532913 0.363854 1.51136 476450
2 0.533264 0.369642 1.51409 476484
2 0.535045 0.377319 1.51581 476518
2 0.535768 0.385482 1.51692 476551
2 0.53619 0.393274 1.5218 476585
2 0.536312 0.401279 1.52535 476618
2 0.537105 0.408773 1.53087 476652
2 0.536985 0.417708 1.53263 476686
2 0.537162 0.424453 1.53812 476720
2 0.536852 0.432115 1.53916 476753
2 0.536874 0.439787 1.54507 476787
2 0.537189 0.445386 1.54785 476820
2 0.538393 0.451558 1.54961 476854
2 0.537946 0.457918 1.55638 476888
2 0.537601 0.4632 1.55918 476922
2 0.539155 0.46747 1.56254 476955
2 0.539146 0.472685 1.56557 476988
2 0.538216 0.477441 1.56757 477022
2 0.539086 0.481332 1.57005 477056
2 0.538667 0.484435 1.57267 477090
2 0.538229 0.486336 1.57557 477124
2 0.538136 0.487743 1.57525 477158
2 0.538804 0.489846 1.57863 477192
2 0.538911 0.490484 1.58076 477209

3 0.666738 0.302828 1.55574 483364
3 0.666207 0.301313 1.55538 483396
3 0.665846 0.300811 1.55558 483430
3 0.665249 0.30083 1.55488 483463
3 0.664731 0.299779 1.55613 483497
3 0.665642 0.297945 1.55457 483530
3 0.665459 0.293334 1.55492 483563
3 0.664892 0.289348 1.55495 483597
3 0.664322 0.284096 1.55532 483631
3 0.664091 0.277598 1.55673 483663
3 0.663753 0.270917 1.5579 483697
3 0.663917 0.263447 1.55814 483731
3 0.664507 0.254105 1.5588 483748
3 0.664257 0.247106 1.56092 483797
3 0.664716 0.238224 1.56388 483831
3 0.664624 0.230451 1.56852 483848
3 0.664446 0.223808 1.57197 483900
3 0.664783 0.21652 1.57494 483917
3 0.663565 0.212466 1.5796 483951
3 0.662108 0.209057 1.58353 483985
3 0.661761 0.207626 1.58683 484018
3 0.661569 0.20673 1.58988 484053
3 0.661981 0.207399 1.59028 484085
3 0.664114 0.207472 1.58918 484120
3 0.665778 0.208656 1.58573 484153
3 0.666694 0.214387 1.58389 484186
3 0.666828 0.22408 1.58218 484220
3 0.66725 0.232302 1.5772 484254
3 0.670123 0.242054 1.57284 484286
3 0.671971 0.254506 1.57568 484320
3 0.673589 0.267624 1.57269 484354
3 0.675109 0.277584 1.56819 484388
3 0.675573 0.287953 1.56516 484422
3 0.676806 0.301198 1.56511 484456
3 0.67728 0.315172 1.56549 484490
3 0.676978 0.329052 1.56717 484524
3 0.676994 0.342229 1.56877 484558
3 0.676636 0.353561 1.57068 484592
3 0.676769 0.36554 1.57332 484627
3 0.676516 0.378041 1.57407 484660
3 0.677032 0.388669 1.57486 484694
3 0.676796 0.397756 1.57567 484727
3 0.678779 0.407166 1.57115 484760
3 0.677288 0.41655 1.57638 484794

4 0.308083 0.323782 1.24237 494007
4 0.305412 0.323661 1.24167 494039
4 0.303932 0.32358 1.24073 494074
4 0.303174 0.323623 1.23948 494108
4 0.303019 0.322614 1.23632 494124
4 0.301923 0.321196 1.23386 494158
4 0.300881 0.318348 1.23142 494209
4 0.301062 0.312942 1.22931 494226
4 0.300943 0.307049 1.22582 494259
4 0.301335 0.300652 1.2242 494293
4 0.302144 0.292161 1.22244 494326
4 0.302245 0.284471 1.22076 494360
4 0.303722 0.276602 1.22034 494394
4 0.303868 0.267854 1.22122 494427
4 0.305802 0.259312 1.22291 494460
4 0.306608 0.252575 1.22353 494492
4 0.307396 0.242549 1.22275 494526
4 0.307845 0.232781 1.2242 494560
4 0.307897 0.223571 1.22553 494593
4 0.308101 0.216136 1.22781 494627
4 0.310751 0.215732 1.22923 494676
4 0.311456 0.214187 1.22814 494693
4 0.311807 0.212815 1.226 494727
4 0.311858 0.212983 1.22464 494776
4 0.311931 0.210927 1.22731 494793
4 0.311523 0.211018 1.22753 494826
4 0.311852 0.216353 1.22495 494876
4 0.311447 0.223715 1.22206 494893
4 0.311324 0.233336 1.21794 494926
4 0.311382 0.242778 1.21503 494960
4 0.310773 0.255213 1.21203 494994
4 0.310584 0.267845 1.20818 495027
4 0.310134 0.278923 1.20571 495061
4 0.310082 0.291735 1.20337 495094
4 0.310206 0.306429 1.20518 495128
4 0.309218 0.319796 1.20478 495162
4 0.307945 0.334038 1.20481 495197
4 0.307388 0.346648 1.20536 495229
4 0.306491 0.35798 1.20447 495263
4 0.30575 0.368706 1.20526 495297
4 0.306933 0.378564 1.20856 495331
4 0.306761 0.387993 1.21151 495365
4 0.305668 0.396457 1.21434 495399
4 0.304939 0.404443 1.21744 495432
4 0.304719 0.412665 1.21967 495466
4 0.304259 0.42075 1.22254 495499
4 0.30503 0.427743 1.22586 495532
4 0.304993 0.434114 1.23035 495565
4 0.305376 0.43951 1.23086 495598
4 0.306066 0.443538 1.23166 495632

5 0.374382 0.355522 1.38385 509573
5 0.374763 0.35629 1.38474 509607
5 0.37504 0.356 1.38621 509640
5 0.376177 0.35412 1.38594 509673
5 0.376424 0.351382 1.38417 509707
5 0.376602 0.344898 1.38169 509741
5 0.377966 0.336582 1.37996 509773
5 0.378307 0.329134 1.38015 509806
5 0.379523 0.321697 1.38012 509839
5 0.38098 0.312234 1.37937 509872
5 0.382212 0.304054 1.38077 509906
5 0.384181 0.295488 1.38174 509940
5 0.385405 0.285284 1.3808 509974
5 0.385863 0.276545 1.3825 510007
5 0.38626 0.268612 1.38245 510041
5 0.387237 0.262902 1.38364 510075
5 0.388543 0.256072 1.38606 510109
5 0.38974 0.252603 1.38616 510143
5 0.390226 0.250273 1.38801 510176
5 0.389288 0.250297 1.38727 510210
5 0.388509 0.251273 1.38663 510244
5 0.388418 0.254398 1.38402 510278
5 0.388197 0.259061 1.38158 510311
5 0.387596 0.26576 1.37918 510346
5 0.386983 0.272406 1.37766 510379
5 0.38672 0.281424 1.37786 510413
5 0.386634 0.290777 1.3761 510447
5 0.386368 0.301325 1.37549 510480
5 0.384988 0.31063 1.37324 510514
5 0.38367 0.320824 1.3711 510548
5 0.383045 0.330249 1.37052 510582
5 0.382729 0.341335 1.37023 510615
5 0.381562 0.350369 1.37116 510649
5 0.382105 0.36085 1.37264 510683
5 0.381095 0.371607 1.37591 510714
5 0.381546 0.382102 1.37732 510748
5 0.380332 0.392549 1.38109 510782
5 0.380814 0.401005 1.38177 510815
5 0.381092 0.410654 1.38681 510848
5 0.382199 0.419011 1.39157 510882
5 0.383304 0.427843 1.39444 510916
5 0.382263 0.433969 1.39684 510950
5 0.382854 0.440236 1.40063 510984
5 0.382864 0.445141 1.40273 511017
5 0.38374 0.451258 1.40519 511051
5 0.383342 0.457538 1.40834 511084
5 0.382939 0.460555 1.40836 511117
5 0.383172 0.46284 1.40837 511151

6 0.584816 0.491174 1.4886 524359
6 0.584615 0.489975 1.48563 524392
6 0.58453 0.48803 1.48337 524426
6 0.584779 0.484528 1.48318 524458
6 0.585308 0.480589 1.47974 524491
6 0.588425 0.473156 1.47632 524525
6 0.589803 0.466521 1.47266 524559
6 0.590947 0.45839 1.47068 524594
6 0.591353 0.448718 1.4636 524628
6 0.591885 0.43823 1.45934 524661
6 0.592785 0.43115 1.45607 524696
6 0.592424 0.427052 1.45507 524729
6 0.593819 0.423851 1.45633 524764
6 0.596608 0.420744 1.45485 524798
6 0.598621 0.419538 1.45334 524832
6 0.599961 0.419998 1.45379 524865
6 0.600116 0.422196 1.45602 524900
6 0.600694 0.42749 1.45863 524916
6 0.601248 0.433806 1.45896 524967
6 0.602482 0.441719 1.46272 525000
6 0.602625 0.45084 1.46782 525017
6 0.603353 0.4583 1.47125 525066
6 0.603447 0.467 1.47738 525099
6 0.603526 0.477151 1.48291 525116
6 0.6022 0.488047 1.49028 525166
6 0.602381 0.496952 1.49648 525184
6 0.600885 0.506998 1.50581 525217
6 0.599427 0.515035 1.51221 525265
6 0.599062 0.522249 1.52034 525297
6 0.599337 0.530656 1.5301 525331
6 0.599221 0.536961 1.53675 525364
6 0.598449 0.542962 1.54317 525398
6 0.599385 0.550407 1.55017 525415
6 0.599477 0.555393 1.55786 525465
6 0.599294 0.559184 1.56432 525498
6 0.598877 0.565263 1.57141 525531
6 0.598686 0.568965 1.57774 525563
6 0.597852 0.572415 1.58319 525596
6 0.595572 0.575201 1.58698 525629
6 0.59373 0.577841 1.59044 525663
6 0.592942 0.579282 1.59539 525696
6 0.592514 0.579732 1.59688 525730

7 0.30488 0.476372 1.47505 534495
7 0.305967 0.472898 1.46931 534528
7 0.307106 0.468612 1.46533 534562
7 0.307555 0.465122 1.46096 534596
7 0.308815 0.459655 1.45422 534631
7 0.309121 0.454458 1.4492 534663
7 0.310545 0.448564 1.44441 534696
7 0.311078 0.442283 1.43926 534729
7 0.31236 0.435834 1.4338 534761
7 0.313134 0.428345 1.42946 534795
7 0.314247 0.419425 1.42561 534829
7 0.315244 0.411596 1.42022 534863
7 0.315798 0.403663 1.41732 534896
7 0.317461 0.397628 1.41427 534930
7 0.319345 0.393786 1.41299 534963
7 0.321829 0.391439 1.41237 534996
7 0.321477 0.390632 1.41386 535029
7 0.321816 0.392562 1.41553 535063
7 0.32204 0.395606 1.41769 535095
7 0.321913 0.402601 1.4191 535128
7 0.321328 0.408277 1.42233 535161
7 0.320808 0.417376 1.42535 535195
7 0.320428 0.427149 1.42882 535227
7 0.319812 0.438827 1.43438 535261
7 0.319262 0.451512 1.4404 535295
7 0.318805 0.463551 1.44787 535329
7 0.319179 0.474749 1.4552 535363
7 0.318736 0.485199 1.46511 535397
7 0.31888 0.496558 1.47348 535431
7 0.318911 0.506793 1.48357 535464
7 0.319903 0.51922 1.49549 535499
7 0.321183 0.528312 1.50636 535532
7 0.32161 0.538336 1.51484 535566
7 0.320885 0.547366 1.52792 535600
7 0.321408 0.5537 1.53734 535634
7 0.324046 0.56014 1.54665 535668
7 0.325191 0.566001 1.55659 535702
7 0.327085 0.570961 1.56293 535736
7 0.325904 0.57502 1.56954 535770

8 0.209474 0.442704 1.6743 538565
8 0.208829 0.441998 1.67498 538597
8 0.210045 0.439566 1.67419 538629
8 0.208493 0.436661 1.67446 538664
8 0.209302 0.434499 1.67236 538697
8 0.208726 0.428068 1.66988 538730
8 0.209542 0.419993 1.66662 538763
8 0.20883 0.412606 1.66323 538813
8 0.208997 0.402848 1.65763 538829
8 0.209065 0.393288 1.65822 538879
8 0.209576 0.384804 1.65442 538896
8 0.207556 0.374944 1.65262 538929
8 0.207349 0.369181 1.65065 538979
8 0.205946 0.36475 1.64789 538996
8 0.205364 0.362018 1.64544 539029
8 0.205047 0.360742 1.64394 539079
8 0.204347 0.360198 1.64273 539113
8 0.204149 0.359976 1.64081 539129
8 0.205239 0.361767 1.64155 539178
8 0.206263 0.363462 1.63863 539196
8 0.206826 0.375895 1.64328 539230
8 0.207543 0.383623 1.64156 539264
8 0.208393 0.38782 1.64168 539298
8 0.209222 0.395121 1.64343 539331
8 0.211004 0.401866 1.64285 539365
8 0.212558 0.408869 1.64393 539399
8 0.213476 0.421904 1.65519 539432
8 0.214103 0.435691 1.66216 539466
8 0.214933 0.446282 1.66776 539500
8 0.216934 0.457687 1.67542 539534
8 0.216867 0.470324 1.68596 539567
8 0.215537 0.48222 1.69263 539601
8 0.21511 0.491742 1.69675 539634
8 0.215841 0.50131 1.70883 539667
8 0.21729 0.513145 1.72426 539701
8 0.215803 0.521415 1.72979 539734

9 0.227307 0.294897 1.64308 541274
9 0.229276 0.294046 1.64051 541308
9 0.229632 0.291665 1.64048 541341
9 0.230785 0.2901 1.63862 541375
9 0.232105 0.283734 1.63685 541410
9 0.235315 0.277492 1.63471 541443
9 0.236395 0.269423 1.63399 541476
9 0.236944 0.258366 1.63453 541509
9 0.237648 0.247058 1.63479 541542
9 0.237744 0.238329 1.63716 541574
9 0.237631 0.233558 1.63723 541607
9 0.238567 0.232338 1.63871 541640
9 0.242686 0.231735 1.6371 541672
9 0.243913 0.236724 1.63984 541704
9 0.24556 0.245344 1.63643 541736
9 0.246528 0.256479 1.63383 541770
9 0.249519 0.266736 1.62452 541802
9 0.251041 0.282039 1.62505 541836
9 0.252182 0.298481 1.62788 541868
9 0.253291 0.315195 1.62613 541900
9 0.254539 0.330074 1.6187 541934
9 0.257161 0.345469 1.62141 541966
9 0.25886 0.361177 1.628 542014
9 0.259971 0.380597 1.63673 542046

10 0.432655 0.323352 1.69078 543576
10 0.435299 0.32334 1.68847 543610
10 0.438064 0.320914 1.68511 543643
10 0.441352 0.317124 1.68116 543677
10 0.443391 0.308869 1.676 543711
10 0.443325 0.299196 1.67371 543744
10 0.443471 0.28801 1.67177 543778
10 0.44437 0.277958 1.6724 543812
10 0.444639 0.265695 1.67585 543846
10 0.446312 0.252751 1.67982 543880
10 0.445764 0.243967 1.68135 543914
10 0.445587 0.238924 1.68314 543948
10 0.445536 0.236444 1.68417 543982
10 0.446091 0.235199 1.68397 544015
10 0.449603 0.23664 1.68843 544048
10 0.451651 0.243211 1.69068 544081
10 0.453236 0.251078 1.69206 544113
10 0.454149 0.259748 1.6915 544146
10 0.455745 0.268902 1.69006 544179
10 0.457009 0.280164 1.68984 544211
10 0.457715 0.29367 1.68849 544243
10 0.458211 0.307921 1.68967 544276
10 0.457972 0.32243 1.6926 544309
10 0.457531 0.337012 1.69738 544342
10 0.456876 0.352096 1.70461 544375
10 0.456421 0.367427 1.70945 544408
10 0.455702 0.381832 1.71772 544441
10 0.453172 0.398319 1.72404 544473
10 0.451849 0.411413 1.73044 544507
10 0.451091 0.422903 1.73557 544540

