Gesto: 1
0 0.482717 0.363653 1.80194 382453
0 0.482698 0.363623 1.80314 382486
0 0.483086 0.363976 1.8004 382520
0 0.483129 0.363664 1.79841 382554
0 0.484144 0.362876 1.79805 382588
0 0.485853 0.361954 1.79949 382622
0 0.489695 0.358614 1.7966 382639
0 0.491551 0.356442 1.79256 382690
0 0.493355 0.349872 1.78968 382723
0 0.494547 0.339401 1.78431 382740
0 0.498714 0.327665 1.77884 382790
0 0.502616 0.316203 1.77655 382823
0 0.506731 0.304158 1.77319 382839
0 0.510203 0.292357 1.77015 382889
0 0.513852 0.2765 1.76789 382922
0 0.517586 0.262341 1.76605 382956
0 0.520934 0.250542 1.7643 382990
0 0.522793 0.236563 1.76411 383007
0 0.526212 0.221925 1.76562 383057
0 0.529873 0.212363 1.76874 383090
0 0.531127 0.201509 1.77164 383108
0 0.532404 0.194202 1.77379 383158
0 0.533259 0.189379 1.78038 383175
0 0.53355 0.187143 1.78231 383208
0 0.534019 0.181941 1.78675 383256
0 0.53351 0.177251 1.79225 383289
0 0.533564 0.178392 1.79332 383324
0 0.533456 0.181087 1.79016 383358
0 0.535043 0.184505 1.78639 383390
0 0.535475 0.18942 1.79098 383407
0 0.534779 0.193956 1.79281 383458
0 0.53513 0.202569 1.7859 383474
0 0.535711 0.210304 1.78681 383508
0 0.534353 0.219427 1.78518 383558
0 0.535999 0.226042 1.78975 383592
0 0.537238 0.237276 1.79062 383608
0 0.537112 0.251284 1.79022 383659
0 0.536505 0.266705 1.78983 383675
0 0.536571 0.282958 1.7912 383708
0 0.538332 0.297243 1.79388 383757
0 0.539689 0.313792 1.79743 383791
0 0.540151 0.330483 1.80037 383808
0 0.541335 0.351816 1.80203 383858
0 0.541467 0.373286 1.80768 383892
0 0.542908 0.396918 1.81537 383909
0 0.544039 0.419617 1.82974 383943
0 0.544287 0.439956 1.84204 383976
0 0.542232 0.453387 1.84828 384009
0 0.53913 0.466289 1.85552 384043
0 0.536729 0.473313 1.86236 384076
0 0.535788 0.476732 1.8673 384127
0 0.535514 0.478542 1.87268 384144
0 0.53541 0.479896 1.87271 384178
0 0.53678 0.479919 1.87192 384211

1 0.585801 0.378591 1.78173 386358
1 0.586778 0.376722 1.78029 386391
1 0.589136 0.378559 1.78101 386425
1 0.59119 0.378264 1.78115 386442
1 0.591837 0.375478 1.78008 386492
1 0.593019 0.376679 1.77963 386526
1 0.593156 0.373129 1.77818 386559
1 0.59406 0.369838 1.77783 386592
1 0.595699 0.36704 1.77281 386624
1 0.595693 0.361493 1.76726 386659
1 0.597932 0.35547 1.76187 386692
1 0.601361 0.347519 1.75877 386725
1 0.60518 0.341047 1.7548 386758
1 0.60677 0.331879 1.74724 386793
1 0.609731 0.320993 1.7417 386811
1 0.612703 0.314424 1.73539 386862
1 0.614899 0.304525 1.73364 386879
1 0.616287 0.295238 1.7304 386911
1 0.616816 0.285972 1.7287 386962
1 0.618499 0.276912 1.72677 386979
1 0.619361 0.265254 1.72898 387013
1 0.618165 0.256111 1.72629 387047
1 0.619578 0.247701 1.73221 387081
1 0.620511 0.241186 1.73278 387114
1 0.622191 0.233532 1.73984 387149
1 0.623167 0.226046 1.73841 387182
1 0.624556 0.217556 1.74331 387215
1 0.624201 0.212561 1.74404 387247
1 0.623358 0.208586 1.74648 387279
1 0.624349 0.206009 1.7485 387313
1 0.625021 0.203961 1.75153 387347
1 0.626175 0.202847 1.75337 387380
1 0.628918 0.204257 1.75108 387413
1 0.628582 0.207461 1.74977 387446
1 0.629271 0.206803 1.75566 387479
1 0.627492 0.213119 1.75475 387512
1 0.628577 0.217069 1.75766 387546
1 0.629115 0.225507 1.76013 387595
1 0.630111 0.2376 1.76077 387612
1 0.629594 0.248149 1.76059 387662
1 0.630433 0.258876 1.75909 387679
1 0.629768 0.269675 1.76337 387713
1 0.625947 0.28319 1.75898 387747
1 0.626385 0.293245 1.76475 387781
1 0.626314 0.305554 1.7662 387815
1 0.625883 0.319852 1.77084 387849
1 0.626023 0.334123 1.78043 387882
1 0.626633 0.349868 1.78682 387916
1 0.625439 0.35938 1.78597 387949
1 0.624929 0.375584 1.79784 387982
1 0.624567 0.391608 1.80845 388015
1 0.62677 0.407308 1.81759 388048
1 0.625194 0.422737 1.82801 388081
1 0.62627 0.436269 1.83922 388114
1 0.625518 0.447895 1.84473 388146
1 0.62523 0.459804 1.85661 388179
1 0.626073 0.469176 1.86507 388214
1 0.626926 0.474533 1.87115 388262
1 0.627449 0.477229 1.87463 388278
1 0.629308 0.478856 1.87431 388327
1 0.629934 0.479729 1.87734 388360
1 0.629755 0.479252 1.87817 388392

2 0.508763 0.428924 1.79731 389615
2 0.509783 0.428018 1.79418 389649
2 0.51209 0.428241 1.79466 389683
2 0.513601 0.426086 1.79119 389716
2 0.513008 0.419963 1.78656 389749
2 0.51679 0.41633 1.78135 389783
2 0.519038 0.409993 1.77617 389816
2 0.520597 0.399696 1.76944 389850
2 0.524128 0.390741 1.76176 389884
2 0.527573 0.37715 1.75093 389918
2 0.530266 0.359769 1.7398 389952
2 0.533629 0.345977 1.73239 389986
2 0.535829 0.331179 1.72652 390020
2 0.537529 0.316986 1.71955 390054
2 0.541036 0.305102 1.71835 390087
2 0.543061 0.293373 1.71557 390121
2 0.544121 0.280092 1.714 390155
2 0.544482 0.268304 1.71397 390188
2 0.544832 0.258591 1.71359 390220
2 0.546126 0.251348 1.71489 390253
2 0.545892 0.242734 1.71313 390286
2 0.545894 0.236002 1.71512 390321
2 0.54784 0.231599 1.71517 390354
2 0.548409 0.228145 1.71666 390388
2 0.548627 0.226147 1.71887 390419
2 0.548786 0.225409 1.72213 390452
2 0.548176 0.226574 1.7213 390487
2 0.546998 0.226842 1.72398 390520
2 0.547809 0.229105 1.7254 390554
2 0.547105 0.235771 1.72453 390586
2 0.546345 0.239815 1.7246 390620
2 0.548002 0.246198 1.72607 390654
2 0.548621 0.256673 1.72648 390688
2 0.549715 0.267778 1.7288 390723
2 0.551216 0.279253 1.73145 390756
2 0.550498 0.289207 1.73294 390790
2 0.55076 0.304479 1.73419 390823
2 0.549946 0.316412 1.73739 390856
2 0.552995 0.331027 1.74655 390890
2 0.553881 0.346827 1.75498 390924
2 0.554223 0.361947 1.76224 390959
2 0.554933 0.377541 1.7713 390991
2 0.555315 0.393523 1.78172 391024
2 0.55511 0.409953 1.79236 391057
2 0.553865 0.422967 1.80296 391089
2 0.553459 0.436054 1.81098 391122
2 0.552257 0.446508 1.8171 391156
2 0.550137 0.455309 1.82956 391191
2 0.549515 0.464893 1.83817 391224
2 0.548527 0.472769 1.84543 391258
2 0.548038 0.478696 1.85176 391290
2 0.549884 0.483498 1.85688 391323
2 0.550221 0.485408 1.86338 391357
2 0.550104 0.487734 1.87 391390
2 0.550809 0.490545 1.87744 391423
2 0.553322 0.490183 1.88029 391456
2 0.55334 0.49134 1.87916 391488

3 0.593274 0.432427 1.80053 393420
3 0.593889 0.432282 1.79625 393453
3 0.594513 0.432086 1.79889 393487
3 0.594269 0.430504 1.8001 393520
3 0.596108 0.427113 1.79764 393553
3 0.597886 0.424301 1.79105 393587
3 0.600221 0.422702 1.7874 393620
3 0.602496 0.419395 1.78167 393654
3 0.604539 0.411428 1.7792 393688
3 0.60651 0.406128 1.77301 393721
3 0.610775 0.397512 1.76578 393755
3 0.612232 0.391565 1.76235 393788
3 0.614969 0.382575 1.75664 393822
3 0.61773 0.373078 1.74942 393856
3 0.620298 0.36478 1.74492 393890
3 0.623118 0.354728 1.73973 393925
3 0.625722 0.343123 1.73375 393958
3 0.628062 0.331027 1.72957 393991
3 0.628575 0.320586 1.72793 394024
3 0.630375 0.309707 1.72945 394057
3 0.631429 0.298373 1.72703 394089
3 0.633121 0.29083 1.72782 394122
3 0.633384 0.28309 1.7303 394156
3 0.633393 0.274885 1.73059 394188
3 0.633997 0.270899 1.73077 394221
3 0.6342 0.268269 1.73483 394255
3 0.634777 0.268082 1.73519 394289
3 0.634555 0.267484 1.73683 394321
3 0.632402 0.264246 1.73689 394355
3 0.632785 0.262923 1.73967 394389
3 0.631885 0.266856 1.73855 394422
3 0.632228 0.272327 1.73808 394456
3 0.633924 0.276332 1.73723 394489
3 0.633729 0.283521 1.74035 394522
3 0.632634 0.292333 1.74055 394555
3 0.632663 0.300255 1.73893 394589
3 0.632716 0.311236 1.73913 394623
3 0.631184 0.322182 1.74225 394657
3 0.630797 0.334936 1.74471 394690
3 0.632303 0.345546 1.75359 394723
3 0.632841 0.356538 1.75676 394755
3 0.632153 0.367492 1.76283 394789
3 0.63304 0.378301 1.76936 394823
3 0.631019 0.388942 1.77344 394856
3 0.630036 0.400629 1.78099 394890
3 0.629688 0.410151 1.7868 394923
3 0.629261 0.421921 1.79812 394957
3 0.62767 0.432025 1.80312 394991
3 0.627291 0.441461 1.81226 395024
3 0.626723 0.450692 1.81887 395058
3 0.626669 0.460433 1.82699 395092
3 0.627662 0.469992 1.83468 395124
3 0.626178 0.474625 1.8392 395158
3 0.624316 0.479831 1.84391 395192
3 0.624472 0.4851 1.85161 395225
3 0.625727 0.48867 1.86102 395259
3 0.625534 0.492991 1.86512 395292
3 0.624971 0.49461 1.86184 395326
3 0.624373 0.495112 1.86005 395360
3 0.624457 0.499078 1.86415 395393
3 0.624301 0.498819 1.86353 395427
3 0.624088 0.500728 1.8676 395461
3 0.623496 0.501596 1.86616 395495
3 0.62506 0.503516 1.8661 395528
3 0.627651 0.503953 1.8673 395561
3 0.627753 0.506309 1.87298 395595
3 0.626859 0.50808 1.87834 395628
3 0.628262 0.50801 1.87482 395661
3 0.627285 0.50922 1.87599 395695

4 0.654857 0.332966 1.79395 397534
4 0.654957 0.332756 1.79303 397567
4 0.655392 0.33258 1.79388 397602
4 0.655081 0.332936 1.79504 397635
4 0.657148 0.331187 1.78882 397668
4 0.659024 0.328466 1.78403 397702
4 0.660821 0.326278 1.77965 397735
4 0.661889 0.324705 1.77555 397769
4 0.663494 0.321752 1.77265 397803
4 0.66725 0.316656 1.76664 397820
4 0.669811 0.313408 1.7636 397869
4 0.672117 0.309819 1.75983 397901
4 0.675378 0.304474 1.75913 397933
4 0.678308 0.301549 1.75509 397967
4 0.682236 0.293623 1.75297 398002
4 0.684943 0.285429 1.75424 398035
4 0.687193 0.280657 1.75174 398069
4 0.689626 0.27145 1.74764 398103
4 0.691153 0.264595 1.74721 398119
4 0.693219 0.256837 1.74723 398170
4 0.694499 0.24876 1.74643 398203
4 0.695139 0.240699 1.74808 398219
4 0.696876 0.234088 1.74821 398270
4 0.697287 0.231987 1.75007 398302
4 0.697469 0.228247 1.75003 398335
4 0.697835 0.22355 1.74873 398368
4 0.697014 0.219226 1.7503 398402
4 0.69653 0.219039 1.75141 398435
4 0.695944 0.216906 1.75 398469
4 0.697273 0.214078 1.75125 398502
4 0.698317 0.214663 1.75188 398536
4 0.69936 0.218673 1.75192 398570
4 0.699863 0.222077 1.75187 398586
4 0.699722 0.223599 1.7522 398637
4 0.69943 0.230109 1.74596 398671
4 0.699456 0.234567 1.74523 398687
4 0.699157 0.243108 1.748 398738
4 0.699157 0.255367 1.74899 398771
4 0.698887 0.265596 1.75079 398788
4 0.698167 0.277372 1.75298 398838
4 0.697503 0.288907 1.75361 398855
4 0.697425 0.30248 1.75672 398889
4 0.69779 0.317391 1.75959 398939
4 0.696669 0.330711 1.76202 398955
4 0.695442 0.345947 1.76366 398988
4 0.693109 0.35609 1.76762 399037
4 0.691902 0.368885 1.77126 399069
4 0.690917 0.385682 1.7767 399103
4 0.691525 0.400474 1.783 399136
4 0.691629 0.414766 1.79034 399169
4 0.691754 0.427418 1.79407 399202
4 0.692592 0.43818 1.79387 399236
4 0.693058 0.451002 1.80428 399270
4 0.692466 0.46319 1.81707 399288
4 0.690381 0.469996 1.82621 399339
4 0.690699 0.478716 1.8336 399356
4 0.688832 0.485941 1.84357 399390
4 0.689098 0.490535 1.84818 399423
4 0.687842 0.496882 1.85885 399457
4 0.690912 0.501436 1.86062 399491
4 0.691886 0.505295 1.86129 399524
4 0.689688 0.505074 1.86592 399558
4 0.692394 0.506047 1.86387 399593
4 0.690019 0.505514 1.86702 399626

5 0.432629 0.364083 1.72006 402267
5 0.433883 0.363242 1.71795 402301
5 0.435337 0.362261 1.71603 402334
5 0.436342 0.36011 1.71258 402368
5 0.438412 0.356745 1.70931 402402
5 0.441133 0.351737 1.70861 402436
5 0.445302 0.347685 1.7027 402469
5 0.447809 0.344166 1.6995 402504
5 0.45036 0.336924 1.69598 402537
5 0.455302 0.327617 1.69308 402570
5 0.459466 0.319366 1.68977 402603
5 0.462347 0.308241 1.69051 402637
5 0.468055 0.296417 1.68846 402671
5 0.471296 0.285217 1.68673 402704
5 0.473183 0.270909 1.68557 402738
5 0.47568 0.258651 1.68514 402771
5 0.479342 0.248073 1.68376 402804
5 0.482543 0.237786 1.68519 402838
5 0.484401 0.229211 1.68627 402870
5 0.485735 0.218782 1.68596 402903
5 0.4857 0.211428 1.68893 402936
5 0.487222 0.207653 1.68897 402970
5 0.48695 0.205036 1.69103 403003
5 0.486746 0.203606 1.69396 403036
5 0.487113 0.202983 1.69443 403067
5 0.486398 0.201811 1.6972 403100
5 0.487037 0.206546 1.69676 403133
5 0.488445 0.210652 1.69556 403166
5 0.48832 0.216785 1.69454 403198
5 0.488526 0.225796 1.6979 403233
5 0.488464 0.234706 1.69979 403266
5 0.489441 0.245768 1.6978 403299
5 0.489791 0.255007 1.6973 403333
5 0.489846 0.266718 1.70398 403368
5 0.4915 0.280371 1.70906 403400
5 0.492391 0.294644 1.71415 403432
5 0.494612 0.308415 1.71718 403466
5 0.495006 0.324519 1.72216 403500
5 0.496162 0.338769 1.72583 403534
5 0.496698 0.352877 1.73055 403568
5 0.496295 0.36687 1.73575 403602
5 0.498091 0.384932 1.74801 403634
5 0.498706 0.400654 1.75707 403667
5 0.498809 0.416227 1.76399 403701
5 0.499587 0.430261 1.77313 403734
5 0.501206 0.442264 1.77924 403768
5 0.501482 0.452537 1.78431 403801
5 0.501836 0.457889 1.79037 403834
5 0.504109 0.464276 1.79926 403867
5 0.505258 0.46741 1.8054 403901
5 0.505138 0.467848 1.80386 403935
5 0.505932 0.465326 1.806 403969
5 0.507171 0.464345 1.81034 404002
5 0.506727 0.463455 1.80995 404036

6 0.514665 0.356761 1.69247 406138
6 0.514586 0.35692 1.68956 406171
6 0.516884 0.357673 1.68904 406204
6 0.518164 0.357992 1.68675 406237
6 0.518477 0.355152 1.68327 406270
6 0.519665 0.350655 1.6803 406304
6 0.520128 0.348033 1.678 406336
6 0.522613 0.345766 1.67527 406370
6 0.524938 0.341435 1.67285 406403
6 0.528242 0.336244 1.66872 406436
6 0.530899 0.327677 1.66351 406469
6 0.53288 0.318874 1.65937 406503
6 0.533944 0.309598 1.65528 406536
6 0.535285 0.301383 1.65054 406570
6 0.539127 0.29394 1.64952 406604
6 0.541457 0.284607 1.64792 406637
6 0.543826 0.276866 1.64848 406669
6 0.544606 0.26833 1.64931 406703
6 0.545896 0.258138 1.65157 406736
6 0.546505 0.249283 1.65507 406770
6 0.549267 0.244125 1.65622 406805
6 0.550711 0.238573 1.65627 406838
6 0.550503 0.231179 1.65912 406871
6 0.551536 0.223472 1.66065 406905
6 0.553478 0.216474 1.66227 406937
6 0.553666 0.208878 1.667 406971
6 0.55361 0.203852 1.66776 407003
6 0.55328 0.199856 1.67291 407037
6 0.55324 0.19772 1.67647 407070
6 0.551538 0.196816 1.67368 407102
6 0.550702 0.195173 1.67773 407135
6 0.552859 0.198846 1.67667 407168
6 0.552794 0.203883 1.67701 407201
6 0.553364 0.212541 1.67665 407234
6 0.554415 0.21846 1.67661 407266
6 0.556018 0.225074 1.6759 407299
6 0.555386 0.231945 1.67679 407333
6 0.555047 0.240594 1.6773 407367
6 0.555336 0.245993 1.67792 407399
6 0.554816 0.254391 1.67752 407432
6 0.555045 0.26541 1.68048 407464
6 0.556035 0.275469 1.68105 407497
6 0.557248 0.284033 1.68367 407531
6 0.557471 0.294436 1.68676 407565
6 0.556446 0.302745 1.68687 407600
6 0.556965 0.311364 1.69213 407633
6 0.558532 0.319674 1.69785 407667
6 0.561284 0.330594 1.69983 407701
6 0.560618 0.342224 1.70877 407734
6 0.559841 0.351264 1.71174 407767
6 0.559355 0.362288 1.71673 407800
6 0.561511 0.373463 1.72291 407833
6 0.562215 0.382708 1.72838 407866
6 0.563569 0.391472 1.73481 407899
6 0.562178 0.398204 1.73799 407932
6 0.560774 0.404386 1.74215 407965
6 0.562284 0.413167 1.75288 407998
6 0.563365 0.421427 1.76104 408031
6 0.564923 0.427373 1.76732 408064
6 0.56461 0.432615 1.76974 408098
6 0.564603 0.43768 1.77214 408132
6 0.564757 0.44193 1.77329 408164
6 0.565451 0.44433 1.77747 408198
6 0.562912 0.447112 1.77897 408232
6 0.56461 0.449458 1.78067 408265
6 0.565032 0.449888 1.7827 408299
6 0.564309 0.45159 1.78159 408333
6 0.562689 0.451904 1.78163 408366
6 0.562976 0.452062 1.78628 408400
6 0.562037 0.452183 1.7881 408434
6 0.561342 0.452186 1.78976 408468
6 0.560588 0.45246 1.78627 408501
6 0.560227 0.452922 1.78861 408534
6 0.560481 0.453878 1.7913 408568
6 0.563259 0.455113 1.7961 408602
6 0.56461 0.455998 1.79788 408635
6 0.564959 0.457216 1.79888 408667
6 0.564755 0.458095 1.79966 408699
6 0.565417 0.460061 1.79936 408734

7 0.596708 0.443387 1.76332 410268
7 0.596658 0.439531 1.7569 410302
7 0.59651 0.437241 1.75472 410335
7 0.595715 0.434846 1.75205 410368
7 0.598132 0.433747 1.75277 410402
7 0.599824 0.433666 1.75273 410436
7 0.601924 0.429677 1.7474 410468
7 0.603001 0.424716 1.74122 410501
7 0.605594 0.419758 1.73605 410535
7 0.605878 0.413193 1.72492 410568
7 0.608549 0.404517 1.71619 410601
7 0.610547 0.396798 1.71047 410636
7 0.613227 0.388816 1.70289 410668
7 0.615464 0.380392 1.69437 410702
7 0.61799 0.37154 1.69063 410736
7 0.619159 0.36068 1.68428 410769
7 0.621688 0.347625 1.67916 410803
7 0.6245 0.335364 1.67287 410836
7 0.625891 0.321875 1.67007 410869
7 0.627324 0.311708 1.66988 410901
7 0.630229 0.300804 1.67107 410934
7 0.633194 0.287846 1.67189 410967
7 0.634 0.276832 1.67206 411000
7 0.635345 0.263574 1.67305 411034
7 0.63648 0.252621 1.67457 411066
7 0.637244 0.239771 1.67584 411100
7 0.637665 0.230901 1.67614 411133
7 0.638314 0.222146 1.67809 411167
7 0.638248 0.214362 1.67867 411202
7 0.638618 0.208986 1.68403 411234
7 0.638593 0.206382 1.68458 411267
7 0.638422 0.204818 1.68541 411301
7 0.638573 0.20415 1.686 411334
7 0.639579 0.206068 1.68604 411369
7 0.638663 0.211737 1.68356 411401
7 0.638322 0.21542 1.68404 411434
7 0.639514 0.223179 1.68093 411469
7 0.639845 0.234051 1.67798 411502
7 0.639434 0.242188 1.6792 411536
7 0.637417 0.253699 1.67929 411570
7 0.637511 0.266922 1.67733 411603
7 0.637622 0.28002 1.67942 411637
7 0.638156 0.291304 1.68283 411670
7 0.634935 0.302034 1.68066 411704
7 0.636767 0.31274 1.68691 411737
7 0.635932 0.325831 1.69123 411772
7 0.635872 0.339847 1.69715 411805
7 0.634961 0.354256 1.7042 411839
7 0.633004 0.365138 1.70798 411874
7 0.632702 0.376401 1.71313 411907
7 0.632962 0.387127 1.71896 411941
7 0.632874 0.396977 1.72394 411976
7 0.631673 0.40571 1.73182 412009
7 0.630479 0.412573 1.73571 412043
7 0.630481 0.420707 1.74082 412076
7 0.630197 0.429539 1.75065 412108
7 0.630886 0.438031 1.75742 412142
7 0.630332 0.443521 1.76275 412176
7 0.62879 0.448942 1.76475 412208
7 0.629407 0.453263 1.76491 412242
7 0.629213 0.453756 1.76588 412278
7 0.629497 0.456411 1.7654 412311
7 0.6283 0.458397 1.76811 412346
7 0.626055 0.460478 1.76531 412379
7 0.629365 0.461122 1.76882 412412
7 0.630477 0.463281 1.77651 412446
7 0.630336 0.462929 1.77941 412480
7 0.63031 0.463031 1.781 412514
7 0.629976 0.463721 1.77968 412547
7 0.630202 0.466413 1.78077 412581
7 0.630695 0.467438 1.78226 412616
7 0.631306 0.468564 1.78468 412632
7 0.631049 0.468571 1.78274 412682
7 0.631197 0.468821 1.78128 412699
7 0.630306 0.46727 1.78136 412750

8 0.575673 0.422226 1.76707 414417
8 0.576293 0.423071 1.76636 414451
8 0.576806 0.422915 1.7656 414467
8 0.57768 0.42042 1.76069 414515
8 0.579049 0.418366 1.75634 414548
8 0.579976 0.417687 1.75498 414582
8 0.58169 0.412352 1.7473 414615
8 0.582282 0.408492 1.7414 414647
8 0.586919 0.405451 1.73747 414680
8 0.591597 0.399841 1.73292 414713
8 0.593853 0.390493 1.72822 414747
8 0.598119 0.383179 1.72611 414780
8 0.60209 0.37275 1.71507 414813
8 0.60459 0.361753 1.70711 414847
8 0.6067 0.349471 1.702 414881
8 0.610048 0.334996 1.6975 414914
8 0.614007 0.320675 1.69415 414947
8 0.614937 0.307272 1.69279 414981
8 0.615061 0.295449 1.69182 415015
8 0.61623 0.284161 1.69065 415049
8 0.616916 0.274637 1.69136 415066
8 0.616649 0.264362 1.69267 415117
8 0.616274 0.257469 1.69409 415134
8 0.617036 0.249257 1.69696 415185
8 0.616099 0.24246 1.69583 415219
8 0.617209 0.235972 1.69949 415235
8 0.617891 0.232517 1.70208 415286
8 0.618039 0.230637 1.70415 415302
8 0.61808 0.229407 1.70546 415337
8 0.618503 0.228735 1.70696 415370
8 0.617367 0.230175 1.70711 415404
8 0.617595 0.233379 1.70632 415437
8 0.618311 0.235051 1.70838 415471
8 0.617271 0.240284 1.70952 415503
8 0.61875 0.246014 1.70971 415536
8 0.618368 0.252561 1.70685 415585
8 0.617963 0.259386 1.70759 415617
8 0.618246 0.267491 1.70303 415634
8 0.618132 0.274462 1.70446 415684
8 0.617325 0.283913 1.70671 415717
8 0.618346 0.293737 1.70925 415734
8 0.618664 0.303129 1.71333 415785
8 0.619362 0.314911 1.7163 415818
8 0.619222 0.326281 1.72081 415834
8 0.620046 0.335708 1.72242 415885
8 0.619554 0.347292 1.72559 415918
8 0.61895 0.358639 1.72753 415935
8 0.619145 0.370791 1.73284 415985
8 0.618262 0.384103 1.73736 416018
8 0.619162 0.394988 1.74287 416035
8 0.619158 0.406577 1.7535 416085
8 0.620177 0.418832 1.7608 416118
8 0.619279 0.425889 1.76622 416135
8 0.619519 0.435462 1.77336 416186
8 0.619244 0.442897 1.78047 416203
8 0.619016 0.450831 1.78447 416237
8 0.618935 0.460708 1.79436 416271
8 0.61933 0.469982 1.80251 416305
8 0.62034 0.477751 1.8112 416338
8 0.619987 0.483966 1.81531 416373
8 0.620472 0.487957 1.82075 416406
8 0.621011 0.491413 1.82323 416440
8 0.621486 0.494981 1.82396 416475
8 0.621426 0.495957 1.82262 416508
8 0.621497 0.496846 1.82087 416543
8 0.621341 0.496863 1.81904 416577
8 0.620345 0.498716 1.82132 416611
8 0.620836 0.499976 1.82437 416644

