Gesto: 1
0 0.23842 0.307205 1.59781 365275
0 0.240526 0.306576 1.59489 365292
0 0.240859 0.306667 1.58946 365343
0 0.243271 0.302006 1.58961 365375
0 0.245488 0.299407 1.58611 365409
0 0.246779 0.298193 1.58312 365443
0 0.247839 0.293384 1.58207 365460
0 0.252522 0.287576 1.5754 365494
0 0.255566 0.284236 1.57112 365544
0 0.258802 0.279207 1.56607 365561
0 0.26013 0.273582 1.56128 365595
0 0.262414 0.267201 1.55723 365643
0 0.265689 0.262592 1.55232 365676
0 0.268399 0.25575 1.54889 365693
0 0.271941 0.250326 1.54613 365743
0 0.277437 0.245102 1.54499 365776
0 0.281809 0.240643 1.54305 365793
0 0.285077 0.236188 1.54278 365843
0 0.288587 0.230879 1.54249 365876
0 0.294164 0.228801 1.54255 365892
0 0.297917 0.226872 1.54274 365941
0 0.299936 0.227132 1.54113 365975
0 0.30125 0.230004 1.53885 366008
0 0.304245 0.232329 1.53688 366041
0 0.304233 0.239937 1.53891 366073
0 0.303527 0.246689 1.53931 366107
0 0.30158 0.254708 1.53605 366140
0 0.30048 0.264338 1.53252 366174
0 0.298776 0.273306 1.5338 366208
0 0.29853 0.281826 1.53547 366242
0 0.297247 0.290313 1.5364 366276
0 0.297263 0.297918 1.53693 366292
0 0.297299 0.307321 1.53894 366343
0 0.295987 0.31711 1.54128 366360
0 0.296396 0.324151 1.54343 366411
0 0.296084 0.33381 1.54635 366428
0 0.296546 0.339734 1.54696 366461
0 0.296212 0.349007 1.5473 366511
0 0.296682 0.354254 1.54961 366528
0 0.297138 0.362006 1.55179 366561
0 0.297523 0.366025 1.55308 366611
0 0.297075 0.367126 1.54863 366627
0 0.297045 0.368403 1.55212 366660

1 0.339368 0.329988 1.54411 368333
1 0.339435 0.329709 1.5432 368366
1 0.338595 0.328358 1.5425 368399
1 0.340096 0.326382 1.54314 368432
1 0.340048 0.324505 1.54151 368465
1 0.340095 0.322116 1.53956 368499
1 0.340433 0.320648 1.53812 368533
1 0.34408 0.315444 1.53534 368568
1 0.347089 0.311142 1.53451 368601
1 0.349332 0.30661 1.53419 368635
1 0.351707 0.30234 1.53206 368668
1 0.356434 0.29529 1.5338 368702
1 0.359585 0.287024 1.53254 368736
1 0.362972 0.279553 1.52936 368768
1 0.367332 0.271418 1.52772 368801
1 0.37041 0.266091 1.52789 368835
1 0.374842 0.257605 1.52597 368869
1 0.377506 0.251083 1.52658 368903
1 0.380384 0.246309 1.52369 368937
1 0.382301 0.243396 1.52197 368970
1 0.383056 0.240847 1.52454 369005
1 0.387363 0.239124 1.52865 369039
1 0.389406 0.236889 1.53466 369072
1 0.390551 0.237531 1.53536 369104
1 0.391467 0.237921 1.53543 369138
1 0.39164 0.238937 1.53532 369170
1 0.391565 0.24005 1.53371 369204
1 0.391456 0.241371 1.53096 369237
1 0.39111 0.246839 1.53148 369270
1 0.391009 0.251574 1.53216 369304
1 0.389491 0.256138 1.52914 369337
1 0.387775 0.263485 1.52948 369370
1 0.385638 0.269938 1.52803 369403
1 0.385053 0.277079 1.53111 369436
1 0.383731 0.28499 1.53153 369469
1 0.382256 0.293083 1.53222 369502
1 0.379829 0.301908 1.53212 369537
1 0.377321 0.310823 1.53048 369570
1 0.375274 0.320234 1.53097 369604
1 0.374014 0.326356 1.5303 369637
1 0.372988 0.332101 1.52907 369670
1 0.372318 0.339336 1.5329 369703
1 0.371693 0.34509 1.53351 369737
1 0.371411 0.351951 1.53508 369771
1 0.371473 0.355531 1.53545 369805
1 0.3713 0.357367 1.53617 369839
1 0.371479 0.359594 1.53822 369871
1 0.370886 0.36168 1.54046 369904
1 0.371137 0.361399 1.54148 369937
1 0.371442 0.360148 1.5402 369970

2 0.417211 0.323936 1.54754 373007
2 0.420006 0.320305 1.54844 373041
2 0.422029 0.3177 1.54811 373075
2 0.424348 0.31474 1.54693 373109
2 0.425159 0.310043 1.54595 373143
2 0.425937 0.306631 1.54031 373177
2 0.429669 0.29888 1.53715 373211
2 0.432252 0.293486 1.53604 373243
2 0.433429 0.287955 1.53432 373276
2 0.434924 0.281311 1.53288 373310
2 0.438746 0.274001 1.53177 373344
2 0.441133 0.266255 1.53243 373377
2 0.443224 0.259932 1.53151 373411
2 0.444415 0.25165 1.53089 373444
2 0.445125 0.245886 1.52797 373478
2 0.448842 0.237076 1.52996 373512
2 0.450203 0.231948 1.53321 373545
2 0.452011 0.224002 1.53434 373578
2 0.453416 0.218766 1.53589 373612
2 0.454426 0.215798 1.53681 373646
2 0.454634 0.214299 1.53896 373678
2 0.454806 0.213728 1.5401 373712
2 0.454238 0.214775 1.53955 373746
2 0.454382 0.219974 1.53805 373779
2 0.454988 0.223565 1.53609 373811
2 0.455458 0.228156 1.53269 373845
2 0.454988 0.234484 1.53077 373878
2 0.455642 0.240193 1.53202 373912
2 0.455356 0.247193 1.53403 373946
2 0.455865 0.253765 1.53488 373979
2 0.455392 0.261289 1.5353 374013
2 0.45476 0.266835 1.53269 374046
2 0.45409 0.275135 1.53259 374080
2 0.453768 0.279775 1.53504 374113
2 0.45337 0.288648 1.5355 374145
2 0.452194 0.297608 1.53721 374178
2 0.450784 0.305402 1.53407 374211
2 0.451522 0.314028 1.53608 374244
2 0.45079 0.324122 1.53858 374278
2 0.44951 0.332435 1.54093 374311
2 0.449675 0.340325 1.54119 374343
2 0.447648 0.349212 1.54193 374376
2 0.447301 0.358009 1.54335 374410
2 0.446001 0.365992 1.54229 374442
2 0.445691 0.373465 1.5428 374477
2 0.445897 0.379036 1.54449 374509
2 0.446257 0.385648 1.54694 374542
2 0.446626 0.388866 1.54781 374576
2 0.446107 0.391772 1.54627 374609
2 0.445747 0.393103 1.54513 374644
2 0.445502 0.393908 1.5453 374676
2 0.445396 0.394671 1.54541 374709
2 0.445077 0.3947 1.54555 374743

3 0.485538 0.335562 1.55609 376584
3 0.485535 0.335687 1.5554 376601
3 0.485737 0.335715 1.55766 376652
3 0.486036 0.334002 1.55907 376684
3 0.485745 0.334769 1.55852 376718
3 0.48308 0.334291 1.55456 376751
3 0.484216 0.332131 1.55332 376783
3 0.485551 0.330233 1.55444 376816
3 0.486446 0.32444 1.55134 376850
3 0.487224 0.319937 1.55134 376883
3 0.48675 0.315751 1.5508 376917
3 0.486586 0.312124 1.54925 376950
3 0.487626 0.307099 1.54814 376983
3 0.48777 0.300933 1.54561 377018
3 0.487919 0.29576 1.54241 377051
3 0.488762 0.288258 1.54537 377085
3 0.490894 0.285195 1.54573 377118
3 0.493922 0.279832 1.54397 377151
3 0.495297 0.27423 1.54334 377185
3 0.495437 0.266347 1.54346 377218
3 0.495479 0.261938 1.54141 377250
3 0.495518 0.259498 1.53779 377283
3 0.495861 0.257319 1.53729 377317
3 0.497118 0.255661 1.53552 377351
3 0.497407 0.255388 1.53453 377385
3 0.496625 0.255315 1.53651 377419
3 0.497925 0.254965 1.53585 377452
3 0.498142 0.254838 1.5333 377469
3 0.497923 0.254272 1.53191 377520
3 0.498417 0.253606 1.53225 377537
3 0.498786 0.25316 1.53392 377569
3 0.500472 0.254708 1.53613 377620
3 0.501144 0.258072 1.53873 377637
3 0.501347 0.263601 1.53719 377671
3 0.501761 0.267273 1.53822 377705
3 0.502193 0.27026 1.53518 377738
3 0.501769 0.276778 1.53595 377772
3 0.503256 0.281465 1.53922 377805
3 0.502171 0.287434 1.53751 377839
3 0.50197 0.293854 1.5355 377872
3 0.503483 0.300904 1.53519 377905
3 0.502166 0.306717 1.53654 377939
3 0.500955 0.315756 1.53608 377973
3 0.499976 0.322006 1.53912 378007
3 0.499912 0.327356 1.5408 378041
3 0.499637 0.333732 1.53969 378073
3 0.498763 0.338357 1.54068 378107
3 0.499249 0.343868 1.5411 378141
3 0.498375 0.350546 1.54174 378175
3 0.497817 0.357294 1.54305 378209
3 0.498547 0.362768 1.54308 378242
3 0.498058 0.368965 1.54503 378276
3 0.497054 0.374238 1.54409 378309
3 0.497705 0.378311 1.54474 378343
3 0.497619 0.382503 1.5452 378377
3 0.497142 0.388198 1.54831 378410
3 0.496649 0.392327 1.55143 378444
3 0.49615 0.394387 1.55067 378475
3 0.495531 0.395581 1.55048 378509
3 0.495153 0.395777 1.55284 378543
3 0.494955 0.396341 1.55449 378576

4 0.519839 0.34515 1.51094 380979
4 0.519764 0.343406 1.51134 381012
4 0.519314 0.341918 1.50829 381047
4 0.521631 0.34017 1.51013 381081
4 0.524422 0.33435 1.50887 381116
4 0.526744 0.32935 1.50788 381149
4 0.52781 0.323162 1.50637 381183
4 0.528849 0.316928 1.50309 381216
4 0.529564 0.312468 1.50125 381249
4 0.531635 0.303948 1.50216 381283
4 0.534434 0.296898 1.50015 381317
4 0.536664 0.28722 1.50191 381351
4 0.537905 0.280268 1.50077 381384
4 0.539454 0.272405 1.4988 381416
4 0.541022 0.265864 1.49929 381450
4 0.541843 0.262194 1.4997 381484
4 0.543861 0.255829 1.50109 381517
4 0.546179 0.250109 1.50471 381552
4 0.547968 0.246171 1.50646 381585
4 0.54853 0.244145 1.5081 381619
4 0.547741 0.240873 1.505 381654
4 0.548083 0.241522 1.50538 381687
4 0.548484 0.243619 1.50662 381721
4 0.548463 0.248957 1.50845 381754
4 0.548478 0.253357 1.50689 381788
4 0.549136 0.258465 1.5081 381822
4 0.549173 0.262834 1.50331 381856
4 0.550506 0.269484 1.50251 381889
4 0.549198 0.278501 1.50398 381924
4 0.548538 0.28673 1.50668 381940
4 0.547974 0.293923 1.50758 381991
4 0.546509 0.303277 1.5084 382008
4 0.544727 0.311334 1.50801 382042
4 0.543533 0.318513 1.50873 382076
4 0.541866 0.325947 1.50736 382109
4 0.539456 0.3355 1.50645 382142
4 0.539855 0.343204 1.51193 382177
4 0.539722 0.352238 1.51418 382210
4 0.540718 0.361099 1.52041 382243
4 0.540626 0.368501 1.52412 382277
4 0.540298 0.378028 1.52611 382311
4 0.53949 0.383635 1.52626 382346
4 0.538661 0.390102 1.52801 382380
4 0.538097 0.394583 1.52804 382413
4 0.538772 0.399315 1.53082 382447
4 0.538734 0.402836 1.53152 382481
4 0.539201 0.404799 1.53271 382516
4 0.539327 0.405881 1.53349 382548
4 0.539429 0.408041 1.53358 382582
4 0.539576 0.409293 1.533 382616
4 0.539374 0.408152 1.53297 382650

5 0.569054 0.358953 1.52191 383783
5 0.569246 0.359642 1.52096 383817
5 0.568596 0.358698 1.5198 383852
5 0.56882 0.356606 1.51996 383886
5 0.56921 0.354904 1.51963 383920
5 0.569794 0.351179 1.51956 383954
5 0.570524 0.348937 1.52143 383988
5 0.572092 0.345677 1.5222 384022
5 0.573426 0.340299 1.5201 384056
5 0.575715 0.334462 1.51987 384089
5 0.576095 0.330342 1.51793 384123
5 0.578089 0.325158 1.5143 384156
5 0.580602 0.319729 1.51312 384189
5 0.581912 0.312695 1.51187 384222
5 0.583373 0.306776 1.51104 384256
5 0.584853 0.301623 1.50893 384289
5 0.586665 0.295571 1.50802 384322
5 0.590001 0.291354 1.50901 384356
5 0.590539 0.284656 1.51021 384390
5 0.592008 0.280477 1.50856 384422
5 0.592034 0.276663 1.50667 384456
5 0.592347 0.273433 1.51014 384490
5 0.592661 0.271423 1.51212 384523
5 0.592644 0.27078 1.51026 384556
5 0.591886 0.271234 1.50953 384590
5 0.592718 0.273048 1.5101 384623
5 0.593423 0.275347 1.51259 384656
5 0.592678 0.277859 1.51015 384688
5 0.59263 0.284044 1.50806 384722
5 0.591566 0.291686 1.50479 384756
5 0.590684 0.299215 1.50467 384789
5 0.590446 0.30459 1.50328 384823
5 0.590328 0.312548 1.50424 384856
5 0.590136 0.318673 1.50633 384890
5 0.588475 0.327882 1.50485 384923
5 0.587917 0.334361 1.50881 384957
5 0.587179 0.34085 1.51056 384991
5 0.587663 0.348335 1.51164 385023
5 0.588517 0.355566 1.51476 385058
5 0.586902 0.362931 1.51763 385092
5 0.584771 0.369843 1.51616 385126
5 0.58381 0.376735 1.51619 385159
5 0.582109 0.382566 1.51722 385175
5 0.581073 0.388155 1.51971 385225
5 0.58095 0.391972 1.52323 385258
5 0.581124 0.396735 1.52667 385275
5 0.581096 0.400364 1.52843 385324
5 0.578752 0.403644 1.52954 385357
5 0.577342 0.405997 1.53007 385389
5 0.576927 0.409242 1.52951 385423
5 0.576696 0.409344 1.53061 385457
5 0.578334 0.408706 1.52996 385490
5 0.578016 0.410396 1.5311 385524

6 0.624517 0.36228 1.51262 386893
6 0.625842 0.36004 1.51643 386910
6 0.625288 0.357836 1.51455 386960
6 0.62416 0.356949 1.50919 386994
6 0.623154 0.35461 1.50695 387026
6 0.622815 0.349129 1.50444 387060
6 0.623237 0.345794 1.50376 387094
6 0.623663 0.340152 1.50252 387111
6 0.626427 0.332688 1.50174 387163
6 0.629016 0.324833 1.50093 387179
6 0.630305 0.317361 1.49981 387212
6 0.631379 0.307545 1.49631 387246
6 0.632947 0.298711 1.49571 387280
6 0.634398 0.290053 1.49652 387314
6 0.635974 0.282137 1.49981 387347
6 0.639099 0.274179 1.49982 387380
6 0.640305 0.267164 1.50109 387414
6 0.641435 0.262879 1.50343 387449
6 0.64239 0.257477 1.50262 387482
6 0.644721 0.252284 1.50514 387515
6 0.646483 0.250415 1.50928 387549
6 0.648783 0.247975 1.51388 387581
6 0.650074 0.24941 1.51396 387614
6 0.64969 0.25341 1.51459 387647
6 0.649446 0.255729 1.51659 387680
6 0.647831 0.259533 1.51499 387714
6 0.648087 0.266088 1.51737 387747
6 0.647233 0.272694 1.51591 387780
6 0.647958 0.279944 1.51518 387813
6 0.646871 0.2887 1.51563 387847
6 0.646129 0.29775 1.5132 387880
6 0.645723 0.307746 1.51572 387914
6 0.644869 0.313896 1.51692 387948
6 0.64293 0.322076 1.51698 387982
6 0.641555 0.32994 1.51557 388016
6 0.64 0.337441 1.51727 388050
6 0.638769 0.346604 1.51724 388083
6 0.63778 0.353346 1.51943 388116
6 0.635736 0.361927 1.52215 388150
6 0.63428 0.371269 1.52393 388184
6 0.63363 0.381084 1.52611 388219
6 0.632465 0.389569 1.53053 388252
6 0.630994 0.397255 1.53182 388285
6 0.628948 0.407276 1.53252 388317
6 0.627817 0.413992 1.53349 388350
6 0.62626 0.42159 1.53747 388384
6 0.626444 0.426457 1.54144 388418
6 0.626276 0.429433 1.54255 388450
6 0.626207 0.431177 1.5432 388484
6 0.625933 0.433298 1.54276 388518
6 0.626056 0.432905 1.54276 388550

7 0.654421 0.360264 1.53481 393123
7 0.653957 0.360354 1.53611 393156
7 0.655181 0.359365 1.53701 393190
7 0.656215 0.356645 1.54204 393224
7 0.656394 0.354771 1.54053 393258
7 0.656783 0.353652 1.53585 393291
7 0.657416 0.349993 1.53525 393325
7 0.657755 0.347067 1.53409 393359
7 0.659494 0.343599 1.53587 393391
7 0.660769 0.341619 1.53529 393425
7 0.663169 0.336318 1.53411 393460
7 0.666808 0.332022 1.52982 393492
7 0.668649 0.327875 1.52835 393527
7 0.671879 0.323345 1.53242 393561
7 0.673686 0.317328 1.53449 393595
7 0.676284 0.312877 1.5366 393629
7 0.678505 0.30845 1.53784 393662
7 0.681187 0.303438 1.53963 393696
7 0.682808 0.300309 1.54056 393730
7 0.683541 0.297929 1.53994 393763
7 0.684862 0.294476 1.54543 393795
7 0.685173 0.288908 1.54653 393828
7 0.686042 0.285819 1.54348 393861
7 0.686873 0.283623 1.54378 393894
7 0.687128 0.28223 1.54368 393928
7 0.688446 0.282585 1.54707 393963
7 0.689238 0.283316 1.5457 393996
7 0.689443 0.284856 1.5462 394031
7 0.688884 0.288601 1.55039 394064
7 0.688723 0.292381 1.54677 394097
7 0.690335 0.295477 1.5477 394131
7 0.689963 0.298817 1.54673 394165
7 0.689196 0.304106 1.54805 394197
7 0.690194 0.310297 1.54893 394231
7 0.690221 0.316331 1.55197 394263
7 0.689506 0.321553 1.55221 394297
7 0.688915 0.329081 1.5489 394330
7 0.689502 0.336285 1.55044 394365
7 0.68859 0.343382 1.55173 394399
7 0.688823 0.349681 1.557 394433
7 0.687287 0.356748 1.55786 394467
7 0.686481 0.361943 1.55638 394501
7 0.685476 0.368684 1.55677 394517
7 0.685366 0.375304 1.55623 394567
7 0.685386 0.383152 1.55986 394584
7 0.685223 0.388111 1.56276 394618
7 0.683614 0.395913 1.56276 394668
7 0.680231 0.404011 1.56338 394685
7 0.678501 0.408752 1.5614 394718
7 0.677311 0.414963 1.56466 394770
7 0.677155 0.419867 1.56902 394786
7 0.67563 0.425322 1.57122 394818
7 0.674765 0.429528 1.56974 394868
7 0.675659 0.435466 1.56857 394885
7 0.675926 0.438236 1.56837 394918
7 0.674142 0.444722 1.565 394952

8 0.698509 0.410664 1.5063 397527
8 0.699914 0.406183 1.5058 397561
8 0.699851 0.402724 1.50371 397594
8 0.702971 0.395845 1.50116 397629
8 0.70419 0.390418 1.49998 397663
8 0.704505 0.383738 1.49785 397697
8 0.705692 0.377305 1.49861 397730
8 0.707704 0.369637 1.499 397764
8 0.709606 0.363438 1.49845 397798
8 0.712943 0.353192 1.49857 397831
8 0.716051 0.342951 1.49697 397864
8 0.718117 0.333986 1.49691 397897
8 0.719236 0.325498 1.49244 397931
8 0.722252 0.313915 1.49214 397965
8 0.725053 0.303403 1.48791 397999
8 0.726366 0.29511 1.48787 398033
8 0.72824 0.286193 1.48948 398066
8 0.729923 0.280062 1.49224 398099
8 0.731732 0.272068 1.49384 398131
8 0.731626 0.26679 1.49267 398164
8 0.732039 0.26399 1.49252 398198
8 0.732665 0.26245 1.4961 398231
8 0.734856 0.261254 1.49666 398265
8 0.736361 0.265655 1.4966 398298
8 0.73691 0.268998 1.49626 398330
8 0.737369 0.276498 1.49728 398364
8 0.737944 0.282758 1.49786 398398
8 0.736602 0.291678 1.49875 398432
8 0.735945 0.300845 1.49851 398466
8 0.735174 0.311173 1.49976 398501
8 0.734665 0.320727 1.49991 398534
8 0.734262 0.332516 1.50025 398568
8 0.733823 0.343743 1.50441 398601
8 0.733594 0.354329 1.50637 398636
8 0.733451 0.36378 1.51058 398669
8 0.732919 0.373371 1.51443 398703
8 0.731634 0.381754 1.5165 398736
8 0.72951 0.39155 1.52169 398769
8 0.728842 0.400109 1.52711 398802
8 0.729075 0.406765 1.52751 398835
8 0.726796 0.415175 1.53177 398868
8 0.726692 0.421306 1.53893 398900
8 0.726876 0.427065 1.53955 398934
8 0.724989 0.434073 1.54228 398968
8 0.72428 0.439618 1.5443 399002
8 0.724762 0.443346 1.54933 399034
8 0.724628 0.445473 1.54782 399067

9 0.735728 0.380322 1.53348 401572
9 0.733365 0.379412 1.53151 401606
9 0.732211 0.376966 1.53038 401623
9 0.731844 0.375147 1.52559 401673
9 0.73192 0.371603 1.52488 401707
9 0.734094 0.364732 1.52402 401724
9 0.737875 0.358671 1.52365 401773
9 0.742693 0.349178 1.51947 401790
9 0.746268 0.338126 1.51234 401824
9 0.750296 0.326884 1.51154 401859
9 0.754551 0.31445 1.50844 401893
9 0.761554 0.303356 1.51109 401926
9 0.766829 0.29479 1.51117 401960
9 0.773326 0.289003 1.51458 401995
9 0.778154 0.28233 1.51039 402028
9 0.78255 0.277927 1.50949 402062
9 0.787218 0.273331 1.51416 402095
9 0.788889 0.272243 1.51851 402130
9 0.791759 0.271467 1.52034 402163
9 0.794331 0.27105 1.52202 402196
9 0.793912 0.271937 1.51314 402230
9 0.793346 0.274288 1.51393 402264
9 0.792577 0.279724 1.51749 402298
9 0.791866 0.284835 1.51649 402331
9 0.788862 0.292583 1.51157 402365
9 0.786369 0.302564 1.51101 402399
9 0.783427 0.315172 1.51324 402431
9 0.779558 0.328322 1.51275 402465
9 0.777191 0.341953 1.51198 402498
9 0.775087 0.355518 1.5135 402531
9 0.774179 0.371168 1.5144 402563
9 0.77103 0.386228 1.51864 402596
9 0.768259 0.401355 1.51954 402629
9 0.766767 0.416165 1.51934 402664
9 0.763324 0.430796 1.52203 402697
9 0.760634 0.443115 1.52606 402731
9 0.760149 0.450072 1.52771 402766
9 0.760886 0.4533 1.53397 402799
9 0.761374 0.454766 1.53406 402832

