Gesto: 1
0 0.126471 0.275366 2.10597 327351
0 0.126802 0.2795 2.10071 327384
0 0.127036 0.282054 2.09836 327419
0 0.12811 0.284034 2.09205 327452
0 0.130789 0.282757 2.08484 327485
0 0.129811 0.276204 2.07593 327519
0 0.130737 0.264467 2.0628 327552
0 0.133906 0.249527 2.0556 327586
0 0.136619 0.234878 2.05628 327620
0 0.138033 0.22099 2.05927 327653
0 0.140529 0.208384 2.05911 327684
0 0.145457 0.198904 2.07603 327718
0 0.146993 0.185824 2.07729 327753
0 0.147588 0.173635 2.08403 327787
0 0.147192 0.169292 2.08233 327821
0 0.146653 0.175485 2.08199 327855
0 0.148499 0.18886 2.07168 327871
0 0.149165 0.199513 2.06333 327921
0 0.150195 0.2141 2.05157 327954
0 0.14805 0.231277 2.03421 327986
0 0.147949 0.247001 2.01747 328020
0 0.146551 0.268051 2.00982 328054
0 0.147659 0.288294 1.99705 328088
0 0.148544 0.304341 1.99014 328119
0 0.146345 0.32408 1.98372 328153
0 0.148284 0.336691 1.98569 328186
0 0.149876 0.343209 1.98469 328219
0 0.150555 0.345221 1.99156 328253
0 0.147018 0.345799 1.99218 328286
0 0.14859 0.343073 1.98678 328319
0 0.14777 0.336136 1.99986 328352
0 0.146815 0.329742 2.00452 328386
0 0.143993 0.326017 2.00558 328419
0 0.145022 0.319956 2.01103 328453
0 0.146154 0.316331 2.01368 328485
0 0.147045 0.314819 2.01215 328518
0 0.146583 0.316184 2.00965 328552

1 0.338839 0.483649 2.07688 332417
1 0.340998 0.479707 2.07854 332450
1 0.344505 0.475909 2.07864 332483
1 0.345961 0.466928 2.07866 332517
1 0.347225 0.449706 2.07926 332551
1 0.349688 0.427679 2.08125 332586
1 0.355586 0.402001 2.0799 332618
1 0.358804 0.378726 2.07843 332652
1 0.360355 0.357764 2.07701 332686
1 0.360985 0.345416 2.08771 332720
1 0.362598 0.341163 2.09287 332753
1 0.364538 0.342961 2.08799 332787
1 0.367688 0.35279 2.0886 332821
1 0.370667 0.379304 2.0833 332853
1 0.373088 0.412745 2.08115 332886
1 0.37474 0.443394 2.08638 332920
1 0.375565 0.47134 2.08723 332954
1 0.375713 0.491451 2.08213 332987
1 0.376096 0.502582 2.08648 333021
1 0.376189 0.50796 2.08881 333054

2 0.517112 0.553143 2.11611 333892
2 0.520359 0.553737 2.11565 333924
2 0.52166 0.553661 2.11201 333958
2 0.528066 0.552649 2.10644 333991
2 0.536223 0.54049 2.1057 334024
2 0.542226 0.525378 2.1039 334058
2 0.545939 0.508091 2.10613 334090
2 0.548121 0.491792 2.10313 334123
2 0.550455 0.484172 2.10468 334157
2 0.556082 0.488821 2.10925 334190
2 0.560328 0.502438 2.11001 334224
2 0.561013 0.521664 2.11505 334258
2 0.562328 0.552964 2.1148 334292
2 0.557495 0.58731 2.11346 334326
2 0.554809 0.617046 2.11654 334360
2 0.550959 0.644648 2.123 334393
2 0.54883 0.667597 2.13092 334410
2 0.547103 0.685117 2.13935 334460
2 0.545837 0.694771 2.13929 334493

3 0.635935 0.601611 2.27537 335452
3 0.635715 0.599457 2.26874 335485
3 0.640592 0.590398 2.26605 335518
3 0.643077 0.569661 2.25777 335551
3 0.646313 0.539964 2.25948 335585
3 0.648655 0.510435 2.26811 335620
3 0.647834 0.484836 2.27133 335653
3 0.646428 0.470091 2.27254 335687
3 0.649292 0.464968 2.27608 335721
3 0.65061 0.47634 2.27323 335754
3 0.651991 0.507448 2.26534 335787
3 0.652672 0.558152 2.2679 335821
3 0.651886 0.606571 2.27894 335854
3 0.65091 0.643972 2.28703 335887
3 0.645885 0.671587 2.30254 335920
3 0.643945 0.685879 2.31623 335954
3 0.642181 0.698292 2.33577 335988

4 0.48891 0.23115 2.16334 339590
4 0.48983 0.23064 2.1632 339623
4 0.492371 0.225585 2.16753 339656
4 0.494528 0.221431 2.16444 339691
4 0.49384 0.209348 2.15994 339724
4 0.494696 0.19655 2.15609 339757
4 0.495349 0.184059 2.15812 339791
4 0.496805 0.168215 2.16389 339825
4 0.497861 0.154096 2.16783 339858
4 0.498005 0.143893 2.17632 339892
4 0.497817 0.137644 2.18391 339925
4 0.497946 0.134602 2.18577 339960
4 0.498531 0.133127 2.18799 339993
4 0.500038 0.138989 2.18859 340026
4 0.497586 0.144098 2.18408 340060
4 0.499825 0.155814 2.17625 340094
4 0.503039 0.171858 2.16155 340128
4 0.503247 0.191278 2.15362 340162
4 0.50538 0.209165 2.1347 340196
4 0.504961 0.231246 2.11776 340228
4 0.51256 0.252132 2.10695 340262
4 0.51569 0.274722 2.102 340295
4 0.517359 0.298276 2.10012 340328
4 0.519965 0.322391 2.09623 340362
4 0.521227 0.343854 2.09295 340396
4 0.517159 0.364256 2.09241 340431
4 0.517834 0.379085 2.08385 340463
4 0.515603 0.393689 2.08514 340496
4 0.515626 0.402249 2.08761 340529
4 0.516092 0.411362 2.07993 340563
4 0.512291 0.416927 2.07419 340596

5 0.591982 0.289523 2.15673 341498
5 0.593107 0.289436 2.16387 341531
5 0.592299 0.289072 2.16686 341564
5 0.591074 0.289259 2.16528 341597
5 0.592242 0.280934 2.15846 341629
5 0.5939 0.267843 2.16512 341662
5 0.595315 0.252002 2.16657 341694
5 0.595826 0.237391 2.17184 341728
5 0.594635 0.224565 2.17424 341763
5 0.594218 0.213828 2.19076 341796
5 0.593956 0.197142 2.20339 341829
5 0.594492 0.190827 2.20209 341863
5 0.595505 0.186735 2.20473 341896
5 0.596702 0.184349 2.21057 341929
5 0.597234 0.192286 2.20394 341962
5 0.599386 0.201317 2.1962 341996
5 0.603034 0.217299 2.18096 342030
5 0.603948 0.240727 2.17487 342064
5 0.605573 0.263101 2.17297 342097
5 0.605325 0.285284 2.16859 342130
5 0.609563 0.301731 2.16413 342163
5 0.610381 0.317938 2.16458 342196
5 0.611888 0.333963 2.16273 342229
5 0.613384 0.344387 2.15387 342260
5 0.61357 0.34906 2.15179 342292
5 0.611778 0.351898 2.149 342326
5 0.61301 0.349566 2.15603 342359
5 0.610538 0.349379 2.1565 342392
5 0.609636 0.350683 2.15692 342425
5 0.609388 0.351194 2.15673 342459

6 0.712585 0.326198 2.22506 343359
6 0.716111 0.315882 2.21919 343392
6 0.719313 0.309052 2.22544 343424
6 0.72128 0.298743 2.22474 343456
6 0.723199 0.284655 2.2289 343488
6 0.724599 0.272368 2.23677 343522
6 0.724989 0.257997 2.24359 343555
6 0.726062 0.249056 2.25051 343589
6 0.726696 0.243378 2.25812 343623
6 0.728824 0.242688 2.25376 343655
6 0.729583 0.248462 2.26155 343688
6 0.733435 0.25752 2.26317 343722
6 0.73598 0.268811 2.2567 343757
6 0.737966 0.28503 2.25413 343789
6 0.739424 0.304992 2.24402 343823
6 0.739853 0.3255 2.24042 343856
6 0.740361 0.348419 2.23368 343889
6 0.740211 0.367348 2.23187 343923
6 0.740773 0.385325 2.23153 343957
6 0.738665 0.397254 2.22501 343990
6 0.73637 0.405356 2.22372 344024
6 0.735573 0.41769 2.21875 344057
6 0.734545 0.425575 2.21505 344092
6 0.735886 0.427643 2.21738 344125
6 0.735782 0.425895 2.21709 344158
6 0.736963 0.426236 2.21401 344191
6 0.735705 0.422347 2.21441 344225

7 0.269535 0.718795 2.18505 346767
7 0.270135 0.718068 2.18719 346801
7 0.27028 0.717887 2.17842 346834
7 0.271393 0.716091 2.15841 346868
7 0.273659 0.703621 2.15601 346902
7 0.276628 0.68351 2.15245 346936
7 0.279621 0.664892 2.15822 346970
7 0.286519 0.648275 2.17272 347003
7 0.290769 0.636239 2.18426 347036
7 0.290955 0.626341 2.19213 347070
7 0.29095 0.621083 2.19361 347105
7 0.291937 0.622777 2.1949 347122
7 0.292838 0.627741 2.18836 347154
7 0.292793 0.640397 2.18057 347205
7 0.293336 0.652771 2.17968 347222
7 0.293987 0.670539 2.1754 347255
7 0.290251 0.690393 2.16646 347306
7 0.291767 0.712495 2.16842 347323
7 0.292835 0.733233 2.17541 347357
7 0.290365 0.753618 2.17841 347390
7 0.290684 0.767889 2.18927 347424
7 0.290246 0.779015 2.19679 347458
7 0.291428 0.787592 2.20311 347492
7 0.292653 0.791243 2.20274 347525

8 0.159362 0.5194 2.24258 349190
8 0.159319 0.518798 2.22493 349241
8 0.160736 0.514621 2.22605 349257
8 0.164261 0.499427 2.23168 349291
8 0.167135 0.480936 2.2295 349340
8 0.169746 0.457838 2.22884 349357
8 0.172305 0.432435 2.22169 349391
8 0.174198 0.405222 2.21074 349441
8 0.178349 0.385641 2.21123 349457
8 0.180058 0.369112 2.2077 349490
8 0.183436 0.355991 2.19867 349540
8 0.182978 0.357801 2.20512 349557
8 0.18394 0.363853 2.19784 349591
8 0.184548 0.382753 2.19577 349639
8 0.185748 0.402975 2.19637 349673
8 0.185216 0.432291 2.19502 349689
8 0.185705 0.46277 2.18807 349740
8 0.185835 0.494612 2.19106 349772
8 0.186022 0.522489 2.19659 349807
8 0.186482 0.541757 2.20398 349840
8 0.185961 0.555427 2.2089 349872
8 0.184797 0.567584 2.21582 349889
8 0.184434 0.573631 2.21986 349939
8 0.183998 0.57216 2.2194 349972
8 0.184908 0.570625 2.21621 350005
8 0.184643 0.569698 2.20943 350040
8 0.185128 0.56489 2.20713 350072
8 0.187296 0.56282 2.20477 350089
8 0.18759 0.5613 2.20408 350140
8 0.188566 0.559868 2.20401 350172
8 0.188223 0.559875 2.20369 350206

9 0.320314 0.1927 2.28865 352101
9 0.321544 0.18631 2.28657 352135
9 0.320086 0.177233 2.28888 352169
9 0.325184 0.162705 2.29983 352202
9 0.328142 0.145526 2.31175 352236
9 0.329448 0.12742 2.31358 352269
9 0.331102 0.108451 2.32329 352303
9 0.33355 0.0958104 2.33556 352337
9 0.334062 0.0875574 2.35051 352370
9 0.337114 0.075181 2.35698 352402
9 0.33642 0.0645487 2.36653 352436
9 0.337398 0.0594981 2.36838 352469
9 0.33753 0.0588126 2.35538 352502
9 0.340006 0.0642752 2.35497 352535
9 0.339704 0.0733165 2.34524 352567
9 0.337706 0.0859603 2.33171 352600
9 0.337496 0.0985859 2.3159 352633
9 0.339542 0.117807 2.29 352667
9 0.3401 0.137314 2.273 352700
9 0.34099 0.157194 2.26448 352733
9 0.340817 0.181126 2.25649 352767
9 0.344363 0.210332 2.24493 352799
9 0.348455 0.236892 2.24034 352831
9 0.34901 0.266829 2.22637 352864
9 0.348672 0.291053 2.21851 352898
9 0.349048 0.30505 2.21655 352931
9 0.349964 0.317173 2.2094 352965
9 0.349719 0.31994 2.21055 352997

10 0.401909 0.722004 2.16721 354675
10 0.406874 0.722531 2.14926 354708
10 0.411508 0.717426 2.14803 354742
10 0.4136 0.706381 2.1431 354777
10 0.415757 0.694337 2.15157 354810
10 0.418333 0.680644 2.15015 354844
10 0.422539 0.664824 2.16239 354861
10 0.426143 0.648597 2.17009 354912
10 0.428848 0.640216 2.17373 354929
10 0.431727 0.630038 2.17423 354980
10 0.431527 0.630797 2.18104 354997
10 0.43229 0.638864 2.17803 355030
10 0.433924 0.650482 2.18003 355080
10 0.434965 0.670992 2.17807 355097
10 0.432652 0.697901 2.17339 355131
10 0.429872 0.722262 2.17579 355166
10 0.427618 0.743395 2.17416 355199
10 0.425625 0.760699 2.17473 355232
10 0.423871 0.773802 2.17693 355265
10 0.421839 0.781762 2.17831 355297
10 0.421876 0.787971 2.18089 355331
10 0.418971 0.789025 2.18077 355365
10 0.417122 0.78806 2.17303 355399
10 0.415882 0.788058 2.17317 355433

