Gesto: 1
0 0.240666 0.32835 2.27087 266944
0 0.239108 0.325117 2.27203 266978
0 0.240638 0.32663 2.26644 267011
0 0.242002 0.327425 2.26331 267028
0 0.240952 0.325281 2.2657 267077
0 0.241979 0.32815 2.26286 267110
0 0.239983 0.31874 2.26732 267127
0 0.238262 0.309288 2.27063 267177
0 0.238786 0.305526 2.26233 267211
0 0.238587 0.299294 2.26174 267228
0 0.238699 0.293142 2.25614 267279
0 0.238537 0.28327 2.25134 267296
0 0.236457 0.268975 2.2441 267328
0 0.233778 0.255626 2.23655 267379
0 0.230833 0.247089 2.23824 267395
0 0.230984 0.231924 2.22686 267428
0 0.235129 0.222643 2.20532 267478
0 0.238549 0.208163 2.19808 267495
0 0.239974 0.190934 2.19274 267529
0 0.243957 0.171126 2.18794 267563
0 0.24631 0.150536 2.18755 267597
0 0.24693 0.140987 2.18239 267630
0 0.249965 0.124492 2.17732 267664
0 0.253801 0.108167 2.17713 267698
0 0.259202 0.0926877 2.17352 267732
0 0.263897 0.0808664 2.16952 267765
0 0.266966 0.0712895 2.16733 267798
0 0.269252 0.0602701 2.17543 267832
0 0.272573 0.0477608 2.17879 267865
0 0.273483 0.0385886 2.18352 267898
0 0.275398 0.0423622 2.17937 267931
0 0.277018 0.0458313 2.17719 267965
0 0.278296 0.0520371 2.16951 267999
0 0.279808 0.0597072 2.17326 268032
0 0.278847 0.0633601 2.17666 268065
0 0.277954 0.0736411 2.17724 268099
0 0.278987 0.0900478 2.17223 268133
0 0.275872 0.111371 2.16637 268167
0 0.273486 0.122653 2.17916 268201
0 0.275342 0.140534 2.17433 268235
0 0.274969 0.162871 2.1772 268268
0 0.275639 0.18418 2.17245 268301
0 0.276519 0.211965 2.17018 268334
0 0.273561 0.242513 2.17254 268368
0 0.272725 0.277371 2.15883 268401
0 0.27328 0.310522 2.14893 268436
0 0.273227 0.34383 2.14795 268469
0 0.274601 0.380109 2.15473 268503
0 0.276239 0.414915 2.16091 268536
0 0.278379 0.444918 2.16863 268570
0 0.279838 0.468631 2.17482 268604
0 0.281687 0.487643 2.18129 268639
0 0.287906 0.502419 2.18616 268672
0 0.287826 0.513478 2.18808 268706
0 0.290245 0.519663 2.1861 268740
0 0.291917 0.522708 2.18411 268773
0 0.289503 0.523514 2.18636 268806

1 0.380095 0.350491 2.10862 270945
1 0.37957 0.350614 2.10678 270978
1 0.379266 0.351012 2.10114 271012
1 0.378784 0.353559 2.09614 271045
1 0.378278 0.354505 2.09835 271078
1 0.379179 0.352888 2.09899 271113
1 0.378766 0.348376 2.0958 271131
1 0.378929 0.34387 2.08737 271180
1 0.378916 0.335403 2.07759 271213
1 0.380273 0.327607 2.0692 271246
1 0.380713 0.315753 2.06503 271279
1 0.382892 0.303689 2.06126 271312
1 0.386193 0.287833 2.05576 271347
1 0.390301 0.276075 2.05249 271379
1 0.392961 0.264287 2.04926 271412
1 0.394164 0.24971 2.04754 271445
1 0.397163 0.234047 2.04753 271478
1 0.402014 0.216396 2.04829 271511
1 0.405403 0.205268 2.04552 271544
1 0.407586 0.197151 2.04737 271578
1 0.408528 0.187006 2.04516 271612
1 0.409296 0.179098 2.04614 271645
1 0.410423 0.174082 2.04637 271678
1 0.410863 0.171239 2.04908 271712
1 0.410903 0.175256 2.04497 271746
1 0.412382 0.18265 2.04698 271779
1 0.412441 0.18904 2.04859 271813
1 0.411627 0.2004 2.04641 271847
1 0.411114 0.215447 2.04731 271881
1 0.410843 0.233153 2.04453 271914
1 0.413742 0.250822 2.04648 271947
1 0.415463 0.270641 2.04397 271981
1 0.416533 0.295817 2.0462 271999
1 0.418521 0.319576 2.04493 272047
1 0.41885 0.341755 2.04518 272081
1 0.418245 0.36101 2.0477 272098
1 0.417966 0.380138 2.057 272149
1 0.418201 0.400072 2.06812 272167
1 0.41831 0.417731 2.07773 272200
1 0.417463 0.42867 2.08503 272234
1 0.417345 0.437514 2.09356 272268

2 0.491915 0.339911 2.10352 273071
2 0.492148 0.347094 2.10304 273104
2 0.492314 0.351177 2.10243 273138
2 0.493412 0.352854 2.10272 273171
2 0.496031 0.349999 2.0958 273204
2 0.498086 0.346775 2.09276 273238
2 0.502639 0.34242 2.08627 273272
2 0.505697 0.333612 2.0842 273305
2 0.508765 0.325881 2.07918 273338
2 0.511068 0.310298 2.07549 273371
2 0.5168 0.297479 2.07397 273404
2 0.519916 0.283045 2.07085 273437
2 0.524328 0.269231 2.06924 273469
2 0.528616 0.257384 2.07396 273503
2 0.532831 0.243701 2.07801 273537
2 0.536168 0.23453 2.08129 273569
2 0.539675 0.223674 2.08338 273604
2 0.54062 0.213959 2.08826 273637
2 0.542856 0.203325 2.09062 273670
2 0.54359 0.194985 2.09529 273703
2 0.543607 0.190233 2.09624 273737
2 0.544961 0.187668 2.09703 273770
2 0.547715 0.192603 2.09668 273804
2 0.547809 0.198365 2.09991 273837
2 0.544922 0.207197 2.1011 273871
2 0.545044 0.215603 2.10398 273905
2 0.544476 0.231291 2.10119 273939
2 0.542841 0.249044 2.09627 273973
2 0.540281 0.266755 2.09751 274007
2 0.538996 0.282982 2.09474 274040
2 0.538006 0.299981 2.09275 274073
2 0.538016 0.319292 2.09337 274107
2 0.53665 0.337369 2.09154 274141
2 0.536461 0.356266 2.09263 274174
2 0.536579 0.373749 2.09552 274207
2 0.535688 0.396672 2.10627 274240
2 0.531684 0.415958 2.11316 274274
2 0.528564 0.43285 2.11993 274308
2 0.526804 0.443952 2.1315 274341

3 0.578399 0.336158 2.16058 275281
3 0.581513 0.338383 2.16412 275316
3 0.582094 0.344013 2.16499 275348
3 0.583727 0.344175 2.16732 275381
3 0.585677 0.341093 2.16497 275414
3 0.587138 0.338577 2.16318 275448
3 0.587918 0.337041 2.16057 275482
3 0.589729 0.32973 2.16174 275516
3 0.590992 0.321976 2.15899 275549
3 0.595805 0.311907 2.15958 275582
3 0.599001 0.30401 2.15938 275616
3 0.601006 0.292469 2.15635 275648
3 0.604476 0.275971 2.15286 275682
3 0.60842 0.258608 2.146 275715
3 0.610742 0.244562 2.15229 275750
3 0.611687 0.229152 2.15929 275783
3 0.615689 0.215696 2.17113 275801
3 0.61587 0.205471 2.1744 275851
3 0.62016 0.196494 2.17436 275885
3 0.620079 0.18599 2.18268 275903
3 0.621559 0.179028 2.18889 275953
3 0.622292 0.175181 2.19185 275971
3 0.623221 0.172834 2.19116 276004
3 0.621537 0.171159 2.19244 276038
3 0.622042 0.170337 2.19052 276072
3 0.62051 0.176262 2.19056 276106
3 0.623744 0.180758 2.18297 276139
3 0.624453 0.189915 2.19245 276172
3 0.624112 0.199567 2.20365 276206
3 0.624481 0.214945 2.20627 276239
3 0.625226 0.228819 2.20875 276273
3 0.623051 0.24697 2.20432 276306
3 0.617922 0.262537 2.20407 276340
3 0.618583 0.277959 2.19999 276373
3 0.619525 0.296117 2.19787 276406
3 0.618282 0.312275 2.20635 276439
3 0.619513 0.329704 2.20662 276473
3 0.618668 0.349255 2.20803 276506
3 0.616091 0.368084 2.21453 276539
3 0.613873 0.38648 2.217 276573
3 0.607011 0.401576 2.22037 276607
3 0.604872 0.417398 2.22441 276642
3 0.603936 0.434787 2.22846 276676
3 0.603309 0.445887 2.2339 276708
3 0.601685 0.454179 2.23747 276741
3 0.600894 0.464142 2.24288 276774

4 0.659133 0.347018 2.20629 278980
4 0.657805 0.347366 2.20001 279013
4 0.659999 0.338717 2.19823 279047
4 0.6608 0.335006 2.19583 279080
4 0.66175 0.331775 2.19711 279114
4 0.664025 0.330455 2.19498 279146
4 0.665637 0.323235 2.19615 279180
4 0.66794 0.316133 2.19178 279214
4 0.671633 0.305602 2.19539 279248
4 0.673411 0.298077 2.19809 279281
4 0.677122 0.287165 2.20391 279315
4 0.68094 0.278418 2.20377 279349
4 0.682256 0.268273 2.2042 279382
4 0.685435 0.255939 2.21166 279415
4 0.690995 0.242518 2.21889 279449
4 0.694777 0.229761 2.22145 279483
4 0.696455 0.219208 2.22127 279517
4 0.6993 0.205676 2.22531 279551
4 0.701191 0.196734 2.22842 279583
4 0.705097 0.188597 2.23097 279615
4 0.707814 0.183177 2.2374 279648
4 0.709975 0.179957 2.24229 279682
4 0.710492 0.178825 2.24635 279715
4 0.711242 0.17704 2.25203 279748
4 0.713408 0.180196 2.24923 279781
4 0.713407 0.188415 2.24817 279814
4 0.714184 0.197584 2.24617 279848
4 0.712293 0.208902 2.23629 279882
4 0.713437 0.218116 2.23264 279914
4 0.712872 0.238841 2.22765 279948
4 0.712715 0.260838 2.22191 279982
4 0.710651 0.281623 2.21624 280014
4 0.710217 0.303841 2.21714 280047
4 0.709373 0.326132 2.2153 280079
4 0.708978 0.34894 2.21896 280111
4 0.708257 0.371076 2.22018 280145
4 0.706961 0.393779 2.2214 280178
4 0.706358 0.413953 2.22657 280212
4 0.700735 0.432084 2.22977 280245
4 0.697032 0.447831 2.2329 280280
4 0.69494 0.46051 2.23939 280313
4 0.693356 0.476262 2.24159 280348
4 0.692113 0.484442 2.24544 280381

5 -0.00553382 -2.53782 -0.00553382 -2.53782
5 -0.00553382 -2.53782 -0.00553382 -2.53782
5 -0.00553382 -2.53782 -0.00553382 -2.53782
5 -0.00553382 -2.53782 -0.00553382 -2.53782
5 0.74425 0.326946 2.2825 281519
5 0.745241 0.32604 2.28341 281552
5 0.744977 0.320757 2.28281 281586
5 0.746561 0.313111 2.28756 281620
5 0.752437 0.305991 2.29355 281652
5 0.754508 0.296586 2.2982 281686
5 0.756811 0.287083 2.29978 281719
5 0.761615 0.27442 2.30757 281753
5 0.766494 0.261778 2.30962 281786
5 0.767001 0.249232 2.31422 281819
5 0.768142 0.235397 2.31599 281853
5 0.771416 0.22503 2.32376 281887
5 0.773728 0.212676 2.33434 281920
5 0.776557 0.204981 2.33615 281954
5 0.777722 0.197359 2.34808 281988
5 0.779137 0.186209 2.3519 282021
5 0.776826 0.176467 2.35521 282054
5 0.779704 0.17264 2.36191 282088
5 0.77939 0.169193 2.36501 282120
5 0.779344 0.16691 2.36769 282153
5 0.784126 0.163541 2.37817 282186
5 0.784925 0.170039 2.37152 282220
5 0.78201 0.177422 2.36874 282254
5 0.784343 0.180909 2.36819 282287
5 0.787044 0.190086 2.3679 282321
5 0.787779 0.197721 2.36197 282353
5 0.787701 0.211703 2.3515 282388
5 0.787838 0.22894 2.34753 282421
5 0.789133 0.24201 2.34555 282455
5 0.789545 0.259162 2.33853 282488
5 0.787264 0.278163 2.33131 282520
5 0.783638 0.292454 2.32303 282554
5 0.785197 0.31466 2.32031 282586
5 0.786582 0.338078 2.33335 282620
5 0.784682 0.358015 2.33544 282654
5 0.783367 0.379765 2.33488 282687
5 0.779985 0.402719 2.32206 282720
5 0.773272 0.420198 2.32344 282753
5 0.769963 0.440343 2.31951 282787
5 0.766753 0.455644 2.33078 282821
5 0.765478 0.467845 2.33464 282854
5 0.760414 0.478496 2.3377 282889
5 0.757239 0.490864 2.34416 282907

6 0.814638 0.32315 2.41876 285786
6 0.818316 0.326822 2.41975 285819
6 0.820716 0.320949 2.40752 285852
6 0.823879 0.315977 2.40674 285885
6 0.825962 0.315935 2.40336 285919
6 0.826748 0.306058 2.40322 285952
6 0.831759 0.296837 2.40854 285986
6 0.837012 0.283735 2.41217 286019
6 0.840099 0.267548 2.41175 286053
6 0.844199 0.24639 2.42527 286086
6 0.846765 0.233441 2.43111 286119
6 0.848647 0.216584 2.43924 286152
6 0.850505 0.197447 2.45004 286185
6 0.852127 0.184483 2.45996 286218
6 0.852303 0.167827 2.46395 286252
6 0.852514 0.156782 2.46924 286285
6 0.850674 0.142038 2.47949 286319
6 0.850213 0.130313 2.48018 286351
6 0.850601 0.1236 2.48267 286386
6 0.850186 0.116581 2.48393 286418
6 0.849772 0.112215 2.48316 286452
6 0.849939 0.111957 2.48467 286485
6 0.849268 0.114182 2.49682 286518
6 0.84964 0.118295 2.50006 286551
6 0.852198 0.129529 2.48672 286585
6 0.853781 0.146034 2.47958 286618
6 0.854923 0.156887 2.47846 286651
6 0.854909 0.173016 2.47083 286685
6 0.855923 0.18124 2.47948 286718
6 0.856515 0.194206 2.47905 286752
6 0.861617 0.214198 2.46945 286785
6 0.865757 0.235606 2.46632 286817
6 0.866232 0.250584 2.46838 286852
6 0.867831 0.265875 2.46274 286885
6 0.865212 0.288802 2.44802 286919
6 0.866576 0.306231 2.4544 286953
6 0.868276 0.325915 2.46101 286987
6 0.868647 0.346019 2.46227 287021
6 0.868121 0.364353 2.46705 287055
6 0.862761 0.383066 2.46671 287089
6 0.858234 0.401816 2.46316 287122
6 0.856637 0.42318 2.46835 287155
6 0.851048 0.449168 2.47745 287190
6 0.844199 0.470087 2.47161 287224
6 0.840466 0.485395 2.46855 287259
6 0.837187 0.501114 2.46392 287293
6 0.83409 0.515223 2.46192 287326
6 0.834378 0.525859 2.46799 287360

7 0.41971 0.7242 2.11244 289951
7 0.419212 0.727116 2.11061 289985
7 0.420485 0.729614 2.11743 290019
7 0.424168 0.729491 2.12003 290052
7 0.425912 0.72453 2.11945 290084
7 0.429045 0.71719 2.11485 290118
7 0.430842 0.712555 2.11507 290151
7 0.431764 0.709967 2.11784 290184
7 0.433411 0.702265 2.11887 290217
7 0.434791 0.695805 2.12054 290266
7 0.438514 0.684579 2.11762 290282
7 0.443386 0.668503 2.11677 290315
7 0.447064 0.654951 2.11514 290364
7 0.449683 0.645443 2.11665 290381
7 0.452938 0.632624 2.11426 290415
7 0.457917 0.612806 2.11676 290464
7 0.460532 0.602367 2.12092 290497
7 0.46261 0.591176 2.12386 290513
7 0.463012 0.582445 2.12919 290564
7 0.463046 0.576237 2.1308 290597
7 0.462746 0.57311 2.13122 290613
7 0.463172 0.574222 2.13486 290665
7 0.462608 0.577721 2.13496 290681
7 0.462212 0.584215 2.13279 290732
7 0.461508 0.594468 2.12464 290765
7 0.462285 0.605814 2.12859 290782
7 0.462847 0.619389 2.12501 290833
7 0.463454 0.635189 2.12686 290850
7 0.462555 0.656795 2.13126 290882
7 0.466745 0.68011 2.13763 290933
7 0.466718 0.705257 2.1466 290950
7 0.467806 0.730055 2.15816 290984
7 0.467983 0.755202 2.16526 291018
7 0.466628 0.776153 2.16856 291051
7 0.467645 0.795949 2.18194 291085
7 0.472562 0.810198 2.19284 291118
7 0.474322 0.819672 2.19386 291151
7 0.476659 0.827693 2.20094 291184
7 0.477391 0.83272 2.20908 291218

8 0.523323 0.720688 2.23483 292223
8 0.523815 0.719736 2.23177 292255
8 0.526161 0.716817 2.23193 292289
8 0.529758 0.712383 2.23096 292323
8 0.5311 0.709788 2.23186 292357
8 0.534629 0.695137 2.22577 292389
8 0.536992 0.686283 2.22534 292423
8 0.540903 0.671941 2.22438 292455
8 0.543484 0.660346 2.22749 292487
8 0.547022 0.643487 2.22628 292521
8 0.551313 0.630135 2.23091 292554
8 0.553827 0.615417 2.23506 292588
8 0.558089 0.601945 2.24079 292622
8 0.561065 0.58844 2.24271 292655
8 0.562963 0.579255 2.24789 292689
8 0.562615 0.572086 2.25283 292723
8 0.563873 0.567899 2.26064 292755
8 0.564244 0.566337 2.26472 292788
8 0.565841 0.563546 2.26531 292822
8 0.565867 0.56866 2.2605 292857
8 0.567329 0.572508 2.25944 292890
8 0.568759 0.581452 2.25704 292924
8 0.568843 0.58617 2.24372 292957
8 0.56933 0.597047 2.24753 292991
8 0.567556 0.616173 2.25004 293026
8 0.568839 0.636386 2.24873 293059
8 0.570268 0.657807 2.2548 293093
8 0.570352 0.680981 2.25844 293127
8 0.570958 0.701719 2.2627 293161
8 0.570759 0.723272 2.26978 293195
8 0.568513 0.745438 2.2787 293228
8 0.568556 0.762117 2.2689 293262
8 0.569012 0.771876 2.28371 293297
8 0.564148 0.790817 2.29208 293330
8 0.561017 0.806739 2.30082 293364
8 0.560565 0.817065 2.31213 293398

9 0.626085 0.692973 2.3796 294259
9 0.626483 0.694201 2.38092 294293
9 0.626279 0.693439 2.37845 294327
9 0.626242 0.693085 2.38033 294360
9 0.626187 0.693599 2.38016 294393
9 0.626111 0.691474 2.37292 294426
9 0.628932 0.683047 2.37808 294460
9 0.63065 0.673254 2.37761 294493
9 0.635424 0.662072 2.38125 294526
9 0.637668 0.650364 2.38654 294561
9 0.640048 0.639299 2.39082 294594
9 0.641777 0.623325 2.39605 294628
9 0.642697 0.605528 2.40024 294662
9 0.64437 0.587247 2.40326 294695
9 0.645105 0.573376 2.41251 294728
9 0.644719 0.556044 2.41317 294761
9 0.64482 0.545228 2.41331 294795
9 0.645846 0.539878 2.42194 294830
9 0.645875 0.536445 2.42139 294864
9 0.646108 0.535108 2.43291 294897
9 0.646456 0.534142 2.4327 294931
9 0.646573 0.533905 2.4322 294963
9 0.647587 0.542398 2.43343 294997
9 0.647851 0.549234 2.44152 295029
9 0.650501 0.563858 2.43264 295061
9 0.654567 0.584891 2.42644 295095
9 0.654336 0.605625 2.42238 295128
9 0.654125 0.62767 2.42252 295161
9 0.655126 0.650664 2.42417 295194
9 0.655684 0.670309 2.42771 295227
9 0.652134 0.694782 2.42659 295260
9 0.649747 0.719051 2.432 295294
9 0.647917 0.741562 2.44023 295327
9 0.64603 0.765196 2.44639 295359
9 0.643177 0.780486 2.44241 295393
9 0.641891 0.797301 2.45405 295426
9 0.640415 0.809204 2.45603 295459

