Gesto: 2
0 0.311721 0.246994 2.20403 347269
0 0.315244 0.246447 2.20366 347303
0 0.317768 0.246113 2.20171 347337
0 0.321746 0.241081 2.20283 347370
0 0.32698 0.238545 2.19669 347404
0 0.333697 0.235952 2.19243 347437
0 0.343253 0.234276 2.18354 347470
0 0.35253 0.233214 2.17677 347519
0 0.365647 0.231681 2.16993 347550
0 0.375349 0.231249 2.16811 347583
0 0.386029 0.231203 2.16747 347615
0 0.397971 0.231643 2.16577 347649
0 0.411345 0.228424 2.16224 347681
0 0.422748 0.224684 2.15852 347713
0 0.43428 0.222808 2.15568 347745
0 0.4413 0.22056 2.157 347777
0 0.448329 0.219956 2.15752 347809
0 0.453715 0.22385 2.15721 347842
0 0.456379 0.226137 2.15618 347874
0 0.456605 0.226708 2.15198 347907
0 0.452173 0.228389 2.14591 347940
0 0.44965 0.230204 2.14725 347973
0 0.448307 0.230769 2.14528 348006
0 0.447091 0.230896 2.14627 348040
0 0.44114 0.238897 2.14311 348073
0 0.437257 0.244979 2.13745 348107
0 0.430117 0.249648 2.14087 348139
0 0.424668 0.260088 2.13389 348173
0 0.414941 0.27377 2.13161 348205
0 0.406813 0.285862 2.12541 348238
0 0.396893 0.298125 2.12335 348288
0 0.385013 0.312995 2.12495 348305
0 0.376288 0.324684 2.12529 348338
0 0.365954 0.337092 2.13465 348372
0 0.357707 0.350643 2.14917 348406
0 0.350325 0.36324 2.16304 348439
0 0.343138 0.376071 2.16467 348473
0 0.337664 0.381852 2.16602 348508
0 0.333092 0.387938 2.17449 348541
0 0.331739 0.392601 2.17741 348575
0 0.329116 0.395771 2.1777 348608
0 0.328363 0.396995 2.17611 348642
0 0.327844 0.398218 2.17953 348676
0 0.328216 0.399732 2.18367 348709
0 0.328695 0.39984 2.18492 348743
0 0.329747 0.403741 2.18247 348777
0 0.336867 0.401789 2.1838 348811
0 0.343455 0.399274 2.1811 348844
0 0.354137 0.397957 2.17306 348878
0 0.363031 0.396618 2.16615 348911
0 0.376322 0.394791 2.15047 348943
0 0.38655 0.395904 2.1493 348975
0 0.399859 0.397561 2.14839 349010
0 0.414134 0.398615 2.14877 349043
0 0.429655 0.396046 2.14798 349076
0 0.44266 0.396318 2.15012 349109
0 0.454923 0.395476 2.15574 349143
0 0.468318 0.394846 2.16624 349178
0 0.478551 0.39418 2.17269 349211
0 0.488482 0.394253 2.1784 349244
0 0.494904 0.395735 2.17732 349277

1 0.325116 0.223781 2.22086 350708
1 0.325222 0.223678 2.21679 350741
1 0.325593 0.224187 2.22297 350775
1 0.324453 0.223181 2.21682 350809
1 0.327179 0.224687 2.22074 350842
1 0.328634 0.226579 2.22102 350876
1 0.333205 0.226276 2.21307 350910
1 0.339742 0.228251 2.20997 350943
1 0.346212 0.229014 2.19989 350976
1 0.356538 0.229126 2.19516 351009
1 0.367638 0.232361 2.18708 351044
1 0.377638 0.23309 2.18193 351076
1 0.390636 0.233488 2.17588 351109
1 0.403094 0.233519 2.16926 351143
1 0.413698 0.236329 2.16862 351177
1 0.425895 0.241461 2.16893 351211
1 0.435992 0.240555 2.17038 351244
1 0.446146 0.243957 2.17195 351277
1 0.456118 0.244811 2.17117 351311
1 0.464461 0.245967 2.1737 351345
1 0.46897 0.246789 2.17416 351379
1 0.473084 0.248733 2.1751 351413
1 0.475376 0.250298 2.17326 351447
1 0.477411 0.25273 2.1724 351481
1 0.478364 0.253894 2.17396 351514
1 0.477447 0.251873 2.17163 351547
1 0.477081 0.250243 2.17224 351581
1 0.474931 0.251865 2.17316 351614
1 0.469674 0.258895 2.16887 351646
1 0.464764 0.262603 2.17091 351677
1 0.461501 0.265056 2.17145 351710
1 0.454924 0.267364 2.16992 351744
1 0.451126 0.277594 2.1574 351775
1 0.442839 0.28261 2.15903 351807
1 0.433859 0.295328 2.15987 351839
1 0.424415 0.310306 2.16161 351889
1 0.41371 0.320768 2.15778 351922
1 0.403743 0.329542 2.15768 351956
1 0.395066 0.347908 2.15892 351989
1 0.388969 0.36142 2.15709 352007
1 0.380152 0.373529 2.16458 352040
1 0.373888 0.381336 2.16817 352089
1 0.365971 0.393529 2.17364 352123
1 0.360938 0.400678 2.18022 352139
1 0.356423 0.407121 2.18732 352189
1 0.350941 0.412931 2.19184 352222
1 0.345647 0.419961 2.19502 352239
1 0.34267 0.424166 2.19444 352289
1 0.340787 0.426339 2.20196 352323
1 0.339913 0.428959 2.20481 352339
1 0.338726 0.429504 2.20935 352388
1 0.338426 0.429766 2.20596 352422
1 0.339281 0.429593 2.20261 352439
1 0.342426 0.430213 2.19954 352489
1 0.348646 0.425086 2.20019 352523
1 0.354766 0.421128 2.19291 352539
1 0.361041 0.421011 2.18668 352591
1 0.37057 0.419197 2.18108 352607
1 0.379454 0.417441 2.17964 352640
1 0.390014 0.416597 2.17487 352690
1 0.402539 0.415491 2.16973 352706
1 0.417459 0.41304 2.15778 352741
1 0.430361 0.412198 2.16255 352774
1 0.444241 0.411652 2.1657 352808
1 0.455728 0.412497 2.17297 352841
1 0.466111 0.412725 2.17474 352875
1 0.478542 0.411783 2.17694 352909
1 0.491621 0.411022 2.1777 352942
1 0.499695 0.410662 2.17673 352975
1 0.509085 0.410038 2.18199 353009
1 0.514318 0.409349 2.19031 353043
1 0.517299 0.408479 2.19433 353077

2 0.329086 0.22772 2.23751 354487
2 0.328759 0.227519 2.23904 354521
2 0.331437 0.22574 2.23275 354555
2 0.332206 0.226121 2.23104 354587
2 0.336914 0.226871 2.22359 354621
2 0.34112 0.227381 2.2188 354654
2 0.346634 0.22772 2.207 354688
2 0.354995 0.230199 2.20041 354721
2 0.363983 0.230241 2.19354 354755
2 0.374184 0.230618 2.18506 354788
2 0.383656 0.230355 2.18141 354820
2 0.396849 0.231138 2.17977 354853
2 0.410713 0.231745 2.17008 354886
2 0.423161 0.232886 2.16834 354919
2 0.434418 0.234159 2.1648 354951
2 0.444968 0.236298 2.16568 354983
2 0.456163 0.238311 2.15756 355017
2 0.464118 0.241558 2.16079 355050
2 0.469046 0.244551 2.16165 355083
2 0.476497 0.245595 2.16186 355117
2 0.481335 0.245042 2.16327 355150
2 0.484047 0.244495 2.1658 355183
2 0.485413 0.244154 2.1662 355217
2 0.480741 0.245348 2.16378 355251
2 0.477788 0.246265 2.16491 355283
2 0.475733 0.247017 2.16548 355316
2 0.469775 0.248327 2.16709 355349
2 0.466272 0.250438 2.16092 355382
2 0.462739 0.256887 2.15708 355416
2 0.455819 0.2631 2.15787 355450
2 0.450383 0.273386 2.15134 355483
2 0.442573 0.280222 2.15052 355516
2 0.435028 0.287132 2.15011 355550
2 0.42758 0.297397 2.14856 355582
2 0.418207 0.3131 2.14325 355614
2 0.405619 0.329165 2.14244 355647
2 0.395548 0.338706 2.15245 355681
2 0.384907 0.352499 2.16258 355713
2 0.375241 0.365375 2.17101 355745
2 0.363976 0.375206 2.18052 355780
2 0.355795 0.384785 2.18587 355813
2 0.347578 0.394127 2.19184 355847
2 0.341445 0.399956 2.20142 355878
2 0.338727 0.401952 2.20916 355910
2 0.337561 0.404984 2.21105 355944
2 0.337658 0.405884 2.20976 355993
2 0.341643 0.406247 2.20666 356010
2 0.346423 0.405953 2.20933 356042
2 0.351345 0.40201 2.20856 356091
2 0.360698 0.404552 2.19963 356125
2 0.370062 0.405164 2.18953 356158
2 0.378831 0.406001 2.18488 356191
2 0.388506 0.403223 2.1798 356224
2 0.401333 0.402919 2.17978 356257
2 0.413396 0.401469 2.1736 356290
2 0.427106 0.398514 2.17177 356324
2 0.442357 0.396114 2.17459 356357
2 0.456523 0.393705 2.17617 356391
2 0.46964 0.3944 2.1798 356425
2 0.480674 0.393033 2.18697 356458
2 0.492845 0.392831 2.19471 356492
2 0.503664 0.392292 2.20292 356509
2 0.510242 0.392786 2.20207 356560

3 0.327044 0.224088 2.23619 357855
3 0.328364 0.225393 2.23627 357889
3 0.329325 0.226494 2.23471 357923
3 0.33132 0.225389 2.23104 357957
3 0.334125 0.224436 2.22544 357991
3 0.34277 0.225236 2.21336 358024
3 0.353538 0.221916 2.20126 358058
3 0.366163 0.220054 2.18721 358092
3 0.380918 0.222931 2.18176 358126
3 0.39504 0.225119 2.18044 358159
3 0.406575 0.226546 2.17707 358192
3 0.420141 0.226795 2.17561 358226
3 0.433302 0.224189 2.16494 358259
3 0.445434 0.226296 2.16251 358293
3 0.458292 0.228505 2.16017 358325
3 0.472053 0.228946 2.16034 358359
3 0.48052 0.228333 2.16421 358392
3 0.490017 0.227077 2.16335 358425
3 0.495683 0.226793 2.163 358458
3 0.501342 0.227942 2.16608 358492
3 0.504462 0.228879 2.16264 358525
3 0.505123 0.225503 2.16241 358558
3 0.501564 0.227706 2.16575 358591
3 0.498771 0.231222 2.16367 358623
3 0.494613 0.23635 2.16475 358657
3 0.487149 0.241166 2.16621 358690
3 0.481253 0.244104 2.1662 358723
3 0.472708 0.246962 2.15995 358757
3 0.466277 0.254398 2.16174 358790
3 0.457937 0.261019 2.15642 358823
3 0.446685 0.272587 2.1552 358857
3 0.437132 0.28246 2.16152 358890
3 0.42721 0.294204 2.15957 358924
3 0.416689 0.304331 2.15653 358957
3 0.405212 0.316568 2.15501 358990
3 0.395374 0.33046 2.15924 359022
3 0.384755 0.34161 2.1657 359056
3 0.374835 0.356875 2.17355 359089
3 0.363584 0.36492 2.17799 359123
3 0.351521 0.376434 2.18435 359156
3 0.343745 0.382582 2.19086 359189
3 0.335321 0.391707 2.19942 359223
3 0.328279 0.399042 2.20817 359256
3 0.324376 0.402609 2.20804 359288
3 0.321017 0.405019 2.21807 359323
3 0.319674 0.407454 2.22042 359355
3 0.31898 0.408676 2.22113 359389
3 0.319056 0.407973 2.22557 359422
3 0.319071 0.408997 2.21751 359455
3 0.322074 0.412026 2.21832 359490
3 0.326077 0.412175 2.21655 359521
3 0.331672 0.410963 2.20686 359554
3 0.33729 0.408496 2.19955 359587
3 0.346763 0.403809 2.19119 359621
3 0.357062 0.403361 2.1851 359655
3 0.369269 0.404316 2.1806 359687
3 0.382444 0.402456 2.17185 359719
3 0.397346 0.400896 2.16228 359753
3 0.414138 0.396818 2.15308 359786
3 0.429943 0.394352 2.14528 359819
3 0.444979 0.393065 2.1487 359852
3 0.459407 0.392845 2.15619 359886
3 0.475152 0.393115 2.1577 359919
3 0.489914 0.391836 2.15802 359953
3 0.502837 0.389611 2.15835 359987
3 0.512211 0.390817 2.15885 360019
3 0.523411 0.390694 2.161 360052
3 0.530857 0.390242 2.16542 360086

4 0.319141 0.219446 2.24624 361327
4 0.318945 0.21913 2.24899 361361
4 0.319563 0.218578 2.24745 361395
4 0.319771 0.217824 2.2493 361429
4 0.320357 0.219052 2.241 361463
4 0.323113 0.221978 2.23732 361480
4 0.32789 0.22214 2.24065 361530
4 0.331441 0.223285 2.22933 361563
4 0.338764 0.226161 2.21838 361580
4 0.347713 0.227107 2.20756 361629
4 0.357754 0.228122 2.19617 361663
4 0.368562 0.22775 2.18826 361680
4 0.378403 0.229944 2.18086 361731
4 0.390699 0.231328 2.17623 361764
4 0.403103 0.23298 2.17095 361780
4 0.415524 0.23266 2.16599 361831
4 0.42935 0.233334 2.16136 361864
4 0.442341 0.233141 2.15853 361881
4 0.451988 0.233535 2.15966 361932
4 0.463317 0.233898 2.1544 361949
4 0.475989 0.233797 2.15287 361983
4 0.485345 0.235712 2.15142 362017
4 0.493348 0.236517 2.15509 362050
4 0.499746 0.234879 2.14979 362083
4 0.504665 0.234084 2.15187 362117
4 0.50727 0.233562 2.15279 362150
4 0.508822 0.235286 2.15227 362183
4 0.507023 0.239427 2.1521 362217
4 0.505213 0.242151 2.15216 362249
4 0.503997 0.243946 2.15045 362281
4 0.498992 0.246097 2.15009 362332
4 0.494922 0.25475 2.14697 362348
4 0.487028 0.260879 2.1538 362382
4 0.479763 0.267718 2.1506 362432
4 0.472525 0.277829 2.14261 362449
4 0.463033 0.286103 2.13658 362497
4 0.450766 0.298482 2.13467 362530
4 0.438544 0.315449 2.13656 362563
4 0.426409 0.3336 2.13294 362597
4 0.41398 0.348568 2.13586 362631
4 0.400479 0.364418 2.1343 362663
4 0.388384 0.375202 2.13929 362697
4 0.373563 0.388093 2.15615 362728
4 0.362166 0.402365 2.17122 362761
4 0.351597 0.416892 2.17723 362794
4 0.340744 0.427681 2.18725 362826
4 0.331818 0.436941 2.19966 362860
4 0.327433 0.44236 2.20658 362894
4 0.325862 0.448177 2.21992 362928
4 0.325748 0.451039 2.22799 362962
4 0.327124 0.452958 2.22711 362997
4 0.329103 0.452449 2.22544 363032
4 0.332824 0.451465 2.22103 363048
4 0.338255 0.448513 2.21451 363097
4 0.347784 0.442399 2.2088 363130
4 0.357829 0.437154 2.20358 363163
4 0.371359 0.432581 2.19471 363198
4 0.385321 0.426944 2.18781 363231
4 0.399071 0.424034 2.18819 363248
4 0.413562 0.423639 2.18621 363298
4 0.4289 0.419838 2.18193 363315
4 0.444401 0.417197 2.18109 363348
4 0.46253 0.416336 2.18141 363400
4 0.480007 0.415554 2.18637 363416
4 0.496576 0.416404 2.19546 363450
4 0.511603 0.418111 2.19226 363498
4 0.521201 0.419066 2.19516 363531
4 0.53207 0.418791 2.21038 363548
4 0.540184 0.416769 2.21903 363598
4 0.545349 0.415368 2.22288 363630
4 0.543708 0.411326 2.22599 363662

5 0.327531 0.208184 2.20562 364754
5 0.329964 0.209482 2.19974 364786
5 0.333409 0.208166 2.19831 364821
5 0.335139 0.20757 2.19501 364854
5 0.339453 0.207576 2.19155 364888
5 0.346002 0.208863 2.18394 364922
5 0.355617 0.205337 2.17657 364955
5 0.3663 0.204088 2.16645 364988
5 0.380053 0.202679 2.15985 365020
5 0.394612 0.201319 2.15803 365054
5 0.410095 0.20243 2.14932 365088
5 0.424783 0.202849 2.14174 365123
5 0.439295 0.202457 2.14581 365155
5 0.453362 0.203282 2.13955 365189
5 0.468949 0.203886 2.13865 365222
5 0.480602 0.208665 2.13432 365255
5 0.492221 0.212989 2.13037 365288
5 0.499821 0.215447 2.13017 365321
5 0.505867 0.216619 2.13167 365354
5 0.512635 0.216038 2.13196 365387
5 0.515702 0.219215 2.13038 365422
5 0.517709 0.217793 2.12768 365454
5 0.519192 0.217013 2.12079 365487
5 0.518319 0.219369 2.11737 365521
5 0.513702 0.22468 2.12113 365555
5 0.510413 0.22891 2.12166 365587
5 0.503808 0.2329 2.12302 365620
5 0.498238 0.240644 2.12715 365654
5 0.488869 0.24592 2.12722 365687
5 0.477114 0.256179 2.12972 365721
5 0.470077 0.263851 2.13271 365755
5 0.459686 0.274941 2.13549 365788
5 0.447337 0.282794 2.14135 365821
5 0.434409 0.288324 2.14526 365854
5 0.422119 0.299814 2.14758 365888
5 0.411616 0.312278 2.14845 365921
5 0.399608 0.320639 2.1636 365954
5 0.386212 0.333083 2.16739 365988
5 0.375146 0.342618 2.17748 366022
5 0.362823 0.352213 2.19066 366055
5 0.352121 0.361354 2.20483 366088
5 0.341261 0.371038 2.21737 366121
5 0.336094 0.379134 2.22686 366154
5 0.330228 0.386651 2.23678 366187
5 0.327194 0.391166 2.24224 366221
5 0.326088 0.393666 2.24235 366254
5 0.325423 0.394127 2.24213 366286
5 0.324338 0.394667 2.24 366321
5 0.324731 0.39519 2.24094 366353
5 0.326886 0.394311 2.23747 366402
5 0.331742 0.392293 2.2318 366436
5 0.337631 0.392269 2.22416 366452
5 0.342647 0.394171 2.21118 366501
5 0.354308 0.391564 2.1996 366518
5 0.364471 0.391666 2.1908 366551
5 0.374225 0.391128 2.17962 366599
5 0.385866 0.389857 2.17133 366633
5 0.399515 0.386443 2.1655 366666
5 0.415268 0.382308 2.15796 366697
5 0.430553 0.378605 2.15349 366732
5 0.445891 0.376046 2.15393 366765
5 0.45996 0.374662 2.1521 366799
5 0.474296 0.373002 2.14905 366832
5 0.489211 0.372089 2.15082 366864
5 0.502148 0.370063 2.15197 366897
5 0.515357 0.365367 2.1531 366930
5 0.525891 0.359419 2.15541 366963
5 0.536815 0.355724 2.1574 366996
5 0.541746 0.355856 2.15961 367029
5 0.543874 0.355194 2.16412 367064

6 0.316382 0.199797 2.2542 368335
6 0.318366 0.198712 2.25447 368368
6 0.323959 0.202364 2.24065 368401
6 0.328114 0.201883 2.2423 368434
6 0.33407 0.20251 2.23978 368468
6 0.342452 0.203822 2.22533 368486
6 0.350419 0.204962 2.2123 368537
6 0.359145 0.206116 2.20315 368555
6 0.371318 0.208016 2.19337 368589
6 0.384594 0.209422 2.18636 368622
6 0.396771 0.210207 2.18154 368656
6 0.412062 0.212313 2.17606 368691
6 0.427392 0.214037 2.16991 368724
6 0.442776 0.215316 2.16552 368757
6 0.459328 0.217897 2.16363 368791
6 0.473484 0.219525 2.16309 368824
6 0.487485 0.221248 2.16261 368858
6 0.500989 0.223903 2.15977 368891
6 0.510056 0.226827 2.15709 368925
6 0.516006 0.229075 2.15415 368958
6 0.519091 0.229935 2.15518 368992
6 0.521043 0.231961 2.1555 369027
6 0.521615 0.232486 2.14855 369060
6 0.521972 0.232062 2.14746 369093
6 0.521134 0.230189 2.14758 369127
6 0.5169 0.232176 2.14636 369160
6 0.511443 0.237218 2.15095 369194
6 0.502799 0.241544 2.15623 369227
6 0.496291 0.24879 2.14958 369260
6 0.487001 0.256519 2.15985 369294
6 0.475727 0.270233 2.15809 369327
6 0.463156 0.280302 2.15133 369361
6 0.45013 0.293665 2.14694 369394
6 0.436259 0.310105 2.1443 369429
6 0.422186 0.321641 2.13391 369462
6 0.409116 0.33218 2.13548 369495
6 0.395799 0.348751 2.14583 369527
6 0.384619 0.363473 2.16218 369559
6 0.372971 0.376376 2.17136 369592
6 0.362829 0.387431 2.18565 369625
6 0.352986 0.39756 2.19886 369658
6 0.344631 0.402981 2.19742 369691
6 0.337196 0.410025 2.20794 369724
6 0.331935 0.418769 2.21522 369756
6 0.331334 0.418586 2.22315 369806
6 0.329693 0.417557 2.22269 369822
6 0.332305 0.415942 2.22799 369855
6 0.336686 0.414974 2.22903 369906
6 0.341306 0.412626 2.22657 369922
6 0.348347 0.410547 2.22578 369957
6 0.359469 0.410185 2.20794 370005
6 0.372877 0.409745 2.19832 370022
6 0.387205 0.410983 2.18928 370055
6 0.403784 0.411349 2.18334 370105
6 0.420028 0.412877 2.18176 370139
6 0.438495 0.412695 2.17498 370156
6 0.455348 0.412384 2.1737 370205
6 0.471618 0.411608 2.16998 370236
6 0.488029 0.410833 2.16536 370269
6 0.50188 0.409161 2.16515 370302
6 0.514756 0.408563 2.16721 370335
6 0.524775 0.409129 2.17116 370368
6 0.531223 0.409424 2.17288 370402
6 0.538542 0.40784 2.17778 370435
6 0.543295 0.405787 2.18927 370469
6 0.545896 0.404799 2.19224 370502

7 0.312371 0.206939 2.24419 371757
7 0.315461 0.212546 2.24063 371791
7 0.320026 0.21106 2.24283 371825
7 0.325339 0.211381 2.23261 371859
7 0.331938 0.216592 2.22477 371891
7 0.340465 0.216798 2.20777 371925
7 0.3514 0.217073 2.19758 371959
7 0.365105 0.218695 2.183 371993
7 0.37932 0.219168 2.17933 372026
7 0.393709 0.220789 2.16975 372060
7 0.407531 0.224668 2.15993 372094
7 0.422375 0.228509 2.15198 372128
7 0.435046 0.232635 2.14267 372160
7 0.447772 0.235485 2.13775 372194
7 0.464384 0.238075 2.13065 372228
7 0.481119 0.240393 2.13455 372260
7 0.492309 0.246439 2.13155 372294
7 0.502554 0.244986 2.13312 372329
7 0.510264 0.249165 2.13077 372362
7 0.514441 0.250736 2.13287 372396
7 0.516627 0.251696 2.13557 372430
7 0.517881 0.251861 2.138 372464
7 0.518463 0.252204 2.13706 372498
7 0.518576 0.252352 2.13724 372531
7 0.5138 0.253974 2.1313 372565
7 0.514854 0.256745 2.13298 372599
7 0.511828 0.262875 2.12995 372632
7 0.503332 0.265178 2.13751 372667
7 0.492822 0.269461 2.14943 372700
7 0.485203 0.279249 2.14128 372734
7 0.475744 0.285987 2.13708 372767
7 0.466735 0.291302 2.14649 372801
7 0.458576 0.300661 2.13848 372835
7 0.445796 0.309166 2.13852 372869
7 0.432269 0.31845 2.14154 372902
7 0.418514 0.331107 2.14787 372935
7 0.408944 0.342739 2.15531 372967
7 0.396867 0.354355 2.16692 373000
7 0.386694 0.361865 2.1705 373034
7 0.376987 0.370866 2.18292 373068
7 0.366915 0.379526 2.19573 373101
7 0.352974 0.391053 2.21437 373136
7 0.342145 0.399666 2.23073 373169
7 0.328349 0.406988 2.24877 373203
7 0.32179 0.415322 2.26098 373236
7 0.315363 0.422869 2.27544 373269
7 0.311087 0.426526 2.2837 373303
7 0.30867 0.428299 2.28931 373337
7 0.310483 0.42621 2.29148 373371
7 0.312642 0.42541 2.29126 373404
7 0.314313 0.423344 2.28463 373437
7 0.3179 0.421302 2.27325 373470
7 0.323935 0.418848 2.26413 373502
7 0.331539 0.417101 2.25601 373534
7 0.33928 0.415038 2.24803 373567
7 0.351049 0.41399 2.23511 373601
7 0.366082 0.418192 2.21788 373634
7 0.382832 0.41625 2.20316 373667
7 0.397955 0.414046 2.19094 373700
7 0.416998 0.416128 2.18439 373732
7 0.434115 0.41825 2.17873 373765
7 0.450702 0.420164 2.17537 373798
7 0.466838 0.423162 2.17551 373831
7 0.483826 0.425013 2.17275 373865
7 0.50341 0.423945 2.16867 373897
7 0.518536 0.420752 2.16167 373931
7 0.53135 0.419815 2.16663 373964
7 0.541042 0.416661 2.18005 373997

8 0.307996 0.199719 2.281 375267
8 0.308871 0.200836 2.27862 375300
8 0.309633 0.201847 2.27319 375334
8 0.312152 0.200282 2.26901 375368
8 0.314051 0.19992 2.26358 375401
8 0.317368 0.199238 2.25601 375435
8 0.322436 0.201108 2.25108 375469
8 0.328089 0.202573 2.24148 375503
8 0.33629 0.201817 2.23422 375537
8 0.344315 0.204332 2.21573 375570
8 0.356142 0.201861 2.20204 375604
8 0.368198 0.200981 2.19496 375638
8 0.381932 0.204692 2.18413 375672
8 0.397868 0.20409 2.16947 375706
8 0.411336 0.206919 2.16216 375740
8 0.425881 0.210409 2.15347 375774
8 0.441265 0.214671 2.142 375808
8 0.455952 0.215501 2.13537 375841
8 0.472118 0.216472 2.13351 375875
8 0.486681 0.224082 2.12794 375908
8 0.498878 0.227353 2.1286 375941
8 0.508243 0.230908 2.12791 375974
8 0.514546 0.233546 2.12626 376009
8 0.520738 0.236748 2.12432 376041
8 0.527362 0.236637 2.12943 376075
8 0.529953 0.23804 2.13467 376092
8 0.531259 0.243923 2.12285 376143
8 0.529792 0.245016 2.11542 376160
8 0.525688 0.248489 2.11646 376195
8 0.522483 0.251317 2.11778 376229
8 0.515825 0.254024 2.11764 376262
8 0.511257 0.254861 2.11651 376293
8 0.507954 0.262509 2.10621 376342
8 0.502376 0.267615 2.10407 376375
8 0.49255 0.278271 2.11101 376407
8 0.479491 0.285968 2.1105 376439
8 0.466018 0.297103 2.11027 376472
8 0.457668 0.305644 2.10576 376506
8 0.445444 0.320317 2.11188 376539
8 0.431305 0.338254 2.11171 376572
8 0.417455 0.349795 2.11443 376606
8 0.4023 0.364475 2.1196 376639
8 0.390107 0.377407 2.12976 376671
8 0.371121 0.393952 2.14737 376704
8 0.35931 0.406658 2.16579 376737
8 0.347183 0.418775 2.18075 376771
8 0.33536 0.427886 2.20563 376803
8 0.327474 0.437432 2.22001 376835
8 0.318468 0.444517 2.23448 376867
8 0.312105 0.449476 2.24934 376902
8 0.308864 0.452465 2.25731 376935
8 0.306598 0.452964 2.26297 376968
8 0.305906 0.453897 2.26523 377001
8 0.306395 0.453489 2.27226 377034
8 0.311569 0.451377 2.26542 377067
8 0.317338 0.452153 2.2638 377100
8 0.326407 0.449213 2.26142 377133
8 0.335176 0.445239 2.2545 377166
8 0.347073 0.444294 2.24386 377198
8 0.362442 0.441613 2.2281 377231
8 0.378478 0.438538 2.21496 377266
8 0.395565 0.435594 2.20641 377298
8 0.411615 0.434652 2.20161 377332
8 0.427519 0.434926 2.19689 377366
8 0.445294 0.435348 2.19939 377399
8 0.462806 0.435909 2.19932 377432
8 0.480788 0.435516 2.19461 377466
8 0.499093 0.432904 2.20188 377500
8 0.516351 0.430426 2.20584 377533
8 0.531478 0.427714 2.21311 377568
8 0.539622 0.422143 2.21721 377602
8 0.549781 0.419517 2.22616 377635
8 0.552722 0.414326 2.233 377668

9 0.312502 0.183272 2.28663 378903
9 0.312041 0.183938 2.27417 378936
9 0.311321 0.187846 2.27008 378969
9 0.313357 0.19168 2.26819 379003
9 0.31636 0.193731 2.26453 379037
9 0.318889 0.195571 2.25446 379071
9 0.32161 0.197317 2.25074 379105
9 0.327847 0.199971 2.24123 379138
9 0.337454 0.201029 2.22711 379171
9 0.345098 0.203918 2.20973 379205
9 0.354696 0.205346 2.19862 379239
9 0.367397 0.20333 2.18409 379273
9 0.380917 0.202849 2.17065 379307
9 0.397716 0.200711 2.15904 379341
9 0.412428 0.199405 2.1458 379375
9 0.428199 0.200397 2.13464 379408
9 0.444317 0.201295 2.12706 379441
9 0.459118 0.202011 2.12127 379474
9 0.474255 0.203178 2.11402 379508
9 0.484075 0.20351 2.11181 379542
9 0.492438 0.204765 2.11115 379576
9 0.497446 0.20874 2.10853 379610
9 0.500355 0.208535 2.10902 379644
9 0.502891 0.204222 2.11347 379678
9 0.502131 0.203356 2.11175 379695
9 0.497419 0.207708 2.11186 379745
9 0.493925 0.211587 2.11095 379778
9 0.485411 0.211423 2.11783 379796
9 0.476312 0.213805 2.12348 379846
9 0.468941 0.221541 2.12842 379863
9 0.459242 0.228508 2.12341 379897
9 0.449039 0.233293 2.1171 379931
9 0.443945 0.242963 2.11404 379965
9 0.434556 0.254858 2.13048 379999
9 0.420453 0.27133 2.12517 380033
9 0.405908 0.289761 2.13025 380066
9 0.396486 0.307596 2.13491 380100
9 0.385445 0.320822 2.14596 380134
9 0.3728 0.333717 2.15475 380167
9 0.361945 0.350714 2.16901 380201
9 0.351533 0.363355 2.17892 380234
9 0.33974 0.378352 2.19377 380268
9 0.332187 0.388852 2.20558 380301
9 0.326503 0.397014 2.21795 380333
9 0.323402 0.402107 2.22319 380366
9 0.320934 0.404421 2.23019 380415
9 0.319968 0.405262 2.23765 380447
9 0.318526 0.404873 2.24064 380463
9 0.317537 0.405101 2.24822 380514
9 0.317868 0.406452 2.25241 380531
9 0.31974 0.409257 2.24947 380566
9 0.322796 0.411787 2.24778 380599
9 0.327623 0.411138 2.24446 380632
9 0.335926 0.41108 2.23775 380666
9 0.345551 0.410418 2.22624 380700
9 0.35837 0.410152 2.2094 380733
9 0.374844 0.410601 2.19457 380766
9 0.390806 0.411464 2.187 380800
9 0.409274 0.410904 2.17438 380833
9 0.425936 0.411147 2.16199 380867
9 0.442694 0.411797 2.16075 380899
9 0.457775 0.412306 2.16148 380933
9 0.475616 0.413394 2.16283 380966
9 0.49388 0.411995 2.16255 381015
9 0.507581 0.413087 2.15516 381032
9 0.520313 0.412283 2.15429 381066
9 0.527665 0.411182 2.15519 381099
9 0.536262 0.409495 2.15746 381132

10 0.31649 0.22013 2.24938 382175
10 0.318434 0.219258 2.2473 382208
10 0.318016 0.21987 2.24191 382241
10 0.319811 0.219317 2.23904 382275
10 0.324365 0.222254 2.23723 382309
10 0.32932 0.223087 2.23336 382343
10 0.339448 0.219615 2.22857 382377
10 0.351385 0.217693 2.21193 382411
10 0.365546 0.217693 2.19836 382446
10 0.381609 0.215203 2.19372 382479
10 0.397533 0.213961 2.18761 382513
10 0.413794 0.213406 2.18155 382547
10 0.431448 0.211757 2.17751 382580
10 0.447791 0.209644 2.1697 382615
10 0.46168 0.20479 2.16973 382631
10 0.475475 0.199158 2.16927 382681
10 0.484704 0.197836 2.16728 382715
10 0.492968 0.198098 2.16104 382732
10 0.499533 0.196591 2.14785 382782
10 0.501556 0.1972 2.14897 382799
10 0.498185 0.201821 2.152 382851
10 0.495523 0.205485 2.15573 382868
10 0.492555 0.215291 2.14672 382903
10 0.482843 0.224321 2.14358 382937
10 0.47283 0.235554 2.14182 382969
10 0.462829 0.245829 2.13136 383002
10 0.452375 0.25957 2.12556 383036
10 0.439421 0.274675 2.11827 383071
10 0.423956 0.299049 2.11808 383104
10 0.409228 0.314938 2.13146 383139
10 0.39324 0.333384 2.14554 383172
10 0.377316 0.351084 2.1576 383206
10 0.365584 0.368758 2.1667 383238
10 0.35556 0.379502 2.17271 383272
10 0.350888 0.38769 2.18108 383305
10 0.350024 0.393699 2.18878 383339
10 0.354292 0.394396 2.18768 383373
10 0.361558 0.396411 2.18466 383408
10 0.371797 0.398037 2.18054 383441
10 0.384406 0.402756 2.17276 383476
10 0.39832 0.404374 2.17037 383509
10 0.413162 0.404613 2.16416 383542
10 0.428874 0.407129 2.15505 383576
10 0.447198 0.407976 2.14777 383611
10 0.46698 0.407331 2.15363 383644
10 0.485284 0.409007 2.15423 383678
10 0.505604 0.409245 2.15593 383712
10 0.525878 0.409723 2.1557 383746
10 0.542277 0.408152 2.16228 383780
10 0.557551 0.405659 2.17349 383814
10 0.567203 0.403901 2.18146 383848
10 0.573614 0.403727 2.19011 383883
10 0.578278 0.403795 2.19456 383899

