Gesto: 2
0 0.407838 0.198925 1.80252 454211
0 0.407902 0.198959 1.80216 454244
0 0.40818 0.198419 1.80148 454277
0 0.408084 0.197436 1.80501 454311
0 0.408151 0.197154 1.80424 454345
0 0.409079 0.196788 1.8004 454379
0 0.408814 0.197837 1.7957 454414
0 0.410089 0.19647 1.79369 454448
0 0.412452 0.195592 1.79153 454481
0 0.414895 0.194626 1.79252 454516
0 0.420703 0.194174 1.7894 454549
0 0.428758 0.19301 1.7841 454583
0 0.438721 0.188361 1.78191 454616
0 0.451748 0.183862 1.78022 454650
0 0.465717 0.181066 1.77776 454683
0 0.482215 0.181957 1.77095 454715
0 0.498197 0.180512 1.76511 454748
0 0.516723 0.179351 1.75976 454780
0 0.531402 0.177937 1.75383 454814
0 0.543979 0.178485 1.7513 454847
0 0.552435 0.18339 1.74717 454880
0 0.557882 0.190046 1.74293 454913
0 0.557118 0.199586 1.7431 454947
0 0.552898 0.20661 1.74637 454980
0 0.544433 0.216681 1.74859 455014
0 0.530464 0.229883 1.7499 455048
0 0.518106 0.245394 1.75611 455081
0 0.501947 0.263224 1.76414 455114
0 0.486319 0.281464 1.7676 455148
0 0.470618 0.295838 1.77652 455181
0 0.457753 0.313136 1.77984 455215
0 0.448213 0.327792 1.78446 455249
0 0.440168 0.339817 1.79122 455284
0 0.437444 0.34966 1.79702 455317
0 0.437797 0.354297 1.80272 455351
0 0.440695 0.358986 1.80178 455368
0 0.444306 0.359238 1.80368 455420
0 0.451425 0.360298 1.80577 455436
0 0.460777 0.360275 1.80235 455470
0 0.473718 0.358794 1.7978 455504
0 0.488203 0.358535 1.79237 455538
0 0.505907 0.357018 1.7831 455572
0 0.523654 0.354256 1.77466 455605
0 0.540957 0.352277 1.77031 455640
0 0.558448 0.352958 1.77064 455673
0 0.573054 0.357527 1.7696 455706
0 0.584088 0.362339 1.77089 455740
0 0.590161 0.364849 1.7734 455774

1 0.425999 0.19524 1.77392 457952
1 0.426048 0.189824 1.77202 457985
1 0.427405 0.187718 1.77286 458018
1 0.430636 0.187821 1.76806 458050
1 0.43227 0.187905 1.76791 458084
1 0.433409 0.187738 1.77029 458117
1 0.436241 0.185724 1.76986 458149
1 0.442072 0.185317 1.76778 458182
1 0.448449 0.18304 1.76462 458215
1 0.456884 0.180552 1.76123 458249
1 0.466865 0.179327 1.75589 458283
1 0.479421 0.176395 1.75338 458316
1 0.492246 0.175518 1.74803 458349
1 0.507234 0.175869 1.7363 458381
1 0.520675 0.175826 1.7301 458414
1 0.534139 0.175879 1.72575 458449
1 0.546399 0.176671 1.72203 458483
1 0.552118 0.178942 1.71904 458515
1 0.558682 0.18169 1.71783 458549
1 0.562067 0.18396 1.71626 458583
1 0.561337 0.187274 1.71992 458617
1 0.560485 0.190418 1.72277 458650
1 0.556166 0.195911 1.72411 458685
1 0.550276 0.202855 1.72593 458718
1 0.543007 0.209531 1.72742 458751
1 0.534556 0.220096 1.72912 458784
1 0.525567 0.230866 1.73351 458816
1 0.51671 0.242641 1.73686 458849
1 0.506469 0.251585 1.74097 458883
1 0.494908 0.259724 1.75223 458916
1 0.481795 0.269286 1.76077 458951
1 0.470688 0.277398 1.76702 458984
1 0.461581 0.286268 1.77153 459018
1 0.453858 0.293593 1.778 459053
1 0.447196 0.302089 1.78359 459086
1 0.443726 0.31057 1.78427 459118
1 0.441486 0.318332 1.78905 459151
1 0.439731 0.323345 1.79 459184
1 0.438893 0.326643 1.79133 459218
1 0.442028 0.329807 1.79028 459252
1 0.445722 0.330222 1.78898 459286
1 0.452216 0.32986 1.7861 459319
1 0.461444 0.329597 1.78395 459352
1 0.472918 0.329869 1.78178 459385
1 0.48624 0.331293 1.77624 459419
1 0.503116 0.332846 1.7708 459453
1 0.521747 0.33426 1.76435 459487
1 0.540078 0.335247 1.76085 459521
1 0.558813 0.339268 1.76021 459539
1 0.578141 0.343231 1.7619 459589
1 0.593364 0.347839 1.76339 459622
1 0.606224 0.350986 1.76332 459638
1 0.613478 0.35203 1.76662 459689
1 0.617103 0.352563 1.76946 459706
1 0.619247 0.353245 1.76968 459739
1 0.620171 0.353588 1.76545 459789
1 0.619187 0.352977 1.7656 459822
1 0.619004 0.352911 1.76549 459838

2 0.482759 0.181065 1.76517 461508
2 0.484166 0.177573 1.76584 461558
2 0.484595 0.174215 1.76715 461575
2 0.486838 0.174353 1.76431 461608
2 0.491374 0.180951 1.75527 461657
2 0.496022 0.181997 1.75226 461674
2 0.501852 0.181923 1.7465 461724
2 0.507185 0.182798 1.74168 461756
2 0.513983 0.18171 1.73455 461773
2 0.52407 0.178985 1.73206 461824
2 0.53574 0.177886 1.72899 461856
2 0.547888 0.178198 1.7251 461888
2 0.561999 0.177081 1.72377 461922
2 0.576527 0.177108 1.71736 461956
2 0.592088 0.177562 1.71849 461990
2 0.608479 0.179451 1.72021 462023
2 0.621031 0.182727 1.72151 462056
2 0.632257 0.182751 1.72227 462088
2 0.638059 0.181826 1.72498 462122
2 0.644912 0.18113 1.72824 462155
2 0.646922 0.187304 1.727 462187
2 0.644757 0.191237 1.72742 462221
2 0.64303 0.194187 1.72554 462254
2 0.637455 0.197552 1.72286 462288
2 0.629304 0.203409 1.72144 462321
2 0.621426 0.208937 1.71698 462356
2 0.612419 0.217978 1.71745 462389
2 0.600583 0.228889 1.71645 462423
2 0.588206 0.23775 1.71702 462456
2 0.575943 0.249151 1.71653 462474
2 0.563865 0.262281 1.71846 462523
2 0.550665 0.275513 1.71962 462558
2 0.539846 0.283682 1.72361 462574
2 0.529442 0.2939 1.72762 462626
2 0.51966 0.303062 1.73501 462659
2 0.511507 0.313225 1.74193 462676
2 0.504052 0.323864 1.74915 462709
2 0.499047 0.332583 1.75906 462743
2 0.494144 0.340601 1.76311 462778
2 0.489623 0.346025 1.76672 462812
2 0.48729 0.348991 1.77086 462845
2 0.488083 0.349795 1.77239 462878
2 0.49236 0.350691 1.7697 462912
2 0.497206 0.349511 1.76762 462946
2 0.503845 0.349667 1.76465 462981
2 0.513191 0.349246 1.76295 463013
2 0.523406 0.344835 1.76178 463047
2 0.535979 0.343302 1.7556 463081
2 0.548975 0.342579 1.755 463116
2 0.56214 0.340698 1.75477 463150
2 0.577847 0.33896 1.75486 463183
2 0.591957 0.343889 1.75561 463216
2 0.605492 0.347503 1.75578 463250
2 0.616099 0.346367 1.75918 463284
2 0.625248 0.347568 1.75918 463316
2 0.632634 0.343769 1.75655 463350
2 0.635847 0.343395 1.75579 463383
2 0.641536 0.344499 1.75623 463418
2 0.644421 0.345341 1.75645 463450
2 0.645795 0.345393 1.75896 463484
2 0.646605 0.345216 1.75659 463517
2 0.644899 0.344229 1.75734 463551

3 0.487582 0.18668 1.76173 464720
3 0.48985 0.186362 1.75788 464753
3 0.493056 0.187996 1.75392 464786
3 0.49692 0.188837 1.75166 464820
3 0.502845 0.190976 1.74504 464853
3 0.510139 0.188901 1.73959 464886
3 0.517611 0.189829 1.73547 464918
3 0.529933 0.191102 1.73056 464952
3 0.544622 0.191596 1.72895 464984
3 0.563574 0.192055 1.72677 465017
3 0.579937 0.192603 1.72812 465051
3 0.59562 0.193274 1.72819 465084
3 0.61332 0.195286 1.7284 465118
3 0.628102 0.195888 1.72893 465152
3 0.639526 0.196564 1.73065 465185
3 0.648681 0.199764 1.72731 465220
3 0.655583 0.202448 1.7269 465253
3 0.658649 0.206968 1.72644 465286
3 0.65865 0.209494 1.72381 465319
3 0.656142 0.211533 1.72454 465353
3 0.651257 0.217839 1.72349 465387
3 0.644188 0.224038 1.72509 465420
3 0.632263 0.232759 1.72286 465452
3 0.619632 0.244077 1.71978 465485
3 0.603875 0.259078 1.71894 465517
3 0.589658 0.275429 1.72053 465549
3 0.57374 0.291401 1.72035 465583
3 0.55882 0.306601 1.72283 465617
3 0.54506 0.321793 1.72411 465650
3 0.532368 0.336282 1.73147 465683
3 0.519897 0.351003 1.73787 465716
3 0.510588 0.361399 1.7403 465749
3 0.503396 0.371219 1.74937 465783
3 0.497821 0.376484 1.75417 465817
3 0.497358 0.380362 1.75773 465851
3 0.49801 0.382435 1.75588 465883
3 0.502531 0.383115 1.75448 465915
3 0.508218 0.38152 1.75109 465949
3 0.51734 0.380299 1.74708 465983
3 0.529706 0.380416 1.7447 466015
3 0.543233 0.375904 1.74365 466048
3 0.555952 0.372991 1.73996 466083
3 0.571339 0.372169 1.73743 466116
3 0.585233 0.373234 1.73831 466150
3 0.600189 0.374212 1.73781 466183
3 0.615435 0.375554 1.74189 466217
3 0.628653 0.377047 1.74304 466251
3 0.637991 0.377309 1.74352 466285
3 0.643266 0.379505 1.74632 466319
3 0.645036 0.378533 1.74391 466354
3 0.645935 0.376519 1.74204 466387
3 0.647018 0.376466 1.74575 466420

4 0.405401 0.234274 1.78207 468012
4 0.408912 0.2331 1.77924 468060
4 0.414792 0.233672 1.77697 468093
4 0.423808 0.233641 1.77502 468126
4 0.434703 0.234073 1.77189 468160
4 0.447959 0.233214 1.76898 468192
4 0.46346 0.22867 1.76981 468225
4 0.479951 0.225461 1.764 468259
4 0.496676 0.226624 1.75563 468293
4 0.514143 0.226439 1.75128 468324
4 0.531126 0.23037 1.75098 468357
4 0.545964 0.233536 1.75166 468390
4 0.557066 0.236516 1.75071 468423
4 0.562669 0.238318 1.75023 468458
4 0.565506 0.239343 1.75036 468491
4 0.564632 0.245335 1.74986 468525
4 0.559721 0.251131 1.74961 468558
4 0.553866 0.256616 1.75073 468592
4 0.545046 0.266216 1.75015 468626
4 0.533958 0.278635 1.7504 468659
4 0.522649 0.290578 1.74807 468693
4 0.512205 0.304482 1.74948 468728
4 0.498405 0.321291 1.75896 468761
4 0.484412 0.338133 1.76557 468794
4 0.471819 0.352338 1.76858 468827
4 0.460959 0.365997 1.77276 468860
4 0.452594 0.377499 1.77678 468894
4 0.447866 0.388514 1.77896 468929
4 0.44575 0.395487 1.78185 468962
4 0.445469 0.399763 1.78531 468995
4 0.445753 0.401792 1.78558 469029
4 0.451203 0.407164 1.78516 469062
4 0.459689 0.410838 1.78635 469096
4 0.468361 0.408251 1.78577 469129
4 0.479318 0.406354 1.78354 469163
4 0.492267 0.405869 1.77841 469180
4 0.504737 0.405015 1.77569 469229
4 0.518407 0.403186 1.77259 469261
4 0.53223 0.401676 1.7718 469296
4 0.544959 0.400901 1.77161 469329
4 0.556173 0.402544 1.77507 469363
4 0.565861 0.404407 1.77596 469379
4 0.572628 0.405396 1.77473 469430
4 0.577924 0.403392 1.77662 469464
4 0.582372 0.403965 1.77338 469480
4 0.583381 0.402775 1.77275 469530
4 0.585119 0.403233 1.77462 469564
4 0.58423 0.403089 1.77102 469581

5 0.453205 0.216486 1.77413 470921
5 0.45944 0.21562 1.77003 470954
5 0.471598 0.215919 1.76726 470988
5 0.483511 0.218638 1.76029 471022
5 0.49701 0.220667 1.74914 471056
5 0.510132 0.221995 1.74189 471089
5 0.521923 0.220107 1.73662 471122
5 0.539729 0.220696 1.73111 471156
5 0.55852 0.223804 1.7263 471189
5 0.576871 0.222895 1.72629 471222
5 0.593268 0.223913 1.72718 471255
5 0.606986 0.225021 1.72736 471290
5 0.618239 0.226111 1.72849 471323
5 0.626584 0.229765 1.72851 471356
5 0.63204 0.232759 1.72995 471391
5 0.632326 0.235727 1.73179 471424
5 0.630972 0.23974 1.7331 471458
5 0.625702 0.24439 1.73133 471490
5 0.61782 0.251807 1.72876 471523
5 0.606962 0.258844 1.72642 471556
5 0.596918 0.267944 1.72746 471589
5 0.583055 0.281836 1.72681 471623
5 0.566392 0.296507 1.72651 471658
5 0.550996 0.311454 1.72825 471692
5 0.535633 0.330614 1.73471 471725
5 0.521529 0.348208 1.73958 471758
5 0.508847 0.364522 1.75033 471791
5 0.496986 0.374656 1.75735 471824
5 0.48802 0.385266 1.76493 471857
5 0.480155 0.393913 1.7702 471891
5 0.475988 0.404738 1.77311 471925
5 0.474058 0.410057 1.7774 471958
5 0.473789 0.413865 1.77584 471993
5 0.476734 0.414033 1.77725 472026
5 0.483866 0.41348 1.77628 472060
5 0.490791 0.414673 1.77319 472094
5 0.501002 0.414588 1.76705 472127
5 0.509978 0.41123 1.76431 472160
5 0.522004 0.409447 1.76033 472193
5 0.537259 0.407005 1.75806 472227
5 0.552488 0.405233 1.7588 472261
5 0.567629 0.404537 1.75679 472294
5 0.578633 0.405738 1.75493 472325
5 0.588073 0.409667 1.75675 472359
5 0.59897 0.411532 1.75594 472393
5 0.605317 0.413135 1.75571 472427
5 0.60936 0.414253 1.75709 472461
5 0.611252 0.414235 1.75789 472493
5 0.609888 0.414218 1.75398 472528
5 0.61174 0.414523 1.75347 472561
5 0.612613 0.415924 1.75478 472595
5 0.613486 0.416798 1.752 472627
5 0.614593 0.418268 1.75012 472661

6 0.420889 0.204423 1.77701 474033
6 0.426129 0.205291 1.77351 474066
6 0.430557 0.20409 1.7729 474099
6 0.438109 0.203434 1.76974 474133
6 0.445025 0.202163 1.76904 474150
6 0.45741 0.203127 1.76013 474199
6 0.471427 0.203445 1.75388 474233
6 0.486712 0.203519 1.74755 474250
6 0.502013 0.203602 1.74427 474300
6 0.519136 0.201737 1.74109 474334
6 0.538277 0.200438 1.73696 474351
6 0.559247 0.198211 1.73431 474401
6 0.578401 0.195535 1.73715 474418
6 0.596348 0.196161 1.74198 474453
6 0.612872 0.20176 1.73915 474486
6 0.622887 0.204247 1.7386 474519
6 0.631793 0.206941 1.74035 474553
6 0.636961 0.207953 1.74434 474587
6 0.635499 0.210313 1.74596 474620
6 0.631399 0.217485 1.74086 474653
6 0.625997 0.226473 1.74176 474687
6 0.614916 0.236329 1.73976 474720
6 0.603408 0.248594 1.74158 474754
6 0.589169 0.262777 1.74385 474788
6 0.570896 0.278375 1.73955 474822
6 0.553618 0.296029 1.74525 474856
6 0.53692 0.314481 1.75252 474889
6 0.522393 0.337925 1.76015 474923
6 0.506072 0.35449 1.77026 474958
6 0.490228 0.370384 1.77862 474991
6 0.479099 0.386054 1.78389 475025
6 0.468761 0.399903 1.7916 475059
6 0.460968 0.406076 1.7957 475092
6 0.45697 0.40939 1.79785 475127
6 0.457342 0.412744 1.79793 475159
6 0.459109 0.414228 1.79893 475193
6 0.463893 0.415215 1.79894 475226
6 0.472668 0.414726 1.79886 475259
6 0.484104 0.413748 1.79522 475292
6 0.496116 0.413805 1.79189 475326
6 0.5082 0.413163 1.78623 475359
6 0.522575 0.410485 1.78239 475392
6 0.540653 0.409432 1.78457 475425
6 0.560118 0.410956 1.7844 475458
6 0.576235 0.411872 1.78363 475491
6 0.590499 0.413004 1.7886 475525
6 0.603123 0.414047 1.79166 475557
6 0.613284 0.416853 1.79561 475592
6 0.620044 0.418043 1.79989 475625
6 0.623164 0.418489 1.80031 475658
6 0.625954 0.418909 1.80141 475693
6 0.627218 0.419711 1.80239 475726
6 0.62929 0.418842 1.80503 475760
6 0.630525 0.420008 1.80634 475793

7 0.49597 0.193347 1.77163 477265
7 0.49804 0.193752 1.76621 477298
7 0.501742 0.194015 1.7611 477331
7 0.505244 0.19214 1.76011 477364
7 0.507623 0.190737 1.75864 477397
7 0.513784 0.190154 1.75497 477432
7 0.523193 0.189864 1.75145 477465
7 0.531486 0.190414 1.75135 477498
7 0.543229 0.191329 1.7468 477530
7 0.560881 0.193395 1.74713 477563
7 0.577376 0.194123 1.74233 477597
7 0.592866 0.194091 1.74045 477630
7 0.609994 0.193081 1.7411 477662
7 0.629628 0.19525 1.74158 477695
7 0.648951 0.200284 1.74271 477729
7 0.66421 0.204821 1.74367 477762
7 0.677892 0.207691 1.74666 477795
7 0.685638 0.208742 1.74764 477828
7 0.692322 0.212262 1.74817 477861
7 0.695979 0.21487 1.74962 477894
7 0.697052 0.219081 1.74964 477928
7 0.694694 0.224989 1.75081 477962
7 0.688633 0.231453 1.74561 477996
7 0.678626 0.238886 1.73911 478030
7 0.667741 0.249485 1.73711 478063
7 0.653062 0.261413 1.73528 478097
7 0.639616 0.274489 1.7381 478131
7 0.624492 0.287637 1.74372 478164
7 0.607017 0.303506 1.74554 478198
7 0.592558 0.319031 1.74833 478232
7 0.576436 0.33646 1.74956 478266
7 0.562433 0.353299 1.75546 478300
7 0.552588 0.367599 1.75907 478334
7 0.544196 0.38077 1.76535 478368
7 0.537671 0.389236 1.76932 478401
7 0.531157 0.39321 1.77124 478435
7 0.529872 0.39693 1.77402 478468
7 0.530681 0.39744 1.77594 478501
7 0.533976 0.396276 1.77907 478534
7 0.539582 0.395791 1.78018 478567
7 0.548807 0.395131 1.78251 478599
7 0.561781 0.390964 1.78418 478633
7 0.574378 0.3854 1.78526 478666
7 0.589062 0.383289 1.78567 478700
7 0.606199 0.381352 1.78956 478733
7 0.625755 0.381236 1.79354 478766
7 0.64409 0.381403 1.79647 478798
7 0.662516 0.382655 1.80027 478832
7 0.676513 0.382467 1.80795 478866
7 0.685857 0.381986 1.81215 478899
7 0.693305 0.381892 1.81402 478933
7 0.695567 0.381091 1.81836 478968
7 0.697244 0.38271 1.82053 479000
7 0.698972 0.383955 1.81987 479034
7 0.699556 0.385891 1.81728 479068
7 0.702082 0.388353 1.81442 479102

8 0.444176 0.196394 1.80817 480334
8 0.444909 0.19739 1.80549 480368
8 0.44735 0.197088 1.79972 480401
8 0.452713 0.197677 1.79284 480434
8 0.459051 0.196485 1.78775 480468
8 0.467852 0.193151 1.78139 480502
8 0.47922 0.190741 1.7792 480535
8 0.494526 0.191322 1.77054 480568
8 0.508799 0.190136 1.7618 480601
8 0.525608 0.18819 1.76004 480634
8 0.549622 0.189638 1.75619 480669
8 0.568194 0.189334 1.75412 480703
8 0.589695 0.188247 1.75622 480736
8 0.611476 0.187437 1.75961 480769
8 0.632026 0.190509 1.76194 480802
8 0.649995 0.197751 1.76127 480836
8 0.662333 0.201783 1.76134 480870
8 0.672296 0.204084 1.76385 480903
8 0.677109 0.208121 1.76231 480936
8 0.674437 0.209892 1.76085 480969
8 0.671963 0.215391 1.76187 481001
8 0.665852 0.221024 1.75803 481035
8 0.654016 0.228893 1.75855 481068
8 0.640967 0.240673 1.75825 481100
8 0.625759 0.253876 1.75431 481133
8 0.60864 0.267883 1.75423 481166
8 0.591293 0.280962 1.75366 481198
8 0.574653 0.294988 1.75432 481231
8 0.558018 0.308229 1.75585 481265
8 0.540593 0.323638 1.75833 481298
8 0.52415 0.343351 1.76114 481331
8 0.509844 0.354654 1.76812 481364
8 0.496085 0.366407 1.77706 481398
8 0.485512 0.379442 1.789 481432
8 0.478511 0.389036 1.79527 481465
8 0.473804 0.393908 1.79925 481497
8 0.471175 0.399654 1.80195 481531
8 0.471687 0.401373 1.8041 481564
8 0.476149 0.403199 1.80163 481598
8 0.483468 0.40438 1.79738 481631
8 0.493971 0.405069 1.79045 481665
8 0.505603 0.404405 1.78351 481697
8 0.518273 0.407094 1.78226 481730
8 0.533815 0.404936 1.78196 481764
8 0.552098 0.401641 1.78268 481798
8 0.569307 0.400026 1.78262 481832
8 0.588962 0.39896 1.7828 481864
8 0.609668 0.400571 1.78633 481899
8 0.629883 0.400533 1.79266 481932
8 0.645738 0.401765 1.79744 481966
8 0.657054 0.401163 1.79798 481999
8 0.665758 0.401716 1.79813 482033
8 0.670985 0.401224 1.80219 482066
8 0.673361 0.402672 1.80312 482098
8 0.674513 0.401633 1.80409 482131
8 0.675618 0.402203 1.80393 482165
8 0.675837 0.401525 1.80532 482197
8 0.676191 0.402302 1.80728 482231

9 0.446846 0.200641 1.7804 483937
9 0.452278 0.201551 1.77361 483970
9 0.457768 0.201839 1.76369 484004
9 0.465334 0.202641 1.75499 484036
9 0.476094 0.203468 1.74299 484070
9 0.49006 0.199535 1.7339 484104
9 0.504696 0.197516 1.72524 484137
9 0.519825 0.194302 1.72155 484171
9 0.540081 0.19296 1.71682 484203
9 0.561232 0.191087 1.70999 484236
9 0.584299 0.188949 1.71256 484270
9 0.608143 0.190993 1.71345 484304
9 0.62853 0.195016 1.71244 484337
9 0.646027 0.197567 1.71408 484371
9 0.658113 0.197921 1.71701 484404
9 0.665392 0.201989 1.7143 484438
9 0.669901 0.206872 1.71675 484471
9 0.670716 0.20946 1.71871 484504
9 0.669744 0.209597 1.72091 484537
9 0.666654 0.21133 1.72078 484571
9 0.66195 0.21704 1.72143 484605
9 0.653625 0.220444 1.7276 484638
9 0.640079 0.228733 1.72537 484671
9 0.626479 0.238354 1.72546 484702
9 0.611274 0.250017 1.72553 484736
9 0.596413 0.263987 1.73038 484770
9 0.577373 0.282139 1.73115 484803
9 0.560876 0.296805 1.72854 484838
9 0.544521 0.31406 1.73754 484872
9 0.526837 0.333497 1.74897 484907
9 0.510964 0.35655 1.75921 484940
9 0.4972 0.376775 1.76808 484974
9 0.484695 0.389731 1.77613 485007
9 0.475944 0.403579 1.77992 485040
9 0.46888 0.415314 1.78833 485074
9 0.46468 0.422317 1.79279 485107
9 0.462437 0.42775 1.79529 485141
9 0.463286 0.430688 1.79545 485174
9 0.465869 0.432725 1.79556 485207
9 0.47315 0.432906 1.79297 485240
9 0.483791 0.43374 1.79172 485274
9 0.496673 0.43395 1.7858 485307
9 0.508812 0.433647 1.7787 485341
9 0.526386 0.432333 1.77574 485375
9 0.545504 0.430789 1.77321 485409
9 0.565886 0.431393 1.77075 485441
9 0.585278 0.433053 1.77019 485475
9 0.602678 0.435001 1.77191 485507
9 0.616248 0.435908 1.7741 485540
9 0.627095 0.436907 1.77546 485574
9 0.633822 0.435574 1.77385 485607
9 0.641032 0.435661 1.7734 485641
9 0.646152 0.437294 1.77392 485674
9 0.648105 0.437032 1.77265 485706
9 0.649267 0.434592 1.76945 485739
9 0.65128 0.434195 1.76865 485772
9 0.652198 0.433641 1.76925 485806

