Gesto: 2
0 0.0880709 0.629757 1.55728 415850
0 0.0869305 0.626142 1.56217 415883
0 0.0873306 0.627758 1.56023 415917
0 0.0882699 0.630402 1.55653 415948
0 0.0892013 0.63387 1.55166 415982
0 0.0894583 0.636952 1.54653 416015
0 0.090754 0.639971 1.54055 416049
0 0.0920094 0.645934 1.53486 416083
0 0.0896544 0.639125 1.54715 416117
0 0.088702 0.635219 1.55511 416151
0 0.0893041 0.632637 1.55854 416185
0 0.0896968 0.628272 1.56045 416219
0 0.0899891 0.628063 1.56014 416235
0 0.0902271 0.628273 1.56075 416284
0 0.0906881 0.628896 1.56045 416318
0 0.0916899 0.631572 1.56042 416335
0 0.0913622 0.628379 1.56596 416385

1 0.26301 0.187399 1.3991 418041
1 0.263523 0.1878 1.39857 418075
1 0.265127 0.187353 1.39735 418108
1 0.265216 0.186791 1.39647 418143
1 0.266086 0.187526 1.39677 418176
1 0.265654 0.18815 1.39751 418209
1 0.26506 0.188377 1.39733 418243
1 0.266586 0.187971 1.39797 418276
1 0.196311 0.22335 1.38107 420773
1 0.19717 0.221199 1.37827 420807
1 0.196249 0.221777 1.38181 420857
1 0.195958 0.222711 1.38554 420874
1 0.196103 0.22354 1.38561 420908
1 0.19599 0.222711 1.38751 420958
1 0.199922 0.221225 1.38684 420975
1 0.201671 0.218957 1.38445 421007
1 0.203482 0.21646 1.38175 421041
1 0.206326 0.216633 1.37894 421075
1 0.210628 0.215722 1.37861 421108
1 0.214301 0.215503 1.37849 421142
1 0.217435 0.21532 1.3821 421175
1 0.221844 0.214929 1.37943 421209
1 0.225904 0.212167 1.37671 421241
1 0.231922 0.210895 1.37278 421275
1 0.238956 0.209686 1.37251 421309
1 0.244694 0.209476 1.37008 421342
1 0.250997 0.209635 1.36927 421376
1 0.254234 0.206522 1.37199 421409
1 0.258853 0.207394 1.36759 421443
1 0.261812 0.20805 1.3661 421477
1 0.263855 0.210746 1.36512 421511
1 0.265596 0.212691 1.3668 421545
1 0.265312 0.216511 1.36718 421580
1 0.262316 0.219931 1.36866 421613
1 0.259133 0.224892 1.372 421647
1 0.254562 0.229277 1.37398 421680
1 0.251826 0.232764 1.37444 421714
1 0.246402 0.237106 1.37799 421748
1 0.241577 0.241746 1.38108 421781
1 0.234884 0.246188 1.38326 421815
1 0.22984 0.250206 1.38539 421848
1 0.224471 0.253078 1.38699 421882
1 0.220214 0.256634 1.38869 421916
1 0.217194 0.259165 1.39196 421949
1 0.213985 0.262955 1.3955 421983
1 0.211427 0.264776 1.39895 422016
1 0.209259 0.269064 1.39883 422049
1 0.209609 0.271311 1.4004 422083
1 0.21005 0.273789 1.40027 422116
1 0.210833 0.27555 1.39855 422150
1 0.211574 0.276464 1.396 422184
1 0.213474 0.2783 1.39411 422217
1 0.217101 0.277653 1.39153 422251
1 0.222988 0.277257 1.38579 422285
1 0.227663 0.279478 1.3814 422318
1 0.235752 0.27886 1.37592 422349
1 0.241819 0.2787 1.37008 422382
1 0.24932 0.276849 1.36527 422417
1 0.257001 0.275563 1.36058 422449
1 0.262796 0.275888 1.35695 422482
1 0.269383 0.275126 1.35286 422515
1 0.275009 0.275083 1.35147 422549
1 0.278878 0.275113 1.34995 422582
1 0.282364 0.273995 1.35082 422615
1 0.284182 0.274096 1.35234 422649

2 0.296173 0.212646 1.3732 442972
2 0.297113 0.212569 1.37359 443005
2 0.298014 0.213624 1.37417 443038
2 0.2991 0.211566 1.37387 443070
2 0.299877 0.210413 1.37325 443105
2 0.299595 0.211423 1.37374 443139
2 0.301397 0.211984 1.37387 443172
2 0.303211 0.212987 1.37209 443205
2 0.305406 0.211451 1.37145 443238
2 0.307983 0.209036 1.37236 443271
2 0.309646 0.208219 1.37175 443305
2 0.311553 0.207338 1.36781 443338
2 0.314484 0.207644 1.37031 443372
2 0.317096 0.207682 1.37061 443406
2 0.319139 0.207034 1.37122 443439
2 0.323533 0.207017 1.37065 443473
2 0.326426 0.207753 1.36855 443507
2 0.330248 0.207952 1.3664 443541
2 0.3339 0.208219 1.36836 443574
2 0.338584 0.20855 1.37156 443591
2 0.341456 0.208231 1.37155 443640
2 0.344909 0.209285 1.37333 443674
2 0.347727 0.209312 1.37519 443691
2 0.350906 0.208722 1.37638 443741
2 0.353874 0.209877 1.37792 443775
2 0.355955 0.212443 1.37872 443793
2 0.358272 0.213376 1.38028 443843
2 0.361172 0.214843 1.38267 443860
2 0.363656 0.215148 1.38163 443893
2 0.364925 0.215752 1.38096 443943
2 0.365156 0.216981 1.38015 443959
2 0.36529 0.217658 1.38008 444009
2 0.363341 0.219457 1.38016 444027
2 0.360947 0.223856 1.37932 444060
2 0.358841 0.225434 1.37812 444110
2 0.35499 0.22812 1.37488 444143
2 0.351772 0.230233 1.37263 444160
2 0.348365 0.231716 1.37216 444211
2 0.345803 0.234417 1.37209 444229
2 0.341779 0.23621 1.36868 444261
2 0.337362 0.23932 1.36681 444310
2 0.333846 0.242539 1.36691 444341
2 0.329017 0.243902 1.36513 444374
2 0.325326 0.245488 1.36415 444408
2 0.320509 0.247808 1.36344 444441
2 0.317121 0.250257 1.36327 444475
2 0.312826 0.255002 1.36145 444508
2 0.308797 0.257368 1.36327 444540
2 0.306798 0.260819 1.36472 444573
2 0.305204 0.264975 1.36476 444606
2 0.303478 0.26807 1.36503 444640
2 0.302358 0.269557 1.36621 444673
2 0.302098 0.270641 1.36575 444707
2 0.302795 0.270215 1.36539 444740
2 0.303606 0.270163 1.36442 444774
2 0.306625 0.270699 1.36424 444807
2 0.309652 0.270066 1.36409 444840
2 0.312114 0.268209 1.36283 444873
2 0.314745 0.269333 1.36065 444906
2 0.318352 0.268838 1.35884 444937
2 0.321108 0.269319 1.35441 444972
2 0.325767 0.268098 1.35625 445004
2 0.32899 0.268302 1.35611 445037
2 0.332142 0.269151 1.35766 445071
2 0.336534 0.268908 1.35594 445103
2 0.339376 0.268229 1.35489 445136
2 0.343791 0.268877 1.35619 445169
2 0.346876 0.269156 1.35749 445201
2 0.348878 0.268682 1.35867 445236
2 0.350962 0.270015 1.35867 445267
2 0.351935 0.270956 1.35858 445301
2 0.352379 0.27146 1.35864 445334
2 0.352573 0.271943 1.35706 445367

3 0.394157 0.208204 1.36743 448742
3 0.394871 0.208065 1.36742 448776
3 0.395847 0.207915 1.3662 448809
3 0.396719 0.20699 1.36599 448842
3 0.396897 0.205388 1.36382 448875
3 0.396924 0.205961 1.36397 448909
3 0.398447 0.205871 1.36379 448942
3 0.401489 0.205676 1.36475 448977
3 0.403424 0.204591 1.36376 449008
3 0.405055 0.203624 1.36277 449041
3 0.408899 0.20487 1.36518 449074
3 0.411302 0.206562 1.36602 449108
3 0.413275 0.206784 1.36583 449140
3 0.416087 0.207298 1.36627 449174
3 0.419805 0.207831 1.36972 449207
3 0.422184 0.208661 1.37129 449239
3 0.424688 0.208458 1.37226 449274
3 0.428433 0.208682 1.37643 449306
3 0.431341 0.209647 1.37784 449339
3 0.43228 0.212442 1.37715 449372
3 0.434054 0.214494 1.37923 449406
3 0.436813 0.215582 1.38031 449440
3 0.438475 0.21653 1.37984 449472
3 0.439451 0.217101 1.38013 449506
3 0.440402 0.216908 1.38061 449538
3 0.440778 0.21701 1.38087 449571
3 0.440822 0.217821 1.37983 449605
3 0.440877 0.217485 1.38072 449637
3 0.43837 0.219548 1.37818 449671
3 0.435918 0.219828 1.37428 449704
3 0.433411 0.220879 1.37202 449738
3 0.430706 0.225697 1.37205 449772
3 0.427601 0.228504 1.37234 449805
3 0.422736 0.230562 1.36725 449839
3 0.418347 0.232591 1.3648 449873
3 0.413197 0.23611 1.3601 449908
3 0.409814 0.240164 1.35893 449941
3 0.40486 0.242989 1.35759 449975
3 0.400681 0.245623 1.35643 450009
3 0.39774 0.248088 1.35771 450044
3 0.393549 0.251747 1.35707 450077
3 0.39033 0.255875 1.35718 450111
3 0.388238 0.257958 1.35973 450144
3 0.384658 0.262102 1.35928 450178
3 0.381955 0.266024 1.35914 450211
3 0.37975 0.269117 1.36051 450245
3 0.379314 0.2701 1.36031 450278
3 0.378643 0.271604 1.35884 450312
3 0.379165 0.273353 1.35911 450346
3 0.380926 0.273203 1.36092 450380
3 0.38188 0.273654 1.35923 450398
3 0.384144 0.272958 1.3587 450448
3 0.385652 0.27299 1.3572 450465
3 0.388239 0.272848 1.35604 450499
3 0.392176 0.272398 1.35568 450549
3 0.395055 0.274042 1.35486 450566
3 0.399762 0.273368 1.35707 450600
3 0.402581 0.27362 1.35454 450634
3 0.407917 0.274835 1.35713 450667
3 0.411923 0.274878 1.35831 450701
3 0.415228 0.278016 1.36008 450735
3 0.419233 0.277465 1.36019 450768
3 0.423371 0.278279 1.36301 450802
3 0.426951 0.279814 1.36365 450837
3 0.430537 0.280604 1.36692 450871
3 0.432716 0.280571 1.36855 450905
3 0.433729 0.28031 1.37121 450938

4 0.464959 0.214282 1.3049 453615
4 0.464848 0.215153 1.30532 453649
4 0.464559 0.213418 1.30426 453683
4 0.464723 0.214321 1.30258 453716
4 0.465376 0.214757 1.30371 453749
4 0.465484 0.216247 1.30236 453783
4 0.466621 0.215767 1.30234 453816
4 0.469221 0.216648 1.30539 453850
4 0.471498 0.215489 1.30725 453883
4 0.472231 0.213627 1.30489 453900
4 0.474975 0.2132 1.30664 453951
4 0.477394 0.216003 1.30826 453983
4 0.480119 0.216627 1.30851 454000
4 0.483136 0.217761 1.31028 454051
4 0.48652 0.218541 1.31272 454085
4 0.489776 0.219986 1.31356 454101
4 0.493108 0.218863 1.31039 454151
4 0.49622 0.219179 1.31034 454185
4 0.498113 0.219963 1.3089 454202
4 0.50238 0.219846 1.31057 454252
4 0.505221 0.219899 1.31069 454268
4 0.508959 0.220667 1.3132 454317
4 0.511959 0.221125 1.31361 454350
4 0.513615 0.221047 1.31449 454368
4 0.514563 0.221345 1.3158 454402
4 0.515632 0.223299 1.31617 454436
4 0.516218 0.224121 1.31841 454468
4 0.516016 0.223619 1.31852 454503
4 0.514494 0.225222 1.31612 454536
4 0.512678 0.228756 1.31595 454570
4 0.510641 0.230207 1.31482 454603
4 0.508397 0.23181 1.31344 454636
4 0.504496 0.233162 1.30836 454670
4 0.500898 0.234494 1.30589 454721
4 0.498078 0.23851 1.30818 454737
4 0.494561 0.241389 1.30994 454772
4 0.490819 0.243472 1.30951 454805
4 0.486319 0.245549 1.30639 454839
4 0.481101 0.247597 1.30296 454872
4 0.476771 0.25227 1.30243 454906
4 0.47276 0.255537 1.30121 454940
4 0.468783 0.257044 1.30028 454972
4 0.466078 0.258305 1.30067 455006
4 0.462738 0.261219 1.29912 455040
4 0.460325 0.263894 1.29833 455074
4 0.458108 0.266306 1.29733 455107
4 0.457018 0.267374 1.29672 455141
4 0.455674 0.268509 1.29801 455174
4 0.455716 0.271494 1.29796 455209
4 0.456128 0.273614 1.29651 455242
4 0.456419 0.274292 1.29434 455276
4 0.458533 0.27519 1.29562 455310
4 0.461602 0.274726 1.29703 455343
4 0.462747 0.273377 1.2961 455378
4 0.467407 0.273391 1.29819 455411
4 0.470593 0.273617 1.29907 455446
4 0.473088 0.274084 1.29837 455479
4 0.477294 0.273547 1.3011 455512
4 0.482489 0.273151 1.30527 455546
4 0.487072 0.272785 1.30627 455579
4 0.490433 0.272017 1.30449 455613
4 0.493634 0.271112 1.30533 455646
4 0.496526 0.273591 1.30847 455678
4 0.500103 0.275575 1.31052 455712
4 0.503507 0.276303 1.31288 455745
4 0.505275 0.276766 1.3143 455778
4 0.507238 0.277585 1.31782 455811
4 0.507813 0.277241 1.32003 455845

5 0.536793 0.214629 1.27424 458254
5 0.536709 0.214541 1.2738 458288
5 0.537046 0.213672 1.27256 458322
5 0.539635 0.212484 1.27657 458355
5 0.541716 0.212199 1.27784 458372
5 0.542871 0.21232 1.27737 458423
5 0.543372 0.212484 1.27551 458439
5 0.544286 0.212267 1.27511 458472
5 0.544972 0.21346 1.27515 458523
5 0.546431 0.214944 1.27581 458540
5 0.548939 0.215388 1.27641 458574
5 0.550795 0.215736 1.27608 458607
5 0.552465 0.215241 1.27661 458640
5 0.554768 0.21573 1.27718 458674
5 0.557982 0.215229 1.27842 458708
5 0.56282 0.216012 1.27974 458742
5 0.566695 0.217493 1.28272 458776
5 0.569944 0.21757 1.28521 458810
5 0.573356 0.218226 1.28574 458843
5 0.5762 0.220486 1.28713 458877
5 0.579605 0.221257 1.28808 458911
5 0.58156 0.223287 1.28919 458945
5 0.583349 0.22402 1.29039 458978
5 0.585995 0.222104 1.29136 459013
5 0.586614 0.223522 1.29182 459046
5 0.586169 0.225588 1.29063 459080
5 0.584764 0.227347 1.29057 459114
5 0.58309 0.228429 1.2875 459148
5 0.581091 0.230279 1.28472 459181
5 0.579055 0.233344 1.28619 459215
5 0.576078 0.235333 1.28466 459248
5 0.572964 0.237307 1.28195 459281
5 0.568705 0.240071 1.27758 459314
5 0.564373 0.241908 1.27196 459348
5 0.559634 0.24522 1.26706 459381
5 0.554045 0.249482 1.2628 459413
5 0.549821 0.253021 1.26005 459447
5 0.545214 0.255762 1.25705 459479
5 0.540955 0.259254 1.25448 459513
5 0.536663 0.262926 1.25383 459547
5 0.532881 0.266314 1.25081 459581
5 0.530173 0.26835 1.24972 459615
5 0.528625 0.270126 1.24951 459649
5 0.526497 0.271149 1.24531 459682
5 0.526132 0.272402 1.2473 459716
5 0.52582 0.274373 1.24827 459748
5 0.525798 0.276818 1.24835 459780
5 0.52657 0.278875 1.24841 459813
5 0.527244 0.28023 1.24905 459846
5 0.52898 0.280552 1.25037 459881
5 0.531215 0.280187 1.25108 459913
5 0.533328 0.281326 1.25136 459946
5 0.53723 0.280644 1.25104 459979
5 0.540035 0.28365 1.25349 460013
5 0.545127 0.283003 1.25646 460046
5 0.55023 0.283587 1.25919 460080
5 0.553642 0.284155 1.26032 460114
5 0.556437 0.285605 1.26234 460147
5 0.56091 0.285564 1.26765 460181
5 0.56609 0.286174 1.27081 460213
5 0.569796 0.286093 1.27443 460247
5 0.573878 0.285337 1.27785 460281
5 0.577627 0.286443 1.27929 460315
5 0.57949 0.286681 1.28348 460348
5 0.581026 0.287482 1.28375 460383
5 0.581944 0.287925 1.28663 460416

6 0.615645 0.194404 1.24572 462722
6 0.61562 0.192645 1.24335 462755
6 0.614818 0.191627 1.24006 462788
6 0.614337 0.19111 1.23789 462820
6 0.613827 0.190392 1.23735 462853
6 0.61387 0.190544 1.23821 462887
6 0.615193 0.192249 1.24071 462921
6 0.617116 0.196461 1.24475 462954
6 0.618467 0.197257 1.247 462988
6 0.620268 0.197722 1.24911 463023
6 0.621287 0.198227 1.25054 463056
6 0.622314 0.19904 1.25062 463089
6 0.625563 0.201361 1.25504 463122
6 0.627592 0.199913 1.25529 463156
6 0.630701 0.201165 1.25824 463188
6 0.634183 0.20325 1.26179 463221
6 0.637732 0.207107 1.26809 463256
6 0.641824 0.206833 1.26983 463288
6 0.643723 0.206202 1.26855 463320
6 0.644598 0.201701 1.26293 463354
6 0.648784 0.205061 1.2694 463387
6 0.652685 0.208124 1.27452 463421
6 0.655419 0.210229 1.27823 463454
6 0.657018 0.210428 1.27951 463489
6 0.659521 0.213013 1.28168 463522
6 0.660736 0.214632 1.28265 463556
6 0.662378 0.218343 1.28567 463590
6 0.661305 0.215641 1.2771 463623
6 0.662206 0.217132 1.27824 463657
6 0.660565 0.21531 1.27126 463691
6 0.658513 0.215171 1.26718 463724
6 0.656039 0.215671 1.26255 463757
6 0.652879 0.216353 1.25859 463791
6 0.649639 0.218584 1.25611 463825
6 0.645869 0.221851 1.25389 463842
6 0.642264 0.223466 1.25184 463892
6 0.638302 0.226024 1.24884 463924
6 0.632996 0.231035 1.24498 463958
6 0.626921 0.23596 1.23972 463992
6 0.621184 0.242188 1.23856 464026
6 0.616784 0.247358 1.23493 464044
6 0.611641 0.251157 1.23086 464094
6 0.60799 0.256545 1.22991 464111
6 0.605161 0.261704 1.22953 464145
6 0.602144 0.266661 1.23028 464180
6 0.599538 0.270545 1.22964 464212
6 0.596814 0.272532 1.2289 464261
6 0.595386 0.277145 1.22967 464277
6 0.594552 0.280159 1.22973 464311
6 0.595388 0.282542 1.22881 464346
6 0.595966 0.283649 1.22749 464378
6 0.597057 0.283655 1.22641 464412
6 0.599085 0.283537 1.22464 464445
6 0.601531 0.284167 1.22407 464479
6 0.605336 0.283609 1.22444 464514
6 0.609925 0.283244 1.22598 464546
6 0.613783 0.282766 1.22658 464579
6 0.618074 0.282473 1.22811 464613
6 0.622492 0.281834 1.23212 464645
6 0.626244 0.281004 1.23499 464679
6 0.629616 0.281086 1.23799 464712
6 0.633208 0.280513 1.23957 464746
6 0.636368 0.281106 1.24118 464781
6 0.638885 0.281261 1.24295 464813
6 0.641366 0.280503 1.24624 464846
6 0.643688 0.279916 1.249 464879
6 0.645666 0.280324 1.25083 464914
6 0.647475 0.280507 1.25183 464947
6 0.647818 0.28193 1.25436 464980
6 0.648018 0.282854 1.25644 465014
6 0.647631 0.283307 1.25769 465047

7 0.667501 0.19915 1.20387 467493
7 0.666933 0.198007 1.20131 467526
7 0.66631 0.198058 1.19838 467560
7 0.66565 0.197892 1.19575 467593
7 0.665434 0.198105 1.19383 467625
7 0.665603 0.199289 1.19375 467658
7 0.666143 0.199511 1.19403 467692
7 0.666495 0.200195 1.19423 467725
7 0.668556 0.202038 1.19709 467757
7 0.670996 0.203471 1.19933 467790
7 0.674697 0.204967 1.20327 467823
7 0.677241 0.205924 1.20509 467857
7 0.680277 0.208658 1.20976 467891
7 0.684322 0.210937 1.21424 467923
7 0.68889 0.213979 1.21949 467956
7 0.693601 0.216074 1.22421 467990
7 0.698151 0.216795 1.22617 468024
7 0.701496 0.218966 1.22778 468059
7 0.706965 0.221557 1.2335 468092
7 0.711343 0.223556 1.23683 468125
7 0.716147 0.224879 1.24101 468159
7 0.719243 0.227387 1.24467 468192
7 0.721994 0.224266 1.23977 468226
7 0.724251 0.222496 1.23623 468259
7 0.726833 0.224023 1.23544 468292
7 0.728369 0.224967 1.23406 468325
7 0.72776 0.224794 1.2343 468358
7 0.728024 0.226003 1.23194 468391
7 0.727017 0.226603 1.232 468424
7 0.722761 0.228476 1.22789 468457
7 0.71861 0.230113 1.22562 468490
7 0.714267 0.232192 1.22241 468525
7 0.707803 0.235273 1.21717 468558
7 0.702251 0.239807 1.21519 468592
7 0.696998 0.246086 1.21335 468625
7 0.69094 0.251445 1.21131 468659
7 0.685127 0.255845 1.20857 468693
7 0.679817 0.260589 1.20703 468726
7 0.674626 0.264461 1.20516 468760
7 0.671443 0.268152 1.2056 468795
7 0.667092 0.273636 1.20399 468827
7 0.664283 0.276991 1.20159 468861
7 0.662897 0.278666 1.20105 468895
7 0.662476 0.282085 1.20236 468912
7 0.662421 0.284471 1.20418 468962
7 0.663347 0.285369 1.20666 468995
7 0.665724 0.285901 1.20693 469028
7 0.668774 0.286268 1.20652 469062
7 0.671667 0.286738 1.20582 469095
7 0.675531 0.287013 1.20515 469129
7 0.680324 0.28796 1.20703 469162
7 0.684758 0.287731 1.2073 469195
7 0.688794 0.2873 1.20983 469229
7 0.692951 0.287702 1.21165 469263
7 0.696934 0.287216 1.21378 469280
7 0.701614 0.287017 1.21745 469330
7 0.705646 0.286453 1.22028 469364
7 0.708111 0.287696 1.22383 469381
7 0.711304 0.287394 1.22478 469431
7 0.713148 0.287854 1.22766 469464
7 0.714545 0.290307 1.22822 469480

8 0.650124 0.337231 1.20398 470798
8 0.653793 0.33666 1.2037 470832
8 0.657474 0.335759 1.20413 470850
8 0.661004 0.334503 1.20617 470884
8 0.664076 0.333461 1.20737 470915
8 0.668011 0.333076 1.21106 470949
8 0.672609 0.332642 1.2123 470999
8 0.677149 0.332436 1.21552 471033
8 0.681387 0.332556 1.21565 471050
8 0.685269 0.332324 1.21467 471099
8 0.690345 0.331148 1.21986 471116
8 0.694385 0.331215 1.22224 471149
8 0.696856 0.331521 1.22327 471197
8 0.69901 0.332236 1.22535 471230
8 0.701479 0.333287 1.22813 471264
8 0.702924 0.335475 1.23269 471297
8 0.704778 0.336855 1.23357 471330
8 0.705572 0.338146 1.2364 471365
8 0.705811 0.341287 1.23932 471398
8 0.705713 0.342918 1.23671 471432
8 0.704751 0.346549 1.23761 471466
8 0.703118 0.349638 1.23759 471500
8 0.700169 0.353714 1.23617 471517
8 0.697794 0.357459 1.23539 471567
8 0.695188 0.361603 1.23665 471585
8 0.691531 0.3674 1.23546 471618
8 0.687953 0.371933 1.23592 471652
8 0.685027 0.377626 1.23678 471685
8 0.6813 0.382599 1.23735 471720
8 0.675936 0.388851 1.23397 471752
8 0.672252 0.392895 1.23438 471785
8 0.667844 0.397579 1.23327 471819
8 0.664754 0.402276 1.23274 471853
8 0.659664 0.407326 1.23127 471888
8 0.656816 0.410874 1.23123 471921
8 0.65526 0.414084 1.2351 471956
8 0.65144 0.418382 1.2368 471989
8 0.64918 0.423713 1.23747 472022
8 0.647559 0.426626 1.23946 472055
8 0.648154 0.427379 1.24319 472088
8 0.649415 0.429382 1.24424 472122
8 0.651618 0.430621 1.24521 472155
8 0.655193 0.431247 1.24902 472188
8 0.660111 0.430166 1.25259 472222
8 0.665192 0.429451 1.25387 472256
8 0.670745 0.42853 1.25472 472290
8 0.675154 0.428558 1.25446 472324
8 0.681144 0.427938 1.25574 472358
8 0.685802 0.427494 1.25755 472392
8 0.690324 0.428246 1.2611 472425
8 0.69489 0.427828 1.266 472458
8 0.699309 0.428562 1.26801 472492
8 0.702711 0.428613 1.27095 472526
8 0.705573 0.430346 1.27319 472560
8 0.706667 0.431539 1.27502 472593

9 0.65488 0.484289 1.27765 474131
9 0.653782 0.48536 1.27767 474165
9 0.653844 0.486309 1.27789 474199
9 0.653766 0.488866 1.27515 474233
9 0.653004 0.489992 1.27358 474265
9 0.65309 0.491421 1.27256 474298
9 0.655571 0.491407 1.27358 474331
9 0.656898 0.49297 1.27342 474365
9 0.658758 0.492352 1.27457 474397
9 0.660816 0.492572 1.27555 474431
9 0.662555 0.494025 1.277 474464
9 0.664619 0.494754 1.27618 474498
9 0.667698 0.496539 1.27895 474531
9 0.671128 0.496728 1.28031 474566
9 0.67605 0.496513 1.28078 474599
9 0.6802 0.49756 1.28264 474633
9 0.682897 0.497727 1.28474 474667
9 0.68706 0.497396 1.28831 474700
9 0.69053 0.497957 1.28732 474734
9 0.693515 0.497745 1.28873 474751
9 0.69663 0.496169 1.29098 474801
9 0.699177 0.494906 1.29319 474835
9 0.702805 0.493022 1.29512 474852
9 0.705111 0.491959 1.29727 474886
9 0.706661 0.491005 1.29796 474919
9 0.707788 0.490817 1.29839 474970
9 0.708039 0.490571 1.29781 474987
9 0.707767 0.490778 1.29899 475021
9 0.705841 0.49059 1.29897 475055
9 0.703383 0.492435 1.29821 475087
9 0.7 0.494683 1.29679 475121
9 0.696189 0.497546 1.29202 475172
9 0.691449 0.498559 1.29245 475188
9 0.686367 0.500113 1.29201 475222
9 0.680911 0.500762 1.29353 475254
9 0.67633 0.501348 1.29423 475287
9 0.670623 0.503729 1.29397 475321
9 0.665691 0.505248 1.29232 475355
9 0.661303 0.506572 1.2919 475388
9 0.657971 0.507827 1.29339 475423
9 0.655006 0.508985 1.29426 475457
9 0.652217 0.509803 1.29418 475489
9 0.649054 0.511738 1.29295 475522
9 0.647323 0.512873 1.29335 475557
9 0.646331 0.513577 1.29433 475590
9 0.646196 0.514043 1.29697 475623
9 0.646377 0.514315 1.29998 475657
9 0.647068 0.516828 1.30013 475692
9 0.647762 0.519363 1.30154 475724
9 0.64892 0.519332 1.30516 475758
9 0.65058 0.521299 1.30491 475791
9 0.651896 0.522022 1.30659 475824
9 0.653745 0.522147 1.30956 475858
9 0.655521 0.523342 1.3109 475893
9 0.65783 0.524315 1.31223 475926
9 0.659282 0.52488 1.31503 475960
9 0.661492 0.527823 1.31477 475994
9 0.664267 0.529473 1.31821 476026
9 0.667118 0.530196 1.32273 476059
9 0.670015 0.531844 1.32553 476093
9 0.672866 0.533049 1.33114 476126
9 0.676281 0.535165 1.33623 476160
9 0.679786 0.535874 1.3405 476193
9 0.682621 0.53578 1.34512 476227
9 0.686778 0.536721 1.34933 476260
9 0.689737 0.537399 1.35272 476295
9 0.693304 0.536596 1.35805 476328
9 0.696659 0.536627 1.35902 476361
9 0.700946 0.536007 1.36093 476395
9 0.704335 0.536579 1.36049 476429
9 0.708899 0.535808 1.36233 476462
9 0.711773 0.535333 1.36239 476496
9 0.713351 0.535079 1.36121 476529
9 0.71524 0.533172 1.36186 476562

10 0.738569 0.349808 1.25475 479273
10 0.738334 0.350139 1.25641 479290
10 0.740475 0.350483 1.25559 479323
10 0.741899 0.349805 1.25798 479373
10 0.742039 0.349405 1.25955 479390
10 0.744548 0.34933 1.26092 479424
10 0.746628 0.349362 1.26055 479457
10 0.749422 0.34768 1.26304 479491
10 0.751704 0.347966 1.2645 479524
10 0.754266 0.348182 1.26663 479558
10 0.757426 0.346291 1.26962 479591
10 0.760539 0.345457 1.27415 479624
10 0.763431 0.344817 1.27705 479658
10 0.766507 0.345263 1.28176 479691
10 0.770844 0.344914 1.28345 479740
10 0.773897 0.344135 1.28603 479757
10 0.776326 0.344457 1.28951 479789
10 0.779489 0.34579 1.29177 479839
10 0.781741 0.347132 1.29501 479872
10 0.784455 0.350588 1.29625 479905
10 0.785985 0.352289 1.29804 479939
10 0.787549 0.353018 1.30205 479973
10 0.788809 0.354525 1.3032 480005
10 0.789326 0.358041 1.30436 480039
10 0.788723 0.361288 1.30383 480071
10 0.787955 0.363772 1.30131 480106
10 0.786118 0.367724 1.29905 480138
10 0.784145 0.371278 1.29517 480171
10 0.781659 0.374456 1.29524 480204
10 0.779018 0.377156 1.29306 480238
10 0.775342 0.379859 1.28862 480270
10 0.77134 0.385671 1.28403 480304
10 0.768159 0.389433 1.28099 480337
10 0.764206 0.393203 1.27471 480371
10 0.76009 0.398949 1.27374 480404
10 0.756369 0.401967 1.27052 480437
10 0.75169 0.404795 1.27174 480471
10 0.748248 0.408652 1.26905 480504
10 0.744413 0.412782 1.2684 480538
10 0.742095 0.416707 1.26526 480571
10 0.738963 0.419748 1.26364 480604
10 0.73669 0.422534 1.26119 480637
10 0.734118 0.425806 1.25977 480671
10 0.73217 0.429242 1.26224 480705
10 0.730901 0.431451 1.26235 480739
10 0.731301 0.433186 1.26321 480773
10 0.732147 0.435874 1.26313 480790
10 0.732499 0.435919 1.26494 480841
10 0.733647 0.43704 1.26622 480857
10 0.734851 0.438648 1.26619 480908
10 0.73656 0.439211 1.27011 480940
10 0.739389 0.439389 1.27363 480973
10 0.741853 0.441187 1.27491 481007
10 0.745731 0.441591 1.27691 481041
10 0.750076 0.441617 1.28118 481058
10 0.753513 0.441164 1.28687 481093
10 0.758529 0.440978 1.29129 481125
10 0.762334 0.441569 1.29544 481159
10 0.766285 0.442059 1.29787 481193
10 0.771271 0.441148 1.30266 481225
10 0.774916 0.440417 1.30871 481259
10 0.777937 0.439838 1.31524 481293
10 0.780528 0.439251 1.32349 481327
10 0.784773 0.437644 1.32968 481360
10 0.788087 0.436282 1.33441 481394
10 0.791244 0.437295 1.33897 481428
10 0.794354 0.436009 1.34352 481462
10 0.796841 0.434036 1.34938 481495
10 0.798774 0.431832 1.35621 481528
10 0.799727 0.430483 1.36075 481562
10 0.799763 0.432065 1.36068 481595
10 0.799763 0.432082 1.35845 481628
10 0.799264 0.433451 1.3579 481661
10 0.798396 0.434245 1.35927 481694
10 0.797333 0.435991 1.35677 481729
10 0.796543 0.436756 1.35413 481761

