Gesto: 2
0 0.176008 0.181536 1.78579 235612
0 0.176044 0.176998 1.78538 235646
0 0.176462 0.173959 1.77887 235680
0 0.175294 0.172614 1.77939 235713
0 0.175415 0.174705 1.78471 235746
0 0.177165 0.174022 1.78614 235780
0 0.177721 0.170969 1.7849 235813
0 0.179369 0.166875 1.78477 235846
0 0.18552 0.165613 1.77922 235880
0 0.193895 0.163533 1.78244 235913
0 0.20707 0.164467 1.78464 235947
0 0.224005 0.171789 1.77763 235981
0 0.241706 0.178119 1.77025 236015
0 0.257209 0.185045 1.76649 236048
0 0.268997 0.193515 1.76354 236082
0 0.275281 0.198815 1.76217 236116
0 0.275689 0.202022 1.75562 236150
0 0.271319 0.207406 1.75668 236183
0 0.263166 0.213055 1.75563 236218
0 0.249065 0.222396 1.75654 236251
0 0.234207 0.232999 1.75427 236285
0 0.21441 0.243902 1.7539 236317
0 0.194614 0.256163 1.76076 236351
0 0.181575 0.267577 1.76506 236385
0 0.176286 0.275585 1.76402 236419
0 0.172435 0.280897 1.76504 236452
0 0.172644 0.284867 1.76635 236485
0 0.179519 0.287655 1.75964 236519
0 0.18872 0.290814 1.7521 236553
0 0.202562 0.291965 1.73964 236588
0 0.21581 0.294032 1.73247 236622
0 0.230106 0.295661 1.72321 236655
0 0.241874 0.297696 1.71501 236689
0 0.248399 0.298767 1.71086 236722
0 0.253292 0.300956 1.70958 236757

1 0.306001 0.201083 1.74713 237656
1 0.304378 0.194993 1.7506 237689
1 0.30282 0.189011 1.7538 237722
1 0.300641 0.183938 1.75256 237756
1 0.300078 0.178028 1.75362 237790
1 0.299446 0.176209 1.75085 237824
1 0.302366 0.172336 1.75383 237857
1 0.307761 0.169763 1.74932 237891
1 0.319048 0.167721 1.74813 237923
1 0.335922 0.167447 1.75054 237958
1 0.352661 0.17029 1.74842 237990
1 0.372449 0.177288 1.74584 238024
1 0.38861 0.183506 1.74431 238056
1 0.397744 0.188556 1.74484 238089
1 0.398808 0.19441 1.74716 238122
1 0.393384 0.199999 1.74734 238155
1 0.382446 0.208995 1.74579 238190
1 0.364139 0.222286 1.74257 238223
1 0.343321 0.24027 1.74416 238257
1 0.323536 0.257542 1.75121 238291
1 0.308872 0.272287 1.76113 238324
1 0.303128 0.282435 1.76607 238358
1 0.306668 0.287752 1.76168 238392
1 0.316624 0.29345 1.75054 238426
1 0.33137 0.299388 1.73544 238442
1 0.350047 0.305869 1.71994 238493
1 0.372216 0.307833 1.71001 238509
1 0.387272 0.310993 1.70497 238542
1 0.398517 0.311884 1.70734 238593
1 0.403483 0.314018 1.71318 238610

2 0.440023 0.196149 1.77764 239213
2 0.435945 0.188676 1.77206 239246
2 0.434799 0.182393 1.76975 239280
2 0.436531 0.176334 1.76897 239313
2 0.439936 0.172073 1.76713 239346
2 0.44739 0.1698 1.76323 239380
2 0.463374 0.168921 1.7583 239412
2 0.485571 0.170465 1.74838 239446
2 0.509351 0.173182 1.73948 239481
2 0.532121 0.181196 1.7418 239514
2 0.545272 0.187338 1.7414 239548
2 0.545237 0.194488 1.74036 239581
2 0.538231 0.200195 1.74099 239614
2 0.5234 0.210256 1.74017 239646
2 0.505136 0.224625 1.74512 239679
2 0.480746 0.244634 1.74651 239712
2 0.45988 0.266128 1.74376 239761
2 0.44651 0.287978 1.74925 239778
2 0.44583 0.301881 1.74463 239811
2 0.453208 0.313416 1.73464 239861
2 0.471209 0.319804 1.72282 239878
2 0.497282 0.323116 1.74318 239929
2 0.522951 0.322947 1.7489 239946
2 0.542525 0.320227 1.74848 239980
2 0.55181 0.318194 1.74011 240014
2 0.552659 0.317336 1.73602 240048

3 0.577941 0.193917 1.69493 241019
3 0.579027 0.191483 1.69009 241053
3 0.58015 0.189397 1.68696 241086
3 0.582487 0.189973 1.68436 241120
3 0.589827 0.186523 1.68459 241154
3 0.600459 0.184819 1.68323 241188
3 0.620346 0.184728 1.67631 241221
3 0.646307 0.188614 1.68177 241254
3 0.67619 0.197304 1.70339 241288
3 0.695741 0.203643 1.71169 241321
3 0.707521 0.207512 1.71954 241355
3 0.703679 0.212929 1.72426 241387
3 0.688995 0.223054 1.72272 241420
3 0.67128 0.231163 1.71118 241453
3 0.651694 0.244144 1.70031 241485
3 0.629993 0.259108 1.68553 241518
3 0.621245 0.277941 1.68902 241549
3 0.629035 0.291484 1.70085 241582
3 0.643439 0.300197 1.70692 241615
3 0.664845 0.305378 1.70791 241649
3 0.683132 0.307236 1.71284 241683
3 0.696881 0.308817 1.70983 241716
3 0.702315 0.305094 1.71701 241750

4 0.267777 0.337589 1.8488 242692
4 0.267238 0.337056 1.84364 242725
4 0.268531 0.336923 1.83318 242759
4 0.274639 0.338216 1.82493 242793
4 0.286902 0.343921 1.81124 242828
4 0.302775 0.349646 1.79867 242861
4 0.315726 0.351914 1.802 242895
4 0.318202 0.353473 1.80691 242929
4 0.308945 0.359198 1.81285 242963
4 0.292656 0.368411 1.8231 242980
4 0.2741 0.381583 1.83637 243014
4 0.256558 0.397235 1.85554 243063
4 0.247916 0.412428 1.86543 243096
4 0.245304 0.425406 1.86521 243113
4 0.251026 0.43509 1.85215 243162
4 0.265837 0.44249 1.83541 243196
4 0.28555 0.448243 1.8164 243213
4 0.308967 0.461227 1.80017 243262
4 0.333282 0.46607 1.79145 243295
4 0.351069 0.466536 1.78952 243329
4 0.359865 0.465973 1.78845 243362

5 0.358884 0.343379 1.83484 243782
5 0.361913 0.334144 1.8339 243817
5 0.367607 0.328507 1.82708 243849
5 0.379012 0.327873 1.80907 243883
5 0.399136 0.326839 1.79638 243916
5 0.424142 0.328199 1.78093 243951
5 0.447505 0.332098 1.78042 243984
5 0.463168 0.335936 1.77632 244018
5 0.46357 0.339256 1.78206 244053
5 0.453199 0.347342 1.78993 244085
5 0.436379 0.358987 1.79825 244119
5 0.418125 0.376907 1.80767 244152
5 0.403448 0.393329 1.81707 244186
5 0.393264 0.413085 1.82486 244219
5 0.392738 0.42948 1.82455 244252
5 0.400184 0.441009 1.81166 244286
5 0.415559 0.448923 1.79698 244319
5 0.440977 0.461298 1.78662 244352
5 0.467797 0.46626 1.78033 244386
5 0.488855 0.466171 1.77279 244420
5 0.500492 0.468026 1.76268 244454
5 0.501374 0.467865 1.7636 244488

6 0.558733 0.346759 1.78357 245285
6 0.559162 0.346085 1.78876 245320
6 0.559197 0.34672 1.78992 245354
6 0.563326 0.344654 1.79654 245387
6 0.571751 0.345701 1.80129 245420
6 0.58735 0.345398 1.80282 245454
6 0.603388 0.345627 1.80551 245488
6 0.618077 0.347356 1.79385 245522
6 0.625387 0.352044 1.79104 245555
6 0.623073 0.3538 1.79426 245589
6 0.61043 0.355939 1.79455 245624
6 0.590409 0.36478 1.80381 245657
6 0.567018 0.377474 1.81413 245691
6 0.538468 0.397431 1.81986 245724
6 0.518121 0.415493 1.82367 245757
6 0.508833 0.432904 1.81794 245790
6 0.514419 0.450114 1.80287 245824
6 0.530086 0.465808 1.79624 245858
6 0.562737 0.471505 1.79562 245891
6 0.591058 0.471242 1.79992 245926
6 0.613856 0.46984 1.80051 245959
6 0.627642 0.467403 1.79476 245994
6 0.630827 0.469232 1.78339 246027
6 0.627253 0.465331 1.79209 246061

7 0.645561 0.35115 1.72817 247189
7 0.660659 0.355166 1.74173 247222
7 0.681531 0.359619 1.74969 247255
7 0.704694 0.360204 1.75524 247290
7 0.726228 0.360774 1.76051 247323
7 0.74253 0.359446 1.76295 247357
7 0.751397 0.357871 1.76124 247391
7 0.746901 0.357665 1.76218 247425
7 0.731205 0.362329 1.76956 247458
7 0.708875 0.3763 1.78027 247492
7 0.685608 0.391464 1.78966 247526
7 0.6629 0.409584 1.79191 247560
7 0.649431 0.425072 1.7924 247594
7 0.646206 0.44085 1.78749 247628
7 0.65017 0.451924 1.78204 247662
7 0.673235 0.456234 1.78419 247695
7 0.701695 0.461996 1.77626 247729
7 0.730279 0.465326 1.7762 247763
7 0.753378 0.461185 1.7819 247796
7 0.766522 0.458697 1.78881 247830

8 0.326432 0.514834 2.01626 249726
8 0.322045 0.515132 2.00905 249758
8 0.322128 0.509824 2.01462 249793
8 0.320063 0.510141 2.01411 249825
8 0.318251 0.510694 2.01276 249857
8 0.321992 0.507646 2.01051 249889
8 0.328152 0.508714 2.00567 249921
8 0.338581 0.512803 1.99255 249954
8 0.361844 0.518296 1.99187 249988
8 0.378971 0.524137 1.98508 250021
8 0.383729 0.527991 1.9951 250055
8 0.376995 0.534068 2.01014 250088
8 0.356597 0.540006 2.02116 250121
8 0.330282 0.550976 2.03133 250155
8 0.311266 0.563429 2.04873 250187
8 0.302031 0.581362 2.05936 250221
8 0.305134 0.601654 2.05259 250256
8 0.323724 0.620027 2.03302 250289
8 0.35241 0.630504 2.01584 250323
8 0.379152 0.631455 2.00286 250357
8 0.399197 0.62441 1.99657 250390
8 0.413074 0.621882 1.97703 250424

9 0.475495 0.503834 1.91505 251363
9 0.473747 0.50454 1.91774 251396
9 0.474242 0.500454 1.91986 251431
9 0.474097 0.496894 1.90852 251463
9 0.477031 0.492437 1.8958 251498
9 0.484767 0.489152 1.89072 251531
9 0.497766 0.489092 1.89948 251565
9 0.515498 0.486236 1.90328 251598
9 0.525874 0.485185 1.90205 251631
9 0.528381 0.487925 1.90956 251665
9 0.521561 0.490927 1.9167 251699
9 0.506757 0.495051 1.92856 251733
9 0.483415 0.499105 1.93708 251766
9 0.454624 0.506727 1.94485 251800
9 0.433637 0.513975 1.9566 251834
9 0.423231 0.5188 1.95808 251867
9 0.425207 0.526812 1.94879 251900
9 0.439457 0.542529 1.93533 251932
9 0.466777 0.568876 1.9205 251965
9 0.495803 0.587846 1.91182 251998
9 0.519941 0.597536 1.90817 252031
9 0.5363 0.597981 1.91363 252065
9 0.548857 0.597964 1.91765 252098
9 0.556532 0.591209 1.92484 252131

