Gesto: 2
0 0.380706 0.199814 1.99435 996943
0 0.380088 0.20102 1.99323 996977
0 0.37904 0.201235 1.98979 997009
0 0.381083 0.200106 1.99148 997044
0 0.382331 0.199497 1.99209 997077
0 0.38467 0.197434 1.99301 997111
0 0.390869 0.197446 1.99067 997145
0 0.396285 0.196649 1.98869 997178
0 0.405189 0.196909 1.98579 997212
0 0.415345 0.197567 1.98489 997245
0 0.425447 0.192893 1.98455 997279
0 0.434578 0.194568 1.98296 997313
0 0.445686 0.195988 1.98123 997346
0 0.458255 0.197033 1.97874 997380
0 0.471287 0.197466 1.97736 997413
0 0.483256 0.19931 1.97769 997447
0 0.492995 0.202334 1.9792 997482
0 0.501493 0.208825 1.98119 997515
0 0.50653 0.213423 1.98366 997548
0 0.510192 0.218606 1.9823 997582
0 0.511046 0.221649 1.98308 997616
0 0.508842 0.227674 1.98077 997650
0 0.504296 0.233688 1.98341 997684
0 0.50051 0.242513 1.98614 997718
0 0.493227 0.244669 1.98249 997750
0 0.485688 0.249546 1.98104 997783
0 0.4768 0.259776 1.97794 997814
0 0.46613 0.266629 1.97334 997847
0 0.454275 0.277384 1.97171 997881
0 0.443318 0.286231 1.97592 997915
0 0.435301 0.296068 1.97776 997949
0 0.424608 0.302903 1.98064 997983
0 0.415803 0.308884 1.98251 998017
0 0.406546 0.318302 1.9855 998051
0 0.401166 0.329785 1.99221 998084
0 0.398318 0.337137 1.99462 998118
0 0.395586 0.342607 1.99633 998152
0 0.391975 0.347331 1.99678 998186
0 0.392927 0.354711 1.9977 998220
0 0.394447 0.35928 2.00016 998254
0 0.39771 0.360066 1.99415 998288
0 0.402734 0.359818 1.99861 998322
0 0.406913 0.360158 1.99547 998356
0 0.415394 0.360349 1.99236 998373
0 0.42629 0.359561 1.98823 998424
0 0.443329 0.358899 1.99206 998441
0 0.458884 0.359873 2.00136 998475
0 0.47128 0.359104 2.00612 998509
0 0.483663 0.359579 2.01086 998543
0 0.494273 0.360257 2.00808 998576
0 0.501928 0.360456 2.00666 998610
0 0.50773 0.360827 2.00932 998643
0 0.512696 0.361134 2.01181 998676
0 0.515925 0.361119 2.01761 998710
0 0.516743 0.360858 2.01762 998743
0 0.517445 0.360832 2.01806 998777
0 0.51781 0.360896 2.01835 998810
0 0.517903 0.360615 2.01427 998844
0 0.518336 0.360638 2.01926 998878

1 0.406538 0.21241 2.04104 1.00065e+06
1 0.406828 0.21154 2.04139 1.00068e+06
1 0.40776 0.21104 2.04262 1.00071e+06
1 0.408496 0.210996 2.03838 1.00075e+06
1 0.40906 0.211706 2.03128 1.00078e+06
1 0.415537 0.210407 2.03166 1.00081e+06
1 0.421572 0.210319 2.02867 1.00085e+06
1 0.430947 0.209913 2.0261 1.00088e+06
1 0.443616 0.209759 2.02468 1.00091e+06
1 0.456906 0.209885 2.0197 1.00095e+06
1 0.470433 0.210412 2.01344 1.00098e+06
1 0.484957 0.210344 2.01007 1.00101e+06
1 0.497678 0.211669 2.01064 1.00105e+06
1 0.507053 0.215625 2.00872 1.00108e+06
1 0.515476 0.218277 2.00892 1.00112e+06
1 0.519535 0.223648 2.01022 1.00115e+06
1 0.521471 0.228329 2.007 1.00118e+06
1 0.520184 0.229995 2.00738 1.00122e+06
1 0.515546 0.233499 2.00213 1.00125e+06
1 0.507506 0.239309 2.00595 1.00128e+06
1 0.50136 0.244392 2.01169 1.00132e+06
1 0.492865 0.250821 2.00865 1.00135e+06
1 0.482539 0.260362 2.01068 1.00139e+06
1 0.469747 0.272618 2.00838 1.00142e+06
1 0.45741 0.283287 2.00427 1.00145e+06
1 0.447863 0.2944 2.00179 1.00149e+06
1 0.439252 0.30446 2.00235 1.00152e+06
1 0.430475 0.314692 2.00474 1.00155e+06
1 0.424528 0.32904 1.99914 1.00159e+06
1 0.418055 0.339377 2.00117 1.00162e+06
1 0.414164 0.349341 2.00313 1.00165e+06
1 0.411814 0.356263 1.99973 1.00169e+06
1 0.410289 0.359166 2.00022 1.00172e+06
1 0.412296 0.364108 2.00184 1.00175e+06
1 0.415974 0.365635 1.99564 1.00179e+06
1 0.419801 0.370807 2.00021 1.00182e+06
1 0.427892 0.374222 2.00285 1.00185e+06
1 0.439109 0.376055 2.00439 1.00189e+06
1 0.451335 0.375093 2.00803 1.00192e+06
1 0.464044 0.371612 2.00347 1.00195e+06
1 0.476085 0.369383 2.00669 1.00199e+06
1 0.487843 0.371878 2.01378 1.00202e+06
1 0.496825 0.375723 2.01861 1.00206e+06
1 0.503818 0.377929 2.01529 1.00209e+06
1 0.509901 0.379047 2.02086 1.00212e+06
1 0.515478 0.378945 2.01782 1.00216e+06
1 0.518068 0.378431 2.02292 1.00219e+06
1 0.519426 0.377866 2.02455 1.00222e+06
1 0.520574 0.377859 2.02489 1.00226e+06
1 0.52086 0.377254 2.02499 1.00229e+06
1 0.521253 0.377384 2.02385 1.00232e+06
1 0.521716 0.37721 2.0193 1.00236e+06
1 0.522603 0.376801 2.02044 1.00239e+06

2 0.441387 0.208879 2.04979 1.00399e+06
2 0.446349 0.208399 2.05292 1.00402e+06
2 0.448952 0.208281 2.05215 1.00406e+06
2 0.456611 0.206974 2.05434 1.00409e+06
2 0.461232 0.2072 2.05338 1.00412e+06
2 0.470309 0.206285 2.05576 1.00416e+06
2 0.48179 0.207103 2.05537 1.00419e+06
2 0.491308 0.208078 2.04545 1.00422e+06
2 0.501887 0.207491 2.04453 1.00426e+06
2 0.515267 0.207813 2.04159 1.00429e+06
2 0.528299 0.20768 2.04005 1.00432e+06
2 0.545784 0.209245 2.04079 1.00435e+06
2 0.560549 0.209401 2.04564 1.00439e+06
2 0.575142 0.208449 2.05298 1.00442e+06
2 0.584831 0.208579 2.0526 1.00445e+06
2 0.592316 0.20949 2.05518 1.00449e+06
2 0.599594 0.215161 2.06208 1.00452e+06
2 0.602853 0.218991 2.07062 1.00455e+06
2 0.602315 0.224561 2.06965 1.00459e+06
2 0.596941 0.226003 2.0631 1.00462e+06
2 0.591314 0.228887 2.05637 1.00465e+06
2 0.584102 0.236787 2.05074 1.00469e+06
2 0.573888 0.242227 2.04383 1.00472e+06
2 0.564707 0.251577 2.03764 1.00475e+06
2 0.553461 0.261301 2.03467 1.00479e+06
2 0.5423 0.272447 2.03465 1.00482e+06
2 0.531617 0.280183 2.03353 1.00485e+06
2 0.52251 0.289792 2.03551 1.00489e+06
2 0.510896 0.29941 2.03824 1.00492e+06
2 0.500903 0.308931 2.04494 1.00495e+06
2 0.491069 0.319189 2.04657 1.00498e+06
2 0.481076 0.330258 2.04697 1.00502e+06
2 0.47427 0.33853 2.04685 1.00505e+06
2 0.46851 0.346308 2.04973 1.00508e+06
2 0.465081 0.350969 2.05223 1.00512e+06
2 0.462882 0.360532 2.05942 1.00515e+06
2 0.462632 0.367668 2.06082 1.00519e+06
2 0.463049 0.370876 2.05919 1.00522e+06
2 0.470246 0.372901 2.05709 1.00525e+06
2 0.478664 0.376413 2.055 1.00529e+06
2 0.488323 0.379382 2.05336 1.00532e+06
2 0.498124 0.386791 2.04771 1.00536e+06
2 0.509714 0.391222 2.04397 1.00539e+06
2 0.520752 0.394239 2.03968 1.00542e+06
2 0.53425 0.395387 2.04104 1.00546e+06
2 0.547353 0.397906 2.04822 1.00549e+06
2 0.561618 0.404457 2.06287 1.00552e+06
2 0.570635 0.409934 2.07156 1.00556e+06
2 0.581936 0.414877 2.08119 1.00559e+06
2 0.588449 0.416329 2.08575 1.00563e+06
2 0.590757 0.417104 2.091 1.00566e+06
2 0.592104 0.417451 2.09571 1.00568e+06
2 0.593141 0.416527 2.09488 1.00573e+06
2 0.594209 0.416955 2.09244 1.00575e+06

3 0.389394 0.215912 2.06437 1.011e+06
3 0.390641 0.213727 2.06564 1.01102e+06
3 0.389916 0.21233 2.06848 1.01105e+06
3 0.391666 0.209902 2.0651 1.0111e+06
3 0.393143 0.20777 2.05831 1.01113e+06
3 0.398995 0.207859 2.05705 1.01117e+06
3 0.403448 0.207161 2.05777 1.0112e+06
3 0.410867 0.207578 2.05668 1.01123e+06
3 0.417019 0.20751 2.05401 1.01127e+06
3 0.426804 0.206862 2.05281 1.0113e+06
3 0.434073 0.209635 2.05237 1.01132e+06
3 0.442825 0.208598 2.05251 1.01137e+06
3 0.452538 0.20776 2.05628 1.0114e+06
3 0.461604 0.209931 2.0556 1.01142e+06
3 0.470319 0.208832 2.05201 1.01147e+06
3 0.476095 0.209739 2.05264 1.0115e+06
3 0.482124 0.210868 2.05526 1.01153e+06
3 0.485776 0.216612 2.0568 1.01157e+06
3 0.486956 0.220809 2.05898 1.0116e+06
3 0.487438 0.223264 2.06192 1.01162e+06
3 0.486014 0.223625 2.06038 1.01167e+06
3 0.483734 0.224591 2.05786 1.0117e+06
3 0.482227 0.22524 2.05743 1.01173e+06
3 0.479399 0.226326 2.05672 1.01176e+06
3 0.47673 0.228084 2.04878 1.0118e+06
3 0.470781 0.234398 2.0474 1.01183e+06
3 0.4647 0.240396 2.0494 1.01187e+06
3 0.458485 0.247712 2.05043 1.0119e+06
3 0.449454 0.255192 2.04696 1.01192e+06
3 0.442344 0.261136 2.04084 1.01197e+06
3 0.432628 0.271723 2.03792 1.012e+06
3 0.424614 0.279021 2.03611 1.01202e+06
3 0.417089 0.290047 2.03388 1.01207e+06
3 0.411897 0.297266 2.03119 1.01208e+06
3 0.408828 0.308053 2.03315 1.01212e+06
3 0.40307 0.319139 2.03122 1.01217e+06
3 0.40104 0.331486 2.03547 1.0122e+06
3 0.399874 0.340669 2.03528 1.01222e+06
3 0.397872 0.348588 2.03881 1.01227e+06
3 0.396033 0.354307 2.0358 1.0123e+06
3 0.396909 0.359966 2.04091 1.01233e+06
3 0.400979 0.36212 2.03542 1.01237e+06
3 0.406026 0.363262 2.0353 1.01238e+06
3 0.40685 0.368373 2.03957 1.01244e+06
3 0.413243 0.371335 2.03964 1.01247e+06
3 0.421903 0.37412 2.0445 1.0125e+06
3 0.429494 0.376007 2.04663 1.01253e+06
3 0.438136 0.377418 2.04752 1.01257e+06
3 0.448388 0.378408 2.04876 1.0126e+06
3 0.462334 0.3777 2.0454 1.01264e+06
3 0.473357 0.377327 2.04872 1.01265e+06
3 0.482671 0.377884 2.04906 1.01269e+06
3 0.490518 0.377389 2.05286 1.01274e+06
3 0.495148 0.379178 2.05634 1.01277e+06
3 0.499255 0.380677 2.05878 1.01279e+06
3 0.502164 0.379544 2.06556 1.01282e+06
3 0.503675 0.378712 2.05839 1.01286e+06
3 0.504678 0.378267 2.06472 1.01289e+06
3 0.50412 0.380489 2.0673 1.01292e+06

4 0.393116 0.205975 2.05969 1.01459e+06
4 0.393207 0.206088 2.05927 1.01462e+06
4 0.393476 0.206505 2.05857 1.01466e+06
4 0.393581 0.206309 2.06025 1.01469e+06
4 0.396126 0.205393 2.05696 1.01473e+06
4 0.401883 0.205348 2.05524 1.01476e+06
4 0.406684 0.205786 2.05248 1.01479e+06
4 0.414524 0.205715 2.05266 1.01483e+06
4 0.422601 0.20705 2.05082 1.01486e+06
4 0.431438 0.205745 2.05365 1.01489e+06
4 0.441507 0.20604 2.0527 1.01493e+06
4 0.450468 0.206877 2.05404 1.01496e+06
4 0.458782 0.207292 2.05403 1.01499e+06
4 0.468394 0.207033 2.05578 1.01503e+06
4 0.476949 0.209525 2.05661 1.01506e+06
4 0.482775 0.211161 2.05824 1.01509e+06
4 0.490052 0.21272 2.05333 1.01512e+06
4 0.494086 0.212423 2.05684 1.01516e+06
4 0.498738 0.213858 2.05016 1.01519e+06
4 0.502457 0.214978 2.04873 1.01523e+06
4 0.503987 0.219391 2.04737 1.01526e+06
4 0.502275 0.224073 2.04944 1.01529e+06
4 0.502062 0.227642 2.04944 1.01533e+06
4 0.49948 0.227195 2.05385 1.01536e+06
4 0.494105 0.229607 2.05041 1.01539e+06
4 0.489808 0.23142 2.04645 1.01543e+06
4 0.485103 0.237603 2.0481 1.01546e+06
4 0.48064 0.242285 2.04663 1.01549e+06
4 0.473076 0.252521 2.04085 1.01553e+06
4 0.465189 0.260851 2.03523 1.01556e+06
4 0.458056 0.271751 2.03348 1.01559e+06
4 0.450273 0.281702 2.03497 1.01562e+06
4 0.444275 0.292188 2.03254 1.01566e+06
4 0.437752 0.307849 2.03181 1.01569e+06
4 0.431075 0.322982 2.02945 1.01572e+06
4 0.426092 0.333 2.02282 1.01577e+06
4 0.417722 0.34552 2.01238 1.01579e+06
4 0.414791 0.354428 2.02068 1.01582e+06
4 0.411707 0.365596 2.02687 1.01586e+06
4 0.40924 0.372341 2.02922 1.01589e+06
4 0.409113 0.378692 2.03296 1.01594e+06
4 0.408164 0.387535 2.03496 1.01597e+06
4 0.407442 0.391834 2.03269 1.01599e+06
4 0.407613 0.394468 2.03179 1.01604e+06
4 0.408297 0.395601 2.03258 1.01607e+06
4 0.414392 0.395552 2.02969 1.01609e+06
4 0.419731 0.391005 2.02577 1.01614e+06
4 0.428532 0.391582 2.02976 1.01616e+06
4 0.437921 0.387359 2.02772 1.01619e+06
4 0.446976 0.386852 2.03268 1.01624e+06
4 0.459522 0.383454 2.03729 1.01626e+06
4 0.467927 0.382927 2.03954 1.01629e+06
4 0.479105 0.381079 2.04134 1.01634e+06
4 0.486882 0.379669 2.04537 1.01636e+06
4 0.495992 0.379092 2.04373 1.01639e+06
4 0.502883 0.379725 2.04988 1.01643e+06
4 0.509673 0.380288 2.05161 1.01646e+06
4 0.513238 0.382246 2.06014 1.01649e+06
4 0.517119 0.380727 2.05919 1.01653e+06
4 0.519456 0.379231 2.06216 1.01656e+06
4 0.520019 0.379534 2.06825 1.01659e+06
4 0.523896 0.378041 2.06623 1.01663e+06
4 0.523193 0.37817 2.06483 1.01666e+06
4 0.52287 0.377678 2.05336 1.01669e+06

5 0.39203 0.195279 2.04639 1.01846e+06
5 0.392441 0.192936 2.04684 1.01849e+06
5 0.393306 0.191042 2.04933 1.01853e+06
5 0.395559 0.192653 2.04969 1.01856e+06
5 0.397927 0.193789 2.04701 1.01859e+06
5 0.402623 0.199113 2.04644 1.01863e+06
5 0.407971 0.20239 2.04332 1.01868e+06
5 0.416653 0.203344 2.0462 1.01869e+06
5 0.424219 0.206148 2.04907 1.01872e+06
5 0.432515 0.207015 2.04637 1.01878e+06
5 0.440293 0.207788 2.04754 1.01879e+06
5 0.449383 0.210719 2.04821 1.01882e+06
5 0.458088 0.210644 2.04413 1.01888e+06
5 0.465971 0.211564 2.04477 1.01889e+06
5 0.47414 0.212561 2.04532 1.01892e+06
5 0.482256 0.218624 2.04632 1.01898e+06
5 0.486181 0.223302 2.04593 1.01899e+06
5 0.491641 0.225208 2.04911 1.01902e+06
5 0.495889 0.228374 2.04999 1.01907e+06
5 0.49852 0.229838 2.05425 1.0191e+06
5 0.499558 0.231283 2.0551 1.01914e+06
5 0.499961 0.232248 2.05409 1.01917e+06
5 0.500482 0.233148 2.05136 1.0192e+06
5 0.497528 0.230865 2.04789 1.01924e+06
5 0.494229 0.23658 2.0459 1.01927e+06
5 0.492361 0.240942 2.04679 1.0193e+06
5 0.489663 0.24595 2.04752 1.01934e+06
5 0.484278 0.246506 2.04983 1.01937e+06
5 0.477183 0.253916 2.04404 1.0194e+06
5 0.472369 0.259797 2.04072 1.01944e+06
5 0.463714 0.267277 2.02688 1.01947e+06
5 0.458126 0.27562 2.02012 1.0195e+06
5 0.449466 0.286988 2.01944 1.01954e+06
5 0.444212 0.295343 2.01754 1.01957e+06
5 0.44049 0.307316 2.02141 1.0196e+06
5 0.435001 0.317606 2.02167 1.01963e+06
5 0.429688 0.329874 2.01198 1.01967e+06
5 0.427167 0.338899 2.01546 1.0197e+06
5 0.424035 0.348175 2.01359 1.01974e+06
5 0.417693 0.35402 2.00724 1.01977e+06
5 0.415767 0.359582 2.00892 1.0198e+06
5 0.413372 0.363771 2.01331 1.01984e+06
5 0.412234 0.365623 2.01525 1.01987e+06
5 0.411184 0.371861 2.02274 1.0199e+06
5 0.411333 0.375263 2.02166 1.01994e+06
5 0.410857 0.3765 2.02703 1.01997e+06
5 0.410578 0.377777 2.02663 1.02e+06
5 0.41225 0.379761 2.02362 1.02003e+06
5 0.413304 0.381357 2.02057 1.02007e+06
5 0.417028 0.380991 2.01933 1.0201e+06
5 0.4213 0.380824 2.01905 1.02013e+06
5 0.426394 0.380212 2.01703 1.02017e+06
5 0.433269 0.381219 2.02344 1.0202e+06
5 0.439181 0.381237 2.02352 1.02024e+06
5 0.448796 0.38129 2.02892 1.02027e+06
5 0.456659 0.380816 2.03086 1.0203e+06
5 0.465197 0.380873 2.03379 1.02034e+06
5 0.474562 0.380752 2.03898 1.02037e+06
5 0.482051 0.379757 2.04123 1.0204e+06
5 0.485707 0.379817 2.04244 1.02044e+06
5 0.492924 0.379821 2.0423 1.02047e+06
5 0.497583 0.380427 2.0439 1.02050e+06
5 0.499326 0.380414 2.047 1.02054e+06
5 0.501147 0.381381 2.04349 1.02057e+06
5 0.500219 0.379974 2.04387 1.02060e+06
5 0.501181 0.380431 2.05074 1.02064e+06
5 0.500018 0.379004 2.04868 1.02067e+06
5 0.497042 0.377006 2.05162 1.02070e+06

6 0.395357 0.204435 2.07573 1.02231e+06
6 0.394506 0.203666 2.07604 1.02234e+06
6 0.394136 0.2036 2.07069 1.02238e+06
6 0.399988 0.202557 2.07485 1.02241e+06
6 0.40361 0.203351 2.0746 1.02243e+06
6 0.405775 0.204806 2.06867 1.02248e+06
6 0.411205 0.205176 2.06639 1.02251e+06
6 0.418331 0.20424 2.06419 1.02254e+06
6 0.427205 0.204095 2.06446 1.02258e+06
6 0.436064 0.20523 2.0674 1.02261e+06
6 0.44388 0.205615 2.06601 1.02264e+06
6 0.45451 0.205639 2.06508 1.02268e+06
6 0.46434 0.205458 2.0663 1.02271e+06
6 0.471448 0.204547 2.0676 1.02274e+06
6 0.479876 0.205056 2.06569 1.02277e+06
6 0.488057 0.204937 2.06582 1.02281e+06
6 0.494695 0.206776 2.07067 1.02284e+06
6 0.500333 0.20642 2.07163 1.02287e+06
6 0.50488 0.206906 2.07698 1.02291e+06
6 0.507748 0.207509 2.07201 1.02294e+06
6 0.509374 0.207255 2.07564 1.02297e+06
6 0.508411 0.206129 2.06899 1.02301e+06
6 0.50682 0.212983 2.0695 1.02304e+06
6 0.506903 0.217118 2.07 1.02308e+06
6 0.503973 0.221769 2.07383 1.02311e+06
6 0.501638 0.228897 2.07792 1.02314e+06
6 0.495418 0.234786 2.07761 1.02318e+06
6 0.489106 0.239649 2.07646 1.0232e+06
6 0.483231 0.249901 2.06816 1.02324e+06
6 0.476596 0.259039 2.06367 1.02326e+06
6 0.468244 0.270927 2.05718 1.0233e+06
6 0.461308 0.280278 2.05512 1.02333e+06
6 0.454717 0.291212 2.04802 1.02336e+06
6 0.445951 0.305568 2.04717 1.0234e+06
6 0.44193 0.317451 2.04853 1.02343e+06
6 0.434979 0.332027 2.04511 1.02346e+06
6 0.429657 0.340921 2.04609 1.0235e+06
6 0.4251 0.349656 2.04179 1.02353e+06
6 0.419071 0.35732 2.03948 1.02357e+06
6 0.414941 0.361361 2.03965 1.0236e+06
6 0.411564 0.36872 2.04272 1.02363e+06
6 0.409076 0.373397 2.0453 1.02366e+06
6 0.408496 0.377473 2.04256 1.0237e+06
6 0.407243 0.378382 2.04412 1.02373e+06
6 0.406199 0.378903 2.04663 1.02377e+06
6 0.407282 0.381994 2.04507 1.0238e+06
6 0.40808 0.38315 2.05209 1.02383e+06
6 0.408384 0.385085 2.05352 1.02387e+06
6 0.408848 0.385398 2.05303 1.0239e+06
6 0.409976 0.388922 2.04363 1.02393e+06
6 0.416203 0.390803 2.04627 1.02397e+06
6 0.422273 0.388325 2.04317 1.024e+06
6 0.429287 0.389826 2.04381 1.02404e+06
6 0.437367 0.391803 2.04779 1.02407e+06
6 0.446 0.389244 2.04953 1.0241e+06
6 0.456107 0.386486 2.04848 1.02414e+06
6 0.465965 0.38368 2.04833 1.02417e+06
6 0.475035 0.383415 2.05194 1.0242e+06
6 0.483873 0.381783 2.05453 1.02424e+06
6 0.492429 0.382619 2.06272 1.02427e+06
6 0.499694 0.382164 2.06236 1.0243e+06
6 0.505886 0.382605 2.06444 1.02434e+06
6 0.511392 0.385591 2.0721 1.02437e+06
6 0.516335 0.383549 2.07063 1.0244e+06
6 0.519961 0.380138 2.07147 1.02444e+06
6 0.521857 0.378731 2.07146 1.02447e+06
6 0.522892 0.377295 2.06749 1.0245e+06

7 0.396735 0.203081 2.0594 1.02631e+06
7 0.396651 0.202983 2.0599 1.02633e+06
7 0.396712 0.203167 2.0583 1.02638e+06
7 0.397797 0.202249 2.05681 1.02641e+06
7 0.402254 0.202617 2.06057 1.02643e+06
7 0.405089 0.204008 2.06111 1.02648e+06
7 0.408215 0.204599 2.05859 1.0265e+06
7 0.415085 0.204398 2.05941 1.02653e+06
7 0.420257 0.203974 2.06341 1.02658e+06
7 0.425649 0.205792 2.06481 1.02661e+06
7 0.433158 0.201574 2.06218 1.02665e+06
7 0.440318 0.19704 2.06187 1.02668e+06
7 0.447334 0.198986 2.06134 1.0267e+06
7 0.456582 0.201187 2.06144 1.02675e+06
7 0.463319 0.201998 2.06352 1.02678e+06
7 0.471964 0.203011 2.06425 1.0268e+06
7 0.480513 0.204381 2.06424 1.02685e+06
7 0.487333 0.205389 2.06492 1.02688e+06
7 0.492129 0.205771 2.06325 1.0269e+06
7 0.496758 0.207597 2.06503 1.02695e+06
7 0.501121 0.207482 2.06313 1.02697e+06
7 0.503659 0.206463 2.06529 1.027e+06
7 0.50502 0.205789 2.06487 1.02705e+06
7 0.507631 0.207021 2.06592 1.02708e+06
7 0.508332 0.208114 2.06997 1.0271e+06
7 0.508157 0.210127 2.06722 1.02715e+06
7 0.506443 0.216486 2.06098 1.02716e+06
7 0.503323 0.221894 2.05994 1.0272e+06
7 0.501301 0.229333 2.06387 1.02723e+06
7 0.496482 0.236491 2.05976 1.02727e+06
7 0.491248 0.242458 2.06229 1.0273e+06
7 0.486132 0.25191 2.06051 1.02733e+06
7 0.481324 0.258489 2.061 1.02737e+06
7 0.4738 0.269971 2.0555 1.0274e+06
7 0.464426 0.280268 2.0481 1.02744e+06
7 0.458008 0.291241 2.04342 1.02747e+06
7 0.453492 0.304195 2.04545 1.0275e+06
7 0.448088 0.315859 2.04583 1.02753e+06
7 0.44181 0.326985 2.0427 1.02757e+06
7 0.438377 0.334281 2.04305 1.0276e+06
7 0.43225 0.344519 2.03983 1.02764e+06
7 0.427198 0.351561 2.03533 1.02767e+06
7 0.423509 0.355138 2.03094 1.0277e+06
7 0.420579 0.359198 2.03391 1.02774e+06
7 0.420048 0.366354 2.03612 1.02777e+06
7 0.419892 0.370599 2.03835 1.02781e+06
7 0.420239 0.373024 2.03836 1.02784e+06
7 0.420444 0.374432 2.0369 1.02787e+06
7 0.419997 0.375148 2.03739 1.02791e+06
7 0.420319 0.376788 2.03727 1.02794e+06
7 0.420923 0.377207 2.03136 1.02797e+06
7 0.424669 0.378019 2.04439 1.02801e+06
7 0.429569 0.379107 2.04661 1.02804e+06
7 0.435402 0.381317 2.04957 1.02808e+06
7 0.441805 0.379683 2.04958 1.02811e+06
7 0.448972 0.381724 2.05099 1.02814e+06
7 0.455592 0.38096 2.05132 1.02818e+06
7 0.462796 0.382193 2.05559 1.02821e+06
7 0.469973 0.381382 2.0549 1.02824e+06
7 0.477622 0.380949 2.05631 1.02828e+06
7 0.483108 0.378728 2.05885 1.02831e+06
7 0.490418 0.378531 2.06025 1.02834e+06
7 0.493281 0.378922 2.06635 1.02838e+06
7 0.497309 0.379914 2.06567 1.02841e+06
7 0.499028 0.380337 2.06821 1.02844e+06
7 0.500432 0.381167 2.07234 1.02847e+06
7 0.500661 0.381826 2.07126 1.02851e+06
7 0.501253 0.382063 2.07495 1.02854e+06
7 0.502126 0.381451 2.07408 1.02857e+06
7 0.502293 0.381742 2.07515 1.02861e+06
7 0.500972 0.382263 2.07338 1.02864e+06

8 0.390192 0.192762 2.05293 1.03058e+06
8 0.388131 0.193775 2.04889 1.03061e+06
8 0.389855 0.191245 2.05389 1.03064e+06
8 0.391108 0.190244 2.05276 1.03068e+06
8 0.392377 0.189329 2.05467 1.03071e+06
8 0.3969 0.189014 2.05422 1.03074e+06
8 0.400497 0.190442 2.05173 1.03078e+06
8 0.404411 0.190617 2.05075 1.03081e+06
8 0.412141 0.190486 2.05203 1.03084e+06
8 0.419162 0.192552 2.05236 1.03087e+06
8 0.427347 0.191724 2.05371 1.03091e+06
8 0.434008 0.193417 2.05319 1.03094e+06
8 0.442035 0.193412 2.05486 1.03098e+06
8 0.450634 0.194933 2.05194 1.03101e+06
8 0.459925 0.198102 2.05434 1.03104e+06
8 0.467452 0.201201 2.05611 1.03108e+06
8 0.478308 0.203561 2.05676 1.03111e+06
8 0.484183 0.205264 2.05604 1.03114e+06
8 0.490639 0.20596 2.05546 1.03118e+06
8 0.495676 0.208852 2.05286 1.03121e+06
8 0.4996 0.208654 2.05418 1.03125e+06
8 0.503157 0.207918 2.05065 1.03128e+06
8 0.506492 0.207599 2.0524 1.03132e+06
8 0.50633 0.207131 2.05462 1.03135e+06
8 0.50612 0.207503 2.05246 1.03138e+06
8 0.505857 0.208199 2.05196 1.03142e+06
8 0.504552 0.21023 2.04952 1.03145e+06
8 0.502684 0.218447 2.04785 1.03147e+06
8 0.501725 0.224457 2.049 1.03152e+06
8 0.497279 0.232863 2.05197 1.03154e+06
8 0.491835 0.240894 2.05396 1.03157e+06
8 0.487739 0.246693 2.05124 1.0316e+06
8 0.481335 0.254807 2.05069 1.03164e+06
8 0.475667 0.266855 2.0444 1.03167e+06
8 0.467945 0.277784 2.03612 1.03170e+06
8 0.460409 0.288088 2.03765 1.03174e+06
8 0.456637 0.299387 2.04304 1.03177e+06
8 0.451356 0.311458 2.03865 1.03181e+06
8 0.446795 0.320492 2.0335 1.03184e+06
8 0.441477 0.329603 2.03056 1.03188e+06
8 0.438485 0.336082 2.03154 1.03191e+06
8 0.434538 0.34682 2.03284 1.03194e+06
8 0.43257 0.354095 2.03318 1.03198e+06
8 0.429219 0.359483 2.03603 1.03201e+06
8 0.425509 0.366545 2.03236 1.03204e+06
8 0.422949 0.370744 2.03478 1.03208e+06
8 0.421625 0.373155 2.03239 1.03211e+06
8 0.420993 0.375652 2.03786 1.03214e+06
8 0.420654 0.375956 2.04023 1.03218e+06
8 0.420317 0.377113 2.04056 1.03221e+06
8 0.420828 0.378597 2.04006 1.03224e+06
8 0.422428 0.381859 2.04362 1.03228e+06
8 0.424165 0.382679 2.04053 1.03231e+06
8 0.429635 0.386489 2.04401 1.03234e+06
8 0.433806 0.386194 2.04802 1.03238e+06
8 0.438164 0.387195 2.04805 1.03241e+06
8 0.446274 0.385684 2.04931 1.03244e+06
8 0.454507 0.381966 2.04926 1.03248e+06
8 0.464964 0.380285 2.04751 1.03251e+06
8 0.472185 0.378547 2.04921 1.03254e+06
8 0.47972 0.38036 2.05273 1.03257e+06
8 0.484972 0.378874 2.05518 1.03261e+06
8 0.492099 0.378915 2.05335 1.03264e+06
8 0.497536 0.379786 2.05582 1.03267e+06
8 0.502065 0.37834 2.06007 1.03271e+06
8 0.504551 0.377408 2.06068 1.03274e+06
8 0.506535 0.376505 2.05894 1.03277e+06
8 0.507406 0.375259 2.05553 1.03281e+06
8 0.507582 0.374487 2.05482 1.03284e+06
8 0.507498 0.374279 2.05977 1.03288e+06
8 0.507453 0.374163 2.06173 1.03291e+06
8 0.507683 0.373813 2.06449 1.03294e+06

9 0.3945 0.202304 2.08222 1.03464e+06
9 0.393889 0.202289 2.07719 1.03468e+06
9 0.394704 0.201806 2.06946 1.03471e+06
9 0.396795 0.200425 2.06851 1.03474e+06
9 0.401451 0.201072 2.0712 1.03478e+06
9 0.404535 0.203056 2.06727 1.03481e+06
9 0.410573 0.204254 2.06603 1.03484e+06
9 0.420021 0.205634 2.06781 1.03488e+06
9 0.427527 0.205915 2.06787 1.03491e+06
9 0.43403 0.207738 2.0679 1.03495e+06
9 0.442379 0.20599 2.07174 1.03498e+06
9 0.450447 0.206529 2.07784 1.03501e+06
9 0.458551 0.205665 2.07785 1.03505e+06
9 0.465578 0.207369 2.07088 1.03508e+06
9 0.47134 0.212163 2.06786 1.03511e+06
9 0.479691 0.215315 2.08085 1.03515e+06
9 0.488322 0.218283 2.08589 1.03518e+06
9 0.496443 0.220373 2.0833 1.03522e+06
9 0.501841 0.220847 2.08268 1.03525e+06
9 0.506138 0.221358 2.08328 1.03528e+06
9 0.510869 0.223665 2.07915 1.03532e+06
9 0.512717 0.224406 2.07864 1.03535e+06
9 0.511971 0.225508 2.08156 1.03538e+06
9 0.511093 0.226023 2.07607 1.03542e+06
9 0.509247 0.230681 2.07836 1.03545e+06
9 0.507123 0.234812 2.08214 1.03549e+06
9 0.502858 0.238399 2.08411 1.03552e+06
9 0.499294 0.242689 2.08341 1.03555e+06
9 0.494592 0.25092 2.07621 1.03559e+06
9 0.488223 0.258989 2.07923 1.03562e+06
9 0.481122 0.270373 2.07056 1.03564e+06
9 0.473902 0.278815 2.06389 1.03567e+06
9 0.466041 0.290392 2.05938 1.03572e+06
9 0.459224 0.298884 2.05628 1.03574e+06
9 0.455613 0.311081 2.05883 1.03577e+06
9 0.44704 0.323835 2.05891 1.03581e+06
9 0.441533 0.332717 2.05639 1.03584e+06
9 0.435293 0.345217 2.05129 1.03588e+06
9 0.430405 0.350289 2.04937 1.03591e+06
9 0.427854 0.357295 2.05052 1.03594e+06
9 0.425365 0.36506 2.05063 1.03598e+06
9 0.423398 0.370264 2.05307 1.03601e+06
9 0.4227 0.37297 2.0516 1.03604e+06
9 0.422702 0.375213 2.04895 1.03608e+06
9 0.425312 0.377219 2.05342 1.03611e+06
9 0.430017 0.376724 2.05197 1.03614e+06
9 0.43226 0.376687 2.05542 1.03619e+06
9 0.434185 0.377094 2.05076 1.03622e+06
9 0.438454 0.378756 2.05156 1.03624e+06
9 0.447087 0.378933 2.05376 1.03629e+06
9 0.452865 0.373696 2.05767 1.03631e+06
9 0.459901 0.371075 2.05874 1.03634e+06
9 0.468178 0.373251 2.05867 1.03638e+06
9 0.475955 0.374102 2.05619 1.03641e+06
9 0.483478 0.374374 2.06537 1.03644e+06
9 0.491762 0.374638 2.07019 1.03648e+06
9 0.499144 0.37463 2.07328 1.03651e+06
9 0.504496 0.375017 2.07519 1.03654e+06
9 0.512751 0.376122 2.08238 1.03658e+06
9 0.517023 0.375148 2.08874 1.03661e+06
9 0.519147 0.375785 2.09297 1.03664e+06
9 0.524004 0.376813 2.09059 1.03668e+06
9 0.527822 0.374689 2.08475 1.03671e+06
9 0.527335 0.374765 2.08649 1.03674e+06
9 0.529852 0.373426 2.08741 1.03678e+06
9 0.530826 0.372786 2.08838 1.03681e+06

