Gesto: 2
0 0.593964 0.376409 1.62703 725469
0 0.594191 0.376581 1.62705 725486
0 0.594458 0.376795 1.62793 725538
0 0.594364 0.37691 1.62858 725554
0 0.596265 0.377777 1.63168 725587
0 0.599577 0.37989 1.63339 725621
0 0.602127 0.383293 1.63742 725656
0 0.607917 0.38295 1.63884 725689
0 0.612538 0.384564 1.64666 725723
0 0.619115 0.383033 1.65588 725758
0 0.624425 0.379566 1.65563 725791
0 0.628183 0.376482 1.66217 725825
0 0.630215 0.374682 1.66839 725859
0 0.63364 0.37208 1.67491 725893
0 0.636075 0.370301 1.67973 725928
0 0.637464 0.369164 1.68206 725961
0 0.639717 0.370511 1.68074 725995
0 0.638985 0.375907 1.67973 726029
0 0.636393 0.381319 1.67983 726063
0 0.633808 0.390204 1.67807 726095
0 0.630772 0.395807 1.67864 726128
0 0.626489 0.406756 1.67863 726162
0 0.6225 0.419035 1.67731 726195
0 0.616285 0.433923 1.67386 726227
0 0.611316 0.448754 1.67601 726260
0 0.602892 0.462471 1.67745 726293
0 0.593393 0.4742 1.68186 726327
0 0.585461 0.485437 1.68417 726360
0 0.5793 0.493624 1.68359 726395
0 0.572632 0.502523 1.68552 726429
0 0.567222 0.507076 1.68978 726463
0 0.564186 0.508377 1.68876 726497
0 0.567017 0.510512 1.6892 726531
0 0.56953 0.512562 1.69068 726564
0 0.574692 0.512288 1.69267 726597
0 0.581172 0.51095 1.69452 726630
0 0.587043 0.511759 1.69932 726663
0 0.594439 0.51043 1.7038 726696
0 0.600386 0.509448 1.71063 726730
0 0.608664 0.508191 1.71679 726764
0 0.615487 0.505994 1.72507 726798
0 0.622159 0.502323 1.73214 726831
0 0.627332 0.500006 1.73806 726865
0 0.631818 0.496315 1.74399 726899
0 0.63713 0.494344 1.74844 726932
0 0.640791 0.489711 1.74934 726965
0 0.642612 0.485177 1.75256 726998

1 0.387465 0.286277 1.3956 747103
1 0.385922 0.284553 1.39471 747152
1 0.386565 0.284978 1.39363 747185
1 0.387641 0.284952 1.39225 747219
1 0.39183 0.286639 1.38869 747253
1 0.39545 0.287372 1.3834 747287
1 0.401963 0.28862 1.37445 747304
1 0.410125 0.289464 1.36678 747356
1 0.419277 0.290032 1.35931 747374
1 0.429931 0.28856 1.34924 747407
1 0.442125 0.287149 1.34599 747441
1 0.453667 0.28519 1.34296 747474
1 0.465132 0.28306 1.34018 747508
1 0.47454 0.281045 1.33723 747542
1 0.483416 0.2793 1.33766 747575
1 0.490315 0.279141 1.34002 747609
1 0.495332 0.278554 1.3405 747642
1 0.497133 0.27916 1.34116 747676
1 0.499069 0.284011 1.34311 747710
1 0.496831 0.292574 1.34735 747744
1 0.493432 0.300351 1.35009 747776
1 0.487438 0.311815 1.35338 747810
1 0.481182 0.324675 1.35878 747844
1 0.473858 0.33712 1.36388 747878
1 0.464876 0.349897 1.36802 747912
1 0.456304 0.362675 1.37566 747946
1 0.447634 0.375124 1.38377 747980
1 0.439099 0.38653 1.39159 748014
1 0.427893 0.398131 1.40042 748047
1 0.419804 0.405883 1.41062 748080
1 0.411805 0.414296 1.42333 748114
1 0.4065 0.419279 1.43431 748148
1 0.402314 0.423922 1.44376 748182
1 0.398321 0.428378 1.45209 748215
1 0.395755 0.430787 1.45564 748249
1 0.39481 0.431946 1.45642 748282
1 0.396983 0.434066 1.458 748315
1 0.399088 0.435445 1.45681 748348
1 0.403416 0.435783 1.45303 748381
1 0.407893 0.436696 1.44876 748414
1 0.414634 0.437077 1.44279 748446
1 0.423213 0.43775 1.43637 748478
1 0.432563 0.43871 1.42993 748511
1 0.444433 0.443209 1.42856 748545
1 0.456238 0.445372 1.42456 748577
1 0.468089 0.447447 1.42234 748610
1 0.478766 0.446796 1.41893 748644
1 0.489286 0.445899 1.41621 748678
1 0.497726 0.443544 1.41551 748712
1 0.504993 0.439826 1.41576 748745
1 0.511033 0.434221 1.41657 748779
1 0.515435 0.429356 1.41708 748811

2 0.578414 0.15881 1.5823 766225
2 0.581475 0.159417 1.58438 766258
2 0.583241 0.16086 1.58423 766292
2 0.586018 0.160836 1.58675 766325
2 0.591178 0.161499 1.58677 766359
2 0.599458 0.160978 1.59097 766393
2 0.607607 0.161291 1.59524 766426
2 0.617544 0.161193 1.59944 766461
2 0.627219 0.162208 1.60543 766494
2 0.635531 0.162278 1.61369 766526
2 0.642166 0.161155 1.62054 766559
2 0.648756 0.159183 1.63014 766592
2 0.652325 0.157542 1.63596 766625
2 0.653601 0.160088 1.64066 766658
2 0.65434 0.161876 1.64597 766692
2 0.654754 0.162985 1.64895 766726
2 0.652987 0.16553 1.64852 766759
2 0.652833 0.169925 1.65284 766792
2 0.649606 0.176729 1.64736 766825
2 0.645821 0.186348 1.63809 766859
2 0.642597 0.192344 1.63112 766893
2 0.638643 0.203572 1.62371 766925
2 0.634919 0.215737 1.61953 766957
2 0.62965 0.225798 1.61196 766991
2 0.624602 0.237625 1.60667 767024
2 0.620196 0.249835 1.60117 767055
2 0.613727 0.259715 1.59496 767106
2 0.608506 0.269521 1.58847 767123
2 0.603195 0.277126 1.58224 767156
2 0.599133 0.282406 1.57719 767190
2 0.595515 0.288934 1.57367 767224
2 0.593788 0.293547 1.57142 767258
2 0.594094 0.29597 1.56843 767292
2 0.597067 0.297086 1.56716 767324
2 0.602041 0.296799 1.56624 767357
2 0.607918 0.297379 1.5675 767391
2 0.612782 0.297505 1.57144 767424
2 0.621094 0.299416 1.57513 767458
2 0.628816 0.300328 1.57935 767493
2 0.635144 0.303307 1.5843 767525
2 0.643104 0.304741 1.58861 767559
2 0.650003 0.306255 1.59483 767593
2 0.656351 0.30616 1.60332 767627
2 0.663692 0.306161 1.61301 767661
2 0.668919 0.301607 1.62018 767694
2 0.671226 0.30221 1.62474 767729

3 0.205771 0.185659 1.59109 773036
3 0.202801 0.182897 1.59463 773070
3 0.202815 0.184545 1.59235 773103
3 0.206944 0.186265 1.59042 773135
3 0.210376 0.18831 1.58643 773167
3 0.216522 0.19038 1.57916 773200
3 0.224918 0.19139 1.57547 773233
3 0.234223 0.191905 1.56882 773266
3 0.243753 0.188843 1.56693 773300
3 0.251977 0.185297 1.56362 773333
3 0.259359 0.184685 1.56335 773367
3 0.265024 0.182611 1.56507 773400
3 0.27002 0.182306 1.56837 773435
3 0.271302 0.182287 1.56921 773469
3 0.271089 0.184335 1.56859 773504
3 0.270307 0.187691 1.57064 773537
3 0.26733 0.192059 1.5702 773570
3 0.263924 0.19687 1.56675 773603
3 0.258338 0.204179 1.5634 773637
3 0.249954 0.208369 1.56464 773671
3 0.243533 0.217298 1.56574 773704
3 0.236596 0.228334 1.5646 773737
3 0.227499 0.240439 1.56168 773771
3 0.218122 0.252484 1.56261 773805
3 0.211191 0.261848 1.56087 773838
3 0.203249 0.271116 1.56288 773871
3 0.19843 0.279393 1.5685 773905
3 0.192772 0.286808 1.56754 773940
3 0.18794 0.29057 1.56875 773973
3 0.185322 0.294686 1.56383 774005
3 0.187022 0.301055 1.56503 774037
3 0.190619 0.305601 1.56328 774071
3 0.193504 0.308547 1.56144 774104
3 0.198149 0.311751 1.5579 774138
3 0.204283 0.312938 1.55076 774170
3 0.212527 0.314083 1.54317 774203
3 0.219996 0.315256 1.53436 774236
3 0.230614 0.314689 1.52652 774269
3 0.243468 0.315643 1.52135 774302
3 0.254789 0.31686 1.51885 774335
3 0.266261 0.317058 1.51849 774369
3 0.275758 0.313116 1.51551 774403

4 0.786294 0.205733 1.67305 777613
4 0.786251 0.205986 1.66999 777647
4 0.786623 0.205438 1.66958 777663
4 0.78942 0.205292 1.67053 777714
4 0.790885 0.2063 1.66789 777747
4 0.79689 0.206024 1.6672 777764
4 0.804341 0.207644 1.66761 777815
4 0.813865 0.208787 1.67146 777832
4 0.820764 0.211294 1.67719 777866
4 0.829798 0.208682 1.68011 777900
4 0.836533 0.205456 1.6851 777934
4 0.844554 0.203441 1.68954 777969
4 0.850571 0.201423 1.69394 778003
4 0.853184 0.202016 1.69728 778036
4 0.856489 0.206057 1.70292 778070
4 0.858439 0.206349 1.70463 778103
4 0.859635 0.208617 1.71077 778136
4 0.858334 0.21496 1.71375 778168
4 0.852929 0.221081 1.71019 778202
4 0.847996 0.230501 1.71208 778236
4 0.845258 0.240149 1.70554 778270
4 0.842024 0.249335 1.70602 778302
4 0.837561 0.261618 1.7 778336
4 0.833098 0.277843 1.69349 778368
4 0.829414 0.288705 1.68786 778402
4 0.8227 0.300349 1.68442 778436
4 0.81823 0.31144 1.67937 778468
4 0.812832 0.320406 1.67733 778502
4 0.809022 0.330051 1.67457 778536
4 0.805752 0.33864 1.6754 778569
4 0.800619 0.347109 1.67586 778603
4 0.798382 0.353848 1.67506 778636
4 0.797295 0.360606 1.67713 778670
4 0.798621 0.365353 1.68334 778702
4 0.802517 0.365055 1.68211 778734
4 0.806934 0.36373 1.68131 778768
4 0.811901 0.362722 1.68731 778801
4 0.816912 0.360232 1.69369 778836
4 0.82448 0.361296 1.69988 778869
4 0.829883 0.36422 1.70475 778902
4 0.836797 0.36309 1.707 778935
4 0.84304 0.364504 1.71441 778968
4 0.850321 0.35985 1.71605 779002

5 0.292963 0.350936 1.659 781472
5 0.292281 0.350803 1.65892 781506
5 0.292504 0.350963 1.65699 781539
5 0.292943 0.353721 1.65268 781572
5 0.296151 0.355313 1.64504 781606
5 0.300976 0.356769 1.63971 781641
5 0.306021 0.356033 1.63156 781675
5 0.310155 0.35662 1.62384 781708
5 0.316936 0.355222 1.61992 781742
5 0.322651 0.352639 1.61592 781776
5 0.327292 0.352941 1.61606 781809
5 0.329576 0.353463 1.61687 781843
5 0.329999 0.354082 1.61754 781877
5 0.329439 0.356681 1.622 781911
5 0.327166 0.359818 1.62528 781945
5 0.323121 0.36403 1.6259 781979
5 0.320225 0.369627 1.62737 782013
5 0.313075 0.373226 1.63221 782047
5 0.30637 0.381247 1.6376 782081
5 0.29991 0.385307 1.64091 782114
5 0.294309 0.388733 1.6485 782148
5 0.287254 0.394672 1.65495 782180
5 0.283501 0.398883 1.65846 782213
5 0.278375 0.399807 1.66354 782246
5 0.277421 0.401598 1.66564 782281
5 0.277553 0.402097 1.66844 782313
5 0.278068 0.402667 1.66908 782346
5 0.279312 0.403121 1.66337 782381
5 0.283945 0.403079 1.65912 782414
5 0.289829 0.404443 1.65389 782446
5 0.295564 0.406315 1.64841 782479
5 0.300984 0.41039 1.6412 782513
5 0.308292 0.414444 1.63677 782545
5 0.316737 0.4167 1.63208 782577
5 0.323018 0.417995 1.6268 782610
5 0.330305 0.41861 1.62527 782644
5 0.336442 0.418162 1.62425 782677

6 0.439779 0.12512 1.61749 785344
6 0.43919 0.124713 1.61871 785377
6 0.439356 0.126004 1.61861 785412
6 0.440009 0.125723 1.61838 785445
6 0.443116 0.126036 1.61884 785478
6 0.446503 0.125667 1.61893 785513
6 0.452766 0.125355 1.61843 785548
6 0.459412 0.124343 1.61786 785582
6 0.467375 0.124307 1.61846 785615
6 0.476798 0.120793 1.61867 785646
6 0.485006 0.119905 1.61871 785680
6 0.491832 0.117245 1.62378 785712
6 0.497879 0.118309 1.62566 785746
6 0.503003 0.11581 1.63364 785780
6 0.506879 0.116951 1.62976 785813
6 0.508586 0.114558 1.63778 785846
6 0.509776 0.114551 1.64096 785879
6 0.508478 0.116699 1.64256 785913
6 0.506901 0.119181 1.63956 785946
6 0.502739 0.122701 1.63606 785979
6 0.49916 0.129233 1.63307 786013
6 0.493921 0.135009 1.63182 786046
6 0.487123 0.144041 1.62523 786080
6 0.479956 0.156063 1.619 786114
6 0.47287 0.165753 1.61524 786146
6 0.465908 0.175892 1.61293 786180
6 0.459188 0.187038 1.6103 786213
6 0.451186 0.193557 1.60925 786246
6 0.446146 0.203006 1.60931 786278
6 0.439556 0.212171 1.60865 786311
6 0.435371 0.220118 1.60758 786345
6 0.431987 0.224915 1.60792 786378
6 0.427441 0.227308 1.60882 786412
6 0.424973 0.228383 1.60885 786444
6 0.42233 0.226067 1.61423 786477
6 0.426707 0.227274 1.60818 786510
6 0.430347 0.228718 1.60379 786543
6 0.436868 0.229865 1.59946 786575
6 0.444386 0.230847 1.59558 786609
6 0.454359 0.231969 1.59188 786643
6 0.46371 0.232597 1.58992 786676
6 0.473662 0.232656 1.59042 786709
6 0.482387 0.232788 1.59019 786743
6 0.492175 0.232515 1.59016 786778
6 0.502298 0.229426 1.59287 786811
6 0.510291 0.2257 1.59554 786844
6 0.517251 0.222128 1.59885 786877

7 0.527935 0.335071 1.74445 792523
7 0.52487 0.335273 1.74445 792556
7 0.523127 0.334901 1.74522 792589
7 0.522423 0.328987 1.74453 792623
7 0.704267 0.312289 1.82129 794895
7 0.703664 0.314687 1.81813 794912
7 0.703953 0.316535 1.8142 794962
7 0.705013 0.321209 1.81377 794979
7 0.706574 0.324397 1.8168 795012
7 0.712647 0.326199 1.81896 795062
7 0.716869 0.326735 1.82524 795079
7 0.722593 0.325885 1.83421 795112
7 0.726655 0.324358 1.83859 795146
7 0.731335 0.324149 1.84523 795179
7 0.732529 0.323555 1.84641 795213
7 0.734197 0.318731 1.84752 795262
7 0.736662 0.315142 1.84958 795279
7 0.736087 0.31619 1.85491 795331
7 0.735231 0.317625 1.8576 795347
7 0.73416 0.319023 1.85492 795382
7 0.730921 0.322456 1.85246 795414
7 0.727867 0.330177 1.85208 795447
7 0.72484 0.335079 1.85049 795480
7 0.720241 0.345515 1.84459 795529
7 0.715458 0.352447 1.83788 795562
7 0.712474 0.363028 1.83205 795579
7 0.708213 0.374787 1.8297 795631
7 0.703548 0.382443 1.8287 795647
7 0.699957 0.39105 1.8271 795680
7 0.69337 0.400852 1.81998 795714
7 0.689618 0.408174 1.8173 795748
7 0.68688 0.416797 1.81591 795781
7 0.684845 0.422254 1.81555 795815
7 0.683898 0.425054 1.81847 795848
7 0.682954 0.42702 1.81531 795881
7 0.686964 0.426398 1.82076 795915
7 0.690234 0.426525 1.82595 795948
7 0.69344 0.427595 1.83164 795982
7 0.702111 0.426515 1.8322 796014
7 0.706485 0.427322 1.8381 796047
7 0.712518 0.426657 1.84308 796081
7 0.717741 0.426193 1.84847 796114
7 0.724063 0.425267 1.85176 796148
7 0.730767 0.424093 1.86593 796180
7 0.735519 0.418378 1.87417 796230
7 0.738508 0.414081 1.88016 796247
7 0.74033 0.411807 1.88337 796279

8 0.306922 0.167752 1.69681 798359
8 0.307976 0.167081 1.69696 798392
8 0.308547 0.166849 1.69626 798426
8 0.309499 0.166595 1.69408 798460
8 0.311352 0.16818 1.69265 798493
8 0.315344 0.168204 1.68993 798526
8 0.319905 0.168112 1.68727 798559
8 0.326455 0.163164 1.68467 798593
8 0.334872 0.160492 1.68031 798626
8 0.341089 0.15758 1.67917 798661
8 0.346941 0.157544 1.67631 798694
8 0.353287 0.156728 1.67341 798727
8 0.358318 0.157359 1.6728 798761
8 0.363301 0.158846 1.66885 798795
8 0.36588 0.159622 1.66781 798827
8 0.366039 0.159434 1.67009 798860
8 0.365675 0.1597 1.67228 798895
8 0.36435 0.165458 1.67267 798928
8 0.360624 0.168764 1.67507 798960
8 0.359786 0.17569 1.67446 798994
8 0.355831 0.181168 1.67378 799028
8 0.351984 0.190215 1.67253 799060
8 0.348122 0.197551 1.67206 799093
8 0.343735 0.207732 1.67158 799127
8 0.339866 0.213108 1.67213 799160
8 0.334706 0.223839 1.66936 799194
8 0.330185 0.229731 1.66735 799228
8 0.327096 0.238209 1.66756 799262
8 0.322538 0.244517 1.6681 799295
8 0.317998 0.247024 1.66945 799329
8 0.313932 0.251036 1.66859 799363
8 0.310835 0.252928 1.67334 799396
8 0.309999 0.25396 1.67398 799430
8 0.309808 0.252571 1.67605 799463
8 0.309978 0.253985 1.67681 799497
8 0.311135 0.258102 1.67493 799531
8 0.311924 0.260549 1.67624 799565
8 0.317783 0.261602 1.67404 799583
8 0.321429 0.263135 1.67059 799632
8 0.326647 0.266016 1.66669 799665
8 0.332161 0.269783 1.66478 799682
8 0.340429 0.274895 1.66102 799732
8 0.348617 0.279503 1.65466 799766
8 0.355617 0.281178 1.65064 799783
8 0.363638 0.28325 1.64669 799833
8 0.37149 0.284826 1.64321 799850
8 0.378106 0.284132 1.64294 799884
8 0.383383 0.28447 1.64475 799918
8 0.389266 0.283339 1.64829 799952

9 0.545038 0.194911 1.75739 801264
9 0.545438 0.19364 1.76296 801298
9 0.544973 0.198544 1.75896 801331
9 0.545749 0.198046 1.75596 801364
9 0.547371 0.202851 1.755 801398
9 0.552505 0.204186 1.75377 801431
9 0.558727 0.207401 1.75294 801465
9 0.566867 0.208744 1.75526 801497
9 0.575969 0.209686 1.75452 801530
9 0.583861 0.208678 1.75766 801565
9 0.593111 0.20934 1.76119 801598
9 0.600721 0.212447 1.76587 801631
9 0.605722 0.211236 1.76637 801664
9 0.6109 0.213968 1.77196 801698
9 0.614462 0.216418 1.77465 801732
9 0.616281 0.217808 1.77702 801766
9 0.616392 0.217496 1.77901 801801
9 0.616397 0.217456 1.7783 801818
9 0.61515 0.219688 1.77697 801853
9 0.613144 0.224707 1.77547 801885
9 0.609003 0.229601 1.77232 801919
9 0.604896 0.233178 1.7673 801969
9 0.599545 0.241681 1.76171 801985
9 0.592386 0.249478 1.75551 802019
9 0.58641 0.259094 1.75027 802053
9 0.579058 0.267526 1.74316 802087
9 0.571644 0.27785 1.73619 802120
9 0.565393 0.286159 1.72805 802155
9 0.557372 0.294139 1.7268 802187
9 0.550654 0.300137 1.72495 802220
9 0.545935 0.306695 1.72178 802253
9 0.540248 0.312774 1.71802 802287
9 0.532897 0.318053 1.72084 802320
9 0.527748 0.325602 1.7207 802354
9 0.525406 0.329915 1.72156 802388
9 0.523911 0.332319 1.71921 802422
9 0.523471 0.333611 1.71833 802457
9 0.525445 0.336397 1.71436 802489
9 0.530041 0.336233 1.71375 802524
9 0.535085 0.337568 1.71277 802557
9 0.541157 0.337466 1.71033 802590
9 0.548579 0.337526 1.70717 802625
9 0.55535 0.338 1.70814 802658
9 0.564655 0.338369 1.71077 802692
9 0.572914 0.340241 1.71136 802725
9 0.58151 0.339697 1.71339 802759
9 0.590089 0.338775 1.71712 802793
9 0.594718 0.337425 1.72147 802827
9 0.601251 0.336113 1.7262 802861
9 0.604852 0.337517 1.73255 802894

