Gesto: 2
0 0.261106 0.0956788 2.20186 333723
0 0.262365 0.0932456 2.20648 333757
0 0.263261 0.0920138 2.20694 333790
0 0.262733 0.0875891 2.21126 333823
0 0.263252 0.0850742 2.21387 333857
0 0.263335 0.0843997 2.20766 333890
0 0.264226 0.0859012 2.21364 333923
0 0.264576 0.0950948 2.20953 333956
0 0.272565 0.0948913 2.19921 333989
0 0.278417 0.0941494 2.1925 334022
0 0.282194 0.0925258 2.19009 334056
0 0.287739 0.0900041 2.18477 334089
0 0.29373 0.0895412 2.18685 334123
0 0.301176 0.0872312 2.183 334157
0 0.310064 0.0872378 2.17661 334191
0 0.319271 0.0870935 2.17008 334225
0 0.327401 0.0865995 2.15965 334258
0 0.336558 0.0860965 2.14651 334292
0 0.348128 0.0892205 2.1367 334326
0 0.361403 0.0839787 2.13438 334360
0 0.369416 0.0829528 2.13468 334393
0 0.381046 0.0829644 2.12992 334427
0 0.390743 0.0807697 2.13001 334462
0 0.402083 0.0796194 2.12634 334494
0 0.412514 0.0812997 2.12602 334528
0 0.422555 0.0792465 2.12713 334561
0 0.428588 0.0784741 2.12774 334593
0 0.435105 0.079187 2.12799 334626
0 0.439651 0.0802386 2.12584 334660
0 0.442021 0.0817494 2.12181 334694
0 0.442107 0.0901667 2.12082 334726
0 0.44004 0.0944438 2.12047 334760
0 0.437479 0.0979861 2.11727 334794
0 0.436012 0.0996017 2.11771 334827
0 0.433333 0.101336 2.1194 334860
0 0.42875 0.105258 2.11726 334893
0 0.424033 0.111542 2.11759 334925
0 0.418417 0.117716 2.11526 334957
0 0.412952 0.127389 2.11343 334991
0 0.406995 0.135539 2.11307 335025
0 0.400459 0.142727 2.11237 335058
0 0.391463 0.153489 2.1102 335091
0 0.385166 0.162652 2.10701 335124
0 0.379299 0.171479 2.11041 335157
0 0.371582 0.180784 2.11222 335189
0 0.365235 0.190447 2.11211 335223
0 0.357386 0.19846 2.11701 335256
0 0.350853 0.208129 2.12002 335291
0 0.343304 0.214707 2.12909 335325
0 0.337641 0.219646 2.13652 335357
0 0.333097 0.227019 2.13603 335391
0 0.328997 0.233781 2.13619 335424
0 0.322829 0.242203 2.13953 335458
0 0.321323 0.24589 2.13841 335490
0 0.318038 0.251494 2.13414 335522
0 0.316387 0.256924 2.13853 335554
0 0.316404 0.260108 2.14057 335588
0 0.316824 0.262068 2.13901 335622
0 0.321912 0.259849 2.13636 335656
0 0.320601 0.257828 2.13304 335689
0 0.324526 0.256868 2.12863 335721
0 0.327302 0.257727 2.123 335754
0 0.332194 0.257518 2.12404 335786
0 0.340712 0.254084 2.1131 335820
0 0.350278 0.255596 2.10535 335855
0 0.35832 0.253369 2.09367 335888
0 0.367369 0.249044 2.08609 335921
0 0.378272 0.244806 2.08412 335954
0 0.388092 0.244387 2.08335 335988
0 0.399974 0.244832 2.08031 336021
0 0.410162 0.243881 2.07962 336055
0 0.423457 0.245256 2.0768 336089
0 0.430381 0.250984 2.0786 336122
0 0.439552 0.24851 2.07271 336155
0 0.44426 0.252528 2.07942 336203
0 0.450403 0.258309 2.08013 336236
0 0.453925 0.262394 2.07548 336254
0 0.457991 0.262349 2.07435 336303

1 0.575707 0.0982775 2.14882 337973
1 0.576497 0.0985382 2.13972 337989
1 0.577007 0.0998557 2.13332 338022
1 0.578629 0.0990611 2.13016 338056
1 0.582547 0.100721 2.12315 338090
1 0.584174 0.0980689 2.12597 338124
1 0.58766 0.0990625 2.12255 338158
1 0.591735 0.0967135 2.13254 338191
1 0.597417 0.0932577 2.14437 338224
1 0.601834 0.0951554 2.13546 338257
1 0.607562 0.104183 2.12538 338290
1 0.615277 0.104006 2.1268 338322
1 0.6236 0.102731 2.1344 338371
1 0.632337 0.107217 2.13348 338388
1 0.641409 0.111779 2.13004 338438
1 0.649475 0.11358 2.13389 338471
1 0.66008 0.113569 2.13665 338488
1 0.666626 0.114589 2.13657 338539
1 0.676524 0.113225 2.14337 338572
1 0.685208 0.114837 2.14995 338589
1 0.693764 0.114004 2.15136 338639
1 0.701737 0.114758 2.15897 338656
1 0.708341 0.114581 2.16228 338690
1 0.716663 0.119989 2.16212 338724
1 0.719808 0.124371 2.16865 338756
1 0.721804 0.126487 2.16738 338789
1 0.727881 0.126973 2.16928 338839
1 0.731453 0.126353 2.17551 338856
1 0.72693 0.128498 2.17109 338889
1 0.726282 0.132036 2.16973 338938
1 0.722875 0.13203 2.16811 338955
1 0.720349 0.13096 2.16548 338990
1 0.714092 0.132468 2.16631 339040
1 0.707891 0.140202 2.15884 339057
1 0.703087 0.147022 2.15591 339091
1 0.696449 0.15097 2.15318 339126
1 0.688836 0.153997 2.14713 339159
1 0.682373 0.162225 2.13876 339194
1 0.67476 0.170186 2.1327 339227
1 0.666475 0.174948 2.13035 339260
1 0.656912 0.176811 2.12938 339293
1 0.648574 0.186144 2.12214 339327
1 0.639122 0.19302 2.11386 339362
1 0.630163 0.198854 2.10709 339394
1 0.623746 0.201952 2.1049 339429
1 0.618428 0.204941 2.11432 339462
1 0.607724 0.211952 2.10723 339496
1 0.60157 0.217091 2.10466 339529
1 0.594488 0.22396 2.09965 339562
1 0.587658 0.232177 2.09717 339595
1 0.583041 0.238799 2.09351 339628
1 0.579925 0.24264 2.0884 339661
1 0.573585 0.244327 2.08748 339694
1 0.567222 0.247142 2.08064 339727
1 0.56274 0.247503 2.08213 339761
1 0.558628 0.249921 2.08313 339796
1 0.556349 0.251948 2.08232 339829
1 0.555345 0.252711 2.07782 339863
1 0.553433 0.256913 2.07208 339897
1 0.552767 0.258953 2.07128 339929
1 0.554855 0.261603 2.07687 339963
1 0.557603 0.262581 2.08106 339997
1 0.56289 0.258372 2.08194 340030
1 0.569725 0.253422 2.07957 340063
1 0.573989 0.248861 2.07461 340098
1 0.579965 0.246371 2.07799 340131
1 0.588594 0.243325 2.08621 340163
1 0.59684 0.243584 2.08995 340197
1 0.604015 0.242702 2.09579 340231
1 0.614758 0.241137 2.09705 340263
1 0.621831 0.24342 2.09893 340296
1 0.63329 0.244518 2.10123 340329
1 0.643031 0.24367 2.10852 340362
1 0.651086 0.244043 2.10681 340397
1 0.659515 0.248662 2.11334 340430
1 0.665905 0.251776 2.12258 340462
1 0.673172 0.254251 2.12774 340496
1 0.680104 0.254882 2.13483 340530
1 0.689172 0.255706 2.14504 340563
1 0.694529 0.255604 2.14678 340597
1 0.699685 0.256927 2.14936 340630
1 0.703603 0.259394 2.1501 340663
1 0.707737 0.258565 2.14752 340697
1 0.710741 0.258755 2.15143 340730
1 0.710892 0.267401 2.15308 340764
1 0.712216 0.264227 2.15338 340797

2 0.789137 0.126909 2.20883 342971
2 0.786826 0.126083 2.20421 343003
2 0.784326 0.125191 2.20004 343036
2 0.784198 0.12446 2.2004 343069
2 0.784434 0.124033 2.20169 343104
2 0.786926 0.126073 2.204 343137
2 0.787434 0.128964 2.19641 343171
2 0.79215 0.127176 2.19596 343204
2 0.7958 0.124754 2.20341 343237
2 0.80085 0.125908 2.2079 343271
2 0.807811 0.124478 2.20901 343303
2 0.813767 0.131519 2.20319 343334
2 0.817465 0.132354 2.20085 343367
2 0.826012 0.136578 2.19644 343401
2 0.833789 0.14044 2.20027 343434
2 0.840479 0.143106 2.1992 343467
2 0.849509 0.142963 2.20603 343501
2 0.857159 0.143719 2.2072 343534
2 0.863562 0.144974 2.21235 343568
2 0.874008 0.143529 2.22187 343602
2 0.883379 0.136907 2.23903 343635
2 0.895403 0.13559 2.25776 343669
2 0.89991 0.143964 2.25716 343701
2 0.903243 0.150342 2.25837 343733
2 0.910058 0.152673 2.25984 343766
2 0.912267 0.156231 2.26176 343800
2 0.917116 0.157549 2.2662 343833
2 0.920237 0.159979 2.26539 343866
2 0.920401 0.159917 2.26403 343900
2 0.921416 0.158932 2.26908 343935
2 0.919868 0.164945 2.27033 343968
2 0.915016 0.173129 2.26458 344001
2 0.9133 0.178037 2.26527 344035
2 0.908809 0.179716 2.25766 344069
2 0.901602 0.180405 2.24757 344102
2 0.894796 0.184047 2.23528 344136
2 0.889738 0.186883 2.22817 344169
2 0.885048 0.188124 2.22001 344204
2 0.880972 0.194636 2.22375 344237
2 0.872009 0.200479 2.21699 344270
2 0.863285 0.204836 2.20788 344303
2 0.854861 0.209424 2.19671 344336
2 0.847683 0.211973 2.19269 344369
2 0.842064 0.221387 2.18964 344404
2 0.8337 0.226657 2.18906 344438
2 0.826672 0.236041 2.18537 344472
2 0.817276 0.241936 2.18209 344504
2 0.807576 0.247468 2.17568 344539
2 0.801321 0.251358 2.16869 344572
2 0.793192 0.255055 2.15923 344606
2 0.788334 0.258232 2.15451 344640
2 0.783347 0.266232 2.1481 344674
2 0.779833 0.271768 2.14643 344707
2 0.776486 0.274633 2.14272 344740
2 0.775622 0.276171 2.13981 344773
2 0.776662 0.278242 2.13995 344807
2 0.778026 0.278218 2.13962 344840
2 0.77895 0.278494 2.13859 344873
2 0.783285 0.278039 2.13746 344905
2 0.78731 0.277516 2.14228 344938
2 0.792358 0.276867 2.14493 344973
2 0.800053 0.272408 2.14831 345006
2 0.807626 0.272038 2.14843 345040
2 0.814893 0.273975 2.15204 345074
2 0.824708 0.271761 2.16055 345107
2 0.832819 0.271411 2.17253 345140
2 0.840693 0.272098 2.18069 345174
2 0.848481 0.272505 2.18877 345208
2 0.857322 0.273291 2.19389 345241
2 0.864652 0.270912 2.20512 345275
2 0.86977 0.270224 2.21152 345309
2 0.874722 0.268296 2.21753 345342
2 0.885797 0.269034 2.23024 345375
2 0.891891 0.270258 2.22979 345408
2 0.897222 0.274916 2.24502 345441
2 0.9018 0.280134 2.25095 345474
2 0.905983 0.284219 2.25797 345508
2 0.91127 0.285674 2.26096 345542
2 0.914267 0.285925 2.26173 345575
2 0.915631 0.286211 2.26149 345608

3 0.80518 0.354882 2.20021 346772
3 0.806912 0.356387 2.20189 346804
3 0.808761 0.353238 2.19248 346838
3 0.808939 0.351183 2.19135 346871
3 0.810702 0.349894 2.19001 346903
3 0.814527 0.349999 2.19321 346938
3 0.818043 0.346436 2.18718 346971
3 0.823548 0.341931 2.1922 347005
3 0.827637 0.341009 2.19531 347039
3 0.833097 0.344107 2.19987 347073
3 0.836992 0.343629 2.20413 347107
3 0.840467 0.343297 2.20634 347141
3 0.850039 0.346889 2.21221 347175
3 0.855855 0.348496 2.22113 347210
3 0.86146 0.35002 2.22727 347243
3 0.871352 0.350443 2.23862 347276
3 0.879972 0.351476 2.2438 347310
3 0.888111 0.349432 2.25371 347345
3 0.893115 0.34865 2.25338 347361
3 0.897686 0.349832 2.25875 347411
3 0.900308 0.350179 2.26368 347444
3 0.901399 0.353552 2.25956 347477
3 0.900773 0.356837 2.26239 347511
3 0.901432 0.363225 2.26497 347544
3 0.901813 0.360196 2.26496 347561
3 0.899844 0.363842 2.26315 347611
3 0.898357 0.365261 2.26306 347645
3 0.894296 0.365998 2.25016 347662
3 0.886909 0.369452 2.24063 347710
3 0.879873 0.379785 2.23482 347744
3 0.873938 0.385821 2.22786 347761
3 0.867306 0.390148 2.22108 347812
3 0.858933 0.394011 2.21436 347845
3 0.852322 0.396347 2.21278 347862
3 0.846758 0.403418 2.20884 347912
3 0.838393 0.407834 2.20344 347929
3 0.831566 0.41111 2.20087 347980
3 0.823194 0.414249 2.20228 347997
3 0.815542 0.419651 2.19462 348030
3 0.806123 0.423295 2.1933 348081
3 0.800732 0.427851 2.19106 348098
3 0.794718 0.430401 2.18794 348131
3 0.791255 0.434053 2.18706 348165
3 0.788814 0.435787 2.18085 348199
3 0.786309 0.434908 2.17798 348232
3 0.785491 0.440759 2.18228 348267
3 0.785234 0.442136 2.17776 348300
3 0.78906 0.440751 2.18144 348334
3 0.795192 0.445327 2.1866 348368
3 0.802059 0.445257 2.1909 348400
3 0.807766 0.444901 2.1915 348434
3 0.817386 0.443081 2.19818 348468
3 0.823863 0.440991 2.19936 348502
3 0.833087 0.442849 2.20115 348536
3 0.843695 0.441035 2.20467 348568
3 0.852153 0.440544 2.20918 348601
3 0.861497 0.440161 2.21605 348635
3 0.870395 0.441395 2.23177 348669
3 0.877928 0.442206 2.24464 348702
3 0.88494 0.444248 2.25583 348735
3 0.889699 0.445537 2.2655 348768
3 0.895007 0.447605 2.27329 348802
3 0.898583 0.45068 2.27722 348835
3 0.901757 0.454344 2.27873 348869
3 0.902413 0.453079 2.27938 348902

4 0.775657 0.528293 2.29131 350038
4 0.775328 0.531196 2.28992 350071
4 0.776232 0.532849 2.29159 350105
4 0.77697 0.528991 2.29067 350139
4 0.782245 0.52853 2.28587 350172
4 0.788931 0.524522 2.28699 350206
4 0.792926 0.52327 2.29129 350239
4 0.800398 0.520983 2.30146 350271
4 0.807028 0.521606 2.30823 350304
4 0.81176 0.519842 2.31179 350338
4 0.820358 0.517347 2.31495 350373
4 0.828567 0.516904 2.32688 350407
4 0.836717 0.516757 2.33321 350440
4 0.843766 0.515638 2.33991 350473
4 0.84785 0.51275 2.34966 350505
4 0.85462 0.511419 2.36323 350539
4 0.856928 0.517134 2.37024 350572
4 0.860999 0.517125 2.37642 350607
4 0.860033 0.518106 2.37693 350639
4 0.862003 0.515333 2.37973 350673
4 0.864634 0.514817 2.3853 350706
4 0.863583 0.518334 2.38951 350740
4 0.860753 0.521358 2.38445 350774
4 0.858936 0.522461 2.38076 350807
4 0.85794 0.525967 2.37595 350839
4 0.855526 0.527782 2.37865 350873
4 0.852232 0.529226 2.37967 350907
4 0.845743 0.532742 2.3746 350941
4 0.839903 0.541479 2.37318 350974
4 0.830528 0.548063 2.36993 351006
4 0.820852 0.557449 2.37078 351038
4 0.812632 0.56244 2.36331 351072
4 0.805629 0.567251 2.36059 351105
4 0.797617 0.572304 2.36125 351140
4 0.791864 0.58131 2.3612 351174
4 0.783129 0.585446 2.36369 351209
4 0.777481 0.588773 2.35654 351242
4 0.771215 0.592573 2.3598 351276
4 0.765903 0.595541 2.36016 351309
4 0.761783 0.602584 2.35762 351341
4 0.760362 0.607175 2.35997 351373
4 0.75968 0.605065 2.35677 351407
4 0.760943 0.607201 2.36925 351440
4 0.762336 0.607704 2.36183 351474
4 0.766054 0.607831 2.36144 351508
4 0.772415 0.609169 2.35782 351542
4 0.778973 0.609615 2.36879 351575
4 0.783732 0.609072 2.3778 351609
4 0.793496 0.605577 2.37718 351641
4 0.798223 0.606593 2.38272 351673
4 0.803293 0.608622 2.39375 351706
4 0.811033 0.603777 2.4034 351740
4 0.822755 0.600971 2.39733 351773
4 0.830399 0.602004 2.42091 351806
4 0.838667 0.605157 2.4344 351840
4 0.842854 0.602432 2.44547 351874
4 0.846483 0.605728 2.44935 351907
4 0.850931 0.605558 2.46562 351941
4 0.851683 0.602261 2.46688 351974
4 0.853675 0.603415 2.47063 352007
4 0.85465 0.604007 2.46991 352041

5 0.578094 0.364359 2.20033 353451
5 0.575771 0.361944 2.19322 353484
5 0.573862 0.359621 2.19103 353501
5 0.572172 0.359702 2.18367 353551
5 0.575351 0.356735 2.18132 353584
5 0.579872 0.358961 2.18197 353601
5 0.584278 0.359428 2.18162 353651
5 0.586403 0.358697 2.18212 353668
5 0.591436 0.354975 2.17457 353701
5 0.597498 0.35511 2.17248 353751
5 0.605041 0.352387 2.17446 353768
5 0.611721 0.353658 2.17683 353803
5 0.619151 0.352186 2.17875 353835
5 0.625771 0.353784 2.17545 353870
5 0.634693 0.350821 2.17867 353919
5 0.641473 0.351292 2.18026 353936
5 0.645992 0.357034 2.18763 353969
5 0.652094 0.361455 2.19109 354003
5 0.657058 0.364918 2.1845 354038
5 0.659064 0.366334 2.18732 354073
5 0.660134 0.366954 2.19127 354105
5 0.655355 0.367839 2.18891 354138
5 0.653087 0.368259 2.19847 354172
5 0.649169 0.368922 2.19335 354205
5 0.647742 0.37507 2.19602 354238
5 0.63856 0.380344 2.19614 354271
5 0.633787 0.383727 2.19273 354305
5 0.626677 0.387245 2.18603 354340
5 0.61778 0.397226 2.19622 354372
5 0.608461 0.403625 2.20685 354404
5 0.597953 0.410987 2.20957 354438
5 0.591778 0.417974 2.2144 354473
5 0.581145 0.424002 2.22329 354506
5 0.571236 0.429435 2.22205 354539
5 0.563839 0.429418 2.22611 354572
5 0.558881 0.430441 2.22827 354605
5 0.554458 0.434765 2.22754 354638
5 0.553015 0.437008 2.22961 354672
5 0.551438 0.438174 2.22826 354706
5 0.551424 0.437831 2.22372 354739
5 0.552612 0.439571 2.22465 354773
5 0.558703 0.438894 2.22503 354807
5 0.563166 0.438688 2.22335 354841
5 0.573535 0.443285 2.22297 354875
5 0.581778 0.447456 2.22641 354909
5 0.592583 0.443133 2.22029 354942
5 0.603142 0.444248 2.22111 354975
5 0.613665 0.44086 2.22183 355008
5 0.623408 0.435251 2.22731 355040
5 0.63501 0.433874 2.2314 355075
5 0.647676 0.434138 2.23156 355108
5 0.655757 0.433764 2.22823 355140
5 0.661703 0.43556 2.23189 355172
5 0.665496 0.441936 2.23532 355206
5 0.669977 0.445754 2.23455 355240
5 0.672113 0.447402 2.23542 355272

6 0.559229 0.513789 2.33104 356708
6 0.559891 0.513876 2.34164 356741
6 0.563515 0.514077 2.35201 356775
6 0.571359 0.514014 2.35809 356808
6 0.578521 0.512827 2.36395 356841
6 0.585321 0.512772 2.36398 356875
6 0.595253 0.510088 2.35981 356909
6 0.603113 0.51104 2.36322 356944
6 0.612443 0.510068 2.37227 356977
6 0.620421 0.508411 2.37574 357009
6 0.6314 0.505052 2.38069 357043
6 0.637824 0.502567 2.38558 357077
6 0.645422 0.498095 2.38553 357111
6 0.649371 0.495422 2.38578 357144
6 0.654348 0.49955 2.39465 357178
6 0.654243 0.502416 2.39274 357212
6 0.655241 0.503691 2.37895 357244
6 0.650594 0.507971 2.38131 357278
6 0.644375 0.510319 2.38812 357311
6 0.635968 0.515541 2.38801 357343
6 0.631435 0.521634 2.38819 357376
6 0.620284 0.530982 2.39213 357410
6 0.61171 0.53575 2.39258 357443
6 0.600258 0.543177 2.39481 357477
6 0.585238 0.55088 2.39535 357511
6 0.576895 0.554325 2.3942 357544
6 0.570054 0.557327 2.39043 357578
6 0.562717 0.563714 2.389 357613
6 0.560441 0.567154 2.38759 357646
6 0.558961 0.566311 2.38338 357679
6 0.558497 0.569342 2.38414 357712
6 0.558438 0.572079 2.38868 357745
6 0.559129 0.574881 2.39373 357777
6 0.563296 0.577865 2.39577 357810
6 0.5681 0.57679 2.3979 357845
6 0.579354 0.57874 2.39749 357878
6 0.589847 0.578376 2.40328 357911
6 0.603899 0.577283 2.40554 357943
6 0.614024 0.574744 2.41346 357975
6 0.624964 0.571281 2.42476 358008
6 0.633062 0.569754 2.44144 358041
6 0.637913 0.566702 2.44605 358075
6 0.641664 0.563661 2.45348 358108
6 0.643669 0.561943 2.45512 358142
6 0.64389 0.562659 2.45481 358175

7 0.343573 0.350557 2.32121 359954
7 0.338578 0.350546 2.32338 359987
7 0.33409 0.347404 2.32923 360021
7 0.332204 0.34559 2.32571 360053
7 0.331169 0.34446 2.32446 360085
7 0.333682 0.345134 2.31345 360120
7 0.339835 0.345989 2.29952 360154
7 0.344819 0.345597 2.28295 360187
7 0.353405 0.347045 2.27318 360220
7 0.360433 0.346177 2.26338 360253
7 0.369906 0.345588 2.26017 360286
7 0.378526 0.347404 2.26075 360319
7 0.389344 0.348739 2.25798 360351
7 0.399298 0.347251 2.24987 360384
7 0.405046 0.352262 2.25092 360417
7 0.40917 0.355625 2.24588 360450
7 0.412011 0.357751 2.24636 360483
7 0.412996 0.359131 2.25113 360516
7 0.412534 0.360569 2.25237 360549
7 0.410776 0.363373 2.25732 360582
7 0.404634 0.370593 2.26062 360616
7 0.400326 0.37772 2.2585 360649
7 0.394113 0.384134 2.26411 360682
7 0.386695 0.394449 2.26954 360715
7 0.376758 0.400294 2.27437 360746
7 0.369311 0.406833 2.2862 360779
7 0.360194 0.415401 2.29063 360813
7 0.353562 0.420827 2.29306 360847
7 0.350787 0.425718 2.29661 360882
7 0.350257 0.428621 2.29445 360915
7 0.351165 0.43174 2.28693 360948
7 0.355469 0.434048 2.28474 360981
7 0.364094 0.439122 2.28289 361015
7 0.37168 0.442704 2.27742 361048
7 0.382971 0.444218 2.27411 361081
7 0.39315 0.445046 2.26739 361114
7 0.402853 0.447748 2.26759 361147
7 0.415206 0.447194 2.26534 361182
7 0.423905 0.449721 2.26437 361215
7 0.434037 0.448476 2.26805 361248
7 0.43908 0.450274 2.26768 361280

8 0.381047 0.49175 2.3323 362114
8 0.384193 0.492852 2.32774 362147
8 0.389771 0.495125 2.3233 362180
8 0.39782 0.49892 2.3276 362214
8 0.405773 0.502486 2.32897 362247
8 0.415735 0.50567 2.33121 362280
8 0.427833 0.506123 2.33306 362312
8 0.440061 0.508393 2.33299 362344
8 0.448832 0.509435 2.34226 362378
8 0.456999 0.512563 2.34672 362410
8 0.462886 0.516043 2.35031 362442
8 0.467546 0.516039 2.35665 362491
8 0.466754 0.515467 2.35616 362524
8 0.464739 0.522251 2.3586 362556
8 0.463672 0.523505 2.35664 362590
8 0.460404 0.525907 2.35615 362624
8 0.450715 0.526358 2.35718 362657
8 0.441553 0.527425 2.36316 362690
8 0.432659 0.530895 2.36991 362724
8 0.423216 0.534117 2.38068 362757
8 0.415444 0.534946 2.38204 362792
8 0.40629 0.537114 2.384 362825
8 0.397244 0.538659 2.39798 362842
8 0.388506 0.544898 2.41377 362893
8 0.38413 0.550776 2.42162 362911
8 0.382226 0.54978 2.4225 362946
8 0.382865 0.549563 2.41713 362979
8 0.383321 0.555731 2.41882 363013
8 0.39163 0.554689 2.41908 363046
8 0.400025 0.554232 2.40737 363080
8 0.410762 0.555587 2.41107 363115
8 0.421842 0.556323 2.41016 363148
8 0.431797 0.558484 2.40005 363181
8 0.439855 0.559834 2.39813 363216
8 0.452539 0.560017 2.39592 363248
8 0.463029 0.560366 2.40439 363282
8 0.475351 0.560267 2.41041 363316
8 0.482905 0.560697 2.4074 363348
8 0.486422 0.56093 2.4107 363382
8 0.488336 0.560956 2.41039 363415

9 0.441683 0.624302 2.48179 364321
9 0.442761 0.627064 2.49717 364355
9 0.447825 0.629045 2.5034 364389
9 0.453059 0.63121 2.50366 364422
9 0.460246 0.633605 2.50402 364456
9 0.472393 0.635091 2.50504 364490
9 0.48003 0.635564 2.50557 364524
9 0.492985 0.63663 2.51262 364559
9 0.50495 0.641233 2.52438 364593
9 0.515951 0.637852 2.53468 364609
9 0.52039 0.637822 2.55 364660
9 0.530208 0.636135 2.56026 364677
9 0.53658 0.63454 2.55961 364728
9 0.538945 0.637452 2.56954 364745
9 0.540192 0.636809 2.57235 364778
9 0.536922 0.643484 2.56464 364828
9 0.528827 0.650374 2.5558 364861
9 0.523999 0.654943 2.5529 364877
9 0.517204 0.657493 2.55255 364928
9 0.507731 0.665038 2.54404 364944
9 0.497662 0.671091 2.53481 364978
9 0.48734 0.677096 2.53343 365012
9 0.476819 0.686397 2.5318 365045
9 0.469488 0.69459 2.52994 365078
9 0.462126 0.700296 2.52611 365128
9 0.458759 0.70283 2.53017 365145
9 0.455507 0.703223 2.52855 365178
9 0.455787 0.70508 2.53474 365229
9 0.453773 0.704327 2.53129 365245
9 0.455389 0.706912 2.54132 365279
9 0.464039 0.70713 2.55276 365313
9 0.474158 0.707811 2.55928 365345
9 0.488436 0.707832 2.56293 365379
9 0.50347 0.708419 2.56415 365413
9 0.513481 0.708428 2.57462 365446
9 0.522469 0.705975 2.57364 365479
9 0.527383 0.705659 2.58063 365529
9 0.529969 0.705699 2.59167 365545
9 0.527362 0.698495 2.58871 365579
9 0.52511 0.692869 2.59383 365629
9 0.524163 0.688765 2.59046 365645

