Gesto: 2
0 0.498872 0.503054 2.2236 366950
0 0.503418 0.50437 2.23084 366983
0 0.512189 0.5041 2.23813 367018
0 0.518793 0.503908 2.22763 367052
0 0.536509 0.49871 2.22679 367084
0 0.559111 0.497016 2.22835 367117
0 0.582628 0.495801 2.23019 367150
0 0.599948 0.497913 2.24076 367183
0 0.616746 0.501269 2.24942 367217
0 0.625569 0.508915 2.25059 367251
0 0.628316 0.516786 2.2491 367284
0 0.619089 0.534784 2.26426 367318
0 0.599542 0.554399 2.26446 367350
0 0.572649 0.577499 2.26427 367382
0 0.545379 0.590564 2.26925 367415
0 0.525009 0.606809 2.28205 367449
0 0.506782 0.613757 2.30174 367481
0 0.497613 0.618639 2.32364 367515
0 0.493149 0.620751 2.32697 367548
0 0.499176 0.62312 2.32906 367582
0 0.511482 0.627563 2.32216 367614
0 0.526375 0.634621 2.31512 367647
0 0.541236 0.636899 2.31253 367679
0 0.563846 0.63197 2.32589 367711
0 0.590466 0.62752 2.33342 367744
0 0.606516 0.625274 2.33105 367777
0 0.616119 0.624721 2.33165 367812
0 0.624338 0.627911 2.33929 367845

1 0.286868 0.464598 2.28631 368910
1 0.286528 0.464998 2.28567 368944
1 0.28712 0.465112 2.28331 368978
1 0.295019 0.464356 2.28123 369012
1 0.305934 0.464164 2.2802 369045
1 0.31951 0.466362 2.27221 369079
1 0.327842 0.465291 2.24824 369112
1 0.332133 0.465286 2.24027 369146
1 0.332676 0.469597 2.24657 369181
1 0.32442 0.476158 2.25786 369215
1 0.311317 0.48428 2.27012 369248
1 0.296491 0.492465 2.28103 369282
1 0.288182 0.497933 2.30632 369315
1 0.279718 0.506853 2.32171 369349
1 0.274774 0.511392 2.32549 369382
1 0.276907 0.516896 2.32578 369416
1 0.285306 0.52173 2.3333 369451
1 0.298825 0.528085 2.31066 369484
1 0.309226 0.533723 2.29314 369518
1 0.320602 0.534774 2.28768 369552
1 0.323383 0.534186 2.2954 369586

2 0.464203 0.309301 2.23765 370310
2 0.463304 0.307846 2.2345 370344
2 0.460163 0.306659 2.23741 370377
2 0.461399 0.306833 2.24139 370411
2 0.474027 0.302734 2.25059 370446
2 0.490645 0.296642 2.24114 370479
2 0.515744 0.286207 2.22656 370513
2 0.547482 0.277103 2.22103 370545
2 0.589503 0.271087 2.22809 370578
2 0.63041 0.266851 2.23709 370612
2 0.660066 0.271614 2.25172 370644
2 0.685455 0.274679 2.27584 370678
2 0.699903 0.277384 2.28556 370711
2 0.706479 0.287311 2.28577 370743
2 0.701613 0.295852 2.27036 370775
2 0.691304 0.311562 2.24662 370810
2 0.676906 0.328056 2.23064 370859
2 0.653971 0.353507 2.22679 370891
2 0.621063 0.37949 2.22612 370923
2 0.592403 0.405181 2.22591 370956
2 0.566064 0.429704 2.23052 370989
2 0.547558 0.440019 2.23472 371023
2 0.532885 0.455741 2.23199 371055
2 0.528367 0.465197 2.23691 371088
2 0.537099 0.467763 2.23914 371120
2 0.55068 0.467246 2.23569 371154
2 0.568644 0.469536 2.23156 371188
2 0.599279 0.472329 2.23222 371223
2 0.63382 0.473784 2.23088 371257
2 0.660964 0.478436 2.23577 371289
2 0.686936 0.485207 2.23993 371321
2 0.71211 0.48779 2.25847 371356
2 0.729508 0.490527 2.27998 371388
2 0.7439 0.490495 2.30993 371421
2 0.752949 0.48849 2.31751 371454
2 0.760201 0.486723 2.33273 371487
2 0.763933 0.484317 2.34552 371520
2 0.765401 0.484678 2.34697 371554
2 0.765488 0.484696 2.3401 371586
2 0.759439 0.489122 2.34058 371618
2 0.753957 0.491737 2.33332 371652
2 0.751299 0.492096 2.327 371686
2 0.747394 0.495089 2.31595 371718

3 0.485841 0.747768 2.49283 375689
3 0.487376 0.741155 2.50312 375723
3 0.492824 0.741445 2.50064 375756
3 0.500619 0.743578 2.48429 375790
3 0.509136 0.742735 2.47264 375824
3 0.519663 0.743729 2.47455 375858
3 0.524909 0.743938 2.47583 375892
3 0.525241 0.745515 2.47486 375926
3 0.519183 0.749637 2.47579 375960
3 0.513691 0.753746 2.4946 375994
3 0.498973 0.756981 2.5151 376027
3 0.487333 0.765678 2.52362 376060
3 0.478547 0.770188 2.53953 376094
3 0.468572 0.775468 2.55556 376127
3 0.461095 0.781339 2.57202 376160
3 0.45764 0.783398 2.57904 376195
3 0.456474 0.78471 2.5879 376228
3 0.456319 0.786378 2.5979 376260
3 0.458569 0.791526 2.60982 376294
3 0.463478 0.793773 2.61115 376327
3 0.469938 0.794821 2.60552 376360
3 0.47804 0.796229 2.59832 376394
3 0.490624 0.795652 2.56441 376428
3 0.503645 0.794123 2.5455 376463
3 0.516467 0.793419 2.52531 376496

4 0.24747 0.168681 2.42145 378288
4 0.251185 0.170803 2.41921 378321
4 0.258438 0.16765 2.40627 378355
4 0.265049 0.170382 2.4025 378387
4 0.269259 0.171972 2.40386 378421
4 0.271969 0.173971 2.40134 378454
4 0.274412 0.176528 2.39716 378485
4 0.272795 0.175793 2.40457 378517
4 0.267499 0.179899 2.40837 378550
4 0.257059 0.187943 2.40104 378583
4 0.249692 0.198588 2.40185 378616
4 0.242603 0.208472 2.415 378650
4 0.233888 0.219683 2.41961 378683
4 0.226717 0.230192 2.42571 378717
4 0.22049 0.239015 2.43205 378752
4 0.219759 0.250652 2.42525 378786
4 0.219557 0.255374 2.42971 378819
4 0.222086 0.257023 2.42652 378852
4 0.224388 0.254863 2.42621 378885
4 0.231613 0.24946 2.41218 378919
4 0.237668 0.249202 2.4127 378952
4 0.247959 0.246729 2.40073 378986
4 0.259948 0.244167 2.39624 379018
4 0.272839 0.245302 2.38911 379052
4 0.28231 0.244929 2.38132 379084
4 0.291387 0.247159 2.37702 379119

5 0.276693 0.737994 2.36795 380430
5 0.278711 0.736816 2.36114 380463
5 0.285123 0.73563 2.36413 380496
5 0.290651 0.736082 2.35835 380530
5 0.299539 0.734788 2.35456 380564
5 0.313067 0.733094 2.35479 380597
5 0.320497 0.733182 2.35381 380631
5 0.324934 0.733112 2.35206 380664
5 0.326743 0.734931 2.35609 380697
5 0.324786 0.742416 2.35863 380731
5 0.322957 0.747676 2.36518 380765
5 0.314494 0.750837 2.36884 380799
5 0.308635 0.747636 2.3783 380832
5 0.298303 0.751 2.38655 380849
5 0.286474 0.757972 2.40991 380899
5 0.278442 0.759016 2.42007 380932
5 0.273882 0.760413 2.42749 380949
5 0.27142 0.761455 2.43712 381000
5 0.270191 0.761553 2.43511 381033
5 0.269312 0.76273 2.43623 381049
5 0.271586 0.765182 2.43354 381100
5 0.277869 0.76609 2.43532 381133
5 0.289552 0.766755 2.43591 381167
5 0.299154 0.770961 2.4352 381185
5 0.311362 0.776058 2.42122 381219
5 0.325482 0.777907 2.40865 381253
5 0.341072 0.780213 2.40119 381287
5 0.358701 0.789471 2.38767 381320
5 0.369929 0.793456 2.38081 381353
5 0.37704 0.795373 2.37908 381386
5 0.382446 0.796015 2.37556 381420

6 0.535997 0.109892 2.43868 383594
6 0.54176 0.110185 2.4438 383627
6 0.549354 0.108597 2.433 383661
6 0.556786 0.107346 2.43498 383695
6 0.566372 0.106123 2.42972 383728
6 0.577165 0.103522 2.44792 383762
6 0.58442 0.105 2.43555 383796
6 0.587313 0.104411 2.43285 383829
6 0.586751 0.106695 2.43313 383862
6 0.583706 0.109636 2.43026 383896
6 0.58236 0.118769 2.42246 383930
6 0.572942 0.128263 2.41611 383964
6 0.564854 0.138131 2.41144 383997
6 0.556029 0.143665 2.42511 384031
6 0.550403 0.154649 2.42764 384064
6 0.549909 0.163705 2.43239 384098
6 0.549384 0.171412 2.43021 384133
6 0.550644 0.173665 2.4282 384166
6 0.553949 0.173209 2.41949 384200
6 0.554793 0.174505 2.41416 384234
6 0.561052 0.172372 2.41197 384268
6 0.568347 0.172377 2.40538 384302
6 0.578666 0.17255 2.39931 384336
6 0.585873 0.173203 2.39984 384353
6 0.597477 0.16895 2.39561 384404
6 0.602245 0.169942 2.39966 384421
6 0.61216 0.171234 2.40444 384454
6 0.617319 0.173598 2.4126 384504

7 0.657601 0.744159 2.44703 385763
7 0.666595 0.745985 2.43695 385798
7 0.676062 0.743287 2.43016 385830
7 0.68678 0.74228 2.42638 385863
7 0.699419 0.741233 2.42559 385896
7 0.711806 0.74134 2.43785 385928
7 0.721485 0.74018 2.45305 385962
7 0.723661 0.741432 2.45391 385995
7 0.724601 0.742338 2.45802 386028
7 0.718625 0.743865 2.46042 386060
7 0.705858 0.754864 2.45505 386093
7 0.692074 0.764289 2.46252 386126
7 0.67987 0.776046 2.47739 386159
7 0.670012 0.784066 2.49553 386193
7 0.660051 0.788101 2.51282 386225
7 0.656864 0.800064 2.51987 386257
7 0.656542 0.808674 2.53008 386290
7 0.661266 0.815246 2.52516 386338
7 0.665091 0.811585 2.54324 386370
7 0.667443 0.811814 2.54226 386402
7 0.67348 0.808057 2.53764 386435
7 0.675566 0.810945 2.52328 386467
7 0.679482 0.806399 2.52002 386499
7 0.684881 0.804466 2.52103 386531
7 0.696535 0.805175 2.50948 386564
7 0.707753 0.804339 2.52323 386597
7 0.71436 0.801647 2.53143 386630
7 0.720894 0.802466 2.53694 386662
7 0.723616 0.802099 2.53162 386696
7 0.722479 0.800277 2.53422 386728

8 0.763126 0.211898 2.56491 388395
8 0.769821 0.209494 2.56381 388428
8 0.777073 0.205229 2.57606 388461
8 0.783818 0.210078 2.5865 388495
8 0.789361 0.208878 2.58351 388528
8 0.794618 0.206775 2.58049 388561
8 0.794843 0.212786 2.56491 388595
8 0.795777 0.214773 2.56617 388628
8 0.795236 0.217929 2.57009 388662
8 0.788353 0.22125 2.56851 388696
8 0.784986 0.224399 2.56593 388728
8 0.780618 0.234818 2.55728 388761
8 0.775322 0.244417 2.55916 388794
8 0.767968 0.250028 2.54398 388827
8 0.762204 0.259099 2.55194 388861
8 0.75356 0.274098 2.55878 388894
8 0.7471 0.28601 2.55617 388928
8 0.743871 0.291894 2.55469 388960
8 0.743264 0.298117 2.55252 388994
8 0.746698 0.300521 2.55758 389028
8 0.75175 0.304329 2.55456 389062
8 0.752334 0.3015 2.54634 389095
8 0.762781 0.299792 2.55379 389128
8 0.769112 0.298857 2.55183 389160
8 0.778067 0.297362 2.55203 389193
8 0.786109 0.297728 2.54826 389227

9 0.0883289 0.458459 2.43255 398277
9 0.0877699 0.460857 2.43129 398311
9 0.0870786 0.461737 2.43283 398343
9 0.0920035 0.460576 2.43963 398376
9 0.0980495 0.461238 2.44081 398410
9 0.100355 0.462049 2.44381 398443
9 0.103517 0.463544 2.43091 398477
9 0.110677 0.466003 2.41901 398510
9 0.117979 0.47112 2.40687 398544
9 0.12276 0.473379 2.40223 398578
9 0.127497 0.472498 2.39514 398612
9 0.134949 0.479355 2.3895 398646
9 0.139057 0.485486 2.38154 398680
9 0.135545 0.490292 2.38288 398714
9 0.138894 0.486407 2.38813 398747
9 0.138886 0.488488 2.39454 398764
9 0.134231 0.492436 2.39447 398814
9 0.128737 0.496344 2.40413 398848
9 0.124112 0.505094 2.41922 398864
9 0.116723 0.511467 2.42945 398915
9 0.108177 0.521063 2.43377 398932
9 0.105412 0.531908 2.44229 398965
9 0.102516 0.537105 2.45482 399016
9 0.0997201 0.5462 2.45763 399034
9 0.0963211 0.553479 2.46356 399068
9 0.0950479 0.557523 2.46724 399103
9 0.0949929 0.561444 2.47671 399136
9 0.0930102 0.564449 2.48824 399170
9 0.0896984 0.571701 2.49707 399204
9 0.0885904 0.576357 2.49324 399238
9 0.0855985 0.581445 2.48565 399273
9 0.0881483 0.583133 2.48567 399305
9 0.0899376 0.583843 2.48411 399339
9 0.0921233 0.582017 2.48013 399373
9 0.0916785 0.582246 2.48145 399407
9 0.0924064 0.581693 2.47728 399440
9 0.0954571 0.582752 2.4737 399473
9 0.0966173 0.585092 2.47102 399507
9 0.10363 0.584116 2.46408 399540
9 0.111323 0.584153 2.45568 399573
9 0.122657 0.583348 2.44772 399606
9 0.134123 0.583791 2.43519 399639
9 0.14459 0.583928 2.42686 399672
9 0.156597 0.585141 2.42146 399706
9 0.163537 0.590544 2.41529 399740
9 0.166737 0.593938 2.42144 399773
9 0.169693 0.597811 2.41408 399805

