Gesto: 2
0 0.403827 0.271869 1.63741 203093
0 0.399832 0.27069 1.63811 203127
0 0.397886 0.268699 1.64187 203161
0 0.396096 0.267968 1.64481 203195
0 0.395376 0.268082 1.64236 203229
0 0.397013 0.267327 1.63956 203262
0 0.401335 0.268549 1.63423 203295
0 0.408478 0.26713 1.6244 203328
0 0.418692 0.264184 1.61153 203362
0 0.430488 0.262766 1.59744 203395
0 0.444468 0.260819 1.58467 203428
0 0.46256 0.257423 1.5729 203462
0 0.481732 0.254674 1.55851 203495
0 0.500022 0.250965 1.548 203528
0 0.517439 0.248564 1.54124 203561
0 0.536899 0.247245 1.53924 203595
0 0.556695 0.244822 1.54365 203628
0 0.571399 0.244494 1.54812 203661
0 0.58435 0.246003 1.5557 203694
0 0.59188 0.247469 1.56392 203729
0 0.596505 0.24978 1.57139 203762
0 0.598332 0.255955 1.57529 203796
0 0.596166 0.262015 1.57473 203830
0 0.589868 0.270322 1.57351 203864
0 0.581776 0.279297 1.5727 203897
0 0.571486 0.29064 1.56958 203931
0 0.55904 0.303122 1.56446 203964
0 0.543655 0.319569 1.56661 203997
0 0.527068 0.334918 1.56951 204031
0 0.51006 0.350436 1.57499 204063
0 0.493854 0.36405 1.58189 204097
0 0.4802 0.376964 1.59195 204130
0 0.469995 0.387332 1.60287 204164
0 0.462285 0.395657 1.61224 204197
0 0.453778 0.399874 1.61747 204229
0 0.448505 0.401867 1.62145 204262
0 0.447355 0.404252 1.62401 204295
0 0.453047 0.410489 1.62704 204328
0 0.454644 0.408395 1.6216 204361
0 0.459403 0.4065 1.61634 204394
0 0.467257 0.405899 1.60855 204427
0 0.478112 0.407736 1.60022 204460
0 0.492838 0.409412 1.59599 204492
0 0.506888 0.412768 1.59164 204525
0 0.524419 0.416068 1.59233 204557
0 0.543729 0.418796 1.59892 204591
0 0.560406 0.421865 1.60541 204625
0 0.575409 0.424293 1.61152 204658
0 0.587984 0.424835 1.61794 204691
0 0.597526 0.423567 1.62382 204726
0 0.601933 0.422296 1.62563 204760

1 0.396693 0.277719 1.61147 206093
1 0.397538 0.275104 1.60918 206126
1 0.398361 0.274191 1.60524 206161
1 0.40061 0.273165 1.60214 206193
1 0.405077 0.273479 1.59513 206224
1 0.412169 0.275064 1.5899 206258
1 0.419327 0.275386 1.58021 206291
1 0.426943 0.276398 1.56931 206324
1 0.437997 0.275764 1.55406 206358
1 0.451121 0.277878 1.54583 206391
1 0.465443 0.279089 1.53737 206424
1 0.479503 0.277541 1.52555 206458
1 0.495069 0.276856 1.51855 206492
1 0.50875 0.276749 1.51454 206525
1 0.520497 0.277733 1.51129 206559
1 0.532696 0.276382 1.51025 206593
1 0.543605 0.27553 1.50914 206626
1 0.554241 0.274656 1.51449 206661
1 0.558948 0.276223 1.51756 206694
1 0.562449 0.279272 1.52135 206727
1 0.563578 0.281571 1.52459 206760
1 0.564651 0.284982 1.52785 206794
1 0.563469 0.288621 1.52992 206827
1 0.559356 0.294883 1.52926 206861
1 0.555484 0.302548 1.53175 206895
1 0.549225 0.313118 1.53277 206929
1 0.541538 0.324829 1.53438 206963
1 0.532044 0.335157 1.53661 206995
1 0.5213 0.344899 1.538 207029
1 0.510977 0.355761 1.54296 207062
1 0.500314 0.366565 1.55263 207097
1 0.487278 0.375517 1.55901 207131
1 0.477051 0.383501 1.56622 207165
1 0.466966 0.388182 1.57228 207197
1 0.458033 0.39264 1.57586 207231
1 0.450755 0.396295 1.58102 207264
1 0.447004 0.398778 1.58527 207298
1 0.444991 0.399977 1.58852 207331
1 0.444678 0.400535 1.5882 207365
1 0.44471 0.400791 1.5863 207398
1 0.448709 0.399249 1.58183 207432
1 0.45405 0.399835 1.57499 207465
1 0.462123 0.400298 1.57031 207498
1 0.470622 0.40165 1.56641 207532
1 0.480404 0.404256 1.56117 207567
1 0.494536 0.407664 1.55361 207600
1 0.507444 0.409868 1.5486 207633
1 0.520457 0.41185 1.54496 207668
1 0.535681 0.413151 1.54679 207701
1 0.549648 0.413681 1.55281 207736
1 0.560921 0.414694 1.55665 207769
1 0.572014 0.41566 1.56242 207803
1 0.581205 0.415723 1.56712 207836
1 0.585787 0.41826 1.56779 207869
1 0.589182 0.417489 1.57074 207903

2 0.411889 0.28364 1.5645 209035
2 0.409876 0.283001 1.56396 209070
2 0.410548 0.281767 1.56396 209103
2 0.413004 0.280527 1.55963 209137
2 0.419203 0.277176 1.55285 209170
2 0.424388 0.274737 1.54419 209204
2 0.434266 0.272566 1.53544 209237
2 0.446131 0.269553 1.52673 209270
2 0.459308 0.266415 1.51466 209303
2 0.474894 0.263475 1.5043 209336
2 0.489797 0.260325 1.49352 209370
2 0.504413 0.258188 1.48266 209403
2 0.519324 0.256262 1.47838 209435
2 0.536752 0.257002 1.47724 209467
2 0.551162 0.255866 1.47854 209501
2 0.563276 0.255172 1.48016 209534
2 0.574642 0.253276 1.48496 209569
2 0.583176 0.253292 1.49191 209602
2 0.588748 0.253322 1.49671 209635
2 0.591781 0.255783 1.5009 209668
2 0.593302 0.257901 1.50398 209703
2 0.59288 0.262436 1.50652 209736
2 0.588848 0.268657 1.50786 209770
2 0.582762 0.277016 1.50781 209804
2 0.574167 0.285173 1.50473 209838
2 0.564399 0.294686 1.50696 209871
2 0.55493 0.305987 1.50649 209905
2 0.543819 0.318818 1.50918 209939
2 0.529849 0.331882 1.51384 209955
2 0.517028 0.343813 1.52212 210006
2 0.504726 0.355022 1.52905 210022
2 0.493952 0.366448 1.53825 210056
2 0.484184 0.375358 1.54451 210090
2 0.476186 0.383468 1.54917 210124
2 0.471269 0.388228 1.55394 210158
2 0.468714 0.391467 1.55457 210192
2 0.467381 0.392942 1.55347 210226
2 0.467441 0.393607 1.55364 210260
2 0.472115 0.393289 1.55146 210294
2 0.477274 0.390785 1.54398 210328
2 0.485106 0.388969 1.53914 210363
2 0.493735 0.386078 1.53099 210395
2 0.505097 0.385052 1.52502 210429
2 0.517421 0.384315 1.52109 210462
2 0.529546 0.383685 1.52031 210494
2 0.542475 0.384499 1.52092 210527
2 0.555762 0.38629 1.52731 210561
2 0.56698 0.389406 1.53161 210595
2 0.579193 0.394106 1.53766 210629
2 0.588724 0.396622 1.54449 210662
2 0.596998 0.399613 1.54882 210696
2 0.603684 0.404441 1.55256 210730

3 0.40896 0.282505 1.56922 212098
3 0.410165 0.281844 1.56965 212132
3 0.412202 0.280063 1.56671 212166
3 0.414641 0.279297 1.56162 212200
3 0.419662 0.277321 1.55404 212234
3 0.426798 0.275995 1.54852 212266
3 0.436957 0.274812 1.54174 212300
3 0.446871 0.275218 1.53786 212333
3 0.457372 0.275171 1.52812 212365
3 0.470005 0.275171 1.51841 212400
3 0.484358 0.275489 1.50782 212432
3 0.496919 0.2764 1.49827 212466
3 0.509034 0.276741 1.49286 212499
3 0.520728 0.27646 1.48801 212533
3 0.533244 0.277313 1.48515 212565
3 0.545339 0.277061 1.48617 212599
3 0.55389 0.276879 1.48573 212632
3 0.561544 0.276588 1.48694 212666
3 0.567598 0.276289 1.48808 212700
3 0.573587 0.276128 1.49062 212734
3 0.576817 0.276875 1.49376 212768
3 0.578865 0.278946 1.49707 212802
3 0.578547 0.280616 1.50088 212835
3 0.576992 0.284377 1.5019 212868
3 0.573099 0.287716 1.50086 212900
3 0.56796 0.294168 1.50135 212934
3 0.561384 0.300177 1.50206 212966
3 0.553658 0.30868 1.50226 213000
3 0.545402 0.31911 1.50221 213033
3 0.536706 0.330351 1.50686 213068
3 0.528141 0.342997 1.51094 213100
3 0.518985 0.35552 1.51632 213132
3 0.510495 0.368286 1.5231 213166
3 0.501601 0.38087 1.53125 213199
3 0.494757 0.390061 1.53913 213233
3 0.487416 0.399192 1.54581 213265
3 0.483146 0.404235 1.55065 213298
3 0.476588 0.406633 1.55086 213331
3 0.472618 0.407488 1.551 213365
3 0.471687 0.406534 1.55204 213399
3 0.474737 0.40731 1.55305 213433
3 0.479713 0.403679 1.54952 213466
3 0.485611 0.402761 1.54418 213499
3 0.492885 0.401259 1.54109 213531
3 0.501262 0.401162 1.53705 213565
3 0.510146 0.40147 1.53354 213598
3 0.52054 0.402968 1.53193 213632
3 0.531916 0.403593 1.53471 213666
3 0.543221 0.406119 1.53842 213700
3 0.554001 0.408094 1.54115 213734
3 0.564072 0.409815 1.54663 213768
3 0.574107 0.412351 1.55 213802
3 0.582187 0.411669 1.55353 213836
3 0.588109 0.412951 1.55598 213869
3 0.592677 0.413352 1.5565 213903
3 0.593504 0.413675 1.55743 213936

4 0.424315 0.269903 1.54254 214900
4 0.42506 0.269416 1.54116 214934
4 0.425325 0.268972 1.53894 214968
4 0.428199 0.268039 1.53584 215001
4 0.43285 0.266803 1.52758 215035
4 0.438037 0.266194 1.51943 215068
4 0.446659 0.268568 1.5159 215100
4 0.457663 0.270131 1.51213 215134
4 0.469019 0.27101 1.50584 215166
4 0.482083 0.270681 1.49887 215198
4 0.496652 0.272974 1.49041 215232
4 0.509535 0.275026 1.48248 215265
4 0.522631 0.275092 1.47827 215299
4 0.537831 0.277146 1.47692 215332
4 0.551315 0.277936 1.4807 215365
4 0.564194 0.279822 1.48755 215399
4 0.57347 0.283864 1.49262 215433
4 0.580639 0.286597 1.49656 215466
4 0.58384 0.288488 1.49974 215498
4 0.585663 0.289236 1.50226 215532
4 0.584209 0.289809 1.50294 215566
4 0.580385 0.290803 1.50434 215599
4 0.574587 0.295896 1.50671 215633
4 0.568017 0.29936 1.50551 215666
4 0.560473 0.306176 1.50681 215701
4 0.552131 0.312744 1.50821 215734
4 0.541591 0.321205 1.50914 215768
4 0.531309 0.331367 1.51299 215801
4 0.520964 0.342595 1.51772 215833
4 0.510998 0.354835 1.52478 215867
4 0.500724 0.365871 1.53159 215900
4 0.49112 0.375193 1.53724 215934
4 0.481849 0.385039 1.54402 215967
4 0.47609 0.39195 1.55005 216001
4 0.471304 0.3977 1.55668 216034
4 0.465506 0.40142 1.55868 216067
4 0.461523 0.404157 1.55759 216100
4 0.460921 0.403 1.55557 216134
4 0.463817 0.402494 1.55314 216167
4 0.467206 0.401134 1.55092 216200
4 0.471837 0.399595 1.54727 216234
4 0.47942 0.399064 1.54461 216267
4 0.486738 0.398947 1.53957 216301
4 0.49796 0.399202 1.53502 216335
4 0.508684 0.40034 1.53218 216369
4 0.519663 0.402117 1.5287 216404
4 0.530923 0.404667 1.53003 216436
4 0.5426 0.406922 1.53509 216470
4 0.553278 0.408586 1.53915 216503
4 0.562905 0.409848 1.5419 216536
4 0.571304 0.411169 1.54653 216569
4 0.578504 0.411437 1.55193 216603
4 0.582583 0.411533 1.55653 216637
4 0.585234 0.410611 1.55917 216670

5 0.42791 0.290252 1.52839 217643
5 0.428105 0.290312 1.52819 217678
5 0.431047 0.289453 1.52398 217711
5 0.433853 0.288198 1.51911 217744
5 0.439778 0.288005 1.51303 217777
5 0.448244 0.285909 1.5082 217810
5 0.458907 0.286373 1.50071 217841
5 0.470546 0.284082 1.49262 217875
5 0.482625 0.282712 1.48289 217909
5 0.49628 0.281163 1.47628 217942
5 0.509217 0.280003 1.47141 217975
5 0.522005 0.277425 1.46792 218008
5 0.537158 0.274149 1.466 218042
5 0.548587 0.271368 1.46393 218075
5 0.557381 0.26981 1.46454 218108
5 0.568126 0.270307 1.46927 218142
5 0.576947 0.269048 1.47512 218175
5 0.582203 0.271149 1.48195 218209
5 0.585984 0.273869 1.48475 218242
5 0.586335 0.276167 1.48581 218276
5 0.585117 0.278377 1.4872 218310
5 0.580446 0.282996 1.48833 218343
5 0.573258 0.288482 1.48863 218376
5 0.565559 0.296196 1.48899 218409
5 0.555106 0.30416 1.48943 218442
5 0.5445 0.31422 1.48989 218474
5 0.534338 0.323971 1.4914 218508
5 0.523063 0.334374 1.49564 218541
5 0.512034 0.345577 1.50327 218575
5 0.502105 0.354706 1.50936 218607
5 0.491683 0.362588 1.51877 218640
5 0.481846 0.368966 1.52636 218673
5 0.474119 0.376123 1.53159 218706
5 0.46831 0.379975 1.53434 218740
5 0.464836 0.382395 1.53857 218773
5 0.463158 0.383964 1.53894 218806
5 0.462246 0.384964 1.54078 218840
5 0.465124 0.386241 1.53997 218873
5 0.467562 0.387946 1.53984 218906
5 0.472939 0.390906 1.5388 218939
5 0.481347 0.392654 1.53729 218971
5 0.490757 0.39438 1.53363 219005
5 0.501323 0.39787 1.53118 219040
5 0.511724 0.402642 1.53013 219073
5 0.521633 0.405948 1.52996 219106
5 0.535832 0.409864 1.53474 219139
5 0.550201 0.413823 1.54047 219172
5 0.563828 0.41701 1.54615 219206
5 0.576436 0.41973 1.55363 219240
5 0.58807 0.422376 1.5574 219273
5 0.598414 0.424629 1.55995 219307
5 0.606913 0.425821 1.56505 219340
5 0.611776 0.426103 1.56502 219372
5 0.614253 0.425989 1.56806 219406

6 0.436136 0.286071 1.52813 220274
6 0.435871 0.286545 1.52679 220307
6 0.436605 0.285836 1.5226 220340
6 0.438943 0.28648 1.5197 220372
6 0.443287 0.286703 1.51455 220406
6 0.450288 0.284906 1.50931 220440
6 0.459303 0.284022 1.50386 220473
6 0.469305 0.28125 1.4939 220506
6 0.480268 0.280973 1.48809 220540
6 0.492802 0.280804 1.48163 220574
6 0.506011 0.28067 1.47559 220608
6 0.51918 0.280096 1.47144 220641
6 0.533308 0.279651 1.46828 220676
6 0.544668 0.280285 1.46656 220709
6 0.557907 0.280722 1.47108 220743
6 0.568743 0.284689 1.47794 220777
6 0.577814 0.284493 1.48128 220811
6 0.584251 0.284315 1.48501 220845
6 0.58777 0.284276 1.48828 220880
6 0.588599 0.284332 1.48807 220914
6 0.585902 0.286594 1.4903 220948
6 0.581651 0.289456 1.49254 220981
6 0.577243 0.295211 1.49463 221014
6 0.570009 0.300391 1.49505 221048
6 0.561887 0.310216 1.49612 221082
6 0.553435 0.321181 1.49778 221116
6 0.542452 0.332733 1.4976 221133
6 0.53105 0.345275 1.50052 221182
6 0.520528 0.357727 1.50821 221199
6 0.511024 0.369857 1.51534 221233
6 0.501476 0.378541 1.52236 221284
6 0.490563 0.386862 1.52938 221301
6 0.482118 0.393464 1.53678 221335
6 0.475299 0.399721 1.54073 221369
6 0.47162 0.403576 1.54369 221404
6 0.469776 0.405526 1.54597 221438
6 0.468715 0.406544 1.54415 221472
6 0.470131 0.405838 1.54431 221506
6 0.474303 0.407041 1.54401 221540
6 0.48159 0.40764 1.541 221572
6 0.491139 0.408353 1.53862 221606
6 0.501588 0.408909 1.53474 221640
6 0.511864 0.410489 1.52744 221673
6 0.521971 0.410163 1.52775 221706
6 0.536517 0.411158 1.53167 221741
6 0.55075 0.412989 1.53873 221774
6 0.563686 0.414669 1.54431 221807
6 0.575737 0.417476 1.55201 221841
6 0.58515 0.421002 1.55405 221876
6 0.593314 0.422897 1.55713 221908
6 0.597241 0.423132 1.5604 221941

7 0.436791 0.293977 1.50977 222811
7 0.437925 0.295092 1.50834 222845
7 0.439167 0.295434 1.50469 222878
7 0.440613 0.294658 1.49937 222911
7 0.44421 0.29565 1.49506 222945
7 0.451954 0.29539 1.48912 222978
7 0.460065 0.294197 1.48232 223010
7 0.46929 0.294099 1.47398 223043
7 0.480226 0.293819 1.46597 223075
7 0.492061 0.295023 1.45917 223110
7 0.505967 0.294874 1.45256 223143
7 0.520439 0.295013 1.4512 223176
7 0.534979 0.292393 1.44894 223208
7 0.547746 0.290573 1.44947 223240
7 0.561068 0.28772 1.4511 223273
7 0.573155 0.283912 1.45627 223305
7 0.583595 0.281759 1.46289 223339
7 0.591913 0.280718 1.47044 223371
7 0.599263 0.280042 1.47614 223403
7 0.602487 0.280373 1.47795 223437
7 0.602632 0.281538 1.482 223471
7 0.600711 0.285741 1.48425 223504
7 0.594859 0.290876 1.48271 223538
7 0.588432 0.297775 1.48202 223571
7 0.580146 0.306367 1.48238 223605
7 0.571863 0.313893 1.48176 223639
7 0.563203 0.323681 1.48601 223672
7 0.55317 0.335173 1.48855 223705
7 0.542654 0.346534 1.49561 223739
7 0.531637 0.358216 1.49843 223774
7 0.52073 0.36993 1.50471 223807
7 0.511289 0.379554 1.51171 223840
7 0.502019 0.387836 1.52062 223874
7 0.495561 0.394237 1.52725 223906
7 0.488395 0.400768 1.53167 223939
7 0.484072 0.404385 1.5363 223973
7 0.48161 0.407422 1.53999 224006
7 0.480699 0.408893 1.54103 224040
7 0.484002 0.410446 1.54252 224072
7 0.486856 0.411794 1.54247 224105
7 0.493038 0.413227 1.54162 224138
7 0.500827 0.415267 1.53622 224171
7 0.509741 0.415667 1.53585 224205
7 0.520486 0.418245 1.53495 224239
7 0.53187 0.42068 1.53516 224272
7 0.543011 0.421627 1.5384 224306
7 0.555398 0.424035 1.5416 224339
7 0.567339 0.425734 1.54882 224373
7 0.578629 0.42795 1.55441 224407
7 0.587789 0.430258 1.55988 224440
7 0.594875 0.432864 1.56267 224473
7 0.600434 0.434756 1.56193 224507

8 0.437931 0.287443 1.50198 225612
8 0.440312 0.286554 1.50197 225645
8 0.445081 0.284115 1.49866 225678
8 0.448973 0.282237 1.49441 225711
8 0.4549 0.28179 1.48787 225745
8 0.462839 0.279865 1.48262 225778
8 0.474107 0.279519 1.47605 225812
8 0.4876 0.277284 1.46964 225847
8 0.50012 0.275418 1.46366 225879
8 0.513408 0.272324 1.4576 225912
8 0.528804 0.270196 1.45863 225946
8 0.543873 0.269111 1.46006 225980
8 0.558151 0.26755 1.46237 226014
8 0.571775 0.265172 1.47022 226048
8 0.583771 0.264617 1.4773 226081
8 0.596541 0.264472 1.48475 226114
8 0.603809 0.264622 1.49276 226147
8 0.607725 0.264997 1.4987 226179
8 0.609573 0.268224 1.5025 226213
8 0.606279 0.271131 1.50448 226246
8 0.601955 0.274953 1.50079 226279
8 0.596393 0.281448 1.5003 226312
8 0.586691 0.289053 1.4992 226346
8 0.576341 0.299134 1.4974 226380
8 0.566727 0.309857 1.49726 226413
8 0.554346 0.323242 1.49997 226447
8 0.542247 0.335051 1.49978 226480
8 0.530894 0.347517 1.50425 226513
8 0.520142 0.358847 1.50812 226547
8 0.51076 0.36957 1.51472 226579
8 0.50194 0.377762 1.51995 226614
8 0.496039 0.383423 1.52713 226647
8 0.488825 0.388593 1.5277 226680
8 0.484998 0.391283 1.52819 226713
8 0.482887 0.39294 1.52998 226748
8 0.486046 0.393479 1.52903 226781
8 0.488928 0.394226 1.52812 226814
8 0.494867 0.394575 1.52388 226846
8 0.502113 0.394785 1.51946 226880
8 0.510663 0.394978 1.51521 226914
8 0.520358 0.395055 1.51379 226947
8 0.530273 0.395019 1.51609 226982
8 0.540541 0.396607 1.5195 227015
8 0.55209 0.397386 1.52586 227049
8 0.563506 0.398918 1.53213 227082
8 0.575892 0.401548 1.5373 227114
8 0.587218 0.404301 1.54332 227148
8 0.596831 0.407431 1.55112 227180
8 0.606339 0.410172 1.56085 227212
8 0.613371 0.413579 1.56844 227246
8 0.617709 0.416205 1.56886 227279

9 0.433025 0.280207 1.50125 228446
9 0.432459 0.27877 1.50149 228479
9 0.434584 0.275866 1.49729 228512
9 0.438302 0.275924 1.4964 228545
9 0.44394 0.277284 1.49686 228578
9 0.450961 0.277118 1.49302 228611
9 0.46015 0.27698 1.48732 228644
9 0.470327 0.277051 1.48137 228678
9 0.483077 0.277893 1.47601 228712
9 0.496 0.279203 1.46927 228746
9 0.508654 0.279375 1.46476 228779
9 0.520798 0.279653 1.4619 228812
9 0.533285 0.280445 1.46107 228845
9 0.544908 0.280352 1.45909 228878
9 0.555695 0.279975 1.46238 228912
9 0.565447 0.280747 1.46658 228946
9 0.575149 0.28056 1.46922 228979
9 0.581408 0.280013 1.4705 229013
9 0.584391 0.280306 1.47296 229047
9 0.583993 0.284256 1.47782 229081
9 0.581952 0.287322 1.48055 229114
9 0.578153 0.289338 1.48131 229148
9 0.571466 0.292522 1.48211 229182
9 0.564174 0.298918 1.48474 229217
9 0.555463 0.306559 1.48584 229251
9 0.545002 0.315498 1.48558 229285
9 0.5345 0.324174 1.4883 229319
9 0.523964 0.332763 1.492 229352
9 0.513974 0.339879 1.49818 229385
9 0.506544 0.348285 1.5061 229417
9 0.498462 0.355637 1.51411 229451
9 0.490614 0.361944 1.52299 229484
9 0.48405 0.367967 1.52888 229517
9 0.478625 0.375804 1.53399 229550
9 0.474711 0.380955 1.53887 229584
9 0.472712 0.385321 1.54032 229619
9 0.471149 0.388885 1.54045 229651
9 0.474549 0.391387 1.5389 229684
9 0.481454 0.392373 1.53563 229717
9 0.487015 0.393315 1.53206 229752
9 0.494562 0.393326 1.52626 229785
9 0.506308 0.39445 1.51975 229819
9 0.517858 0.395183 1.51756 229852
9 0.530848 0.397108 1.52062 229885
9 0.544973 0.399672 1.52992 229918
9 0.559748 0.40109 1.53398 229950
9 0.575137 0.402345 1.54079 229984
9 0.588018 0.402612 1.54825 230016
9 0.601678 0.401746 1.5561 230049
9 0.614019 0.401524 1.56268 230082
9 0.622782 0.401733 1.56732 230115
9 0.6299 0.404205 1.57271 230150

