Gesto: 2
0 0.459023 0.0808683 2.31876 375592
0 0.458957 0.081133 2.31942 375626
0 0.459663 0.0813541 2.31982 375659
0 0.459383 0.081966 2.31689 375693
0 0.46005 0.0820271 2.31704 375727
0 0.462678 0.0799791 2.31771 375760
0 0.466505 0.0797948 2.32178 375793
0 0.471251 0.0799741 2.32016 375827
0 0.474038 0.079801 2.31789 375861
0 0.482086 0.0796732 2.31415 375894
0 0.489577 0.0838165 2.30801 375928
0 0.496508 0.0844012 2.30461 375962
0 0.505479 0.0881321 2.29691 375995
0 0.510292 0.0905933 2.29434 376029
0 0.516715 0.0959341 2.29548 376062
0 0.523997 0.0987084 2.30159 376094
0 0.527369 0.104481 2.29752 376128
0 0.529545 0.108608 2.2962 376163
0 0.530433 0.116515 2.29038 376196
0 0.530282 0.121212 2.28645 376230
0 0.526611 0.125784 2.28009 376247
0 0.520649 0.135157 2.2827 376298
0 0.511699 0.144721 2.27557 376315
0 0.501449 0.156211 2.27782 376349
0 0.491328 0.163604 2.28076 376383
0 0.480233 0.171619 2.28249 376416
0 0.471852 0.181419 2.28367 376466
0 0.466846 0.189411 2.29029 376482
0 0.457328 0.199658 2.29279 376515
0 0.450232 0.207471 2.2903 376566
0 0.446157 0.219627 2.28515 376582
0 0.444187 0.225732 2.28983 376615
0 0.442578 0.23882 2.28856 376650
0 0.442823 0.246949 2.28521 376684
0 0.44507 0.246355 2.29055 376718
0 0.447356 0.244442 2.28589 376751
0 0.45324 0.240419 2.28494 376785
0 0.458047 0.238954 2.27683 376818
0 0.467846 0.23745 2.26988 376852
0 0.475896 0.230028 2.27443 376886
0 0.487643 0.225318 2.2699 376918
0 0.499894 0.220608 2.26163 376952
0 0.513891 0.217515 2.26075 376983
0 0.529694 0.211382 2.26025 377015
0 0.54333 0.211826 2.266 377064
0 0.555028 0.207153 2.27677 377099
0 0.569454 0.209885 2.27876 377116
0 0.578243 0.211284 2.27864 377167
0 0.589412 0.211349 2.28927 377183
0 0.593237 0.214812 2.29092 377217
0 0.596532 0.214925 2.29354 377251

1 0.119683 0.365731 2.5023 380130
1 0.12122 0.363814 2.49404 380164
1 0.127347 0.37061 2.47394 380198
1 0.136247 0.37299 2.46037 380232
1 0.139967 0.373369 2.45754 380266
1 0.145408 0.372073 2.44637 380300
1 0.156045 0.366811 2.42599 380318
1 0.165504 0.361259 2.40158 380368
1 0.175827 0.356864 2.36571 380401
1 0.190332 0.352916 2.34052 380434
1 0.210722 0.344437 2.3235 380467
1 0.23884 0.349392 2.29754 380501
1 0.25857 0.345992 2.26952 380518
1 0.281395 0.341531 2.24946 380569
1 0.300909 0.341515 2.23505 380585
1 0.317638 0.34204 2.23548 380619
1 0.333865 0.342325 2.23531 380669
1 0.34251 0.342573 2.23116 380686
1 0.348188 0.346194 2.23737 380720
1 0.348951 0.353244 2.24459 380769
1 0.344998 0.36063 2.25277 380786
1 0.335335 0.370074 2.25778 380817
1 0.32681 0.377436 2.25854 380868
1 0.316669 0.388539 2.26153 380902
1 0.302502 0.404905 2.26659 380919
1 0.291424 0.418632 2.27196 380954
1 0.277118 0.438619 2.29778 380987
1 0.265322 0.455746 2.31277 381020
1 0.253859 0.472772 2.34078 381069
1 0.241831 0.494076 2.37091 381086
1 0.235351 0.509177 2.38636 381120
1 0.228776 0.521625 2.40131 381168
1 0.224823 0.534453 2.42614 381201
1 0.226349 0.54692 2.45549 381235
1 0.222899 0.555143 2.47867 381268
1 0.223636 0.557665 2.49339 381285
1 0.226753 0.567577 2.50915 381334
1 0.226771 0.575637 2.50972 381368
1 0.225856 0.579924 2.51761 381385
1 0.224578 0.58477 2.53448 381433
1 0.225245 0.587621 2.53331 381467
1 0.226867 0.589535 2.53482 381500
1 0.233099 0.587796 2.53541 381535
1 0.234404 0.59615 2.54383 381568
1 0.238516 0.59069 2.52235 381584
1 0.243023 0.587523 2.50746 381636
1 0.248579 0.587981 2.48963 381669
1 0.256724 0.585895 2.46979 381701
1 0.277488 0.586892 2.44537 381734
1 0.298856 0.584429 2.41196 381767
1 0.325415 0.579253 2.39073 381800
1 0.357137 0.572101 2.36435 381834
1 0.391152 0.567703 2.3348 381869
1 0.423276 0.563681 2.32087 381885
1 0.448241 0.559966 2.31631 381936
1 0.473726 0.554751 2.31963 381968
1 0.500021 0.55044 2.32654 381985
1 0.519489 0.548475 2.33052 382035
1 0.535939 0.546494 2.3352 382070
1 0.547881 0.543224 2.34613 382087
1 0.554131 0.546069 2.35065 382138
1 0.558583 0.545066 2.36225 382154

2 0.665978 0.270773 2.29911 384332
2 0.665334 0.273857 2.29367 384365
2 0.666231 0.274843 2.2884 384398
2 0.6703 0.270731 2.27995 384432
2 0.67402 0.271467 2.28759 384466
2 0.685155 0.27412 2.29088 384498
2 0.697285 0.274368 2.30009 384530
2 0.710549 0.271294 2.2987 384563
2 0.72116 0.272244 2.30505 384597
2 0.73552 0.274268 2.31507 384630
2 0.749798 0.278933 2.32805 384665
2 0.760717 0.285045 2.34369 384697
2 0.770659 0.287778 2.35366 384731
2 0.778555 0.288185 2.3646 384765
2 0.786115 0.290465 2.37739 384799
2 0.790393 0.291644 2.38599 384833
2 0.791964 0.292236 2.38471 384867
2 0.791811 0.300427 2.38354 384900
2 0.784168 0.306744 2.37791 384933
2 0.779194 0.311181 2.36822 384967
2 0.768107 0.320181 2.36227 385000
2 0.758829 0.33549 2.34546 385034
2 0.740896 0.346518 2.32676 385067
2 0.722133 0.360552 2.32321 385101
2 0.7021 0.382433 2.32077 385135
2 0.683585 0.401367 2.31578 385169
2 0.658852 0.419776 2.32127 385203
2 0.63833 0.439041 2.34272 385236
2 0.618509 0.4517 2.34044 385267
2 0.602334 0.46491 2.35214 385301
2 0.590189 0.475082 2.3691 385335
2 0.581263 0.482473 2.38085 385367
2 0.575238 0.486606 2.38211 385401
2 0.570948 0.487483 2.39151 385435
2 0.567724 0.488097 2.40058 385467
2 0.567903 0.491722 2.40225 385502
2 0.572522 0.494206 2.39844 385535
2 0.579137 0.494508 2.38773 385569
2 0.594768 0.495351 2.38494 385603
2 0.609762 0.493976 2.38748 385636
2 0.631221 0.491578 2.37575 385669
2 0.649931 0.490339 2.37363 385702
2 0.672282 0.495006 2.37553 385735
2 0.695655 0.49493 2.38293 385769
2 0.717044 0.494716 2.3925 385802
2 0.735943 0.497006 2.40336 385837
2 0.757083 0.49339 2.43092 385869
2 0.770241 0.491867 2.45073 385903
2 0.783082 0.488768 2.46964 385936
2 0.795425 0.488715 2.49791 385969
2 0.804074 0.488961 2.52311 386002
2 0.808522 0.48905 2.53775 386036
2 0.810279 0.48936 2.54484 386070
2 0.813529 0.489081 2.56484 386104
2 0.816023 0.488836 2.58226 386137
2 0.817915 0.488825 2.59448 386170
2 0.816291 0.495583 2.59855 386203
2 0.817052 0.498484 2.6003 386237
2 0.816492 0.500333 2.61267 386270

3 0.505663 0.592339 2.51241 388226
3 0.508317 0.593478 2.51844 388275
3 0.510151 0.595801 2.52356 388306
3 0.517796 0.601771 2.52192 388340
3 0.522798 0.601945 2.53392 388374
3 0.531626 0.606222 2.54506 388407
3 0.544645 0.615474 2.55615 388441
3 0.563006 0.619743 2.55958 388475
3 0.580797 0.623407 2.56801 388492
3 0.597649 0.626851 2.56895 388544
3 0.613561 0.631107 2.56545 388560
3 0.631029 0.634358 2.56633 388594
3 0.642799 0.637778 2.56835 388643
3 0.654799 0.644035 2.5685 388660
3 0.664812 0.639377 2.56663 388694
3 0.670613 0.641636 2.5784 388728
3 0.672608 0.64756 2.58517 388762
3 0.672731 0.645215 2.57617 388796
3 0.674517 0.6446 2.58311 388830
3 0.667363 0.654168 2.57601 388864
3 0.663742 0.651924 2.59534 388898
3 0.652634 0.659605 2.60809 388929
3 0.636225 0.664699 2.61286 388963
3 0.620671 0.676053 2.62748 388998
3 0.603159 0.683068 2.62953 389031
3 0.590601 0.68719 2.62534 389065
3 0.579792 0.689831 2.62504 389100
3 0.563814 0.697682 2.63789 389132
3 0.551412 0.702639 2.64338 389165
3 0.540682 0.70029 2.65721 389197
3 0.536431 0.705725 2.66538 389231
3 0.527542 0.702411 2.67643 389264
3 0.520917 0.706069 2.69915 389298
3 0.510297 0.706329 2.71898 389330
3 0.50488 0.707022 2.73201 389365
3 0.504126 0.702144 2.73508 389398
3 0.501383 0.705147 2.7294 389432
3 0.502028 0.705901 2.7311 389465
3 0.507526 0.70219 2.74073 389499
3 0.508238 0.708566 2.73737 389533
3 0.508769 0.714344 2.73403 389567
3 0.516341 0.723932 2.72234 389600
3 0.527879 0.731793 2.70242 389634
3 0.541259 0.745011 2.70037 389667
3 0.55951 0.75458 2.69556 389700
3 0.575901 0.763061 2.70517 389732
3 0.598827 0.77743 2.71538 389765
3 0.620379 0.787188 2.73646 389798
3 0.641423 0.792328 2.75446 389829
3 0.656028 0.794922 2.76633 389862
3 0.671072 0.798836 2.78824 389896
3 0.681542 0.799953 2.80338 389928
3 0.692549 0.799389 2.82432 389960
3 0.703069 0.806049 2.863 390010
3 0.708909 0.800205 2.87604 390027
3 0.711827 0.798385 2.89321 390059
3 0.711552 0.796492 2.8929 390108
3 0.712122 0.796904 2.9066 390142

4 0.485966 0.223316 2.45525 392232
4 0.48668 0.22187 2.45705 392265
4 0.486534 0.221252 2.45404 392297
4 0.486199 0.221391 2.44766 392330
4 0.487842 0.218206 2.44695 392363
4 0.489496 0.216622 2.4497 392397
4 0.492706 0.219182 2.44432 392431
4 0.499169 0.218362 2.44299 392465
4 0.499016 0.216737 2.43715 392499
4 0.502479 0.217387 2.42995 392532
4 0.506424 0.220419 2.42612 392565
4 0.508825 0.222898 2.42446 392597
4 0.507685 0.230643 2.41886 392631
4 0.506952 0.236059 2.41542 392665
4 0.506089 0.23916 2.41454 392700
4 0.502063 0.244851 2.4186 392734
4 0.501973 0.252608 2.42307 392766
4 0.499938 0.259589 2.42885 392800
4 0.497849 0.264969 2.43067 392833
4 0.497276 0.266743 2.43207 392867
4 0.496599 0.267095 2.4391 392901
4 0.4962 0.267352 2.44322 392935
4 0.497254 0.267366 2.44263 392967
4 0.49719 0.26927 2.43116 392999
4 0.496916 0.2695 2.42365 393032
4 0.499709 0.267545 2.42442 393066
4 0.504911 0.268244 2.41964 393098
4 0.509064 0.268012 2.4215 393132
4 0.514933 0.260001 2.41218 393166
4 0.518395 0.259677 2.40578 393199
4 0.526854 0.254354 2.40153 393233
4 0.535604 0.251882 2.40564 393267
4 0.541164 0.250828 2.40657 393300
4 0.545512 0.249609 2.41142 393332
4 0.549629 0.247679 2.41386 393367
4 0.551483 0.247055 2.41035 393399
4 0.552426 0.246833 2.40835 393432
4 0.553045 0.246078 2.40983 393466

5 0.557399 0.151023 2.41344 395035
5 0.556298 0.150981 2.41431 395069
5 0.556895 0.150775 2.41209 395102
5 0.555076 0.153119 2.4092 395135
5 0.556266 0.152037 2.41202 395169
5 0.556805 0.152832 2.40444 395200
5 0.560844 0.154677 2.40849 395235
5 0.5659 0.154472 2.41033 395267
5 0.568346 0.154243 2.4087 395301
5 0.576165 0.147589 2.41231 395334
5 0.583285 0.141245 2.4064 395367
5 0.587758 0.144454 2.40544 395400
5 0.590042 0.146858 2.41005 395433
5 0.594306 0.148293 2.40718 395468
5 0.5948 0.150767 2.40669 395502
5 0.595533 0.15244 2.40865 395535
5 0.595906 0.154068 2.41128 395568
5 0.594145 0.153102 2.41185 395601
5 0.593339 0.1603 2.41726 395634
5 0.591331 0.167461 2.41509 395667
5 0.588454 0.173076 2.41884 395700
5 0.582618 0.182353 2.42231 395733
5 0.578276 0.188752 2.41936 395767
5 0.576306 0.191848 2.41705 395801
5 0.574941 0.19371 2.42135 395835
5 0.570929 0.197914 2.42319 395868
5 0.571533 0.205193 2.42873 395901
5 0.566528 0.20783 2.42453 395936
5 0.563888 0.207394 2.41557 395970
5 0.561374 0.210708 2.41127 396004
5 0.5618 0.211861 2.41601 396038
5 0.564549 0.215628 2.41701 396071
5 0.569045 0.215319 2.42397 396105
5 0.571424 0.215846 2.42129 396137
5 0.574556 0.210785 2.41997 396168
5 0.579142 0.205604 2.41352 396202
5 0.583398 0.202195 2.41174 396235
5 0.587848 0.198865 2.40911 396269
5 0.589809 0.197692 2.4033 396302
5 0.600569 0.189357 2.40587 396337
5 0.608694 0.185582 2.41208 396370
5 0.616121 0.18113 2.41329 396404
5 0.621794 0.176604 2.41987 396436
5 0.628735 0.17759 2.42195 396468
5 0.635198 0.176765 2.4253 396501
5 0.638468 0.175586 2.42107 396534
5 0.640972 0.175355 2.41346 396568
5 0.642244 0.173664 2.41553 396602
5 0.643707 0.16789 2.40396 396635

6 0.642989 0.0802668 2.44007 398139
6 0.642455 0.0808195 2.43949 398173
6 0.639425 0.0844166 2.43245 398207
6 0.633141 0.0860124 2.4206 398240
6 0.633923 0.0880458 2.42327 398274
6 0.634638 0.0897407 2.42364 398307
6 0.639166 0.086694 2.4267 398341
6 0.641433 0.0847409 2.4254 398373
6 0.64469 0.0853738 2.42614 398407
6 0.651783 0.0840702 2.43155 398440
6 0.65708 0.0818521 2.43795 398474
6 0.660195 0.0793478 2.44729 398507
6 0.668993 0.0796786 2.44267 398540
6 0.675351 0.0771938 2.45692 398575
6 0.67829 0.0769299 2.4587 398609
6 0.683363 0.0789529 2.46708 398643
6 0.687886 0.0791328 2.47475 398677
6 0.690326 0.0787411 2.4783 398711
6 0.687766 0.0773461 2.47807 398745
6 0.687102 0.0767985 2.47836 398778
6 0.684509 0.0847014 2.47249 398810
6 0.684315 0.0845432 2.46742 398844
6 0.681513 0.0913913 2.45666 398875
6 0.677085 0.0989304 2.45262 398908
6 0.674078 0.105018 2.44546 398943
6 0.672146 0.106885 2.44493 398976
6 0.669241 0.106101 2.45153 399011
6 0.665249 0.113754 2.44301 399044
6 0.663212 0.118278 2.44357 399077
6 0.662224 0.121096 2.44378 399110
6 0.661404 0.123156 2.44127 399144
6 0.660805 0.124613 2.43698 399178
6 0.659929 0.126439 2.42443 399212
6 0.655332 0.127752 2.41987 399246
6 0.652912 0.13812 2.42329 399279
6 0.652399 0.146893 2.42433 399312
6 0.652508 0.151944 2.42869 399345
6 0.652375 0.15407 2.43122 399378
6 0.65293 0.154185 2.44034 399411
6 0.652881 0.15644 2.4388 399445
6 0.652646 0.155983 2.44104 399479
6 0.652237 0.154914 2.43831 399513
6 0.654249 0.155641 2.4395 399546
6 0.655132 0.154016 2.44209 399578
6 0.657849 0.151269 2.43991 399610
6 0.659455 0.149505 2.4419 399643
6 0.662492 0.143093 2.44267 399676
6 0.665176 0.139742 2.4396 399709
6 0.671217 0.13293 2.4396 399742
6 0.679468 0.130129 2.45246 399776
6 0.688954 0.125904 2.4635 399809
6 0.697952 0.11851 2.46807 399842
6 0.705565 0.111388 2.4809 399876
6 0.713775 0.105718 2.48888 399909
6 0.71896 0.101673 2.48901 399943
6 0.728711 0.101174 2.49068 399977
6 0.733299 0.106213 2.49764 400012
6 0.735491 0.111296 2.49947 400043
6 0.739139 0.114098 2.51045 400075

7 0.289238 0.122083 2.51087 403572
7 0.28753 0.122232 2.50986 403604
7 0.285878 0.121952 2.51343 403656
7 0.290513 0.118915 2.51226 403672
7 0.297414 0.11412 2.49789 403706
7 0.306756 0.106257 2.49049 403754
7 0.319153 0.0943443 2.48182 403771
7 0.330412 0.0846322 2.47344 403804
7 0.350424 0.0806906 2.45502 403853
7 0.360955 0.0786564 2.45261 403888
7 0.374521 0.0776884 2.44885 403921
7 0.381439 0.0775333 2.4496 403954
7 0.383745 0.0829557 2.43131 403971
7 0.383269 0.0903683 2.43964 404022
7 0.383191 0.0958088 2.45027 404039
7 0.37986 0.109293 2.45749 404071
7 0.375001 0.116606 2.45926 404122
7 0.371673 0.127641 2.46668 404140
7 0.368403 0.137281 2.46912 404173
7 0.365846 0.142486 2.46942 404223
7 0.361138 0.154843 2.47867 404240
7 0.357022 0.169953 2.48102 404274
7 0.3536 0.177378 2.49368 404307
7 0.351305 0.191367 2.5022 404342
7 0.350625 0.199946 2.50264 404374
7 0.350151 0.204066 2.50574 404408
7 0.350805 0.205906 2.50757 404442
7 0.35814 0.206717 2.50037 404474
7 0.363137 0.208279 2.4928 404523
7 0.36573 0.199971 2.49934 404540
7 0.374768 0.194098 2.49263 404574
7 0.380507 0.190262 2.49083 404607
7 0.389872 0.18149 2.48711 404642
7 0.396976 0.175116 2.4757 404675
7 0.402717 0.169243 2.47533 404708
7 0.413623 0.161172 2.47213 404741
7 0.42576 0.152092 2.47689 404776
7 0.435219 0.147107 2.47865 404808
7 0.446132 0.13668 2.47022 404841
7 0.455002 0.132521 2.469 404875
7 0.463727 0.127455 2.47096 404908
7 0.468655 0.124497 2.46877 404940

8 0.718985 0.605576 2.50483 412051
8 0.720019 0.605531 2.51208 412085
8 0.719924 0.606283 2.508 412119
8 0.720859 0.605526 2.5159 412152
8 0.722067 0.606648 2.52212 412184
8 0.729788 0.606545 2.53626 412218
8 0.734647 0.60641 2.54544 412250
8 0.742431 0.604481 2.54479 412283
8 0.750589 0.606197 2.55484 412317
8 0.761137 0.604137 2.56215 412351
8 0.775444 0.603627 2.57486 412385
8 0.787384 0.594955 2.58629 412418
8 0.800469 0.588448 2.60974 412450
8 0.808165 0.584857 2.62003 412484
8 0.813007 0.58118 2.63553 412517
8 0.819889 0.574787 2.65364 412549
8 0.824212 0.569791 2.6705 412582
8 0.827267 0.567854 2.67472 412616
8 0.834487 0.563417 2.68108 412649
8 0.834435 0.563114 2.68998 412681
8 0.833646 0.564155 2.6888 412715
8 0.832424 0.564829 2.68336 412747
8 0.831026 0.569622 2.68214 412797
8 0.827969 0.575808 2.6825 412815
8 0.820419 0.582345 2.68044 412848
8 0.819856 0.583353 2.68016 412881
8 0.814038 0.593103 2.68386 412913
8 0.803503 0.60361 2.67648 412947
8 0.79623 0.605651 2.68259 412981
8 0.785746 0.610108 2.67843 413014
8 0.777111 0.616287 2.67627 413047
8 0.77179 0.625221 2.68696 413081
8 0.76342 0.632812 2.68227 413115
8 0.751062 0.637877 2.67922 413149
8 0.741841 0.641984 2.67948 413183
8 0.728633 0.649664 2.68355 413216
8 0.719016 0.654227 2.68165 413249
8 0.708509 0.660323 2.6846 413281
8 0.70048 0.665431 2.68212 413314
8 0.690139 0.668881 2.6848 413348
8 0.682141 0.675461 2.69597 413381
8 0.677455 0.674855 2.6924 413415
8 0.67712 0.674647 2.69264 413449
8 0.675576 0.679134 2.69577 413482
8 0.676733 0.684409 2.69234 413515
8 0.676414 0.679039 2.68544 413550
8 0.677613 0.683775 2.69021 413583
8 0.686381 0.686103 2.68736 413617
8 0.692246 0.68818 2.69249 413652
8 0.694919 0.689603 2.69444 413685
8 0.70204 0.692467 2.69749 413718
8 0.716922 0.692867 2.71167 413751
8 0.727188 0.69334 2.72427 413785
8 0.739483 0.696289 2.74164 413819
8 0.748059 0.698511 2.75241 413852
8 0.761255 0.701553 2.7683 413886
8 0.77255 0.704545 2.78852 413918
8 0.778831 0.705981 2.79346 413951
8 0.782832 0.706325 2.8059 413984
8 0.785281 0.707049 2.81637 414017
8 0.78647 0.714345 2.82533 414051
8 0.786899 0.719765 2.85305 414085
8 0.79002 0.723893 2.8841 414118
8 0.790281 0.72875 2.8744 414151
8 0.784918 0.73469 2.88007 414185
8 0.788909 0.737717 2.88401 414218
8 0.792289 0.739011 2.88326 414250

9 0.446919 0.376705 2.29024 417020
9 0.445744 0.376524 2.28386 417054
9 0.444836 0.37634 2.28007 417087
9 0.450347 0.376149 2.2844 417121
9 0.453155 0.378788 2.29029 417154
9 0.455453 0.38083 2.28346 417188
9 0.462057 0.381632 2.29619 417222
9 0.467897 0.382779 2.29237 417256
9 0.470955 0.382782 2.2838 417291
9 0.472405 0.381681 2.27826 417324
9 0.478476 0.381241 2.27264 417358
9 0.481993 0.381366 2.26465 417391
9 0.487588 0.387952 2.28563 417425
9 0.488991 0.394162 2.29771 417459
9 0.489858 0.397168 2.30125 417494
9 0.4898 0.399899 2.30654 417527
9 0.489396 0.401845 2.30219 417561
9 0.489204 0.401778 2.30339 417595
9 0.484704 0.404756 2.30854 417629
9 0.484597 0.406258 2.31041 417661
9 0.481885 0.40663 2.31088 417695
9 0.47714 0.413471 2.31951 417728
9 0.470918 0.416554 2.32055 417761
9 0.466064 0.418465 2.32692 417794
9 0.46687 0.420932 2.3337 417827
9 0.464185 0.427106 2.33836 417862
9 0.460813 0.435676 2.33832 417895
9 0.459399 0.440662 2.34103 417927
9 0.457895 0.44414 2.34492 417960
9 0.451799 0.447101 2.34265 417994
9 0.44711 0.451086 2.34319 418027
9 0.44665 0.449779 2.3472 418060
9 0.44564 0.452564 2.34807 418093
9 0.443762 0.455954 2.35761 418126
9 0.443034 0.457949 2.35999 418160
9 0.443653 0.460159 2.3637 418195
9 0.44481 0.460976 2.36629 418228
9 0.445757 0.46146 2.35382 418261
9 0.450597 0.459549 2.3492 418294
9 0.454245 0.459137 2.35511 418328
9 0.457295 0.46111 2.34988 418361
9 0.464968 0.460976 2.34909 418395
9 0.470223 0.461852 2.3458 418430
9 0.478513 0.463519 2.34429 418462
9 0.485648 0.461978 2.34327 418495
9 0.491383 0.463386 2.34457 418530
9 0.499911 0.464184 2.33383 418563
9 0.503959 0.46343 2.32968 418595
9 0.509989 0.463645 2.32718 418629
9 0.511798 0.464579 2.32577 418662

