Gesto: 3
0 0.455896 0.117823 2.25788 428868
0 0.457552 0.116004 2.25757 428902
0 0.459101 0.11535 2.25692 428936
0 0.460134 0.115132 2.25594 428969
0 0.460553 0.114933 2.25622 429003
0 0.4628 0.112977 2.25631 429037
0 0.469091 0.102591 2.26723 429071
0 0.473257 0.0967032 2.26865 429104
0 0.482011 0.0925135 2.26857 429138
0 0.489727 0.0905807 2.26832 429172
0 0.499447 0.0913869 2.26154 429205
0 0.506752 0.0951022 2.25622 429238
0 0.514863 0.100203 2.26534 429272
0 0.522797 0.108129 2.2645 429306
0 0.53401 0.116849 2.26982 429340
0 0.540436 0.126868 2.26673 429373
0 0.546141 0.139637 2.26003 429407
0 0.54789 0.150168 2.25409 429441
0 0.544741 0.16242 2.25074 429475
0 0.539522 0.174068 2.23998 429493
0 0.534395 0.181213 2.23665 429543
0 0.528132 0.19061 2.22754 429560
0 0.518817 0.197328 2.22196 429594
0 0.510729 0.202558 2.20853 429628
0 0.504762 0.197685 2.2168 429661
0 0.500037 0.19435 2.22185 429694
0 0.496008 0.188742 2.22515 429744
0 0.494665 0.185466 2.22538 429762
0 0.494092 0.18327 2.22882 429795
0 0.497984 0.175901 2.23497 429829
0 0.501461 0.170304 2.23755 429863
0 0.505474 0.165081 2.23917 429896
0 0.509497 0.164654 2.2389 429930
0 0.516046 0.169539 2.23929 429965
0 0.524726 0.173392 2.2434 429999
0 0.531804 0.174423 2.25038 430033
0 0.54058 0.176851 2.25732 430066
0 0.547449 0.183929 2.25973 430099
0 0.552809 0.190775 2.26828 430133
0 0.557199 0.202584 2.27485 430167
0 0.560513 0.218692 2.27811 430201
0 0.558817 0.23589 2.2755 430235
0 0.559216 0.254645 2.26976 430269
0 0.558375 0.269531 2.2658 430302
0 0.556008 0.284213 2.25095 430334
0 0.549519 0.293882 2.23645 430365
0 0.539237 0.309389 2.23638 430399
0 0.529817 0.325155 2.2437 430431
0 0.517435 0.334554 2.24554 430465
0 0.506491 0.340689 2.24412 430496
0 0.498406 0.342629 2.24275 430529
0 0.487401 0.343877 2.2377 430563
0 0.473646 0.339886 2.23064 430596
0 0.464824 0.334556 2.23078 430629
0 0.457083 0.326738 2.22381 430662
0 0.452311 0.31755 2.22281 430712
0 0.447561 0.305923 2.22032 430728
0 0.446147 0.295656 2.2228 430761
0 0.445012 0.289376 2.22943 430810
0 0.445449 0.286711 2.23139 430842

1 0.610419 0.149952 2.24318 433540
1 0.612417 0.15212 2.25051 433575
1 0.612579 0.150298 2.24676 433608
1 0.613459 0.146702 2.24556 433642
1 0.61509 0.142165 2.24409 433676
1 0.62348 0.145974 2.24759 433709
1 0.629326 0.150865 2.2485 433743
1 0.634406 0.156805 2.24661 433777
1 0.640783 0.156876 2.25169 433811
1 0.643367 0.165047 2.25074 433846
1 0.643876 0.171573 2.24852 433879
1 0.641185 0.178868 2.23942 433914
1 0.637875 0.180845 2.23214 433947
1 0.633494 0.183527 2.22846 433964
1 0.631338 0.183428 2.22824 434015
1 0.628836 0.185142 2.22681 434031
1 0.625964 0.186965 2.22383 434064
1 0.624179 0.187276 2.22594 434115
1 0.623505 0.187033 2.22926 434132
1 0.626244 0.185146 2.2248 434166
1 0.628519 0.183681 2.22644 434216
1 0.630574 0.181251 2.23402 434232
1 0.631213 0.181051 2.22886 434264
1 0.634621 0.183152 2.2265 434314
1 0.636942 0.183833 2.23523 434331
1 0.639889 0.184994 2.23641 434364
1 0.642527 0.190636 2.23997 434413
1 0.643869 0.19447 2.24447 434447
1 0.645528 0.196854 2.23987 434463
1 0.64595 0.198571 2.23973 434513
1 0.645551 0.207341 2.24061 434531
1 0.64457 0.214369 2.23599 434563
1 0.641699 0.220604 2.23357 434613
1 0.639945 0.224748 2.23082 434648
1 0.63772 0.226833 2.22869 434664
1 0.634019 0.233103 2.22497 434712
1 0.629978 0.238907 2.22469 434746
1 0.622723 0.242272 2.22048 434778
1 0.616407 0.24482 2.21959 434810
1 0.609083 0.246658 2.20941 434843
1 0.604527 0.246471 2.20449 434875
1 0.599915 0.241848 2.19564 434909
1 0.594453 0.238672 2.18892 434943
1 0.593687 0.235331 2.19296 434976
1 0.589405 0.23279 2.18775 435007
1 0.586918 0.230487 2.18597 435040
1 0.585626 0.229624 2.18274 435074
1 0.585206 0.22908 2.18364 435107
1 0.584687 0.228897 2.18441 435139

2 0.676209 0.0836883 2.23605 437813
2 0.676249 0.0855717 2.22161 437846
2 0.676836 0.0846067 2.22236 437879
2 0.678771 0.0822008 2.2198 437912
2 0.683623 0.0813037 2.22113 437945
2 0.688811 0.0784999 2.22805 437979
2 0.692423 0.0773451 2.23204 438012
2 0.700656 0.0752574 2.24114 438045
2 0.711012 0.0751257 2.24343 438078
2 0.717797 0.0765893 2.24647 438112
2 0.726747 0.077257 2.25286 438145
2 0.737039 0.0819311 2.26211 438179
2 0.747702 0.085614 2.26847 438212
2 0.753329 0.0913013 2.26634 438244
2 0.761023 0.101603 2.26788 438277
2 0.765965 0.113437 2.27232 438312
2 0.771455 0.121706 2.2725 438346
2 0.77248 0.128211 2.26035 438378
2 0.773337 0.139156 2.25544 438411
2 0.772788 0.155547 2.24931 438444
2 0.770851 0.167757 2.23992 438476
2 0.767079 0.177293 2.23283 438508
2 0.760454 0.189722 2.22163 438541
2 0.754446 0.198129 2.21283 438574
2 0.7481 0.206082 2.20165 438607
2 0.741656 0.210831 2.1869 438640
2 0.733602 0.217871 2.1799 438672
2 0.726931 0.224323 2.17223 438706
2 0.720419 0.227877 2.16838 438739
2 0.713748 0.229786 2.16027 438772
2 0.708046 0.231586 2.15323 438807
2 0.704386 0.232077 2.14986 438841
2 0.703986 0.227139 2.1535 438875
2 0.701581 0.224177 2.14969 438908
2 0.700729 0.220124 2.14687 438942
2 0.701066 0.217445 2.14549 438976
2 0.701346 0.215682 2.14847 439008
2 0.704064 0.216976 2.14682 439042
2 0.708029 0.215934 2.15346 439076
2 0.711365 0.21527 2.15464 439108
2 0.715429 0.220408 2.16213 439140
2 0.721796 0.225578 2.16635 439174
2 0.72903 0.228124 2.16782 439206
2 0.73498 0.235256 2.17634 439238
2 0.742897 0.240433 2.18495 439272
2 0.753707 0.251036 2.18881 439305
2 0.759898 0.258324 2.20151 439339
2 0.765431 0.268786 2.21207 439374
2 0.772812 0.285803 2.21982 439407
2 0.777021 0.29839 2.22968 439441
2 0.778765 0.311834 2.23299 439474
2 0.778573 0.326499 2.23899 439507
2 0.779276 0.343195 2.2575 439540
2 0.77674 0.361026 2.26568 439575
2 0.770091 0.379786 2.26133 439609
2 0.758169 0.399121 2.25513 439644
2 0.743148 0.410051 2.25154 439676
2 0.728569 0.423903 2.25621 439711
2 0.714696 0.437506 2.2554 439745
2 0.70034 0.449975 2.25351 439778
2 0.684372 0.457612 2.26624 439812
2 0.667808 0.472885 2.27222 439846
2 0.647548 0.477606 2.27996 439879
2 0.626493 0.476539 2.27461 439914
2 0.603436 0.47487 2.25868 439948
2 0.583245 0.471831 2.25168 439981
2 0.566948 0.469621 2.25101 440014
2 0.552314 0.459052 2.246 440048
2 0.53856 0.452642 2.24539 440081
2 0.530001 0.439909 2.2399 440114
2 0.523145 0.426857 2.23717 440147
2 0.519678 0.416059 2.23593 440181

3 0.62991 0.301175 2.25646 448181
3 0.631023 0.299957 2.25377 448215
3 0.629141 0.300551 2.255 448248
3 0.631402 0.299203 2.25942 448283
3 0.631908 0.298323 2.2555 448316
3 0.633994 0.298772 2.25542 448348
3 0.637337 0.30003 2.25757 448380
3 0.642868 0.299065 2.25947 448412
3 0.645651 0.299076 2.25689 448445
3 0.648918 0.300179 2.25884 448478
3 0.653399 0.301514 2.26579 448512
3 0.658327 0.30126 2.26843 448544
3 0.659355 0.302404 2.26271 448578
3 0.662211 0.30079 2.26844 448626
3 0.664807 0.307196 2.2744 448643
3 0.665824 0.312283 2.27447 448677
3 0.668503 0.317369 2.2681 448727
3 0.668143 0.317989 2.27645 448744
3 0.669923 0.322488 2.28192 448778
3 0.668264 0.329784 2.28513 448825
3 0.665551 0.335815 2.28095 448858
3 0.664372 0.339233 2.27925 448875
3 0.663828 0.341018 2.26876 448926
3 0.659327 0.343406 2.26564 448943
3 0.658044 0.345559 2.27124 448976
3 0.656843 0.347762 2.27273 449025
3 0.65514 0.348764 2.27074 449058
3 0.652586 0.345432 2.27225 449074
3 0.651176 0.34338 2.27327 449123
3 0.651845 0.345484 2.26986 449156
3 0.651695 0.344091 2.26544 449191
3 0.650316 0.342971 2.26111 449223
3 0.653479 0.341719 2.26516 449255
3 0.653565 0.341529 2.26591 449289
3 0.658316 0.340306 2.27808 449323
3 0.659485 0.340358 2.27938 449355
3 0.661528 0.3413 2.2762 449387
3 0.662621 0.340941 2.27692 449420
3 0.664606 0.340426 2.27616 449453
3 0.665506 0.339719 2.28255 449485
3 0.664971 0.340775 2.28244 449519
3 0.670211 0.34256 2.28664 449552
3 0.673537 0.345475 2.27551 449585
3 0.671362 0.350707 2.28725 449618
3 0.669526 0.355783 2.28978 449652
3 0.66821 0.358225 2.29218 449685
3 0.669761 0.362104 2.29063 449717
3 0.668154 0.370459 2.29551 449751
3 0.667448 0.375734 2.29916 449784
3 0.665668 0.382994 2.30006 449817
3 0.661397 0.385061 2.302 449851
3 0.659022 0.38654 2.29952 449885
3 0.657352 0.389868 2.29891 449917
3 0.654312 0.396535 2.29587 449948
3 0.651512 0.403919 2.29823 449981
3 0.649448 0.408149 2.29696 450012
3 0.647642 0.410329 2.28943 450044
3 0.643772 0.410593 2.29088 450094
3 0.638052 0.409137 2.28277 450111
3 0.634699 0.406782 2.27867 450143
3 0.632282 0.405849 2.27402 450191
3 0.62618 0.405284 2.26683 450225
3 0.624148 0.407354 2.26385 450259
3 0.621484 0.405765 2.2643 450292
3 0.619661 0.399285 2.25899 450326
3 0.618676 0.394409 2.25615 450342

4 0.830274 0.212375 2.37738 452689
4 0.829494 0.211179 2.36873 452722
4 0.831582 0.20773 2.3699 452755
4 0.835025 0.206128 2.36417 452788
4 0.839546 0.204214 2.36263 452822
4 0.846749 0.204652 2.36251 452855
4 0.856058 0.206336 2.3709 452887
4 0.863547 0.205461 2.37173 452921
4 0.870507 0.207347 2.37222 452954
4 0.876974 0.216475 2.37768 452987
4 0.883391 0.229238 2.38017 453020
4 0.886769 0.237073 2.3805 453053
4 0.887921 0.250204 2.3769 453086
4 0.888477 0.259131 2.3749 453120
4 0.888402 0.272646 2.37153 453153
4 0.885202 0.280173 2.36518 453186
4 0.879943 0.287104 2.36521 453219
4 0.876242 0.292696 2.36079 453252
4 0.8681 0.295854 2.35204 453285
4 0.860488 0.300032 2.33672 453318
4 0.855849 0.300767 2.33243 453350
4 0.850932 0.299134 2.3229 453383
4 0.851097 0.299718 2.32457 453416
4 0.849057 0.297778 2.32202 453449
4 0.848246 0.296237 2.32148 453482
4 0.848157 0.295095 2.32312 453515
4 0.849429 0.297226 2.32096 453547
4 0.850856 0.297512 2.32784 453581
4 0.854748 0.297899 2.33609 453614
4 0.858186 0.299154 2.34168 453648
4 0.862596 0.305057 2.34688 453681
4 0.86438 0.309439 2.34551 453714
4 0.867071 0.310115 2.35588 453748
4 0.870831 0.310952 2.37036 453782
4 0.87208 0.320237 2.3742 453816
4 0.875 0.328818 2.37819 453848
4 0.876709 0.333876 2.38349 453882
4 0.874808 0.344225 2.377 453915
4 0.875961 0.359004 2.3856 453948
4 0.87457 0.368022 2.3833 453996
4 0.871389 0.38398 2.38394 454013
4 0.865237 0.392762 2.38626 454064
4 0.861838 0.405893 2.38381 454096
4 0.860246 0.415726 2.38522 454130
4 0.851279 0.420995 2.37171 454163
4 0.845324 0.429997 2.3689 454196
4 0.838906 0.438318 2.34939 454229
4 0.830766 0.441816 2.34921 454263
4 0.822939 0.444091 2.33769 454296
4 0.813162 0.444614 2.33482 454329
4 0.804886 0.446961 2.32206 454362
4 0.800729 0.446078 2.31436 454396
4 0.798101 0.439072 2.30795 454414
4 0.795945 0.432552 2.30368 454463
4 0.794278 0.428643 2.29995 454496
4 0.793289 0.42737 2.29797 454529
4 0.791075 0.425986 2.29758 454563
4 0.790931 0.425142 2.29854 454596

5 0.131163 0.124658 2.35987 457157
5 0.132442 0.123756 2.35905 457188
5 0.132677 0.128875 2.34857 457221
5 0.134933 0.126709 2.34523 457255
5 0.136398 0.126107 2.33968 457289
5 0.139157 0.12649 2.33207 457322
5 0.144494 0.124996 2.32932 457356
5 0.148722 0.122788 2.32094 457390
5 0.152669 0.120991 2.31398 457424
5 0.162218 0.12276 2.30006 457458
5 0.16911 0.119464 2.29405 457491
5 0.175209 0.113961 2.29461 457525
5 0.172834 0.121771 2.30192 457557
5 0.180713 0.124063 2.27159 457590
5 0.188063 0.129072 2.25509 457624
5 0.19494 0.135284 2.24362 457657
5 0.196109 0.145096 2.23772 457691
5 0.197745 0.154269 2.23915 457725
5 0.198378 0.165332 2.22839 457757
5 0.197315 0.171852 2.22935 457789
5 0.194627 0.185577 2.22741 457823
5 0.190134 0.191913 2.23088 457857
5 0.184854 0.196153 2.23586 457890
5 0.179974 0.19892 2.24108 457923
5 0.173869 0.199933 2.25192 457956
5 0.167834 0.207406 2.25116 457988
5 0.164631 0.211254 2.25249 458023
5 0.161478 0.212711 2.26366 458057
5 0.159438 0.212084 2.273 458090
5 0.157497 0.202482 2.28464 458123
5 0.158389 0.206292 2.27539 458156
5 0.158194 0.209872 2.27542 458189
5 0.158403 0.211584 2.27505 458222
5 0.161178 0.205338 2.27585 458256
5 0.162827 0.201837 2.27209 458290
5 0.166865 0.198923 2.27133 458324
5 0.172057 0.196392 2.26166 458357
5 0.175355 0.195714 2.25542 458391
5 0.184604 0.195896 2.24844 458425
5 0.190378 0.196178 2.24448 458458
5 0.201115 0.204248 2.23614 458492
5 0.208061 0.21176 2.22642 458526
5 0.213214 0.215273 2.21891 458559
5 0.220764 0.217488 2.21828 458592
5 0.225682 0.22822 2.21102 458626
5 0.232069 0.238525 2.20178 458661
5 0.234369 0.249881 2.20086 458693
5 0.236952 0.261921 2.18956 458727
5 0.236381 0.274024 2.1805 458760
5 0.236554 0.288863 2.17873 458794
5 0.232305 0.301665 2.18828 458826
5 0.227337 0.314761 2.18804 458860
5 0.222694 0.322694 2.19082 458894
5 0.214046 0.334384 2.19009 458928
5 0.206892 0.341839 2.19432 458962
5 0.195775 0.345925 2.20362 458995
5 0.183914 0.349097 2.21868 459029
5 0.173687 0.351006 2.23106 459061
5 0.168862 0.35 2.23743 459095
5 0.160248 0.347292 2.24643 459129
5 0.152931 0.345347 2.25692 459162
5 0.147945 0.338848 2.25905 459196
5 0.142373 0.332526 2.27614 459229
5 0.135348 0.319534 2.2813 459263
5 0.131866 0.311577 2.29201 459297
5 0.129199 0.303224 2.30006 459330
5 0.126981 0.291275 2.30937 459364
5 0.128584 0.282809 2.31975 459397
5 0.129435 0.279022 2.31807 459430

6 0.314098 0.148827 2.29394 461827
6 0.314632 0.150255 2.28442 461860
6 0.315464 0.15176 2.2779 461894
6 0.316514 0.151814 2.27115 461927
6 0.318993 0.147555 2.26646 461961
6 0.323982 0.1421 2.26103 461994
6 0.328823 0.137965 2.25661 462028
6 0.332215 0.136019 2.25533 462061
6 0.335093 0.137816 2.23946 462094
6 0.343319 0.137195 2.23435 462126
6 0.348529 0.137163 2.2337 462158
6 0.352689 0.146431 2.22556 462191
6 0.358573 0.153369 2.21997 462225
6 0.36183 0.158333 2.21339 462259
6 0.36363 0.169184 2.20885 462292
6 0.364539 0.176876 2.20391 462326
6 0.362679 0.184027 2.20051 462359
6 0.359487 0.19369 2.19358 462393
6 0.352587 0.198809 2.19332 462427
6 0.349399 0.204223 2.19243 462461
6 0.34659 0.2076 2.198 462494
6 0.343906 0.210137 2.19934 462528
6 0.336987 0.210042 2.20743 462562
6 0.333881 0.209638 2.21595 462595
6 0.329766 0.204432 2.22525 462629
6 0.326726 0.200957 2.23582 462663
6 0.327998 0.20048 2.2352 462697
6 0.332187 0.199997 2.23013 462731
6 0.334265 0.200103 2.22952 462765
6 0.338649 0.201701 2.22839 462799
6 0.340829 0.202993 2.22968 462833
6 0.348978 0.206799 2.21008 462867
6 0.354802 0.20946 2.20283 462900
6 0.359406 0.215642 2.20755 462934
6 0.364416 0.220176 2.19998 462967
6 0.367204 0.230595 2.19727 463001
6 0.369356 0.238633 2.19229 463036
6 0.372226 0.245263 2.19499 463069
6 0.37365 0.254209 2.19371 463102
6 0.372058 0.26107 2.18648 463135
6 0.368869 0.272266 2.19334 463169
6 0.365033 0.281693 2.19486 463203
6 0.35958 0.292356 2.19492 463237
6 0.354634 0.300584 2.19628 463270
6 0.347726 0.303167 2.19852 463288
6 0.337753 0.310888 2.21039 463336
6 0.330055 0.317264 2.21571 463368
6 0.320816 0.320819 2.21743 463400
6 0.312685 0.317299 2.21718 463433
6 0.302855 0.311502 2.2225 463467
6 0.29676 0.30733 2.22849 463500
6 0.292102 0.303829 2.24058 463533
6 0.288562 0.296411 2.24608 463566
6 0.286779 0.291712 2.24512 463599
6 0.286747 0.286739 2.2504 463632

7 0.490937 0.547166 2.27872 465023
7 0.491346 0.547104 2.27799 465075
7 0.496401 0.550333 2.28012 465091
7 0.500932 0.553865 2.28159 465123
7 0.509818 0.556252 2.28014 465172
7 0.516782 0.558667 2.28635 465205
7 0.527946 0.560797 2.29305 465223
7 0.536086 0.565456 2.30082 465272
7 0.542489 0.565223 2.3076 465306
7 0.550639 0.571447 2.31883 465323
7 0.556355 0.575243 2.32519 465372
7 0.55945 0.58013 2.32553 465406
7 0.561779 0.587125 2.34615 465423
7 0.561011 0.592566 2.36738 465473
7 0.560529 0.595774 2.37321 465506
7 0.558046 0.596198 2.38206 465523
7 0.552358 0.603991 2.3944 465573
7 0.547337 0.607082 2.38739 465605
7 0.542 0.612592 2.40104 465638
7 0.535894 0.616017 2.39665 465672
7 0.529474 0.617759 2.39027 465707
7 0.521394 0.61656 2.3819 465723
7 0.516876 0.616165 2.38213 465772
7 0.512535 0.610005 2.37869 465806
7 0.508104 0.609195 2.37062 465823
7 0.504037 0.605021 2.35806 465873
7 0.502025 0.603575 2.34326 465890
7 0.501017 0.60275 2.34392 465940
7 0.502924 0.603134 2.34652 465974
7 0.50376 0.604514 2.34102 465990
7 0.50658 0.6021 2.34306 466041
7 0.507407 0.604496 2.34921 466058
7 0.509608 0.605967 2.3591 466093
7 0.515637 0.610512 2.37054 466126
7 0.522359 0.615427 2.38579 466161
7 0.525941 0.6182 2.39289 466195
7 0.532894 0.619258 2.40788 466228
7 0.535528 0.623224 2.42329 466261
7 0.540536 0.625668 2.42067 466295
7 0.545529 0.624938 2.43803 466329
7 0.544419 0.630005 2.46351 466363
7 0.541806 0.634842 2.47848 466397
7 0.536495 0.64301 2.48672 466431
7 0.530034 0.64656 2.49397 466465
7 0.521721 0.653377 2.50786 466499
7 0.513663 0.65618 2.51816 466532
7 0.512493 0.656479 2.52838 466565
7 0.505905 0.664595 2.54343 466599
7 0.498406 0.668241 2.54922 466633
7 0.487457 0.675792 2.5499 466667
7 0.478925 0.677119 2.56762 466701
7 0.468893 0.67924 2.56065 466735
7 0.461686 0.679737 2.56632 466768
7 0.455744 0.677867 2.55773 466801
7 0.447337 0.670768 2.54109 466834
7 0.4431 0.666397 2.52085 466868
7 0.439491 0.668705 2.51714 466902

8 0.66279 0.531348 2.42998 468595
8 0.664063 0.532676 2.43255 468628
8 0.664386 0.532734 2.43108 468661
8 0.667976 0.525485 2.42741 468694
8 0.6752 0.526574 2.43412 468728
8 0.67992 0.523656 2.43857 468762
8 0.688017 0.518732 2.43703 468794
8 0.697368 0.518456 2.44938 468828
8 0.706052 0.515888 2.4594 468878
8 0.716219 0.518662 2.46919 468895
8 0.724282 0.51743 2.47584 468929
8 0.730211 0.525252 2.49142 468961
8 0.734324 0.533033 2.51206 468995
8 0.737771 0.534817 2.52559 469027
8 0.740759 0.539017 2.53462 469077
8 0.740887 0.546224 2.54911 469093
8 0.739691 0.55184 2.55786 469127
8 0.734096 0.563034 2.57277 469161
8 0.731117 0.574244 2.58446 469195
8 0.728629 0.583898 2.58776 469227
8 0.719641 0.593204 2.5989 469277
8 0.712878 0.598279 2.60194 469294
8 0.703553 0.604984 2.59979 469329
8 0.698631 0.60712 2.60044 469362
8 0.694402 0.60883 2.59474 469396
8 0.68992 0.612339 2.57404 469430
8 0.68304 0.612014 2.57962 469463
8 0.678996 0.612348 2.57905 469496
8 0.680235 0.6087 2.5739 469530
8 0.682937 0.604862 2.57353 469565
8 0.684124 0.603021 2.57069 469598
8 0.68721 0.605215 2.57179 469632
8 0.693048 0.604227 2.5679 469666
8 0.698732 0.602824 2.5703 469700
8 0.703396 0.606315 2.5731 469734
8 0.707192 0.60905 2.5859 469767
8 0.710664 0.611615 2.60686 469802
8 0.713081 0.612244 2.6323 469835
8 0.714337 0.612768 2.64707 469869
8 0.71569 0.61369 2.6615 469903
8 0.717085 0.614436 2.66984 469938
8 0.718027 0.620052 2.69144 469971
8 0.716669 0.62842 2.72043 470005
8 0.711502 0.636472 2.73829 470039
8 0.707035 0.643825 2.75516 470073
8 0.695969 0.649845 2.76301 470107
8 0.688304 0.656958 2.77602 470141
8 0.679371 0.66518 2.79163 470175
8 0.672238 0.672337 2.79906 470209
8 0.661217 0.676621 2.79912 470243
8 0.654179 0.678734 2.79439 470261
8 0.642069 0.689246 2.79597 470294
8 0.632838 0.69432 2.78776 470344
8 0.626442 0.698235 2.77909 470378
8 0.617867 0.698599 2.77106 470396
8 0.612337 0.696021 2.74255 470429
8 0.60526 0.695723 2.71318 470462
8 0.60339 0.694685 2.68904 470496
8 0.603969 0.691487 2.67509 470530
8 0.601564 0.686139 2.66528 470564
8 0.598796 0.681493 2.63981 470597

