Gesto: 3
0 0.521244 0.265548 1.55464 297877
0 0.521873 0.264405 1.55412 297910
0 0.522258 0.263652 1.55418 297944
0 0.523408 0.261482 1.55481 297979
0 0.528241 0.258753 1.55632 298012
0 0.532542 0.255966 1.558 298046
0 0.536411 0.251699 1.55672 298063
0 0.54079 0.247576 1.55687 298114
0 0.548066 0.241907 1.55731 298131
0 0.558894 0.234752 1.56065 298164
0 0.569712 0.229963 1.56349 298214
0 0.580234 0.225078 1.56576 298231
0 0.590249 0.221744 1.57231 298265
0 0.604147 0.219656 1.57987 298299
0 0.617012 0.222463 1.59091 298333
0 0.628952 0.225264 1.5966 298367
0 0.638376 0.232053 1.60469 298401
0 0.64855 0.242625 1.61257 298435
0 0.654308 0.254965 1.62036 298468
0 0.656938 0.268935 1.62353 298502
0 0.653996 0.28365 1.62317 298536
0 0.648778 0.299123 1.62528 298570
0 0.639595 0.312493 1.62408 298604
0 0.628177 0.323068 1.62017 298637
0 0.614145 0.33427 1.61163 298671
0 0.601338 0.341091 1.61025 298704
0 0.589466 0.344292 1.60524 298739
0 0.580303 0.347131 1.60342 298771
0 0.573399 0.347187 1.60158 298805
0 0.56998 0.347102 1.60033 298839
0 0.570371 0.347941 1.60046 298872
0 0.573908 0.347349 1.6004 298905
0 0.580675 0.346627 1.60204 298939
0 0.588195 0.345946 1.6068 298972
0 0.598238 0.347344 1.61118 299005
0 0.610978 0.348914 1.62027 299038
0 0.623677 0.354249 1.6293 299072
0 0.633736 0.358825 1.64131 299105
0 0.643313 0.366777 1.65148 299138
0 0.651697 0.379945 1.66515 299172
0 0.657046 0.394503 1.67763 299203
0 0.658182 0.408492 1.6927 299237
0 0.657191 0.426698 1.70365 299271
0 0.651361 0.444537 1.71002 299305
0 0.643059 0.461106 1.71322 299339
0 0.630539 0.475649 1.71975 299374
0 0.611341 0.488876 1.7242 299407
0 0.591395 0.497928 1.71993 299440
0 0.574517 0.502434 1.71367 299474
0 0.563168 0.503047 1.70643 299507

1 0.530743 0.27241 1.55786 300441
1 0.532026 0.270463 1.55762 300475
1 0.532295 0.269071 1.55393 300508
1 0.536282 0.264745 1.55303 300540
1 0.542344 0.260974 1.54809 300572
1 0.549148 0.257055 1.54381 300606
1 0.557961 0.251139 1.54158 300640
1 0.568846 0.246501 1.54041 300673
1 0.579062 0.242843 1.53961 300707
1 0.590021 0.240027 1.54216 300741
1 0.602866 0.238404 1.54953 300775
1 0.614659 0.237761 1.5594 300809
1 0.62783 0.241818 1.56919 300843
1 0.639441 0.245665 1.57974 300876
1 0.648593 0.252881 1.58773 300909
1 0.653572 0.262837 1.5938 300943
1 0.656482 0.274989 1.60031 300977
1 0.657475 0.289132 1.60296 301012
1 0.652691 0.305534 1.60276 301046
1 0.646129 0.322042 1.60258 301079
1 0.637392 0.340144 1.60392 301113
1 0.625663 0.356223 1.60758 301146
1 0.613691 0.368486 1.60664 301179
1 0.602612 0.379513 1.60408 301212
1 0.592944 0.385676 1.60118 301246
1 0.586524 0.385235 1.59522 301279
1 0.584398 0.382973 1.59618 301312
1 0.584475 0.378698 1.59566 301345
1 0.586527 0.370956 1.59254 301378
1 0.593293 0.367119 1.59321 301411
1 0.598404 0.363812 1.59542 301445
1 0.605301 0.360091 1.60241 301479
1 0.613106 0.357992 1.60739 301513
1 0.621671 0.360981 1.61137 301547
1 0.630062 0.365443 1.61877 301581
1 0.638578 0.373278 1.62724 301615
1 0.644881 0.382798 1.6396 301649
1 0.648938 0.395188 1.64908 301666
1 0.651005 0.407472 1.65441 301717
1 0.648594 0.421908 1.66559 301734
1 0.644275 0.439211 1.6721 301768
1 0.637635 0.453334 1.67581 301802
1 0.622565 0.46928 1.68393 301836
1 0.605884 0.481638 1.68587 301869
1 0.58569 0.491229 1.68489 301903
1 0.568862 0.496658 1.68413 301937
1 0.555545 0.497503 1.68127 301970
1 0.546266 0.495856 1.67649 302004

2 0.533567 0.240072 1.5573 302778
2 0.534503 0.24096 1.55277 302810
2 0.537749 0.241416 1.54829 302844
2 0.542031 0.23976 1.547 302877
2 0.549097 0.238913 1.54417 302911
2 0.559378 0.237733 1.5412 302945
2 0.569212 0.235152 1.53777 302977
2 0.582368 0.233715 1.53644 303011
2 0.59585 0.2354 1.54215 303044
2 0.609325 0.237798 1.54824 303078
2 0.620214 0.243404 1.55597 303111
2 0.63094 0.252182 1.56395 303145
2 0.640177 0.263864 1.57323 303180
2 0.646756 0.27598 1.58275 303213
2 0.649197 0.289643 1.59099 303247
2 0.648529 0.30341 1.59537 303280
2 0.647506 0.317945 1.60025 303314
2 0.641868 0.333271 1.60458 303348
2 0.633318 0.34789 1.60614 303381
2 0.621928 0.36077 1.60922 303415
2 0.613006 0.369091 1.61064 303448
2 0.603437 0.373669 1.60689 303481
2 0.597208 0.374992 1.60539 303514
2 0.592689 0.3734 1.60264 303547
2 0.592831 0.369421 1.60413 303580
2 0.595128 0.367307 1.60421 303613
2 0.598606 0.365304 1.60451 303645
2 0.603021 0.364447 1.60822 303679
2 0.60966 0.363747 1.60945 303713
2 0.616559 0.364842 1.61586 303748
2 0.625699 0.368142 1.62185 303781
2 0.633159 0.374668 1.62971 303815
2 0.639616 0.382914 1.63837 303847
2 0.643691 0.392912 1.64859 303880
2 0.646216 0.403059 1.65764 303911
2 0.645933 0.420269 1.66978 303946
2 0.643226 0.437712 1.68068 303979
2 0.637165 0.452541 1.68609 304011
2 0.626787 0.465281 1.69708 304045
2 0.610258 0.475964 1.70484 304079
2 0.595236 0.482712 1.70652 304111
2 0.581317 0.486129 1.70371 304143
2 0.570815 0.486227 1.70039 304177

3 0.553849 0.2495 1.5674 304983
3 0.554431 0.249755 1.56655 305016
3 0.559017 0.250277 1.56341 305049
3 0.563837 0.248452 1.55972 305082
3 0.570981 0.248957 1.55643 305116
3 0.57995 0.249519 1.55383 305150
3 0.592095 0.249908 1.55686 305184
3 0.603645 0.251564 1.56167 305218
3 0.615748 0.256416 1.56849 305252
3 0.62747 0.265039 1.57459 305269
3 0.63692 0.273608 1.58061 305320
3 0.642656 0.282958 1.58804 305337
3 0.644653 0.296669 1.59317 305371
3 0.645581 0.310528 1.59955 305405
3 0.641509 0.327027 1.60302 305438
3 0.636509 0.339852 1.60737 305472
3 0.627693 0.351236 1.61131 305507
3 0.6168 0.358733 1.61174 305540
3 0.607257 0.366846 1.61245 305573
3 0.595854 0.372209 1.61128 305606
3 0.588051 0.373453 1.61041 305640
3 0.584054 0.37211 1.60694 305674
3 0.582781 0.369074 1.6036 305709
3 0.584384 0.367244 1.60453 305741
3 0.587604 0.365167 1.60535 305775
3 0.59356 0.363896 1.6074 305807
3 0.598712 0.36396 1.60735 305841
3 0.604582 0.364703 1.61354 305874
3 0.611783 0.370318 1.61931 305907
3 0.619674 0.375317 1.62719 305941
3 0.624987 0.382779 1.63498 305975
3 0.63048 0.394021 1.64435 306008
3 0.633889 0.404587 1.65401 306042
3 0.635619 0.417338 1.66343 306075
3 0.635152 0.428347 1.67123 306109
3 0.629196 0.441374 1.68159 306143
3 0.619577 0.452653 1.68806 306175
3 0.608063 0.462452 1.69696 306209
3 0.59327 0.469953 1.69868 306242
3 0.581145 0.475966 1.69473 306275
3 0.569849 0.479344 1.69015 306309
3 0.563197 0.480098 1.68518 306343

4 0.548761 0.247055 1.55606 307156
4 0.552848 0.246661 1.55504 307172
4 0.557313 0.245337 1.54962 307205
4 0.564519 0.243344 1.54754 307254
4 0.573604 0.241915 1.54784 307288
4 0.584816 0.241371 1.5459 307305
4 0.597731 0.2449 1.55124 307355
4 0.611312 0.248938 1.55873 307388
4 0.624035 0.258438 1.56609 307404
4 0.633486 0.267071 1.57153 307455
4 0.640428 0.277798 1.58231 307472
4 0.645794 0.291516 1.58924 307505
4 0.649354 0.306714 1.59285 307554
4 0.648011 0.319688 1.59488 307588
4 0.642296 0.333067 1.59914 307605
4 0.6335 0.34565 1.60205 307655
4 0.623723 0.354754 1.60408 307672
4 0.614948 0.361005 1.60431 307705
4 0.606464 0.364137 1.6026 307754
4 0.600427 0.365008 1.60069 307786
4 0.599501 0.365366 1.59986 307820
4 0.600472 0.363997 1.6001 307852
4 0.603075 0.361374 1.60252 307887
4 0.607732 0.359425 1.60328 307919
4 0.614627 0.359961 1.6072 307954
4 0.621769 0.361353 1.61206 307986
4 0.629029 0.362217 1.61615 308020
4 0.634283 0.365582 1.62549 308053
4 0.641076 0.372722 1.63748 308086
4 0.644596 0.38217 1.64385 308118
4 0.644919 0.393559 1.6545 308152
4 0.644865 0.407689 1.66413 308186
4 0.643861 0.421486 1.67306 308220
4 0.638049 0.436766 1.68303 308252
4 0.625044 0.453221 1.69362 308286
4 0.610778 0.465214 1.69636 308321
4 0.5946 0.476012 1.69759 308354
4 0.581832 0.482883 1.69686 308386
4 0.572601 0.485714 1.69453 308419

5 0.553863 0.248459 1.55862 309213
5 0.555513 0.248141 1.55581 309247
5 0.560061 0.247186 1.55275 309281
5 0.564135 0.247272 1.54918 309315
5 0.571125 0.245905 1.54443 309347
5 0.581119 0.244759 1.54173 309381
5 0.592982 0.247346 1.54683 309415
5 0.603582 0.251946 1.55529 309449
5 0.614929 0.258913 1.56092 309483
5 0.625913 0.267151 1.5702 309517
5 0.635254 0.277437 1.57921 309550
5 0.640772 0.28792 1.58872 309584
5 0.645008 0.30026 1.59618 309616
5 0.646102 0.315676 1.59898 309650
5 0.641089 0.328738 1.60228 309684
5 0.633445 0.340854 1.60657 309718
5 0.623243 0.351716 1.60729 309750
5 0.611594 0.360308 1.6089 309784
5 0.602463 0.367675 1.60845 309817
5 0.594876 0.371803 1.60605 309851
5 0.590705 0.373805 1.60333 309885
5 0.58875 0.371373 1.60193 309919
5 0.5894 0.369855 1.60041 309953
5 0.594679 0.367344 1.59687 309987
5 0.600406 0.366224 1.6007 310021
5 0.606019 0.364871 1.60501 310054
5 0.612803 0.365454 1.60875 310088
5 0.618868 0.366423 1.61408 310122
5 0.625814 0.371388 1.62117 310155
5 0.631299 0.376117 1.62681 310188
5 0.636367 0.383908 1.63605 310222
5 0.638119 0.393553 1.64479 310255
5 0.635861 0.407246 1.65298 310290
5 0.633012 0.420931 1.65992 310307
5 0.624636 0.435768 1.6735 310357
5 0.611767 0.448425 1.6813 310390
5 0.597049 0.461397 1.68457 310424
5 0.585268 0.468579 1.68564 310456
5 0.572437 0.475425 1.68079 310489

6 0.553701 0.23575 1.52722 311252
6 0.555127 0.234009 1.52932 311285
6 0.556086 0.232618 1.52659 311317
6 0.562189 0.231884 1.52677 311350
6 0.568348 0.230767 1.52442 311384
6 0.578467 0.230252 1.52746 311416
6 0.588751 0.231747 1.53116 311448
6 0.600274 0.234331 1.53742 311482
6 0.611072 0.23759 1.54674 311516
6 0.621882 0.244666 1.55342 311548
6 0.629738 0.256209 1.56267 311582
6 0.63492 0.268018 1.56817 311615
6 0.637698 0.281237 1.57576 311647
6 0.637109 0.298834 1.58218 311682
6 0.633726 0.313497 1.58568 311715
6 0.627341 0.32654 1.58858 311749
6 0.619882 0.33788 1.59137 311783
6 0.610275 0.347488 1.59136 311817
6 0.600166 0.354773 1.59164 311850
6 0.594797 0.358315 1.5872 311883
6 0.591302 0.358226 1.58576 311917
6 0.590862 0.355515 1.58392 311951
6 0.594831 0.35298 1.58398 311984
6 0.600879 0.350655 1.58688 312018
6 0.607158 0.349868 1.59184 312053
6 0.614285 0.349126 1.59622 312086
6 0.621028 0.349862 1.60437 312120
6 0.627518 0.351847 1.61182 312153
6 0.63349 0.357636 1.62136 312186
6 0.639597 0.368267 1.63331 312220
6 0.64491 0.381198 1.64231 312254
6 0.647086 0.395191 1.65373 312286
6 0.645938 0.410539 1.66477 312319
6 0.643659 0.428888 1.67461 312354
6 0.638603 0.446655 1.67983 312388
6 0.630345 0.462214 1.69647 312420
6 0.615144 0.476948 1.70576 312453
6 0.597371 0.488936 1.70916 312487
6 0.580045 0.496852 1.70715 312521

7 0.564705 0.231629 1.54766 313278
7 0.56708 0.23049 1.54882 313312
7 0.56995 0.229151 1.54541 313345
7 0.574207 0.228606 1.54486 313379
7 0.581638 0.226568 1.54551 313413
7 0.592814 0.225508 1.54754 313446
7 0.603161 0.226107 1.55188 313479
7 0.613274 0.230747 1.55699 313513
7 0.622441 0.236424 1.56296 313547
7 0.632187 0.246432 1.56527 313580
7 0.638203 0.260278 1.56936 313614
7 0.641508 0.274521 1.5751 313647
7 0.642164 0.287888 1.57532 313681
7 0.639338 0.302034 1.57693 313714
7 0.633966 0.317796 1.5773 313748
7 0.625291 0.330265 1.57808 313781
7 0.615987 0.341677 1.57958 313815
7 0.608406 0.349881 1.57629 313848
7 0.602311 0.35589 1.57273 313882
7 0.598658 0.357485 1.56905 313915
7 0.597191 0.357002 1.56922 313948
7 0.596664 0.356238 1.56949 313984
7 0.598358 0.353547 1.57095 314016
7 0.601728 0.348543 1.57433 314049
7 0.607206 0.348808 1.57552 314083
7 0.613018 0.346134 1.57776 314117
7 0.619028 0.347604 1.58367 314150
7 0.624385 0.349511 1.59206 314183
7 0.630068 0.35503 1.5984 314215
7 0.636488 0.36127 1.60651 314248
7 0.63979 0.371552 1.61687 314282
7 0.640755 0.384174 1.62801 314315
7 0.640705 0.396812 1.63482 314348
7 0.636582 0.411755 1.64532 314381
7 0.631166 0.42933 1.65782 314413
7 0.621322 0.442501 1.66658 314446
7 0.611459 0.452319 1.6722 314480
7 0.600069 0.459923 1.67474 314513
7 0.59137 0.465017 1.67561 314547
7 0.583615 0.466946 1.67105 314580
7 0.577751 0.466511 1.66485 314614

8 0.587114 0.253377 1.5337 315581
8 0.594505 0.254088 1.53483 315615
8 0.603301 0.253954 1.53725 315647
8 0.613096 0.253933 1.53974 315682
8 0.621065 0.254728 1.54238 315715
8 0.629394 0.257553 1.54651 315749
8 0.636874 0.263214 1.55289 315784
8 0.644147 0.27085 1.55717 315818
8 0.64812 0.278479 1.56446 315851
8 0.649306 0.28761 1.56793 315884
8 0.647247 0.297312 1.5738 315919
8 0.645335 0.309068 1.5781 315952
8 0.642238 0.318483 1.57928 315984
8 0.637642 0.328392 1.57865 316017
8 0.632544 0.338024 1.57658 316050
8 0.626339 0.344453 1.57311 316084
8 0.618774 0.34898 1.57386 316118
8 0.612128 0.353803 1.57368 316150
8 0.607589 0.358402 1.57403 316183
8 0.605645 0.361134 1.57314 316216
8 0.606412 0.360169 1.57288 316249
8 0.608224 0.359192 1.57236 316283
8 0.611772 0.35729 1.57362 316317
8 0.617288 0.356089 1.5764 316351
8 0.621946 0.358102 1.58112 316386
8 0.628571 0.360725 1.5868 316419
8 0.633986 0.363003 1.59325 316453
8 0.639734 0.36776 1.60557 316486
8 0.643377 0.375298 1.61267 316518
8 0.646147 0.386236 1.62313 316552
8 0.646148 0.397267 1.62814 316587
8 0.6434 0.408959 1.6378 316620
8 0.638505 0.426146 1.64806 316653
8 0.630375 0.440869 1.66247 316686
8 0.618128 0.453589 1.67227 316720
8 0.604096 0.46537 1.67841 316753
8 0.589629 0.475612 1.67829 316787
8 0.578453 0.480779 1.67895 316821
8 0.570473 0.483637 1.6753 316855

9 0.556028 0.250372 1.53565 318386
9 0.556321 0.250134 1.53554 318419
9 0.557797 0.2494 1.53188 318451
9 0.561765 0.247521 1.53218 318486
9 0.564055 0.247447 1.52728 318518
9 0.56843 0.245589 1.52411 318552
9 0.573122 0.245507 1.52466 318585
9 0.580076 0.245986 1.52501 318618
9 0.588408 0.247399 1.5255 318653
9 0.596251 0.251216 1.52902 318685
9 0.605049 0.254706 1.53483 318719
9 0.613246 0.261582 1.53729 318753
9 0.622564 0.269687 1.53964 318788
9 0.626713 0.278034 1.54696 318821
9 0.628074 0.288264 1.55156 318855
9 0.628618 0.29848 1.55539 318888
9 0.625388 0.309503 1.55766 318922
9 0.620897 0.318453 1.56393 318956
9 0.614995 0.326418 1.56537 318989
9 0.608255 0.338173 1.56587 319022
9 0.602857 0.345774 1.56443 319055
9 0.596207 0.354464 1.56425 319089
9 0.590548 0.360646 1.56388 319121
9 0.587441 0.364937 1.56425 319155
9 0.585782 0.366941 1.56457 319189
9 0.584868 0.367582 1.56423 319221
9 0.585962 0.36626 1.56261 319255
9 0.588897 0.366163 1.56088 319289
9 0.594056 0.36314 1.56251 319322
9 0.599734 0.360247 1.56438 319356
9 0.606281 0.361103 1.56866 319390
9 0.613436 0.362939 1.57297 319423
9 0.619617 0.364851 1.57712 319457
9 0.625453 0.366896 1.58427 319491
9 0.631461 0.373421 1.59601 319526
9 0.63471 0.380267 1.60325 319558
9 0.638554 0.390845 1.61545 319591
9 0.641969 0.404893 1.62919 319624
9 0.641751 0.419005 1.64174 319658
9 0.637448 0.432074 1.65406 319692
9 0.632554 0.444456 1.66401 319725
9 0.624347 0.456076 1.67293 319759
9 0.61428 0.465851 1.67922 319792
9 0.601659 0.474064 1.68179 319826
9 0.589591 0.477949 1.68018 319859
9 0.580881 0.481196 1.67784 319893
9 0.57174 0.482383 1.67337 319927
9 0.564328 0.482172 1.66613 319960

