Gesto: 3
0 0.30277 0.21483 2.26547 492459
0 0.303132 0.216185 2.26289 492493
0 0.304457 0.217417 2.25952 492527
0 0.309257 0.212657 2.25676 492561
0 0.314812 0.206257 2.25468 492595
0 0.321196 0.202051 2.25118 492629
0 0.330055 0.201326 2.24819 492661
0 0.339241 0.201294 2.24523 492694
0 0.350637 0.201551 2.23108 492728
0 0.358914 0.202168 2.22465 492776
0 0.368336 0.205676 2.22119 492793
0 0.376429 0.213857 2.21573 492827
0 0.384291 0.221969 2.21369 492860
0 0.389667 0.231741 2.20605 492894
0 0.394376 0.239248 2.20071 492927
0 0.397295 0.250629 2.1958 492977
0 0.394605 0.260496 2.19183 492994
0 0.39135 0.273272 2.18623 493028
0 0.386448 0.283928 2.18567 493061
0 0.380884 0.295169 2.1862 493096
0 0.374084 0.309339 2.18522 493129
0 0.365692 0.318313 2.18779 493162
0 0.35802 0.324101 2.18627 493195
0 0.351137 0.32759 2.18405 493228
0 0.341216 0.329747 2.18502 493262
0 0.333217 0.336074 2.19318 493295
0 0.326065 0.334587 2.2011 493329
0 0.319966 0.336425 2.21078 493361
0 0.318315 0.333697 2.21666 493394
0 0.317117 0.330162 2.22205 493427
0 0.318614 0.327878 2.22274 493461
0 0.323126 0.329548 2.22215 493495
0 0.330561 0.327756 2.21286 493529
0 0.340145 0.327142 2.20853 493562
0 0.348756 0.327008 2.20373 493595
0 0.360676 0.329557 2.19602 493629
0 0.371152 0.337051 2.19055 493662
0 0.385084 0.342878 2.18648 493695
0 0.397612 0.349617 2.18646 493729
0 0.412018 0.356808 2.18445 493763
0 0.422697 0.363186 2.18532 493797
0 0.4319 0.373385 2.18602 493830
0 0.436928 0.384311 2.1873 493863
0 0.440537 0.396582 2.18991 493896
0 0.441459 0.410691 2.18893 493930
0 0.43795 0.421486 2.18765 493963
0 0.43272 0.436679 2.19185 493997
0 0.424748 0.446092 2.19368 494031
0 0.414427 0.456543 2.19614 494064
0 0.406998 0.466142 2.19665 494097
0 0.395839 0.471153 2.20235 494131
0 0.380308 0.477375 2.21152 494164
0 0.367228 0.480678 2.21833 494195
0 0.356034 0.480441 2.2229 494228
0 0.34477 0.478406 2.23091 494262
0 0.334046 0.474573 2.23943 494294
0 0.325619 0.469358 2.24728 494342
0 0.316612 0.466864 2.25014 494376
0 0.310411 0.4646 2.25383 494392
0 0.306682 0.457374 2.25458 494443

1 0.458502 0.203005 2.22171 496105
1 0.456314 0.205021 2.22327 496139
1 0.45732 0.205126 2.21964 496173
1 0.457725 0.204675 2.21845 496206
1 0.45969 0.205221 2.20713 496239
1 0.460413 0.205593 2.20163 496272
1 0.466275 0.20078 2.19738 496306
1 0.470952 0.202569 2.1946 496340
1 0.479631 0.200273 2.19423 496374
1 0.489266 0.198846 2.18418 496408
1 0.497617 0.19545 2.18092 496442
1 0.509073 0.193663 2.17837 496475
1 0.520357 0.195606 2.17871 496508
1 0.532351 0.200836 2.17473 496541
1 0.542338 0.206541 2.17114 496574
1 0.550832 0.214941 2.17092 496608
1 0.560511 0.224643 2.17364 496642
1 0.568706 0.23402 2.17211 496675
1 0.574351 0.247653 2.1716 496708
1 0.5751 0.258812 2.17773 496741
1 0.5717 0.272276 2.17318 496774
1 0.569562 0.281033 2.17034 496807
1 0.567104 0.29215 2.16314 496841
1 0.561124 0.299316 2.16213 496874
1 0.549994 0.311678 2.16492 496907
1 0.537232 0.319702 2.16232 496941
1 0.5284 0.3267 2.15811 496975
1 0.519564 0.3269 2.15597 497008
1 0.507549 0.326965 2.16437 497041
1 0.497157 0.330115 2.16759 497073
1 0.484402 0.331325 2.17206 497107
1 0.473285 0.3263 2.18073 497139
1 0.468181 0.327057 2.18108 497171
1 0.46578 0.327287 2.18103 497204
1 0.465295 0.328708 2.18166 497238
1 0.46698 0.33084 2.18276 497272
1 0.470659 0.329682 2.18123 497306
1 0.473396 0.32891 2.18173 497340
1 0.482141 0.329746 2.17582 497372
1 0.488362 0.331099 2.17469 497405
1 0.498051 0.331618 2.17117 497438
1 0.507841 0.334587 2.16665 497470
1 0.518909 0.339963 2.16227 497504
1 0.528521 0.344498 2.16333 497536
1 0.539854 0.347788 2.16608 497570
1 0.551372 0.355381 2.17386 497602
1 0.560763 0.361578 2.18269 497636
1 0.570738 0.372271 2.19279 497670
1 0.574647 0.38173 2.20029 497703
1 0.577746 0.391719 2.21507 497736
1 0.578874 0.403065 2.22618 497770
1 0.575246 0.414901 2.2305 497804
1 0.570687 0.42584 2.23517 497838
1 0.563512 0.437212 2.23912 497871
1 0.554716 0.450379 2.2426 497905
1 0.544889 0.461651 2.24148 497939
1 0.533802 0.471957 2.24139 497974
1 0.521572 0.48182 2.24347 498007
1 0.507495 0.49115 2.2482 498040
1 0.492451 0.498284 2.24842 498074
1 0.479519 0.501627 2.24547 498108
1 0.469498 0.503713 2.24277 498141
1 0.459164 0.499598 2.24672 498176
1 0.44887 0.496303 2.24912 498209
1 0.439613 0.491984 2.25228 498242

2 0.564285 0.218117 2.20842 500299
2 0.563077 0.214879 2.20389 500333
2 0.562751 0.217449 2.20643 500367
2 0.564316 0.221484 2.20613 500401
2 0.566501 0.220087 2.19391 500436
2 0.570869 0.217231 2.18798 500470
2 0.57591 0.213844 2.18701 500503
2 0.579452 0.21204 2.18105 500537
2 0.588813 0.206126 2.17952 500570
2 0.600541 0.202126 2.1793 500603
2 0.611315 0.200118 2.17996 500637
2 0.622963 0.202802 2.17598 500670
2 0.636215 0.20457 2.17612 500704
2 0.650876 0.209515 2.17874 500738
2 0.665625 0.21941 2.18466 500770
2 0.674791 0.230404 2.18727 500803
2 0.683051 0.239601 2.1929 500837
2 0.68754 0.250346 2.20353 500871
2 0.689496 0.266534 2.20138 500904
2 0.691055 0.275977 2.20734 500938
2 0.691681 0.289657 2.20695 500972
2 0.689381 0.305545 2.19342 501006
2 0.682653 0.315847 2.18544 501041
2 0.6753 0.324094 2.17525 501073
2 0.666294 0.333302 2.16732 501106
2 0.655118 0.339344 2.17002 501140
2 0.642631 0.343259 2.16993 501173
2 0.6291 0.345257 2.17152 501206
2 0.614648 0.346206 2.17473 501240
2 0.599558 0.348519 2.17429 501273
2 0.590695 0.348474 2.17141 501307
2 0.581102 0.348697 2.1729 501340
2 0.573693 0.348291 2.17363 501375
2 0.569587 0.347611 2.17441 501407
2 0.567268 0.346862 2.17436 501441
2 0.566273 0.346866 2.17465 501475
2 0.56769 0.345829 2.17837 501509
2 0.573754 0.345669 2.17808 501543
2 0.578186 0.346486 2.17956 501576
2 0.585731 0.345614 2.17935 501610
2 0.591438 0.347281 2.17901 501643
2 0.601075 0.348169 2.17719 501675
2 0.611011 0.350511 2.17985 501707
2 0.618449 0.356465 2.17806 501740
2 0.63014 0.362161 2.17866 501773
2 0.643389 0.364612 2.18566 501807
2 0.652097 0.36883 2.19778 501839
2 0.660943 0.376585 2.20322 501873
2 0.672677 0.383444 2.21821 501907
2 0.6765 0.39408 2.22441 501941
2 0.678422 0.401428 2.23071 501973
2 0.679709 0.413687 2.2388 502008
2 0.678603 0.426085 2.24502 502042
2 0.676171 0.4387 2.25712 502076
2 0.670786 0.451796 2.27103 502110
2 0.665174 0.464088 2.28009 502143
2 0.657597 0.475614 2.28425 502175
2 0.647456 0.489073 2.27529 502208
2 0.632125 0.494228 2.27711 502240
2 0.613407 0.497262 2.27268 502274
2 0.597067 0.499723 2.26778 502309
2 0.581967 0.501066 2.26459 502342
2 0.567165 0.499944 2.26326 502376
2 0.557393 0.496497 2.26446 502409

3 0.178589 0.218774 2.24462 509006
3 0.179568 0.219498 2.24069 509055
3 0.180286 0.219984 2.23989 509071
3 0.182019 0.221244 2.2323 509121
3 0.185227 0.220929 2.22591 509155
3 0.189718 0.217447 2.21865 509188
3 0.195527 0.214938 2.2113 509221
3 0.202084 0.213637 2.20484 509255
3 0.212804 0.214444 2.1914 509272
3 0.221975 0.213876 2.18722 509322
3 0.232132 0.221959 2.17748 509355
3 0.241711 0.227477 2.16254 509388
3 0.249126 0.238174 2.15119 509421
3 0.255545 0.247827 2.14746 509454
3 0.261733 0.25884 2.14325 509487
3 0.263595 0.269359 2.14249 509520
3 0.262788 0.281915 2.14073 509554
3 0.263237 0.292526 2.1448 509587
3 0.259403 0.302396 2.14323 509620
3 0.256774 0.314697 2.14033 509653
3 0.251671 0.322244 2.14563 509686
3 0.245469 0.326409 2.14792 509720
3 0.241463 0.326915 2.1494 509754
3 0.23826 0.326337 2.15648 509789
3 0.237493 0.327351 2.16176 509822
3 0.236857 0.327238 2.16996 509856
3 0.239023 0.327377 2.17202 509872
3 0.241085 0.322826 2.17259 509922
3 0.244793 0.31851 2.16558 509955
3 0.250499 0.315518 2.16591 509988
3 0.255249 0.315696 2.17023 510022
3 0.261189 0.321713 2.16917 510039
3 0.269209 0.325781 2.16819 510072
3 0.278425 0.328935 2.16481 510122
3 0.287229 0.337224 2.16193 510155
3 0.291686 0.344162 2.16431 510172
3 0.296848 0.349498 2.15601 510222
3 0.29826 0.359578 2.15164 510255
3 0.299603 0.368916 2.15266 510287
3 0.301335 0.378973 2.14473 510321
3 0.298473 0.390845 2.14684 510355
3 0.293483 0.402976 2.15725 510372
3 0.287294 0.415164 2.16118 510421
3 0.277665 0.425374 2.16943 510455
3 0.271128 0.432436 2.1722 510487
3 0.26338 0.437467 2.17944 510521
3 0.255644 0.445136 2.1841 510554
3 0.247934 0.449434 2.19044 510587
3 0.239232 0.449926 2.19308 510621
3 0.229256 0.449268 2.19784 510655
3 0.222892 0.449194 2.19301 510688
3 0.212873 0.448044 2.19845 510720
3 0.205344 0.444047 2.20025 510753
3 0.200736 0.439833 2.20864 510787
3 0.195427 0.437161 2.2111 510821
3 0.190591 0.433794 2.2091 510855

4 0.312758 0.213171 2.16119 512349
4 0.31286 0.212899 2.15519 512382
4 0.314373 0.212072 2.16097 512415
4 0.319531 0.212856 2.15887 512449
4 0.32275 0.21354 2.15326 512482
4 0.33136 0.209164 2.151 512515
4 0.340992 0.206023 2.15187 512550
4 0.354335 0.209188 2.14264 512584
4 0.363656 0.211199 2.1442 512618
4 0.373351 0.215728 2.14637 512651
4 0.378997 0.221595 2.15056 512684
4 0.383671 0.226855 2.1531 512718
4 0.388734 0.239332 2.15453 512750
4 0.39322 0.249125 2.1476 512784
4 0.391674 0.25969 2.14678 512816
4 0.390043 0.27411 2.14006 512851
4 0.38305 0.282201 2.13328 512884
4 0.376161 0.290277 2.12626 512917
4 0.361939 0.299078 2.12324 512950
4 0.349878 0.306653 2.12195 512982
4 0.337831 0.311762 2.11699 513016
4 0.326115 0.312912 2.12088 513051
4 0.317736 0.316137 2.12216 513085
4 0.313106 0.317778 2.12241 513120
4 0.311387 0.318069 2.12133 513153
4 0.311256 0.318824 2.1222 513187
4 0.315421 0.317527 2.12415 513220
4 0.321531 0.316726 2.12265 513254
4 0.328645 0.316819 2.12286 513286
4 0.336379 0.316069 2.12274 513320
4 0.345583 0.318858 2.12258 513353
4 0.357709 0.323694 2.11963 513388
4 0.365813 0.328366 2.1216 513420
4 0.37549 0.337481 2.12475 513453
4 0.381785 0.344617 2.12748 513487
4 0.390013 0.355498 2.13129 513521
4 0.39521 0.362883 2.13574 513555
4 0.39771 0.371796 2.14791 513589
4 0.398425 0.384529 2.15533 513623
4 0.398212 0.396415 2.16249 513657
4 0.392679 0.406764 2.16183 513690
4 0.389815 0.420136 2.15863 513723
4 0.38188 0.427063 2.15948 513756
4 0.370753 0.432016 2.16096 513789
4 0.362478 0.440985 2.15553 513823
4 0.353009 0.446707 2.15236 513857
4 0.340581 0.448718 2.15733 513875
4 0.330452 0.451357 2.15955 513926

5 0.371219 0.232624 2.15576 519260
5 0.371229 0.232708 2.15514 519294
5 0.371969 0.232786 2.14667 519327
5 0.371847 0.232563 2.14413 519359
5 0.373796 0.227772 2.13944 519392
5 0.377721 0.22453 2.1372 519424
5 0.381765 0.220362 2.13776 519458
5 0.388971 0.220387 2.13361 519489
5 0.397129 0.217598 2.14046 519522
5 0.405301 0.222198 2.15009 519555
5 0.414154 0.228984 2.1482 519589
5 0.420468 0.233 2.15367 519623
5 0.42668 0.240787 2.15498 519656
5 0.430039 0.246954 2.15441 519689
5 0.43131 0.257705 2.1562 519724
5 0.431241 0.268056 2.14334 519756
5 0.43237 0.278441 2.14022 519789
5 0.427589 0.286904 2.14542 519822
5 0.422973 0.29874 2.13926 519856
5 0.412626 0.308253 2.13812 519890
5 0.401259 0.319038 2.12975 519923
5 0.389195 0.325381 2.12843 519958
5 0.379414 0.330933 2.12782 519990
5 0.369459 0.339101 2.12573 520024
5 0.364116 0.344321 2.12544 520057
5 0.36099 0.34716 2.12441 520091
5 0.359627 0.347752 2.1256 520124
5 0.35981 0.347518 2.1257 520158
5 0.364559 0.345258 2.13029 520192
5 0.370541 0.342438 2.12748 520224
5 0.37777 0.345004 2.1301 520258
5 0.381657 0.346618 2.13278 520291
5 0.390097 0.34813 2.13101 520326
5 0.403745 0.350109 2.12943 520360
5 0.415904 0.352781 2.1258 520393
5 0.423557 0.358104 2.14265 520426
5 0.428488 0.364228 2.1526 520459
5 0.434604 0.372481 2.15592 520493
5 0.440612 0.380705 2.16554 520527
5 0.442091 0.389068 2.17032 520560
5 0.444115 0.398929 2.17652 520593
5 0.442952 0.411103 2.18349 520627
5 0.440162 0.421306 2.19138 520661
5 0.435533 0.433565 2.19331 520694
5 0.427976 0.443129 2.19552 520727
5 0.418021 0.449273 2.19532 520759
5 0.409114 0.457091 2.19164 520792
5 0.398641 0.464 2.18623 520826
5 0.3867 0.468375 2.1834 520859
5 0.376501 0.469591 2.1831 520893
5 0.366943 0.470305 2.18201 520927
5 0.355557 0.468343 2.18386 520961
5 0.348222 0.46142 2.18434 520996

6 0.355624 0.251256 2.15649 522118
6 0.355678 0.251455 2.15365 522151
6 0.358678 0.25287 2.15361 522184
6 0.364393 0.252641 2.14882 522217
6 0.369403 0.252891 2.14777 522250
6 0.375886 0.252816 2.14363 522300
6 0.384735 0.252272 2.14573 522316
6 0.394841 0.253365 2.14757 522367
6 0.403744 0.256802 2.14675 522384
6 0.412745 0.265039 2.15121 522418
6 0.423418 0.271902 2.14607 522468
6 0.434061 0.280202 2.14868 522485
6 0.441393 0.293383 2.15 522519
6 0.444879 0.301159 2.15508 522552
6 0.445935 0.31365 2.15744 522584
6 0.445002 0.325089 2.15204 522617
6 0.438948 0.335988 2.15203 522668
6 0.434696 0.343367 2.14899 522685
6 0.426586 0.352393 2.14707 522719
6 0.415885 0.36103 2.13792 522754
6 0.407285 0.368708 2.13734 522788
6 0.397564 0.374488 2.13293 522821
6 0.387055 0.379453 2.13067 522855
6 0.380644 0.38185 2.12854 522889
6 0.371447 0.383694 2.13649 522922
6 0.364812 0.385081 2.14759 522955
6 0.359779 0.385558 2.15104 522988
6 0.360733 0.381189 2.15188 523020
6 0.364833 0.3822 2.14817 523054
6 0.368466 0.380881 2.14791 523087
6 0.374862 0.378377 2.1416 523121
6 0.379416 0.376993 2.13996 523154
6 0.387035 0.377646 2.14373 523188
6 0.392764 0.381836 2.15263 523220
6 0.403096 0.38497 2.15868 523253
6 0.416448 0.387296 2.16304 523286
6 0.424119 0.390888 2.17384 523321
6 0.434196 0.398838 2.1773 523355
6 0.440162 0.405815 2.18325 523387
6 0.444003 0.416544 2.18736 523420
6 0.444649 0.427201 2.19157 523453
6 0.445434 0.437969 2.19491 523487
6 0.444274 0.448691 2.20271 523537
6 0.443029 0.461704 2.21328 523553
6 0.439624 0.479062 2.22146 523588
6 0.434583 0.49549 2.22445 523621
6 0.423785 0.503941 2.22429 523656
6 0.409367 0.508457 2.21684 523689
6 0.392633 0.514228 2.21882 523723
6 0.378514 0.519594 2.21416 523757
6 0.366597 0.522812 2.20977 523791
6 0.35168 0.519218 2.21291 523824
6 0.338594 0.517704 2.21563 523857
6 0.327249 0.514629 2.21724 523889
6 0.318799 0.511204 2.21964 523924

7 0.460567 0.242634 2.23249 533868
7 0.464634 0.24413 2.2372 533903
7 0.469042 0.243766 2.23028 533937
7 0.472109 0.243147 2.22804 533970
7 0.473669 0.243145 2.2269 534002
7 0.479494 0.241973 2.22502 534036
7 0.484798 0.242823 2.22455 534070
7 0.492961 0.239591 2.21079 534104
7 0.50162 0.236861 2.20126 534137
7 0.510416 0.239798 2.19816 534170
7 0.518491 0.243824 2.1974 534203
7 0.525565 0.249099 2.19771 534237
7 0.532032 0.25683 2.19897 534271
7 0.537477 0.268325 2.19812 534304
7 0.541169 0.279328 2.19256 534336
7 0.544235 0.289984 2.18753 534371
7 0.541274 0.297414 2.18984 534404
7 0.539198 0.303784 2.1824 534438
7 0.532178 0.314158 2.17921 534471
7 0.528067 0.320951 2.17701 534504
7 0.520418 0.330186 2.17698 534535
7 0.511335 0.338758 2.18447 534570
7 0.50222 0.341826 2.18374 534603
7 0.494943 0.345854 2.18718 534636
7 0.486563 0.34559 2.18847 534669
7 0.482739 0.344373 2.1937 534703
7 0.480452 0.343284 2.19747 534736
7 0.478633 0.342604 2.19983 534769
7 0.478979 0.342649 2.20236 534803
7 0.482906 0.339745 2.20808 534836
7 0.487441 0.341747 2.20692 534870
7 0.490719 0.34243 2.2111 534904
7 0.498182 0.343893 2.20751 534938
7 0.502888 0.345273 2.20494 534972
7 0.512258 0.347292 2.19608 535005
7 0.519927 0.348952 2.19743 535037
7 0.527368 0.352194 2.19906 535070
7 0.537849 0.357417 2.19716 535105
7 0.54513 0.361063 2.20011 535137
7 0.549914 0.363918 2.20481 535170
7 0.556679 0.372038 2.21033 535204
7 0.561609 0.378015 2.2138 535238
7 0.563126 0.384158 2.22145 535271
7 0.565366 0.393438 2.23293 535303
7 0.565077 0.402393 2.24089 535336
7 0.561318 0.413959 2.24135 535370
7 0.557627 0.422524 2.24824 535403
7 0.553251 0.433568 2.25715 535437
7 0.545661 0.442363 2.25401 535471
7 0.536746 0.449389 2.25216 535504
7 0.528294 0.457062 2.24988 535537
7 0.519137 0.463633 2.24699 535571
7 0.50721 0.467576 2.24954 535605
7 0.497881 0.469873 2.24906 535638
7 0.487551 0.470754 2.24865 535671
7 0.478275 0.467406 2.25323 535704
7 0.470124 0.464037 2.25393 535737
7 0.461686 0.45951 2.25511 535771
7 0.4566 0.456978 2.25226 535805
7 0.45593 0.454579 2.24933 535839
7 0.455858 0.451853 2.24976 535873

8 0.489711 0.24361 2.21955 537307
8 0.489557 0.243345 2.21921 537340
8 0.489626 0.243261 2.21644 537373
8 0.489814 0.243158 2.21534 537407
8 0.48992 0.243617 2.21863 537441
8 0.490368 0.244943 2.21532 537475
8 0.490641 0.244703 2.21974 537508
8 0.494659 0.243862 2.21031 537541
8 0.498686 0.243377 2.20541 537575
8 0.504372 0.240587 2.19276 537608
8 0.511615 0.242427 2.18847 537641
8 0.516547 0.245221 2.18522 537675
8 0.524185 0.246446 2.18186 537709
8 0.530798 0.248135 2.1814 537743
8 0.540485 0.250313 2.17534 537778
8 0.545928 0.256699 2.17758 537810
8 0.55447 0.261581 2.18365 537845
8 0.560334 0.272491 2.18457 537877
8 0.564047 0.279715 2.18285 537910
8 0.565227 0.291293 2.18023 537944
8 0.566508 0.299286 2.1803 537977
8 0.566684 0.312063 2.17825 538011
8 0.567158 0.31965 2.17896 538044
8 0.565636 0.33056 2.17907 538078
8 0.559905 0.338435 2.17631 538111
8 0.554762 0.345177 2.17493 538145
8 0.546756 0.348173 2.1786 538178
8 0.542289 0.356726 2.17893 538211
8 0.532968 0.362033 2.17616 538244
8 0.526603 0.363231 2.17777 538277
8 0.51974 0.363286 2.18714 538310
8 0.513965 0.364483 2.18906 538344
8 0.503603 0.363467 2.19071 538377
8 0.497588 0.362709 2.19301 538411
8 0.49395 0.361755 2.19458 538445
8 0.487168 0.361133 2.19742 538480
8 0.483913 0.361382 2.20041 538496
8 0.482168 0.361681 2.20269 538547
8 0.480776 0.361621 2.20351 538563
8 0.483116 0.359138 2.20643 538596
8 0.486425 0.359504 2.21107 538646
8 0.487371 0.360709 2.21311 538679
8 0.490368 0.361635 2.21526 538696
8 0.497211 0.362343 2.21215 538745
8 0.501004 0.363656 2.20736 538777
8 0.509904 0.363877 2.19739 538810
8 0.515957 0.363358 2.18978 538844
8 0.524041 0.363721 2.18524 538877
8 0.534574 0.358729 2.18507 538910
8 0.54253 0.360794 2.18091 538944
8 0.553047 0.361661 2.1869 538978
8 0.55898 0.363373 2.19558 539010
8 0.563997 0.365717 2.20353 539044
8 0.57179 0.370281 2.214 539077
8 0.575579 0.375822 2.21466 539111
8 0.5805 0.380455 2.22073 539144
8 0.581479 0.387773 2.22633 539176
8 0.583007 0.396851 2.23199 539210
8 0.582132 0.408919 2.23975 539245
8 0.577446 0.418266 2.24405 539280
8 0.573897 0.430933 2.24822 539314
8 0.570679 0.443196 2.2482 539348
8 0.56622 0.454771 2.25464 539365
8 0.560008 0.46433 2.25441 539415
8 0.554445 0.476096 2.26039 539433
8 0.549075 0.484354 2.25906 539466
8 0.540354 0.48991 2.25309 539501
8 0.529416 0.492292 2.24732 539534
8 0.518206 0.495917 2.24251 539567
8 0.50559 0.496018 2.24592 539602
8 0.493796 0.494531 2.24984 539635
8 0.483726 0.491637 2.24521 539668
8 0.476456 0.487786 2.24372 539702
8 0.46972 0.483018 2.24109 539735
8 0.465693 0.477593 2.23917 539768
8 0.463949 0.472737 2.23707 539802

9 0.487912 0.257154 2.22622 541005
9 0.48752 0.254922 2.22059 541038
9 0.487602 0.257791 2.21776 541071
9 0.489214 0.254221 2.21056 541104
9 0.490985 0.252718 2.20488 541138
9 0.495472 0.253554 2.20002 541171
9 0.500677 0.252224 2.19401 541205
9 0.507481 0.253666 2.18701 541239
9 0.513914 0.252528 2.18164 541272
9 0.520223 0.252309 2.18028 541305
9 0.527728 0.2521 2.17768 541339
9 0.536112 0.254441 2.17345 541372
9 0.542424 0.26001 2.17281 541406
9 0.547433 0.265301 2.17199 541440
9 0.556344 0.267753 2.17111 541473
9 0.560978 0.276107 2.17169 541507
9 0.564681 0.283636 2.17257 541540
9 0.565978 0.293765 2.17498 541572
9 0.566807 0.301109 2.17297 541606
9 0.568276 0.307549 2.16913 541639
9 0.568512 0.316511 2.17352 541672
9 0.565497 0.325336 2.17128 541704
9 0.558857 0.335006 2.16969 541738
9 0.554122 0.34096 2.16745 541772
9 0.546507 0.344131 2.16475 541805
9 0.539247 0.347818 2.1686 541837
9 0.531147 0.348218 2.16715 541870
9 0.524403 0.350666 2.16876 541904
9 0.514266 0.353965 2.17399 541936
9 0.50872 0.354971 2.17761 541970
9 0.50313 0.352247 2.17062 542004
9 0.49854 0.349605 2.16901 542037
9 0.493736 0.349104 2.1738 542069
9 0.492042 0.349799 2.17887 542102
9 0.490345 0.350054 2.1839 542136
9 0.489617 0.350454 2.18661 542169
9 0.491856 0.348063 2.18181 542203
9 0.493001 0.346292 2.17658 542237
9 0.494914 0.345715 2.17972 542269
9 0.498719 0.348379 2.17834 542302
9 0.502356 0.34816 2.17646 542335
9 0.511325 0.3477 2.17018 542369
9 0.516421 0.348005 2.17333 542403
9 0.525315 0.34806 2.17755 542436
9 0.53467 0.350271 2.17517 542469
9 0.542953 0.34933 2.17757 542503
9 0.550796 0.354824 2.18562 542537
9 0.557445 0.359413 2.1968 542571
9 0.566538 0.365191 2.20348 542605
9 0.572875 0.373095 2.20745 542638
9 0.576664 0.381732 2.21255 542672
9 0.579527 0.390946 2.21916 542706
9 0.581989 0.398756 2.2283 542739
9 0.581587 0.409944 2.23804 542773
9 0.57984 0.419982 2.24955 542807
9 0.575126 0.433281 2.24787 542840
9 0.570305 0.443407 2.24655 542874
9 0.562278 0.454731 2.2479 542907
9 0.555249 0.4642 2.24516 542941
9 0.54561 0.472026 2.23745 542975
9 0.536014 0.480239 2.23601 543007
9 0.527566 0.487459 2.23468 543040
9 0.518093 0.490955 2.23277 543074
9 0.50918 0.491323 2.23344 543107
9 0.501293 0.492166 2.2347 543140
9 0.492764 0.492369 2.24212 543174
9 0.488284 0.491297 2.24149 543207

10 0.478546 0.239885 2.24459 544449
10 0.48176 0.242278 2.24677 544482
10 0.483422 0.243792 2.24681 544516
10 0.486349 0.242809 2.24212 544549
10 0.488765 0.242958 2.23528 544584
10 0.490905 0.242714 2.23101 544616
10 0.496156 0.242808 2.22151 544650
10 0.501475 0.244522 2.21375 544684
10 0.50877 0.244708 2.20928 544717
10 0.51482 0.246847 2.20147 544749
10 0.523187 0.246493 2.1964 544784
10 0.530253 0.247049 2.19722 544817
10 0.537973 0.250091 2.19448 544834
10 0.543799 0.256594 2.19185 544885
10 0.548428 0.262899 2.18861 544917
10 0.554706 0.27282 2.18315 544934
10 0.557932 0.280851 2.18795 544983
10 0.56089 0.290725 2.18586 545016
10 0.563548 0.298805 2.17743 545049
10 0.56275 0.306505 2.18314 545083
10 0.558731 0.315866 2.1919 545117
10 0.556362 0.323356 2.19269 545151
10 0.553691 0.334349 2.18763 545185
10 0.550227 0.342165 2.18203 545218
10 0.545087 0.344649 2.17899 545251
10 0.541196 0.352509 2.17643 545284
10 0.533103 0.357515 2.1778 545317
10 0.527041 0.359361 2.17986 545351
10 0.518037 0.361202 2.18152 545384
10 0.510455 0.360286 2.1904 545417
10 0.501577 0.360599 2.19573 545451
10 0.498935 0.355703 2.18458 545485
10 0.494796 0.352276 2.18708 545502
10 0.489035 0.348589 2.19103 545553
10 0.485209 0.346308 2.1961 545571
10 0.481865 0.344994 2.20147 545605
10 0.481936 0.34621 2.20516 545639
10 0.484664 0.348026 2.20826 545672
10 0.488228 0.347298 2.20803 545705
10 0.491194 0.347028 2.19848 545739
10 0.495862 0.348325 2.19726 545772
10 0.49825 0.349615 2.20053 545805
10 0.50184 0.348972 2.19302 545839
10 0.510754 0.347966 2.18667 545873
10 0.516177 0.348079 2.18709 545906
10 0.524507 0.347654 2.18071 545939
10 0.534815 0.349372 2.17871 545971
10 0.542112 0.348617 2.17743 546005
10 0.549468 0.349973 2.18408 546038
10 0.557019 0.355926 2.19243 546070
10 0.566678 0.362626 2.20495 546103
10 0.572257 0.370797 2.21025 546153
10 0.577247 0.37815 2.21413 546169
10 0.579428 0.386395 2.22131 546219
10 0.582065 0.396779 2.22733 546254
10 0.583827 0.411397 2.23504 546287
10 0.582658 0.422751 2.24224 546320
10 0.580874 0.436895 2.24438 546353
10 0.574759 0.447145 2.24598 546369
10 0.570645 0.456114 2.25174 546421
10 0.564512 0.464393 2.25276 546453
10 0.557537 0.474457 2.25448 546470
10 0.550259 0.482884 2.25279 546519
10 0.541633 0.48872 2.24438 546554
10 0.531369 0.49238 2.23845 546570
10 0.520201 0.492708 2.23371 546620
10 0.510758 0.49249 2.23383 546653
10 0.50192 0.491798 2.23453 546670

