Gesto: 3
0 0.158066 0.257773 2.179 410142
0 0.157042 0.253961 2.18629 410191
0 0.157335 0.252746 2.18541 410224
0 0.156135 0.250307 2.19104 410257
0 0.156718 0.243286 2.18823 410289
0 0.157948 0.237686 2.1829 410322
0 0.160728 0.228204 2.18126 410355
0 0.168143 0.220274 2.1715 410388
0 0.17935 0.208943 2.16169 410422
0 0.187281 0.202934 2.15306 410456
0 0.197984 0.200373 2.14145 410489
0 0.206216 0.198187 2.13399 410523
0 0.216859 0.198243 2.11921 410557
0 0.229644 0.199416 2.12195 410591
0 0.238529 0.200169 2.1075 410609
0 0.247758 0.207067 2.1014 410643
0 0.252973 0.214511 2.09579 410678
0 0.255642 0.226622 2.09156 410710
0 0.258763 0.236943 2.08854 410744
0 0.257785 0.249171 2.08954 410792
0 0.251906 0.265004 2.08663 410824
0 0.248138 0.276487 2.0895 410841
0 0.241486 0.287716 2.0843 410890
0 0.236414 0.293485 2.0824 410923
0 0.228404 0.299919 2.08669 410956
0 0.223067 0.306888 2.09374 410989
0 0.214945 0.313809 2.10458 411023
0 0.209061 0.318157 2.10741 411057
0 0.203267 0.316869 2.11566 411090
0 0.200067 0.318044 2.11908 411124
0 0.197543 0.315873 2.12569 411158
0 0.196437 0.315159 2.13179 411192
0 0.192436 0.313241 2.13354 411209
0 0.19328 0.306898 2.13029 411260
0 0.195768 0.302343 2.12483 411292
0 0.198167 0.301818 2.12531 411310
0 0.203026 0.300407 2.12382 411359
0 0.208382 0.300101 2.11452 411391
0 0.211628 0.29907 2.10667 411409
0 0.217457 0.298863 2.1096 411458
0 0.223368 0.299173 2.10294 411491
0 0.231246 0.300038 2.08987 411523
0 0.237272 0.300697 2.10044 411556
0 0.243311 0.304141 2.10485 411589
0 0.250626 0.308009 2.10212 411621
0 0.26033 0.312883 2.10145 411656
0 0.267105 0.322342 2.09998 411687
0 0.26949 0.329353 2.09644 411720
0 0.270453 0.34061 2.09141 411755
0 0.268668 0.350598 2.08613 411788
0 0.270384 0.360853 2.08979 411821
0 0.266238 0.37387 2.08956 411853
0 0.264636 0.388114 2.08438 411886
0 0.260995 0.401757 2.08597 411919
0 0.254461 0.410968 2.08967 411954
0 0.246993 0.421673 2.10014 411987
0 0.243709 0.426918 2.1075 412022
0 0.236385 0.435872 2.11642 412056
0 0.228252 0.44418 2.11876 412089
0 0.220884 0.450798 2.12493 412122
0 0.211052 0.453789 2.13041 412155
0 0.205277 0.457654 2.13692 412189
0 0.198831 0.457691 2.14111 412222
0 0.191358 0.456256 2.15262 412254
0 0.186914 0.455466 2.16189 412288
0 0.182019 0.453178 2.16626 412319
0 0.178318 0.450365 2.17115 412352
0 0.179094 0.447327 2.16538 412385
0 0.17361 0.442905 2.16969 412418
0 0.175632 0.440438 2.1679 412451
0 0.175633 0.437378 2.17413 412483
0 0.178156 0.437199 2.16785 412515
0 0.177622 0.439759 2.16845 412549
0 0.178534 0.440504 2.1634 412582
0 0.179315 0.443164 2.16362 412616

1 0.411818 0.364196 2.22996 413587
1 0.413213 0.364088 2.2246 413620
1 0.417636 0.365709 2.23828 413654
1 0.416749 0.364326 2.22986 413688
1 0.4205 0.364783 2.23707 413721
1 0.424105 0.364145 2.23252 413756
1 0.431264 0.356972 2.22472 413789
1 0.437867 0.350182 2.22643 413823
1 0.448616 0.342368 2.21837 413857
1 0.457221 0.340789 2.22697 413891
1 0.465836 0.33626 2.22228 413925
1 0.470845 0.342826 2.22153 413960
1 0.478627 0.344065 2.23019 413993
1 0.48922 0.353687 2.24839 414026
1 0.497286 0.367642 2.25256 414060
1 0.502931 0.375841 2.2568 414094
1 0.50715 0.390675 2.26127 414129
1 0.503841 0.405819 2.26821 414145
1 0.494867 0.419339 2.27056 414195
1 0.489155 0.432556 2.26759 414213
1 0.479837 0.443264 2.26234 414246
1 0.470335 0.456153 2.25544 414295
1 0.46062 0.464339 2.24915 414328
1 0.451451 0.470447 2.24747 414345
1 0.44253 0.4704 2.23939 414395
1 0.436118 0.468832 2.23458 414413
1 0.432503 0.460991 2.23659 414445
1 0.431843 0.45579 2.23431 414496
1 0.431709 0.45158 2.22601 414512
1 0.43796 0.452044 2.23123 414561
1 0.443262 0.449404 2.229 414593
1 0.45175 0.449419 2.23507 414625
1 0.461322 0.449974 2.2437 414657
1 0.466445 0.449039 2.24736 414690
1 0.473101 0.451285 2.26123 414724
1 0.482079 0.454378 2.265 414756
1 0.49259 0.464424 2.26436 414790
1 0.496717 0.472983 2.28029 414822
1 0.500774 0.481588 2.28429 414855
1 0.503146 0.487542 2.29294 414887
1 0.506338 0.500211 2.29423 414919
1 0.506017 0.516033 2.30068 414953
1 0.499526 0.526118 2.31227 414986
1 0.494082 0.542052 2.30668 415019
1 0.483705 0.5604 2.29185 415052
1 0.476087 0.574698 2.27892 415085
1 0.464371 0.584178 2.28213 415118
1 0.452843 0.590452 2.285 415151
1 0.44037 0.594851 2.28047 415183
1 0.427929 0.598273 2.27257 415216
1 0.417585 0.595708 2.27138 415250
1 0.407462 0.595403 2.26818 415283
1 0.400693 0.593036 2.26578 415316
1 0.398555 0.587324 2.26589 415350
1 0.397399 0.5832 2.26028 415383
1 0.399747 0.584732 2.26334 415417
1 0.402131 0.587095 2.26156 415449
1 0.406021 0.587549 2.25832 415484
1 0.40674 0.589182 2.26253 415515
1 0.407335 0.589937 2.2675 415549

2 0.642743 0.618481 2.37517 416683
2 0.643088 0.620129 2.37787 416717
2 0.643869 0.622234 2.37451 416752
2 0.647993 0.61908 2.36684 416784
2 0.65006 0.618427 2.3801 416818
2 0.655177 0.616242 2.38072 416852
2 0.663918 0.618737 2.37866 416886
2 0.669887 0.620389 2.3776 416919
2 0.677194 0.619854 2.3808 416953
2 0.683836 0.622326 2.3875 416987
2 0.692095 0.625817 2.39863 417020
2 0.697263 0.63358 2.40324 417053
2 0.702447 0.639913 2.40827 417087
2 0.702958 0.651947 2.42313 417121
2 0.701883 0.661223 2.42025 417155
2 0.69873 0.676651 2.41008 417189
2 0.695617 0.686069 2.41675 417222
2 0.688549 0.698903 2.41718 417256
2 0.680795 0.706063 2.42262 417289
2 0.671486 0.713167 2.4217 417323
2 0.663583 0.717283 2.41879 417357
2 0.65275 0.718121 2.41742 417391
2 0.643825 0.716857 2.41731 417424
2 0.63359 0.717111 2.39797 417456
2 0.632188 0.716961 2.39246 417488
2 0.634448 0.713677 2.3998 417522
2 0.637266 0.708202 2.41342 417555
2 0.641232 0.708928 2.41243 417588
2 0.650412 0.705576 2.4118 417622
2 0.6559 0.702603 2.42018 417656
2 0.665556 0.702175 2.4296 417689
2 0.672468 0.699982 2.43355 417723
2 0.680378 0.700181 2.43739 417756
2 0.687708 0.702448 2.44741 417790
2 0.690293 0.708832 2.45781 417823
2 0.693262 0.715007 2.45922 417857
2 0.697553 0.726439 2.46772 417891
2 0.697791 0.73562 2.46881 417925
2 0.69862 0.741985 2.48154 417958
2 0.697697 0.754955 2.4821 417992
2 0.693321 0.769846 2.48216 418025
2 0.688498 0.782285 2.48535 418058
2 0.68483 0.798968 2.48173 418091
2 0.675342 0.81079 2.48842 418125
2 0.668828 0.824468 2.49491 418159
2 0.660045 0.83154 2.49553 418193
2 0.650111 0.842567 2.49155 418227
2 0.639087 0.849557 2.47803 418261
2 0.632275 0.853256 2.4728 418295
2 0.619189 0.860242 2.46157 418328
2 0.607949 0.857629 2.4478 418362
2 0.59962 0.85707 2.44361 418394
2 0.59534 0.856231 2.44102 418428
2 0.592492 0.853853 2.43197 418462
2 0.590874 0.851507 2.41949 418495
2 0.590498 0.851134 2.41412 418529
2 0.592723 0.849932 2.41311 418562
2 0.595256 0.849034 2.40861 418595
2 0.598227 0.849113 2.41203 418627
2 0.599766 0.840204 2.42197 418660

3 0.659312 0.276546 2.57975 419829
3 0.661285 0.271919 2.58515 419863
3 0.665282 0.268079 2.58609 419896
3 0.666379 0.26735 2.57933 419930
3 0.666017 0.266194 2.57394 419965
3 0.677006 0.265495 2.57191 419998
3 0.689023 0.266859 2.56949 420030
3 0.699135 0.268361 2.5813 420063
3 0.704871 0.272042 2.57354 420096
3 0.707677 0.282259 2.57227 420129
3 0.70881 0.292502 2.57334 420162
3 0.703573 0.29705 2.56894 420195
3 0.697852 0.304745 2.56824 420229
3 0.695898 0.309621 2.56948 420261
3 0.694821 0.311267 2.5673 420293
3 0.695091 0.306332 2.56903 420327
3 0.69504 0.300794 2.56762 420360
3 0.697741 0.303272 2.57291 420393
3 0.703689 0.304072 2.56968 420427
3 0.706969 0.307438 2.58029 420460
3 0.70935 0.311508 2.58988 420493
3 0.710179 0.316646 2.58135 420525
3 0.712137 0.331454 2.59017 420559
3 0.70833 0.343132 2.59254 420592
3 0.705407 0.352484 2.59231 420626
3 0.698831 0.361806 2.58075 420660
3 0.686597 0.371378 2.58761 420694
3 0.679382 0.377074 2.59096 420727
3 0.669255 0.380082 2.58768 420760
3 0.667232 0.376618 2.58613 420794
3 0.664998 0.37367 2.58834 420828
3 0.662208 0.36806 2.57714 420862
3 0.660006 0.363952 2.57487 420895
3 0.665096 0.361961 2.57214 420929

4 0.520888 0.215467 2.50986 425292
4 0.520679 0.215455 2.50494 425324
4 0.51929 0.214133 2.49957 425357
4 0.520123 0.210627 2.50264 425392
4 0.521533 0.208896 2.49632 425425
4 0.525148 0.210101 2.50415 425458
4 0.528379 0.210802 2.51244 425491
4 0.531843 0.21156 2.49931 425524
4 0.535072 0.217253 2.50866 425557
4 0.538351 0.222943 2.50267 425591
4 0.541327 0.22427 2.50598 425624
4 0.542829 0.23386 2.52575 425657
4 0.54277 0.241788 2.53802 425689
4 0.540088 0.241319 2.5197 425722
4 0.536888 0.23978 2.51793 425772
4 0.53302 0.24852 2.50022 425805
4 0.53333 0.249199 2.50768 425821
4 0.531387 0.250832 2.51371 425871
4 0.531272 0.245163 2.50907 425889
4 0.532377 0.239844 2.50598 425921
4 0.533793 0.239956 2.50323 425970
4 0.54058 0.245413 2.49407 426002
4 0.543012 0.247135 2.50006 426033
4 0.546447 0.250185 2.50069 426067
4 0.549482 0.251073 2.49871 426100
4 0.552949 0.251255 2.49173 426134
4 0.555909 0.261793 2.4901 426167
4 0.558578 0.263504 2.49537 426201
4 0.564764 0.265395 2.48962 426236
4 0.565882 0.269798 2.49133 426268
4 0.563139 0.274465 2.48629 426300
4 0.557916 0.284764 2.49009 426332
4 0.553212 0.292934 2.49921 426364
4 0.549647 0.300153 2.48115 426397
4 0.545287 0.309038 2.49649 426429
4 0.539979 0.318566 2.49423 426462
4 0.531056 0.323771 2.48388 426495
4 0.524124 0.327776 2.48148 426528
4 0.520177 0.324625 2.49011 426562
4 0.515381 0.322867 2.49672 426594
4 0.513503 0.31521 2.48989 426627
4 0.511823 0.310305 2.48785 426659
4 0.510033 0.305199 2.48808 426693
4 0.510707 0.300975 2.4857 426727

5 0.573685 0.468967 1.64017 430799
5 0.573545 0.469555 1.63271 430832
5 0.574223 0.470141 1.62879 430864
5 0.576446 0.469432 1.62596 430897
5 0.578524 0.468418 1.62702 430931
5 0.583655 0.467342 1.62473 430964
5 0.589172 0.463143 1.62298 430998
5 0.594468 0.462873 1.62327 431031
5 0.600902 0.463799 1.62347 431064
5 0.606915 0.466648 1.62239 431096
5 0.611694 0.470608 1.62569 431128
5 0.614781 0.47828 1.62353 431161
5 0.617987 0.483898 1.62622 431196
5 0.618035 0.491565 1.62961 431230
5 0.61946 0.495103 1.62527 431264
5 0.618182 0.501783 1.62531 431297
5 0.61562 0.509113 1.62657 431330
5 0.611947 0.515119 1.62768 431364
5 0.605102 0.518773 1.62874 431397
5 0.597659 0.522239 1.62924 431430
5 0.592499 0.523769 1.62935 431464
5 0.586458 0.524403 1.62699 431497
5 0.581718 0.524634 1.62421 431531
5 0.577831 0.522696 1.62115 431564
5 0.57648 0.520319 1.62246 431598
5 0.576223 0.518003 1.62173 431632
5 0.577737 0.515352 1.6232 431664
5 0.581426 0.513037 1.62437 431697
5 0.585924 0.512234 1.62511 431731
5 0.589028 0.51136 1.62885 431765
5 0.594131 0.513022 1.63217 431800
5 0.597698 0.515206 1.63413 431833
5 0.6001 0.517524 1.63718 431867
5 0.602042 0.521929 1.64117 431900
5 0.604419 0.526746 1.64828 431934
5 0.605825 0.530794 1.65187 431968
5 0.607593 0.535616 1.65364 432001
5 0.609666 0.542061 1.64794 432035
5 0.609056 0.547849 1.65086 432068
5 0.608701 0.5546 1.65109 432102
5 0.607635 0.561143 1.65515 432136
5 0.602809 0.565504 1.65805 432170
5 0.598648 0.572539 1.65936 432205
5 0.592721 0.577442 1.66049 432238
5 0.585724 0.584819 1.66139 432271
5 0.578054 0.590884 1.66098 432305
5 0.570911 0.594022 1.65902 432338
5 0.564739 0.59551 1.65681 432372
5 0.558388 0.596603 1.65354 432406
5 0.55338 0.595906 1.65182 432440
5 0.548863 0.59484 1.646 432473
5 0.546447 0.590126 1.64873 432508
5 0.544703 0.586799 1.64864 432541
5 0.545952 0.585097 1.64636 432575
5 0.548657 0.583753 1.64571 432607

6 0.383462 0.758399 1.78811 434371
6 0.384175 0.758281 1.78697 434404
6 0.384677 0.758004 1.78466 434437
6 0.388886 0.756757 1.78323 434470
6 0.392896 0.758257 1.78378 434504
6 0.396218 0.758844 1.78435 434538
6 0.401463 0.763412 1.78637 434572
6 0.406037 0.766614 1.78916 434606
6 0.40919 0.769383 1.79501 434641
6 0.410447 0.771742 1.80326 434674
6 0.40835 0.776143 1.81137 434708
6 0.407144 0.781088 1.81764 434742
6 0.403663 0.786519 1.82292 434775
6 0.398457 0.789158 1.82582 434808
6 0.392211 0.789373 1.82983 434841
6 0.386564 0.791581 1.83054 434875
6 0.382705 0.793321 1.83316 434908
6 0.377595 0.792223 1.83678 434943
6 0.374992 0.791645 1.83686 434976
6 0.373693 0.791669 1.83676 435009
6 0.375636 0.792959 1.83583 435044
6 0.377387 0.794301 1.83456 435077
6 0.378974 0.794245 1.83065 435110
6 0.38467 0.795109 1.83005 435144
6 0.389002 0.795436 1.82994 435177
6 0.39582 0.79606 1.83094 435210
6 0.400586 0.796265 1.83116 435244
6 0.406658 0.79638 1.83216 435279
6 0.412216 0.797771 1.83437 435312
6 0.415198 0.801931 1.83577 435345
6 0.418999 0.805991 1.84149 435362
6 0.419409 0.808201 1.84534 435411
6 0.420601 0.809601 1.85321 435445
6 0.41586 0.813375 1.8584 435477
6 0.410327 0.815944 1.8658 435511
6 0.403547 0.817451 1.87197 435544
6 0.396858 0.819105 1.87646 435578
6 0.387092 0.819816 1.87929 435612
6 0.380394 0.824212 1.87843 435647
6 0.373116 0.826452 1.87279 435663
6 0.36826 0.825283 1.87845 435714
6 0.360109 0.823415 1.88006 435730
6 0.355226 0.821291 1.88045 435764
6 0.351499 0.816993 1.87668 435798
6 0.347655 0.811361 1.86875 435832
6 0.344743 0.805322 1.8526 435866

7 0.349089 0.133077 1.84277 437902
7 0.356802 0.135905 1.84008 437936
7 0.366078 0.137024 1.83962 437970
7 0.373395 0.138835 1.83458 438003
7 0.381714 0.140181 1.83078 438036
7 0.389516 0.146431 1.82914 438070
7 0.395597 0.152464 1.82499 438103
7 0.40013 0.162727 1.82029 438137
7 0.403857 0.171566 1.81485 438169
7 0.402797 0.181594 1.81451 438203
7 0.400062 0.193563 1.81197 438236
7 0.395217 0.20263 1.80353 438270
7 0.389584 0.206688 1.8036 438302
7 0.383002 0.210941 1.79814 438336
7 0.379273 0.211868 1.80302 438370
7 0.379843 0.210444 1.8077 438404
7 0.382773 0.207459 1.79909 438438
7 0.384924 0.207201 1.80025 438472
7 0.390024 0.203973 1.80403 438504
7 0.396277 0.205643 1.8077 438537
7 0.404758 0.206685 1.81447 438571
7 0.412347 0.207939 1.81465 438605
7 0.417877 0.213328 1.82219 438638
7 0.421559 0.218568 1.8287 438671
7 0.425357 0.224907 1.8261 438706
7 0.431248 0.232169 1.82611 438739
7 0.434737 0.240127 1.82474 438773
7 0.43714 0.249573 1.82289 438807
7 0.435743 0.262098 1.82302 438841
7 0.432563 0.272228 1.81759 438874
7 0.423742 0.284583 1.81779 438908
7 0.415032 0.298559 1.81252 438942
7 0.406406 0.312848 1.80456 438976
7 0.395032 0.321917 1.79432 439009
7 0.383297 0.327516 1.79062 439043
7 0.373876 0.331026 1.79127 439077
7 0.36168 0.329706 1.79276 439111
7 0.354088 0.326697 1.79057 439145
7 0.348911 0.318666 1.78912 439179
7 0.34651 0.314561 1.79085 439213
7 0.350918 0.308231 1.80008 439248

8 0.109532 0.64462 1.84128 441541
8 0.106831 0.644583 1.84225 441575
8 0.106716 0.643268 1.83305 441610
8 0.109684 0.638346 1.83555 441643
8 0.114806 0.635775 1.83117 441678
8 0.123344 0.633199 1.82684 441710
8 0.133557 0.630593 1.81988 441744
8 0.145372 0.631052 1.81053 441779
8 0.157217 0.631983 1.81251 441811
8 0.17 0.636295 1.8166 441845
8 0.180593 0.642485 1.8221 441878
8 0.189534 0.653373 1.8298 441913
8 0.195006 0.664971 1.84079 441946
8 0.197832 0.679253 1.85166 441980
8 0.197693 0.690998 1.86197 442014
8 0.193651 0.704252 1.87017 442048
8 0.186553 0.718516 1.88122 442082
8 0.17788 0.728333 1.89005 442117
8 0.167187 0.741135 1.8958 442149
8 0.154337 0.754537 1.90068 442183
8 0.145999 0.762594 1.90393 442217
8 0.134485 0.76633 1.90979 442250
8 0.122964 0.768499 1.91288 442284
8 0.114986 0.768485 1.91643 442316
8 0.111976 0.764562 1.91896 442349
8 0.110627 0.765141 1.91688 442383
8 0.113225 0.763485 1.91604 442417
8 0.120408 0.763777 1.91034 442449
8 0.12933 0.766202 1.90603 442483
8 0.138133 0.766317 1.90075 442517
8 0.150423 0.768841 1.90171 442550
8 0.163189 0.771514 1.90617 442584
8 0.175679 0.7737 1.91019 442618
8 0.186253 0.776432 1.9167 442652
8 0.192992 0.782742 1.92792 442669
8 0.199978 0.789336 1.93594 442720
8 0.202116 0.794607 1.9467 442737
8 0.200513 0.803404 1.9577 442771
8 0.196124 0.811998 1.97557 442806
8 0.189872 0.823434 1.99058 442840
8 0.182435 0.83223 1.99845 442874
8 0.175501 0.839094 2.00946 442908
8 0.166569 0.842057 2.01614 442943
8 0.157528 0.848693 2.02042 442976
8 0.147336 0.849423 2.02137 443010
8 0.135046 0.852225 2.02137 443043
8 0.125467 0.853212 2.02194 443077
8 0.117944 0.849309 2.01879 443110
8 0.109783 0.845895 2.01853 443144
8 0.105177 0.840821 2.0101 443178
8 0.103249 0.833624 2.0097 443211
8 0.104217 0.829183 2.00406 443245
8 0.105572 0.830167 2.00072 443279

9 0.818353 0.233617 1.81171 446322
9 0.817183 0.230895 1.80814 446354
9 0.816695 0.230047 1.80806 446371
9 0.818134 0.230726 1.80373 446422
9 0.823601 0.230248 1.80411 446455
9 0.826273 0.226253 1.79776 446472
9 0.831652 0.22141 1.79411 446523
9 0.840821 0.217977 1.79503 446540
9 0.84797 0.217476 1.79926 446573
9 0.857562 0.222495 1.80788 446624
9 0.866855 0.224696 1.81555 446641
9 0.874039 0.232073 1.81797 446674
9 0.883839 0.237378 1.82534 446708
9 0.893826 0.24318 1.82789 446741
9 0.901622 0.25178 1.83074 446775
9 0.905363 0.263115 1.83238 446809
9 0.907618 0.277694 1.83395 446843
9 0.906997 0.291868 1.83449 446877
9 0.90624 0.303855 1.83449 446912
9 0.902729 0.317178 1.83175 446945
9 0.895458 0.330343 1.83545 446978
9 0.891255 0.346365 1.82559 447013
9 0.88599 0.354188 1.82276 447047
9 0.877316 0.362947 1.81854 447080
9 0.870615 0.36546 1.81751 447114
9 0.863658 0.368552 1.8165 447147
9 0.85696 0.36733 1.81598 447180
9 0.848992 0.365752 1.81252 447214
9 0.84435 0.363464 1.81015 447248
9 0.841675 0.363071 1.80591 447282
9 0.841197 0.361538 1.80575 447316
9 0.84272 0.357096 1.80888 447349
9 0.845379 0.352822 1.81237 447384
9 0.849504 0.351826 1.81285 447418
9 0.857943 0.352055 1.81813 447452
9 0.863258 0.354878 1.82118 447486
9 0.872117 0.35745 1.8245 447520
9 0.878822 0.358746 1.82522 447553
9 0.885399 0.360068 1.83923 447586
9 0.892079 0.362545 1.8522 447619
9 0.897376 0.368625 1.85942 447652
9 0.901216 0.376367 1.86421 447685
9 0.907126 0.385552 1.87055 447718
9 0.909116 0.394441 1.88059 447751
9 0.910784 0.404699 1.88643 447783
9 0.911963 0.417302 1.89323 447816
9 0.911588 0.430596 1.89761 447849
9 0.907133 0.446827 1.90208 447881
9 0.902337 0.459997 1.90192 447914
9 0.894447 0.473267 1.89488 447947
9 0.888292 0.48713 1.89143 447981
9 0.880109 0.501434 1.89005 448014
9 0.869736 0.511372 1.87975 448047
9 0.860408 0.519322 1.87435 448080
9 0.846739 0.527169 1.86034 448114
9 0.835909 0.531486 1.84991 448147
9 0.826617 0.532009 1.84084 448180
9 0.816187 0.528455 1.8314 448213
9 0.807915 0.523692 1.82086 448246
9 0.79996 0.514005 1.81393 448280
9 0.794629 0.507152 1.80702 448313
9 0.790945 0.498087 1.80025 448346
9 0.789471 0.486967 1.79658 448378
9 0.789948 0.475914 1.79282 448413
9 0.793137 0.465492 1.79468 448446
9 0.795667 0.457178 1.79465 448479
9 0.798252 0.451464 1.7986 448513
9 0.799225 0.449584 1.80381 448547
9 0.799127 0.450925 1.80729 448579
9 0.801416 0.454027 1.81319 448612

