Gesto: 3
0 0.146865 0.215728 1.1345 511953
0 0.147321 0.216083 1.1336 511987
0 0.147542 0.215057 1.13242 512021
0 0.147998 0.215838 1.13249 512053
0 0.148103 0.218128 1.13001 512085
0 0.149575 0.217671 1.12999 512119
0 0.150194 0.217128 1.1294 512152
0 0.149852 0.21599 1.13062 512185
0 0.150426 0.2151 1.13014 512218
0 0.15168 0.213228 1.13102 512252
0 0.15217 0.211819 1.13149 512286
0 0.154532 0.211003 1.12865 512319
0 0.157631 0.206707 1.13022 512352
0 0.159557 0.205078 1.13246 512385
0 0.163434 0.204671 1.13129 512419
0 0.167044 0.203356 1.13285 512452
0 0.170156 0.201716 1.13606 512485
0 0.173104 0.200925 1.1357 512519
0 0.176086 0.200829 1.13475 512552
0 0.179528 0.20154 1.13465 512586
0 0.182497 0.202837 1.13405 512620
0 0.184376 0.203923 1.13287 512653
0 0.185943 0.205741 1.13093 512687
0 0.188348 0.208534 1.12953 512720
0 0.190487 0.212357 1.12792 512753
0 0.19201 0.216995 1.12507 512787
0 0.193034 0.220143 1.12337 512820
0 0.19325 0.224819 1.12099 512853
0 0.192475 0.229159 1.11824 512887
0 0.191552 0.23239 1.11819 512919
0 0.189904 0.237991 1.11605 512968
0 0.188805 0.242088 1.11525 512985
0 0.187127 0.245731 1.11437 513018
0 0.185296 0.249084 1.11556 513052
0 0.182296 0.252883 1.11701 513086
0 0.181675 0.254476 1.11685 513136
0 0.179661 0.255353 1.11797 513153
0 0.177669 0.257525 1.11941 513186
0 0.176681 0.261196 1.11998 513220
0 0.176808 0.261858 1.12107 513254
0 0.176533 0.260998 1.12192 513287
0 0.176141 0.25914 1.12421 513322
0 0.17589 0.259649 1.12451 513355
0 0.176034 0.259251 1.12328 513389
0 0.177439 0.256537 1.12337 513422
0 0.17959 0.256399 1.12089 513456
0 0.18253 0.255567 1.11957 513490
0 0.184996 0.252869 1.11826 513524
0 0.187653 0.252603 1.11637 513558
0 0.19111 0.251503 1.11652 513592
0 0.194522 0.251307 1.11596 513627
0 0.197212 0.250714 1.1152 513660
0 0.199662 0.250907 1.11471 513694
0 0.202458 0.250617 1.11446 513727
0 0.204612 0.251659 1.11394 513762
0 0.207238 0.251938 1.11322 513796
0 0.209827 0.254605 1.11176 513829
0 0.211706 0.257268 1.11162 513863
0 0.212873 0.258821 1.11112 513897
0 0.214037 0.262633 1.11026 513930
0 0.215195 0.266908 1.10905 513964
0 0.214999 0.270867 1.10878 513999
0 0.214641 0.274556 1.10941 514032
0 0.213647 0.278433 1.10957 514066
0 0.210914 0.282903 1.10834 514100
0 0.209303 0.287355 1.10863 514132
0 0.206935 0.291243 1.10886 514167
0 0.204071 0.294359 1.10844 514200
0 0.201396 0.297176 1.10702 514232
0 0.198363 0.299917 1.1063 514266
0 0.194979 0.303554 1.10599 514299
0 0.192252 0.306607 1.10612 514334
0 0.188487 0.309224 1.10419 514368
0 0.184326 0.312757 1.10181 514401
0 0.180816 0.312725 1.10119 514436
0 0.178182 0.314303 1.10097 514452
0 0.177609 0.315682 1.10419 514501

1 0.246718 0.204053 1.1503 517596
1 0.247512 0.205179 1.15075 517628
1 0.247928 0.206544 1.15163 517661
1 0.249666 0.206612 1.15244 517694
1 0.249439 0.205323 1.15109 517728
1 0.249692 0.204579 1.15167 517762
1 0.250029 0.204234 1.15103 517796
1 0.252299 0.204016 1.15286 517830
1 0.253236 0.202602 1.1535 517863
1 0.253782 0.200362 1.15274 517896
1 0.2547 0.199311 1.15229 517930
1 0.257841 0.197992 1.15366 517963
1 0.260495 0.196445 1.1544 517996
1 0.262567 0.195603 1.15384 518030
1 0.264603 0.194432 1.15347 518064
1 0.267298 0.193121 1.15396 518099
1 0.270023 0.192756 1.15411 518133
1 0.273825 0.192133 1.15361 518167
1 0.276964 0.19125 1.15311 518201
1 0.279682 0.190665 1.1527 518234
1 0.282678 0.190049 1.15205 518266
1 0.284908 0.189548 1.15062 518299
1 0.289856 0.19262 1.15195 518332
1 0.293524 0.195122 1.15245 518365
1 0.296464 0.197749 1.15289 518399
1 0.298293 0.200376 1.15237 518433
1 0.3002 0.202796 1.15243 518466
1 0.300681 0.206251 1.15087 518498
1 0.301484 0.209482 1.15048 518531
1 0.302347 0.212174 1.15006 518564
1 0.300867 0.213937 1.14818 518597
1 0.300041 0.216374 1.14709 518631
1 0.298764 0.219814 1.14609 518665
1 0.296825 0.223416 1.14531 518699
1 0.292541 0.226228 1.14221 518732
1 0.289064 0.228878 1.13961 518766
1 0.286735 0.23119 1.13874 518800
1 0.282797 0.234489 1.13637 518833
1 0.279969 0.236487 1.13526 518867
1 0.276276 0.239003 1.13302 518901
1 0.274067 0.241064 1.13275 518935
1 0.27217 0.242448 1.13349 518967
1 0.269631 0.24327 1.13373 519000
1 0.267146 0.24452 1.13345 519033
1 0.264619 0.244445 1.13335 519067
1 0.263884 0.245929 1.13415 519100
1 0.262826 0.246149 1.13412 519134
1 0.261963 0.246923 1.13417 519168
1 0.262146 0.24776 1.13522 519202
1 0.261989 0.247952 1.13423 519236
1 0.261992 0.248262 1.13255 519269
1 0.262301 0.247854 1.13105 519303
1 0.263775 0.247501 1.1302 519337
1 0.266299 0.247 1.13131 519369
1 0.268315 0.246392 1.13094 519403
1 0.270322 0.245581 1.1294 519437
1 0.273424 0.24476 1.1294 519470
1 0.276343 0.244658 1.12955 519502
1 0.278811 0.243967 1.12853 519536
1 0.281952 0.243762 1.12854 519568
1 0.284925 0.243817 1.12866 519602
1 0.286866 0.244051 1.12742 519634
1 0.28934 0.246151 1.12764 519668
1 0.291894 0.245153 1.12951 519702
1 0.293327 0.24629 1.12952 519736
1 0.295095 0.247416 1.13018 519771
1 0.29648 0.248284 1.12995 519804
1 0.298605 0.249639 1.13123 519839
1 0.300037 0.250565 1.13255 519874
1 0.300467 0.253547 1.13183 519890
1 0.300477 0.254503 1.13222 519939
1 0.300491 0.257015 1.13126 519973
1 0.300914 0.259508 1.13249 520005
1 0.301342 0.261958 1.13333 520039
1 0.301081 0.264311 1.13285 520073
1 0.30042 0.266907 1.13281 520107
1 0.298285 0.270688 1.13211 520124
1 0.296815 0.27291 1.13195 520175
1 0.29489 0.27614 1.13173 520193
1 0.29374 0.278443 1.13104 520226
1 0.291011 0.281905 1.13101 520260
1 0.288798 0.284449 1.1309 520294
1 0.286056 0.287914 1.12932 520328
1 0.282309 0.290766 1.12692 520362
1 0.277821 0.293466 1.12705 520395
1 0.274294 0.295435 1.12746 520429
1 0.27096 0.297661 1.12825 520463
1 0.267906 0.298648 1.13014 520496
1 0.264053 0.29921 1.13013 520531
1 0.261226 0.299458 1.13181 520563
1 0.258942 0.297713 1.13267 520596
1 0.256962 0.29604 1.13431 520630
1 0.256365 0.294244 1.13481 520664

2 0.307076 0.185304 1.14072 523502
2 0.30933 0.186443 1.14 523536
2 0.310728 0.186275 1.13943 523570
2 0.312406 0.186366 1.13855 523602
2 0.313619 0.186332 1.13881 523635
2 0.315913 0.185842 1.13712 523668
2 0.31768 0.184577 1.13478 523701
2 0.319393 0.182759 1.13328 523734
2 0.321144 0.181535 1.13083 523766
2 0.323887 0.180229 1.12962 523800
2 0.326154 0.179434 1.12848 523834
2 0.328229 0.178496 1.1266 523867
2 0.331345 0.177512 1.12645 523900
2 0.334445 0.177311 1.12593 523934
2 0.338817 0.179049 1.126 523968
2 0.341157 0.180814 1.12495 524002
2 0.343181 0.182082 1.12238 524034
2 0.345187 0.18366 1.1199 524067
2 0.346849 0.186757 1.11793 524100
2 0.348564 0.189841 1.1159 524134
2 0.350027 0.194697 1.11427 524168
2 0.351823 0.199648 1.11248 524202
2 0.353045 0.204334 1.10895 524234
2 0.353241 0.208047 1.10493 524269
2 0.354019 0.21223 1.1017 524302
2 0.354055 0.216594 1.09892 524335
2 0.353555 0.219531 1.0965 524369
2 0.353051 0.22233 1.09414 524403
2 0.353029 0.226692 1.09349 524436
2 0.35082 0.230921 1.09187 524470
2 0.34797 0.236965 1.09405 524504
2 0.345726 0.241266 1.09476 524537
2 0.342236 0.244911 1.0947 524571
2 0.340156 0.248026 1.09543 524605
2 0.337703 0.249775 1.09598 524639
2 0.335449 0.251019 1.09646 524673
2 0.333933 0.251429 1.09759 524707
2 0.332525 0.251727 1.09942 524740
2 0.33204 0.251462 1.10092 524774
2 0.332075 0.251034 1.10183 524807
2 0.33192 0.250192 1.10198 524841
2 0.332473 0.249459 1.10094 524875
2 0.33361 0.249583 1.10028 524908
2 0.335792 0.249119 1.10027 524943
2 0.337328 0.249089 1.09941 524975
2 0.339614 0.248528 1.09733 525009
2 0.342167 0.24787 1.09735 525043
2 0.345597 0.246745 1.09835 525077
2 0.349618 0.247287 1.0985 525111
2 0.353827 0.247338 1.09877 525143
2 0.356714 0.247535 1.09816 525177
2 0.359853 0.247323 1.09867 525210
2 0.361809 0.246678 1.09835 525244
2 0.364864 0.247556 1.09904 525262
2 0.367453 0.249562 1.0992 525313
2 0.369046 0.251739 1.09938 525329
2 0.371187 0.253416 1.10048 525363
2 0.372941 0.255412 1.10113 525396
2 0.374346 0.25767 1.10231 525430
2 0.37412 0.261687 1.10148 525463
2 0.374594 0.264093 1.10286 525497
2 0.374518 0.266587 1.10382 525531
2 0.373889 0.268625 1.105 525564
2 0.372905 0.270979 1.10518 525597
2 0.370953 0.273485 1.10468 525631
2 0.368545 0.276862 1.1051 525663
2 0.36502 0.281433 1.10475 525711
2 0.36194 0.283792 1.1042 525744
2 0.35862 0.285525 1.10321 525776
2 0.355843 0.286454 1.1039 525809
2 0.353861 0.287694 1.10519 525843
2 0.350078 0.289279 1.10463 525877
2 0.345854 0.290314 1.10487 525910
2 0.341495 0.291492 1.1053 525944
2 0.336875 0.291188 1.10539 525961
2 0.332942 0.290582 1.10742 526010
2 0.328411 0.29045 1.1083 526043
2 0.324666 0.290777 1.11027 526076
2 0.321398 0.290557 1.11081 526109
2 0.317482 0.290774 1.11177 526143
2 0.314953 0.290967 1.11375 526161
2 0.310921 0.292005 1.11529 526210

3 0.393551 0.194046 1.14504 530273
3 0.394086 0.192667 1.14367 530307
3 0.394315 0.192075 1.14272 530340
3 0.395545 0.191461 1.14239 530373
3 0.396225 0.190566 1.14001 530407
3 0.39793 0.188128 1.13769 530440
3 0.398925 0.186893 1.13499 530474
3 0.401447 0.185556 1.13276 530507
3 0.404494 0.185223 1.13269 530541
3 0.407545 0.186401 1.13387 530575
3 0.410505 0.186696 1.13352 530609
3 0.413752 0.186468 1.1326 530643
3 0.416029 0.186599 1.13086 530676
3 0.418369 0.18672 1.12979 530710
3 0.420953 0.18809 1.12831 530743
3 0.42363 0.189261 1.12623 530777
3 0.424504 0.190876 1.12385 530811
3 0.42717 0.194783 1.1245 530845
3 0.429461 0.197298 1.12298 530880
3 0.430791 0.201145 1.12072 530914
3 0.43221 0.204342 1.11738 530947
3 0.433211 0.208038 1.11461 530980
3 0.432487 0.212293 1.11182 531014
3 0.432152 0.217599 1.11194 531046
3 0.429344 0.223554 1.10958 531080
3 0.427326 0.227233 1.10852 531113
3 0.42342 0.234841 1.1131 531147
3 0.420438 0.238894 1.1159 531180
3 0.417017 0.24212 1.11667 531214
3 0.412748 0.244867 1.11614 531247
3 0.409069 0.246946 1.11648 531279
3 0.405789 0.249475 1.11749 531313
3 0.401446 0.25127 1.11669 531347
3 0.398805 0.251967 1.11669 531381
3 0.396909 0.252361 1.11668 531413
3 0.394984 0.252392 1.11632 531447
3 0.392844 0.252587 1.11214 531481
3 0.392164 0.252622 1.1125 531515
3 0.393129 0.252649 1.11347 531549
3 0.394235 0.252769 1.1135 531583
3 0.395197 0.253059 1.11262 531600
3 0.395797 0.253094 1.11053 531651
3 0.398808 0.253068 1.11049 531667
3 0.401425 0.252455 1.1101 531700
3 0.405317 0.252653 1.11138 531750
3 0.408281 0.253037 1.11073 531767
3 0.410722 0.253956 1.11084 531801
3 0.413906 0.254132 1.11126 531851
3 0.416703 0.254912 1.11021 531869
3 0.418377 0.25586 1.10793 531904
3 0.421714 0.256675 1.10991 531937
3 0.423906 0.258306 1.11033 531971
3 0.426369 0.260809 1.11087 532005
3 0.428921 0.26202 1.11242 532038
3 0.43113 0.263679 1.11448 532071
3 0.432598 0.264782 1.11463 532105
3 0.432667 0.266511 1.11405 532138
3 0.432887 0.268612 1.11376 532172
3 0.433323 0.271386 1.114 532205
3 0.433437 0.27353 1.11475 532239
3 0.432826 0.275945 1.11478 532273
3 0.431136 0.279852 1.11417 532306
3 0.429038 0.282868 1.11272 532340
3 0.427225 0.286539 1.11288 532374
3 0.4259 0.28931 1.11371 532407
3 0.424039 0.292289 1.11378 532440
3 0.421343 0.295123 1.11343 532473
3 0.419647 0.297623 1.11508 532506
3 0.417545 0.300388 1.11678 532539
3 0.414921 0.302919 1.11719 532572
3 0.411867 0.305184 1.11774 532606
3 0.409126 0.306245 1.11805 532640
3 0.405383 0.306968 1.11854 532674
3 0.401862 0.306647 1.11813 532708
3 0.397787 0.305296 1.11769 532742
3 0.394149 0.304807 1.11772 532775

4 0.452515 0.184311 1.10478 535877
4 0.453523 0.184275 1.10436 535910
4 0.455212 0.18348 1.10364 535944
4 0.456575 0.183494 1.10366 535979
4 0.458293 0.181921 1.10441 536012
4 0.46007 0.180776 1.1036 536046
4 0.462452 0.179784 1.10592 536080
4 0.464445 0.180398 1.10724 536112
4 0.467663 0.180292 1.1089 536146
4 0.469986 0.179599 1.10874 536179
4 0.472805 0.179601 1.10847 536212
4 0.475694 0.179345 1.10907 536246
4 0.477388 0.180577 1.10874 536280
4 0.479191 0.182115 1.10756 536313
4 0.481234 0.184101 1.10784 536346
4 0.482933 0.187431 1.10896 536378
4 0.484837 0.19065 1.10877 536412
4 0.486542 0.194044 1.10969 536444
4 0.487492 0.196988 1.1098 536478
4 0.488073 0.199981 1.10876 536511
4 0.486782 0.203622 1.1059 536544
4 0.485334 0.20746 1.10363 536576
4 0.482975 0.211656 1.10116 536609
4 0.481012 0.215682 1.09947 536643
4 0.478601 0.220299 1.09757 536675
4 0.475001 0.224546 1.09498 536710
4 0.472172 0.227087 1.0936 536744
4 0.468653 0.230303 1.09105 536777
4 0.465204 0.233694 1.09048 536810
4 0.463229 0.236714 1.09272 536844
4 0.460418 0.237792 1.09139 536877
4 0.458544 0.238092 1.09044 536910
4 0.456789 0.237731 1.08962 536943
4 0.45617 0.237584 1.08949 536976
4 0.455894 0.236706 1.08851 537010
4 0.455814 0.236958 1.08747 537044
4 0.455834 0.236583 1.08574 537077
4 0.456966 0.235632 1.08509 537110
4 0.459151 0.235281 1.08502 537143
4 0.461698 0.235461 1.08488 537176
4 0.464413 0.235135 1.08539 537210
4 0.466252 0.234613 1.08402 537242
4 0.467677 0.235385 1.08318 537276
4 0.469294 0.23586 1.08105 537308
4 0.472562 0.236431 1.08222 537341
4 0.475072 0.23729 1.08464 537375
4 0.47812 0.238922 1.08882 537410
4 0.480642 0.240272 1.09178 537442
4 0.481703 0.241529 1.09117 537476
4 0.483023 0.243016 1.09237 537509
4 0.484965 0.244675 1.09491 537542
4 0.4865 0.246604 1.0971 537576
4 0.486093 0.249547 1.09805 537611
4 0.484529 0.252279 1.09503 537644
4 0.484967 0.254011 1.09472 537678
4 0.485453 0.254997 1.09628 537711
4 0.48507 0.256952 1.09544 537745
4 0.485283 0.259317 1.09731 537779
4 0.485598 0.262532 1.09784 537813
4 0.485499 0.264725 1.09833 537846
4 0.484936 0.267675 1.09786 537879
4 0.484294 0.26996 1.09877 537914
4 0.482949 0.273645 1.09846 537946
4 0.481741 0.276407 1.09704 537980
4 0.478594 0.280253 1.09514 538013
4 0.475483 0.283173 1.09179 538046
4 0.473663 0.284399 1.09036 538079
4 0.470316 0.287208 1.0891 538112
4 0.467249 0.289163 1.08766 538146
4 0.464385 0.290674 1.08673 538179
4 0.461924 0.29155 1.08602 538213
4 0.45986 0.290769 1.08661 538248
4 0.457225 0.291064 1.08557 538282
4 0.454125 0.290572 1.08407 538314

5 0.502886 0.181676 1.10553 562207
5 0.502197 0.180793 1.10514 562241
5 0.502816 0.179695 1.10388 562273
5 0.502037 0.179364 1.10254 562305
5 0.502991 0.179932 1.10395 562339
5 0.504074 0.179936 1.10478 562372
5 0.504731 0.17908 1.10449 562403
5 0.504922 0.177976 1.10447 562437
5 0.504765 0.176039 1.10138 562470
5 0.505159 0.175031 1.10047 562504
5 0.508575 0.174247 1.10156 562537
5 0.510508 0.173547 1.10152 562569
5 0.510994 0.17185 1.0983 562603
5 0.512455 0.170645 1.09659 562635
5 0.512361 0.169721 1.09405 562669
5 0.514117 0.170253 1.09617 562703
5 0.516544 0.172859 1.09863 562736
5 0.518846 0.175325 1.10209 562769
5 0.521043 0.176566 1.10322 562803
5 0.523709 0.177002 1.10329 562837
5 0.525746 0.17743 1.10447 562870
5 0.527853 0.178185 1.10689 562903
5 0.528646 0.17853 1.10625 562937
5 0.530916 0.179067 1.10454 562970
5 0.53173 0.178552 1.1018 563005
5 0.532822 0.178901 1.09871 563038
5 0.533694 0.181534 1.09806 563071
5 0.53508 0.185362 1.09895 563105
5 0.535658 0.188907 1.09906 563139
5 0.535447 0.191871 1.09849 563172
5 0.534669 0.195532 1.09677 563206
5 0.534164 0.197732 1.09412 563239
5 0.533093 0.199803 1.09164 563274
5 0.531613 0.203368 1.09077 563307
5 0.531202 0.207352 1.09146 563341
5 0.529833 0.210803 1.09208 563373
5 0.52862 0.21417 1.09138 563407
5 0.526628 0.217533 1.09016 563440
5 0.524736 0.22062 1.08959 563474
5 0.522993 0.22395 1.09058 563508
5 0.521205 0.22735 1.0915 563542
5 0.520205 0.2296 1.09373 563576
5 0.516947 0.231822 1.09312 563610
5 0.515593 0.233749 1.09541 563627
5 0.512508 0.233395 1.09357 563678
5 0.510729 0.234376 1.09361 563711
5 0.509849 0.234656 1.09591 563729
5 0.508658 0.234572 1.09592 563762
5 0.507508 0.234213 1.09662 563795
5 0.507405 0.234693 1.09907 563829
5 0.507217 0.233161 1.09926 563877
5 0.506848 0.232271 1.09949 563894
5 0.506635 0.231467 1.09913 563928
5 0.50684 0.23111 1.09932 563978
5 0.508168 0.230573 1.09975 563995
5 0.509214 0.230884 1.1001 564029
5 0.511043 0.230199 1.10027 564080
5 0.511744 0.229183 1.09805 564096
5 0.512912 0.227974 1.0964 564130
5 0.514613 0.227689 1.09609 564179
5 0.517513 0.227595 1.09731 564195
5 0.51979 0.228151 1.09826 564228
5 0.521453 0.228309 1.09726 564278
5 0.523886 0.22686 1.0953 564295
5 0.524267 0.225887 1.09192 564329
5 0.526 0.227015 1.09315 564362
5 0.528229 0.229276 1.0964 564396
5 0.531516 0.231354 1.10059 564445
5 0.53351 0.232271 1.10154 564462
5 0.535037 0.232454 1.10065 564496
5 0.536986 0.233508 1.10139 564530
5 0.538735 0.234501 1.10161 564563
5 0.54098 0.236809 1.10513 564597
5 0.541999 0.238239 1.10513 564630
5 0.543859 0.239332 1.10585 564665
5 0.542827 0.239861 1.10234 564698
5 0.54212 0.240693 1.09909 564732
5 0.543636 0.244378 1.10275 564766
5 0.544336 0.248857 1.10601 564801
5 0.544345 0.251629 1.10766 564834
5 0.54394 0.253923 1.10794 564868
5 0.540968 0.255111 1.10046 564903
5 0.537708 0.256681 1.09418 564936
5 0.536413 0.258451 1.09191 564970
5 0.534823 0.259998 1.08868 565004
5 0.533498 0.262107 1.08699 565038
5 0.532353 0.265278 1.08799 565071
5 0.531219 0.267993 1.08749 565105
5 0.529315 0.272018 1.08846 565139
5 0.528173 0.274615 1.08877 565172
5 0.526516 0.275982 1.08754 565206
5 0.524067 0.278614 1.08626 565239
5 0.520976 0.281058 1.08418 565270
5 0.519441 0.283087 1.08518 565303
5 0.516238 0.28495 1.08375 565336
5 0.514123 0.287181 1.08421 565370
5 0.512358 0.287665 1.08496 565403
5 0.50909 0.288778 1.08532 565438
5 0.506886 0.288136 1.08528 565471
5 0.504984 0.288345 1.08716 565504
5 0.502831 0.289181 1.08791 565537

6 0.566253 0.173626 1.06842 569216
6 0.56718 0.172419 1.06819 569233
6 0.567231 0.171195 1.06869 569268
6 0.567611 0.169422 1.06667 569316
6 0.567329 0.167267 1.06568 569333
6 0.570041 0.166292 1.06596 569366
6 0.571557 0.165469 1.06695 569416
6 0.571768 0.16544 1.06728 569433
6 0.57427 0.167069 1.07037 569465
6 0.577606 0.169231 1.07209 569517
6 0.579784 0.168436 1.07304 569533
6 0.581316 0.16931 1.07088 569566
6 0.582101 0.16919 1.06932 569600
6 0.58534 0.171763 1.07221 569635
6 0.586115 0.17462 1.074 569669
6 0.58851 0.17783 1.07477 569703
6 0.591255 0.181114 1.07546 569737
6 0.592022 0.185303 1.07685 569770
6 0.593421 0.190235 1.07725 569803
6 0.594596 0.193422 1.0747 569837
6 0.594654 0.197923 1.07329 569869
6 0.595112 0.203525 1.0724 569903
6 0.595709 0.209331 1.07225 569935
6 0.594963 0.213252 1.07012 569968
6 0.594807 0.221189 1.07197 570002
6 0.593811 0.225821 1.07109 570035
6 0.591366 0.228889 1.06804 570069
6 0.58902 0.231825 1.06601 570103
6 0.586027 0.234472 1.06359 570137
6 0.584071 0.236709 1.06317 570171
6 0.581635 0.238248 1.06126 570203
6 0.579308 0.239738 1.06007 570237
6 0.577469 0.240351 1.05894 570269
6 0.576687 0.240899 1.05914 570301
6 0.575411 0.242101 1.05941 570335
6 0.575259 0.242427 1.0602 570368
6 0.574619 0.240893 1.05777 570402
6 0.57405 0.24003 1.05564 570436
6 0.574295 0.238871 1.05455 570471
6 0.574794 0.238696 1.05443 570504
6 0.575386 0.238238 1.05387 570537
6 0.577156 0.237352 1.05514 570571
6 0.578616 0.236845 1.05494 570605
6 0.580523 0.237962 1.05692 570639
6 0.582697 0.237689 1.05633 570673
6 0.585111 0.237625 1.05694 570707
6 0.588131 0.240255 1.06145 570741
6 0.590185 0.240709 1.06176 570773
6 0.591921 0.241274 1.06214 570807
6 0.593146 0.241614 1.06149 570841
6 0.595245 0.243244 1.0622 570873
6 0.596676 0.243227 1.06125 570907
6 0.598805 0.246429 1.06474 570940
6 0.600507 0.248662 1.06688 570974
6 0.602083 0.250322 1.06839 571008
6 0.603359 0.252792 1.07093 571041
6 0.603823 0.254348 1.07005 571073
6 0.60405 0.255003 1.06698 571107
6 0.604942 0.258208 1.06889 571140
6 0.605055 0.260299 1.06801 571175
6 0.605053 0.261912 1.06529 571209
6 0.603869 0.264183 1.06144 571241
6 0.604079 0.268277 1.06318 571276
6 0.602413 0.271771 1.06173 571309
6 0.600752 0.274119 1.05869 571342
6 0.595956 0.274161 1.04787 571375
6 0.591794 0.273837 1.0383 571409
6 0.587249 0.275913 1.0324 571443
6 0.584871 0.277874 1.0298 571478
6 0.583153 0.278586 1.02834 571511
6 0.58092 0.278665 1.02739 571545
6 0.578419 0.278799 1.02688 571578
6 0.576012 0.279665 1.02501 571611
6 0.573457 0.280257 1.02477 571644
6 0.569723 0.281181 1.02465 571677
6 0.568843 0.279188 1.02385 571710
6 0.566997 0.278266 1.02402 571744

7 0.619521 0.168339 1.01461 577172
7 0.616794 0.169191 1.01405 577222
7 0.614801 0.169972 1.01573 577240
7 0.61529 0.171354 1.01689 577273
7 0.615503 0.170849 1.01641 577321
7 0.614131 0.171407 1.01452 577355
7 0.626744 0.200795 1.05685 577371
7 0.622438 0.190803 1.04501 577423
7 0.621109 0.183429 1.03537 577440
7 0.622628 0.177475 1.0282 577473
7 0.623579 0.174743 1.02257 577522
7 0.625097 0.172668 1.0187 577555
7 0.625859 0.17001 1.01791 577589
7 0.625928 0.17072 1.01791 577621
7 0.626695 0.170684 1.01903 577656
7 0.627177 0.170774 1.01863 577688
7 0.630855 0.171778 1.01814 577722
7 0.632966 0.173455 1.01928 577755
7 0.635603 0.175707 1.02045 577789
7 0.638741 0.176949 1.01982 577821
7 0.641269 0.178484 1.0171 577854
7 0.641962 0.179597 1.01599 577888
7 0.643069 0.182693 1.01726 577923
7 0.644046 0.184514 1.01832 577939
7 0.644868 0.186331 1.01774 577991
7 0.646568 0.187121 1.01708 578007
7 0.647562 0.189385 1.01733 578041
7 0.64803 0.193101 1.01816 578075
7 0.649079 0.196973 1.01984 578109
7 0.648723 0.199605 1.01987 578142
7 0.648277 0.202181 1.01913 578175
7 0.648445 0.206462 1.01983 578209
7 0.64661 0.210439 1.01919 578242
7 0.645936 0.214837 1.02 578276
7 0.645828 0.219587 1.02151 578310
7 0.642875 0.222642 1.01895 578343
7 0.640652 0.226695 1.01896 578376
7 0.640822 0.233942 1.02587 578411
7 0.637525 0.235996 1.02158 578444
7 0.635234 0.237812 1.02017 578478
7 0.632293 0.238989 1.01562 578511
7 0.630394 0.240277 1.01451 578544
7 0.627559 0.241075 1.01227 578577
7 0.625913 0.242137 1.01192 578609
7 0.624449 0.242124 1.01076 578643
7 0.623877 0.242506 1.01049 578677
7 0.623369 0.24298 1.00996 578710
7 0.623788 0.242521 1.01027 578743
7 0.624201 0.242713 1.00934 578777
7 0.624741 0.24164 1.00882 578811
7 0.626752 0.242315 1.01108 578846
7 0.628157 0.243148 1.01237 578879
7 0.629601 0.24333 1.01347 578913
7 0.630459 0.242342 1.0122 578947
7 0.631224 0.242256 1.01241 578981
7 0.633559 0.243385 1.0162 579016
7 0.63526 0.243759 1.01786 579048
7 0.636651 0.24441 1.01809 579081
7 0.637856 0.243983 1.01807 579115
7 0.638682 0.24329 1.01671 579148
7 0.640037 0.24457 1.02028 579181
7 0.642113 0.247588 1.02587 579215
7 0.642882 0.248253 1.0262 579248
7 0.643316 0.249448 1.02633 579281
7 0.643569 0.250995 1.02575 579314
7 0.64425 0.253762 1.028 579348
7 0.644692 0.255977 1.02803 579381
7 0.644172 0.257105 1.02538 579415
7 0.644551 0.259766 1.02753 579449
7 0.644547 0.261405 1.02742 579483
7 0.645188 0.264673 1.03041 579516
7 0.644812 0.268124 1.03136 579549
7 0.644534 0.269625 1.03001 579583
7 0.643662 0.271 1.0266 579617
7 0.64363 0.274177 1.02799 579651
7 0.643308 0.276592 1.02781 579685
7 0.642617 0.280771 1.02839 579719
7 0.641163 0.281582 1.02462 579753
7 0.639252 0.2835 1.02127 579786
7 0.637248 0.285133 1.0179 579819
7 0.635819 0.288966 1.01859 579852
7 0.631613 0.288464 1.00678 579885
7 0.6265 0.287609 0.996917 579919
7 0.626254 0.291625 1.00295 579954
7 0.622259 0.291037 0.995713 579987
7 0.617508 0.289934 0.98898 580021
7 0.613331 0.290141 0.98546 580055
7 0.609453 0.289724 0.982236 580089
7 0.605639 0.288889 0.979737 580123

8 0.658564 0.197024 1.28395 598090
8 0.657149 0.194932 1.28054 598141
8 0.656316 0.192909 1.27807 598158
8 0.655835 0.190702 1.27605 598191
8 0.655095 0.189881 1.27403 598225
8 0.655405 0.189618 1.27438 598259
8 0.65526 0.188601 1.27494 598292
8 0.655504 0.18764 1.27529 598325
8 0.655696 0.186695 1.27458 598359
8 0.655613 0.184704 1.27463 598393
8 0.655845 0.183598 1.27372 598426
8 0.656891 0.183423 1.2754 598459
8 0.658878 0.180955 1.27715 598493
8 0.661524 0.178867 1.27713 598526
8 0.662648 0.176726 1.27576 598560
8 0.66397 0.175192 1.27508 598593
8 0.666244 0.176598 1.27994 598626
8 0.669708 0.176676 1.28348 598661
8 0.671818 0.17592 1.28254 598694
8 0.674177 0.174457 1.28272 598727
8 0.677186 0.173093 1.28291 598760
8 0.679191 0.17234 1.28003 598793
8 0.681564 0.172328 1.2804 598826
8 0.682957 0.173166 1.28022 598858
8 0.685368 0.175972 1.2824 598891
8 0.68704 0.178488 1.28375 598941
8 0.688879 0.181364 1.28425 598958
8 0.691395 0.184335 1.28559 598991
8 0.693698 0.187365 1.28807 599040
8 0.694327 0.191736 1.29042 599057
8 0.694426 0.194248 1.2907 599107
8 0.694191 0.196064 1.28641 599140
8 0.69363 0.198843 1.28294 599157
8 0.69199 0.202303 1.27934 599207
8 0.68944 0.205875 1.27708 599240
8 0.686949 0.208574 1.27588 599257
8 0.684956 0.210828 1.27406 599307
8 0.682451 0.212969 1.27304 599339
8 0.679094 0.214699 1.27176 599356
8 0.676957 0.217476 1.27179 599407
8 0.674545 0.218221 1.27027 599424
8 0.672195 0.21949 1.26909 599458
8 0.670559 0.222505 1.2735 599492
8 0.669723 0.22329 1.27607 599526
8 0.667908 0.220993 1.2726 599560
8 0.666236 0.218621 1.26882 599594
8 0.665717 0.217147 1.26886 599626
8 0.66543 0.216323 1.26866 599660
8 0.666104 0.215195 1.26794 599692
8 0.66673 0.213151 1.26764 599726
8 0.668002 0.210653 1.2655 599760
8 0.669029 0.209065 1.26353 599795
8 0.671698 0.208068 1.26518 599828
8 0.673193 0.208659 1.26596 599861
8 0.676639 0.210786 1.27152 599894
8 0.678868 0.211877 1.2737 599926
8 0.681487 0.212125 1.27446 599960
8 0.683072 0.213121 1.27404 599994
8 0.685569 0.215269 1.27639 600027
8 0.688597 0.216677 1.27848 600059
8 0.687616 0.21514 1.27038 600093
8 0.690365 0.217704 1.27581 600126
8 0.689849 0.216152 1.26933 600159
8 0.689725 0.216953 1.26624 600209
8 0.689673 0.217666 1.26471 600226
8 0.690628 0.21814 1.26328 600261
8 0.691839 0.219762 1.26193 600294
8 0.692132 0.221131 1.25886 600327
8 0.692067 0.222343 1.2556 600361
8 0.691817 0.225629 1.2573 600395
8 0.692336 0.228905 1.25767 600430
8 0.692671 0.231195 1.25735 600463
8 0.692089 0.23344 1.25331 600496
8 0.691716 0.23472 1.25216 600528
8 0.690975 0.23858 1.25283 600562
8 0.689996 0.241366 1.25239 600596
8 0.689354 0.24314 1.25067 600630
8 0.688939 0.246452 1.25068 600663
8 0.688134 0.250416 1.2507 600696
8 0.686888 0.253562 1.24744 600729
8 0.686495 0.256104 1.24788 600763
8 0.684915 0.259222 1.24782 600798
8 0.682636 0.26343 1.24598 600831
8 0.680352 0.266645 1.24267 600866
8 0.677317 0.269477 1.23873 600899
8 0.674859 0.271941 1.23794 600933
8 0.671053 0.276428 1.23811 600966
8 0.667332 0.280156 1.23526 600999
8 0.662126 0.283297 1.23304 601033
8 0.658289 0.28438 1.23118 601065
8 0.652666 0.28519 1.2283 601098
8 0.649366 0.285247 1.22882 601131
8 0.64603 0.284167 1.2281 601164
8 0.643558 0.28374 1.2279 601196
8 0.641997 0.283267 1.22742 601228
8 0.64142 0.283093 1.22859 601262

9 0.710905 0.181539 1.22915 610209
9 0.71192 0.180573 1.22907 610242
9 0.713885 0.179733 1.23011 610274
9 0.714819 0.178729 1.23074 610308
9 0.716303 0.179805 1.23223 610340
9 0.717659 0.180165 1.23472 610374
9 0.720013 0.17947 1.23633 610407
9 0.722359 0.178891 1.23721 610441
9 0.724762 0.178065 1.23887 610474
9 0.726092 0.178 1.24053 610506
9 0.728933 0.178919 1.24365 610539
9 0.731973 0.178665 1.24486 610573
9 0.734854 0.179197 1.24618 610607
9 0.736703 0.180827 1.24788 610642
9 0.739324 0.182353 1.24666 610675
9 0.741482 0.184075 1.24566 610709
9 0.743845 0.186782 1.24675 610742
9 0.745471 0.190138 1.2469 610776
9 0.745582 0.193849 1.24609 610811
9 0.745046 0.19874 1.24526 610844
9 0.744335 0.204591 1.24473 610877
9 0.742843 0.209357 1.24205 610910
9 0.740542 0.215058 1.24149 610943
9 0.738213 0.217974 1.23424 610976
9 0.73469 0.22113 1.2265 611008
9 0.731318 0.223849 1.21974 611042
9 0.726922 0.22739 1.21387 611077
9 0.72203 0.229704 1.21096 611110
9 0.718067 0.22978 1.20627 611143
9 0.714296 0.229455 1.20301 611178
9 0.71021 0.231622 1.2013 611210
9 0.709393 0.234203 1.20836 611244
9 0.70773 0.234481 1.20844 611278
9 0.705962 0.234229 1.20908 611312
9 0.70472 0.235345 1.21358 611344
9 0.705865 0.236332 1.22085 611377
9 0.707281 0.234241 1.22134 611410
9 0.708749 0.233163 1.22171 611444
9 0.710045 0.231318 1.22254 611478
9 0.712078 0.230171 1.22248 611512
9 0.715206 0.230056 1.22454 611544
9 0.719022 0.232181 1.23241 611578
9 0.720934 0.228731 1.22549 611610
9 0.723669 0.227024 1.2199 611645
9 0.727578 0.227061 1.22083 611678
9 0.730579 0.226986 1.22239 611711
9 0.735153 0.228529 1.22359 611745
9 0.739077 0.232502 1.2262 611777
9 0.742161 0.234888 1.22955 611810
9 0.743927 0.238689 1.23101 611842
9 0.747834 0.242913 1.23106 611875
9 0.751475 0.247689 1.23449 611909
9 0.753617 0.252971 1.23738 611944
9 0.756485 0.258257 1.23912 611978
9 0.758883 0.264852 1.23936 612011
9 0.760637 0.271205 1.24046 612045
9 0.760221 0.277885 1.2398 612078
9 0.760235 0.286459 1.23989 612111
9 0.758556 0.293419 1.24105 612144
9 0.75715 0.303719 1.24393 612177
9 0.753959 0.312962 1.23931 612211
9 0.750648 0.321097 1.23749 612245
9 0.747288 0.329844 1.2348 612279
9 0.741945 0.337948 1.23272 612311
9 0.736559 0.34528 1.22994 612346
9 0.730922 0.352252 1.22646 612377
9 0.723786 0.358654 1.22158 612411
9 0.71668 0.364476 1.21855 612444
9 0.711105 0.367219 1.2157 612476
9 0.704172 0.371115 1.20937 612509
9 0.698816 0.371901 1.2056 612543
9 0.693121 0.37151 1.20093 612577
9 0.688045 0.370932 1.19611 612611

