Gesto: 3
0 0.485418 0.188766 2.03647 1.12209e+06
0 0.484672 0.188673 2.0359 1.12212e+06
0 0.484437 0.185163 2.03814 1.12216e+06
0 0.484048 0.182434 2.04104 1.12219e+06
0 0.488636 0.178207 2.03962 1.12222e+06
0 0.49269 0.175686 2.03312 1.12226e+06
0 0.496426 0.170194 2.03082 1.12229e+06
0 0.501597 0.166517 2.0241 1.12232e+06
0 0.509584 0.164218 2.01515 1.12236e+06
0 0.515809 0.161888 2.01085 1.12239e+06
0 0.525995 0.15843 2.01696 1.12242e+06
0 0.536113 0.158179 2.0204 1.12245e+06
0 0.547009 0.164701 2.02361 1.12249e+06
0 0.556278 0.168985 2.02455 1.12252e+06
0 0.566328 0.171703 2.02575 1.12256e+06
0 0.577186 0.179706 2.02937 1.12259e+06
0 0.583626 0.185608 2.03018 1.12262e+06
0 0.589024 0.195718 2.03312 1.12266e+06
0 0.59355 0.205653 2.03022 1.12269e+06
0 0.596272 0.217735 2.03449 1.12272e+06
0 0.597318 0.231072 2.03034 1.12276e+06
0 0.597705 0.242719 2.02821 1.12279e+06
0 0.593576 0.254715 2.01953 1.12282e+06
0 0.58868 0.270557 2.01202 1.12286e+06
0 0.578063 0.285656 2.00427 1.12289e+06
0 0.567449 0.296489 2.00036 1.12292e+06
0 0.558981 0.308185 1.99621 1.12296e+06
0 0.547084 0.315504 1.99626 1.12299e+06
0 0.537294 0.32249 1.99644 1.12303e+06
0 0.528867 0.326471 2.00056 1.12306e+06
0 0.522678 0.329893 2.00344 1.12309e+06
0 0.517228 0.332182 1.99889 1.12313e+06
0 0.514226 0.333329 1.99614 1.12316e+06
0 0.516163 0.330568 1.99993 1.12319e+06
0 0.518779 0.328904 2.00165 1.12321e+06
0 0.52522 0.328673 2.00175 1.12326e+06
0 0.53043 0.327335 1.99948 1.12329e+06
0 0.540129 0.325875 2.00387 1.12333e+06
0 0.548515 0.325653 2.00618 1.12336e+06
0 0.556297 0.324604 2.00439 1.12339e+06
0 0.567089 0.32585 2.01088 1.12343e+06
0 0.57567 0.330623 2.01893 1.12346e+06
0 0.583158 0.335173 2.02702 1.12348e+06
0 0.590599 0.33803 2.03533 1.12353e+06
0 0.596458 0.342162 2.0403 1.12356e+06
0 0.603168 0.349578 2.04514 1.1236e+06
0 0.609632 0.35662 2.05184 1.12363e+06
0 0.612141 0.365521 2.05873 1.12366e+06
0 0.611879 0.374333 2.06597 1.12368e+06
0 0.610269 0.384841 2.06802 1.12373e+06
0 0.607219 0.397931 2.07009 1.12375e+06
0 0.600467 0.408378 2.07246 1.12378e+06
0 0.596567 0.416973 2.06337 1.12383e+06
0 0.588043 0.427124 2.06363 1.12385e+06
0 0.575842 0.436301 2.0595 1.12388e+06
0 0.564417 0.444105 2.05694 1.12392e+06
0 0.551242 0.450894 2.04928 1.12395e+06
0 0.538125 0.454371 2.04665 1.12398e+06
0 0.52503 0.454678 2.03853 1.12403e+06
0 0.516875 0.455981 2.0342 1.12405e+06
0 0.50652 0.457718 2.03337 1.12408e+06
0 0.499296 0.45757 2.03487 1.12412e+06
0 0.493296 0.458146 2.03494 1.12415e+06
0 0.488055 0.455499 2.02778 1.12418e+06
0 0.484993 0.452472 2.02689 1.12422e+06
0 0.48316 0.450384 2.02633 1.12425e+06

1 0.487769 0.192524 2.03192 1.12559e+06
1 0.48602 0.190888 2.03307 1.12562e+06
1 0.488312 0.185263 2.03596 1.12566e+06
1 0.489402 0.182329 2.0337 1.12569e+06
1 0.490892 0.180912 2.03217 1.12572e+06
1 0.492794 0.17829 2.03086 1.12576e+06
1 0.500075 0.176329 2.02689 1.12579e+06
1 0.505556 0.175263 2.02211 1.12582e+06
1 0.513348 0.175398 2.01627 1.12586e+06
1 0.522953 0.174571 2.02081 1.12589e+06
1 0.529892 0.175095 2.01998 1.12593e+06
1 0.540039 0.174202 2.02235 1.12596e+06
1 0.547237 0.17709 2.02184 1.12599e+06
1 0.55626 0.175826 2.02526 1.12603e+06
1 0.563203 0.177612 2.02639 1.12606e+06
1 0.57292 0.182316 2.02798 1.12609e+06
1 0.580317 0.186554 2.03115 1.12613e+06
1 0.586481 0.189454 2.03488 1.12616e+06
1 0.59297 0.192406 2.03918 1.1262e+06
1 0.59781 0.199976 2.03678 1.12623e+06
1 0.603683 0.205894 2.03896 1.12626e+06
1 0.608476 0.217435 2.03558 1.1263e+06
1 0.609326 0.224117 2.0388 1.12633e+06
1 0.607978 0.233786 2.03599 1.12636e+06
1 0.60709 0.247073 2.03727 1.12639e+06
1 0.605023 0.257096 2.03556 1.12643e+06
1 0.598916 0.270162 2.03194 1.12646e+06
1 0.592982 0.27975 2.01768 1.1265e+06
1 0.586307 0.29083 2.01232 1.12653e+06
1 0.577093 0.300925 2.01154 1.12656e+06
1 0.570715 0.307597 2.00794 1.1266e+06
1 0.56268 0.31786 2.00614 1.12661e+06
1 0.555068 0.32848 2.00636 1.12666e+06
1 0.54784 0.333281 2.00058 1.1267e+06
1 0.539769 0.338585 1.99833 1.12672e+06
1 0.532698 0.343347 2.00083 1.12676e+06
1 0.52648 0.344666 2.00034 1.1268e+06
1 0.519883 0.348112 1.99509 1.12681e+06
1 0.516925 0.349525 1.98975 1.12686e+06
1 0.515082 0.350388 1.99114 1.1269e+06
1 0.516967 0.347126 1.99394 1.12693e+06
1 0.518272 0.344924 1.98794 1.12696e+06
1 0.522626 0.34481 1.99211 1.12698e+06
1 0.52868 0.343836 1.99433 1.12703e+06
1 0.535876 0.343475 2.00238 1.12707e+06
1 0.543652 0.343206 2.00704 1.12708e+06
1 0.549236 0.342404 2.0092 1.12713e+06
1 0.556632 0.341055 2.01006 1.12716e+06
1 0.562866 0.33989 2.01339 1.12718e+06
1 0.567926 0.341394 2.01554 1.12723e+06
1 0.576015 0.342211 2.01897 1.12726e+06
1 0.583598 0.341475 2.02965 1.1273e+06
1 0.587001 0.348927 2.03789 1.12733e+06
1 0.592891 0.354239 2.04681 1.12736e+06
1 0.597081 0.359895 2.05007 1.12738e+06
1 0.599043 0.366646 2.04484 1.12743e+06
1 0.599959 0.37362 2.04541 1.12747e+06
1 0.602244 0.38102 2.04607 1.12748e+06
1 0.601404 0.389567 2.04552 1.12753e+06
1 0.598161 0.395701 2.04547 1.12756e+06
1 0.59517 0.404768 2.04785 1.1276e+06
1 0.591761 0.413377 2.04726 1.12763e+06
1 0.583919 0.424929 2.04643 1.12766e+06
1 0.579315 0.434569 2.04607 1.1277e+06
1 0.569997 0.440677 2.03909 1.12773e+06
1 0.561364 0.447351 2.03482 1.12776e+06
1 0.551486 0.453292 2.03178 1.1278e+06
1 0.539524 0.45678 2.02591 1.12783e+06
1 0.529937 0.456812 2.01333 1.12786e+06
1 0.520015 0.454492 2.0109 1.1279e+06
1 0.513317 0.454517 2.01154 1.12793e+06
1 0.503543 0.45466 2.00458 1.12796e+06
1 0.499944 0.447464 2.00479 1.128e+06
1 0.496615 0.441747 2.00197 1.12803e+06
1 0.494703 0.437415 2.00352 1.12806e+06
1 0.488733 0.439487 2.00615 1.12809e+06

2 0.49403 0.192812 2.03739 1.12942e+06
2 0.492797 0.187526 2.04083 1.12945e+06
2 0.491753 0.183247 2.04097 1.12949e+06
2 0.492921 0.178596 2.04138 1.12952e+06
2 0.495416 0.178529 2.03776 1.12955e+06
2 0.500942 0.176246 2.03344 1.12959e+06
2 0.504562 0.175583 2.03165 1.12962e+06
2 0.51238 0.176284 2.02257 1.12966e+06
2 0.51739 0.176 2.01884 1.12969e+06
2 0.523067 0.172709 2.02258 1.12972e+06
2 0.534911 0.17266 2.02417 1.12976e+06
2 0.544619 0.175552 2.02501 1.12979e+06
2 0.552717 0.178586 2.0231 1.12982e+06
2 0.559102 0.179001 2.02597 1.12986e+06
2 0.567484 0.184725 2.02807 1.12989e+06
2 0.575361 0.189703 2.03271 1.12992e+06
2 0.581555 0.198403 2.03541 1.12995e+06
2 0.586946 0.202867 2.03893 1.12999e+06
2 0.592474 0.214547 2.04118 1.13002e+06
2 0.596129 0.223638 2.04207 1.13006e+06
2 0.599748 0.234547 2.03943 1.13009e+06
2 0.600332 0.243626 2.03557 1.13012e+06
2 0.603046 0.253343 2.03445 1.13016e+06
2 0.603278 0.266932 2.03434 1.13019e+06
2 0.598564 0.278087 2.03317 1.13022e+06
2 0.593062 0.290804 2.02114 1.13026e+06
2 0.588749 0.299636 2.02019 1.13029e+06
2 0.581467 0.310819 2.01365 1.13032e+06
2 0.575345 0.320086 2.01222 1.13036e+06
2 0.56727 0.329591 2.01001 1.13039e+06
2 0.55919 0.336801 2.00677 1.13042e+06
2 0.551942 0.342717 2.00462 1.13046e+06
2 0.542139 0.35108 2.00068 1.13049e+06
2 0.532013 0.356086 1.99756 1.13053e+06
2 0.524602 0.360702 1.98878 1.13056e+06
2 0.517834 0.363096 1.9904 1.13059e+06
2 0.513107 0.363511 1.99015 1.13063e+06
2 0.509782 0.362329 1.98807 1.13066e+06
2 0.508155 0.361496 1.98665 1.1307e+06
2 0.507774 0.362088 1.98965 1.13073e+06
2 0.511248 0.363504 1.98819 1.13076e+06
2 0.516353 0.362274 1.99034 1.1308e+06
2 0.523716 0.362082 1.9916 1.13083e+06
2 0.530515 0.361298 1.99018 1.13086e+06
2 0.537083 0.356193 1.99341 1.1309e+06
2 0.543483 0.354148 1.99617 1.13093e+06
2 0.551569 0.349069 1.99706 1.13096e+06
2 0.558798 0.345263 2.00413 1.131e+06
2 0.567594 0.344116 2.01065 1.13103e+06
2 0.576228 0.344831 2.02056 1.13106e+06
2 0.583549 0.344319 2.02721 1.1311e+06
2 0.590707 0.345386 2.03141 1.13113e+06
2 0.595415 0.351604 2.03936 1.13116e+06
2 0.59984 0.355305 2.04115 1.1312e+06
2 0.602183 0.357711 2.03838 1.13123e+06
2 0.603899 0.366529 2.04298 1.13127e+06
2 0.605969 0.373828 2.0489 1.1313e+06
2 0.606479 0.383206 2.04763 1.13133e+06
2 0.606079 0.390923 2.04277 1.13137e+06
2 0.602186 0.39565 2.05072 1.1314e+06
2 0.597501 0.407594 2.05538 1.13143e+06
2 0.592748 0.415909 2.05238 1.13146e+06
2 0.585113 0.42602 2.05008 1.1315e+06
2 0.577461 0.432701 2.04724 1.13153e+06
2 0.567514 0.440418 2.04268 1.13156e+06
2 0.556585 0.448205 2.03627 1.1316e+06
2 0.548082 0.453787 2.03045 1.13163e+06
2 0.536221 0.457541 2.02725 1.13166e+06
2 0.523998 0.460368 2.01737 1.1317e+06
2 0.514756 0.465311 2.01916 1.13173e+06
2 0.504405 0.467209 2.01821 1.13176e+06
2 0.494778 0.465022 2.01379 1.1318e+06
2 0.48608 0.460694 2.00853 1.13183e+06
2 0.482017 0.457507 2.0049 1.13186e+06
2 0.478721 0.456138 2.00569 1.1319e+06

3 0.493855 0.192087 2.04024 1.13339e+06
3 0.493875 0.192365 2.03867 1.13342e+06
3 0.49383 0.191772 2.03883 1.13346e+06
3 0.495361 0.190919 2.03687 1.13349e+06
3 0.497119 0.186573 2.03605 1.13352e+06
3 0.502617 0.179917 2.0408 1.13356e+06
3 0.505681 0.177074 2.03485 1.13359e+06
3 0.513645 0.175272 2.0296 1.13363e+06
3 0.521293 0.176732 2.02919 1.13366e+06
3 0.528978 0.175289 2.03182 1.13369e+06
3 0.536702 0.176521 2.0335 1.13373e+06
3 0.543458 0.182499 2.03251 1.13376e+06
3 0.554348 0.186098 2.03547 1.1338e+06
3 0.562065 0.191536 2.03301 1.13383e+06
3 0.566537 0.198668 2.0374 1.13386e+06
3 0.574815 0.206375 2.03641 1.1339e+06
3 0.581736 0.216198 2.03592 1.13393e+06
3 0.585838 0.223154 2.02933 1.13396e+06
3 0.590549 0.228594 2.03251 1.134e+06
3 0.594807 0.239556 2.03236 1.13403e+06
3 0.599057 0.252075 2.03083 1.13406e+06
3 0.599298 0.259476 2.02821 1.1341e+06
3 0.59661 0.271942 2.02297 1.13413e+06
3 0.592515 0.287344 2.01945 1.13417e+06
3 0.588854 0.299198 2.01577 1.1342e+06
3 0.581779 0.310785 2.01167 1.13423e+06
3 0.575862 0.320254 2.00794 1.13427e+06
3 0.569667 0.329899 2.00695 1.1343e+06
3 0.560053 0.337215 2.00266 1.13434e+06
3 0.55315 0.342046 2.00054 1.13437e+06
3 0.545015 0.347924 1.99802 1.1344e+06
3 0.537974 0.353768 1.99112 1.13444e+06
3 0.53006 0.357236 1.99485 1.13447e+06
3 0.52538 0.358964 1.99246 1.1345e+06
3 0.523091 0.359957 1.9894 1.13454e+06
3 0.519727 0.360212 1.99194 1.13457e+06
3 0.519789 0.35929 1.99266 1.13460e+06
3 0.520507 0.35924 1.99018 1.13464e+06
3 0.521504 0.357685 1.99141 1.13467e+06
3 0.52355 0.354439 1.99099 1.13469e+06
3 0.530905 0.352399 1.9943 1.13474e+06
3 0.537027 0.351574 1.99855 1.13477e+06
3 0.543657 0.348615 2.00202 1.13479e+06
3 0.552302 0.34629 2.00203 1.13484e+06
3 0.558928 0.344255 2.00539 1.13487e+06
3 0.566806 0.343501 2.00774 1.13489e+06
3 0.574231 0.342509 2.01153 1.13494e+06
3 0.582912 0.34173 2.01583 1.13497e+06
3 0.58795 0.342516 2.02252 1.13499e+06
3 0.59506 0.345928 2.02828 1.13504e+06
3 0.600321 0.352071 2.02853 1.13506e+06
3 0.603047 0.355853 2.03527 1.13509e+06
3 0.606358 0.362627 2.04144 1.13512e+06
3 0.605375 0.36956 2.0451 1.13516e+06
3 0.603887 0.376971 2.04303 1.13519e+06
3 0.601759 0.386527 2.04747 1.13523e+06
3 0.599933 0.395301 2.04852 1.13526e+06
3 0.595445 0.406601 2.0495 1.13529e+06
3 0.590982 0.41449 2.05066 1.13533e+06
3 0.583142 0.426009 2.04714 1.13536e+06
3 0.579024 0.43463 2.04676 1.1354e+06
3 0.569851 0.437625 2.04244 1.13543e+06
3 0.561285 0.443471 2.03985 1.13546e+06
3 0.551602 0.448474 2.03744 1.13549e+06
3 0.54091 0.452088 2.03131 1.13553e+06
3 0.531446 0.452001 2.02165 1.13556e+06
3 0.518812 0.451646 2.00996 1.13559e+06
3 0.51095 0.447021 2.00667 1.13563e+06
3 0.503903 0.444893 2.00766 1.13566e+06
3 0.498781 0.441338 2.00728 1.1357e+06
3 0.490422 0.442387 1.99326 1.13573e+06
3 0.484227 0.43963 2.00188 1.13576e+06

4 0.49117 0.178919 2.05203 1.1368e+06
4 0.491796 0.177439 2.05135 1.13684e+06
4 0.491066 0.177418 2.04835 1.13687e+06
4 0.493612 0.181976 2.04404 1.13690e+06
4 0.493774 0.181011 2.04382 1.13694e+06
4 0.495691 0.180147 2.04145 1.13697e+06
4 0.500046 0.178835 2.03873 1.137e+06
4 0.503287 0.176216 2.03675 1.13704e+06
4 0.505745 0.175805 2.03046 1.13707e+06
4 0.512834 0.17393 2.02828 1.13710e+06
4 0.517505 0.173678 2.02873 1.13714e+06
4 0.524658 0.174348 2.02882 1.13717e+06
4 0.533917 0.175773 2.03175 1.1372e+06
4 0.540724 0.176943 2.03325 1.13724e+06
4 0.54963 0.182935 2.03647 1.13727e+06
4 0.557957 0.186999 2.03704 1.13730e+06
4 0.563838 0.191841 2.03666 1.13734e+06
4 0.571497 0.198947 2.03666 1.13737e+06
4 0.579227 0.204281 2.03719 1.13741e+06
4 0.584495 0.207902 2.0353 1.13742e+06
4 0.58872 0.215916 2.03606 1.13747e+06
4 0.593924 0.224974 2.03355 1.13751e+06
4 0.598582 0.23532 2.02883 1.13752e+06
4 0.60168 0.248453 2.03052 1.13757e+06
4 0.603305 0.257844 2.02798 1.13761e+06
4 0.602989 0.270073 2.02495 1.13764e+06
4 0.601444 0.281136 2.0239 1.13767e+06
4 0.597517 0.292728 2.02129 1.13771e+06
4 0.593078 0.307046 2.0101 1.13774e+06
4 0.586534 0.317651 2.01097 1.13777e+06
4 0.580281 0.329319 2.00759 1.13781e+06
4 0.572636 0.336384 2.00555 1.13784e+06
4 0.562681 0.343598 2.00335 1.13788e+06
4 0.554364 0.352343 2.00137 1.13789e+06
4 0.544457 0.358204 1.99523 1.13794e+06
4 0.537635 0.362944 1.99543 1.13797e+06
4 0.530291 0.365266 2.00095 1.13801e+06
4 0.521385 0.367608 1.99633 1.13804e+06
4 0.516181 0.367542 1.99569 1.13807e+06
4 0.513752 0.366879 1.99257 1.13809e+06
4 0.513904 0.364566 1.99555 1.13814e+06
4 0.517052 0.362901 1.99643 1.13816e+06
4 0.522606 0.362106 2.00173 1.13819e+06
4 0.530587 0.358377 1.99989 1.13824e+06
4 0.538574 0.353623 2.00525 1.13826e+06
4 0.546283 0.352218 2.00261 1.13829e+06
4 0.555452 0.34739 2.00281 1.13834e+06
4 0.563923 0.345251 1.99819 1.13836e+06
4 0.570462 0.342124 2.00156 1.13839e+06
4 0.577593 0.343678 2.00912 1.13843e+06
4 0.583927 0.344924 2.0192 1.13846e+06
4 0.592768 0.350878 2.02672 1.13849e+06
4 0.59676 0.358174 2.03429 1.13853e+06
4 0.599258 0.363213 2.03718 1.13856e+06
4 0.60151 0.370145 2.04051 1.13859e+06
4 0.60167 0.378312 2.03841 1.13864e+06
4 0.600857 0.382987 2.03793 1.13867e+06
4 0.599364 0.392077 2.03877 1.13869e+06
4 0.593639 0.403107 2.0438 1.13874e+06
4 0.589247 0.412039 2.04426 1.13877e+06
4 0.58293 0.423922 2.0441 1.13881e+06
4 0.575222 0.431327 2.04513 1.13884e+06
4 0.566224 0.437878 2.04157 1.13887e+06
4 0.555104 0.444429 2.03554 1.13891e+06
4 0.542815 0.451251 2.03003 1.13894e+06
4 0.5318 0.452204 2.01894 1.13897e+06
4 0.519754 0.452748 2.01191 1.13901e+06
4 0.511917 0.454337 2.00847 1.13904e+06
4 0.501646 0.455068 2.00748 1.13907e+06
4 0.490852 0.452717 2.00239 1.13911e+06
4 0.485669 0.44934 2.0032 1.13914e+06
4 0.479389 0.444573 2.00341 1.13918e+06
4 0.473517 0.439759 1.99602 1.13921e+06
4 0.471239 0.432214 1.99369 1.13923e+06

5 0.494887 0.197438 2.02741 1.14038e+06
5 0.494666 0.196377 2.02369 1.14041e+06
5 0.494456 0.195461 2.02477 1.14043e+06
5 0.494402 0.195312 2.02509 1.14048e+06
5 0.495782 0.194495 2.02007 1.14051e+06
5 0.501685 0.193531 2.02052 1.14054e+06
5 0.50503 0.193673 2.01885 1.14058e+06
5 0.509785 0.189871 2.01816 1.1406e+06
5 0.516387 0.183964 2.01833 1.14063e+06
5 0.521489 0.182797 2.01963 1.14068e+06
5 0.530659 0.18193 2.02204 1.1407e+06
5 0.537547 0.182457 2.02274 1.14073e+06
5 0.545976 0.185989 2.02032 1.14076e+06
5 0.555108 0.189333 2.02345 1.1408e+06
5 0.560721 0.191548 2.02645 1.14083e+06
5 0.568295 0.200274 2.02617 1.14086e+06
5 0.573821 0.205928 2.02653 1.1409e+06
5 0.580708 0.216216 2.02872 1.14093e+06
5 0.587774 0.223139 2.02861 1.14098e+06
5 0.593068 0.229726 2.02814 1.141e+06
5 0.595679 0.240712 2.02849 1.14103e+06
5 0.596748 0.252416 2.02327 1.14108e+06
5 0.595473 0.262168 2.01473 1.14111e+06
5 0.593488 0.273053 2.01483 1.14114e+06
5 0.592607 0.282973 2.01133 1.14118e+06
5 0.58643 0.293848 2.00637 1.14121e+06
5 0.579578 0.304152 2.00185 1.14124e+06
5 0.571663 0.314623 1.99354 1.14128e+06
5 0.563051 0.326519 1.99065 1.14129e+06
5 0.556061 0.335346 1.9864 1.14134e+06
5 0.54776 0.34281 1.9854 1.14138e+06
5 0.541458 0.345328 1.98384 1.14141e+06
5 0.533873 0.351648 1.9841 1.14144e+06
5 0.527406 0.356325 1.98295 1.14148e+06
5 0.521219 0.360593 1.98051 1.14151e+06
5 0.515248 0.364581 1.98332 1.14154e+06
5 0.510389 0.364988 1.9816 1.14158e+06
5 0.510221 0.36276 1.98059 1.14161e+06
5 0.512038 0.362341 1.98006 1.14164e+06
5 0.517692 0.356978 1.98045 1.14168e+06
5 0.521676 0.353828 1.98215 1.14171e+06
5 0.5271 0.348475 1.98354 1.14174e+06
5 0.53387 0.341469 1.98232 1.14178e+06
5 0.542382 0.337019 1.98266 1.14179e+06
5 0.549242 0.335923 1.98516 1.14184e+06
5 0.558587 0.332631 1.98865 1.14188e+06
5 0.566794 0.332103 1.99813 1.14189e+06
5 0.576068 0.335014 1.99662 1.14194e+06
5 0.582741 0.337234 2.00208 1.14198e+06
5 0.588007 0.339528 2.00857 1.142e+06
5 0.593777 0.342449 2.01508 1.14204e+06
5 0.598702 0.349259 2.01138 1.14206e+06
5 0.599957 0.356847 2.0189 1.1421e+06
5 0.602104 0.366094 2.01904 1.14214e+06
5 0.601675 0.374212 2.02831 1.14216e+06
5 0.601406 0.383024 2.03267 1.1422e+06
5 0.596214 0.390659 2.03572 1.14223e+06
5 0.593885 0.398778 2.03903 1.14226e+06
5 0.58969 0.409266 2.03919 1.1423e+06
5 0.582013 0.420774 2.04175 1.14235e+06
5 0.575134 0.4301 2.04133 1.14236e+06
5 0.567457 0.438222 2.0377 1.1424e+06
5 0.556562 0.446598 2.0326 1.14243e+06
5 0.545248 0.450811 2.0224 1.14246e+06
5 0.53465 0.454299 2.02003 1.1425e+06
5 0.523449 0.45514 2.01145 1.14253e+06
5 0.512548 0.456085 2.00732 1.14256e+06
5 0.503036 0.454702 1.99884 1.1426e+06
5 0.496538 0.456766 2.00123 1.14263e+06
5 0.487589 0.455444 1.99853 1.14267e+06
5 0.481794 0.446983 2.00196 1.1427e+06

6 0.494273 0.192256 2.0356 1.14384e+06
6 0.494143 0.193054 2.03236 1.14388e+06
6 0.49582 0.192366 2.02794 1.14391e+06
6 0.497068 0.190907 2.02883 1.14394e+06
6 0.497465 0.187767 2.02686 1.14398e+06
6 0.500966 0.183592 2.02852 1.14401e+06
6 0.504571 0.180075 2.02647 1.14404e+06
6 0.509781 0.179995 2.02263 1.14408e+06
6 0.517822 0.179694 2.02834 1.14411e+06
6 0.524219 0.180946 2.02431 1.14414e+06
6 0.530554 0.178585 2.02545 1.14418e+06
6 0.538459 0.178253 2.02444 1.14421e+06
6 0.548702 0.184083 2.02471 1.14424e+06
6 0.557328 0.187717 2.02785 1.14428e+06
6 0.566466 0.189952 2.03143 1.14431e+06
6 0.574946 0.197122 2.03204 1.14434e+06
6 0.581015 0.204647 2.02824 1.14438e+06
6 0.586087 0.209274 2.02862 1.14441e+06
6 0.590414 0.218065 2.02792 1.14444e+06
6 0.595591 0.227248 2.02582 1.14448e+06
6 0.600103 0.237337 2.02237 1.14451e+06
6 0.602844 0.250476 2.01973 1.14454e+06
6 0.60496 0.261483 2.00962 1.14458e+06
6 0.605188 0.272954 2.00241 1.14461e+06
6 0.604156 0.287435 1.99294 1.14464e+06
6 0.599601 0.30213 1.99326 1.14468e+06
6 0.594424 0.31367 1.994 1.14471e+06
6 0.586167 0.326381 1.9929 1.14474e+06
6 0.577985 0.337475 1.99079 1.14478e+06
6 0.570424 0.348283 1.9898 1.14481e+06
6 0.56232 0.357483 1.98931 1.14485e+06
6 0.552774 0.362014 1.98273 1.14488e+06
6 0.54225 0.365241 1.98032 1.14491e+06
6 0.534328 0.368473 1.98326 1.14495e+06
6 0.525473 0.374382 1.98551 1.14498e+06
6 0.517634 0.375559 1.98497 1.14501e+06
6 0.513628 0.37191 1.98541 1.14505e+06
6 0.512628 0.369569 1.98733 1.14508e+06
6 0.511948 0.37014 1.98935 1.14511e+06
6 0.516462 0.366245 1.9847 1.14514e+06
6 0.520025 0.361919 1.987 1.14518e+06
6 0.526823 0.356332 1.98874 1.14521e+06
6 0.534693 0.354568 1.98828 1.14525e+06
6 0.542566 0.351089 1.98918 1.14528e+06
6 0.550666 0.348858 1.99094 1.14531e+06
6 0.559761 0.348699 1.99185 1.14534e+06
6 0.567441 0.347296 2.00441 1.14538e+06
6 0.575643 0.349271 2.00921 1.14541e+06
6 0.58273 0.350908 2.01369 1.14544e+06
6 0.589756 0.356011 2.02295 1.14548e+06
6 0.595023 0.360923 2.02803 1.14551e+06
6 0.599327 0.369134 2.03348 1.14554e+06
6 0.601092 0.37453 2.03374 1.14558e+06
6 0.603293 0.383365 2.03285 1.14561e+06
6 0.604429 0.390506 2.03454 1.14564e+06
6 0.60342 0.398846 2.03633 1.14568e+06
6 0.598191 0.40747 2.03573 1.14571e+06
6 0.592194 0.418763 2.03533 1.14574e+06
6 0.587277 0.429786 2.03575 1.14578e+06
6 0.579026 0.43927 2.03482 1.14581e+06
6 0.568195 0.446319 2.03051 1.14585e+06
6 0.554735 0.454243 2.02326 1.14588e+06
6 0.540842 0.462977 2.02189 1.14591e+06
6 0.529378 0.468109 2.01938 1.14595e+06
6 0.517418 0.470888 2.01224 1.14598e+06
6 0.5056 0.471013 2.0092 1.14601e+06
6 0.495312 0.465624 2.00447 1.14605e+06
6 0.487136 0.460959 2.00347 1.14608e+06
6 0.478781 0.456075 2.00261 1.14611e+06
6 0.474348 0.449857 2.00414 1.14615e+06

7 0.493958 0.196161 2.02989 1.14714e+06
7 0.494209 0.194982 2.02677 1.14717e+06
7 0.494241 0.194532 2.0267 1.1472e+06
7 0.497828 0.194661 2.02739 1.14724e+06
7 0.501337 0.195201 2.02534 1.14727e+06
7 0.504881 0.1941 2.02616 1.1473e+06
7 0.509956 0.195174 2.02231 1.14734e+06
7 0.51301 0.190843 2.01737 1.14737e+06
7 0.51941 0.186732 2.01957 1.1474e+06
7 0.527294 0.188899 2.01656 1.14744e+06
7 0.533694 0.186623 2.01662 1.14747e+06
7 0.540063 0.184413 2.01266 1.1475e+06
7 0.549263 0.187272 2.01864 1.14754e+06
7 0.557469 0.189882 2.02235 1.14757e+06
7 0.563666 0.194253 2.02245 1.14760e+06
7 0.573107 0.200134 2.02551 1.14764e+06
7 0.579919 0.205693 2.02683 1.14767e+06
7 0.585955 0.208782 2.02637 1.14770e+06
7 0.58938 0.21719 2.02432 1.14774e+06
7 0.59557 0.225221 2.02952 1.14777e+06
7 0.600505 0.235568 2.02601 1.14780e+06
7 0.601912 0.249256 2.02527 1.14784e+06
7 0.601148 0.261011 2.01726 1.14787e+06
7 0.601834 0.272495 2.01558 1.1479e+06
7 0.595148 0.286824 2.00724 1.14794e+06
7 0.589133 0.298166 2.00177 1.14797e+06
7 0.578782 0.309825 1.99258 1.148e+06
7 0.570385 0.317617 1.98871 1.14804e+06
7 0.559756 0.329254 1.9915 1.14808e+06
7 0.547138 0.336734 1.99024 1.1481e+06
7 0.536947 0.342762 1.98912 1.14813e+06
7 0.529328 0.34764 1.99507 1.14817e+06
7 0.521666 0.354918 1.99452 1.1482e+06
7 0.51726 0.353841 1.99089 1.14824e+06
7 0.515541 0.351971 1.98501 1.14827e+06
7 0.517351 0.3481 1.98552 1.1483e+06
7 0.520853 0.341481 1.98418 1.14835e+06
7 0.529202 0.336812 1.98822 1.14837e+06
7 0.537485 0.333747 1.99311 1.1484e+06
7 0.547171 0.330812 1.99446 1.14845e+06
7 0.557699 0.326926 1.99114 1.14847e+06
7 0.567686 0.324161 2.00168 1.1485e+06
7 0.578036 0.324013 2.00651 1.14855e+06
7 0.588317 0.326097 2.01616 1.14858e+06
7 0.5978 0.327586 2.02325 1.1486e+06
7 0.604311 0.335017 2.02785 1.14865e+06
7 0.60954 0.344847 2.03031 1.14867e+06
7 0.612884 0.353212 2.04082 1.1487e+06
7 0.613513 0.363953 2.04804 1.14874e+06
7 0.610967 0.371853 2.04731 1.14877e+06
7 0.6101 0.384776 2.04775 1.1488e+06
7 0.60363 0.393984 2.04832 1.14884e+06
7 0.597651 0.405774 2.04896 1.14887e+06
7 0.587856 0.41417 2.04572 1.14891e+06
7 0.576088 0.426634 2.04538 1.14894e+06
7 0.566265 0.434406 2.04373 1.14897e+06
7 0.55035 0.442244 2.03547 1.14900e+06
7 0.535442 0.446151 2.02393 1.14904e+06
7 0.52334 0.443057 2.01744 1.14907e+06
7 0.51409 0.441169 2.02383 1.14910e+06
7 0.504839 0.43919 2.0223 1.14914e+06
7 0.497649 0.437242 2.02224 1.14917e+06
7 0.492193 0.433102 2.018 1.14920e+06
7 0.488263 0.427475 2.01561 1.14924e+06

8 0.500896 0.197992 2.02955 1.15018e+06
8 0.502699 0.196372 2.03278 1.15021e+06
8 0.500835 0.194863 2.02428 1.15024e+06
8 0.503615 0.193437 2.02378 1.15028e+06
8 0.506293 0.193361 2.02343 1.15031e+06
8 0.50766 0.193601 2.02117 1.15034e+06
8 0.511371 0.189886 2.02114 1.15038e+06
8 0.515586 0.192463 2.01698 1.15041e+06
8 0.522393 0.189028 2.02084 1.15044e+06
8 0.528138 0.186863 2.01967 1.15048e+06
8 0.535775 0.184618 2.02104 1.15051e+06
8 0.542935 0.187769 2.01867 1.15054e+06
8 0.550921 0.190423 2.02254 1.15058e+06
8 0.558336 0.191607 2.02554 1.15061e+06
8 0.567318 0.192714 2.02646 1.15064e+06
8 0.575491 0.199407 2.02709 1.15068e+06
8 0.581486 0.204856 2.02961 1.15071e+06
8 0.588553 0.210038 2.03049 1.15074e+06
8 0.594012 0.213722 2.0327 1.15078e+06
8 0.599325 0.221073 2.02624 1.15081e+06
8 0.602153 0.232067 2.0293 1.15084e+06
8 0.60467 0.24233 2.02837 1.15088e+06
8 0.605148 0.253754 2.02618 1.15091e+06
8 0.604067 0.267738 2.02059 1.15094e+06
8 0.601144 0.278659 2.01917 1.15098e+06
8 0.59511 0.291144 2.01552 1.15101e+06
8 0.589618 0.304873 2.00938 1.15104e+06
8 0.583236 0.313783 2.00779 1.15108e+06
8 0.575112 0.322794 2.00225 1.15111e+06
8 0.569656 0.333463 1.99557 1.15114e+06
8 0.562293 0.342314 1.99015 1.15118e+06
8 0.551401 0.346342 1.98855 1.15121e+06
8 0.542307 0.353675 1.98506 1.15124e+06
8 0.532883 0.360258 1.98875 1.15128e+06
8 0.527367 0.363856 1.98716 1.15131e+06
8 0.519527 0.365409 1.98796 1.15134e+06
8 0.515477 0.365952 1.98852 1.15138e+06
8 0.513609 0.366252 1.98965 1.15141e+06
8 0.513137 0.367093 1.99354 1.15144e+06
8 0.517349 0.364651 1.99079 1.15148e+06
8 0.520031 0.362416 1.99175 1.15151e+06
8 0.523328 0.357937 1.98522 1.15154e+06
8 0.529672 0.351936 1.98502 1.15158e+06
8 0.53777 0.349536 1.99143 1.15161e+06
8 0.544331 0.34751 1.99466 1.15164e+06
8 0.551594 0.347259 1.99421 1.15168e+06
8 0.559583 0.344085 1.99758 1.15171e+06
8 0.56831 0.342222 2.00052 1.15174e+06
8 0.574864 0.340632 2.00707 1.15178e+06
8 0.582168 0.34066 2.01403 1.15181e+06
8 0.589111 0.344194 2.02052 1.15184e+06
8 0.595786 0.347337 2.02485 1.15188e+06
8 0.599548 0.352431 2.02442 1.15191e+06
8 0.602707 0.356282 2.03042 1.15194e+06
8 0.604929 0.362633 2.03523 1.15198e+06
8 0.604764 0.370068 2.02955 1.15201e+06
8 0.604473 0.378441 2.03291 1.15204e+06
8 0.602969 0.387958 2.03627 1.15207e+06
8 0.596841 0.39502 2.03698 1.1521e+06
8 0.591683 0.40224 2.02898 1.15215e+06
8 0.585237 0.409767 2.0283 1.15219e+06
8 0.579406 0.415226 2.026 1.1522e+06
8 0.56929 0.426211 2.02398 1.15225e+06
8 0.560107 0.432008 2.02036 1.15229e+06
8 0.55136 0.437525 2.0082 1.1523e+06
8 0.538072 0.444109 2.00286 1.15235e+06
8 0.528492 0.44765 2.00005 1.15237e+06
8 0.517468 0.449766 1.99666 1.1524e+06
8 0.507253 0.447725 1.99287 1.15246e+06
8 0.498464 0.443163 1.99271 1.15247e+06
8 0.489045 0.440919 1.98972 1.15251e+06
8 0.483563 0.438837 1.98934 1.15254e+06
8 0.478145 0.438399 1.9903 1.15257e+06
8 0.472729 0.436871 1.99367 1.15261e+06

9 0.490526 0.200668 2.01001 1.15371e+06
9 0.491496 0.199531 2.01546 1.15374e+06
9 0.49297 0.198104 2.0142 1.15377e+06
9 0.495743 0.196065 2.01366 1.15382e+06
9 0.496952 0.195746 2.0092 1.15384e+06
9 0.502173 0.194951 2.0065 1.15387e+06
9 0.50844 0.190014 2.01424 1.15392e+06
9 0.514663 0.18453 2.01342 1.15395e+06
9 0.522875 0.181902 2.00996 1.15399e+06
9 0.531212 0.182178 2.00702 1.15402e+06
9 0.540436 0.181504 2.01245 1.15405e+06
9 0.550476 0.187462 2.01459 1.15408e+06
9 0.558226 0.190683 2.01892 1.15412e+06
9 0.567484 0.193087 2.01735 1.15415e+06
9 0.575451 0.196257 2.01682 1.15418e+06
9 0.583158 0.202159 2.01707 1.15422e+06
9 0.590828 0.209472 2.01993 1.15425e+06
9 0.597178 0.218967 2.01835 1.15429e+06
9 0.599987 0.231875 2.0189 1.15432e+06
9 0.603226 0.242731 2.01468 1.15435e+06
9 0.604189 0.254198 2.0137 1.15439e+06
9 0.603947 0.268291 2.00988 1.15442e+06
9 0.602139 0.280118 2.00755 1.15445e+06
9 0.59653 0.293402 2.00121 1.15449e+06
9 0.59212 0.307784 1.99591 1.15452e+06
9 0.584233 0.323334 1.99383 1.15455e+06
9 0.578404 0.333743 1.9913 1.15459e+06
9 0.568469 0.342709 1.99298 1.15462e+06
9 0.55811 0.352531 1.98855 1.15464e+06
9 0.54899 0.360481 1.98378 1.15469e+06
9 0.541284 0.361974 1.98367 1.15472e+06
9 0.532834 0.366546 1.97846 1.15474e+06
9 0.527848 0.370448 1.98068 1.15479e+06
9 0.525043 0.371034 1.98146 1.15482e+06
9 0.522067 0.369288 1.97843 1.15484e+06
9 0.521857 0.366632 1.97908 1.15489e+06
9 0.524176 0.365525 1.97855 1.15491e+06
9 0.528941 0.362816 1.97683 1.15494e+06
9 0.535247 0.360143 1.98208 1.15499e+06
9 0.54234 0.353966 1.98787 1.15501e+06
9 0.549335 0.349878 1.98798 1.15504e+06
9 0.556963 0.346573 1.99085 1.15508e+06
9 0.565031 0.344768 1.99282 1.15511e+06
9 0.572135 0.344941 2 1.15514e+06
9 0.580447 0.343839 2.00727 1.15518e+06
9 0.590154 0.345267 2.0148 1.15521e+06
9 0.597969 0.345374 2.0177 1.15524e+06
9 0.604271 0.351953 2.02613 1.15528e+06
9 0.606948 0.357776 2.03426 1.15531e+06
9 0.609484 0.364189 2.03679 1.15534e+06
9 0.611627 0.372314 2.03942 1.15538e+06
9 0.610047 0.3805 2.04308 1.15541e+06
9 0.608243 0.388931 2.04148 1.15544e+06
9 0.607885 0.401692 2.04409 1.15548e+06
9 0.60225 0.410139 2.05018 1.15551e+06
9 0.594856 0.422287 2.05046 1.15554e+06
9 0.588739 0.430496 2.04579 1.15558e+06
9 0.58083 0.439107 2.04491 1.15561e+06
9 0.569429 0.445599 2.03988 1.15564e+06
9 0.557091 0.452032 2.03436 1.15568e+06
9 0.546121 0.460153 2.03246 1.15571e+06
9 0.53383 0.465505 2.02901 1.15574e+06
9 0.521799 0.46447 2.02123 1.15578e+06
9 0.509573 0.463374 2.01302 1.15581e+06
9 0.501869 0.466422 2.01622 1.15585e+06
9 0.492197 0.464724 2.01323 1.15588e+06

