Gesto: 3
0 0.202366 0.15105 1.71437 263144
0 0.20166 0.148904 1.71592 263178
0 0.202139 0.144277 1.71866 263212
0 0.206237 0.139033 1.7199 263244
0 0.213343 0.129735 1.72064 263277
0 0.223218 0.117982 1.72023 263308
0 0.236624 0.109386 1.71726 263342
0 0.251082 0.105537 1.7121 263377
0 0.266113 0.105278 1.70763 263410
0 0.281796 0.11193 1.70101 263443
0 0.293999 0.124521 1.68873 263476
0 0.303961 0.143555 1.68363 263509
0 0.304329 0.162786 1.67418 263542
0 0.297165 0.183845 1.65741 263575
0 0.286288 0.202029 1.64567 263608
0 0.272546 0.212519 1.64621 263641
0 0.265094 0.217643 1.64821 263675
0 0.26809 0.219146 1.65003 263708
0 0.275812 0.219823 1.65178 263741
0 0.288054 0.227056 1.65131 263774
0 0.298857 0.239658 1.64291 263809
0 0.306298 0.259491 1.6346 263842
0 0.304295 0.290881 1.62585 263877
0 0.289771 0.335275 1.625 263910
0 0.2699 0.385548 1.64187 263943
0 0.252342 0.416575 1.65929 263976
0 0.234327 0.427882 1.67616 264009
0 0.217442 0.422711 1.69308 264044
0 0.206527 0.40659 1.7035 264077
0 0.202694 0.386371 1.71203 264112

1 0.362457 0.132421 1.74159 264968
1 0.363005 0.130241 1.74136 265002
1 0.366498 0.124956 1.7422 265036
1 0.372972 0.118625 1.7407 265069
1 0.383029 0.114014 1.74134 265102
1 0.399608 0.111525 1.74135 265136
1 0.418425 0.114755 1.73665 265170
1 0.434389 0.128167 1.73655 265203
1 0.444105 0.145673 1.72914 265238
1 0.443426 0.166913 1.71671 265271
1 0.431809 0.187883 1.70047 265304
1 0.414541 0.203526 1.68767 265338
1 0.398931 0.211339 1.68932 265370
1 0.396941 0.212505 1.68827 265403
1 0.402275 0.212383 1.68989 265437
1 0.414938 0.214557 1.68538 265470
1 0.428334 0.221507 1.69298 265502
1 0.441072 0.237135 1.69662 265537
1 0.445931 0.256277 1.68598 265570
1 0.441051 0.284996 1.68164 265603
1 0.4291 0.329373 1.69281 265638
1 0.402468 0.368067 1.70357 265671
1 0.370101 0.397574 1.71229 265703
1 0.34365 0.407148 1.71761 265736
1 0.328286 0.396693 1.72236 265771
1 0.321744 0.374569 1.724 265804
1 0.324603 0.34769 1.72261 265838
1 0.338625 0.321245 1.72216 265872

2 0.496735 0.111005 1.75952 266569
2 0.497136 0.109295 1.75993 266602
2 0.497531 0.108543 1.75932 266635
2 0.503571 0.106205 1.76273 266668
2 0.515721 0.104447 1.76719 266702
2 0.532862 0.105429 1.77072 266735
2 0.55066 0.113983 1.77222 266766
2 0.56429 0.136614 1.76799 266815
2 0.565345 0.152505 1.75892 266849
2 0.551915 0.168215 1.74436 266866
2 0.535415 0.179665 1.73761 266915
2 0.528134 0.180329 1.73202 266948
2 0.531726 0.177167 1.73337 266980
2 0.545819 0.175204 1.73081 267015
2 0.566439 0.183312 1.73397 267048
2 0.584183 0.200793 1.73547 267080
2 0.594648 0.227496 1.72766 267114
2 0.595486 0.267256 1.73208 267148
2 0.577707 0.305354 1.72854 267181
2 0.549926 0.329527 1.71816 267215
2 0.523443 0.344947 1.71779 267249
2 0.500987 0.349118 1.72514 267266
2 0.48178 0.342495 1.73299 267316
2 0.472707 0.325584 1.73582 267350

3 0.62325 0.105856 1.71653 268186
3 0.624552 0.105695 1.71395 268202
3 0.625718 0.105912 1.71365 268237
3 0.630272 0.10533 1.71414 268270
3 0.64284 0.104022 1.71903 268302
3 0.66302 0.106824 1.72639 268336
3 0.69046 0.120013 1.72958 268385
3 0.718672 0.146004 1.73243 268402
3 0.73181 0.175746 1.71728 268436
3 0.730784 0.201377 1.69645 268470
3 0.711702 0.21729 1.66638 268503
3 0.693334 0.220383 1.65275 268553
3 0.687853 0.218175 1.65654 268570
3 0.695402 0.217453 1.67957 268605
3 0.7146 0.218537 1.70193 268639
3 0.73352 0.225729 1.71641 268673
3 0.747126 0.241809 1.71899 268707
3 0.751261 0.272482 1.71535 268742
3 0.7462 0.308378 1.69949 268775
3 0.725942 0.352113 1.67205 268808
3 0.696444 0.385725 1.65602 268842
3 0.668125 0.395607 1.65431 268876
3 0.645782 0.389065 1.66406 268909
3 0.624368 0.370116 1.67392 268943

4 0.253227 0.465805 1.7869 270014
4 0.250895 0.46209 1.78693 270047
4 0.252908 0.453299 1.78948 270081
4 0.261131 0.446308 1.79613 270114
4 0.272753 0.438655 1.8001 270148
4 0.293333 0.437994 1.80658 270181
4 0.313154 0.447494 1.8155 270215
4 0.326369 0.465607 1.81092 270248
4 0.32116 0.50358 1.8446 270281
4 0.312749 0.528655 1.86097 270315
4 0.302419 0.539904 1.8662 270348
4 0.298144 0.540328 1.86518 270381
4 0.308082 0.532148 1.86516 270415
4 0.317255 0.542798 1.8935 270447
4 0.333217 0.559971 1.91744 270480
4 0.339953 0.585318 1.92694 270514
4 0.327336 0.609612 1.93332 270546
4 0.30037 0.626767 1.92005 270579
4 0.273907 0.619898 1.91509 270612
4 0.256035 0.598214 1.9261 270646

5 0.382294 0.47951 1.83213 271585
5 0.382475 0.476405 1.83348 271618
5 0.387898 0.469177 1.82885 271651
5 0.395238 0.460472 1.8198 271685
5 0.40814 0.450616 1.81426 271719
5 0.424912 0.446357 1.81422 271754
5 0.444105 0.44918 1.8116 271786
5 0.465652 0.459999 1.81929 271820
5 0.479297 0.480964 1.83588 271836
5 0.483181 0.501766 1.83636 271885
5 0.471026 0.524728 1.83776 271919
5 0.45517 0.534738 1.84109 271936
5 0.44518 0.533668 1.84147 271985
5 0.443836 0.52998 1.84125 272018
5 0.451298 0.526127 1.85009 272051
5 0.470641 0.526375 1.85819 272085
5 0.486026 0.53491 1.86418 272118
5 0.49222 0.556251 1.85627 272151
5 0.484943 0.591723 1.86703 272186
5 0.459608 0.627059 1.87722 272219
5 0.42361 0.645433 1.88878 272253
5 0.397592 0.639384 1.89613 272286
5 0.379552 0.615482 1.90114 272320
5 0.371067 0.58563 1.89776 272353

6 0.524872 0.451548 1.8256 273208
6 0.522401 0.447341 1.81376 273242
6 0.517142 0.447672 1.80398 273275
6 0.519454 0.437951 1.79355 273309
6 0.520503 0.431502 1.78766 273344
6 0.52862 0.422846 1.7775 273378
6 0.542739 0.421543 1.78575 273412
6 0.569053 0.426756 1.79185 273445
6 0.592648 0.436133 1.78901 273479
6 0.613203 0.454328 1.79202 273512
6 0.623246 0.478145 1.79228 273545
6 0.615856 0.50642 1.80196 273579
6 0.599915 0.524769 1.8107 273611
6 0.583152 0.530414 1.81593 273644
6 0.57734 0.526816 1.82127 273678
6 0.582359 0.521163 1.82419 273712
6 0.594485 0.516105 1.83199 273746
6 0.610106 0.518408 1.84206 273780
6 0.623561 0.530642 1.85389 273814
6 0.629178 0.551152 1.86226 273848
6 0.62251 0.587824 1.86922 273881
6 0.604383 0.633255 1.87801 273914
6 0.573858 0.669978 1.88596 273947
6 0.544959 0.682727 1.89199 273981
6 0.518332 0.673979 1.89592 274014
6 0.500584 0.652029 1.88836 274048
6 0.488799 0.623801 1.88297 274082
6 0.488874 0.596712 1.88473 274116

7 0.66633 0.442405 1.80952 275044
7 0.666887 0.44449 1.81188 275078
7 0.672123 0.438509 1.80255 275112
7 0.67906 0.433329 1.79748 275146
7 0.692688 0.430343 1.79765 275180
7 0.713452 0.428385 1.79777 275214
7 0.733671 0.436771 1.81206 275247
7 0.751716 0.455807 1.81767 275279
7 0.758291 0.481083 1.80818 275313
7 0.746516 0.510886 1.80182 275347
7 0.727933 0.531182 1.78651 275380
7 0.714978 0.53632 1.7846 275413
7 0.712452 0.528128 1.79022 275447
7 0.72507 0.521257 1.80501 275481
7 0.745691 0.522232 1.82645 275515
7 0.768378 0.535263 1.85132 275548
7 0.778467 0.558392 1.85759 275582
7 0.769412 0.595194 1.86576 275616
7 0.748575 0.635777 1.86785 275650
7 0.71704 0.659289 1.86012 275682
7 0.688387 0.664965 1.85168 275716
7 0.666099 0.655143 1.84869 275750
7 0.650209 0.639845 1.8479 275783

8 0.319928 0.650366 1.93028 277416
8 0.323385 0.643215 1.93195 277450
8 0.332579 0.639381 1.9333 277483
8 0.347116 0.637528 1.92684 277515
8 0.361363 0.65068 1.94626 277549
8 0.377059 0.675176 1.95797 277582
8 0.383166 0.706915 1.94851 277615
8 0.374523 0.733485 1.94388 277649
8 0.359284 0.74567 1.93565 277683
8 0.34885 0.738815 1.94605 277716
8 0.352603 0.728752 1.95484 277749
8 0.366568 0.725146 1.96463 277782
8 0.383538 0.732045 1.96575 277816
8 0.389826 0.752479 1.96401 277850
8 0.379221 0.781704 1.97074 277884
8 0.354099 0.809084 1.9816 277917
8 0.325861 0.821332 1.98984 277952
8 0.300325 0.811832 1.98351 277985

9 0.459002 0.654045 1.95514 278953
9 0.461518 0.653242 1.95806 278987
9 0.465511 0.652464 1.96117 279021
9 0.465794 0.652891 1.96417 279054
9 0.466783 0.650861 1.95729 279087
9 0.470983 0.651912 1.96334 279121
9 0.480701 0.653163 1.96422 279154
9 0.492402 0.662569 1.9734 279188
9 0.503171 0.68389 1.97476 279222
9 0.500866 0.712609 1.96658 279255
9 0.486371 0.745594 1.96811 279288
9 0.46792 0.760267 1.96536 279321
9 0.455343 0.760523 1.96109 279355
9 0.457799 0.752078 1.9578 279389
9 0.479233 0.739863 1.95521 279423
9 0.501538 0.735986 1.95958 279457
9 0.510601 0.745969 1.97098 279490
9 0.514058 0.779136 1.98381 279525
9 0.49037 0.807503 2.01914 279557
9 0.462695 0.827799 2.02785 279591
9 0.433353 0.836837 2.01986 279624
9 0.408167 0.827962 2.01107 279657

