Gesto: 3
0 0.409742 0.218502 1.76077 815968
0 0.411334 0.217012 1.7635 816001
0 0.413627 0.215005 1.75902 816034
0 0.417486 0.209992 1.75954 816068
0 0.421774 0.205518 1.76226 816102
0 0.426622 0.204586 1.76043 816135
0 0.431544 0.202946 1.76281 816168
0 0.435899 0.201469 1.7654 816201
0 0.443292 0.200642 1.76499 816234
0 0.449459 0.201865 1.76636 816267
0 0.456262 0.201368 1.76441 816299
0 0.463019 0.201809 1.76469 816332
0 0.467588 0.208109 1.76599 816365
0 0.470297 0.213468 1.76331 816399
0 0.472929 0.220876 1.76712 816433
0 0.472194 0.226821 1.772 816466
0 0.469727 0.23767 1.76625 816500
0 0.46782 0.245294 1.7614 816532
0 0.463262 0.24967 1.75566 816565
0 0.45984 0.258641 1.75319 816597
0 0.455434 0.266358 1.75023 816630
0 0.451948 0.269049 1.74967 816678
0 0.448783 0.269872 1.74553 816712
0 0.448416 0.270494 1.74407 816745
0 0.447362 0.272536 1.74795 816778
0 0.448928 0.2742 1.74702 816811
0 0.449966 0.275243 1.74426 816844
0 0.454967 0.273266 1.74586 816877
0 0.458892 0.27059 1.74927 816910
0 0.463236 0.270558 1.75066 816944
0 0.467343 0.270469 1.75425 816977
0 0.470108 0.270284 1.75482 817009
0 0.474826 0.272213 1.75979 817043
0 0.480019 0.274419 1.75506 817077
0 0.485451 0.278932 1.75563 817111
0 0.489343 0.282533 1.75311 817144
0 0.492211 0.290942 1.75488 817177
0 0.492937 0.29602 1.75802 817211
0 0.49301 0.299339 1.75615 817245
0 0.493381 0.306444 1.75379 817277
0 0.492071 0.313634 1.75436 817311
0 0.491046 0.3227 1.75739 817345
0 0.488338 0.328968 1.75283 817378
0 0.484152 0.334554 1.75532 817412
0 0.481616 0.342108 1.75314 817444
0 0.478262 0.345119 1.75361 817478
0 0.473852 0.348339 1.75326 817512
0 0.46986 0.349972 1.75234 817546
0 0.467576 0.351004 1.75398 817579
0 0.461576 0.352395 1.75121 817612
0 0.455888 0.351477 1.74687 817645
0 0.452879 0.350678 1.74611 817677
0 0.45199 0.35057 1.74536 817711
0 0.44884 0.350617 1.74805 817744
0 0.446314 0.350812 1.74785 817778
0 0.447843 0.349212 1.74592 817811
0 0.447743 0.347997 1.75498 817844

1 0.56177 0.213556 1.82346 819100
1 0.565711 0.211803 1.82914 819134
1 0.56999 0.212537 1.82881 819168
1 0.574679 0.211097 1.82918 819200
1 0.579849 0.209501 1.83318 819232
1 0.584931 0.210139 1.83688 819280
1 0.590847 0.209132 1.84148 819315
1 0.597265 0.209538 1.84619 819331
1 0.602681 0.213596 1.85196 819381
1 0.60637 0.215655 1.8598 819414
1 0.611767 0.219036 1.86765 819432
1 0.614344 0.221325 1.87351 819481
1 0.615351 0.222693 1.87471 819514
1 0.615434 0.22949 1.87241 819545
1 0.615073 0.23527 1.86804 819580
1 0.614131 0.243494 1.86261 819613
1 0.610959 0.248243 1.86317 819645
1 0.608924 0.251897 1.85789 819678
1 0.6066 0.255851 1.85632 819712
1 0.605256 0.25846 1.85418 819744
1 0.603229 0.259521 1.85409 819778
1 0.60102 0.259302 1.8518 819810
1 0.599069 0.25749 1.85746 819841
1 0.597403 0.256392 1.85539 819874
1 0.596526 0.255893 1.85307 819907
1 0.596587 0.254945 1.85282 819940
1 0.597121 0.255076 1.857 819972
1 0.597477 0.257021 1.85554 820004
1 0.59845 0.257402 1.85659 820039
1 0.601268 0.258138 1.85875 820072
1 0.602947 0.258801 1.86193 820106
1 0.605294 0.256983 1.86509 820140
1 0.608352 0.257462 1.86557 820172
1 0.61022 0.257263 1.8704 820205
1 0.612013 0.262815 1.87468 820239
1 0.615521 0.267641 1.88089 820272
1 0.615217 0.268955 1.88699 820305
1 0.615726 0.271123 1.88651 820338
1 0.614832 0.276888 1.8905 820373
1 0.61417 0.282598 1.89021 820406
1 0.614027 0.291811 1.8892 820439
1 0.611899 0.297228 1.88626 820472
1 0.610375 0.300397 1.88201 820506
1 0.608011 0.310253 1.88122 820540
1 0.605341 0.317793 1.8798 820572
1 0.602015 0.322433 1.87567 820604
1 0.598693 0.329601 1.87114 820637
1 0.596457 0.334777 1.8671 820672
1 0.591328 0.339089 1.8624 820705
1 0.587049 0.340447 1.85494 820738
1 0.584284 0.340886 1.85006 820772
1 0.579266 0.343804 1.84362 820805
1 0.57305 0.345718 1.83738 820839
1 0.570088 0.344632 1.83246 820873
1 0.566157 0.344786 1.83156 820905
1 0.563414 0.344363 1.83193 820937
1 0.559128 0.343749 1.8311 820971
1 0.556406 0.339621 1.8295 821005

2 0.725091 0.216603 1.90579 823018
2 0.724983 0.2173 1.90544 823051
2 0.724946 0.217679 1.90679 823084
2 0.727057 0.215023 1.9114 823117
2 0.729771 0.213683 1.90799 823152
2 0.732694 0.212699 1.90962 823185
2 0.735962 0.214202 1.91156 823217
2 0.740596 0.212785 1.91428 823250
2 0.746204 0.213152 1.92008 823284
2 0.751086 0.213748 1.92643 823317
2 0.756162 0.217798 1.93447 823350
2 0.758609 0.220809 1.93808 823384
2 0.760465 0.229041 1.94178 823417
2 0.762208 0.234354 1.94267 823450
2 0.762922 0.237517 1.94204 823483
2 0.764923 0.240631 1.94366 823516
2 0.766759 0.248556 1.94809 823548
2 0.766037 0.257761 1.93758 823581
2 0.764126 0.26625 1.94037 823613
2 0.761758 0.273073 1.93327 823646
2 0.758945 0.282593 1.92839 823677
2 0.75418 0.290509 1.92027 823710
2 0.749985 0.294969 1.91743 823743
2 0.74688 0.297671 1.91719 823777
2 0.743584 0.301054 1.91528 823810
2 0.740124 0.303786 1.91184 823843
2 0.738686 0.304559 1.91228 823876
2 0.735632 0.305433 1.90762 823909
2 0.73107 0.30892 1.90606 823943
2 0.727927 0.31431 1.90493 823976
2 0.726611 0.314916 1.9055 824009
2 0.72931 0.312133 1.90688 824043
2 0.731062 0.309504 1.90771 824076
2 0.731371 0.305633 1.90951 824110
2 0.734737 0.305336 1.91446 824143
2 0.737172 0.307833 1.91748 824176
2 0.740777 0.30458 1.92082 824211
2 0.744667 0.304078 1.92127 824244
2 0.750219 0.302489 1.93057 824277
2 0.754276 0.305941 1.93496 824311
2 0.756602 0.307988 1.94017 824344
2 0.758758 0.310072 1.94412 824377
2 0.761318 0.311479 1.95101 824410
2 0.760798 0.314858 1.95186 824443
2 0.762585 0.320886 1.95532 824477
2 0.762759 0.324928 1.95391 824510
2 0.762873 0.328314 1.951 824543
2 0.76267 0.33526 1.95701 824577
2 0.760106 0.341537 1.95865 824610
2 0.756656 0.346899 1.95208 824645
2 0.754861 0.350188 1.9498 824678
2 0.752449 0.356846 1.94913 824712
2 0.750203 0.361508 1.94567 824746
2 0.749255 0.365256 1.94426 824779
2 0.747194 0.366871 1.9329 824813
2 0.740797 0.374198 1.92606 824846
2 0.737408 0.376281 1.92664 824879
2 0.732539 0.376768 1.91826 824913
2 0.729691 0.377216 1.91266 824947
2 0.725611 0.382572 1.90859 824980
2 0.72117 0.385591 1.90499 825014
2 0.717886 0.380829 1.90064 825047
2 0.716352 0.377055 1.89894 825080
2 0.715066 0.374161 1.89396 825113
2 0.711285 0.368677 1.88738 825147
2 0.708591 0.365154 1.88429 825181
2 0.70577 0.361629 1.88215 825215
2 0.703831 0.358779 1.88126 825249

3 0.275857 0.244761 1.72771 827384
3 0.273232 0.24229 1.72381 827416
3 0.270817 0.236686 1.71961 827451
3 0.269172 0.234887 1.71383 827484
3 0.267786 0.228574 1.71205 827516
3 0.267573 0.227892 1.70945 827550
3 0.270469 0.227614 1.70525 827583
3 0.272634 0.227243 1.70374 827617
3 0.276441 0.228011 1.70239 827651
3 0.280136 0.22875 1.70115 827685
3 0.282369 0.229663 1.6986 827718
3 0.283526 0.236288 1.696 827751
3 0.287302 0.241638 1.69365 827783
3 0.290045 0.244185 1.69359 827816
3 0.291688 0.25233 1.68671 827850
3 0.290234 0.259866 1.68578 827883
3 0.289739 0.267865 1.68386 827917
3 0.28805 0.273451 1.68388 827951
3 0.285495 0.278461 1.68413 827983
3 0.281483 0.282045 1.68218 828016
3 0.278163 0.281919 1.68302 828049
3 0.276389 0.285485 1.68833 828083
3 0.273667 0.285895 1.6901 828116
3 0.272942 0.283401 1.69007 828150
3 0.27395 0.282004 1.68825 828182
3 0.276494 0.282032 1.68816 828214
3 0.281152 0.280937 1.68732 828247
3 0.286579 0.280574 1.68613 828281
3 0.291984 0.279838 1.68713 828314
3 0.294807 0.279579 1.68887 828346
3 0.301023 0.278881 1.68978 828379
3 0.305221 0.278944 1.6889 828412
3 0.308735 0.281115 1.68918 828446
3 0.311167 0.285838 1.68906 828480
3 0.316002 0.289745 1.68928 828514
3 0.319325 0.292746 1.68615 828548
3 0.320187 0.299512 1.68556 828581
3 0.320528 0.303929 1.68928 828615
3 0.319802 0.306869 1.69042 828648
3 0.318885 0.310452 1.68824 828681
3 0.318551 0.313481 1.68526 828715
3 0.316676 0.318523 1.68939 828748
3 0.315809 0.322682 1.69158 828782
3 0.312897 0.324726 1.68921 828816
3 0.310921 0.331168 1.68933 828849
3 0.310149 0.335848 1.69003 828882
3 0.30548 0.337575 1.68932 828915
3 0.303406 0.339311 1.68671 828949
3 0.300534 0.340513 1.68562 828982
3 0.296748 0.341635 1.68059 829016
3 0.294235 0.342098 1.68124 829050
3 0.291435 0.342842 1.67838 829083
3 0.28635 0.343583 1.67814 829117
3 0.282968 0.341951 1.67546 829150
3 0.280668 0.341041 1.67464 829182
3 0.278455 0.342094 1.67215 829216
3 0.275876 0.342763 1.67203 829249
3 0.272435 0.341794 1.67139 829282
3 0.270012 0.340844 1.67153 829316
3 0.268501 0.340542 1.67238 829349
3 0.267716 0.340419 1.67364 829383

4 0.355742 0.175682 1.63534 832259
4 0.356029 0.176718 1.63038 832294
4 0.35726 0.177725 1.6238 832327
4 0.359205 0.17597 1.62103 832360
4 0.361193 0.174705 1.61755 832376
4 0.364614 0.174233 1.61609 832427
4 0.369828 0.173789 1.61461 832461
4 0.373592 0.169915 1.61532 832478
4 0.378629 0.171527 1.61164 832512
4 0.382221 0.172628 1.61095 832546
4 0.385771 0.172818 1.60725 832580
4 0.387663 0.173549 1.60074 832614
4 0.387948 0.174362 1.59795 832648
4 0.390338 0.176712 1.59902 832682
4 0.39365 0.181747 1.60015 832715
4 0.395593 0.185872 1.5992 832750
4 0.396609 0.188408 1.5968 832783
4 0.396655 0.194579 1.59813 832816
4 0.394485 0.200303 1.59638 832849
4 0.393739 0.204153 1.59513 832883
4 0.392391 0.206555 1.59572 832917
4 0.390523 0.211557 1.59477 832950
4 0.388539 0.216383 1.59194 832984
4 0.386891 0.219408 1.59161 833018
4 0.384536 0.221047 1.592 833053
4 0.382272 0.224218 1.58805 833085
4 0.38087 0.225628 1.58833 833117
4 0.380881 0.226096 1.58863 833150
4 0.381017 0.225048 1.58908 833184
4 0.381892 0.223371 1.59057 833216
4 0.383295 0.222481 1.59106 833249
4 0.385 0.221907 1.58988 833283
4 0.386076 0.221354 1.58921 833316
4 0.39018 0.22163 1.58878 833349
4 0.393633 0.220664 1.59222 833382
4 0.395619 0.220679 1.59266 833415
4 0.397536 0.222391 1.59394 833448
4 0.400734 0.223444 1.59321 833481
4 0.404273 0.226866 1.5973 833515
4 0.406516 0.230171 1.59747 833549
4 0.408119 0.232547 1.59842 833582
4 0.409373 0.234239 1.59908 833616
4 0.409603 0.235177 1.59876 833649
4 0.410151 0.239901 1.59638 833683
4 0.411057 0.245518 1.59699 833715
4 0.413443 0.249452 1.59974 833747
4 0.412899 0.252208 1.59924 833780
4 0.412213 0.254197 1.59579 833813
4 0.410476 0.255278 1.59857 833845
4 0.409467 0.258872 1.59699 833895
4 0.408922 0.261427 1.59704 833928
4 0.407314 0.26874 1.5994 833944
4 0.405084 0.272935 1.59762 833995
4 0.401759 0.276249 1.59705 834027
4 0.399509 0.277816 1.59449 834044
4 0.397 0.278979 1.59172 834093
4 0.393324 0.279087 1.59064 834126
4 0.390087 0.279424 1.58831 834159
4 0.387908 0.279296 1.58994 834192
4 0.385301 0.280158 1.59297 834224
4 0.380945 0.280712 1.59382 834257
4 0.378225 0.280881 1.59304 834289
4 0.374837 0.280429 1.59662 834321
4 0.372339 0.28015 1.59441 834353
4 0.368552 0.279826 1.59546 834387
4 0.366354 0.279436 1.59746 834420

5 0.521018 0.167309 1.66315 838960
5 0.520568 0.16966 1.66604 838995
5 0.520773 0.169437 1.66258 839028
5 0.520884 0.168386 1.66119 839061
5 0.520934 0.167348 1.66257 839095
5 0.520912 0.16732 1.66047 839129
5 0.520771 0.167271 1.65934 839163
5 0.52364 0.167443 1.66077 839197
5 0.524633 0.167986 1.65908 839230
5 0.527407 0.165351 1.65939 839263
5 0.529937 0.165471 1.66042 839296
5 0.532197 0.165815 1.66063 839330
5 0.534221 0.166303 1.66193 839364
5 0.535947 0.171083 1.66014 839398
5 0.53724 0.173724 1.66068 839431
5 0.539292 0.176706 1.66081 839463
5 0.540495 0.182772 1.65943 839496
5 0.53997 0.187033 1.65944 839530
5 0.539498 0.189905 1.65757 839565
5 0.540883 0.19338 1.6568 839598
5 0.541073 0.200192 1.65343 839632
5 0.54041 0.204172 1.65314 839664
5 0.539068 0.213188 1.65119 839698
5 0.536658 0.22083 1.64878 839732
5 0.533741 0.224509 1.64662 839767
5 0.531371 0.226691 1.64362 839783
5 0.526844 0.229858 1.63845 839832
5 0.524184 0.231904 1.63404 839865
5 0.52218 0.233168 1.63337 839898
5 0.521885 0.233324 1.63544 839931
5 0.520332 0.232291 1.6331 839965
5 0.521246 0.232479 1.63489 839999
5 0.51906 0.235145 1.63166 840033
5 0.520224 0.23466 1.63107 840066
5 0.521232 0.234178 1.63181 840083
5 0.523027 0.2343 1.63501 840133
5 0.525495 0.23286 1.63604 840166
5 0.527005 0.231011 1.63733 840183
5 0.530422 0.231228 1.6373 840233
5 0.532985 0.231654 1.63939 840266
5 0.534787 0.23242 1.64277 840283
5 0.538021 0.236324 1.64229 840333
5 0.540787 0.238643 1.64477 840366
5 0.542119 0.239961 1.64355 840383
5 0.544196 0.241767 1.64664 840435
5 0.547011 0.244161 1.64741 840451
5 0.548454 0.244938 1.64799 840484
5 0.551207 0.248997 1.64801 840518
5 0.551821 0.252042 1.6508 840551
5 0.553648 0.256173 1.6524 840601
5 0.555369 0.258212 1.65392 840634
5 0.553714 0.263396 1.65236 840667
5 0.552732 0.267618 1.65118 840701
5 0.551761 0.270172 1.64981 840733
5 0.55152 0.276941 1.64843 840750
5 0.548927 0.280086 1.64592 840799
5 0.547311 0.28428 1.64633 840832
5 0.543873 0.286474 1.64432 840865
5 0.539793 0.289488 1.64195 840898
5 0.535878 0.290984 1.64086 840932
5 0.534767 0.292053 1.64084 840965
5 0.533274 0.295933 1.63944 840999
5 0.531527 0.296281 1.63971 841033
5 0.528255 0.298482 1.64071 841066
5 0.525734 0.296852 1.64043 841100
5 0.523095 0.293716 1.63699 841133
5 0.519775 0.292218 1.63612 841150
5 0.516756 0.291205 1.63358 841200
5 0.513845 0.291519 1.6338 841232
5 0.513228 0.290314 1.63391 841265

6 0.307565 0.158594 1.74008 848936
6 0.309059 0.158143 1.74222 848970
6 0.311225 0.152371 1.74095 849003
6 0.311615 0.148298 1.7438 849036
6 0.314396 0.147896 1.74417 849070
6 0.317779 0.148232 1.7432 849103
6 0.32304 0.144164 1.74598 849136
6 0.326205 0.142063 1.74651 849170
6 0.331425 0.142017 1.74683 849204
6 0.335567 0.142395 1.7456 849238
6 0.340202 0.144445 1.74388 849270
6 0.344529 0.146711 1.74119 849304
6 0.347717 0.151586 1.74089 849338
6 0.350764 0.154084 1.74096 849372
6 0.352542 0.158803 1.73893 849405
6 0.353617 0.162049 1.73902 849438
6 0.35306 0.168263 1.73778 849472
6 0.352473 0.172071 1.73702 849506
6 0.352078 0.174092 1.73748 849538
6 0.352155 0.175789 1.7349 849572
6 0.351648 0.177286 1.72995 849605
6 0.350462 0.179627 1.72919 849638
6 0.348707 0.185573 1.73289 849672
6 0.347468 0.18993 1.73207 849705
6 0.346418 0.192081 1.73443 849738
6 0.346211 0.193117 1.73393 849771
6 0.347146 0.190474 1.73505 849804
6 0.347502 0.19179 1.73503 849837
6 0.34945 0.192223 1.73629 849870
6 0.352065 0.188897 1.73407 849902
6 0.353406 0.186174 1.73301 849934
6 0.356058 0.185419 1.7324 849966
6 0.359935 0.187796 1.73372 850000
6 0.362499 0.190293 1.73414 850034
6 0.366297 0.192238 1.7342 850067
6 0.369944 0.1927 1.73458 850101
6 0.373371 0.193126 1.73328 850135
6 0.375677 0.197577 1.73694 850168
6 0.379063 0.203047 1.7365 850202
6 0.382049 0.205837 1.73818 850235
6 0.384213 0.20739 1.73726 850269
6 0.385487 0.213743 1.73934 850302
6 0.386896 0.218508 1.73873 850335
6 0.386166 0.221842 1.73795 850369
6 0.386255 0.223024 1.73929 850401
6 0.386551 0.229815 1.73998 850433
6 0.38456 0.235152 1.73941 850467
6 0.383007 0.237961 1.73798 850500
6 0.380192 0.244097 1.74196 850533
6 0.377943 0.249403 1.7418 850567
6 0.374909 0.25141 1.73756 850601
6 0.372585 0.253358 1.73988 850635
6 0.36836 0.25473 1.73972 850668
6 0.366206 0.255246 1.7402 850701
6 0.363132 0.256113 1.74141 850736
6 0.357558 0.255948 1.74122 850770
6 0.35426 0.255699 1.7429 850804
6 0.352234 0.255157 1.74503 850838
6 0.349932 0.254899 1.74665 850870

7 0.525806 0.437307 1.6345 858411
7 0.522106 0.440336 1.6328 858445
7 0.519965 0.441571 1.63179 858479
7 0.516867 0.450668 1.64649 858649
7 0.51685 0.450995 1.64754 858681
7 0.516856 0.451087 1.64966 858715
7 0.642693 0.147861 1.6808 864477
7 0.644529 0.145946 1.67957 864512
7 0.646985 0.143004 1.68262 864545
7 0.649663 0.142622 1.68635 864578
7 0.653018 0.142113 1.68981 864610
7 0.656812 0.14004 1.695 864644
7 0.660232 0.1403 1.69806 864676
7 0.664075 0.140895 1.70035 864710
7 0.668191 0.14454 1.70456 864743
7 0.671145 0.147066 1.70705 864776
7 0.674809 0.150563 1.70751 864810
7 0.678009 0.152527 1.7108 864845
7 0.679937 0.157521 1.71128 864878
7 0.680025 0.163104 1.71294 864910
7 0.680167 0.169997 1.71321 864944
7 0.679381 0.174374 1.71076 864977
7 0.681105 0.177588 1.70967 865011
7 0.681114 0.181258 1.71063 865044
7 0.680115 0.18564 1.70394 865078
7 0.677409 0.19299 1.70489 865111
7 0.674453 0.197457 1.70134 865145
7 0.672835 0.199093 1.70107 865179
7 0.668826 0.201783 1.69842 865213
7 0.667028 0.203315 1.69739 865246
7 0.665316 0.203963 1.69944 865280
7 0.664163 0.204946 1.69769 865314
7 0.664659 0.204941 1.69776 865348
7 0.664879 0.204965 1.69706 865382
7 0.665186 0.204568 1.69808 865415
7 0.668714 0.205193 1.699 865449
7 0.670979 0.205978 1.69982 865483
7 0.672201 0.20631 1.701 865518
7 0.675379 0.203587 1.70132 865551
7 0.679936 0.202332 1.7079 865585
7 0.681119 0.205766 1.71113 865619
7 0.681648 0.208417 1.71369 865653
7 0.684396 0.209356 1.71962 865686
7 0.689687 0.209983 1.72295 865721
7 0.690084 0.216215 1.72527 865754
7 0.690855 0.21978 1.7322 865787
7 0.692519 0.223993 1.73519 865822
7 0.6935 0.226507 1.7388 865855
7 0.694698 0.232603 1.73517 865887
7 0.694825 0.23562 1.73426 865921
7 0.694335 0.239415 1.73597 865955
7 0.689619 0.246149 1.7342 865972
7 0.68794 0.252048 1.72905 866022
7 0.686338 0.25456 1.72775 866055
7 0.682286 0.26248 1.72759 866071
7 0.678938 0.268863 1.72363 866122
7 0.674458 0.272275 1.71872 866139
7 0.67176 0.274206 1.71339 866172
7 0.66959 0.276081 1.71039 866222
7 0.664174 0.277519 1.70502 866239
7 0.659658 0.278066 1.69963 866272
7 0.654114 0.279145 1.69406 866323
7 0.651511 0.279215 1.69297 866355
7 0.648077 0.279373 1.69128 866372
7 0.646118 0.27383 1.68834 866423
7 0.644492 0.269342 1.68638 866439

8 0.68938 0.529311 1.61489 871615
8 0.690627 0.528624 1.61809 871648
8 0.694215 0.524303 1.61831 871681
8 0.697342 0.521026 1.62107 871714
8 0.700707 0.517465 1.62491 871748
8 0.703835 0.515334 1.62892 871781
8 0.707955 0.512469 1.63226 871814
8 0.712571 0.509235 1.63493 871846
8 0.717953 0.507541 1.64323 871880
8 0.722023 0.510684 1.65009 871913
8 0.72479 0.513462 1.65626 871946
8 0.726527 0.514951 1.66027 871980
8 0.727607 0.521516 1.66298 872012
8 0.728351 0.528168 1.66498 872046
8 0.726725 0.536223 1.66088 872079
8 0.724696 0.540649 1.65667 872113
8 0.723638 0.548707 1.65551 872147
8 0.722426 0.553982 1.65529 872182
8 0.718307 0.560016 1.65276 872215
8 0.714792 0.566629 1.64802 872248
8 0.711185 0.5705 1.64146 872281
8 0.70634 0.573147 1.63732 872314
8 0.702062 0.57464 1.63419 872348
8 0.699219 0.575039 1.63343 872382
8 0.698377 0.575436 1.62927 872415
8 0.699435 0.575702 1.63146 872448
8 0.701346 0.575681 1.63343 872483
8 0.704831 0.575197 1.6376 872516
8 0.708418 0.575038 1.64273 872550
8 0.713292 0.572399 1.64788 872583
8 0.717274 0.56775 1.65043 872617
8 0.720487 0.570024 1.65693 872650
8 0.723143 0.568899 1.66245 872684
8 0.725253 0.572145 1.66733 872717
8 0.727108 0.574129 1.67355 872751
8 0.728172 0.576969 1.67593 872784
8 0.729719 0.583194 1.67947 872817
8 0.72963 0.588152 1.6843 872851
8 0.730812 0.591217 1.68642 872885
8 0.728993 0.597048 1.68377 872918
8 0.727692 0.600864 1.68294 872952
8 0.725751 0.605552 1.68611 872985
8 0.723381 0.610423 1.68742 873019
8 0.720748 0.616279 1.6857 873053
8 0.717185 0.619322 1.682 873086
8 0.714556 0.620885 1.67591 873120
8 0.713095 0.621795 1.67217 873154
8 0.709414 0.624639 1.66809 873188
8 0.705034 0.624643 1.66239 873222
8 0.70201 0.623786 1.65881 873254
8 0.698516 0.62506 1.65676 873288
8 0.695113 0.623999 1.65314 873321
8 0.692681 0.622704 1.648 873355
8 0.689945 0.62122 1.64423 873390
8 0.686857 0.619793 1.64043 873422
8 0.685107 0.617921 1.64061 873455
8 0.684224 0.614996 1.64379 873489

9 0.577983 0.516677 1.67613 874687
9 0.580339 0.514023 1.67699 874720
9 0.58343 0.511355 1.67676 874752
9 0.587009 0.506241 1.67678 874785
9 0.590829 0.50191 1.67698 874818
9 0.595956 0.499973 1.67515 874851
9 0.599922 0.498318 1.67464 874885
9 0.606228 0.497797 1.67392 874918
9 0.61138 0.50027 1.673 874951
9 0.617055 0.506098 1.67348 874985
9 0.619427 0.509891 1.66974 875018
9 0.621038 0.518103 1.66924 875050
9 0.621708 0.524304 1.6677 875082
9 0.619593 0.529479 1.66742 875115
9 0.618496 0.53303 1.66665 875148
9 0.615128 0.53774 1.66293 875181
9 0.613242 0.540931 1.66011 875214
9 0.612403 0.542569 1.65845 875264
9 0.611517 0.545216 1.65807 875281
9 0.610847 0.547465 1.65635 875315
9 0.611106 0.548201 1.65594 875349
9 0.61143 0.546756 1.65592 875381
9 0.611924 0.545902 1.65582 875414
9 0.613446 0.544354 1.65381 875464
9 0.616584 0.544774 1.65448 875480
9 0.618954 0.54431 1.6532 875513
9 0.620966 0.543878 1.65145 875563
9 0.623145 0.545591 1.65162 875597
9 0.627346 0.546088 1.65476 875614
9 0.630569 0.54568 1.6564 875648
9 0.633078 0.547061 1.65499 875696
9 0.633919 0.551805 1.65442 875713
9 0.637088 0.557193 1.65743 875763
9 0.637424 0.560589 1.65693 875780
9 0.636505 0.56657 1.66032 875813
9 0.637064 0.57214 1.65822 875863
9 0.636496 0.576107 1.65852 875880
9 0.634894 0.582516 1.65833 875913
9 0.633162 0.586531 1.65745 875963
9 0.630077 0.590131 1.65691 875980
9 0.628677 0.592633 1.65835 876014
9 0.627758 0.59454 1.66078 876064
9 0.623531 0.593455 1.6604 876081
9 0.619274 0.59682 1.65821 876115
9 0.616884 0.596046 1.65945 876149
9 0.614248 0.593132 1.65698 876182
9 0.612742 0.59138 1.66053 876216
9 0.610411 0.591248 1.66124 876250
9 0.605932 0.590189 1.66114 876284
9 0.60377 0.589912 1.66508 876317
9 0.602639 0.589976 1.66659 876350

