Gesto: 3
0 0.436381 0.136424 1.76679 496039
0 0.437638 0.135185 1.76732 496072
0 0.439183 0.133994 1.76875 496105
0 0.440165 0.133547 1.76901 496139
0 0.443039 0.135498 1.76698 496173
0 0.445302 0.132332 1.76786 496208
0 0.447035 0.129185 1.76442 496241
0 0.44789 0.125482 1.7624 496275
0 0.453085 0.124228 1.75809 496307
0 0.45843 0.121961 1.75776 496341
0 0.466458 0.119054 1.75509 496375
0 0.474957 0.116156 1.75401 496410
0 0.486924 0.114796 1.75191 496442
0 0.501289 0.11654 1.74993 496477
0 0.514435 0.118373 1.74818 496508
0 0.526005 0.121579 1.75157 496542
0 0.53789 0.127624 1.75403 496576
0 0.548616 0.138746 1.75362 496610
0 0.558481 0.149426 1.75033 496644
0 0.563064 0.158598 1.75233 496678
0 0.570088 0.176175 1.76092 496709
0 0.571621 0.194574 1.7635 496742
0 0.569201 0.213752 1.76418 496776
0 0.564728 0.230534 1.76526 496810
0 0.557159 0.244669 1.76818 496844
0 0.547217 0.261799 1.77052 496877
0 0.537013 0.275104 1.77298 496910
0 0.526615 0.287414 1.78427 496944
0 0.515116 0.296514 1.794 496977
0 0.505477 0.304911 1.8001 497010
0 0.493949 0.312401 1.81053 497043
0 0.483599 0.313788 1.81451 497076
0 0.476603 0.320284 1.81697 497109
0 0.472603 0.321809 1.82272 497143
0 0.47163 0.321127 1.82147 497176
0 0.471935 0.316647 1.82025 497208
0 0.477457 0.312757 1.81929 497241
0 0.487883 0.310206 1.81567 497275
0 0.501441 0.309439 1.81097 497309
0 0.513438 0.310135 1.80377 497344
0 0.525561 0.310429 1.80024 497376
0 0.536914 0.311646 1.79754 497410
0 0.550039 0.31075 1.80213 497443
0 0.562347 0.314538 1.80585 497476
0 0.572617 0.320632 1.80941 497511
0 0.580518 0.325941 1.81304 497545
0 0.587358 0.333002 1.81905 497578
0 0.591776 0.344005 1.83075 497611
0 0.590123 0.357228 1.83452 497643
0 0.59197 0.372764 1.85165 497676
0 0.588519 0.388493 1.86356 497709
0 0.58036 0.406498 1.87207 497743
0 0.569435 0.424474 1.87968 497778
0 0.559024 0.440555 1.88893 497811
0 0.546499 0.458262 1.90147 497844
0 0.534343 0.468857 1.90731 497877
0 0.520989 0.477093 1.91481 497910
0 0.50834 0.484785 1.92141 497945
0 0.497134 0.487536 1.92664 497977
0 0.485188 0.489266 1.92704 498010
0 0.476646 0.49166 1.93434 498044
0 0.468972 0.491518 1.93649 498078
0 0.464071 0.49125 1.93956 498112

1 0.448734 0.142508 1.81095 499918
1 0.449097 0.14295 1.80769 499951
1 0.449713 0.143781 1.80283 499984
1 0.449879 0.143714 1.80062 500017
1 0.45172 0.140417 1.79832 500051
1 0.455925 0.137291 1.79359 500084
1 0.462957 0.135226 1.79053 500117
1 0.472729 0.134718 1.78421 500150
1 0.483641 0.12598 1.78208 500183
1 0.496549 0.127827 1.77673 500217
1 0.509038 0.125409 1.77323 500251
1 0.523577 0.127314 1.77079 500285
1 0.539666 0.132567 1.76961 500318
1 0.554598 0.14071 1.76999 500352
1 0.564863 0.151226 1.77018 500384
1 0.574086 0.159025 1.77364 500418
1 0.579907 0.175216 1.77874 500451
1 0.581523 0.19416 1.77754 500485
1 0.583681 0.212631 1.78465 500520
1 0.57796 0.231336 1.78938 500553
1 0.569881 0.252627 1.79185 500586
1 0.557477 0.273304 1.79545 500619
1 0.543929 0.289087 1.80008 500653
1 0.530882 0.302132 1.8026 500687
1 0.517613 0.314012 1.81049 500720
1 0.507306 0.32198 1.81451 500753
1 0.496978 0.326325 1.81834 500786
1 0.491265 0.328044 1.82228 500820
1 0.489011 0.329119 1.82296 500853
1 0.491802 0.331837 1.81964 500888
1 0.495538 0.331606 1.81618 500920
1 0.503126 0.331029 1.80713 500954
1 0.513921 0.33095 1.7982 500986
1 0.525727 0.32993 1.78879 501020
1 0.537223 0.326616 1.78181 501053
1 0.548716 0.325971 1.7816 501086
1 0.560456 0.327407 1.78225 501119
1 0.571168 0.328573 1.78663 501152
1 0.581807 0.331446 1.78983 501186
1 0.589342 0.33776 1.79768 501219
1 0.593253 0.342025 1.8027 501253
1 0.596234 0.348006 1.80725 501286
1 0.598536 0.356347 1.81793 501320
1 0.598218 0.365499 1.82827 501352
1 0.594466 0.374521 1.82948 501386
1 0.590868 0.384591 1.84196 501419
1 0.585579 0.396943 1.85191 501453
1 0.57939 0.409659 1.86005 501486
1 0.567806 0.420197 1.86543 501520
1 0.556098 0.432188 1.87427 501555
1 0.543902 0.447073 1.88531 501587
1 0.530746 0.456777 1.89116 501621
1 0.518617 0.468542 1.9039 501656
1 0.505619 0.475909 1.90972 501690
1 0.494013 0.480375 1.91429 501707
1 0.481613 0.481443 1.91898 501757
1 0.474706 0.483721 1.92322 501791
1 0.465279 0.482637 1.92392 501807
1 0.458915 0.48264 1.92416 501857
1 0.455451 0.481822 1.92216 501890
1 0.454123 0.482465 1.92524 501924
1 0.453589 0.48276 1.92753 501956

2 0.501767 0.146329 1.7939 503454
2 0.504862 0.144623 1.7847 503488
2 0.50852 0.146059 1.77992 503522
2 0.513905 0.143782 1.7801 503555
2 0.520628 0.141729 1.77731 503588
2 0.527236 0.139889 1.77279 503621
2 0.533938 0.136689 1.77219 503654
2 0.542518 0.131663 1.76971 503688
2 0.551867 0.131654 1.77002 503721
2 0.562947 0.132052 1.77024 503754
2 0.57513 0.13212 1.77221 503788
2 0.586433 0.132173 1.77465 503822
2 0.596366 0.136065 1.77291 503855
2 0.606688 0.143234 1.77606 503888
2 0.616683 0.154508 1.77546 503922
2 0.624844 0.166012 1.7829 503956
2 0.629618 0.182916 1.78191 503990
2 0.632606 0.199318 1.78558 504024
2 0.632471 0.214616 1.78647 504057
2 0.628016 0.232713 1.78887 504090
2 0.620823 0.250673 1.78644 504124
2 0.610516 0.270864 1.79255 504158
2 0.599454 0.291939 1.79508 504191
2 0.584052 0.310367 1.7985 504222
2 0.569034 0.325607 1.79782 504257
2 0.55853 0.338259 1.80559 504291
2 0.545529 0.352562 1.80894 504325
2 0.533261 0.365209 1.81415 504358
2 0.521464 0.372592 1.81682 504391
2 0.515015 0.376106 1.81778 504425
2 0.511736 0.377112 1.82008 504458
2 0.509859 0.374237 1.81919 504492
2 0.511574 0.371318 1.81539 504524
2 0.515691 0.37001 1.813 504557
2 0.523687 0.368117 1.81162 504591
2 0.534536 0.365771 1.81132 504626
2 0.54627 0.365031 1.81061 504659
2 0.557231 0.363289 1.81086 504693
2 0.56807 0.364855 1.81126 504725
2 0.577844 0.366188 1.80776 504760
2 0.588305 0.369942 1.81246 504793
2 0.597955 0.372687 1.81796 504810
2 0.605929 0.376957 1.82862 504860
2 0.610551 0.383372 1.83974 504893
2 0.612238 0.390311 1.84724 504910
2 0.614068 0.398704 1.85481 504960
2 0.612794 0.41067 1.86488 504995
2 0.608311 0.421037 1.87247 505011
2 0.604104 0.431231 1.8784 505060
2 0.595666 0.44406 1.88981 505094
2 0.58678 0.455917 1.89307 505112
2 0.573856 0.466094 1.89648 505146
2 0.561736 0.478961 1.90306 505180
2 0.54662 0.489927 1.90793 505213
2 0.533279 0.499521 1.91267 505246
2 0.515808 0.505215 1.91166 505279
2 0.504887 0.510626 1.91879 505313
2 0.492324 0.514964 1.92498 505346
2 0.480598 0.515627 1.92891 505380
2 0.472504 0.519093 1.93502 505413
2 0.466977 0.520734 1.93826 505446
2 0.464335 0.52098 1.93816 505478
2 0.464484 0.521953 1.93792 505512

3 0.459002 0.178017 1.74185 507391
3 0.461786 0.175549 1.74129 507424
3 0.463453 0.174022 1.74034 507457
3 0.468658 0.172882 1.73799 507489
3 0.473735 0.172978 1.73297 507523
3 0.479021 0.169594 1.73484 507556
3 0.487339 0.168333 1.72829 507590
3 0.497762 0.167163 1.72224 507624
3 0.511952 0.166784 1.71808 507657
3 0.526723 0.165587 1.71826 507691
3 0.541887 0.165773 1.71535 507725
3 0.557959 0.169508 1.71506 507758
3 0.569967 0.172819 1.71999 507792
3 0.581335 0.180644 1.72473 507825
3 0.592496 0.192469 1.72997 507859
3 0.598542 0.206807 1.73257 507893
3 0.603357 0.223257 1.73992 507927
3 0.601563 0.243125 1.7414 507961
3 0.599277 0.258704 1.7472 507996
3 0.591691 0.277584 1.75182 508029
3 0.581837 0.295944 1.75661 508046
3 0.569377 0.310095 1.76182 508094
3 0.554403 0.321655 1.76493 508128
3 0.540988 0.333562 1.76985 508145
3 0.525558 0.341771 1.77471 508195
3 0.513974 0.35061 1.7824 508228
3 0.502876 0.355847 1.79107 508262
3 0.493772 0.360152 1.79609 508296
3 0.488545 0.36465 1.79847 508313
3 0.486258 0.367356 1.7974 508363
3 0.486856 0.365182 1.7897 508396
3 0.491462 0.363839 1.78242 508429
3 0.499865 0.363796 1.77403 508463
3 0.510333 0.364314 1.76908 508498
3 0.520811 0.361342 1.76367 508514
3 0.533582 0.361872 1.7608 508565
3 0.546968 0.362093 1.75959 508583
3 0.559844 0.362016 1.75862 508616
3 0.571593 0.367152 1.76269 508649
3 0.578783 0.373634 1.76671 508682
3 0.585675 0.378918 1.77128 508715
3 0.590217 0.38774 1.77504 508749
3 0.592397 0.398685 1.78466 508783
3 0.593534 0.406549 1.78669 508815
3 0.591627 0.418732 1.79825 508866
3 0.587631 0.432483 1.80956 508882
3 0.579227 0.446763 1.81772 508915
3 0.570177 0.461516 1.82375 508950
3 0.558865 0.476487 1.83083 508983
3 0.547934 0.49107 1.84113 509017
3 0.534884 0.501491 1.84774 509051
3 0.522311 0.509215 1.85369 509084
3 0.508802 0.514557 1.85724 509118
3 0.49841 0.518303 1.86641 509153
3 0.487287 0.524495 1.87258 509187
3 0.479088 0.526694 1.87786 509220
3 0.47116 0.526913 1.87689 509253
3 0.466399 0.52811 1.87458 509287
3 0.466943 0.528168 1.87729 509321
3 0.468911 0.528617 1.87875 509355

4 0.461709 0.166022 1.72667 511165
4 0.461982 0.164429 1.72469 511197
4 0.463462 0.162973 1.72244 511230
4 0.465422 0.164862 1.72261 511264
4 0.470088 0.164145 1.71797 511298
4 0.473838 0.163707 1.71347 511330
4 0.481189 0.162758 1.70997 511364
4 0.490563 0.163508 1.70596 511397
4 0.501209 0.165403 1.69995 511430
4 0.512516 0.166204 1.69792 511463
4 0.523233 0.161678 1.69562 511496
4 0.534588 0.161634 1.68863 511529
4 0.545233 0.165097 1.68854 511563
4 0.558118 0.170778 1.6917 511598
4 0.568297 0.177292 1.69532 511631
4 0.578965 0.186691 1.6966 511665
4 0.586336 0.197338 1.70125 511698
4 0.594044 0.210714 1.70449 511731
4 0.599743 0.225081 1.70825 511765
4 0.601709 0.240791 1.7137 511798
4 0.600307 0.257038 1.71718 511833
4 0.596208 0.272663 1.71908 511867
4 0.589828 0.290297 1.72625 511899
4 0.579396 0.307981 1.72957 511932
4 0.566177 0.321799 1.73311 511966
4 0.552759 0.334063 1.74219 511999
4 0.540183 0.345049 1.74863 512032
4 0.530327 0.355574 1.75346 512066
4 0.52118 0.360873 1.76067 512099
4 0.513683 0.362237 1.76666 512132
4 0.509329 0.36299 1.76976 512166
4 0.507418 0.362996 1.77119 512200
4 0.508837 0.360249 1.7692 512216
4 0.510227 0.355714 1.76617 512266
4 0.515489 0.353382 1.76224 512299
4 0.523771 0.352067 1.75785 512332
4 0.531863 0.349938 1.75281 512366
4 0.540903 0.348194 1.74735 512398
4 0.55143 0.347575 1.74381 512431
4 0.56052 0.348173 1.74398 512464
4 0.570471 0.3503 1.7435 512497
4 0.58125 0.357217 1.74918 512531
4 0.589294 0.365931 1.75346 512564
4 0.597378 0.374489 1.76065 512597
4 0.602741 0.386039 1.76551 512631
4 0.6051 0.398399 1.77305 512664
4 0.604468 0.408291 1.77829 512697
4 0.601716 0.420744 1.78679 512730
4 0.598546 0.433061 1.79593 512764
4 0.591219 0.446727 1.80562 512798
4 0.58193 0.458236 1.81287 512831
4 0.570466 0.469432 1.81667 512865
4 0.558475 0.480909 1.82511 512900
4 0.543759 0.491158 1.82916 512916
4 0.531337 0.499326 1.83559 512966
4 0.516779 0.50384 1.84314 513000
4 0.502728 0.508123 1.85416 513032
4 0.492183 0.51217 1.86376 513065
4 0.480544 0.515368 1.86779 513099
4 0.469971 0.519346 1.87413 513134
4 0.462987 0.519867 1.87642 513167
4 0.458586 0.519426 1.87671 513184

5 0.577601 0.144843 1.73762 514859
5 0.579807 0.145752 1.73708 514893
5 0.58098 0.146615 1.73613 514926
5 0.582752 0.146827 1.73189 514959
5 0.585049 0.145455 1.72977 514993
5 0.588823 0.146311 1.72863 515026
5 0.596899 0.146591 1.72903 515060
5 0.607632 0.148027 1.72883 515094
5 0.617386 0.149148 1.73125 515125
5 0.628729 0.150514 1.73338 515160
5 0.642207 0.155538 1.73388 515193
5 0.654645 0.160984 1.7357 515226
5 0.666946 0.167901 1.73811 515261
5 0.677802 0.178267 1.74104 515295
5 0.689101 0.191444 1.74657 515329
5 0.696649 0.205742 1.75089 515362
5 0.702387 0.22278 1.75194 515395
5 0.70446 0.239612 1.75642 515427
5 0.703114 0.260874 1.75597 515461
5 0.697602 0.280796 1.75805 515495
5 0.691751 0.29899 1.75664 515528
5 0.681008 0.312178 1.75976 515562
5 0.668214 0.326698 1.75994 515595
5 0.653006 0.33917 1.7638 515629
5 0.638271 0.351545 1.76499 515663
5 0.623257 0.359982 1.76895 515697
5 0.61033 0.369281 1.77316 515730
5 0.597116 0.376155 1.77569 515764
5 0.58424 0.380382 1.77686 515796
5 0.576256 0.384 1.77742 515831
5 0.571142 0.385251 1.77729 515864
5 0.569086 0.386268 1.7741 515898
5 0.569156 0.385994 1.77345 515931
5 0.575771 0.384793 1.77203 515964
5 0.582179 0.382202 1.77001 515997
5 0.590575 0.380612 1.76587 516030
5 0.598994 0.381898 1.76636 516065
5 0.608993 0.383639 1.76569 516098
5 0.62121 0.387651 1.77057 516131
5 0.633648 0.392805 1.77525 516165
5 0.645385 0.395897 1.78088 516199
5 0.654455 0.398812 1.78206 516231
5 0.665364 0.404661 1.79246 516265
5 0.670624 0.409611 1.80066 516297
5 0.674259 0.418461 1.81066 516331
5 0.676934 0.426088 1.81651 516364
5 0.675225 0.434523 1.82119 516398
5 0.673154 0.4461 1.833 516431
5 0.667036 0.457199 1.84435 516465
5 0.661351 0.470156 1.85523 516499
5 0.652456 0.477572 1.86403 516533
5 0.64036 0.487469 1.87025 516566
5 0.628292 0.497712 1.87578 516600
5 0.615021 0.504756 1.8778 516633
5 0.601313 0.509934 1.88416 516666
5 0.588819 0.51789 1.88997 516700
5 0.573803 0.523319 1.89115 516733
5 0.558606 0.526974 1.89181 516766
5 0.545948 0.528286 1.88955 516800
5 0.535483 0.52808 1.88778 516833
5 0.528857 0.52811 1.88635 516867
5 0.523709 0.526017 1.8871 516900
5 0.521111 0.524854 1.88819 516934
5 0.520527 0.526549 1.89011 516968
5 0.52085 0.526291 1.88476 517003

6 0.318275 0.181543 1.79208 518833
6 0.314245 0.177785 1.79084 518867
6 0.311941 0.172902 1.78843 518900
6 0.312661 0.171388 1.78499 518933
6 0.311994 0.169215 1.78174 518966
6 0.311988 0.167886 1.7788 518999
6 0.316866 0.168781 1.77243 519032
6 0.321904 0.167689 1.76988 519065
6 0.329836 0.167783 1.76595 519097
6 0.340557 0.169641 1.75689 519131
6 0.349968 0.16972 1.75129 519164
6 0.360151 0.16971 1.74596 519198
6 0.371221 0.167538 1.74099 519231
6 0.384323 0.169945 1.74007 519264
6 0.394884 0.173493 1.7409 519297
6 0.40549 0.182027 1.74177 519331
6 0.413978 0.191906 1.74431 519364
6 0.423452 0.204565 1.74663 519397
6 0.428465 0.2191 1.75 519431
6 0.431262 0.234722 1.75229 519465
6 0.428761 0.249247 1.75691 519500
6 0.426504 0.264613 1.76232 519533
6 0.418381 0.280904 1.76694 519566
6 0.413164 0.297742 1.77195 519600
6 0.402772 0.313442 1.77412 519633
6 0.393403 0.326326 1.77854 519666
6 0.383403 0.336593 1.78368 519701
6 0.374714 0.340981 1.78717 519734
6 0.367389 0.343678 1.78983 519767
6 0.360045 0.343879 1.79693 519800
6 0.356099 0.343884 1.79875 519835
6 0.354106 0.343439 1.80044 519869
6 0.355776 0.341487 1.79493 519903
6 0.359642 0.341575 1.79136 519937
6 0.367096 0.343104 1.7892 519970
6 0.375833 0.345173 1.78474 520002
6 0.385967 0.346903 1.78161 520037
6 0.397713 0.347443 1.77638 520070
6 0.409319 0.348898 1.77487 520104
6 0.423047 0.353074 1.7764 520137
6 0.435907 0.357832 1.77711 520170
6 0.446607 0.367173 1.78155 520204
6 0.452946 0.373491 1.77982 520236
6 0.459561 0.383425 1.78803 520269
6 0.463807 0.397022 1.79233 520303
6 0.46687 0.411484 1.79776 520337
6 0.467374 0.422229 1.80504 520370
6 0.4666 0.434826 1.81139 520405
6 0.462532 0.448753 1.81797 520439
6 0.45568 0.463265 1.82438 520471
6 0.44596 0.477166 1.83385 520505
6 0.437009 0.488244 1.83742 520538
6 0.42656 0.501468 1.84794 520572
6 0.415182 0.510552 1.85634 520606
6 0.404294 0.519225 1.86509 520640
6 0.391392 0.519674 1.87183 520673
6 0.381019 0.521066 1.88054 520690
6 0.372839 0.520608 1.88444 520740
6 0.362021 0.520323 1.88749 520773
6 0.353483 0.518637 1.89114 520790
6 0.346845 0.516931 1.89715 520841
6 0.343106 0.515461 1.89914 520858
6 0.340978 0.514683 1.89912 520892
6 0.34009 0.512812 1.90005 520926

7 0.337292 0.181028 1.7604 522566
7 0.337358 0.178312 1.75938 522599
7 0.340632 0.176093 1.75659 522632
7 0.345365 0.176353 1.75009 522667
7 0.35165 0.175343 1.74122 522700
7 0.358888 0.175544 1.73538 522734
7 0.36617 0.173423 1.73161 522769
7 0.377827 0.174299 1.72799 522801
7 0.390147 0.175591 1.72458 522834
7 0.403946 0.175158 1.72231 522868
7 0.416612 0.175656 1.7194 522902
7 0.428817 0.178621 1.71823 522935
7 0.440158 0.184483 1.7176 522969
7 0.45021 0.191805 1.71508 523002
7 0.460703 0.200675 1.71203 523034
7 0.466579 0.21136 1.71677 523067
7 0.468965 0.225241 1.712 523101
7 0.471023 0.241706 1.71938 523135
7 0.470728 0.25699 1.72524 523168
7 0.466461 0.274991 1.7307 523203
7 0.459273 0.29168 1.7359 523235
7 0.450608 0.3072 1.74074 523269
7 0.436881 0.320803 1.75146 523302
7 0.424774 0.333896 1.75719 523333
7 0.411797 0.343272 1.76444 523367
7 0.398684 0.349608 1.77091 523400
7 0.388076 0.355599 1.77917 523433
7 0.378829 0.362289 1.78588 523466
7 0.370628 0.364269 1.78985 523501
7 0.364461 0.3674 1.79026 523534
7 0.361183 0.368894 1.79039 523569
7 0.361077 0.366892 1.78958 523602
7 0.362592 0.364988 1.78641 523636
7 0.369908 0.363044 1.78021 523670
7 0.380233 0.361931 1.77396 523703
7 0.391944 0.362086 1.76524 523736
7 0.402137 0.359356 1.75418 523770
7 0.414582 0.360144 1.75084 523804
7 0.42733 0.360988 1.747 523837
7 0.439881 0.361604 1.74472 523871
7 0.450684 0.363764 1.74247 523905
7 0.460306 0.366899 1.74056 523940
7 0.467835 0.37175 1.74319 523973
7 0.473537 0.378272 1.75071 524007
7 0.476879 0.389483 1.75939 524040
7 0.477898 0.400742 1.76458 524073
7 0.475752 0.413883 1.76741 524105
7 0.471644 0.42556 1.77189 524139
7 0.466354 0.436339 1.77398 524172
7 0.461658 0.448927 1.77816 524204
7 0.452976 0.461283 1.78432 524238
7 0.443014 0.473737 1.78984 524272
7 0.432322 0.485482 1.79673 524307
7 0.421672 0.498091 1.80332 524338
7 0.408517 0.507469 1.81375 524370
7 0.397736 0.514278 1.82007 524404
7 0.385906 0.519413 1.82571 524436
7 0.376473 0.524368 1.83276 524471
7 0.366538 0.527139 1.84331 524504
7 0.360331 0.528597 1.84757 524537
7 0.354051 0.526691 1.84491 524571
7 0.350023 0.525135 1.8417 524604
7 0.345977 0.520494 1.84519 524637
7 0.34602 0.517786 1.84904 524671
7 0.346515 0.516974 1.85276 524705

8 0.36927 0.199422 1.73972 525965
8 0.370948 0.196548 1.73776 525998
8 0.374426 0.194691 1.73354 526032
8 0.381302 0.193732 1.73182 526065
8 0.386973 0.190591 1.72789 526099
8 0.395576 0.187776 1.72338 526132
8 0.405851 0.182737 1.72274 526166
8 0.420658 0.180193 1.72038 526201
8 0.436429 0.180608 1.71943 526234
8 0.450689 0.18156 1.71873 526268
8 0.462197 0.187664 1.71891 526303
8 0.473072 0.198437 1.71589 526337
8 0.48099 0.210234 1.7121 526372
8 0.488122 0.224826 1.7088 526407
8 0.49048 0.241937 1.71614 526440
8 0.489211 0.263064 1.71966 526474
8 0.482419 0.28138 1.72797 526507
8 0.474507 0.295831 1.73029 526539
8 0.46287 0.313164 1.73533 526573
8 0.448293 0.327131 1.74286 526607
8 0.433219 0.337174 1.75457 526641
8 0.41834 0.346684 1.76146 526675
8 0.405302 0.354648 1.76847 526709
8 0.392646 0.359406 1.77461 526743
8 0.382744 0.362984 1.77849 526777
8 0.377708 0.36519 1.779 526809
8 0.3752 0.365984 1.77925 526843
8 0.377062 0.364295 1.77778 526878
8 0.384048 0.362923 1.77241 526896
8 0.393892 0.362601 1.7617 526930
8 0.406583 0.360649 1.75491 526980
8 0.419545 0.360172 1.74778 526997
8 0.434276 0.362401 1.74377 527030
8 0.448213 0.364286 1.74139 527080
8 0.460195 0.365599 1.74187 527097
8 0.470946 0.372065 1.74494 527130
8 0.481513 0.379432 1.75253 527164
8 0.488228 0.389091 1.76307 527198
8 0.490058 0.400135 1.77518 527231
8 0.487151 0.4143 1.7797 527263
8 0.484601 0.428298 1.78802 527296
8 0.477351 0.443693 1.7968 527347
8 0.468353 0.454075 1.8054 527379
8 0.456813 0.467598 1.81276 527396
8 0.444216 0.477137 1.82079 527446
8 0.430962 0.488088 1.82832 527479
8 0.417861 0.494404 1.83896 527497
8 0.406375 0.502519 1.84905 527547
8 0.393748 0.507538 1.86113 527564
8 0.382801 0.51085 1.86636 527596
8 0.37292 0.507363 1.87172 527645
8 0.368235 0.507693 1.87716 527679
8 0.364628 0.507236 1.88475 527696
8 0.360282 0.50308 1.8854 527746
8 0.361078 0.504363 1.8843 527781
8 0.361945 0.503628 1.883 527797

9 0.438995 0.181349 1.70534 529037
9 0.438737 0.182755 1.70287 529070
9 0.439828 0.182879 1.70148 529103
9 0.441559 0.182587 1.69865 529137
9 0.446643 0.182561 1.69697 529170
9 0.452726 0.181499 1.69347 529204
9 0.459694 0.178928 1.69125 529236
9 0.468917 0.177739 1.68958 529269
9 0.480151 0.176301 1.68983 529304
9 0.493779 0.17464 1.68668 529336
9 0.508128 0.178341 1.68546 529369
9 0.521344 0.179961 1.68713 529402
9 0.535365 0.186726 1.68821 529435
9 0.547514 0.196183 1.69665 529469
9 0.55665 0.209246 1.70552 529503
9 0.562024 0.22433 1.71172 529538
9 0.562507 0.240726 1.71568 529570
9 0.560701 0.258005 1.72165 529603
9 0.555712 0.274194 1.72655 529637
9 0.545798 0.290868 1.73256 529670
9 0.535833 0.305857 1.74161 529703
9 0.524872 0.320285 1.75228 529736
9 0.512276 0.333296 1.76215 529770
9 0.497846 0.34278 1.7692 529803
9 0.482356 0.352053 1.77624 529837
9 0.468851 0.36133 1.78062 529870
9 0.456284 0.367115 1.78362 529904
9 0.44631 0.372836 1.78635 529937
9 0.439884 0.377126 1.78618 529971
9 0.437128 0.379434 1.78592 530005
9 0.435899 0.375977 1.78334 530038
9 0.439444 0.37398 1.77829 530073
9 0.444189 0.369861 1.77656 530106
9 0.45191 0.367075 1.77218 530139
9 0.463217 0.364807 1.76864 530173
9 0.477349 0.360511 1.76676 530206
9 0.489632 0.357178 1.76354 530241
9 0.503219 0.355274 1.75684 530274
9 0.514194 0.355943 1.75847 530306
9 0.523556 0.357259 1.7596 530340
9 0.534819 0.362415 1.76423 530374
9 0.544712 0.366416 1.77026 530409
9 0.551019 0.372723 1.77432 530442
9 0.559436 0.382341 1.78896 530476
9 0.563342 0.393077 1.80211 530509
9 0.563638 0.404713 1.80974 530542
9 0.561388 0.416413 1.81833 530575
9 0.557674 0.430594 1.83 530608
9 0.55236 0.44516 1.84027 530640
9 0.544389 0.45658 1.85132 530673
9 0.53649 0.46879 1.85583 530708
9 0.524884 0.481111 1.86185 530742
9 0.512314 0.494096 1.86929 530774
9 0.497601 0.502665 1.87272 530808
9 0.483523 0.508127 1.87565 530842
9 0.469065 0.51314 1.87774 530877
9 0.457002 0.515379 1.87776 530910
9 0.446633 0.519515 1.88188 530945
9 0.438237 0.51896 1.88426 530978
9 0.433214 0.518826 1.88254 531011
9 0.431039 0.517553 1.88057 531043

