Gesto: 3
0 0.176594 0.132375 2.14277 443822
0 0.177083 0.136393 2.13469 443856
0 0.179479 0.134588 2.12105 443890
0 0.184591 0.14049 2.09158 443925
0 0.195143 0.136352 2.07206 443957
0 0.203924 0.130433 2.05812 443991
0 0.215774 0.126305 2.04697 444025
0 0.228799 0.121679 2.03123 444058
0 0.242702 0.120567 2.01479 444091
0 0.257975 0.117373 2.0009 444126
0 0.274094 0.117175 1.9841 444159
0 0.289045 0.116245 1.97815 444192
0 0.303105 0.115364 1.9784 444226
0 0.313223 0.119318 1.96738 444243
0 0.324113 0.125658 1.96224 444293
0 0.333731 0.129199 1.95717 444327
0 0.341409 0.13118 1.96141 444343
0 0.345677 0.141257 1.95542 444394
0 0.346758 0.150049 1.95232 444411
0 0.345416 0.159525 1.95192 444445
0 0.342003 0.169146 1.94714 444479
0 0.337326 0.180591 1.95396 444514
0 0.329888 0.193873 1.95774 444547
0 0.323679 0.207424 1.9623 444580
0 0.312561 0.220638 1.96532 444613
0 0.302524 0.233636 1.96883 444647
0 0.291211 0.246254 1.97084 444681
0 0.278734 0.256832 1.98002 444715
0 0.268957 0.265645 1.98896 444749
0 0.26169 0.27166 1.99846 444781
0 0.2528 0.276094 2.00974 444815
0 0.24815 0.277691 2.01522 444848
0 0.245288 0.281188 2.01807 444880
0 0.245068 0.281022 2.01429 444913
0 0.249769 0.277017 2.0089 444962
0 0.254253 0.27507 2.00246 444978
0 0.263422 0.273939 1.99154 445013
0 0.274524 0.272677 1.97523 445061
0 0.288125 0.267023 1.96492 445093
0 0.301721 0.264921 1.95278 445126
0 0.313646 0.262973 1.94695 445159
0 0.329469 0.261864 1.93293 445192
0 0.344979 0.267522 1.92739 445224
0 0.364255 0.272606 1.92176 445257
0 0.376052 0.283462 1.91795 445289
0 0.38846 0.293479 1.92023 445321
0 0.395295 0.304441 1.92045 445353
0 0.398366 0.318047 1.92436 445386
0 0.400971 0.330157 1.92436 445417
0 0.402111 0.34548 1.92483 445449
0 0.400747 0.357059 1.92781 445482
0 0.396887 0.372392 1.93068 445515
0 0.389088 0.388879 1.93656 445549
0 0.380665 0.398563 1.945 445583
0 0.369703 0.409921 1.95426 445616
0 0.357 0.41627 1.95877 445649
0 0.343329 0.421878 1.96287 445683
0 0.329412 0.42727 1.97695 445717
0 0.317474 0.427566 1.98984 445751
0 0.306673 0.427553 1.99555 445785
0 0.29575 0.423538 2.00495 445819
0 0.285378 0.416213 2.0125 445853
0 0.278468 0.410437 2.02172 445888

1 0.475973 0.162198 2.01648 447487
1 0.480972 0.162392 2.00916 447520
1 0.488734 0.165565 1.99631 447554
1 0.496269 0.166861 1.98421 447589
1 0.503581 0.170152 1.97496 447622
1 0.513884 0.171653 1.97023 447656
1 0.52741 0.172975 1.96624 447690
1 0.543333 0.177605 1.96784 447724
1 0.560025 0.180854 1.96936 447758
1 0.574299 0.183977 1.97038 447792
1 0.587175 0.184838 1.97598 447825
1 0.597107 0.186834 1.97809 447859
1 0.60526 0.192136 1.98661 447891
1 0.611016 0.195651 1.9903 447925
1 0.612364 0.205273 1.99373 447958
1 0.610832 0.215209 1.98982 447992
1 0.605495 0.226148 1.98589 448026
1 0.597062 0.234759 1.98129 448059
1 0.584743 0.247281 1.97219 448093
1 0.573247 0.258705 1.96915 448126
1 0.559553 0.267467 1.95468 448160
1 0.543935 0.276593 1.95268 448194
1 0.528583 0.285903 1.95222 448227
1 0.516597 0.293448 1.95059 448260
1 0.505186 0.300668 1.95206 448294
1 0.493701 0.303453 1.95402 448327
1 0.48432 0.308362 1.95879 448361
1 0.478989 0.312465 1.96155 448395
1 0.475761 0.31551 1.9635 448428
1 0.477141 0.315618 1.95914 448462
1 0.480472 0.314145 1.95208 448495
1 0.488436 0.312882 1.94869 448530
1 0.498189 0.313015 1.94436 448563
1 0.510248 0.312354 1.94295 448594
1 0.523246 0.312381 1.93862 448628
1 0.537241 0.311826 1.94043 448662
1 0.550416 0.31187 1.94127 448695
1 0.562995 0.316057 1.95245 448728
1 0.574319 0.322506 1.96114 448762
1 0.581771 0.328906 1.96669 448797
1 0.585765 0.337316 1.97158 448830
1 0.587389 0.344172 1.97864 448863
1 0.583678 0.353249 1.9766 448898
1 0.577198 0.365931 1.97788 448914
1 0.571088 0.375223 1.97856 448965
1 0.563296 0.389018 1.97715 448983
1 0.553248 0.396917 1.9672 449015
1 0.540888 0.409232 1.96755 449067
1 0.525423 0.420178 1.96822 449083
1 0.511464 0.429406 1.96413 449117
1 0.496739 0.434731 1.97091 449152
1 0.483351 0.439117 1.97687 449185
1 0.471011 0.443006 1.9775 449218
1 0.462739 0.442461 1.97091 449253

2 0.608282 0.239033 2.03694 450361
2 0.60849 0.239238 2.03469 450394
2 0.607979 0.244471 2.03094 450427
2 0.609664 0.246847 2.02824 450461
2 0.613467 0.248949 2.02959 450495
2 0.618807 0.252937 2.03046 450528
2 0.623608 0.258299 2.02757 450560
2 0.63339 0.262395 2.02954 450592
2 0.643332 0.265488 2.03581 450625
2 0.654413 0.26761 2.03769 450660
2 0.666216 0.269262 2.05226 450692
2 0.6789 0.274022 2.06772 450725
2 0.69278 0.275211 2.08599 450758
2 0.703144 0.276432 2.10657 450792
2 0.711067 0.278302 2.11981 450825
2 0.720938 0.276094 2.13479 450858
2 0.727203 0.275513 2.14016 450892
2 0.731122 0.281234 2.15354 450926
2 0.731679 0.286459 2.15944 450960
2 0.727047 0.29263 2.15021 450994
2 0.723347 0.302881 2.15143 451027
2 0.719822 0.312754 2.14434 451062
2 0.713865 0.32202 2.13243 451095
2 0.704506 0.337217 2.1238 451128
2 0.691948 0.350235 2.10794 451162
2 0.678342 0.358295 2.08965 451197
2 0.665096 0.36753 2.0795 451230
2 0.650011 0.374065 2.07487 451263
2 0.634501 0.381884 2.07031 451297
2 0.622582 0.390264 2.06221 451330
2 0.613314 0.39435 2.05545 451364
2 0.603983 0.396561 2.03542 451397
2 0.597854 0.395185 2.02255 451431
2 0.602691 0.395114 2.03165 451465
2 0.609556 0.394928 2.0406 451499
2 0.62017 0.395084 2.05101 451532
2 0.630753 0.394511 2.05712 451565
2 0.643031 0.392179 2.06282 451599
2 0.654304 0.387272 2.06798 451633
2 0.666663 0.385167 2.07508 451649
2 0.679143 0.381599 2.08816 451699
2 0.688235 0.381223 2.09847 451732
2 0.695022 0.379648 2.10189 451766
2 0.704954 0.383864 2.12197 451799
2 0.708737 0.38731 2.13425 451832
2 0.710481 0.390429 2.13682 451865
2 0.711397 0.398084 2.14056 451898
2 0.707626 0.40782 2.14585 451931
2 0.703654 0.420853 2.14411 451965
2 0.696821 0.431946 2.14588 451999
2 0.690335 0.443593 2.14254 452034
2 0.683764 0.457123 2.13754 452066
2 0.675592 0.468605 2.1319 452099
2 0.666367 0.481956 2.12755 452131
2 0.658048 0.495109 2.11886 452165
2 0.647578 0.504596 2.12056 452198
2 0.634913 0.516727 2.11233 452231
2 0.620998 0.525962 2.10737 452265
2 0.607597 0.535006 2.10464 452299
2 0.597008 0.541273 2.10216 452332
2 0.58432 0.542269 2.09881 452365
2 0.577726 0.544425 2.09086 452400
2 0.575202 0.544361 2.08444 452433
2 0.571053 0.544251 2.08231 452465

3 0.778544 0.13256 2.15476 454732
3 0.778512 0.133661 2.15055 454765
3 0.778829 0.133683 2.15291 454799
3 0.780582 0.132325 2.15328 454831
3 0.782768 0.130354 2.15436 454865
3 0.788104 0.13152 2.15304 454899
3 0.793429 0.134664 2.15113 454932
3 0.800932 0.134592 2.14891 454965
3 0.813589 0.133756 2.15452 454998
3 0.822708 0.135303 2.15818 455033
3 0.833884 0.135609 2.16762 455066
3 0.840703 0.136798 2.16727 455099
3 0.848269 0.141178 2.17267 455131
3 0.853434 0.145282 2.17788 455164
3 0.861587 0.152685 2.19031 455198
3 0.864338 0.159537 2.18735 455232
3 0.861479 0.164885 2.18207 455266
3 0.863165 0.173182 2.18103 455300
3 0.858786 0.180581 2.17736 455334
3 0.850773 0.186313 2.17488 455369
3 0.84447 0.193518 2.16124 455403
3 0.837576 0.202808 2.15036 455436
3 0.827585 0.209441 2.14559 455469
3 0.821077 0.21557 2.13084 455501
3 0.813641 0.219284 2.12873 455535
3 0.807204 0.226837 2.12326 455569
3 0.802098 0.23417 2.12326 455602
3 0.801011 0.236206 2.11652 455635
3 0.803273 0.237148 2.11732 455670
3 0.805265 0.238716 2.11734 455703
3 0.812073 0.237646 2.12544 455735
3 0.81664 0.237798 2.12755 455770
3 0.822884 0.236553 2.13003 455804
3 0.830713 0.23677 2.13595 455820
3 0.837759 0.237866 2.14075 455871
3 0.842089 0.23754 2.14828 455888
3 0.850194 0.236239 2.16126 455921
3 0.856519 0.242928 2.17107 455971
3 0.86188 0.245204 2.1766 455987
3 0.863831 0.247995 2.16955 456020
3 0.86686 0.255499 2.17823 456070
3 0.869536 0.26407 2.18473 456103
3 0.867897 0.274515 2.18436 456119
3 0.863615 0.283802 2.1838 456168
3 0.858846 0.294665 2.17948 456202
3 0.852162 0.304109 2.16702 456235
3 0.844835 0.313282 2.15508 456268
3 0.839236 0.321761 2.13995 456300
3 0.830263 0.331117 2.1326 456334
3 0.823248 0.337801 2.12548 456368
3 0.816602 0.34832 2.11661 456400
3 0.809069 0.352491 2.11453 456434
3 0.80198 0.355556 2.10363 456467

4 0.789551 0.420042 2.13918 457327
4 0.793186 0.424061 2.14146 457360
4 0.797839 0.422642 2.14048 457392
4 0.800909 0.421642 2.13942 457424
4 0.80772 0.418721 2.13776 457457
4 0.814296 0.418518 2.13905 457491
4 0.81977 0.417313 2.14399 457524
4 0.827297 0.414769 2.14906 457557
4 0.83602 0.413326 2.15948 457590
4 0.844585 0.410806 2.17401 457624
4 0.852077 0.409441 2.18334 457657
4 0.859126 0.408306 2.19165 457705
4 0.860717 0.411514 2.20052 457738
4 0.861213 0.413437 2.2073 457770
4 0.86036 0.417153 2.20657 457804
4 0.858006 0.423295 2.20289 457838
4 0.854648 0.427896 2.19967 457871
4 0.848291 0.434796 2.19006 457905
4 0.842938 0.44219 2.18822 457938
4 0.83501 0.452077 2.17836 457955
4 0.827394 0.459338 2.17755 458006
4 0.817753 0.46624 2.17514 458023
4 0.809445 0.471697 2.17188 458057
4 0.800432 0.476323 2.16945 458108
4 0.791658 0.480584 2.15795 458125
4 0.787147 0.484518 2.15185 458158
4 0.782555 0.48836 2.15331 458192
4 0.782 0.490227 2.15356 458226
4 0.784356 0.488275 2.15785 458259
4 0.791463 0.486645 2.16107 458293
4 0.799344 0.482643 2.17319 458328
4 0.805288 0.481108 2.17861 458362
4 0.813881 0.479362 2.18533 458395
4 0.821663 0.480727 2.19228 458428
4 0.826291 0.476616 2.19811 458461
4 0.834587 0.476093 2.20923 458496
4 0.840414 0.475453 2.21337 458529
4 0.843855 0.475456 2.21955 458563
4 0.845112 0.477627 2.22683 458597
4 0.846908 0.485995 2.23203 458631
4 0.84551 0.489986 2.23432 458664
4 0.845244 0.49295 2.23786 458698
4 0.840493 0.501759 2.23169 458731
4 0.837705 0.507922 2.23529 458765
4 0.833795 0.515965 2.24014 458799
4 0.826959 0.525978 2.23481 458833
4 0.818347 0.53257 2.23509 458866
4 0.811572 0.539295 2.22966 458900
4 0.801909 0.543433 2.22421 458932
4 0.793316 0.547859 2.21771 458966
4 0.785881 0.550823 2.2054 458999
4 0.775733 0.554685 2.201 459033
4 0.770773 0.559935 2.19655 459066
4 0.766385 0.562856 2.19716 459099

5 0.637621 0.517014 2.2225 460275
5 0.634156 0.516824 2.22477 460291
5 0.631621 0.520005 2.22693 460340
5 0.630686 0.519624 2.22827 460374
5 0.63106 0.522624 2.23066 460390
5 0.633242 0.526414 2.23257 460439
5 0.639514 0.527689 2.23702 460473
5 0.647254 0.531912 2.23878 460505
5 0.656082 0.532328 2.23565 460537
5 0.665478 0.533114 2.23791 460570
5 0.674293 0.538044 2.23741 460602
5 0.682551 0.538185 2.24011 460637
5 0.692979 0.535688 2.23626 460670
5 0.699545 0.538535 2.25285 460703
5 0.701597 0.543621 2.26635 460736
5 0.704209 0.545799 2.27872 460769
5 0.705167 0.548629 2.27542 460801
5 0.701351 0.55353 2.27647 460833
5 0.698228 0.558247 2.27351 460867
5 0.690443 0.566827 2.27612 460901
5 0.678356 0.572867 2.28453 460935
5 0.670563 0.578629 2.29182 460966
5 0.655972 0.588323 2.29334 461001
5 0.646563 0.590485 2.30369 461034
5 0.637015 0.594573 2.30502 461068
5 0.62932 0.596773 2.30985 461103
5 0.628244 0.598377 2.30867 461136
5 0.631103 0.599132 2.3153 461169
5 0.634212 0.598549 2.31109 461202
5 0.639545 0.599956 2.31213 461235
5 0.652294 0.598331 2.31149 461269
5 0.66114 0.597443 2.30525 461302
5 0.670011 0.595772 2.30758 461334
5 0.677853 0.597567 2.30906 461368
5 0.682431 0.598352 2.3077 461402
5 0.685858 0.59976 2.30995 461436
5 0.691688 0.603299 2.31802 461468
5 0.694869 0.608306 2.33701 461503
5 0.694557 0.614082 2.34773 461535
5 0.691846 0.618716 2.34906 461569
5 0.688511 0.625058 2.35187 461603
5 0.684685 0.632419 2.35943 461636
5 0.680522 0.637537 2.3615 461670
5 0.674063 0.647888 2.36607 461703
5 0.664302 0.657426 2.36912 461737
5 0.650911 0.662895 2.36797 461771
5 0.641893 0.669977 2.37232 461804
5 0.632472 0.670814 2.36887 461838
5 0.624898 0.676749 2.37664 461872
5 0.617946 0.68132 2.37362 461906
5 0.613499 0.686416 2.37047 461940
5 0.610835 0.688726 2.37805 461973

6 0.506912 0.108587 2.29576 463868
6 0.506891 0.10993 2.28888 463902
6 0.513867 0.109226 2.28381 463934
6 0.518359 0.10894 2.28624 463968
6 0.52761 0.109305 2.27811 464003
6 0.54042 0.109492 2.27305 464036
6 0.549807 0.103793 2.27108 464069
6 0.559455 0.0973512 2.28119 464103
6 0.576889 0.102639 2.27279 464137
6 0.589661 0.108683 2.26245 464170
6 0.599473 0.113595 2.25903 464204
6 0.610086 0.119283 2.24767 464238
6 0.619268 0.126154 2.25002 464272
6 0.625313 0.130718 2.25288 464305
6 0.625577 0.143466 2.24792 464339
6 0.623921 0.154439 2.24218 464372
6 0.620824 0.166249 2.24398 464404
6 0.61725 0.174458 2.24278 464437
6 0.609341 0.187663 2.23652 464472
6 0.598934 0.200139 2.2288 464506
6 0.589305 0.212821 2.2257 464539
6 0.5794 0.227883 2.22492 464573
6 0.571082 0.238852 2.22753 464605
6 0.563537 0.246626 2.2256 464639
6 0.55892 0.255558 2.22639 464672
6 0.556599 0.261435 2.22467 464705
6 0.555439 0.263324 2.22744 464737
6 0.554842 0.264248 2.23009 464769
6 0.556306 0.263564 2.23021 464803
6 0.564564 0.259307 2.22752 464836
6 0.575186 0.252601 2.2266 464868
6 0.588549 0.250791 2.22896 464900
6 0.598077 0.249956 2.22975 464935
6 0.609046 0.250236 2.22881 464967
6 0.619909 0.245864 2.23213 465001
6 0.630278 0.246935 2.23264 465033
6 0.63693 0.254263 2.23246 465067
6 0.644868 0.261177 2.23671 465101
6 0.647977 0.267392 2.23928 465135
6 0.647882 0.275646 2.23469 465169
6 0.646848 0.287384 2.23399 465203
6 0.644952 0.299702 2.23596 465236
6 0.640137 0.315025 2.2326 465269
6 0.633996 0.329848 2.2277 465303
6 0.624858 0.34571 2.22792 465336
6 0.619457 0.358047 2.22914 465370
6 0.609327 0.370897 2.23006 465403
6 0.596859 0.381151 2.22979 465436
6 0.585212 0.389848 2.23122 465469
6 0.575452 0.391827 2.2272 465503
6 0.566436 0.392932 2.21911 465537
6 0.560258 0.393868 2.21731 465571

7 0.262304 0.508647 2.35496 470970
7 0.263433 0.506985 2.35245 471003
7 0.268521 0.509462 2.35205 471051
7 0.270824 0.511471 2.35795 471084
7 0.274298 0.512922 2.35966 471100
7 0.278009 0.516736 2.36145 471148
7 0.28546 0.517832 2.36037 471180
7 0.292337 0.521158 2.35843 471212
7 0.301115 0.518677 2.36069 471245
7 0.313195 0.51915 2.35358 471278
7 0.322349 0.518496 2.34864 471312
7 0.333607 0.515647 2.34093 471345
7 0.345239 0.518425 2.34382 471380
7 0.353154 0.521801 2.33571 471413
7 0.359725 0.524071 2.34069 471444
7 0.36203 0.530929 2.33627 471478
7 0.361241 0.534577 2.32268 471511
7 0.36233 0.535793 2.33074 471545
7 0.361436 0.542125 2.33903 471579
7 0.35465 0.553252 2.34701 471612
7 0.348586 0.563057 2.35852 471646
7 0.338762 0.570313 2.36238 471680
7 0.328289 0.574539 2.37796 471713
7 0.318956 0.583091 2.39887 471747
7 0.308472 0.589829 2.39908 471782
7 0.300977 0.594111 2.41203 471815
7 0.296933 0.595543 2.41615 471847
7 0.295986 0.596283 2.41023 471882
7 0.299257 0.59895 2.41267 471914
7 0.304489 0.60055 2.40686 471948
7 0.313241 0.602048 2.40465 471982
7 0.323521 0.599878 2.39999 472014
7 0.333328 0.599488 2.38971 472048
7 0.344387 0.600543 2.38756 472082
7 0.35366 0.599843 2.38719 472115
7 0.363614 0.605319 2.39168 472149
7 0.37104 0.608618 2.39646 472182
7 0.376964 0.615578 2.40176 472214
7 0.376607 0.621314 2.39636 472246
7 0.37707 0.628378 2.39856 472279
7 0.377729 0.635497 2.40659 472313
7 0.374814 0.643235 2.41559 472347
7 0.372474 0.65375 2.41912 472380
7 0.366074 0.661022 2.42288 472414
7 0.354093 0.668549 2.41695 472448
7 0.345776 0.674879 2.43073 472481
7 0.335821 0.682701 2.44634 472513
7 0.322981 0.688771 2.46241 472547
7 0.311684 0.693115 2.47127 472580
7 0.30062 0.690908 2.47016 472612
7 0.293902 0.690088 2.47057 472645
7 0.288874 0.686881 2.47521 472679
7 0.287179 0.685152 2.47477 472712

8 0.451817 0.585717 2.4868 478512
8 0.454377 0.5858 2.47764 478545
8 0.461738 0.589928 2.47215 478578
8 0.464901 0.593863 2.47728 478611
8 0.470766 0.588951 2.47649 478645
8 0.474734 0.592278 2.47948 478679
8 0.482545 0.587452 2.47421 478714
8 0.489297 0.585213 2.47334 478747
8 0.497903 0.588979 2.47905 478779
8 0.504343 0.58588 2.4841 478813
8 0.509118 0.584821 2.48933 478847
8 0.514333 0.582771 2.49381 478881
8 0.518833 0.584689 2.50116 478915
8 0.523382 0.585612 2.49427 478948
8 0.520135 0.592754 2.49949 478981
8 0.515918 0.598955 2.502 479014
8 0.511339 0.607792 2.49999 479047
8 0.507793 0.616239 2.50316 479080
8 0.500999 0.624297 2.50855 479114
8 0.497405 0.630088 2.50669 479149
8 0.489109 0.641402 2.51073 479182
8 0.479396 0.649055 2.51538 479214
8 0.472502 0.650332 2.5141 479249
8 0.465949 0.656149 2.50556 479282
8 0.462665 0.656848 2.50905 479314
8 0.46808 0.655613 2.50958 479347
8 0.468698 0.659702 2.51769 479380
8 0.470844 0.659876 2.52885 479414
8 0.479309 0.659715 2.536 479448
8 0.484962 0.661882 2.54042 479482
8 0.490823 0.660392 2.54546 479516
8 0.498246 0.663983 2.55499 479548
8 0.503184 0.66237 2.56632 479583
8 0.506553 0.660262 2.57414 479616
8 0.507452 0.661053 2.58023 479649
8 0.514578 0.668341 2.58427 479683
8 0.515167 0.673727 2.59649 479717
8 0.513111 0.679404 2.59446 479751
8 0.510617 0.684369 2.60502 479786
8 0.509313 0.686948 2.61267 479819
8 0.50358 0.696967 2.61292 479852
8 0.499504 0.704814 2.61172 479886
8 0.495665 0.710916 2.62349 479919
8 0.48771 0.722272 2.62311 479953
8 0.481322 0.73046 2.62505 479987
8 0.469116 0.734336 2.61999 480021
8 0.462302 0.736003 2.62753 480055
8 0.457801 0.735718 2.62708 480089
8 0.452984 0.737513 2.62507 480123
8 0.445368 0.737209 2.62327 480157

9 0.409768 0.306663 2.47096 481584
9 0.409943 0.30735 2.46165 481617
9 0.412203 0.307133 2.4813 481650
9 0.416474 0.314281 2.48089 481684
9 0.421051 0.315176 2.47624 481718
9 0.427228 0.312836 2.46995 481751
9 0.434577 0.313151 2.48275 481784
9 0.44348 0.313421 2.48403 481818
9 0.452538 0.310527 2.48226 481851
9 0.4582 0.315598 2.48846 481885
9 0.466351 0.31928 2.49218 481918
9 0.470069 0.32175 2.49857 481951
9 0.47203 0.322695 2.50223 481984
9 0.477285 0.327374 2.50269 482017
9 0.477702 0.336133 2.51025 482049
9 0.476687 0.340282 2.50744 482082
9 0.476725 0.347296 2.51136 482114
9 0.473454 0.353808 2.5058 482147
9 0.47047 0.363535 2.50401 482182
9 0.467326 0.369964 2.49997 482215
9 0.463216 0.375678 2.50297 482250
9 0.455761 0.37957 2.50143 482283
9 0.449238 0.385394 2.48195 482316
9 0.442104 0.389536 2.47061 482350
9 0.438698 0.392587 2.47356 482383
9 0.438669 0.392502 2.47137 482417
9 0.439968 0.39273 2.46886 482450
9 0.445304 0.396766 2.47559 482483
9 0.451034 0.395084 2.48442 482517
9 0.455274 0.396693 2.49518 482550
9 0.464275 0.394049 2.50168 482583
9 0.469881 0.393873 2.50709 482616
9 0.475062 0.392141 2.51586 482649
9 0.481232 0.393063 2.53855 482681
9 0.487063 0.391353 2.54784 482715
9 0.490472 0.392875 2.55936 482748
9 0.492359 0.395148 2.56891 482781
9 0.493798 0.397879 2.57833 482815
9 0.493386 0.405228 2.58424 482848
9 0.492103 0.410007 2.58388 482882
9 0.485576 0.41517 2.57935 482916
9 0.480659 0.427516 2.56975 482949
9 0.475805 0.434583 2.55544 482982
9 0.469949 0.445208 2.54948 483016
9 0.463343 0.454158 2.54544 483049
9 0.457128 0.464004 2.53468 483083
9 0.449447 0.475049 2.53017 483115
9 0.438334 0.486585 2.51824 483149
9 0.42988 0.491627 2.51128 483183
9 0.423326 0.495008 2.50933 483216
9 0.415341 0.500618 2.50261 483250
9 0.411854 0.50234 2.50299 483283
9 0.408716 0.502457 2.50082 483317
9 0.407501 0.506498 2.49662 483351
9 0.406088 0.502643 2.49507 483384
9 0.404647 0.499 2.48982 483417
9 0.406626 0.500729 2.49182 483449

