Gesto: 5
0 0.66534 0.457068 2.56428 115403
0 0.665943 0.456006 2.55688 115437
0 0.665184 0.455361 2.55488 115471
0 0.659952 0.456363 2.56006 115505
0 0.661415 0.456686 2.55347 115539
0 0.662594 0.454771 2.54288 115573
0 0.664572 0.446386 2.53411 115607
0 0.664851 0.439842 2.51948 115640
0 0.660084 0.430809 2.51046 115674
0 0.656267 0.421553 2.50889 115708
0 0.654045 0.413257 2.49917 115725
0 0.648081 0.403332 2.49712 115776
0 0.63769 0.391618 2.48812 115793
0 0.632258 0.382287 2.48285 115828
0 0.623838 0.370328 2.47295 115877
0 0.617845 0.36306 2.45812 115893
0 0.608786 0.358247 2.45342 115927
0 0.596997 0.35943 2.4416 115977
0 0.586177 0.363493 2.43452 115994
0 0.575278 0.370776 2.42114 116026
0 0.562711 0.382277 2.41352 116077
0 0.550902 0.396911 2.40043 116093
0 0.543968 0.414993 2.40291 116128
0 0.538626 0.435321 2.40193 116161
0 0.531242 0.456885 2.40227 116195
0 0.524027 0.472499 2.41251 116228
0 0.514513 0.491558 2.42111 116262
0 0.502116 0.50645 2.42727 116296
0 0.488903 0.523291 2.42762 116330
0 0.477652 0.531487 2.43073 116365
0 0.460657 0.534732 2.43845 116398
0 0.443141 0.537174 2.44938 116432
0 0.426478 0.526889 2.44402 116466
0 0.417205 0.510474 2.43867 116500
0 0.405721 0.491042 2.43135 116533
0 0.398367 0.470537 2.43229 116565
0 0.393464 0.445689 2.42763 116599
0 0.3857 0.420392 2.42191 116631
0 0.379778 0.398787 2.41622 116664
0 0.377219 0.383846 2.40456 116697
0 0.376093 0.366085 2.40803 116730
0 0.377178 0.358188 2.38954 116762
0 0.380482 0.357308 2.39491 116795
0 0.384482 0.36234 2.40144 116829
0 0.385667 0.369822 2.39535 116863
0 0.386648 0.382572 2.39337 116897
0 0.387051 0.39974 2.38387 116931
0 0.386271 0.424078 2.37968 116964
0 0.385822 0.450998 2.38135 116998
0 0.38708 0.475835 2.37467 117033
0 0.387353 0.497224 2.39076 117066
0 0.387451 0.526987 2.39375 117100
0 0.386095 0.544988 2.41229 117133
0 0.385467 0.56328 2.42495 117167
0 0.385595 0.584819 2.43358 117200
0 0.385893 0.598654 2.44324 117234
0 0.392855 0.611231 2.44991 117268
0 0.396613 0.617741 2.45486 117300
0 0.398667 0.620792 2.45218 117334
0 0.402098 0.615191 2.44185 117368
0 0.410342 0.60562 2.43224 117402
0 0.415004 0.599066 2.40888 117434
0 0.417008 0.587536 2.39613 117467
0 0.418882 0.569007 2.3717 117501
0 0.422381 0.542429 2.35312 117536
0 0.423612 0.515913 2.33933 117568
0 0.424889 0.486889 2.33986 117602
0 0.426711 0.461888 2.33525 117636
0 0.428358 0.435985 2.33039 117667
0 0.432232 0.418487 2.33803 117701
0 0.437049 0.41563 2.34847 117733
0 0.439641 0.417173 2.35745 117766
0 0.439574 0.418146 2.35699 117799
0 0.444768 0.42853 2.36863 117833
0 0.449189 0.447186 2.376 117867
0 0.452204 0.465791 2.38416 117901
0 0.458135 0.488661 2.38369 117935
0 0.457327 0.522927 2.39855 117969
0 0.457268 0.549614 2.40664 118003
0 0.455318 0.572878 2.41315 118038
0 0.455868 0.595288 2.41033 118072
0 0.457225 0.611196 2.41781 118105
0 0.462616 0.626406 2.42443 118139
0 0.470655 0.634384 2.43153 118172
0 0.476385 0.635137 2.42985 118206
0 0.483647 0.629371 2.43637 118239
0 0.49289 0.614263 2.43099 118272
0 0.501551 0.595544 2.41086 118305
0 0.510515 0.583002 2.38697 118340
0 0.51424 0.559565 2.36711 118374
0 0.518825 0.536636 2.35219 118407
0 0.522756 0.501387 2.3565 118441
0 0.524579 0.472174 2.36394 118473
0 0.526583 0.449912 2.36795 118507
0 0.529126 0.435844 2.37964 118540
0 0.535859 0.427031 2.38702 118573
0 0.5396 0.422657 2.39491 118606
0 0.54343 0.421806 2.39519 118641
0 0.549513 0.429215 2.41277 118674
0 0.555507 0.445021 2.42864 118707
0 0.561385 0.4634 2.43678 118740

1 0.632153 0.520584 3.10909 129943
1 0.636332 0.522267 3.08469 129977
1 0.639403 0.525283 3.06852 130011
1 0.642357 0.533548 3.05374 130046
1 0.650853 0.54209 3.05912 130079
1 0.656322 0.547399 3.05211 130113
1 0.658503 0.550005 3.03543 130147
1 0.659518 0.551218 3.02706 130181
1 0.668176 0.552996 3.02594 130214
1 0.674408 0.552537 3.02241 130248
1 0.677904 0.552452 3.0206 130280
1 0.68679 0.551333 3.01575 130313
1 0.69571 0.545358 3.00752 130346
1 0.700135 0.53114 3.00207 130379
1 0.708998 0.509643 2.98045 130412
1 0.714365 0.498636 2.96404 130444
1 0.722706 0.47616 2.93851 130477
1 0.729074 0.454441 2.92654 130511
1 0.732708 0.43076 2.90942 130545
1 0.741179 0.405495 2.89366 130578
1 0.746927 0.379832 2.88345 130611
1 0.749687 0.353202 2.87657 130644
1 0.751807 0.339107 2.87513 130677
1 0.751982 0.327097 2.86683 130711
1 0.752294 0.320918 2.8627 130744
1 0.762243 0.312273 2.8659 130778
1 0.767311 0.313524 2.86248 130811
1 0.776571 0.325177 2.8666 130845
1 0.784644 0.338338 2.8702 130879
1 0.78978 0.358304 2.87228 130914
1 0.793122 0.375721 2.88065 130948
1 0.794221 0.390861 2.87925 130980
1 0.795338 0.411093 2.87572 131014
1 0.795955 0.422122 2.88228 131048
1 0.805062 0.434173 2.89682 131082
1 0.810369 0.447323 2.89293 131116
1 0.811186 0.458105 2.88475 131150
1 0.815589 0.458584 2.89322 131184
1 0.816316 0.452608 2.89113 131217
1 0.823292 0.446068 2.89984 131251
1 0.830283 0.439287 2.90441 131282
1 0.833438 0.427026 2.90696 131315
1 0.836599 0.41519 2.90531 131347
1 0.840208 0.395836 2.92638 131381
1 0.850239 0.379855 2.93433 131414
1 0.856389 0.362404 2.93439 131448
1 0.858384 0.350123 2.92733 131481
1 0.861837 0.335673 2.94601 131514
1 0.865915 0.321348 2.96226 131546
1 0.865806 0.315038 2.95728 131578
1 0.862984 0.306674 2.96052 131612
1 0.864304 0.300108 2.96268 131645
1 0.863855 0.293087 2.94147 131678
1 0.864519 0.300899 2.94692 131712
1 0.872971 0.306963 2.96131 131745
1 0.87885 0.31428 2.97904 131779
1 0.884002 0.327736 2.97825 131812
1 0.885326 0.34554 2.96533 131846
1 0.885437 0.360292 2.95881 131880
1 0.885419 0.37554 2.95556 131915
1 0.885623 0.388722 2.9533 131948
1 0.887166 0.401946 2.95224 131981
1 0.887394 0.416429 2.95095 132015
1 0.894757 0.427174 2.9585 132048
1 0.90166 0.436944 2.96692 132082
1 0.907824 0.453298 2.98682 132114
1 0.911261 0.462912 2.98598 132147
1 0.908195 0.474879 2.96814 132180
1 0.896802 0.473999 2.9442 132213
1 0.889144 0.473541 2.93226 132247
1 0.886361 0.479824 2.92512 132281
1 0.887314 0.485429 2.94018 132314
1 0.897542 0.479008 2.95812 132347
1 0.903601 0.469201 2.97165 132380
1 0.905958 0.45606 2.97719 132413
1 0.907808 0.445132 2.97354 132445
1 0.908615 0.425049 2.96246 132479
1 0.906476 0.401471 2.95109 132512
1 0.904165 0.377409 2.95574 132547
1 0.907485 0.362572 2.96708 132581
1 0.89856 0.34119 2.95968 132614
1 0.893259 0.316048 2.95058 132647
1 0.888265 0.299961 2.93409 132680
1 0.876725 0.283076 2.92721 132713
1 0.866453 0.262692 2.91439 132747
1 0.861201 0.249077 2.91751 132781
1 0.850803 0.227992 2.90318 132814
1 0.833284 0.211368 2.87215 132846
1 0.815961 0.197231 2.83643 132880
1 0.800465 0.184897 2.81573 132914
1 0.782051 0.175578 2.79792 132946
1 0.764802 0.168524 2.80472 132980
1 0.747893 0.167403 2.78716 133013
1 0.725098 0.156821 2.76565 133045
1 0.70277 0.140034 2.75639 133078
1 0.682318 0.132869 2.73456 133111
1 0.65361 0.129197 2.71546 133144
1 0.628806 0.129737 2.70767 133177
1 0.602803 0.130667 2.69019 133210
1 0.574741 0.13246 2.67796 133244
1 0.547155 0.134366 2.66921 133277

2 0.172964 0.378699 2.67988 135184
2 0.172839 0.377761 2.67079 135218
2 0.181593 0.375189 2.6697 135250
2 0.185711 0.368323 2.67725 135283
2 0.188864 0.361507 2.6833 135317
2 0.190911 0.350806 2.68071 135349
2 0.194152 0.341239 2.67044 135383
2 0.199278 0.327447 2.67566 135417
2 0.207167 0.318185 2.66529 135452
2 0.212836 0.30835 2.65893 135486
2 0.220814 0.298156 2.65666 135519
2 0.229896 0.286635 2.6443 135552
2 0.237734 0.27658 2.6411 135585
2 0.244354 0.267804 2.64362 135619
2 0.254974 0.252594 2.65351 135653
2 0.264367 0.243423 2.64975 135687
2 0.273113 0.232294 2.65065 135720
2 0.283283 0.22139 2.64745 135753
2 0.294628 0.218231 2.63288 135787
2 0.307765 0.208894 2.62459 135821
2 0.319026 0.200881 2.61886 135855
2 0.330558 0.185549 2.62707 135889
2 0.343063 0.178396 2.62384 135922
2 0.354077 0.166123 2.62811 135955
2 0.366154 0.153325 2.6423 135989
2 0.375508 0.142909 2.63567 136022
2 0.385479 0.138758 2.64558 136056
2 0.398063 0.128388 2.66294 136090
2 0.407837 0.12307 2.65642 136124
2 0.41687 0.117971 2.66222 136157
2 0.42776 0.107265 2.67812 136189
2 0.440126 0.096968 2.68315 136223
2 0.453517 0.0916812 2.68384 136257
2 0.462667 0.0879602 2.68759 136289
2 0.476132 0.0854518 2.68998 136322
2 0.483354 0.0846591 2.68911 136354
2 0.494515 0.085659 2.68663 136388
2 0.503904 0.0803342 2.67647 136420
2 0.515468 0.0737332 2.66828 136454
2 0.524561 0.0690242 2.67857 136489
2 0.53525 0.0749326 2.68515 136522
2 0.541639 0.0772995 2.69762 136556
2 0.551966 0.0791358 2.70003 136590
2 0.559433 0.0801312 2.70303 136623
2 0.566271 0.0803123 2.72051 136657
2 0.575749 0.0821084 2.70944 136691
2 0.583781 0.08207 2.72129 136726
2 0.585773 0.0914277 2.71994 136759
2 0.594752 0.0984986 2.7214 136793
2 0.602702 0.102835 2.72384 136827
2 0.611324 0.103742 2.72065 136844
2 0.618806 0.111935 2.7314 136894
2 0.623262 0.118362 2.7425 136911
2 0.628001 0.121888 2.75399 136945
2 0.631312 0.133956 2.7624 136979
2 0.638932 0.141987 2.77086 137012
2 0.645312 0.146953 2.77071 137046
2 0.647429 0.159704 2.76772 137080
2 0.648185 0.17967 2.76081 137113
2 0.655522 0.190021 2.767 137148
2 0.662023 0.206518 2.77671 137180
2 0.662631 0.21959 2.77924 137213
2 0.665403 0.235684 2.77479 137247
2 0.667486 0.25675 2.7701 137280
2 0.666899 0.277614 2.75703 137314
2 0.664568 0.295536 2.76214 137346
2 0.665854 0.313069 2.7662 137380
2 0.665421 0.331789 2.7543 137413
2 0.663559 0.350042 2.75302 137448
2 0.657503 0.366293 2.75634 137481
2 0.652205 0.384865 2.75356 137514
2 0.650611 0.409713 2.75573 137546
2 0.647537 0.429219 2.76299 137580
2 0.646199 0.443437 2.75449 137614
2 0.645447 0.461631 2.75649 137647
2 0.6385 0.476315 2.7568 137680
2 0.634367 0.494806 2.76715 137713
2 0.631059 0.515528 2.76434 137746
2 0.622023 0.528117 2.75965 137795
2 0.615274 0.546575 2.74551 137812
2 0.611951 0.556596 2.74497 137862
2 0.608852 0.564911 2.74524 137880
2 0.600526 0.565688 2.73727 137913
2 0.594813 0.566269 2.72591 137947
2 0.591309 0.566375 2.72072 137980

3 0.470327 0.617185 2.70822 141417
3 0.464342 0.615233 2.71152 141451
3 0.465121 0.621826 2.70453 141485
3 0.463863 0.618608 2.696 141519
3 0.467035 0.618757 2.69173 141552
3 0.46886 0.61912 2.68961 141585
3 0.469792 0.621555 2.68086 141618
3 0.470765 0.621225 2.67233 141650
3 0.472523 0.630152 2.64639 141683
3 0.476493 0.631531 2.63574 141716
3 0.475318 0.635955 2.62625 141750
3 0.476256 0.63739 2.62137 141784
3 0.476583 0.646544 2.61574 141818
3 0.475945 0.650199 2.60838 141851
3 0.477084 0.647222 2.60206 141885
3 0.475728 0.653317 2.5951 141919
3 0.475213 0.656718 2.59126 141953
3 0.466101 0.660796 2.58998 141986
3 0.460096 0.662964 2.5891 142020
3 0.448683 0.665359 2.58714 142052
3 0.438946 0.670764 2.59484 142085
3 0.428569 0.676168 2.59671 142119
3 0.420772 0.67878 2.58499 142153
3 0.417912 0.680261 2.58751 142187
3 0.416727 0.682198 2.58353 142219
3 0.418698 0.686074 2.59072 142252
3 0.427225 0.686465 2.59068 142287
3 0.437196 0.695003 2.58501 142321
3 0.448879 0.70138 2.58963 142354
3 0.455632 0.705226 2.59234 142387
3 0.463731 0.706313 2.59443 142421
3 0.467005 0.709582 2.59621 142454
3 0.468823 0.710968 2.58874 142487
3 0.460197 0.717443 2.58805 142520
3 0.45391 0.7197 2.58911 142554
3 0.444061 0.717658 2.59258 142586
3 0.438714 0.71893 2.59617 142619
3 0.434924 0.72287 2.59372 142652
3 0.436164 0.726793 2.59853 142686
3 0.43726 0.728562 2.60339 142721
3 0.445309 0.731193 2.6015 142753
3 0.450023 0.73244 2.60585 142787
3 0.452816 0.73364 2.60936 142820
3 0.455889 0.740189 2.60541 142854
3 0.456869 0.745194 2.60785 142888
3 0.453206 0.748052 2.59985 142921
3 0.449579 0.75145 2.59645 142954
3 0.447591 0.752439 2.60342 142988
3 0.447149 0.75232 2.60846 143021
3 0.450593 0.75658 2.61241 143055
3 0.459675 0.758956 2.61411 143090
3 0.461092 0.759745 2.61623 143122
3 0.460809 0.767246 2.60073 143156
3 0.455477 0.772729 2.6056 143189
3 0.452678 0.77487 2.60836 143223
3 0.449102 0.777292 2.61002 143256
3 0.447359 0.779533 2.61026 143290
3 0.45095 0.780824 2.61023 143324
3 0.453204 0.782251 2.61149 143357
3 0.454772 0.785094 2.61929 143390
3 0.455546 0.785927 2.62238 143423
3 0.455448 0.784659 2.61771 143456
3 0.453511 0.791124 2.61801 143488
3 0.451211 0.797144 2.61987 143521
3 0.454989 0.801159 2.62787 143555
3 0.457476 0.802088 2.62183 143588
3 0.459685 0.805006 2.62123 143622
3 0.457994 0.806742 2.61697 143657
3 0.453605 0.807611 2.61836 143691
3 0.454283 0.809154 2.61749 143722
3 0.457791 0.808853 2.62781 143756
3 0.459616 0.810068 2.63668 143789
3 0.460523 0.810641 2.64119 143822
3 0.461953 0.810235 2.65445 143856
3 0.459676 0.818223 2.66335 143890
3 0.457065 0.816826 2.66324 143923
3 0.455605 0.816141 2.67286 143957
3 0.461106 0.816113 2.67488 143990
3 0.461594 0.817581 2.68128 144022
3 0.460256 0.823022 2.66969 144055
3 0.462193 0.826966 2.66301 144089
3 0.464949 0.830509 2.66462 144122
3 0.466116 0.831103 2.66342 144155
3 0.465891 0.831704 2.65762 144188
3 0.466316 0.834264 2.67263 144222
3 0.46663 0.834328 2.67297 144254
3 0.472312 0.832749 2.65378 144288
3 0.46944 0.835655 2.66148 144320
3 0.472181 0.836616 2.65414 144354
3 0.469349 0.8374 2.66198 144388
3 0.468036 0.836641 2.66693 144421
3 0.467564 0.836246 2.67729 144455

4 0.723024 0.682713 2.92258 148631
4 0.7192 0.684497 2.91354 148665
4 0.721166 0.682807 2.9169 148698
4 0.720423 0.688317 2.95098 148731
4 0.71857 0.690764 2.9757 148764
4 0.718032 0.691288 2.9817 148796
4 0.719281 0.698163 2.9781 148830
4 0.721346 0.704806 2.98373 148863
4 0.72347 0.711442 2.98667 148897
4 0.725662 0.716326 2.98631 148930
4 0.726055 0.720446 3.00626 148964
4 0.724876 0.72187 3.01872 148998
4 0.71847 0.721643 3.03549 149031
4 0.720995 0.721701 3.0495 149065
4 0.716512 0.72061 3.05094 149099
4 0.719078 0.721032 3.04296 149132
4 0.713323 0.732686 3.05039 149167
4 0.714032 0.743636 3.07101 149199
4 0.713625 0.748773 3.08326 149233
4 0.714188 0.750625 3.10333 149267
4 0.716074 0.753316 3.13317 149300
4 0.714939 0.752067 3.12346 149334
4 0.722658 0.756403 3.14176 149367
4 0.727647 0.75969 3.16088 149401
4 0.730396 0.758827 3.16162 149435
4 0.734586 0.756347 3.16085 149469
4 0.7372 0.755537 3.16203 149503
4 0.745409 0.755911 3.1612 149536
4 0.752996 0.754594 3.16063 149570
4 0.760091 0.750133 3.16477 149605
4 0.768461 0.741804 3.16308 149621
4 0.776357 0.733708 3.16537 149672
4 0.790206 0.727948 3.16271 149705
4 0.79589 0.716579 3.16136 149738
4 0.807307 0.708937 3.16068 149755
4 0.815058 0.703117 3.15944 149790
4 0.820326 0.688417 3.14139 149840
4 0.828675 0.679263 3.12427 149856
4 0.833332 0.669564 3.08828 149889
4 0.832311 0.65476 3.05346 149923
4 0.829346 0.642345 3.01928 149956
4 0.826426 0.633004 2.97657 149989
4 0.820798 0.619684 2.94295 150039
4 0.816236 0.607408 2.90251 150056
4 0.809885 0.604611 2.87574 150089
4 0.799789 0.600993 2.85286 150138
4 0.787304 0.599855 2.82135 150171
4 0.773561 0.596601 2.78972 150189
4 0.75718 0.596383 2.76925 150238
4 0.743553 0.595448 2.75606 150271
4 0.731918 0.594499 2.7429 150288
4 0.723553 0.596126 2.7324 150337
4 0.707845 0.606045 2.71997 150371
4 0.692241 0.615458 2.70981 150388
4 0.686179 0.619937 2.71323 150439
4 0.672419 0.623835 2.73194 150456
4 0.664554 0.63183 2.74343 150490
4 0.655225 0.639397 2.7615 150523
4 0.647875 0.651801 2.77633 150556
4 0.641996 0.662741 2.78779 150590
4 0.632768 0.669869 2.79218 150624
4 0.625086 0.682194 2.80455 150658
4 0.621533 0.688906 2.8162 150691
4 0.613642 0.696415 2.83343 150739
4 0.605699 0.700122 2.82165 150755
4 0.602501 0.706144 2.84013 150789
4 0.592823 0.715415 2.85258 150839
4 0.586637 0.721967 2.87231 150856
4 0.575406 0.725762 2.89214 150906
4 0.566467 0.717255 2.89665 150939
4 0.554205 0.712319 2.89866 150955
4 0.541564 0.710303 2.90182 151005
4 0.526473 0.711591 2.9116 151037
4 0.514688 0.708293 2.91367 151070
4 0.499183 0.705451 2.90806 151104
4 0.492597 0.694175 2.90645 151137
4 0.487201 0.684651 2.89354 151170
4 0.485127 0.669311 2.88189 151203
4 0.483661 0.658653 2.84983 151236
4 0.478435 0.654796 2.83453 151268
4 0.473733 0.64222 2.83173 151302
4 0.478559 0.634271 2.80931 151334
4 0.482204 0.630012 2.80301 151367
4 0.49174 0.616589 2.80215 151398
4 0.506751 0.607 2.77988 151432
4 0.51528 0.60294 2.75424 151464
4 0.526622 0.602418 2.74808 151497
4 0.542238 0.606817 2.76362 151530
4 0.551436 0.613231 2.77184 151564
4 0.562027 0.618765 2.78958 151597
4 0.574143 0.624441 2.7941 151630
4 0.58166 0.630448 2.80013 151664
4 0.589605 0.640333 2.80306 151698
4 0.594732 0.655802 2.81765 151730
4 0.601699 0.669605 2.83921 151764
4 0.607199 0.676715 2.85641 151797
4 0.613045 0.690544 2.86376 151831
4 0.614363 0.696414 2.87632 151864
4 0.621135 0.703755 2.88543 151897
4 0.625545 0.70816 2.90287 151931
4 0.626727 0.711417 2.91776 151964

5 0.32986 0.424876 2.51874 175486
5 0.323435 0.42501 2.51867 175520
5 0.317452 0.422774 2.51548 175553
5 0.314649 0.422411 2.5146 175587
5 0.306717 0.421754 2.51585 175620
5 0.300825 0.419746 2.51746 175654
5 0.293533 0.421767 2.51429 175687
5 0.286083 0.419368 2.51462 175721
5 0.276963 0.421708 2.51018 175754
5 0.268917 0.420245 2.51297 175788
5 0.253972 0.421152 2.51312 175821
5 0.242417 0.422987 2.5165 175855
5 0.230895 0.422833 2.51972 175888
5 0.220514 0.420864 2.51858 175922
5 0.207294 0.420236 2.50999 175954
5 0.195106 0.421819 2.50936 175988
5 0.18835 0.422563 2.50741 176021
5 0.17453 0.426384 2.52164 176054
5 0.16771 0.430252 2.52323 176087
5 0.161857 0.432611 2.52955 176120
5 0.15829 0.434 2.53541 176154
5 0.149276 0.437641 2.53023 176188
5 0.141515 0.438968 2.5362 176222
5 0.136817 0.446278 2.54031 176256
5 0.135496 0.45045 2.54295 176290
5 0.133903 0.451776 2.55153 176322
5 0.133061 0.456216 2.55937 176356
5 0.13066 0.458866 2.57089 176389
5 0.121931 0.461253 2.5842 176422
5 0.115872 0.463078 2.58824 176456
5 0.11131 0.463469 2.59921 176489
5 0.109058 0.46384 2.60548 176523
5 0.108628 0.464018 2.60413 176556
5 0.105051 0.4691 2.59127 176589
5 0.099026 0.472855 2.5978 176622
5 0.102151 0.468417 2.59047 176655
5 0.107919 0.472719 2.57543 176689
5 0.111487 0.47487 2.56826 176722
5 0.112162 0.47587 2.57272 176755
5 0.112395 0.47631 2.58152 176788
5 0.114873 0.476676 2.57075 176821
5 0.11682 0.476872 2.5613 176856
5 0.11956 0.475597 2.55559 176889
5 0.120467 0.475277 2.55406 176921
5 0.120395 0.474993 2.55914 176954
5 0.1273 0.474246 2.55339 176987
5 0.131384 0.473476 2.55199 177021
5 0.135068 0.472757 2.54712 177055
5 0.137574 0.471978 2.54206 177087
5 0.138931 0.471369 2.54398 177121
5 0.140065 0.471152 2.54316 177155
5 0.14016 0.471175 2.54014 177187
5 0.140037 0.471177 2.53853 177221
5 0.146473 0.467682 2.53525 177255
5 0.150526 0.466513 2.53361 177287
5 0.153699 0.46573 2.52684 177321
5 0.154341 0.464497 2.52962 177354
5 0.162141 0.464062 2.53074 177388
5 0.166788 0.464777 2.52902 177422
5 0.169984 0.465129 2.52238 177455
5 0.17323 0.465809 2.5087 177488
5 0.17453 0.465508 2.50239 177521
5 0.181322 0.465375 2.51174 177555
5 0.188253 0.462462 2.51255 177588
5 0.191971 0.464008 2.50089 177622
5 0.195489 0.465436 2.47461 177656
5 0.203653 0.465164 2.47984 177689
5 0.211156 0.462356 2.48242 177722
5 0.214393 0.458833 2.47141 177756
5 0.22487 0.459848 2.45987 177790
5 0.228581 0.455419 2.45922 177824
5 0.23856 0.455394 2.45419 177858
5 0.245697 0.451489 2.46019 177893
5 0.251982 0.452061 2.46041 177926
5 0.25912 0.453556 2.4633 177944
5 0.264242 0.454499 2.4543 177994
5 0.272172 0.454918 2.45081 178029
5 0.27616 0.454931 2.46067 178044
5 0.280877 0.455108 2.45703 178095
5 0.290478 0.455061 2.46162 178112
5 0.295802 0.455062 2.46384 178146
5 0.298153 0.455706 2.46051 178195
5 0.300978 0.45264 2.45836 178229
5 0.302683 0.45416 2.4456 178246
5 0.312918 0.45492 2.43907 178298
5 0.315827 0.454992 2.45266 178313
5 0.31849 0.456235 2.45052 178363
5 0.317507 0.452035 2.45913 178395
5 0.319452 0.453986 2.45784 178428
5 0.317039 0.449461 2.45367 178462
5 0.312862 0.441531 2.45167 178496
5 0.310374 0.428448 2.43803 178514
5 0.307738 0.410475 2.43549 178562
5 0.306777 0.382295 2.43241 178596
5 0.305603 0.35457 2.44288 178613
5 0.303846 0.329503 2.45267 178663
5 0.303392 0.304321 2.46079 178680
5 0.304069 0.275795 2.46767 178713
5 0.303942 0.253302 2.47845 178764
5 0.306464 0.239963 2.50743 178781
5 0.305748 0.231892 2.52255 178815

6 0.343481 0.668552 3.10465 180993
6 0.340085 0.672584 3.09401 181027
6 0.338081 0.674087 3.08707 181060
6 0.336939 0.677824 3.07657 181093
6 0.333736 0.683654 3.06435 181128
6 0.333081 0.683358 3.04662 181161
6 0.331955 0.674642 3.00881 181194
6 0.331765 0.652347 2.96874 181228
6 0.330265 0.627951 2.92246 181261
6 0.336032 0.587748 2.85156 181296
6 0.330939 0.51288 2.82702 181330
6 0.327562 0.44842 2.82882 181348
6 0.328799 0.392745 2.82291 181397
6 0.328826 0.341588 2.81363 181430
6 0.327768 0.286397 2.81636 181464
6 0.326397 0.240764 2.83089 181497
6 0.327408 0.212715 2.85484 181531
6 0.329369 0.189669 2.88815 181548
6 0.333365 0.184599 2.90646 181599
6 0.336818 0.18472 2.91911 181616
6 0.339027 0.185716 2.91968 181651
6 0.339314 0.196559 2.90434 181683
6 0.345545 0.216975 2.87397 181716
6 0.343345 0.239846 2.86601 181749
6 0.350752 0.310354 2.79569 181783
6 0.353625 0.36653 2.74545 181815
6 0.355177 0.421802 2.72813 181849
6 0.357371 0.446627 2.78274 181883
6 0.355262 0.468945 2.76586 181917
6 0.361881 0.506456 2.72595 181965
6 0.365454 0.553996 2.70625 181998
6 0.36714 0.595631 2.71305 182015
6 0.366686 0.638327 2.73463 182066
6 0.359097 0.718395 2.89051 182098
6 0.358524 0.727354 2.90486 182115
6 0.358205 0.732545 2.91248 182165
6 0.358047 0.72486 2.91628 182198
6 0.359467 0.718729 2.88732 182215

7 0.351504 0.267834 2.7682 182651
7 0.35195 0.257414 2.78501 182685
7 0.356347 0.243611 2.80277 182718
7 0.358205 0.244024 2.8173 182752
7 0.357766 0.246956 2.8258 182786
7 0.358977 0.258797 2.82726 182820
7 0.361419 0.276877 2.8132 182853
7 0.363985 0.312629 2.77754 182887
7 0.369797 0.37264 2.78611 182920
7 0.375896 0.449802 2.80734 182954
7 0.380164 0.494584 2.78884 182987
7 0.381751 0.536528 2.79389 183020
7 0.387334 0.589409 2.81156 183054
7 0.393476 0.63708 2.84836 183088
7 0.395992 0.668791 2.88431 183121
7 0.399701 0.686419 2.90236 183154
7 0.399888 0.698379 2.92948 183188
7 0.403452 0.70622 2.9547 183222
7 0.405569 0.710339 2.9723 183255
7 0.406075 0.713165 3.00092 183290
7 0.406187 0.715742 3.01538 183324

8 0.222481 0.811869 3.30146 186821
8 0.222677 0.811857 3.30773 186854
8 0.220508 0.815771 3.2997 186887
8 0.216972 0.821634 3.29966 186921
8 0.202671 0.832086 3.26759 186955
8 0.182948 0.822117 3.22573 186988
8 0.165322 0.812875 3.19309 187036
8 0.151725 0.802507 3.17339 187069
8 0.139361 0.793309 3.15582 187085
8 0.128003 0.787767 3.14315 187136
8 0.103463 0.759013 3.1079 187169
8 0.100639 0.757783 3.10351 187186
8 0.100721 0.757014 3.09712 187237
8 0.107165 0.755549 3.0955 187269
8 0.11006 0.749912 3.1012 187285
8 0.117574 0.748705 3.0823 187336
8 0.119918 0.746898 3.07168 187353
8 0.121474 0.749562 3.08116 187387
8 0.123128 0.751245 3.08451 187437
8 0.122449 0.7518 3.08952 187470
8 0.120891 0.754153 3.09425 187486
8 0.11907 0.75313 3.09884 187535
8 0.119063 0.749127 3.09014 187569
8 0.117966 0.748588 3.09205 187585
8 0.114895 0.748714 3.10786 187636
8 0.117235 0.746547 3.0878 187668
8 0.121224 0.738591 3.09481 187703
8 0.125715 0.740025 3.08327 187736
8 0.122523 0.739626 3.07749 187770
8 0.121246 0.744518 3.08334 187786
8 0.120865 0.746474 3.09205 187834
8 0.119941 0.743651 3.08263 187867
8 0.122507 0.73609 3.06043 187899
8 0.12304 0.730463 3.04257 187934
8 0.120884 0.740341 3.05098 187967
8 0.130389 0.733653 3.05194 188001
8 0.128678 0.74218 3.05974 188034
8 0.127614 0.746559 3.04889 188067
8 0.124695 0.750571 3.05435 188099
8 0.13209 0.752809 3.0539 188131
8 0.133717 0.741186 3.07097 188166
8 0.13671 0.734137 3.06173 188199
8 0.137691 0.727893 3.06083 188232
8 0.137047 0.72883 3.07547 188266
8 0.137757 0.729429 3.08485 188300
8 0.141024 0.727255 3.05617 188333
8 0.138194 0.728424 3.07207 188367
8 0.140603 0.728981 3.08013 188400
8 0.142059 0.729253 3.08402 188435
8 0.143141 0.728456 3.0732 188469
8 0.143925 0.726509 3.06829 188503
8 0.143672 0.726929 3.06469 188536
8 0.14522 0.728252 3.07631 188554
8 0.149023 0.730234 3.10016 188603
8 0.147996 0.727055 3.10102 188637
8 0.146871 0.726528 3.08426 188654
8 0.143711 0.726933 3.07118 188705
8 0.143218 0.727203 3.06524 188722
8 0.143778 0.725963 3.06399 188756
8 0.143588 0.726625 3.06251 188790
8 0.153066 0.728087 3.07529 188823
8 0.154111 0.735422 3.08917 188857
8 0.156053 0.742613 3.09431 188890
8 0.15618 0.745632 3.10901 188923
8 0.149584 0.742911 3.10049 188956
8 0.144179 0.744395 3.10511 188990
8 0.14351 0.73697 3.09659 189023
8 0.143781 0.732273 3.07925 189057
8 0.140423 0.730878 3.08518 189091
8 0.148622 0.730233 3.08661 189126
8 0.155171 0.73432 3.09325 189160
8 0.16114 0.742604 3.08201 189193
8 0.160736 0.750547 3.08838 189227
8 0.163975 0.75069 3.08951 189261
8 0.16105 0.750687 3.09383 189295
8 0.151468 0.753151 3.09764 189328
8 0.145727 0.742704 3.1108 189362
8 0.152903 0.737408 3.11746 189395
8 0.157441 0.729815 3.11187 189427
8 0.161559 0.729676 3.09979 189461
8 0.169947 0.729566 3.09396 189495
8 0.174937 0.737039 3.09263 189528
8 0.176608 0.741739 3.09045 189562
8 0.173085 0.736121 3.09542 189597
8 0.170976 0.729188 3.09142 189630
8 0.168623 0.727718 3.07889 189664
8 0.173453 0.723163 3.08341 189698
8 0.177551 0.712369 3.08883 189732
8 0.183031 0.706707 3.08834 189765
8 0.193369 0.701624 3.05752 189799
8 0.188601 0.700227 3.05701 189832
8 0.190112 0.699443 3.05495 189866
8 0.187345 0.705498 3.07151 189900
8 0.187686 0.703242 3.07981 189934
8 0.187586 0.701335 3.07192 189968
8 0.187796 0.698911 3.05205 190000
8 0.189053 0.697523 3.04089 190033
8 0.196099 0.698177 3.04678 190067
8 0.207056 0.68724 3.06491 190101
8 0.191759 0.715853 3.08178 190133
8 0.18261 0.737102 3.10315 190167

