Gesto: 8
0 0.521722 0.298671 1.83675 540785
0 0.521955 0.295783 1.83817 540819
0 0.521658 0.295809 1.83542 540853
0 0.522137 0.294499 1.83209 540885
0 0.524311 0.296364 1.82597 540918
0 0.528516 0.297912 1.82248 540950
0 0.531785 0.297136 1.81956 540984
0 0.536249 0.292591 1.81247 541016
0 0.54259 0.286848 1.80474 541051
0 0.545236 0.279136 1.79582 541084
0 0.549086 0.269385 1.78499 541117
0 0.550896 0.260681 1.77743 541151
0 0.550549 0.250381 1.7711 541184
0 0.549404 0.238821 1.76568 541219
0 0.546624 0.227494 1.76253 541252
0 0.541142 0.218563 1.76074 541285
0 0.534914 0.208342 1.7596 541320
0 0.528093 0.200598 1.75921 541354
0 0.519285 0.192958 1.76128 541386
0 0.509985 0.190161 1.76428 541419
0 0.499801 0.188738 1.76661 541453
0 0.488888 0.186349 1.7725 541486
0 0.477942 0.187366 1.77848 541519
0 0.469431 0.192038 1.78374 541552
0 0.461136 0.195855 1.78852 541584
0 0.452323 0.20524 1.79545 541616
0 0.447077 0.217113 1.80165 541648
0 0.445059 0.229851 1.80438 541680
0 0.445449 0.243113 1.8054 541714
0 0.44681 0.256665 1.80866 541747
0 0.450346 0.268824 1.81205 541781
0 0.454492 0.278972 1.81598 541813
0 0.462874 0.290088 1.81719 541848
0 0.471408 0.301351 1.817 541881
0 0.481562 0.308654 1.81081 541914
0 0.49374 0.323377 1.80889 541948
0 0.505546 0.335 1.80985 541981
0 0.517044 0.347844 1.81486 542014
0 0.524949 0.360567 1.81552 542048
0 0.534473 0.373731 1.824 542082
0 0.539357 0.389612 1.83619 542114
0 0.543727 0.399945 1.83936 542148
0 0.544119 0.411172 1.85164 542182
0 0.540815 0.423563 1.86365 542216
0 0.536449 0.43537 1.87212 542250
0 0.528986 0.447346 1.87914 542284
0 0.52338 0.457058 1.88681 542317
0 0.515125 0.467611 1.89312 542351
0 0.50526 0.472914 1.89636 542384
0 0.494129 0.47615 1.90208 542418
0 0.482348 0.476322 1.90189 542451
0 0.47228 0.474467 1.89922 542484
0 0.463853 0.469148 1.89461 542518
0 0.456489 0.463511 1.88933 542551
0 0.450545 0.454804 1.88614 542584
0 0.447175 0.448859 1.88315 542616
0 0.445947 0.439454 1.8774 542649
0 0.445299 0.428896 1.87082 542682
0 0.446278 0.420234 1.86392 542715
0 0.448556 0.407522 1.85351 542748
0 0.4525 0.395155 1.84503 542782
0 0.458093 0.384544 1.83546 542816
0 0.464687 0.373457 1.82876 542849
0 0.473126 0.361438 1.82727 542882
0 0.48027 0.3504 1.82126 542916
0 0.485896 0.34045 1.81737 542950
0 0.494117 0.330551 1.80873 542984
0 0.499856 0.323391 1.80367 543018
0 0.50648 0.317176 1.80212 543051
0 0.512491 0.309424 1.80037 543084
0 0.519108 0.302438 1.79888 543118
0 0.526525 0.299762 1.79898 543152
0 0.532328 0.298055 1.79761 543186
0 0.536213 0.293387 1.79644 543220
0 0.536324 0.288552 1.79133 543253
0 0.536994 0.283576 1.78947 543287

1 0.617322 0.242217 1.74858 544880
1 0.618026 0.238957 1.74342 544912
1 0.618147 0.234072 1.74008 544944
1 0.617959 0.23048 1.73707 544994
1 0.616101 0.225773 1.73358 545027
1 0.611104 0.220393 1.73044 545043
1 0.606145 0.215351 1.73307 545094
1 0.59977 0.213367 1.73024 545126
1 0.591998 0.211584 1.72841 545160
1 0.585313 0.212223 1.72885 545193
1 0.575985 0.213123 1.7303 545226
1 0.565211 0.21395 1.73469 545259
1 0.555783 0.213231 1.73689 545293
1 0.547202 0.218977 1.74274 545327
1 0.540949 0.227091 1.74803 545360
1 0.534906 0.232724 1.75426 545393
1 0.528011 0.241185 1.75791 545427
1 0.524596 0.25274 1.76011 545460
1 0.52348 0.265635 1.7641 545493
1 0.523899 0.275481 1.76901 545525
1 0.524951 0.284885 1.77373 545559
1 0.528257 0.292516 1.77324 545592
1 0.535461 0.30259 1.77316 545625
1 0.542268 0.312712 1.7806 545659
1 0.551157 0.319292 1.78382 545692
1 0.561299 0.328878 1.79168 545725
1 0.571258 0.335864 1.79273 545759
1 0.580352 0.345165 1.80312 545791
1 0.588759 0.352309 1.80889 545824
1 0.599464 0.362021 1.82116 545856
1 0.606001 0.371662 1.83007 545889
1 0.612675 0.383763 1.84402 545922
1 0.61498 0.392552 1.85501 545955
1 0.615605 0.402488 1.86501 545987
1 0.614296 0.412658 1.87448 546021
1 0.608724 0.42499 1.88222 546055
1 0.60534 0.433522 1.89468 546089
1 0.600889 0.445578 1.90652 546122
1 0.591236 0.45606 1.91177 546155
1 0.58228 0.464842 1.9143 546189
1 0.571626 0.46983 1.91816 546222
1 0.558869 0.474496 1.91599 546256
1 0.54683 0.475473 1.91697 546290
1 0.535789 0.474789 1.9169 546324
1 0.528042 0.470862 1.91301 546357
1 0.522362 0.464841 1.90855 546391
1 0.516284 0.456072 1.89898 546424
1 0.512633 0.448865 1.89421 546458
1 0.511051 0.439657 1.88717 546491
1 0.510913 0.429163 1.87962 546526
1 0.51276 0.42009 1.87039 546559
1 0.517169 0.410827 1.8605 546591
1 0.521168 0.401192 1.85097 546625
1 0.527692 0.390371 1.83925 546658
1 0.533159 0.379938 1.82846 546692
1 0.539726 0.371294 1.8237 546726
1 0.549028 0.36083 1.81965 546760
1 0.555558 0.353369 1.81598 546793
1 0.565116 0.345725 1.80982 546825
1 0.573081 0.339219 1.80753 546859
1 0.579818 0.334411 1.80242 546892
1 0.589538 0.325003 1.80196 546925
1 0.597916 0.320422 1.7986 546957
1 0.60477 0.311316 1.79373 546991
1 0.611662 0.303995 1.78911 547023
1 0.616728 0.296276 1.78239 547056
1 0.619764 0.287046 1.77677 547090
1 0.62133 0.275119 1.77184 547125
1 0.621124 0.266168 1.76962 547158
1 0.622125 0.257396 1.76544 547192
1 0.620771 0.24941 1.76177 547226
1 0.620234 0.237693 1.76179 547259
1 0.617732 0.229572 1.75985 547292
1 0.612999 0.220743 1.75876 547325
1 0.609808 0.214662 1.75768 547358
1 0.602544 0.210911 1.75753 547393
1 0.595825 0.2047 1.75555 547426
1 0.589314 0.200553 1.75683 547459
1 0.585543 0.197911 1.75674 547492
1 0.578106 0.195294 1.7577 547524

2 0.623355 0.199082 1.79467 549225
2 0.622291 0.199467 1.79219 549258
2 0.620782 0.196652 1.79495 549292
2 0.619598 0.194457 1.79133 549326
2 0.615579 0.192653 1.79038 549358
2 0.61257 0.192047 1.7897 549392
2 0.607412 0.191603 1.78909 549426
2 0.602781 0.194111 1.78764 549459
2 0.596741 0.195619 1.79109 549492
2 0.592588 0.200512 1.79131 549527
2 0.588003 0.207504 1.78907 549561
2 0.584115 0.212848 1.79307 549594
2 0.583766 0.220577 1.7964 549628
2 0.583511 0.231485 1.79978 549662
2 0.582291 0.241322 1.80333 549695
2 0.584106 0.251944 1.80175 549729
2 0.58948 0.264153 1.80352 549762
2 0.594058 0.277551 1.80613 549795
2 0.600832 0.289075 1.80696 549828
2 0.610585 0.300279 1.80545 549862
2 0.620391 0.310751 1.80757 549895
2 0.629281 0.32028 1.80869 549928
2 0.640389 0.330827 1.80984 549962
2 0.650438 0.338478 1.81367 549996
2 0.657192 0.349564 1.81572 550030
2 0.663651 0.361935 1.82222 550063
2 0.667133 0.375609 1.83289 550096
2 0.668803 0.391361 1.84241 550130
2 0.663556 0.404115 1.85183 550164
2 0.65857 0.417134 1.8598 550197
2 0.649341 0.429515 1.86672 550231
2 0.640514 0.439806 1.8764 550265
2 0.629531 0.451708 1.88029 550282
2 0.619527 0.461015 1.88561 550332
2 0.610218 0.467117 1.89058 550365
2 0.59822 0.471726 1.88607 550382
2 0.586194 0.470564 1.88229 550433
2 0.575019 0.467672 1.87546 550451
2 0.567778 0.463713 1.87037 550484
2 0.564385 0.454815 1.86396 550517
2 0.562585 0.445055 1.85786 550552
2 0.561473 0.430658 1.84517 550585
2 0.565061 0.41725 1.83599 550619
2 0.57061 0.406481 1.82933 550652
2 0.575427 0.393274 1.82145 550685
2 0.581346 0.378709 1.80543 550719
2 0.588561 0.371033 1.80443 550752
2 0.595416 0.362182 1.79924 550785
2 0.603771 0.35198 1.79117 550819
2 0.612351 0.343351 1.78547 550852
2 0.619551 0.337085 1.78189 550886
2 0.627298 0.327894 1.78078 550919
2 0.636496 0.319967 1.78007 550954
2 0.644845 0.313282 1.77589 550987
2 0.650561 0.308476 1.77323 551021
2 0.655446 0.301554 1.7688 551055
2 0.657136 0.291746 1.76602 551088
2 0.658625 0.284537 1.7638 551122
2 0.657822 0.278059 1.76006 551155
2 0.657674 0.268401 1.75835 551189
2 0.652981 0.259149 1.75471 551223
2 0.649142 0.250848 1.75472 551255
2 0.644289 0.242559 1.75749 551288
2 0.638199 0.233763 1.75795 551321
2 0.631758 0.22525 1.75701 551354
2 0.625585 0.222598 1.75937 551386
2 0.617877 0.221613 1.75846 551420
2 0.611558 0.221582 1.76149 551454
2 0.605868 0.217828 1.76666 551487
2 0.599633 0.218966 1.76628 551519
2 0.593383 0.218863 1.76572 551552
2 0.587912 0.218535 1.76717 551586
2 0.584273 0.212501 1.77261 551620
2 0.579975 0.209725 1.77691 551653

3 0.559576 0.208069 1.86113 553065
3 0.558853 0.205725 1.86333 553097
3 0.558926 0.206117 1.86081 553131
3 0.559607 0.207015 1.85932 553166
3 0.557644 0.20265 1.85782 553199
3 0.554602 0.199217 1.8565 553232
3 0.550757 0.195598 1.85363 553265
3 0.546937 0.196265 1.85109 553299
3 0.541067 0.196393 1.84984 553332
3 0.537002 0.20156 1.8465 553364
3 0.529691 0.206246 1.83883 553397
3 0.525296 0.21447 1.83435 553429
3 0.52007 0.222037 1.83259 553463
3 0.517824 0.229887 1.83243 553498
3 0.515695 0.238903 1.82644 553531
3 0.517563 0.248731 1.82372 553565
3 0.518935 0.256065 1.81829 553599
3 0.524719 0.266674 1.81809 553633
3 0.530454 0.278503 1.81891 553668
3 0.538244 0.292533 1.82002 553701
3 0.546357 0.303474 1.81736 553734
3 0.558268 0.314235 1.8166 553769
3 0.569961 0.326882 1.81877 553785
3 0.581112 0.336225 1.82251 553836
3 0.593509 0.347666 1.83034 553869
3 0.602808 0.361021 1.84135 553886
3 0.614221 0.377646 1.85062 553936
3 0.619169 0.393954 1.85881 553953
3 0.622816 0.408988 1.86797 553987
3 0.620637 0.420342 1.87309 554037
3 0.6158 0.429504 1.87849 554054
3 0.609762 0.443316 1.88577 554089
3 0.598541 0.453425 1.88805 554121
3 0.585834 0.46494 1.88963 554154
3 0.573102 0.470575 1.8875 554188
3 0.560149 0.473611 1.88532 554222
3 0.546272 0.471953 1.87938 554256
3 0.53796 0.468131 1.87671 554290
3 0.530148 0.458537 1.86575 554324
3 0.525951 0.446171 1.85514 554359
3 0.52442 0.430944 1.84193 554391
3 0.527905 0.417711 1.83235 554425
3 0.531667 0.402329 1.82431 554459
3 0.539573 0.386485 1.81705 554493
3 0.548995 0.374073 1.81152 554527
3 0.558204 0.363104 1.80472 554561
3 0.567753 0.353469 1.79781 554594
3 0.578193 0.344289 1.7948 554627
3 0.590665 0.334046 1.78913 554660
3 0.600851 0.322757 1.78295 554694
3 0.609201 0.31021 1.78042 554728
3 0.614496 0.296735 1.77659 554762
3 0.618836 0.281269 1.77364 554797
3 0.618842 0.269878 1.77107 554830
3 0.61403 0.257249 1.76569 554864
3 0.610931 0.242593 1.76099 554897
3 0.604867 0.229921 1.75956 554930
3 0.598371 0.218821 1.7574 554963
3 0.59006 0.210025 1.75514 554996
3 0.580202 0.202257 1.75316 555029
3 0.570104 0.197486 1.75454 555062
3 0.558049 0.195054 1.7582 555095
3 0.548246 0.195362 1.7607 555128
3 0.538919 0.199713 1.76224 555160
3 0.530593 0.202805 1.76376 555194
3 0.523542 0.205481 1.76618 555227
3 0.518568 0.210727 1.76867 555261

4 0.505239 0.205376 1.76229 556922
4 0.502838 0.204549 1.7636 556957
4 0.500463 0.204682 1.76625 556989
4 0.496647 0.202953 1.76941 557022
4 0.491254 0.203263 1.77051 557056
4 0.487504 0.203462 1.77075 557090
4 0.481986 0.205499 1.77365 557124
4 0.47681 0.211679 1.77378 557158
4 0.473687 0.221363 1.77606 557192
4 0.471893 0.233789 1.77867 557226
4 0.470633 0.244303 1.77982 557260
4 0.470738 0.254639 1.77744 557293
4 0.472903 0.264935 1.78057 557326
4 0.479562 0.277603 1.78091 557360
4 0.488142 0.28787 1.77735 557394
4 0.498488 0.295392 1.77379 557427
4 0.509642 0.304878 1.76585 557461
4 0.523116 0.315548 1.76302 557494
4 0.53573 0.324192 1.76319 557527
4 0.546598 0.335437 1.76306 557561
4 0.557714 0.348165 1.7661 557594
4 0.5651 0.361223 1.76579 557628
4 0.572935 0.376 1.78044 557660
4 0.57699 0.389281 1.79626 557694
4 0.575436 0.40456 1.80622 557728
4 0.573554 0.416205 1.81309 557761
4 0.566674 0.429765 1.81929 557795
4 0.557708 0.442334 1.82979 557828
4 0.550105 0.452559 1.8368 557861
4 0.539665 0.464283 1.84663 557894
4 0.529566 0.470568 1.85209 557927
4 0.518428 0.471037 1.85579 557961
4 0.50797 0.468909 1.85302 557994
4 0.501012 0.466301 1.85059 558027
4 0.492972 0.458693 1.84479 558059
4 0.488002 0.447903 1.83692 558093
4 0.485597 0.438747 1.833 558126
4 0.485324 0.427669 1.82782 558159
4 0.485742 0.414369 1.8189 558194
4 0.489579 0.401346 1.80871 558228
4 0.493779 0.387632 1.79973 558261
4 0.500929 0.371973 1.79057 558295
4 0.508166 0.360629 1.78298 558327
4 0.515358 0.349648 1.77463 558361
4 0.523582 0.340476 1.7687 558395
4 0.530982 0.33053 1.76401 558429
4 0.539558 0.321261 1.76235 558463
4 0.549123 0.310442 1.76223 558497
4 0.556633 0.301159 1.76017 558531
4 0.563354 0.291209 1.75561 558564
4 0.567921 0.282064 1.75175 558597
4 0.569086 0.271814 1.74739 558631
4 0.569043 0.264921 1.74536 558664
4 0.569242 0.255238 1.73978 558696
4 0.567063 0.241032 1.73785 558730
4 0.563744 0.23239 1.73763 558763
4 0.560446 0.224074 1.73917 558796
4 0.555396 0.217726 1.73967 558829
4 0.548112 0.208433 1.74461 558863
4 0.540737 0.203181 1.7461 558897
4 0.531781 0.198848 1.74817 558930
4 0.52515 0.194988 1.75261 558964
4 0.517892 0.193497 1.75464 558997
4 0.511543 0.193089 1.75952 559030
4 0.506141 0.193924 1.76267 559063
4 0.501479 0.19408 1.76681 559095
4 0.495392 0.194166 1.76906 559128
4 0.490733 0.196698 1.77141 559161
4 0.487497 0.199746 1.77096 559194
4 0.486019 0.201309 1.77271 559228

5 0.65769 0.223019 1.76266 560537
5 0.657558 0.223152 1.7614 560571
5 0.657839 0.223282 1.76241 560605
5 0.654296 0.222594 1.7636 560637
5 0.650256 0.22221 1.76654 560671
5 0.644031 0.22391 1.76762 560704
5 0.640013 0.227918 1.76849 560737
5 0.636419 0.233893 1.77079 560771
5 0.628682 0.241627 1.77434 560806
5 0.624976 0.249249 1.78048 560839
5 0.618422 0.258753 1.78155 560873
5 0.612642 0.268617 1.78431 560906
5 0.606134 0.282733 1.79133 560938
5 0.60133 0.296794 1.79775 560971
5 0.603641 0.311505 1.80072 561005
5 0.607252 0.327417 1.80562 561038
5 0.610951 0.33903 1.80755 561070
5 0.616711 0.350316 1.81275 561104
5 0.626682 0.363502 1.81905 561137
5 0.635574 0.370522 1.82508 561170
5 0.645111 0.382143 1.83508 561203
5 0.653891 0.39555 1.84496 561237
5 0.66266 0.412711 1.85333 561269
5 0.668243 0.426286 1.86228 561303
5 0.671294 0.441543 1.86621 561337
5 0.669925 0.457572 1.87933 561370
5 0.667608 0.473959 1.89106 561405
5 0.660607 0.48466 1.8961 561439
5 0.650423 0.496773 1.90164 561472
5 0.639427 0.505711 1.90394 561506
5 0.627746 0.513164 1.90585 561540
5 0.615918 0.519979 1.90494 561573
5 0.603812 0.519505 1.90102 561606
5 0.592389 0.520598 1.89533 561639
5 0.583087 0.515817 1.88621 561673
5 0.575994 0.509789 1.87734 561707
5 0.572147 0.500049 1.86797 561741
5 0.571212 0.490067 1.8542 561759
5 0.571859 0.476522 1.84344 561792
5 0.572331 0.461882 1.83263 561827
5 0.578573 0.447567 1.82612 561860
5 0.584748 0.433895 1.81994 561895
5 0.592864 0.419919 1.8167 561928
5 0.600661 0.406344 1.81171 561962
5 0.608955 0.389696 1.81139 561996
5 0.616719 0.378237 1.80614 562029
5 0.62626 0.367969 1.80176 562063
5 0.636803 0.355291 1.80193 562096
5 0.644802 0.345489 1.79921 562129
5 0.65467 0.334224 1.79601 562162
5 0.663092 0.324017 1.7927 562195
5 0.670059 0.314488 1.79022 562229
5 0.674011 0.302621 1.7844 562262
5 0.677543 0.292075 1.77929 562310
5 0.681648 0.284926 1.77616 562328
5 0.682214 0.272987 1.77308 562361
5 0.683191 0.263951 1.77087 562395
5 0.679992 0.253721 1.76498 562428
5 0.674121 0.241686 1.76104 562462
5 0.670051 0.233918 1.7596 562510
5 0.664607 0.227781 1.75644 562527
5 0.657046 0.218923 1.75494 562559
5 0.649432 0.21366 1.75364 562610
5 0.64022 0.21036 1.75158 562626
5 0.632628 0.207419 1.7548 562660
5 0.625268 0.207764 1.75126 562694
5 0.617125 0.212493 1.7523 562728
5 0.611036 0.217374 1.75349 562761
5 0.603789 0.220196 1.7577 562795
5 0.59905 0.221592 1.75813 562828
5 0.595898 0.222566 1.75957 562863
5 0.595465 0.222739 1.75937 562895
5 0.594801 0.224905 1.75842 562927

6 0.582008 0.216618 1.77324 564175
6 0.578724 0.214389 1.77092 564209
6 0.57631 0.21231 1.7714 564241
6 0.571968 0.215722 1.77032 564274
6 0.566353 0.217022 1.76822 564308
6 0.558734 0.221035 1.77013 564341
6 0.553397 0.226455 1.77024 564374
6 0.54952 0.230875 1.77198 564408
6 0.545907 0.235889 1.77295 564442
6 0.544565 0.24232 1.7795 564475
6 0.544839 0.252791 1.78454 564510
6 0.543999 0.261801 1.78454 564543
6 0.545728 0.269232 1.7897 564576
6 0.551096 0.280661 1.79351 564610
6 0.557015 0.288827 1.79558 564644
6 0.565118 0.298886 1.79797 564677
6 0.573933 0.306917 1.79492 564693
6 0.586089 0.315951 1.79675 564744
6 0.598311 0.323214 1.79823 564777
6 0.61083 0.33271 1.79836 564809
6 0.621037 0.340872 1.79749 564842
6 0.628883 0.350077 1.79954 564876
6 0.637269 0.357573 1.80461 564910
6 0.641583 0.368163 1.80697 564944
6 0.643333 0.380911 1.81128 564977
6 0.643822 0.389612 1.81553 564994
6 0.640986 0.400243 1.8191 565045
6 0.636942 0.411702 1.82551 565062
6 0.632087 0.425326 1.83454 565096
6 0.622109 0.435024 1.83631 565130
6 0.612724 0.442005 1.83728 565164
6 0.604802 0.450964 1.8425 565198
6 0.595523 0.456404 1.8447 565231
6 0.58698 0.461363 1.84925 565266
6 0.577874 0.463546 1.8466 565299
6 0.569217 0.46284 1.84175 565332
6 0.564636 0.461643 1.83689 565365
6 0.560719 0.455108 1.83159 565400
6 0.558145 0.445487 1.82579 565433
6 0.557755 0.434334 1.81988 565467
6 0.558881 0.421493 1.8133 565501
6 0.560655 0.409847 1.80852 565535
6 0.56602 0.39738 1.80357 565568
6 0.569263 0.383519 1.79516 565603
6 0.57706 0.371377 1.78811 565637
6 0.582395 0.360716 1.78277 565671
6 0.591382 0.349009 1.77557 565705
6 0.600877 0.338367 1.77409 565739
6 0.609749 0.330421 1.77104 565774
6 0.619276 0.319881 1.77036 565808
6 0.627168 0.311273 1.76828 565842
6 0.63696 0.303703 1.76555 565876
6 0.643849 0.296668 1.76235 565910
6 0.649513 0.287907 1.75812 565944
6 0.654005 0.27754 1.75058 565978
6 0.655203 0.269228 1.74554 566013
6 0.654891 0.259259 1.73798 566029
6 0.651045 0.248899 1.73348 566063
6 0.645543 0.237035 1.72922 566114
6 0.638197 0.227079 1.72468 566130
6 0.631602 0.219462 1.72065 566164
6 0.625056 0.212793 1.7205 566197
6 0.617988 0.208814 1.72177 566231
6 0.611677 0.204636 1.72003 566264
6 0.604569 0.204277 1.71895 566299
6 0.59843 0.207674 1.71846 566332
6 0.591484 0.209774 1.71855 566365
6 0.586223 0.211424 1.71921 566397
6 0.582778 0.211271 1.72387 566431
6 0.578666 0.213928 1.72406 566465
6 0.57557 0.215555 1.72655 566498
6 0.573962 0.216315 1.72815 566530
6 0.572846 0.217137 1.72801 566564
6 0.57209 0.21696 1.72876 566598

7 0.404609 0.197693 1.76978 568045
7 0.403598 0.195871 1.7662 568078
7 0.401379 0.193299 1.76404 568111
7 0.399957 0.191202 1.76413 568144
7 0.397393 0.191798 1.76634 568176
7 0.39617 0.192766 1.76734 568211
7 0.392551 0.193561 1.76906 568244
7 0.388955 0.197851 1.77016 568278
7 0.385453 0.200499 1.77205 568312
7 0.379368 0.202366 1.7747 568344
7 0.375559 0.209233 1.77663 568379
7 0.373386 0.219995 1.77907 568412
7 0.369542 0.229196 1.77987 568445
7 0.36972 0.240138 1.78079 568479
7 0.369493 0.248302 1.78236 568513
7 0.370471 0.257639 1.78303 568547
7 0.375738 0.270188 1.77927 568580
7 0.382128 0.280967 1.77996 568597
7 0.393832 0.291003 1.7807 568632
7 0.404467 0.30047 1.77963 568665
7 0.417515 0.308915 1.77737 568700
7 0.43187 0.318824 1.7767 568733
7 0.44273 0.324069 1.77618 568767
7 0.45493 0.330319 1.77577 568801
7 0.464987 0.338214 1.77641 568835
7 0.476231 0.347852 1.77835 568868
7 0.484184 0.357028 1.78147 568902
7 0.48844 0.367054 1.79367 568935
7 0.492364 0.380715 1.80483 568969
7 0.489791 0.39479 1.8144 569002
7 0.483988 0.408248 1.82159 569037
7 0.474486 0.417312 1.82417 569070
7 0.465324 0.425655 1.82699 569104
7 0.455717 0.430991 1.82845 569138
7 0.444471 0.431824 1.82746 569171
7 0.433725 0.429717 1.82915 569205
7 0.426204 0.42448 1.82906 569239
7 0.420155 0.417546 1.82361 569273
7 0.414378 0.408633 1.82015 569307
7 0.411894 0.397915 1.81199 569341
7 0.411133 0.385352 1.8024 569375
7 0.410571 0.372394 1.79394 569410
7 0.411516 0.36117 1.78538 569443
7 0.415507 0.350996 1.77966 569477
7 0.419966 0.336893 1.77314 569512
7 0.42747 0.327567 1.76931 569545
7 0.434842 0.316181 1.76176 569579
7 0.441763 0.304038 1.75352 569611
7 0.446959 0.293493 1.74674 569644
7 0.454451 0.282943 1.74343 569678
7 0.46196 0.272587 1.73984 569712
7 0.467756 0.265873 1.73917 569745
7 0.470999 0.256895 1.73553 569779
7 0.474874 0.24599 1.73284 569812
7 0.474919 0.238764 1.72814 569846
7 0.475237 0.229734 1.72528 569880
7 0.474275 0.221895 1.72335 569914
7 0.47152 0.21647 1.72152 569946
7 0.465794 0.210641 1.72229 569978
7 0.461682 0.20519 1.7252 570011
7 0.456075 0.201163 1.72795 570043
7 0.4492 0.197655 1.72834 570077
7 0.440201 0.195114 1.73123 570111
7 0.434179 0.193989 1.73144 570145
7 0.427549 0.191724 1.73552 570179
7 0.420003 0.19367 1.73402 570212
7 0.411998 0.19299 1.73886 570244
7 0.406954 0.192439 1.73959 570277
7 0.403706 0.196017 1.74631 570310
7 0.40172 0.199979 1.74729 570344
7 0.40085 0.201843 1.74758 570377
7 0.399796 0.203309 1.75059 570409
7 0.399759 0.203335 1.75273 570443
7 0.399804 0.203521 1.75346 570476
7 0.400916 0.202998 1.75288 570510

8 0.396862 0.212879 1.74822 571840
8 0.395508 0.21329 1.74671 571873
8 0.392181 0.212029 1.74603 571908
8 0.389948 0.210512 1.74689 571941
8 0.38531 0.208896 1.74608 571975
8 0.378649 0.207654 1.74186 572008
8 0.371095 0.209276 1.7439 572042
8 0.364812 0.2119 1.74588 572075
8 0.357448 0.217084 1.74751 572108
8 0.350856 0.224773 1.75009 572143
8 0.346509 0.23209 1.75561 572176
8 0.342187 0.242034 1.75578 572210
8 0.343627 0.250938 1.75449 572244
8 0.344827 0.262084 1.75332 572279
8 0.348387 0.272725 1.75151 572313
8 0.356047 0.284799 1.74931 572347
8 0.362153 0.295757 1.74441 572381
8 0.374247 0.304343 1.74362 572414
8 0.385567 0.311005 1.74537 572447
8 0.398829 0.320426 1.74556 572481
8 0.411064 0.32699 1.74446 572515
8 0.423716 0.331041 1.74351 572549
8 0.434954 0.337501 1.74448 572583
8 0.446423 0.345998 1.744 572616
8 0.455108 0.355563 1.74399 572649
8 0.46263 0.36769 1.75106 572684
8 0.465588 0.378586 1.75808 572717
8 0.467308 0.39243 1.76485 572751
8 0.464567 0.407772 1.76698 572768
8 0.459981 0.423099 1.76836 572819
8 0.454683 0.439186 1.77204 572835
8 0.447107 0.451565 1.77571 572869
8 0.438432 0.459433 1.77741 572920
8 0.430341 0.465614 1.77711 572937
8 0.421092 0.466762 1.77455 572971
8 0.410481 0.461461 1.76967 573005
8 0.404476 0.456239 1.76777 573037
8 0.398001 0.448371 1.76726 573071
8 0.39393 0.441861 1.76424 573104
8 0.390948 0.430968 1.75969 573138
8 0.386186 0.418336 1.75613 573171
8 0.384208 0.405497 1.75038 573206
8 0.383813 0.394779 1.74468 573239
8 0.384613 0.382198 1.74055 573274
8 0.387448 0.37013 1.73437 573307
8 0.393801 0.358192 1.72893 573341
8 0.399505 0.346645 1.72402 573374
8 0.405641 0.334562 1.71721 573408
8 0.411968 0.322501 1.71048 573442
8 0.418085 0.311108 1.70194 573475
8 0.425983 0.304909 1.69441 573508
8 0.433293 0.296237 1.68982 573541
8 0.440375 0.28863 1.68467 573575
8 0.446409 0.281087 1.67751 573609
8 0.450476 0.272763 1.67083 573642
8 0.455561 0.264353 1.66539 573676
8 0.457907 0.255484 1.66136 573709
8 0.458465 0.247382 1.65513 573742
8 0.456757 0.238062 1.65517 573776
8 0.454801 0.232582 1.65257 573809
8 0.451451 0.227634 1.65201 573843
8 0.447477 0.222514 1.65563 573876
8 0.441963 0.218522 1.65585 573909
8 0.43572 0.214262 1.65775 573942
8 0.4292 0.210859 1.65936 573975
8 0.424028 0.209034 1.66095 574008
8 0.41685 0.206284 1.66725 574042
8 0.410418 0.20242 1.67343 574075
8 0.403161 0.203367 1.67278 574108
8 0.397682 0.204402 1.67746 574142
8 0.391695 0.206225 1.67891 574175
8 0.386912 0.210561 1.68348 574208
8 0.382414 0.211843 1.68776 574239
8 0.379444 0.213226 1.68676 574273
8 0.377255 0.21334 1.68821 574307

9 0.435224 0.193299 1.75057 575653
9 0.431557 0.195646 1.749 575686
9 0.427836 0.200933 1.74822 575719
9 0.421502 0.203843 1.74472 575752
9 0.416414 0.205955 1.74421 575785
9 0.410276 0.209502 1.74295 575802
9 0.404528 0.215334 1.7454 575851
9 0.40089 0.224716 1.75255 575885
9 0.398791 0.236899 1.75981 575918
9 0.398883 0.250144 1.76478 575951
9 0.398612 0.260469 1.76389 575985
9 0.399171 0.270221 1.76599 576019
9 0.403658 0.283393 1.76495 576053
9 0.408775 0.292681 1.76498 576086
9 0.417679 0.301868 1.7635 576103
9 0.427462 0.309056 1.76078 576154
9 0.440293 0.318612 1.75715 576171
9 0.451505 0.325426 1.75383 576222
9 0.462432 0.332065 1.74929 576239
9 0.473083 0.3406 1.7481 576273
9 0.481682 0.349408 1.74795 576307
9 0.4893 0.361452 1.74708 576341
9 0.493144 0.372839 1.74695 576375
9 0.494975 0.386251 1.74941 576409
9 0.495535 0.401591 1.75719 576442
9 0.491904 0.41866 1.76159 576476
9 0.487522 0.433389 1.76813 576512
9 0.480733 0.446467 1.77438 576545
9 0.470813 0.456661 1.77463 576579
9 0.459346 0.462092 1.77744 576613
9 0.449009 0.467146 1.78121 576647
9 0.438497 0.465968 1.78247 576681
9 0.430953 0.463902 1.78149 576714
9 0.422705 0.457947 1.77941 576748
9 0.41232 0.447054 1.77731 576782
9 0.406002 0.434171 1.77315 576816
9 0.401913 0.421702 1.76948 576851
9 0.397994 0.410287 1.76229 576884
9 0.395738 0.394863 1.75729 576917
9 0.397411 0.383834 1.75148 576950
9 0.39944 0.37043 1.74565 576984
9 0.402427 0.355218 1.73972 577018
9 0.407734 0.341187 1.73428 577051
9 0.41416 0.330751 1.72873 577084
9 0.422328 0.319523 1.72139 577117
9 0.430839 0.308367 1.71527 577150
9 0.438007 0.300251 1.70933 577183
9 0.448024 0.290672 1.70578 577216
9 0.456615 0.281759 1.70275 577251
9 0.465835 0.274786 1.69756 577283
9 0.472254 0.267056 1.69344 577316
9 0.480737 0.258662 1.68913 577349
9 0.483833 0.249006 1.68744 577383
9 0.485262 0.238026 1.68212 577416
9 0.486002 0.230118 1.68115 577449
9 0.48457 0.222177 1.6803 577483
9 0.482071 0.214243 1.67742 577516
9 0.478154 0.205164 1.68085 577549
9 0.471332 0.198086 1.68409 577582
9 0.466712 0.193186 1.68856 577616
9 0.459831 0.189712 1.69202 577649
9 0.452028 0.186588 1.69384 577682
9 0.444982 0.186352 1.69276 577715
9 0.437205 0.186907 1.70098 577748
9 0.431017 0.190832 1.70953 577782
9 0.427048 0.194861 1.7173 577815
9 0.422784 0.200321 1.72185 577849
9 0.417982 0.20532 1.72592 577883
9 0.415114 0.208214 1.72707 577916
9 0.413259 0.210326 1.72688 577949
9 0.413028 0.211352 1.72342 577983
9 0.4123 0.213228 1.72554 578015

