Gesto: 8
0 0.224381 0.157709 1.59475 286100
0 0.222499 0.15494 1.59575 286133
0 0.223137 0.150413 1.59403 286150
0 0.225664 0.144359 1.59365 286201
0 0.231135 0.137448 1.59447 286217
0 0.24216 0.131001 1.59286 286251
0 0.258092 0.138126 1.59437 286298
0 0.272567 0.135352 1.59057 286332
0 0.283678 0.136903 1.58606 286349
0 0.293745 0.145066 1.57721 286400
0 0.297411 0.161095 1.56659 286417
0 0.294213 0.177463 1.55831 286467
0 0.285182 0.190864 1.55767 286499
0 0.272526 0.198995 1.56375 286531
0 0.260534 0.201408 1.57137 286565
0 0.247746 0.201219 1.58358 286599
0 0.236653 0.202305 1.59543 286617
0 0.225921 0.206123 1.59856 286667
0 0.216448 0.211709 1.60667 286699
0 0.208038 0.222592 1.61783 286732
0 0.203082 0.23882 1.61232 286766
0 0.200393 0.255908 1.60871 286800
0 0.201214 0.276021 1.60226 286816
0 0.205624 0.295205 1.59627 286868
0 0.214133 0.312519 1.58677 286901
0 0.225035 0.321777 1.57869 286918
0 0.235041 0.325146 1.57003 286967
0 0.247649 0.321093 1.562 287000
0 0.257217 0.310225 1.5584 287017
0 0.26288 0.296052 1.55143 287067
0 0.266113 0.280574 1.54847 287101
0 0.263744 0.263653 1.54917 287117
0 0.259848 0.247965 1.55011 287167
0 0.253244 0.232053 1.54867 287185
0 0.246508 0.218618 1.5533 287218
0 0.240062 0.208089 1.55229 287268
0 0.235012 0.199294 1.55958 287284
0 0.230002 0.189968 1.55915 287317
0 0.227463 0.181907 1.56364 287366
0 0.225163 0.174317 1.56048 287400
0 0.225504 0.167365 1.56162 287417

1 0.337983 0.133819 1.5973 288365
1 0.340924 0.133049 1.59431 288399
1 0.342651 0.132268 1.59185 288434
1 0.349029 0.13077 1.59069 288467
1 0.357319 0.129857 1.59161 288500
1 0.368581 0.13083 1.58706 288534
1 0.381588 0.137376 1.585 288567
1 0.394792 0.144846 1.57634 288601
1 0.405724 0.157474 1.57804 288635
1 0.409196 0.171619 1.57693 288667
1 0.405564 0.186421 1.57209 288699
1 0.391604 0.202647 1.57461 288733
1 0.374119 0.225408 1.57349 288765
1 0.356985 0.249184 1.57741 288798
1 0.342247 0.274713 1.58255 288832
1 0.332884 0.297769 1.58528 288865
1 0.326994 0.320021 1.5912 288899
1 0.329355 0.341245 1.59505 288933
1 0.337096 0.362175 1.59264 288967
1 0.352463 0.37936 1.59365 288999
1 0.373145 0.390955 1.58843 289032
1 0.389602 0.39541 1.58323 289065
1 0.403478 0.388305 1.57781 289098
1 0.407314 0.37258 1.57794 289131
1 0.407744 0.352111 1.57019 289164
1 0.403078 0.329389 1.56127 289197
1 0.397103 0.306649 1.5526 289231
1 0.388259 0.282683 1.54749 289266
1 0.378652 0.259995 1.54683 289299
1 0.369294 0.239231 1.5482 289332
1 0.358877 0.220726 1.55123 289365
1 0.350156 0.205043 1.5588 289398
1 0.344165 0.191225 1.56368 289431
1 0.340262 0.177602 1.56773 289464
1 0.339268 0.165176 1.5678 289496
1 0.34086 0.153024 1.56945 289529
1 0.3472 0.1412 1.57066 289563

2 0.46002 0.127659 1.60441 290467
2 0.463685 0.125773 1.60418 290501
2 0.470982 0.125519 1.60461 290534
2 0.480904 0.131837 1.60515 290568
2 0.491177 0.143306 1.60547 290602
2 0.504522 0.144859 1.59459 290620
2 0.517457 0.15062 1.57771 290670
2 0.523451 0.164249 1.56582 290703
2 0.519663 0.1786 1.55391 290720
2 0.504138 0.192543 1.54585 290770
2 0.485081 0.212588 1.54239 290802
2 0.461996 0.240189 1.53132 290820
2 0.446759 0.267424 1.52847 290869
2 0.445516 0.295584 1.53319 290902
2 0.454015 0.321663 1.54019 290935
2 0.469911 0.341391 1.54395 290969
2 0.484374 0.3516 1.54196 291002
2 0.497153 0.352328 1.53622 291020
2 0.502981 0.343025 1.52986 291069
2 0.503276 0.325955 1.52233 291102
2 0.4989 0.307045 1.5159 291136
2 0.491112 0.284847 1.51057 291170
2 0.481105 0.256324 1.49983 291204
2 0.473253 0.22887 1.50195 291238
2 0.464702 0.198765 1.49779 291256
2 0.461172 0.176469 1.50943 291290
2 0.461765 0.159744 1.52631 291323
2 0.46528 0.145093 1.54069 291358
2 0.47239 0.131397 1.55211 291390
2 0.477429 0.126395 1.56419 291424
2 0.482963 0.123987 1.57392 291458

3 0.602715 0.132443 1.61827 291991
3 0.60964 0.127312 1.61696 292025
3 0.616543 0.13513 1.61607 292060
3 0.62928 0.133875 1.61284 292093
3 0.64467 0.135574 1.60208 292126
3 0.661135 0.147911 1.59194 292160
3 0.67169 0.168678 1.58567 292192
3 0.67099 0.187918 1.57378 292226
3 0.660305 0.20178 1.56448 292259
3 0.637943 0.217995 1.5542 292293
3 0.606928 0.233137 1.54484 292328
3 0.582016 0.253909 1.54824 292361
3 0.567023 0.278169 1.55018 292394
3 0.563146 0.308461 1.55409 292427
3 0.577458 0.338111 1.5593 292461
3 0.604906 0.357141 1.55342 292494
3 0.627109 0.362046 1.55023 292527
3 0.641091 0.352993 1.54205 292561
3 0.644945 0.332089 1.53831 292594
3 0.642127 0.304474 1.53204 292627
3 0.636225 0.275535 1.52887 292660
3 0.627845 0.244075 1.52468 292694
3 0.619292 0.212791 1.52394 292727
3 0.611482 0.183551 1.52357 292760
3 0.603934 0.159893 1.53384 292794
3 0.599533 0.143025 1.54619 292826
3 0.601003 0.127303 1.55613 292859
3 0.605965 0.117518 1.56262 292891
3 0.612994 0.113148 1.56752 292924

4 0.744354 0.132702 1.56074 293625
4 0.747995 0.131762 1.56063 293676
4 0.752462 0.131965 1.55962 293692
4 0.761333 0.13652 1.5597 293725
4 0.771037 0.14802 1.56019 293758
4 0.780639 0.163247 1.55907 293791
4 0.781387 0.184238 1.55108 293825
4 0.774846 0.20567 1.53458 293859
4 0.76205 0.224271 1.51135 293893
4 0.741339 0.250061 1.51193 293927
4 0.716714 0.273617 1.50439 293960
4 0.70238 0.299442 1.49952 293995
4 0.700099 0.325375 1.4976 294028
4 0.707315 0.346914 1.50244 294062
4 0.72247 0.36022 1.51293 294095
4 0.73836 0.36719 1.52368 294129
4 0.757062 0.365862 1.53097 294163
4 0.772598 0.355188 1.53091 294197
4 0.782386 0.341253 1.52427 294231
4 0.787071 0.325542 1.52143 294265
4 0.786851 0.309602 1.51087 294299
4 0.781084 0.291266 1.49927 294332
4 0.772062 0.271458 1.48591 294365
4 0.760929 0.248997 1.46869 294399
4 0.748765 0.225103 1.45668 294434
4 0.736308 0.19933 1.44758 294467
4 0.728831 0.17858 1.45622 294502
4 0.723392 0.165058 1.47587 294536
4 0.720803 0.158232 1.49371 294569
4 0.724243 0.153127 1.50578 294603
4 0.729902 0.152062 1.51641 294636
4 0.741292 0.144047 1.51812 294670

5 0.26 0.355824 1.93166 327732
5 0.259307 0.354258 1.92249 327765
5 0.254606 0.353626 1.92296 327799
5 0.248884 0.356754 1.92534 327833
5 0.241058 0.360945 1.92374 327866
5 0.234913 0.365184 1.92546 327900
5 0.228405 0.375104 1.92608 327933
5 0.223194 0.387963 1.92294 327966
5 0.22307 0.409663 1.93279 327998
5 0.22654 0.436286 1.94785 328032
5 0.232886 0.457929 1.9507 328065
5 0.245128 0.488187 1.97192 328099
5 0.260942 0.51381 1.99077 328133
5 0.283062 0.529133 2.01269 328167
5 0.305193 0.53776 2.03592 328201
5 0.327217 0.543227 2.04716 328234
5 0.34399 0.549235 2.06462 328268
5 0.351309 0.561936 2.08521 328285
5 0.347792 0.577429 2.10499 328335
5 0.331679 0.600292 2.12802 328368
5 0.315323 0.620227 2.12521 328385
5 0.298038 0.634067 2.12176 328436
5 0.277209 0.643435 2.10675 328453
5 0.257581 0.641903 2.09283 328486
5 0.241375 0.630339 2.08059 328536
5 0.231684 0.616488 2.06085 328554
5 0.229088 0.600927 2.03833 328588
5 0.229198 0.582334 2.02639 328621
5 0.235036 0.556332 2.01243 328656
5 0.246489 0.53411 2.00611 328689
5 0.260152 0.513515 2.00138 328723
5 0.271892 0.489447 2.00792 328756
5 0.282765 0.466042 2.0151 328789
5 0.290313 0.443341 2.01663 328823
5 0.293709 0.422396 2.01878 328856
5 0.294733 0.407394 2.02113 328889
5 0.290925 0.390012 2.02958 328922
5 0.285333 0.373777 2.02851 328955
5 0.281514 0.35884 2.0218 328988
5 0.275994 0.34855 2.01771 329021
5 0.269141 0.341113 2.02667 329053
5 0.264218 0.338312 2.03863 329087

6 0.484583 0.363209 2.03532 330404
6 0.486784 0.361121 2.03999 330421
6 0.48715 0.358877 2.03244 330455
6 0.482388 0.357388 2.02161 330489
6 0.474577 0.35664 2.00805 330522
6 0.463918 0.36377 2.01622 330555
6 0.454751 0.375204 2.0084 330589
6 0.451054 0.388912 2.003 330623
6 0.450834 0.402634 1.9982 330671
6 0.456349 0.421415 2.00028 330688
6 0.466552 0.444217 2.00578 330722
6 0.478816 0.465161 2.01428 330757
6 0.491247 0.486385 2.02355 330790
6 0.502656 0.510044 2.03544 330823
6 0.50702 0.537416 2.03998 330856
6 0.507208 0.563199 2.05401 330889
6 0.499592 0.586652 2.07037 330922
6 0.485688 0.611554 2.07776 330956
6 0.472011 0.62877 2.08412 330990
6 0.455449 0.636001 2.08882 331023
6 0.441042 0.635545 2.07975 331057
6 0.432075 0.62626 2.06481 331089
6 0.426727 0.614388 2.04363 331123
6 0.425022 0.597248 2.02082 331173
6 0.430342 0.572016 2.00155 331190
6 0.436111 0.548532 1.98899 331223
6 0.447974 0.525848 1.98532 331272
6 0.458765 0.504572 1.98778 331289
6 0.46963 0.479414 1.99648 331322
6 0.481746 0.45724 1.99515 331374
6 0.489433 0.437258 2.00079 331391
6 0.490944 0.41934 2.0078 331425
6 0.489769 0.401324 2.01069 331457
6 0.489145 0.386229 1.99643 331490
6 0.485408 0.371926 1.9992 331522
6 0.474138 0.36045 2.00657 331572
6 0.466938 0.353133 2.00635 331589
6 0.459825 0.346455 2.00547 331623
6 0.455024 0.342582 2.0105 331656
6 0.452912 0.340417 2.01603 331689

7 0.635367 0.383117 2.02413 332725
7 0.636816 0.37868 2.0086 332758
7 0.636735 0.374419 1.98908 332792
7 0.632029 0.36632 1.97275 332826
7 0.623754 0.361788 1.96529 332860
7 0.611666 0.360316 1.94994 332893
7 0.59585 0.36058 1.94009 332927
7 0.580998 0.370654 1.93874 332960
7 0.578348 0.392111 1.94678 332994
7 0.582549 0.415015 1.94201 333027
7 0.593526 0.439401 1.95024 333062
7 0.610185 0.462178 1.96836 333095
7 0.625206 0.48171 1.98303 333128
7 0.640502 0.503124 2.00198 333162
7 0.651951 0.525112 2.02431 333196
7 0.653705 0.546463 2.04918 333229
7 0.647306 0.579467 2.07108 333262
7 0.629464 0.604516 2.07989 333296
7 0.60793 0.63357 2.08199 333330
7 0.588804 0.650672 2.06483 333364
7 0.572774 0.652436 2.04643 333398
7 0.560957 0.645479 2.02603 333431
7 0.558295 0.62852 2.00248 333464
7 0.562107 0.603728 1.9749 333497
7 0.575211 0.569115 1.966 333530
7 0.587505 0.530678 1.96388 333563
7 0.598255 0.492883 1.96799 333597
7 0.611448 0.463916 1.96508 333631
7 0.61818 0.436353 1.95961 333664
7 0.620933 0.411513 1.95796 333696
7 0.618803 0.395148 1.96111 333728
7 0.609206 0.381647 1.96507 333761
7 0.599636 0.371789 1.96493 333795
7 0.593811 0.367599 1.96141 333828
7 0.590969 0.364181 1.95612 333862

8 0.782401 0.361638 2.0299 335065
8 0.781819 0.362075 2.0233 335099
8 0.776603 0.360023 2.01451 335133
8 0.768504 0.355827 1.99385 335168
8 0.757568 0.351775 1.97506 335202
8 0.741746 0.354279 1.95914 335236
8 0.725947 0.364709 1.95667 335269
8 0.709298 0.385178 1.95216 335302
8 0.701542 0.409029 1.95062 335336
8 0.705431 0.433327 1.95018 335370
8 0.720994 0.451628 1.95907 335404
8 0.746321 0.464625 1.97916 335438
8 0.769634 0.474124 2.00364 335472
8 0.793028 0.489245 2.02921 335506
8 0.813859 0.510377 2.06324 335540
8 0.798639 0.535921 2.07553 335574
8 0.783713 0.560739 2.08248 335607
8 0.763291 0.588592 2.08286 335641
8 0.742931 0.606264 2.07678 335674
8 0.720357 0.618338 2.05129 335691
8 0.705197 0.624659 2.02544 335742
8 0.698424 0.614786 2.00456 335775
8 0.698908 0.596956 1.98 335792
8 0.706044 0.571337 1.9623 335843
8 0.714198 0.540784 1.95411 335859
8 0.724205 0.507735 1.94719 335893
8 0.735726 0.471862 1.94945 335943
8 0.74742 0.442819 1.9529 335960
8 0.75821 0.416853 1.95563 335993
8 0.76629 0.393979 1.9671 336043
8 0.771755 0.374287 1.97371 336060
8 0.775306 0.358589 1.97647 336093
8 0.775092 0.344176 1.97581 336128
8 0.771757 0.333567 1.97895 336176

9 0.431281 0.68288 2.18193 338463
9 0.430478 0.672387 2.18039 338495
9 0.42946 0.65812 2.1809 338530
9 0.422782 0.644757 2.18028 338563
9 0.41194 0.633375 2.1722 338596
9 0.390027 0.628293 2.17583 338629
9 0.372697 0.639982 2.19033 338665
9 0.361096 0.661333 2.19491 338697
9 0.358986 0.687589 2.19138 338731
9 0.368993 0.711295 2.18149 338765
9 0.38883 0.720229 2.18559 338798
9 0.417511 0.718508 2.19005 338832
9 0.437316 0.716937 2.2159 338865
9 0.453387 0.724916 2.2351 338898
9 0.460323 0.738212 2.25273 338933
9 0.45757 0.767138 2.26767 338965
9 0.449188 0.795656 2.27098 338998
9 0.434391 0.819674 2.27389 339033
9 0.416179 0.832207 2.26119 339067
9 0.396287 0.83396 2.24826 339101
9 0.381592 0.827115 2.23531 339134
9 0.369996 0.811769 2.21125 339168
9 0.365818 0.797946 2.19392 339201
9 0.369595 0.77586 2.17643 339234
9 0.37399 0.752988 2.1632 339269
9 0.384791 0.734784 2.15319 339302
9 0.397095 0.712011 2.14295 339335
9 0.408911 0.684223 2.1514 339370
9 0.420987 0.659487 2.1393 339403
9 0.428267 0.638371 2.14806 339437
9 0.432059 0.624434 2.14637 339471
9 0.43454 0.607826 2.15946 339504
9 0.434651 0.591144 2.17075 339538

