Gesto: 8
0 0.482391 0.183567 2.06608 1.16439e+06
0 0.482166 0.184103 2.06191 1.16443e+06
0 0.481022 0.178154 2.06256 1.16446e+06
0 0.480769 0.174397 2.05764 1.16449e+06
0 0.483089 0.170085 2.05354 1.16453e+06
0 0.487446 0.164032 2.05314 1.16456e+06
0 0.497401 0.158378 2.04729 1.16459e+06
0 0.505029 0.153905 2.04474 1.16463e+06
0 0.513084 0.153395 2.03854 1.16466e+06
0 0.524008 0.152401 2.03877 1.16469e+06
0 0.532903 0.15312 2.04201 1.16472e+06
0 0.544568 0.156205 2.03792 1.16476e+06
0 0.556994 0.161229 2.03765 1.16479e+06
0 0.566177 0.165597 2.04185 1.16482e+06
0 0.574205 0.17118 2.0396 1.16486e+06
0 0.578841 0.181495 2.03858 1.16489e+06
0 0.582709 0.192543 2.04105 1.16492e+06
0 0.586837 0.200754 2.03237 1.16496e+06
0 0.588455 0.212176 2.03023 1.16499e+06
0 0.588332 0.227684 2.02847 1.16502e+06
0 0.586685 0.240562 2.02872 1.16506e+06
0 0.580686 0.254209 2.01646 1.16509e+06
0 0.572 0.268753 2.00861 1.16512e+06
0 0.565436 0.285547 2.00674 1.16516e+06
0 0.554604 0.297531 1.99845 1.16519e+06
0 0.545051 0.308435 1.99933 1.16522e+06
0 0.534363 0.320913 1.99924 1.16526e+06
0 0.523841 0.333035 2.00034 1.16529e+06
0 0.515304 0.345105 1.9997 1.16533e+06
0 0.503781 0.353849 2.00865 1.16536e+06
0 0.494405 0.364366 2.00882 1.16539e+06
0 0.486856 0.371058 2.01643 1.16543e+06
0 0.482029 0.383111 2.02788 1.16546e+06
0 0.476089 0.393301 2.03643 1.16549e+06
0 0.472514 0.398696 2.03492 1.16553e+06
0 0.469811 0.409796 2.0301 1.16556e+06
0 0.472497 0.418686 2.03859 1.16559e+06
0 0.475379 0.426757 2.04229 1.16563e+06
0 0.482468 0.432518 2.0459 1.16566e+06
0 0.489185 0.442916 2.05065 1.1657e+06
0 0.49775 0.448778 2.05063 1.16573e+06
0 0.505301 0.451015 2.04739 1.16576e+06
0 0.514676 0.452628 2.04914 1.1658e+06
0 0.527063 0.459874 2.05656 1.16583e+06
0 0.540639 0.458581 2.06701 1.16585e+06
0 0.552236 0.457425 2.07474 1.1659e+06
0 0.564053 0.455734 2.07882 1.16593e+06
0 0.57676 0.453304 2.08063 1.16595e+06
0 0.583867 0.444021 2.08338 1.166e+06
0 0.592736 0.434076 2.08309 1.16602e+06
0 0.596211 0.426301 2.08283 1.16605e+06
0 0.600534 0.41674 2.07171 1.1661e+06
0 0.601993 0.402565 2.06735 1.16612e+06
0 0.600645 0.391719 2.06357 1.16615e+06
0 0.601309 0.38105 2.05584 1.1662e+06
0 0.595337 0.367634 2.04906 1.16623e+06
0 0.589168 0.355928 2.04257 1.16627e+06
0 0.584378 0.343293 2.03427 1.1663e+06
0 0.57725 0.331872 2.02544 1.16632e+06
0 0.569659 0.321672 2.00862 1.16637e+06
0 0.56192 0.310589 1.99771 1.16638e+06
0 0.551725 0.303773 1.99112 1.16642e+06
0 0.541548 0.297124 1.98734 1.16645e+06
0 0.533919 0.286379 1.97952 1.16649e+06
0 0.522425 0.273843 1.96742 1.16652e+06
0 0.514665 0.264425 1.9691 1.16655e+06
0 0.508634 0.255331 1.97221 1.16659e+06
0 0.503723 0.246151 1.97779 1.16662e+06
0 0.500984 0.240315 1.97914 1.16665e+06
0 0.498346 0.230648 1.98034 1.16669e+06
0 0.496816 0.224526 1.98202 1.16672e+06
0 0.495846 0.216255 1.98342 1.16675e+06
0 0.495622 0.208935 1.98468 1.16679e+06
0 0.494082 0.199453 1.98751 1.16682e+06
0 0.49458 0.191101 1.98857 1.16685e+06
0 0.494745 0.185979 1.98822 1.16689e+06
0 0.496328 0.178839 1.99087 1.16692e+06
0 0.500552 0.173452 1.98776 1.16695e+06
0 0.504591 0.16804 1.98934 1.16699e+06
0 0.507849 0.167712 1.98786 1.16702e+06
0 0.513778 0.16372 1.99199 1.16705e+06
0 0.519167 0.160831 1.99497 1.16708e+06

1 0.505471 0.179567 2.04173 1.16904e+06
1 0.505675 0.1774 2.04604 1.16905e+06
1 0.50665 0.175522 2.04384 1.1691e+06
1 0.50723 0.174364 2.04076 1.16912e+06
1 0.507405 0.173751 2.0401 1.16915e+06
1 0.508816 0.172088 2.03793 1.16919e+06
1 0.510991 0.166033 2.03579 1.16922e+06
1 0.514 0.162457 2.03218 1.16925e+06
1 0.519332 0.15648 2.03145 1.16929e+06
1 0.526963 0.153478 2.03934 1.16932e+06
1 0.531998 0.151639 2.0463 1.16936e+06
1 0.540639 0.151209 2.04331 1.16939e+06
1 0.545561 0.15024 2.0392 1.16942e+06
1 0.552263 0.150576 2.03938 1.16946e+06
1 0.559988 0.155768 2.0455 1.16949e+06
1 0.569992 0.15986 2.05287 1.16952e+06
1 0.579678 0.162716 2.06168 1.16956e+06
1 0.586197 0.166104 2.05775 1.16959e+06
1 0.591241 0.169465 2.05234 1.16962e+06
1 0.59502 0.177853 2.0565 1.16966e+06
1 0.600418 0.189967 2.05121 1.16969e+06
1 0.601583 0.198736 2.0529 1.16972e+06
1 0.602841 0.210264 2.05532 1.16976e+06
1 0.60202 0.221331 2.04651 1.16979e+06
1 0.600253 0.233828 2.04779 1.16982e+06
1 0.599753 0.247172 2.04428 1.16986e+06
1 0.594468 0.259331 2.03835 1.16989e+06
1 0.587151 0.271279 2.03567 1.16992e+06
1 0.581765 0.282886 2.03285 1.16996e+06
1 0.572245 0.293546 2.02114 1.16999e+06
1 0.562899 0.302357 2.01137 1.17002e+06
1 0.556772 0.310947 2.00971 1.17006e+06
1 0.548123 0.320819 2.01249 1.17009e+06
1 0.538805 0.331745 2.01371 1.17012e+06
1 0.529463 0.338227 2.00592 1.17016e+06
1 0.522297 0.349339 2.00754 1.17019e+06
1 0.515059 0.355824 2.00848 1.17022e+06
1 0.506104 0.362117 2.00755 1.17026e+06
1 0.499495 0.368847 2.01358 1.17029e+06
1 0.497992 0.377485 2.01991 1.17032e+06
1 0.494822 0.392057 2.01658 1.17036e+06
1 0.494269 0.396875 2.02197 1.17039e+06
1 0.497135 0.401036 2.02606 1.17042e+06
1 0.497031 0.406936 2.02501 1.17046e+06
1 0.501215 0.412756 2.02496 1.17049e+06
1 0.505067 0.418752 2.03256 1.17052e+06
1 0.510941 0.426843 2.03685 1.17056e+06
1 0.516842 0.43385 2.04141 1.17059e+06
1 0.525688 0.439464 2.0452 1.17062e+06
1 0.53341 0.438345 2.04571 1.17066e+06
1 0.542442 0.439737 2.06282 1.17069e+06
1 0.550927 0.441085 2.07166 1.17073e+06
1 0.559624 0.439538 2.07889 1.17076e+06
1 0.565699 0.436404 2.07549 1.1708e+06
1 0.575528 0.435578 2.07692 1.17083e+06
1 0.583038 0.427852 2.07378 1.17086e+06
1 0.588119 0.423241 2.07545 1.1709e+06
1 0.592383 0.419251 2.08095 1.17093e+06
1 0.596006 0.413357 2.07442 1.17096e+06
1 0.601403 0.405466 2.06679 1.171e+06
1 0.602641 0.395758 2.06668 1.17103e+06
1 0.60424 0.387955 2.06536 1.17106e+06
1 0.603299 0.377859 2.05996 1.1711e+06
1 0.600573 0.368914 2.06027 1.17113e+06
1 0.596156 0.357357 2.05337 1.17117e+06
1 0.592619 0.349741 2.04543 1.1712e+06
1 0.587701 0.338941 2.03783 1.17123e+06
1 0.579653 0.330669 2.03058 1.17127e+06
1 0.574612 0.322463 2.02516 1.1713e+06
1 0.565942 0.315553 2.01377 1.17133e+06
1 0.559893 0.307049 2.00512 1.17136e+06
1 0.553246 0.299365 2.00204 1.1714e+06
1 0.545497 0.294186 1.9999 1.17143e+06
1 0.536043 0.287816 1.99271 1.17147e+06
1 0.528661 0.280231 1.98926 1.1715e+06
1 0.524409 0.275083 1.98955 1.17154e+06
1 0.519869 0.266527 1.99034 1.17157e+06
1 0.514132 0.260558 1.98757 1.1716e+06
1 0.511138 0.252596 1.98876 1.17164e+06
1 0.508433 0.246289 1.99011 1.17167e+06
1 0.50773 0.240282 1.99191 1.17169e+06
1 0.503656 0.233259 1.99074 1.17174e+06
1 0.499443 0.225013 1.99235 1.17177e+06
1 0.498833 0.21816 1.99672 1.17179e+06
1 0.499192 0.210795 2.00101 1.17184e+06
1 0.500712 0.20259 2.00219 1.17185e+06
1 0.50276 0.194035 2.00006 1.17189e+06
1 0.504749 0.185916 2.00355 1.17194e+06
1 0.50653 0.181 2.00769 1.17195e+06
1 0.50744 0.178592 2.00875 1.17199e+06
1 0.512886 0.171403 2.00856 1.17204e+06
1 0.515506 0.167238 2.00571 1.17206e+06
1 0.516576 0.165239 1.99957 1.17209e+06
1 0.524676 0.165986 2.0153 1.17212e+06
1 0.530789 0.168721 2.02289 1.17216e+06
1 0.53587 0.16608 2.02798 1.17219e+06

2 0.655051 0.201262 2.12042 1.17419e+06
2 0.655042 0.199762 2.12066 1.17423e+06
2 0.653687 0.199616 2.11697 1.17426e+06
2 0.653708 0.1986 2.11605 1.1743e+06
2 0.65353 0.198768 2.11375 1.17433e+06
2 0.654674 0.197414 2.11054 1.17436e+06
2 0.659461 0.190877 2.11349 1.1744e+06
2 0.662358 0.187185 2.11648 1.17443e+06
2 0.667092 0.182452 2.11529 1.17446e+06
2 0.673322 0.17374 2.11376 1.1745e+06
2 0.678035 0.174199 2.11089 1.17453e+06
2 0.685702 0.175036 2.11528 1.17456e+06
2 0.694935 0.170195 2.12233 1.1746e+06
2 0.701212 0.166717 2.12921 1.17463e+06
2 0.708113 0.167724 2.13727 1.17466e+06
2 0.714907 0.172177 2.14113 1.1747e+06
2 0.72051 0.173526 2.1433 1.17473e+06
2 0.727953 0.175396 2.1479 1.17476e+06
2 0.731291 0.181915 2.15197 1.17479e+06
2 0.737597 0.187216 2.15407 1.17483e+06
2 0.743216 0.191715 2.15564 1.17486e+06
2 0.745173 0.199479 2.15503 1.17489e+06
2 0.745587 0.212599 2.15499 1.17493e+06
2 0.744887 0.222455 2.1562 1.17496e+06
2 0.743903 0.235843 2.15125 1.17499e+06
2 0.739715 0.246606 2.14348 1.17503e+06
2 0.734649 0.258425 2.13196 1.17506e+06
2 0.729838 0.266501 2.12265 1.17509e+06
2 0.722447 0.272637 2.11348 1.17513e+06
2 0.71592 0.282759 2.10848 1.17516e+06
2 0.709355 0.292314 2.10996 1.17519e+06
2 0.696942 0.303177 2.1018 1.17523e+06
2 0.687167 0.310555 2.09985 1.17526e+06
2 0.678247 0.315025 2.09541 1.17529e+06
2 0.667124 0.323624 2.09142 1.17533e+06
2 0.660704 0.329228 2.09082 1.17536e+06
2 0.653319 0.33437 2.09893 1.17539e+06
2 0.648482 0.338264 2.10351 1.17544e+06
2 0.64097 0.346257 2.10143 1.17546e+06
2 0.63487 0.353475 2.09881 1.17549e+06
2 0.629187 0.360301 2.10504 1.17554e+06
2 0.625234 0.366437 2.10213 1.17557e+06
2 0.624876 0.372203 2.10783 1.17559e+06
2 0.623764 0.379525 2.11231 1.17564e+06
2 0.626965 0.389287 2.12536 1.17567e+06
2 0.631258 0.398501 2.12981 1.17569e+06
2 0.636142 0.402909 2.13175 1.17574e+06
2 0.641365 0.409404 2.14008 1.17577e+06
2 0.646251 0.412865 2.13714 1.17581e+06
2 0.651302 0.418978 2.1466 1.17584e+06
2 0.657376 0.42541 2.14841 1.17587e+06
2 0.667733 0.429141 2.15486 1.17591e+06
2 0.673894 0.431687 2.15742 1.17594e+06
2 0.681066 0.430319 2.16355 1.17597e+06
2 0.68793 0.43071 2.16757 1.17600e+06
2 0.696069 0.429945 2.16737 1.17604e+06
2 0.702057 0.422576 2.17268 1.17607e+06
2 0.710317 0.41842 2.16824 1.17610e+06
2 0.714827 0.414823 2.17362 1.17614e+06
2 0.718264 0.406228 2.169 1.17617e+06
2 0.719953 0.398468 2.16626 1.1762e+06
2 0.719586 0.388833 2.16514 1.17624e+06
2 0.720289 0.379878 2.16474 1.17627e+06
2 0.718494 0.368135 2.15981 1.17630e+06
2 0.717706 0.359896 2.15676 1.17634e+06
2 0.715404 0.350293 2.15621 1.17636e+06
2 0.713054 0.341689 2.1492 1.17641e+06
2 0.708945 0.32916 2.14219 1.17644e+06
2 0.70122 0.32141 2.12919 1.17646e+06
2 0.696252 0.311777 2.12339 1.17651e+06
2 0.691109 0.30407 2.11932 1.17654e+06
2 0.684566 0.299987 2.11595 1.17656e+06
2 0.679725 0.292278 2.11405 1.17660e+06
2 0.674384 0.284546 2.11079 1.17664e+06
2 0.668589 0.275735 2.10676 1.17666e+06
2 0.663522 0.265988 2.10327 1.17671e+06
2 0.660544 0.260617 2.09894 1.17674e+06
2 0.655424 0.253444 2.10033 1.17676e+06
2 0.652321 0.248124 2.09894 1.17681e+06
2 0.651921 0.243014 2.09681 1.17682e+06
2 0.650867 0.234269 2.09733 1.17686e+06
2 0.650605 0.226684 2.09838 1.17691e+06
2 0.64949 0.222795 2.10165 1.17692e+06
2 0.648618 0.217192 2.10274 1.17698e+06
2 0.649105 0.213046 2.10397 1.17701e+06
2 0.650549 0.207018 2.10473 1.17703e+06
2 0.651774 0.202438 2.10549 1.17708e+06
2 0.653299 0.200388 2.10977 1.17709e+06
2 0.655851 0.198418 2.11043 1.17713e+06
2 0.657759 0.196163 2.11566 1.17716e+06
2 0.658398 0.192054 2.11568 1.17719e+06

3 0.725117 0.192577 2.18899 1.17884e+06
3 0.725737 0.193476 2.19147 1.17888e+06
3 0.725195 0.190367 2.18835 1.17891e+06
3 0.724543 0.190778 2.18443 1.17894e+06
3 0.729043 0.188005 2.18298 1.17897e+06
3 0.733243 0.186042 2.18898 1.17901e+06
3 0.737778 0.1807 2.18987 1.17904e+06
3 0.73973 0.17774 2.18688 1.17908e+06
3 0.745756 0.178259 2.19658 1.17911e+06
3 0.750213 0.18043 2.20248 1.17914e+06
3 0.754757 0.177431 2.20123 1.17916e+06
3 0.758394 0.177473 2.20441 1.17919e+06
3 0.763914 0.17831 2.21048 1.17924e+06
3 0.767303 0.179752 2.21324 1.17926e+06
3 0.77209 0.183565 2.21365 1.17929e+06
3 0.777991 0.182477 2.22242 1.17933e+06
3 0.782917 0.184016 2.21678 1.17936e+06
3 0.786937 0.183263 2.2246 1.17941e+06
3 0.78812 0.190156 2.2276 1.17943e+06
3 0.792039 0.198005 2.22968 1.17946e+06
3 0.797068 0.207438 2.23259 1.17951e+06
3 0.799538 0.2135 2.23813 1.17953e+06
3 0.800206 0.219484 2.24251 1.17956e+06
3 0.800618 0.229822 2.23482 1.17961e+06
3 0.801432 0.236311 2.22861 1.17963e+06
3 0.798772 0.247379 2.21958 1.17966e+06
3 0.796696 0.256883 2.22153 1.17971e+06
3 0.792599 0.263578 2.21688 1.17974e+06
3 0.78731 0.274073 2.21198 1.17976e+06
3 0.782447 0.28399 2.20943 1.17981e+06
3 0.775513 0.291354 2.20378 1.17984e+06
3 0.767182 0.302154 2.19186 1.17986e+06
3 0.759253 0.309287 2.17891 1.17991e+06
3 0.75273 0.318887 2.17463 1.17994e+06
3 0.742875 0.32532 2.16617 1.17998e+06
3 0.734157 0.335026 2.15986 1.18001e+06
3 0.725424 0.342895 2.15554 1.18004e+06
3 0.720956 0.347729 2.15049 1.18006e+06
3 0.713634 0.352106 2.15136 1.18011e+06
3 0.707601 0.360165 2.15178 1.18013e+06
3 0.700343 0.36638 2.1508 1.18016e+06
3 0.697054 0.372117 2.14776 1.1802e+06
3 0.69487 0.378301 2.14888 1.18023e+06
3 0.693731 0.385855 2.15152 1.18026e+06
3 0.691393 0.387407 2.15438 1.18031e+06
3 0.691472 0.393261 2.16249 1.18033e+06
3 0.69359 0.398694 2.16543 1.18036e+06
3 0.694482 0.405722 2.16882 1.1804e+06
3 0.699475 0.407298 2.17146 1.18043e+06
3 0.704118 0.411884 2.17219 1.18046e+06
3 0.709559 0.414614 2.17098 1.1805e+06
3 0.715093 0.418118 2.18024 1.18053e+06
3 0.720182 0.423138 2.18796 1.18057e+06
3 0.727186 0.424612 2.19243 1.1806e+06
3 0.732386 0.42537 2.1994 1.18063e+06
3 0.736272 0.425684 2.20298 1.18067e+06
3 0.741639 0.423784 2.21481 1.1807e+06
3 0.74679 0.42093 2.2138 1.18073e+06
3 0.751527 0.416214 2.21702 1.18076e+06
3 0.759614 0.412533 2.22231 1.1808e+06
3 0.764802 0.405579 2.22307 1.18083e+06
3 0.76699 0.397121 2.22476 1.18086e+06
3 0.768158 0.392452 2.22127 1.1809e+06
3 0.768795 0.382773 2.21958 1.18093e+06
3 0.768303 0.375553 2.21439 1.18098e+06
3 0.768493 0.364326 2.21055 1.181e+06
3 0.768426 0.356623 2.20839 1.18103e+06
3 0.767087 0.34705 2.20949 1.18108e+06
3 0.765566 0.339011 2.20034 1.18111e+06
3 0.762233 0.32869 2.19073 1.18113e+06
3 0.761335 0.32023 2.18414 1.18118e+06
3 0.756016 0.313791 2.18319 1.18121e+06
3 0.750777 0.304896 2.18024 1.18123e+06
3 0.745836 0.297361 2.17094 1.18128e+06
3 0.742112 0.292167 2.16764 1.1813e+06
3 0.735799 0.282998 2.16363 1.18133e+06
3 0.72979 0.277387 2.16215 1.18136e+06
3 0.72517 0.267788 2.16131 1.1814e+06
3 0.721721 0.256448 2.15272 1.18143e+06
3 0.719517 0.248578 2.15392 1.18146e+06
3 0.716745 0.242408 2.1511 1.1815e+06
3 0.713453 0.238389 2.15117 1.18153e+06
3 0.710217 0.231376 2.15114 1.18156e+06
3 0.708589 0.227318 2.14741 1.1816e+06
3 0.709802 0.221259 2.15182 1.18163e+06
3 0.708732 0.212762 2.14849 1.18167e+06
3 0.70867 0.206393 2.15017 1.1817e+06
3 0.707993 0.203079 2.15113 1.18174e+06
3 0.708229 0.200459 2.15284 1.18177e+06
3 0.710121 0.196976 2.15424 1.1818e+06
3 0.712777 0.193576 2.16047 1.18183e+06
3 0.716633 0.19239 2.1627 1.18187e+06
3 0.71855 0.191318 2.16469 1.1819e+06
3 0.723282 0.19059 2.16746 1.18194e+06
3 0.725923 0.190811 2.16724 1.18197e+06
3 0.728901 0.190209 2.16748 1.182e+06
3 0.732498 0.188826 2.17209 1.18204e+06
3 0.738248 0.189414 2.17086 1.18207e+06
3 0.742783 0.188266 2.18179 1.1821e+06
3 0.745516 0.188364 2.18034 1.18214e+06

4 0.366659 0.19912 2.24788 1.18624e+06
4 0.366851 0.197917 2.24926 1.18627e+06
4 0.368097 0.196351 2.24609 1.18631e+06
4 0.372461 0.197308 2.24791 1.18634e+06
4 0.376937 0.197425 2.25122 1.18638e+06
4 0.379344 0.198163 2.25246 1.18641e+06
4 0.382441 0.197075 2.25169 1.18644e+06
4 0.385694 0.19538 2.24936 1.18648e+06
4 0.393331 0.191135 2.25639 1.18651e+06
4 0.401465 0.186741 2.2547 1.18654e+06
4 0.408021 0.182658 2.25304 1.18657e+06
4 0.41349 0.183142 2.25019 1.18661e+06
4 0.419297 0.182165 2.24856 1.18664e+06
4 0.425834 0.186837 2.25107 1.18667e+06
4 0.432277 0.19221 2.25202 1.18670e+06
4 0.439317 0.19535 2.24707 1.18674e+06
4 0.442748 0.19594 2.24877 1.18677e+06
4 0.44672 0.199172 2.24704 1.18681e+06
4 0.445954 0.206918 2.2502 1.18684e+06
4 0.445774 0.21302 2.25098 1.18687e+06
4 0.447478 0.223902 2.25038 1.18691e+06
4 0.44684 0.23135 2.25234 1.18694e+06
4 0.445995 0.236318 2.24208 1.18697e+06
4 0.43974 0.246834 2.23866 1.18701e+06
4 0.435052 0.254091 2.23407 1.18704e+06
4 0.430381 0.260108 2.23893 1.18707e+06
4 0.426811 0.270666 2.23927 1.18711e+06
4 0.42247 0.280044 2.24242 1.18714e+06
4 0.416632 0.292089 2.23583 1.18718e+06
4 0.412399 0.299248 2.23646 1.18721e+06
4 0.407614 0.306057 2.23958 1.18724e+06
4 0.402871 0.315157 2.23214 1.18728e+06
4 0.395995 0.323871 2.21777 1.18731e+06
4 0.391534 0.328615 2.21656 1.18734e+06
4 0.38652 0.334957 2.21947 1.18738e+06
4 0.383891 0.339968 2.22501 1.18741e+06
4 0.378678 0.345312 2.22644 1.18744e+06
4 0.375626 0.351488 2.23471 1.18748e+06
4 0.374101 0.361407 2.22723 1.18751e+06
4 0.371688 0.369775 2.22223 1.18754e+06
4 0.375859 0.374328 2.22728 1.18758e+06
4 0.377216 0.379151 2.23755 1.18761e+06
4 0.380452 0.385651 2.24582 1.18765e+06
4 0.38172 0.393647 2.24419 1.18768e+06
4 0.382384 0.399337 2.24691 1.18771e+06
4 0.384815 0.404766 2.24538 1.18775e+06
4 0.389664 0.407278 2.24481 1.18778e+06
4 0.392786 0.415157 2.24816 1.18782e+06
4 0.400948 0.42047 2.24889 1.18785e+06
4 0.406936 0.421629 2.25148 1.18788e+06
4 0.414013 0.425872 2.24978 1.18792e+06
4 0.422236 0.424956 2.24895 1.18793e+06
4 0.425544 0.423011 2.24394 1.18798e+06
4 0.434328 0.421638 2.24872 1.18802e+06
4 0.441296 0.416918 2.25251 1.18805e+06
4 0.444942 0.410833 2.2466 1.18808e+06
4 0.44932 0.400214 2.2415 1.18812e+06
4 0.453113 0.392495 2.24583 1.18815e+06
4 0.454754 0.388293 2.24256 1.18818e+06
4 0.457887 0.377098 2.24714 1.18822e+06
4 0.458681 0.369811 2.24622 1.18825e+06
4 0.457534 0.361256 2.24036 1.18828e+06
4 0.456968 0.355911 2.23616 1.18832e+06
4 0.454531 0.34618 2.23377 1.18833e+06
4 0.449973 0.336428 2.22082 1.18838e+06
4 0.446889 0.328462 2.22211 1.1884e+06
4 0.44066 0.32286 2.21617 1.18844e+06
4 0.435402 0.315899 2.21163 1.18848e+06
4 0.431629 0.310375 2.21649 1.1885e+06
4 0.42392 0.307469 2.21396 1.18854e+06
4 0.420953 0.303814 2.21191 1.18857e+06
4 0.416425 0.296939 2.20859 1.1886e+06
4 0.409717 0.291514 2.2044 1.18864e+06
4 0.404273 0.287256 2.2077 1.18867e+06
4 0.402032 0.285016 2.20758 1.18870e+06
4 0.399501 0.278971 2.20459 1.18874e+06
4 0.394769 0.271927 2.20226 1.18877e+06
4 0.392961 0.266614 2.19753 1.1888e+06
4 0.389745 0.256492 2.20138 1.18884e+06
4 0.387568 0.252046 2.19772 1.18887e+06
4 0.385901 0.24774 2.20504 1.18890e+06
4 0.385447 0.244944 2.20743 1.18894e+06
4 0.383856 0.238711 2.20626 1.18897e+06
4 0.384304 0.232679 2.20802 1.189e+06
4 0.384226 0.228772 2.20985 1.18904e+06
4 0.384649 0.225893 2.20799 1.18907e+06
4 0.386539 0.223918 2.20621 1.18911e+06
4 0.386562 0.222918 2.20464 1.18914e+06
4 0.387421 0.217886 2.20918 1.18917e+06
4 0.386392 0.21209 2.21211 1.18921e+06
4 0.386868 0.206151 2.20791 1.18924e+06
4 0.391657 0.20266 2.21623 1.18927e+06
4 0.394818 0.201581 2.21929 1.18931e+06
4 0.396835 0.200763 2.22721 1.18934e+06
4 0.400395 0.199725 2.22532 1.18937e+06
4 0.402028 0.198528 2.22863 1.18941e+06
4 0.406626 0.193303 2.22717 1.18944e+06
4 0.408879 0.18987 2.22592 1.18947e+06
4 0.409878 0.18777 2.22527 1.18951e+06
4 0.410516 0.186813 2.22443 1.18954e+06
4 0.412653 0.186742 2.22476 1.18957e+06

5 0.361073 0.196017 2.25611 1.19198e+06
5 0.363033 0.197045 2.25421 1.19202e+06
5 0.364688 0.196627 2.25413 1.19205e+06
5 0.366873 0.195429 2.25755 1.19208e+06
5 0.366332 0.190635 2.25774 1.19212e+06
5 0.367125 0.183977 2.25409 1.19215e+06
5 0.373971 0.17946 2.25547 1.19218e+06
5 0.378148 0.178293 2.25428 1.19222e+06
5 0.38189 0.175754 2.2573 1.19225e+06
5 0.389545 0.175537 2.25561 1.19228e+06
5 0.395731 0.17446 2.25636 1.19232e+06
5 0.404387 0.175199 2.2534 1.19235e+06
5 0.409277 0.175968 2.25323 1.19238e+06
5 0.41882 0.175738 2.25054 1.19242e+06
5 0.424762 0.176597 2.24847 1.19245e+06
5 0.429695 0.180065 2.2466 1.19248e+06
5 0.435498 0.18071 2.24716 1.19252e+06
5 0.440236 0.186995 2.24758 1.19255e+06
5 0.443175 0.192327 2.24931 1.19258e+06
5 0.449034 0.197326 2.24879 1.19262e+06
5 0.452152 0.201261 2.24805 1.19265e+06
5 0.455958 0.207922 2.25082 1.19268e+06
5 0.455557 0.215583 2.25332 1.19272e+06
5 0.456822 0.226314 2.25351 1.19275e+06
5 0.455977 0.234565 2.25287 1.19278e+06
5 0.453202 0.246112 2.24502 1.19282e+06
5 0.449018 0.254028 2.23637 1.19285e+06
5 0.444102 0.261899 2.23639 1.19289e+06
5 0.439221 0.271501 2.23294 1.19292e+06
5 0.437646 0.280236 2.23251 1.19295e+06
5 0.433484 0.290835 2.22921 1.19299e+06
5 0.426757 0.300303 2.22616 1.19302e+06
5 0.423203 0.306555 2.22838 1.19305e+06
5 0.418261 0.315578 2.22589 1.19307e+06
5 0.41249 0.322462 2.22148 1.19310e+06
5 0.408444 0.327992 2.21913 1.19316e+06
5 0.405535 0.336124 2.21398 1.19317e+06
5 0.402256 0.340228 2.21016 1.19321e+06
5 0.398729 0.343895 2.21257 1.19326e+06
5 0.391802 0.350948 2.21723 1.19329e+06
5 0.387972 0.35761 2.21414 1.19332e+06
5 0.387248 0.365196 2.2146 1.19335e+06
5 0.387006 0.368834 2.22493 1.19338e+06
5 0.390476 0.376909 2.22797 1.19342e+06
5 0.393648 0.38169 2.23203 1.19345e+06
5 0.394178 0.386874 2.23472 1.19348e+06
5 0.395924 0.394641 2.23499 1.19352e+06
5 0.398086 0.398145 2.23402 1.19355e+06
5 0.400938 0.403031 2.23417 1.19358e+06
5 0.406165 0.405189 2.23306 1.19362e+06
5 0.408796 0.405214 2.22148 1.19365e+06
5 0.41259 0.408356 2.21833 1.19368e+06
5 0.419016 0.407072 2.20347 1.19372e+06
5 0.422205 0.412936 2.20659 1.19375e+06
5 0.429857 0.421287 2.22757 1.19378e+06
5 0.437863 0.419921 2.23517 1.19381e+06
5 0.442641 0.417504 2.23709 1.19385e+06
5 0.446279 0.416102 2.24426 1.19388e+06
5 0.452238 0.414479 2.25033 1.19392e+06
5 0.456652 0.410509 2.25083 1.19395e+06
5 0.461996 0.403751 2.25326 1.19398e+06
5 0.465343 0.398438 2.25589 1.19401e+06
5 0.469039 0.391723 2.25587 1.19405e+06
5 0.47039 0.383934 2.25133 1.19408e+06
5 0.474046 0.373934 2.23793 1.19412e+06
5 0.472959 0.362305 2.24192 1.19415e+06
5 0.473499 0.354679 2.23692 1.19418e+06
5 0.472308 0.350131 2.23751 1.19422e+06
5 0.468655 0.342227 2.23131 1.19425e+06
5 0.464557 0.333341 2.22835 1.19428e+06
5 0.46351 0.323867 2.23144 1.19432e+06
5 0.458167 0.318379 2.21834 1.19435e+06
5 0.452163 0.311678 2.21151 1.19438e+06
5 0.44684 0.307689 2.21837 1.19442e+06
5 0.439594 0.305515 2.22169 1.19445e+06
5 0.434899 0.304132 2.22258 1.19449e+06
5 0.427455 0.299971 2.22126 1.19452e+06
5 0.423477 0.296621 2.22027 1.19455e+06
5 0.418807 0.291567 2.21802 1.19457e+06
5 0.410372 0.289527 2.20511 1.19462e+06
5 0.405415 0.28633 2.20104 1.19465e+06
5 0.401249 0.279631 2.19621 1.19469e+06
5 0.398277 0.273162 2.19826 1.19472e+06
5 0.392259 0.269586 2.19438 1.19475e+06
5 0.388329 0.266386 2.19656 1.19479e+06
5 0.385559 0.259478 2.19685 1.19482e+06
5 0.385342 0.252318 2.1979 1.19485e+06
5 0.382331 0.248371 2.21141 1.19489e+06
5 0.37685 0.246661 2.2098 1.19492e+06
5 0.37455 0.24406 2.20927 1.19495e+06
5 0.371544 0.237783 2.20816 1.19499e+06
5 0.370271 0.232031 2.20813 1.19502e+06
5 0.369416 0.228816 2.20705 1.19506e+06
5 0.371405 0.22472 2.20949 1.19509e+06
5 0.372384 0.219615 2.20743 1.19512e+06
5 0.370642 0.213071 2.21213 1.19514e+06
5 0.371362 0.206841 2.20797 1.19519e+06
5 0.372344 0.202169 2.2094 1.19521e+06
5 0.377473 0.20095 2.21362 1.19524e+06
5 0.380314 0.201102 2.22005 1.19528e+06
5 0.382016 0.19519 2.22207 1.19531e+06

6 0.584471 0.152523 2.1457 1.19788e+06
6 0.587587 0.148965 2.14716 1.19792e+06
6 0.592645 0.14954 2.15005 1.19795e+06
6 0.596415 0.142913 2.15653 1.19798e+06
6 0.599585 0.141324 2.15503 1.19802e+06
6 0.601705 0.13952 2.15416 1.19805e+06
6 0.606684 0.13537 2.15741 1.19808e+06
6 0.610309 0.132981 2.15983 1.19811e+06
6 0.616977 0.131177 2.16481 1.19815e+06
6 0.622996 0.129353 2.17033 1.19818e+06
6 0.632676 0.127594 2.1725 1.19822e+06
6 0.639534 0.126576 2.17873 1.19825e+06
6 0.647948 0.12589 2.18997 1.19828e+06
6 0.655908 0.127405 2.19298 1.19832e+06
6 0.658423 0.134777 2.18884 1.19835e+06
6 0.666429 0.137914 2.19217 1.19838e+06
6 0.673439 0.140949 2.20106 1.19842e+06
6 0.679485 0.150687 2.21191 1.19845e+06
6 0.682378 0.163946 2.21136 1.19849e+06
6 0.685174 0.173576 2.21154 1.19852e+06
6 0.685166 0.181067 2.20865 1.19855e+06
6 0.68397 0.193751 2.20469 1.19859e+06
6 0.682181 0.203209 2.19381 1.19862e+06
6 0.678826 0.213846 2.1851 1.19866e+06
6 0.677789 0.221875 2.18229 1.19869e+06
6 0.671447 0.235257 2.17828 1.19872e+06
6 0.663883 0.243754 2.17398 1.19876e+06
6 0.654415 0.255818 2.16623 1.19879e+06
6 0.646496 0.263551 2.16312 1.19882e+06
6 0.638777 0.275125 2.16328 1.19886e+06
6 0.630457 0.283465 2.16276 1.19889e+06
6 0.62129 0.288416 2.15814 1.19891e+06
6 0.612774 0.293315 2.15533 1.19894e+06
6 0.602066 0.301978 2.15014 1.199e+06
6 0.59253 0.306785 2.14974 1.19901e+06
6 0.585559 0.310679 2.15176 1.19904e+06
6 0.578906 0.313976 2.14201 1.19909e+06
6 0.573595 0.321388 2.1497 1.19911e+06
6 0.569609 0.333372 2.15548 1.19914e+06
6 0.564531 0.342623 2.15901 1.19919e+06
6 0.563773 0.353827 2.15554 1.19921e+06
6 0.562678 0.360523 2.15767 1.19924e+06
6 0.564623 0.370482 2.16459 1.19929e+06
6 0.565279 0.377669 2.16503 1.19932e+06
6 0.563711 0.382949 2.16316 1.19934e+06
6 0.565608 0.391241 2.17529 1.19939e+06
6 0.572025 0.401676 2.18606 1.19943e+06
6 0.577229 0.410889 2.20014 1.19946e+06
6 0.583494 0.417732 2.20828 1.19949e+06
6 0.590257 0.422603 2.21337 1.19952e+06
6 0.595171 0.424204 2.21643 1.19956e+06
6 0.602212 0.428115 2.22584 1.19959e+06
6 0.609848 0.429592 2.23293 1.19962e+06
6 0.619696 0.430196 2.23987 1.19966e+06
6 0.624144 0.431223 2.23999 1.19969e+06
6 0.635907 0.428513 2.23425 1.19972e+06
6 0.643945 0.427255 2.24408 1.19976e+06
6 0.651005 0.420802 2.24561 1.19979e+06
6 0.658955 0.416419 2.2486 1.19982e+06
6 0.662829 0.410827 2.2486 1.19986e+06
6 0.668108 0.401366 2.2431 1.19989e+06
6 0.671296 0.39244 2.23646 1.19993e+06
6 0.67205 0.382078 2.23981 1.19996e+06
6 0.673138 0.372872 2.24063 1.19999e+06
6 0.674101 0.360289 2.23646 1.20002e+06
6 0.674646 0.352198 2.2361 1.20006e+06
6 0.670536 0.340556 2.22659 1.20009e+06
6 0.66576 0.327239 2.21963 1.20012e+06
6 0.660676 0.316623 2.21192 1.20016e+06
6 0.656221 0.304672 2.20793 1.20019e+06
6 0.647517 0.29783 2.20439 1.20023e+06
6 0.640575 0.292385 2.19974 1.20026e+06
6 0.631666 0.284719 2.19245 1.20029e+06
6 0.626033 0.275914 2.1923 1.20033e+06
6 0.619609 0.271967 2.18249 1.20036e+06
6 0.611924 0.264633 2.17696 1.20039e+06
6 0.606156 0.257708 2.17218 1.20041e+06
6 0.600293 0.248044 2.1668 1.20046e+06
6 0.592233 0.240164 2.16221 1.20049e+06
6 0.587962 0.230202 2.16328 1.20051e+06
6 0.585033 0.228933 2.16396 1.20056e+06
6 0.577936 0.221492 2.16114 1.20058e+06
6 0.573775 0.215827 2.16725 1.20061e+06
6 0.57332 0.212572 2.16272 1.20065e+06
6 0.571545 0.204668 2.16109 1.20068e+06
6 0.570756 0.198066 2.16582 1.20071e+06
6 0.570078 0.19518 2.16294 1.20075e+06
6 0.569705 0.192953 2.16468 1.20078e+06
6 0.57156 0.185179 2.16176 1.20082e+06
6 0.570815 0.178549 2.16603 1.20085e+06
6 0.570213 0.174787 2.16828 1.20088e+06
6 0.569466 0.172454 2.17019 1.20091e+06
6 0.571819 0.165493 2.17228 1.20095e+06
6 0.574315 0.160966 2.17353 1.20098e+06
6 0.576925 0.157083 2.17439 1.20103e+06
6 0.579771 0.153031 2.17425 1.20106e+06
6 0.582283 0.150642 2.17488 1.20108e+06
6 0.582486 0.14933 2.17295 1.20113e+06
6 0.583501 0.148598 2.17303 1.20116e+06
6 0.586022 0.15004 2.17806 1.20118e+06
6 0.588743 0.15205 2.17988 1.20123e+06

7 0.567815 0.189317 2.18256 1.20253e+06
7 0.568323 0.188983 2.18314 1.20255e+06
7 0.568244 0.18884 2.18168 1.2026e+06
7 0.568311 0.188509 2.18129 1.20261e+06
7 0.57084 0.185824 2.18749 1.20265e+06
7 0.572334 0.181521 2.18533 1.20268e+06
7 0.577756 0.174631 2.18935 1.20272e+06
7 0.58133 0.170567 2.19392 1.20275e+06
7 0.583139 0.168558 2.19275 1.20278e+06
7 0.584626 0.163724 2.18545 1.20282e+06
7 0.589404 0.15812 2.18083 1.20285e+06
7 0.592199 0.154721 2.18051 1.20288e+06
7 0.594913 0.151122 2.17871 1.20292e+06
7 0.598106 0.150777 2.1797 1.20295e+06
7 0.603457 0.149435 2.18896 1.203e+06
7 0.607206 0.150197 2.18601 1.20301e+06
7 0.611543 0.14814 2.18899 1.20305e+06
7 0.614046 0.146409 2.19352 1.2031e+06
7 0.620085 0.145547 2.20109 1.20311e+06
7 0.625206 0.147293 2.20068 1.20315e+06
7 0.633652 0.153246 2.20917 1.2032e+06
7 0.639651 0.1568 2.21196 1.20321e+06
7 0.642792 0.15882 2.21155 1.20326e+06
7 0.648238 0.162789 2.21361 1.2033e+06
7 0.65116 0.166376 2.21648 1.20331e+06
7 0.655227 0.173179 2.21687 1.20336e+06
7 0.65839 0.177569 2.21575 1.20338e+06
7 0.6603 0.179796 2.21482 1.20342e+06
7 0.662481 0.183271 2.21096 1.20345e+06
7 0.665728 0.193483 2.20703 1.20348e+06
7 0.667158 0.201119 2.2023 1.20352e+06
7 0.665739 0.20624 2.19574 1.20355e+06
7 0.664265 0.21372 2.19792 1.20358e+06
7 0.665306 0.22089 2.20375 1.20362e+06
7 0.665406 0.233204 2.19943 1.20365e+06
7 0.663796 0.238868 2.20287 1.20368e+06
7 0.658033 0.250497 2.19183 1.20372e+06
7 0.656324 0.254067 2.1885 1.20375e+06
7 0.651908 0.262022 2.17811 1.20378e+06
7 0.646994 0.273034 2.17627 1.20382e+06
7 0.641258 0.282829 2.17547 1.20385e+06
7 0.634946 0.287222 2.17585 1.20388e+06
7 0.62732 0.292635 2.16886 1.20392e+06
7 0.619643 0.300682 2.15643 1.20395e+06
7 0.61488 0.305323 2.15276 1.20398e+06
7 0.608772 0.311913 2.15219 1.20402e+06
7 0.603428 0.319372 2.15527 1.20405e+06
7 0.598395 0.325189 2.157 1.20408e+06
7 0.593809 0.330551 2.15554 1.20411e+06
7 0.589447 0.334283 2.15709 1.20416e+06
7 0.58659 0.341176 2.15685 1.2042e+06
7 0.584607 0.34538 2.16164 1.20421e+06
7 0.582847 0.35106 2.16395 1.20426e+06
7 0.582426 0.35854 2.16047 1.20428e+06
7 0.582493 0.363036 2.15746 1.20431e+06
7 0.582849 0.366182 2.16159 1.20436e+06
7 0.584196 0.370514 2.16911 1.2044e+06
7 0.588872 0.37841 2.16858 1.20443e+06
7 0.592097 0.382573 2.17157 1.20446e+06
7 0.594628 0.386234 2.16877 1.20448e+06
7 0.597854 0.390729 2.18135 1.20453e+06
7 0.5998 0.398349 2.19043 1.20455e+06
7 0.607557 0.403708 2.19568 1.20458e+06
7 0.612554 0.406982 2.20085 1.20462e+06
7 0.61805 0.409993 2.19961 1.20465e+06
7 0.622992 0.411716 2.20063 1.20469e+06
7 0.631298 0.413321 2.2062 1.20472e+06
7 0.634395 0.416295 2.2156 1.20475e+06
7 0.639718 0.416948 2.22354 1.20479e+06
7 0.647285 0.415427 2.22441 1.20482e+06
7 0.652374 0.414879 2.22553 1.20485e+06
7 0.657127 0.411969 2.22397 1.20488e+06
7 0.660393 0.408449 2.21671 1.20492e+06
7 0.662576 0.400367 2.21497 1.20495e+06
7 0.663799 0.395033 2.21807 1.20499e+06
7 0.666877 0.386283 2.21955 1.20502e+06
7 0.669454 0.380523 2.21838 1.20505e+06
7 0.666528 0.373837 2.21402 1.20509e+06
7 0.666774 0.365122 2.20729 1.20512e+06
7 0.664988 0.356135 2.20702 1.20515e+06
7 0.663229 0.344502 2.20208 1.20519e+06
7 0.661283 0.336519 2.19522 1.20522e+06
7 0.658173 0.326295 2.18947 1.20525e+06
7 0.652585 0.316527 2.18609 1.20529e+06
7 0.646305 0.306232 2.17821 1.20532e+06
7 0.641011 0.299711 2.17177 1.20536e+06
7 0.636423 0.293741 2.174 1.20539e+06
7 0.629049 0.285729 2.17221 1.20542e+06
7 0.623826 0.281053 2.17001 1.20546e+06
7 0.616696 0.276208 2.16606 1.20549e+06
7 0.610454 0.268346 2.16151 1.20552e+06
7 0.604858 0.260593 2.15778 1.20556e+06
7 0.600596 0.255703 2.15783 1.20559e+06
7 0.594528 0.248656 2.1543 1.20562e+06
7 0.588372 0.242093 2.14361 1.20566e+06
7 0.58511 0.236171 2.14348 1.20569e+06
7 0.582699 0.234112 2.14984 1.20572e+06
7 0.580997 0.227247 2.15303 1.20576e+06
7 0.57907 0.223538 2.15312 1.20579e+06
7 0.574806 0.214513 2.14602 1.20582e+06
7 0.571626 0.208055 2.14479 1.20586e+06

8 0.733393 0.209344 2.00101 1.21067e+06
8 0.732659 0.206779 1.99529 1.2107e+06
8 0.73434 0.204058 1.98398 1.21073e+06
8 0.734342 0.20324 1.98775 1.21077e+06
8 0.736954 0.201284 1.98519 1.2108e+06
8 0.73883 0.199181 1.98497 1.21083e+06
8 0.742594 0.197723 1.98309 1.21087e+06
8 0.744596 0.193412 1.98315 1.2109e+06
8 0.748965 0.187694 1.98359 1.21093e+06
8 0.753643 0.182598 1.99065 1.21097e+06
8 0.7587 0.179258 1.99603 1.211e+06
8 0.76575 0.178827 1.99785 1.21103e+06
8 0.768895 0.179144 1.9978 1.21106e+06
8 0.775843 0.171229 2.00009 1.2111e+06
8 0.781045 0.17139 2.00653 1.21113e+06
8 0.787924 0.171848 2.01262 1.21117e+06
8 0.794042 0.17292 2.01937 1.2112e+06
8 0.799346 0.175519 2.02162 1.21124e+06
8 0.804552 0.176441 2.01531 1.21127e+06
8 0.808658 0.181145 2.0217 1.2113e+06
8 0.811375 0.186477 2.02174 1.21132e+06
8 0.812977 0.195384 2.02763 1.21137e+06
8 0.814088 0.203782 2.02526 1.21139e+06
8 0.814704 0.214991 2.02382 1.21142e+06
8 0.815161 0.222116 2.02609 1.21147e+06
8 0.813826 0.233399 2.02292 1.2115e+06
8 0.810424 0.243187 2.02013 1.21154e+06
8 0.806553 0.25371 2.02132 1.21157e+06
8 0.803168 0.261518 2.01856 1.2116e+06
8 0.798651 0.271362 2.00996 1.21164e+06
8 0.792761 0.278184 2.01408 1.21167e+06
8 0.7866 0.283637 2.00686 1.21169e+06
8 0.779394 0.293056 2.00243 1.21174e+06
8 0.772337 0.299736 1.99498 1.21177e+06
8 0.764666 0.305194 1.98733 1.21179e+06
8 0.757292 0.314333 1.98176 1.21184e+06
8 0.747924 0.319808 1.97713 1.21186e+06
8 0.739676 0.324677 1.97428 1.21189e+06
8 0.733246 0.328973 1.97297 1.21194e+06
8 0.726401 0.335349 1.97473 1.21196e+06
8 0.71981 0.342003 1.97538 1.21199e+06
8 0.714822 0.345951 1.97094 1.21202e+06
8 0.713456 0.348886 1.96979 1.21206e+06
8 0.708971 0.354368 1.96692 1.21209e+06
8 0.706457 0.360978 1.96767 1.21212e+06
8 0.704872 0.364511 1.97178 1.21216e+06
8 0.705689 0.370765 1.97646 1.21219e+06
8 0.708038 0.375523 1.98063 1.21222e+06
8 0.707229 0.380233 1.97824 1.21226e+06
8 0.71102 0.386743 1.98438 1.21229e+06
8 0.714537 0.391144 1.99088 1.21233e+06
8 0.718648 0.395394 1.99982 1.21236e+06
8 0.724217 0.398023 2.001 1.21239e+06
8 0.729198 0.400756 2.00337 1.21243e+06
8 0.73603 0.403147 2.01476 1.21246e+06
8 0.739907 0.403123 2.01583 1.2125e+06
8 0.745072 0.401856 2.02259 1.21253e+06
8 0.749918 0.402741 2.02719 1.21256e+06
8 0.754932 0.399488 2.0332 1.2126e+06
8 0.762306 0.395217 2.03878 1.21263e+06
8 0.767073 0.390472 2.04374 1.21266e+06
8 0.771168 0.385671 2.04478 1.2127e+06
8 0.775192 0.382198 2.05017 1.21273e+06
8 0.776493 0.373167 2.04526 1.21276e+06
8 0.780085 0.366361 2.05206 1.2128e+06
8 0.781297 0.357591 2.04727 1.21283e+06
8 0.781528 0.349836 2.05121 1.21287e+06
8 0.780938 0.338818 2.04633 1.2129e+06
8 0.778027 0.331204 2.0423 1.21293e+06
8 0.776689 0.323044 2.03618 1.21297e+06
8 0.775103 0.315227 2.03187 1.213e+06
8 0.772228 0.306504 2.03279 1.21303e+06
8 0.768565 0.299544 2.02999 1.21307e+06
8 0.764497 0.295854 2.01808 1.2131e+06
8 0.758455 0.287497 2.01411 1.21313e+06
8 0.754476 0.279024 2.00675 1.21316e+06
8 0.750202 0.274557 2.00606 1.2132e+06
8 0.744384 0.273337 1.99943 1.21323e+06
8 0.740521 0.265871 1.99318 1.21327e+06
8 0.735677 0.260646 1.98771 1.2133e+06
8 0.732859 0.257276 1.98809 1.21334e+06
8 0.731076 0.249449 1.98617 1.21337e+06
8 0.728657 0.246277 1.97999 1.2134e+06
8 0.727246 0.241495 1.98178 1.21344e+06
8 0.723388 0.235384 1.97924 1.21347e+06
8 0.720807 0.230627 1.97916 1.2135e+06
8 0.719696 0.228319 1.98066 1.21354e+06
8 0.720651 0.22491 1.97751 1.21357e+06
8 0.721751 0.221813 1.9808 1.2136e+06
8 0.72183 0.215577 1.9816 1.21364e+06
8 0.723127 0.208952 1.98029 1.21367e+06
8 0.723563 0.20435 1.98288 1.2137e+06
8 0.726743 0.201038 1.98693 1.21373e+06
8 0.730376 0.195057 1.98592 1.21377e+06
8 0.732335 0.19075 1.98666 1.2138e+06
8 0.733893 0.187671 1.99202 1.21384e+06
8 0.736561 0.183813 1.99864 1.21387e+06
8 0.738464 0.182108 1.99611 1.2139e+06
8 0.740735 0.180465 1.99572 1.21394e+06
8 0.74599 0.179916 2.00653 1.21397e+06
8 0.74757 0.178645 2.01289 1.214e+06

9 0.268832 0.207267 2.04031 1.21801e+06
9 0.269383 0.208499 2.03883 1.21804e+06
9 0.269531 0.209256 2.03867 1.21807e+06
9 0.268983 0.206243 2.03124 1.21811e+06
9 0.269622 0.20628 2.03383 1.21814e+06
9 0.270602 0.202644 2.02334 1.21817e+06
9 0.273096 0.200391 2.02197 1.21821e+06
9 0.278058 0.196989 2.02134 1.21824e+06
9 0.282052 0.194871 2.02066 1.21828e+06
9 0.288791 0.193081 2.0265 1.21831e+06
9 0.292688 0.192716 2.02777 1.21833e+06
9 0.297468 0.190185 2.02703 1.21838e+06
9 0.303718 0.190007 2.03043 1.21839e+06
9 0.308754 0.190055 2.03141 1.21843e+06
9 0.313369 0.192245 2.02953 1.21848e+06
9 0.319213 0.192196 2.03131 1.21849e+06
9 0.323715 0.194582 2.03356 1.21853e+06
9 0.328766 0.195053 2.03553 1.21858e+06
9 0.334266 0.200429 2.03514 1.21861e+06
9 0.335402 0.203956 2.03575 1.21864e+06
9 0.336222 0.206045 2.0353 1.21868e+06
9 0.336943 0.214962 2.03473 1.21871e+06
9 0.336886 0.220974 2.03589 1.21874e+06
9 0.336539 0.227704 2.02773 1.21876e+06
9 0.335505 0.230766 2.0288 1.21881e+06
9 0.335509 0.237696 2.03161 1.21884e+06
9 0.332477 0.250096 2.02406 1.21886e+06
9 0.329322 0.25872 2.02345 1.2189e+06
9 0.324546 0.271378 2.02279 1.21894e+06
9 0.322012 0.278787 2.02227 1.21896e+06
9 0.317861 0.283419 2.01228 1.219e+06
9 0.314042 0.291294 2.01598 1.21903e+06
9 0.308048 0.296813 2.01396 1.21906e+06
9 0.304133 0.300857 2.01279 1.2191e+06
9 0.301014 0.303708 2.00958 1.21913e+06
9 0.298502 0.311315 2.00968 1.21917e+06
9 0.293682 0.318368 2.01601 1.2192e+06
9 0.289337 0.325148 2.01878 1.21923e+06
9 0.286483 0.333218 2.01611 1.21927e+06
9 0.282099 0.338141 2.02034 1.2193e+06
9 0.277809 0.346528 2.0195 1.21933e+06
9 0.276134 0.353379 2.02766 1.21936e+06
9 0.274302 0.360009 2.02752 1.2194e+06
9 0.273411 0.366048 2.03213 1.21943e+06
9 0.275928 0.371868 2.03471 1.21947e+06
9 0.279612 0.379255 2.02887 1.2195e+06
9 0.281355 0.38239 2.03486 1.21953e+06
9 0.283203 0.3871 2.03578 1.21957e+06
9 0.28711 0.391599 2.04141 1.2196e+06
9 0.289971 0.397922 2.04663 1.21963e+06
9 0.293454 0.400588 2.04208 1.21966e+06
9 0.297262 0.405416 2.05196 1.2197e+06
9 0.302415 0.409269 2.05373 1.21973e+06
9 0.310151 0.410949 2.06091 1.21977e+06
9 0.318841 0.41319 2.06711 1.2198e+06
9 0.325376 0.413225 2.07246 1.21983e+06
9 0.329683 0.411848 2.07746 1.21987e+06
9 0.336499 0.40687 2.07906 1.2199e+06
9 0.341491 0.405295 2.08344 1.21993e+06
9 0.346682 0.401601 2.09259 1.21996e+06
9 0.349653 0.399304 2.09125 1.22e+06
9 0.353398 0.390942 2.09058 1.22003e+06
9 0.353992 0.383797 2.08937 1.22006e+06
9 0.353984 0.37554 2.08571 1.2201e+06
9 0.353451 0.366775 2.07957 1.22013e+06
9 0.353164 0.361246 2.07263 1.22016e+06
9 0.351591 0.350122 2.06713 1.2202e+06
9 0.348906 0.343969 2.06332 1.22023e+06
9 0.345637 0.336816 2.05965 1.22027e+06
9 0.342076 0.329513 2.05519 1.2203e+06
9 0.339065 0.323476 2.04979 1.22033e+06
9 0.333227 0.319677 2.04904 1.22037e+06
9 0.329178 0.312507 2.03882 1.2204e+06
9 0.326065 0.308429 2.03688 1.22043e+06
9 0.321996 0.305427 2.04332 1.22047e+06
9 0.317289 0.297547 2.03539 1.2205e+06
9 0.311193 0.290221 2.02425 1.22053e+06
9 0.30615 0.286035 2.01597 1.22057e+06
9 0.302804 0.279771 2.0256 1.2206e+06
9 0.300221 0.275729 2.02602 1.22063e+06
9 0.296573 0.271089 2.01875 1.22067e+06
9 0.292481 0.268604 2.01287 1.2207e+06
9 0.291912 0.267968 2.01551 1.22073e+06
9 0.288447 0.261859 2.01371 1.22077e+06
9 0.287027 0.256193 2.01362 1.2208e+06
9 0.286219 0.252732 2.01429 1.22084e+06
9 0.284881 0.247101 2.01336 1.22087e+06
9 0.283898 0.241057 2.01742 1.2209e+06
9 0.282524 0.235833 2.02109 1.22094e+06
9 0.282758 0.233527 2.0229 1.22097e+06
9 0.28293 0.231435 2.02509 1.221e+06
9 0.282821 0.230921 2.02625 1.22104e+06
9 0.28237 0.224039 2.02734 1.22107e+06
9 0.282363 0.218715 2.02931 1.22110e+06
9 0.282177 0.215243 2.03271 1.22114e+06
9 0.282417 0.213319 2.03392 1.22117e+06
9 0.282286 0.212438 2.03495 1.22120e+06
9 0.28347 0.210943 2.03448 1.22124e+06
9 0.284421 0.210578 2.03267 1.22127e+06
9 0.283182 0.205048 2.03375 1.22130e+06
9 0.283227 0.199876 2.03008 1.22134e+06

