Gesto: 8
0 0.222788 0.24299 1.83759 657746
0 0.219126 0.242112 1.84058 657779
0 0.217618 0.241783 1.83654 657813
0 0.215989 0.240836 1.83698 657847
0 0.214507 0.242677 1.83615 657881
0 0.213142 0.243486 1.83993 657914
0 0.212513 0.243744 1.84249 657947
0 0.210703 0.247556 1.84214 657980
0 0.208531 0.25006 1.84384 658014
0 0.207054 0.252585 1.84038 658047
0 0.205944 0.253508 1.84046 658081
0 0.206556 0.253563 1.83617 658114
0 0.206772 0.259873 1.83577 658147
0 0.210399 0.264322 1.83938 658180
0 0.212481 0.264819 1.83318 658213
0 0.214629 0.264257 1.83472 658246
0 0.216006 0.262098 1.82889 658279
0 0.2184 0.261487 1.83005 658313
0 0.222143 0.261917 1.82994 658347
0 0.225389 0.260128 1.82953 658380
0 0.229182 0.261378 1.82945 658413
0 0.233564 0.263229 1.82486 658446
0 0.236653 0.263311 1.82433 658479
0 0.238509 0.263665 1.8233 658513
0 0.239585 0.264134 1.82312 658547
0 0.242666 0.2666 1.82437 658579
0 0.246766 0.270354 1.82642 658613
0 0.247876 0.275253 1.82613 658647
0 0.246987 0.277808 1.82447 658680
0 0.247216 0.282768 1.81992 658713
0 0.246049 0.286211 1.82029 658747
0 0.244712 0.289472 1.81727 658781
0 0.243501 0.290254 1.81783 658815
0 0.240795 0.290875 1.81649 658849
0 0.238174 0.290488 1.81419 658882
0 0.234085 0.291087 1.81484 658916
0 0.231977 0.291741 1.81736 658950
0 0.230309 0.291966 1.82177 658983
0 0.226806 0.291721 1.82452 659016
0 0.224395 0.290884 1.82658 659049
0 0.223323 0.289538 1.82655 659084
0 0.220963 0.283513 1.82483 659117
0 0.218641 0.279188 1.82578 659151
0 0.220197 0.275686 1.82449 659185
0 0.220517 0.270519 1.82712 659219
0 0.223611 0.26677 1.82722 659253
0 0.225611 0.26306 1.82861 659287
0 0.227649 0.259494 1.83165 659319
0 0.229343 0.25781 1.83424 659353
0 0.231705 0.256285 1.83495 659385
0 0.234479 0.252972 1.83246 659418
0 0.237738 0.250309 1.8263 659452
0 0.23928 0.246578 1.82657 659485
0 0.240303 0.243433 1.8268 659517
0 0.240666 0.241662 1.82856 659549
0 0.24179 0.239888 1.82987 659580

1 0.286027 0.222747 1.86033 669395
1 0.285687 0.22353 1.86529 669428
1 0.283278 0.224937 1.86145 669462
1 0.282195 0.225676 1.85725 669497
1 0.281567 0.228854 1.85587 669531
1 0.28086 0.227634 1.85846 669564
1 0.278517 0.232008 1.8547 669597
1 0.278766 0.234185 1.85017 669630
1 0.277698 0.236016 1.84778 669664
1 0.277591 0.237423 1.84427 669697
1 0.277701 0.238077 1.84298 669730
1 0.279296 0.243683 1.84337 669763
1 0.280391 0.244345 1.84651 669795
1 0.281076 0.244832 1.84403 669828
1 0.281903 0.24833 1.84057 669861
1 0.285487 0.252523 1.83858 669895
1 0.288024 0.254394 1.83825 669928
1 0.289473 0.255335 1.83833 669961
1 0.290239 0.256228 1.83944 669995
1 0.291776 0.25841 1.8324 670029
1 0.297043 0.264621 1.83147 670063
1 0.298773 0.268633 1.83294 670097
1 0.297175 0.276781 1.83584 670130
1 0.296921 0.281702 1.83649 670162
1 0.295805 0.284124 1.83666 670195
1 0.293306 0.286822 1.83689 670228
1 0.291857 0.288808 1.83848 670261
1 0.288537 0.288216 1.83896 670295
1 0.287119 0.284463 1.84033 670326
1 0.283116 0.279741 1.83732 670359
1 0.283405 0.274967 1.83801 670392
1 0.283047 0.26944 1.83887 670425
1 0.283439 0.266218 1.83612 670456
1 0.286437 0.264117 1.83565 670490
1 0.288074 0.26103 1.83796 670525
1 0.289246 0.25945 1.83804 670559
1 0.291255 0.256874 1.8377 670593
1 0.29328 0.254338 1.83862 670627
1 0.294925 0.250716 1.83696 670660
1 0.295378 0.247916 1.83696 670693
1 0.298786 0.244956 1.83816 670725
1 0.298322 0.244079 1.84083 670758
1 0.300343 0.241897 1.8429 670792
1 0.299279 0.241497 1.8475 670824
1 0.300025 0.23979 1.85119 670858
1 0.300665 0.238969 1.85148 670890
1 0.300504 0.238475 1.85385 670922
1 0.299924 0.238346 1.85464 670954
1 0.297662 0.237166 1.84945 670987
1 0.296342 0.235882 1.84743 671022
1 0.295095 0.234538 1.84945 671054
1 0.293048 0.235286 1.85173 671088
1 0.290904 0.235915 1.85235 671121

2 0.337207 0.240349 1.85683 673829
2 0.336453 0.241448 1.85162 673862
2 0.334581 0.244446 1.8545 673895
2 0.334144 0.246836 1.85568 673927
2 0.334151 0.245696 1.85261 673960
2 0.332201 0.242377 1.84652 673993
2 0.331952 0.244536 1.84923 674026
2 0.332247 0.24675 1.85065 674058
2 0.332945 0.248545 1.84805 674092
2 0.332299 0.250459 1.8483 674126
2 0.332184 0.25221 1.84275 674159
2 0.332807 0.251874 1.84359 674192
2 0.33263 0.25267 1.84044 674225
2 0.333096 0.256217 1.83606 674259
2 0.333669 0.258589 1.83599 674293
2 0.337147 0.263296 1.83667 674327
2 0.340632 0.266219 1.83648 674361
2 0.344141 0.267453 1.836 674396
2 0.346108 0.269043 1.83344 674429
2 0.347244 0.269621 1.83296 674463
2 0.349394 0.273083 1.83087 674497
2 0.353022 0.276355 1.83627 674529
2 0.355795 0.282432 1.83553 674561
2 0.357982 0.284931 1.83411 674594
2 0.360197 0.288742 1.83296 674626
2 0.363679 0.292107 1.82577 674660
2 0.363142 0.297618 1.82378 674694
2 0.363268 0.300822 1.82487 674726
2 0.364955 0.30538 1.82464 674759
2 0.366258 0.309304 1.82557 674793
2 0.364114 0.315237 1.82139 674826
2 0.362024 0.318824 1.82031 674859
2 0.360066 0.32186 1.81922 674891
2 0.358999 0.328623 1.82016 674925
2 0.359409 0.332568 1.81927 674959
2 0.353733 0.33137 1.81884 674993
2 0.348402 0.331212 1.82041 675026
2 0.345757 0.330582 1.81676 675058
2 0.342672 0.328982 1.81527 675091
2 0.338434 0.325875 1.81347 675125
2 0.335573 0.32346 1.81644 675157
2 0.335188 0.321543 1.81841 675191
2 0.334841 0.314889 1.81272 675225
2 0.335857 0.30967 1.80832 675259
2 0.339409 0.303048 1.80993 675292
2 0.341441 0.300018 1.81026 675326
2 0.345595 0.298121 1.81758 675360
2 0.350803 0.295832 1.8199 675394
2 0.353614 0.29386 1.8208 675428
2 0.356576 0.288832 1.81815 675461
2 0.358293 0.285006 1.81943 675495
2 0.361558 0.282128 1.81681 675528
2 0.361611 0.27885 1.81892 675562
2 0.36487 0.277291 1.82127 675595
2 0.366715 0.276631 1.82059 675629
2 0.364654 0.271362 1.81516 675663
2 0.363209 0.26713 1.81712 675696
2 0.361192 0.262715 1.82336 675729
2 0.36066 0.259117 1.82332 675762
2 0.359102 0.257945 1.82229 675796
2 0.35883 0.256434 1.82803 675829
2 0.358082 0.255184 1.8339 675862
2 0.356651 0.251418 1.83506 675896
2 0.351363 0.246879 1.83376 675929
2 0.348365 0.24252 1.835 675962
2 0.345421 0.241206 1.83702 675995
2 0.344858 0.239072 1.83945 676027
2 0.340694 0.237382 1.84046 676061
2 0.337789 0.235878 1.84467 676095
2 0.334623 0.235401 1.84589 676129
2 0.333413 0.235411 1.84321 676161

3 0.404504 0.247608 1.82725 678935
3 0.403293 0.24529 1.82872 678967
3 0.401373 0.246265 1.82044 679000
3 0.401754 0.245837 1.82035 679033
3 0.400364 0.245053 1.82515 679066
3 0.397951 0.24359 1.82267 679098
3 0.39547 0.245383 1.82328 679130
3 0.394325 0.246674 1.8242 679164
3 0.392143 0.247635 1.8215 679196
3 0.390082 0.251316 1.817 679230
3 0.388357 0.249913 1.81711 679265
3 0.387803 0.249723 1.80786 679298
3 0.387107 0.251871 1.80555 679331
3 0.38653 0.257005 1.80769 679365
3 0.386943 0.261262 1.80311 679399
3 0.386772 0.263206 1.79778 679433
3 0.389347 0.267231 1.80322 679466
3 0.388694 0.270532 1.80296 679500
3 0.391656 0.271784 1.80868 679534
3 0.394344 0.271924 1.81087 679567
3 0.395806 0.272325 1.81257 679600
3 0.398049 0.272254 1.81673 679633
3 0.40203 0.273555 1.8166 679667
3 0.404239 0.274357 1.81772 679701
3 0.405476 0.275048 1.81785 679734
3 0.407599 0.277265 1.81717 679769
3 0.409482 0.278073 1.82009 679803
3 0.410467 0.282972 1.81758 679837
3 0.40882 0.287533 1.81338 679870
3 0.410194 0.294647 1.81946 679902
3 0.409944 0.29947 1.82135 679937
3 0.409452 0.302845 1.82192 679970
3 0.405363 0.304275 1.8187 680002
3 0.401463 0.305357 1.81649 680036
3 0.399031 0.306195 1.81217 680070
3 0.396119 0.307277 1.81229 680104
3 0.391875 0.303926 1.80551 680138
3 0.388054 0.29905 1.80038 680172
3 0.38661 0.295616 1.80157 680205
3 0.385842 0.292937 1.80128 680239
3 0.384849 0.286393 1.80072 680272
3 0.383961 0.281212 1.8013 680306
3 0.384849 0.277777 1.79987 680339
3 0.385543 0.272674 1.79902 680373
3 0.388277 0.268388 1.80327 680407
3 0.390699 0.265923 1.80613 680440
3 0.392516 0.263047 1.80749 680474
3 0.393624 0.260359 1.81236 680507
3 0.395377 0.258568 1.81626 680539
3 0.396321 0.25418 1.82054 680572
3 0.396983 0.250769 1.82191 680606
3 0.397347 0.24893 1.82298 680640
3 0.395985 0.246127 1.82566 680673
3 0.395137 0.244015 1.82865 680707
3 0.394261 0.242441 1.83021 680741
3 0.393823 0.241412 1.83152 680759
3 0.39359 0.240839 1.83192 680810
3 0.393617 0.241039 1.82941 680826
3 0.39356 0.240823 1.82865 680860
3 0.393652 0.239518 1.83157 680910

4 0.437392 0.244185 1.80275 683663
4 0.435657 0.243607 1.80119 683698
4 0.434219 0.245036 1.79606 683731
4 0.43378 0.244799 1.79822 683765
4 0.433549 0.244741 1.79958 683799
4 0.430338 0.246745 1.8002 683833
4 0.431421 0.246674 1.80033 683865
4 0.430603 0.248135 1.80257 683899
4 0.428194 0.249029 1.80267 683932
4 0.426886 0.252592 1.80083 683965
4 0.42658 0.255009 1.79891 683998
4 0.426409 0.256138 1.79771 684032
4 0.426572 0.257537 1.79426 684066
4 0.426892 0.258297 1.79408 684099
4 0.429889 0.259784 1.79269 684133
4 0.431361 0.260943 1.79252 684167
4 0.433198 0.263305 1.79395 684201
4 0.437409 0.264251 1.79626 684234
4 0.44045 0.269016 1.79859 684267
4 0.44357 0.271463 1.80282 684300
4 0.445293 0.273466 1.80303 684334
4 0.445662 0.275522 1.80011 684366
4 0.447858 0.274355 1.79747 684400
4 0.44851 0.277168 1.79762 684434
4 0.451257 0.279408 1.79596 684466
4 0.453235 0.281434 1.80261 684499
4 0.455379 0.286616 1.80439 684533
4 0.45673 0.289962 1.80135 684567
4 0.45739 0.292589 1.79974 684602
4 0.457319 0.299232 1.79651 684634
4 0.457473 0.303682 1.79782 684667
4 0.452107 0.306437 1.79704 684699
4 0.449085 0.308052 1.79649 684732
4 0.446816 0.309732 1.7938 684765
4 0.442668 0.308885 1.79286 684798
4 0.439308 0.308649 1.78902 684832
4 0.436539 0.308872 1.78864 684865
4 0.432664 0.308043 1.78801 684900
4 0.432827 0.303387 1.78513 684934
4 0.432972 0.299273 1.78565 684968
4 0.432957 0.297131 1.78599 685000
4 0.433938 0.295214 1.78793 685034
4 0.435113 0.290859 1.78508 685067
4 0.435737 0.287189 1.78612 685102
4 0.435864 0.282583 1.78355 685135
4 0.440486 0.279574 1.78545 685168
4 0.442722 0.27847 1.78625 685200
4 0.444916 0.276639 1.79322 685234
4 0.446753 0.273133 1.79277 685267
4 0.446165 0.269044 1.79044 685300
4 0.447564 0.266699 1.78996 685332
4 0.449644 0.265166 1.79416 685366
4 0.449283 0.264855 1.80093 685399
4 0.448437 0.263116 1.7998 685433
4 0.449642 0.260792 1.79813 685467
4 0.44916 0.259099 1.8004 685500
4 0.448676 0.257729 1.80245 685533
4 0.446881 0.254268 1.80204 685567
4 0.446339 0.25013 1.80164 685601
4 0.444684 0.247128 1.80152 685633
4 0.444394 0.245048 1.80768 685667
4 0.443784 0.244204 1.80662 685700
4 0.441257 0.242267 1.80761 685733
4 0.439248 0.240388 1.81249 685766
4 0.437308 0.239843 1.81592 685799
4 0.435902 0.239717 1.81557 685831

5 0.498459 0.253307 1.78872 694971
5 0.496602 0.251535 1.78909 695023
5 0.494562 0.251278 1.78831 695040
5 0.493449 0.251132 1.78793 695073
5 0.490684 0.250676 1.78903 695107
5 0.488994 0.250781 1.79042 695140
5 0.487282 0.252388 1.78901 695173
5 0.485967 0.253514 1.78588 695206
5 0.484492 0.257143 1.78713 695240
5 0.480418 0.259503 1.77903 695274
5 0.476209 0.261156 1.77746 695309
5 0.477521 0.264499 1.77664 695342
5 0.477135 0.267009 1.77595 695376
5 0.476258 0.268967 1.77125 695410
5 0.475937 0.27258 1.77177 695443
5 0.479181 0.276187 1.77248 695476
5 0.482235 0.276977 1.76992 695509
5 0.482591 0.278402 1.76772 695543
5 0.487028 0.280113 1.77135 695576
5 0.491718 0.280761 1.77221 695610
5 0.494315 0.281561 1.77162 695643
5 0.498112 0.286077 1.77556 695676
5 0.502893 0.290117 1.77849 695711
5 0.50593 0.293042 1.77635 695744
5 0.509207 0.296902 1.7757 695777
5 0.510109 0.303164 1.77708 695810
5 0.509276 0.308095 1.7728 695843
5 0.50943 0.315898 1.77519 695877
5 0.507685 0.321111 1.77323 695910
5 0.506003 0.324521 1.77657 695944
5 0.50096 0.326124 1.77346 695977
5 0.497774 0.326486 1.77405 696011
5 0.49346 0.323161 1.7724 696044
5 0.48963 0.318199 1.76937 696078
5 0.488249 0.311524 1.76386 696111
5 0.489042 0.305883 1.76534 696144
5 0.489931 0.300378 1.77005 696177
5 0.49363 0.29301 1.76956 696211
5 0.495506 0.288747 1.76595 696243
5 0.497835 0.284287 1.76436 696277
5 0.501781 0.281995 1.76696 696312
5 0.504499 0.275297 1.76562 696345
5 0.507159 0.268084 1.76069 696378
5 0.508172 0.265453 1.76261 696411
5 0.508292 0.26126 1.76279 696443
5 0.508934 0.258208 1.76578 696476
5 0.510754 0.256075 1.76957 696509

6 0.557342 0.266471 1.73342 699418
6 0.556387 0.262216 1.72999 699451
6 0.556225 0.259149 1.72684 699485
6 0.554198 0.257421 1.72659 699518
6 0.550013 0.257249 1.72626 699551
6 0.547194 0.257802 1.72219 699584
6 0.545803 0.258123 1.72166 699618
6 0.545039 0.258752 1.71932 699651
6 0.54029 0.260986 1.71678 699684
6 0.537571 0.262793 1.71051 699717
6 0.53458 0.267699 1.7087 699751
6 0.532948 0.271104 1.70653 699783
6 0.53207 0.273575 1.70218 699816
6 0.533262 0.276212 1.69599 699848
6 0.534021 0.278115 1.69021 699882
6 0.539655 0.281201 1.69254 699915
6 0.545555 0.284747 1.69679 699947
6 0.550319 0.287577 1.69674 699980
6 0.554318 0.290562 1.69809 700013
6 0.556251 0.293242 1.6973 700046
6 0.557583 0.299191 1.69933 700079
6 0.558114 0.303542 1.70217 700112
6 0.558277 0.306459 1.70202 700145
6 0.557252 0.307346 1.69973 700178
6 0.551395 0.307814 1.69748 700211
6 0.548413 0.308921 1.69883 700245
6 0.545541 0.308035 1.7015 700278
6 0.541211 0.306346 1.69861 700311
6 0.537659 0.302056 1.69833 700344
6 0.534661 0.29761 1.69768 700376
6 0.532748 0.294127 1.6964 700425
6 0.533185 0.288303 1.69684 700458
6 0.532434 0.282562 1.69614 700490
6 0.533271 0.277937 1.69607 700523
6 0.536774 0.272054 1.6985 700556
6 0.541345 0.268568 1.70091 700589
6 0.542664 0.264724 1.69993 700623
6 0.547702 0.261311 1.70516 700655
6 0.552114 0.256389 1.70932 700689
6 0.555526 0.25257 1.71143 700721
6 0.558511 0.248388 1.71323 700755
6 0.560715 0.245493 1.71383 700789
6 0.561897 0.243897 1.71323 700822
6 0.562047 0.242798 1.71507 700857
6 0.560129 0.241054 1.7202 700890
6 0.560049 0.239482 1.72464 700922

7 0.581573 0.280129 1.71126 702592
7 0.579059 0.281052 1.70733 702625
7 0.577609 0.281579 1.70311 702658
7 0.57776 0.281406 1.69965 702691
7 0.576737 0.281199 1.69791 702725
7 0.574921 0.279799 1.69443 702758
7 0.574994 0.279349 1.69642 702792
7 0.593981 0.257119 1.70982 705392
7 0.594686 0.258947 1.71372 705425
7 0.592932 0.259534 1.70943 705459
7 0.592345 0.259065 1.70918 705491
7 0.590095 0.259437 1.70396 705526
7 0.586369 0.261004 1.70235 705560
7 0.582747 0.261217 1.7006 705593
7 0.579852 0.261143 1.69571 705628
7 0.579703 0.262916 1.6939 705661
7 0.579122 0.268147 1.6929 705693
7 0.579255 0.272145 1.69279 705726
7 0.579369 0.27454 1.69261 705759
7 0.57963 0.274926 1.69382 705794
7 0.581997 0.277063 1.69364 705827
7 0.585139 0.276831 1.69132 705860
7 0.589046 0.278032 1.69117 705893
7 0.592202 0.28209 1.69519 705927
7 0.595436 0.285965 1.69603 705960
7 0.598696 0.288493 1.69426 705993
7 0.602466 0.29163 1.69532 706026
7 0.602728 0.298018 1.69574 706061
7 0.604089 0.304281 1.69489 706096
7 0.603404 0.308298 1.68959 706130
7 0.60227 0.313962 1.68682 706163
7 0.600256 0.318059 1.68428 706179
7 0.597268 0.319717 1.67996 706230
7 0.593209 0.321459 1.6752 706247
7 0.588874 0.322621 1.6725 706280
7 0.58457 0.322593 1.66722 706331
7 0.580229 0.32279 1.6643 706347
7 0.577816 0.323309 1.665 706398
7 0.575419 0.319036 1.66038 706432
7 0.575135 0.315505 1.65975 706448
7 0.572192 0.312472 1.65929 706498
7 0.572547 0.307567 1.65999 706531
7 0.57421 0.302347 1.65966 706548
7 0.575717 0.299335 1.65853 706598
7 0.578075 0.296265 1.65908 706630
7 0.581393 0.294775 1.66461 706663
7 0.584834 0.294113 1.66554 706697
7 0.585637 0.290033 1.66648 706731
7 0.588174 0.28718 1.66845 706749
7 0.591666 0.284033 1.66898 706797
7 0.593794 0.281545 1.67126 706829
7 0.595438 0.280309 1.67172 706861
7 0.597605 0.278697 1.67248 706894
7 0.596764 0.278072 1.6732 706928
7 0.597131 0.277857 1.67912 706962
7 0.598929 0.274026 1.68227 706995
7 0.598369 0.269691 1.68078 707029
7 0.59718 0.266062 1.68022 707062
7 0.593828 0.263635 1.68064 707096
7 0.592015 0.262138 1.68321 707129
7 0.591324 0.261666 1.6857 707162
7 0.591002 0.260811 1.69009 707195

8 0.64852 0.261684 1.67796 722795
8 0.648682 0.261676 1.67545 722828
8 0.644143 0.26141 1.67466 722878
8 0.641886 0.2596 1.6706 722911
8 0.640014 0.258292 1.66402 722927
8 0.636224 0.257666 1.6596 722976
8 0.633164 0.260042 1.66265 723010
8 0.629837 0.261949 1.66257 723027
8 0.627123 0.263783 1.66334 723075
8 0.62502 0.265359 1.6586 723109
8 0.623825 0.266229 1.65469 723142
8 0.623232 0.266735 1.65353 723176
8 0.622806 0.267318 1.65031 723209
8 0.624433 0.268877 1.6509 723242
8 0.627992 0.270556 1.65029 723276
8 0.631276 0.274792 1.65164 723310
8 0.634433 0.27704 1.64844 723343
8 0.637423 0.278918 1.64925 723377
8 0.641078 0.280242 1.65201 723410
8 0.643968 0.286579 1.65635 723444
8 0.645031 0.291827 1.65206 723477
8 0.646647 0.299087 1.65114 723494
8 0.645886 0.301693 1.64475 723543
8 0.642121 0.304859 1.64358 723578
8 0.639719 0.306879 1.64526 723612
8 0.635864 0.309522 1.64519 723645
8 0.631101 0.309689 1.64569 723677
8 0.628715 0.306033 1.64323 723710
8 0.627086 0.304226 1.64282 723743
8 0.626011 0.300541 1.64295 723777
8 0.625041 0.296311 1.6371 723812
8 0.625313 0.293109 1.63334 723845
8 0.627276 0.293492 1.63845 723878
8 0.630456 0.289742 1.63647 723895
8 0.633357 0.28619 1.63527 723946
8 0.634826 0.283999 1.63533 723963
8 0.637784 0.282778 1.63928 723996
8 0.642945 0.281844 1.64118 724031
8 0.646504 0.276828 1.64118 724064
8 0.648519 0.275052 1.64184 724097
8 0.650428 0.271999 1.64143 724132
8 0.6511 0.270052 1.64204 724165
8 0.650671 0.267582 1.6466 724198
8 0.650771 0.263821 1.64656 724232
8 0.650909 0.259193 1.64591 724265
8 0.648413 0.256113 1.64733 724299
8 0.648306 0.253263 1.64753 724333

9 0.698695 0.272451 1.62263 728047
9 0.698006 0.272369 1.62281 728080
9 0.697608 0.269978 1.6206 728114
9 0.69621 0.268319 1.61703 728146
9 0.69413 0.265038 1.61182 728180
9 0.69137 0.261837 1.60742 728213
9 0.685209 0.260628 1.60514 728246
9 0.68107 0.259934 1.60125 728279
9 0.67746 0.260106 1.59644 728311
9 0.672468 0.260698 1.59112 728343
9 0.66712 0.261855 1.58538 728375
9 0.664231 0.262981 1.58185 728408
9 0.664034 0.265253 1.58326 728441
9 0.663673 0.269956 1.58139 728475
9 0.663195 0.273212 1.57898 728508
9 0.662251 0.275633 1.57527 728541
9 0.664527 0.280287 1.57539 728575
9 0.668504 0.279873 1.57682 728609
9 0.671692 0.283178 1.58039 728642
9 0.6777 0.285853 1.58547 728675
9 0.681135 0.288034 1.58703 728708
9 0.683938 0.288446 1.58489 728741
9 0.689641 0.29076 1.58878 728774
9 0.69468 0.29293 1.59433 728807
9 0.698648 0.298116 1.59521 728840
9 0.701468 0.306711 1.59873 728872
9 0.702293 0.312804 1.59705 728905
9 0.703251 0.321656 1.5975 728939
9 0.703118 0.327786 1.59739 728971
9 0.70162 0.33641 1.59631 729005
9 0.699254 0.343259 1.59524 729038
9 0.694781 0.346983 1.5888 729071
9 0.690702 0.353511 1.58757 729105
9 0.685946 0.357687 1.58261 729138
9 0.68137 0.35676 1.57605 729171
9 0.676391 0.354623 1.57053 729203
9 0.673399 0.353217 1.56742 729235
9 0.67013 0.350449 1.5667 729286
9 0.66967 0.344838 1.56157 729302
9 0.669791 0.340504 1.55939 729337
9 0.669768 0.337562 1.56238 729370
9 0.670177 0.331939 1.56144 729405
9 0.671884 0.326131 1.56121 729438
9 0.672827 0.322594 1.55989 729471
9 0.676093 0.316596 1.56322 729503
9 0.679476 0.312467 1.56719 729537
9 0.6826 0.309038 1.56954 729571
9 0.686065 0.307108 1.57344 729604
9 0.690991 0.302863 1.57945 729637
9 0.69409 0.300151 1.58181 729670
9 0.69653 0.297818 1.5866 729703
9 0.697468 0.294286 1.58702 729736
9 0.698274 0.288888 1.58945 729769
9 0.698812 0.28748 1.59117 729803
9 0.69929 0.283713 1.59434 729837
9 0.700763 0.279965 1.59603 729871
9 0.700623 0.276377 1.59698 729904
9 0.700314 0.273614 1.59978 729937
9 0.698979 0.270397 1.60037 729972
9 0.698268 0.265957 1.60178 730003
9 0.696623 0.262602 1.60527 730036
9 0.696239 0.259853 1.61427 730069

