Gesto: 8
0 0.663629 0.350256 2.20089 481347
0 0.66078 0.351301 2.21155 481380
0 0.659183 0.350649 2.21977 481413
0 0.656242 0.352973 2.21088 481446
0 0.652699 0.352526 2.2092 481479
0 0.64594 0.352583 2.20096 481511
0 0.637736 0.352115 2.18762 481543
0 0.631965 0.350312 2.18349 481576
0 0.624078 0.3452 2.17251 481610
0 0.618286 0.33966 2.16891 481643
0 0.608634 0.335112 2.15712 481677
0 0.59865 0.32403 2.14664 481710
0 0.589752 0.311147 2.13931 481743
0 0.582244 0.297634 2.13139 481776
0 0.576082 0.282255 2.12276 481810
0 0.571725 0.270721 2.11672 481844
0 0.569059 0.255616 2.11179 481878
0 0.567667 0.238182 2.11156 481911
0 0.568842 0.223275 2.11266 481945
0 0.570138 0.210574 2.11238 481979
0 0.576064 0.196091 2.11367 482012
0 0.583345 0.186123 2.11925 482046
0 0.591393 0.179901 2.12389 482079
0 0.604096 0.171237 2.13074 482112
0 0.613955 0.166009 2.14273 482145
0 0.623733 0.162957 2.14548 482177
0 0.636766 0.159529 2.15935 482209
0 0.646102 0.163642 2.16687 482242
0 0.656091 0.167671 2.18048 482274
0 0.664483 0.175625 2.18589 482306
0 0.674333 0.182244 2.19882 482339
0 0.682448 0.192116 2.2063 482372
0 0.69197 0.20437 2.21742 482406
0 0.697203 0.216476 2.21695 482439
0 0.702017 0.229204 2.21854 482472
0 0.704318 0.244901 2.21651 482506
0 0.704308 0.261139 2.22185 482540
0 0.701039 0.275832 2.21843 482574
0 0.698612 0.291219 2.21844 482607
0 0.693968 0.30705 2.21518 482640
0 0.686051 0.318503 2.20152 482688
0 0.68073 0.330413 2.20698 482722
0 0.673094 0.345193 2.2104 482739
0 0.665823 0.356661 2.21402 482789
0 0.654151 0.369086 2.22107 482805
0 0.649017 0.378528 2.22298 482837
0 0.639182 0.389933 2.22251 482887
0 0.632435 0.399067 2.22809 482921
0 0.627653 0.413346 2.24051 482937
0 0.62141 0.426603 2.25317 482988
0 0.616348 0.435774 2.26402 483022
0 0.609619 0.449214 2.26754 483038
0 0.604966 0.458492 2.27365 483087
0 0.603303 0.470403 2.29109 483120
0 0.604094 0.483408 2.31636 483137
0 0.604941 0.493217 2.33898 483188
0 0.607485 0.507834 2.36184 483221
0 0.609351 0.515089 2.37831 483238
0 0.618232 0.520805 2.39073 483287
0 0.625642 0.527182 2.40774 483320
0 0.633364 0.525769 2.42208 483353
0 0.640348 0.53056 2.43021 483387
0 0.650354 0.529158 2.44952 483420
0 0.661662 0.52747 2.46127 483438
0 0.669419 0.526239 2.46932 483488
0 0.682579 0.522976 2.48184 483521
0 0.691507 0.518122 2.48199 483538
0 0.700575 0.513158 2.48111 483588
0 0.712799 0.508484 2.48191 483605
0 0.721691 0.500772 2.47752 483638
0 0.731409 0.493212 2.47385 483688
0 0.739355 0.482927 2.47526 483705
0 0.746994 0.473136 2.45818 483737
0 0.752457 0.462736 2.43369 483787
0 0.760828 0.454712 2.40829 483821
0 0.766326 0.441482 2.39202 483854
0 0.7684 0.434234 2.3737 483887
0 0.769338 0.425131 2.35265 483920
0 0.768493 0.414978 2.33874 483953
0 0.765837 0.409301 2.32422 483987
0 0.764541 0.401201 2.30191 484022
0 0.762138 0.394228 2.28439 484054
0 0.754482 0.393277 2.2649 484087
0 0.748322 0.389121 2.2557 484122
0 0.74328 0.386643 2.24709 484155
0 0.737478 0.386556 2.23996 484189
0 0.731172 0.381923 2.2344 484206
0 0.72573 0.376646 2.21881 484256
0 0.718153 0.372952 2.20848 484274
0 0.711369 0.370325 2.20684 484306
0 0.705798 0.36764 2.20719 484357
0 0.700219 0.367033 2.20326 484374
0 0.692066 0.363911 2.19782 484408
0 0.685823 0.360316 2.19106 484442
0 0.678207 0.356619 2.18419 484476
0 0.674104 0.354224 2.17568 484510
0 0.668015 0.352188 2.1758 484544
0 0.663403 0.35001 2.17483 484577
0 0.659054 0.34978 2.17538 484611
0 0.655942 0.348095 2.17857 484644
0 0.653375 0.347301 2.17674 484678

1 0.413992 0.205838 2.2484 492356
1 0.409862 0.205121 2.24946 492389
1 0.406847 0.197902 2.24998 492422
1 0.408189 0.190036 2.25278 492456
1 0.410888 0.183919 2.25659 492489
1 0.412855 0.172485 2.25693 492523
1 0.414947 0.162133 2.26292 492556
1 0.422941 0.155544 2.26988 492590
1 0.429397 0.142563 2.28442 492623
1 0.437463 0.135187 2.29089 492657
1 0.448345 0.130073 2.29667 492691
1 0.458936 0.12871 2.30727 492725
1 0.467945 0.135276 2.30953 492759
1 0.477901 0.140221 2.31452 492791
1 0.48465 0.151057 2.31208 492824
1 0.492017 0.160417 2.31961 492857
1 0.494654 0.173228 2.3171 492891
1 0.496012 0.189807 2.31595 492924
1 0.492323 0.209248 2.30934 492958
1 0.489147 0.223695 2.30311 492992
1 0.481799 0.238218 2.29344 493025
1 0.476021 0.256934 2.28476 493058
1 0.467614 0.271564 2.2835 493091
1 0.461135 0.286002 2.28031 493124
1 0.454153 0.295446 2.27761 493158
1 0.44736 0.307548 2.27843 493192
1 0.439438 0.316495 2.27431 493225
1 0.432493 0.327708 2.27304 493259
1 0.428709 0.342236 2.27388 493292
1 0.427501 0.358515 2.28677 493323
1 0.426986 0.369911 2.29839 493356
1 0.426521 0.385993 2.30413 493389
1 0.429472 0.39982 2.3135 493423
1 0.43582 0.411063 2.31581 493457
1 0.442868 0.420348 2.32515 493491
1 0.451349 0.431492 2.33303 493525
1 0.460531 0.438304 2.33901 493557
1 0.47211 0.440265 2.34211 493588
1 0.484286 0.436688 2.36649 493621
1 0.494341 0.432655 2.37502 493653
1 0.503606 0.426149 2.37508 493685
1 0.507812 0.421008 2.37326 493719
1 0.516141 0.410727 2.37217 493752
1 0.52012 0.3963 2.37487 493784
1 0.522718 0.386869 2.37403 493817
1 0.5231 0.373864 2.37315 493850
1 0.519541 0.358997 2.35004 493883
1 0.518064 0.345828 2.34202 493914
1 0.513405 0.332672 2.3354 493947
1 0.507988 0.326649 2.33087 493996
1 0.500637 0.315596 2.32361 494030
1 0.493769 0.307927 2.31817 494061
1 0.486487 0.297831 2.30979 494095
1 0.47537 0.288955 2.29919 494128
1 0.469377 0.279364 2.29248 494162
1 0.460988 0.272971 2.28017 494195
1 0.45324 0.266939 2.2768 494227
1 0.443471 0.262981 2.26863 494261
1 0.436423 0.255905 2.26506 494295
1 0.429044 0.250631 2.26434 494328
1 0.422651 0.241167 2.26674 494360
1 0.414067 0.234051 2.26436 494394
1 0.406661 0.2264 2.26571 494428
1 0.402217 0.221639 2.26597 494461
1 0.394625 0.218115 2.26783 494495
1 0.391208 0.210967 2.26752 494527
1 0.387245 0.204286 2.26439 494561

2 0.597621 0.582319 2.28408 501489
2 0.596507 0.582984 2.29194 501522
2 0.595272 0.583903 2.29348 501555
2 0.594604 0.583377 2.29429 501603
2 0.594967 0.582362 2.29257 501636
2 0.595121 0.580495 2.29343 501652
2 0.595941 0.579237 2.29496 501702
2 0.594851 0.576604 2.28948 501736
2 0.591696 0.570319 2.27668 501770
2 0.589561 0.564452 2.26848 501802
2 0.588742 0.560475 2.269 501836
2 0.589459 0.551526 2.26222 501869
2 0.593566 0.542538 2.24814 501902
2 0.597121 0.535676 2.23911 501935
2 0.601146 0.528344 2.23724 501969
2 0.60502 0.522785 2.23704 502002
2 0.609613 0.515521 2.22819 502037
2 0.614831 0.515227 2.23051 502070
2 0.621911 0.512754 2.23405 502103
2 0.626678 0.512093 2.23465 502136
2 0.632249 0.511127 2.24132 502170
2 0.634738 0.511496 2.24022 502203
2 0.641452 0.513225 2.24891 502236
2 0.646414 0.515207 2.26081 502269
2 0.649397 0.522869 2.27385 502303
2 0.650681 0.5277 2.28679 502321
2 0.645824 0.532274 2.29929 502372
2 0.644175 0.542356 2.3105 502389
2 0.641045 0.549418 2.32121 502423
2 0.6342 0.558594 2.32723 502457
2 0.630346 0.565297 2.3459 502491
2 0.622645 0.57235 2.3639 502524
2 0.614449 0.580443 2.3752 502558
2 0.609197 0.584417 2.38424 502590
2 0.604816 0.590846 2.40087 502625
2 0.598721 0.591401 2.40964 502658
2 0.59571 0.595458 2.42299 502692
2 0.594726 0.601663 2.44617 502726
2 0.591983 0.606703 2.46324 502760
2 0.587234 0.615951 2.47111 502794
2 0.585191 0.616271 2.49465 502827
2 0.587432 0.623223 2.51401 502860
2 0.592887 0.629865 2.52809 502894
2 0.597848 0.631599 2.54139 502928
2 0.603276 0.63455 2.55693 502961
2 0.616038 0.637442 2.57509 502994
2 0.625787 0.639402 2.59304 503028
2 0.636454 0.640059 2.60008 503062
2 0.650773 0.640027 2.60196 503096
2 0.660385 0.638032 2.59762 503130
2 0.671402 0.636892 2.59258 503164
2 0.683408 0.637269 2.58234 503197
2 0.691601 0.638912 2.57226 503231
2 0.703813 0.635566 2.5589 503265
2 0.711093 0.632524 2.5287 503297
2 0.713828 0.630803 2.50323 503330
2 0.71945 0.625649 2.4839 503364
2 0.724472 0.618792 2.46433 503398
2 0.725013 0.613201 2.43573 503431
2 0.717892 0.608331 2.41559 503465
2 0.710503 0.605382 2.38928 503497
2 0.700666 0.603874 2.36351 503530
2 0.693099 0.602882 2.3463 503563
2 0.683557 0.602706 2.33707 503596
2 0.676456 0.601094 2.32645 503630
2 0.669624 0.598264 2.31911 503663
2 0.662409 0.599141 2.31939 503697
2 0.653921 0.599219 2.32498 503730
2 0.646413 0.599711 2.32783 503763
2 0.636595 0.59872 2.32768 503796
2 0.631875 0.601807 2.32403 503830
2 0.62619 0.595871 2.32356 503864
2 0.621081 0.589196 2.31778 503897
2 0.619004 0.585424 2.31542 503931
2 0.610851 0.583344 2.31695 503965
2 0.605062 0.578821 2.31995 503997
2 0.598999 0.576834 2.32233 504031
2 0.595192 0.575485 2.32209 504064
2 0.592475 0.572888 2.32611 504097
2 0.588847 0.570656 2.33031 504131

3 0.756315 0.224708 2.29999 511270
3 0.754331 0.223522 2.29124 511302
3 0.754167 0.220675 2.29122 511335
3 0.753293 0.212373 2.28418 511368
3 0.750672 0.205993 2.27462 511401
3 0.744154 0.19771 2.26961 511435
3 0.737912 0.192253 2.26245 511469
3 0.732325 0.186055 2.25582 511502
3 0.730078 0.172079 2.25792 511535
3 0.728975 0.162607 2.26248 511567
3 0.728751 0.149338 2.26794 511598
3 0.730741 0.13561 2.27621 511631
3 0.735695 0.125748 2.28357 511665
3 0.742987 0.116624 2.29354 511699
3 0.751135 0.11196 2.29803 511730
3 0.759396 0.108029 2.30614 511763
3 0.769415 0.104718 2.31647 511813
3 0.783308 0.102083 2.32995 511846
3 0.792142 0.102024 2.32864 511863
3 0.803517 0.108973 2.33413 511914
3 0.813208 0.111627 2.35328 511930
3 0.825886 0.121128 2.36535 511964
3 0.832339 0.136982 2.36557 511998
3 0.840008 0.149521 2.36934 512031
3 0.84539 0.15497 2.36326 512064
3 0.844475 0.16583 2.35915 512114
3 0.843515 0.182273 2.35904 512130
3 0.840799 0.195243 2.35248 512163
3 0.836138 0.209921 2.34258 512213
3 0.829708 0.222686 2.33443 512246
3 0.826015 0.235039 2.32765 512263
3 0.820414 0.242734 2.32936 512313
3 0.819328 0.25082 2.33099 512329
3 0.813536 0.263893 2.32594 512362
3 0.804353 0.27004 2.31514 512412
3 0.799009 0.282239 2.3149 512445
3 0.795575 0.290292 2.31464 512480
3 0.791409 0.2969 2.31571 512514
3 0.786211 0.306044 2.31182 512530
3 0.782788 0.31137 2.31122 512580
3 0.782469 0.316719 2.31968 512614
3 0.780605 0.326409 2.31653 512631
3 0.782162 0.333528 2.31409 512680
3 0.781729 0.343451 2.31313 512713
3 0.78135 0.350628 2.31562 512730
3 0.781678 0.35919 2.31517 512780
3 0.785769 0.368396 2.32102 512797
3 0.7946 0.373098 2.33353 512830
3 0.801281 0.37634 2.34383 512879
3 0.81 0.377969 2.35639 512911
3 0.820653 0.378262 2.36275 512945
3 0.829985 0.377766 2.37582 512978
3 0.836939 0.378613 2.38043 513012
3 0.843931 0.380222 2.38926 513044
3 0.850773 0.377535 2.39575 513077
3 0.856267 0.371426 2.39668 513111
3 0.859084 0.367539 2.39461 513144
3 0.861722 0.362652 2.40263 513178
3 0.862339 0.35254 2.40169 513211
3 0.862944 0.347136 2.40189 513245
3 0.863038 0.343448 2.39969 513279
3 0.860805 0.338179 2.39484 513313
3 0.857834 0.330509 2.38354 513346
3 0.854605 0.323221 2.36844 513380
3 0.84884 0.311622 2.35678 513413
3 0.840837 0.304774 2.35157 513430
3 0.834101 0.300361 2.33552 513481
3 0.82784 0.293862 2.33103 513498
3 0.819174 0.286478 2.32207 513532
3 0.813084 0.284706 2.31689 513566
3 0.804007 0.281481 2.31106 513599
3 0.798484 0.271485 2.3065 513634
3 0.791772 0.267721 2.30022 513667
3 0.782146 0.264054 2.29017 513701
3 0.776731 0.261137 2.28793 513735
3 0.77072 0.254866 2.28452 513767
3 0.764838 0.250745 2.27945 513801
3 0.758735 0.247427 2.27692 513835
3 0.752058 0.244031 2.26298 513869
3 0.747707 0.240672 2.25816 513901
3 0.745562 0.23874 2.26023 513936
3 0.744267 0.238591 2.25676 513969
3 0.738723 0.232667 2.25169 514001
3 0.736554 0.228142 2.25646 514035

4 0.139973 0.207879 2.53001 517203
4 0.136917 0.205829 2.53948 517237
4 0.135354 0.192793 2.54495 517270
4 0.141549 0.187976 2.54126 517303
4 0.148287 0.18498 2.53052 517352
4 0.153014 0.175131 2.52593 517370
4 0.155201 0.167728 2.52121 517404
4 0.164845 0.153148 2.51512 517438
4 0.169314 0.154352 2.51356 517472
4 0.17944 0.147762 2.50885 517506
4 0.184931 0.145395 2.50222 517539
4 0.193541 0.144855 2.49896 517573
4 0.198206 0.152836 2.48615 517607
4 0.207137 0.158467 2.47558 517641
4 0.21257 0.171771 2.46403 517674
4 0.214719 0.180602 2.46094 517708
4 0.215438 0.193938 2.4621 517742
4 0.210316 0.204854 2.46955 517776
4 0.204212 0.217556 2.4694 517811
4 0.198964 0.227701 2.4704 517844
4 0.197597 0.240353 2.47144 517878
4 0.192119 0.25133 2.4771 517912
4 0.185274 0.263698 2.48108 517946
4 0.180203 0.271021 2.49435 517980
4 0.172132 0.277499 2.50571 518014
4 0.167154 0.285626 2.50919 518048
4 0.162282 0.292281 2.51362 518082
4 0.15929 0.303009 2.52326 518116
4 0.158643 0.309743 2.52148 518149
4 0.162803 0.316358 2.52572 518182
4 0.165904 0.319882 2.52569 518216
4 0.167969 0.330884 2.5303 518250
4 0.172533 0.335807 2.51833 518283
4 0.178608 0.340241 2.52345 518300
4 0.187789 0.346853 2.51341 518349
4 0.192126 0.354777 2.50757 518382
4 0.200405 0.358401 2.51008 518415
4 0.212702 0.363166 2.51055 518448
4 0.222818 0.363918 2.50243 518481
4 0.233828 0.365712 2.4989 518514
4 0.238916 0.359562 2.49957 518547
4 0.24329 0.354564 2.49327 518579
4 0.247252 0.348388 2.49759 518612
4 0.250718 0.341798 2.49102 518645
4 0.251643 0.333528 2.482 518679
4 0.252593 0.32659 2.48232 518712
4 0.251743 0.316562 2.47591 518745
4 0.249154 0.309442 2.48516 518778
4 0.244473 0.300651 2.48198 518811
4 0.238091 0.290981 2.48885 518844
4 0.233672 0.285108 2.49209 518877
4 0.227022 0.279783 2.48818 518910
4 0.218862 0.272803 2.49571 518944
4 0.209026 0.264812 2.50134 518978
4 0.203661 0.258082 2.49587 519011
4 0.198346 0.25558 2.50174 519044
4 0.190384 0.252435 2.50558 519078
4 0.184417 0.24765 2.51456 519111
4 0.176984 0.243035 2.52238 519143
4 0.173273 0.23405 2.53589 519177
4 0.170576 0.230679 2.53173 519211
4 0.164676 0.227613 2.52887 519244
4 0.160812 0.225067 2.53303 519277
4 0.159932 0.224138 2.52793 519311
4 0.160586 0.218392 2.52725 519343
4 0.159395 0.220618 2.52546 519377

5 0.432366 0.531975 2.19443 522007
5 0.432121 0.530927 2.19676 522041
5 0.431977 0.530412 2.19793 522074
5 0.432209 0.529565 2.19975 522108
5 0.431964 0.528655 2.19775 522142
5 0.433667 0.52844 2.19451 522176
5 0.435596 0.527326 2.19212 522210
5 0.438088 0.524827 2.18926 522243
5 0.441991 0.522901 2.18397 522277
5 0.444556 0.521596 2.18665 522310
5 0.449839 0.519139 2.19011 522343
5 0.456921 0.517841 2.18673 522376
5 0.462294 0.520387 2.19387 522410
5 0.469104 0.522085 2.19772 522442
5 0.475654 0.525465 2.19953 522476
5 0.483843 0.526234 2.20597 522509
5 0.487207 0.532309 2.21678 522543
5 0.492391 0.537363 2.23465 522577
5 0.494721 0.54385 2.23977 522610
5 0.497081 0.548214 2.25067 522642
5 0.500902 0.555884 2.25237 522675
5 0.49897 0.56304 2.26142 522708
5 0.498579 0.569942 2.26693 522741
5 0.497611 0.579336 2.27043 522774
5 0.497187 0.586007 2.28016 522806
5 0.492824 0.594676 2.28759 522839
5 0.487764 0.604171 2.30004 522872
5 0.483345 0.608217 2.31334 522920
5 0.479247 0.610902 2.32325 522954
5 0.473578 0.616212 2.32857 522971
5 0.468714 0.618773 2.33764 523019
5 0.466327 0.620993 2.35214 523052
5 0.461548 0.624343 2.35594 523085
5 0.460315 0.626918 2.37871 523118
5 0.460102 0.627037 2.38633 523152
5 0.460223 0.628381 2.39963 523183
5 0.456344 0.630286 2.40811 523216
5 0.452125 0.637717 2.42733 523249
5 0.450905 0.643113 2.43557 523281
5 0.452635 0.64673 2.44735 523313
5 0.45061 0.650146 2.44903 523346
5 0.450145 0.654399 2.46115 523379
5 0.451337 0.663989 2.47548 523411
5 0.453785 0.672091 2.49007 523446
5 0.459015 0.68198 2.50362 523479
5 0.464922 0.69088 2.51047 523512
5 0.470013 0.697383 2.52439 523545
5 0.478599 0.703023 2.54454 523578
5 0.481907 0.706126 2.56487 523611
5 0.488573 0.713681 2.57641 523645
5 0.496257 0.711904 2.58006 523678
5 0.504472 0.716402 2.58423 523711
5 0.513038 0.717939 2.58446 523745
5 0.520811 0.71361 2.58625 523778
5 0.530491 0.710917 2.59433 523811
5 0.538043 0.708822 2.59282 523845
5 0.545215 0.70489 2.58586 523878
5 0.553642 0.704121 2.57819 523911
5 0.561632 0.702388 2.56912 523943
5 0.567723 0.698511 2.55329 523977
5 0.574585 0.696828 2.53126 524010
5 0.579096 0.695438 2.51295 524044
5 0.579435 0.686794 2.49643 524078
5 0.579124 0.681256 2.48517 524112
5 0.578561 0.677109 2.46426 524147
5 0.582675 0.671371 2.45232 524181
5 0.584955 0.667518 2.43101 524215
5 0.581282 0.665365 2.42367 524247
5 0.577255 0.656817 2.40728 524281
5 0.568142 0.65221 2.39054 524315
5 0.56325 0.648922 2.36913 524348
5 0.561745 0.645278 2.37862 524381
5 0.557173 0.636425 2.37412 524414
5 0.55137 0.631109 2.36438 524448
5 0.542405 0.627798 2.35318 524483
5 0.538446 0.626803 2.33958 524516
5 0.532133 0.623367 2.33084 524551
5 0.526772 0.619413 2.32297 524584
5 0.521137 0.614884 2.31441 524618
5 0.516535 0.609279 2.31316 524652
5 0.510221 0.604573 2.31326 524686
5 0.506758 0.599358 2.31582 524718
5 0.502803 0.596374 2.31756 524751
5 0.499028 0.590554 2.31674 524785
5 0.494411 0.590648 2.3152 524818
5 0.488716 0.585935 2.31272 524852
5 0.482442 0.580339 2.30583 524886
5 0.478783 0.574826 2.30098 524920
5 0.476951 0.572127 2.29849 524954
5 0.471186 0.568321 2.29652 524988
5 0.468864 0.564117 2.29405 525023
5 0.46643 0.563043 2.29279 525056
5 0.46466 0.562639 2.29558 525090
5 0.460902 0.561735 2.29625 525106
5 0.456501 0.560836 2.29304 525156
5 0.457337 0.557263 2.29017 525190
5 0.45305 0.554609 2.28892 525207
5 0.447451 0.554685 2.27891 525256
5 0.444911 0.550533 2.2762 525289
5 0.442938 0.548313 2.28318 525323
5 0.44211 0.548885 2.29559 525356

6 0.509336 0.142484 2.1728 527690
6 0.508488 0.145099 2.17503 527724
6 0.510171 0.145323 2.17468 527756
6 0.511615 0.141439 2.17777 527790
6 0.510492 0.135609 2.18257 527824
6 0.509586 0.132788 2.1784 527841
6 0.508981 0.130946 2.17712 527891
6 0.510597 0.128371 2.17579 527924
6 0.511949 0.126961 2.17723 527956
6 0.517315 0.127391 2.17558 527990
6 0.520531 0.128275 2.17405 528024
6 0.52722 0.128495 2.17548 528058
6 0.533191 0.128315 2.17662 528092
6 0.536415 0.128766 2.17503 528126
6 0.540469 0.129476 2.17957 528159
6 0.544465 0.131283 2.17246 528192
6 0.548688 0.137736 2.17428 528226
6 0.551557 0.14309 2.17333 528260
6 0.554426 0.154002 2.16618 528277
6 0.556574 0.16303 2.17293 528310
6 0.557556 0.170094 2.17 528361
6 0.555563 0.179081 2.17208 528379
6 0.55573 0.186432 2.17473 528414
6 0.555582 0.192349 2.17007 528448
6 0.554304 0.199539 2.17314 528482
6 0.553222 0.204557 2.17207 528516
6 0.548612 0.214812 2.17135 528550
6 0.545645 0.220884 2.17216 528583
6 0.544325 0.227876 2.17392 528617
6 0.543624 0.232526 2.17054 528651
6 0.540714 0.239272 2.17306 528684
6 0.538686 0.244803 2.17544 528717
6 0.539082 0.249833 2.18179 528751
6 0.53855 0.257992 2.18656 528785
6 0.538541 0.264213 2.18222 528819
6 0.539533 0.270429 2.18674 528853
6 0.539146 0.277973 2.18408 528887
6 0.540501 0.285285 2.18327 528921
6 0.542204 0.287729 2.18794 528954
6 0.548066 0.290169 2.19649 528987
6 0.553131 0.29161 2.18803 529020
6 0.557094 0.298387 2.18862 529053
6 0.56244 0.300293 2.19389 529086
6 0.567334 0.297453 2.20131 529121
6 0.570566 0.296036 2.20239 529155
6 0.577057 0.291911 2.20137 529188
6 0.580675 0.289087 2.19909 529222
6 0.585079 0.28183 2.20759 529255
6 0.586219 0.278216 2.2037 529287
6 0.586449 0.272443 2.20858 529319
6 0.586298 0.268855 2.2069 529352
6 0.585518 0.25895 2.20587 529385
6 0.582753 0.254521 2.19608 529418
6 0.579939 0.246233 2.1947 529451
6 0.575563 0.241391 2.1906 529483
6 0.573087 0.235804 2.18998 529516
6 0.565304 0.230624 2.18726 529549
6 0.559945 0.221279 2.18421 529582
6 0.551815 0.218706 2.18471 529615
6 0.545322 0.21468 2.18207 529647
6 0.537361 0.211052 2.1765 529680
6 0.526657 0.204498 2.18033 529714
6 0.519568 0.200758 2.18451 529746
6 0.514161 0.19562 2.18598 529778
6 0.506552 0.191251 2.1849 529827
6 0.501556 0.187702 2.1879 529859
6 0.498952 0.185427 2.19201 529892
6 0.495429 0.17712 2.19808 529925
6 0.490637 0.174858 2.19301 529958
6 0.486432 0.170485 2.18921 529991
6 0.483861 0.167598 2.18791 530024
6 0.482829 0.161783 2.19184 530058
6 0.482214 0.158362 2.19282 530092
6 0.485237 0.154527 2.19214 530125
6 0.486797 0.150966 2.20019 530158
6 0.489712 0.147634 2.20516 530191
6 0.491231 0.146506 2.20332 530224
6 0.492067 0.146389 2.20082 530257
6 0.494943 0.147516 2.20107 530291
6 0.50084 0.146713 2.19565 530324
6 0.504739 0.145736 2.20027 530357
6 0.506836 0.145623 2.19909 530389
6 0.507859 0.146059 2.19598 530423
6 0.512151 0.148393 2.19141 530456
6 0.517708 0.148184 2.18573 530490
6 0.52077 0.147237 2.18907 530524
6 0.522228 0.146571 2.19201 530558

7 0.268952 0.248958 2.22922 532662
7 0.265227 0.247107 2.22682 532695
7 0.261965 0.246741 2.23353 532712
7 0.256023 0.247101 2.2404 532763
7 0.252208 0.247013 2.24335 532781
7 0.246884 0.242023 2.25238 532831
7 0.244342 0.236772 2.25451 532848
7 0.244208 0.229033 2.24888 532882
7 0.244831 0.216813 2.25468 532916
7 0.249142 0.208639 2.26154 532950
7 0.253668 0.198256 2.26522 532984
7 0.258982 0.189293 2.2634 533017
7 0.265144 0.181481 2.26355 533051
7 0.269496 0.17455 2.26542 533085
7 0.28064 0.166207 2.26155 533119
7 0.293467 0.15802 2.25245 533152
7 0.307395 0.150693 2.25301 533186
7 0.315937 0.148045 2.24761 533220
7 0.327174 0.145089 2.24649 533253
7 0.334468 0.151656 2.24124 533287
7 0.343689 0.157153 2.2213 533320
7 0.353819 0.160222 2.2155 533355
7 0.361012 0.170611 2.20555 533388
7 0.362367 0.179703 2.21358 533421
7 0.366993 0.185292 2.20752 533454
7 0.368707 0.194529 2.19651 533488
7 0.369888 0.20776 2.19476 533521
7 0.372166 0.218738 2.19451 533554
7 0.372845 0.226489 2.1976 533587
7 0.371695 0.235961 2.19142 533620
7 0.372716 0.245642 2.18681 533654
7 0.371244 0.255202 2.18913 533688
7 0.369963 0.261757 2.19063 533721
7 0.369231 0.272894 2.18888 533756
7 0.368534 0.280843 2.19238 533789
7 0.363163 0.292644 2.19134 533822
7 0.361095 0.30233 2.1956 533854
7 0.357722 0.31453 2.1933 533889
7 0.357304 0.323423 2.20395 533922
7 0.355965 0.334382 2.21161 533954
7 0.354215 0.348711 2.21881 533988
7 0.353866 0.363531 2.22921 534021
7 0.354183 0.378844 2.2383 534054
7 0.355024 0.393938 2.24994 534087
7 0.355378 0.411977 2.25439 534122
7 0.359353 0.430281 2.264 534154
7 0.362181 0.449425 2.2748 534185
7 0.364566 0.466903 2.28805 534220
7 0.367019 0.482153 2.29069 534253
7 0.372658 0.49763 2.3027 534287
7 0.378866 0.512093 2.32257 534322
7 0.39715 0.518755 2.33639 534355
7 0.405347 0.533191 2.33156 534388
7 0.414972 0.544324 2.32651 534422
7 0.425517 0.552153 2.32854 534456
7 0.436448 0.556693 2.32594 534488
7 0.44833 0.557872 2.31479 534521
7 0.460108 0.557906 2.30589 534554
7 0.467149 0.555539 2.29146 534586
7 0.472751 0.54558 2.28744 534620
7 0.477413 0.533569 2.27848 534654
7 0.479277 0.520352 2.26343 534686
7 0.481882 0.505825 2.2507 534720
7 0.482183 0.489071 2.22783 534753
7 0.480289 0.476014 2.2174 534786
7 0.479592 0.46071 2.20018 534819
7 0.478078 0.44481 2.19362 534854
7 0.474057 0.429764 2.17916 534887
7 0.468899 0.410924 2.17163 534920
7 0.462284 0.392583 2.16076 534954
7 0.455515 0.373139 2.15343 534988
7 0.445847 0.354978 2.14533 535021
7 0.436071 0.338752 2.1458 535056
7 0.424839 0.323813 2.14172 535089
7 0.415538 0.308414 2.14832 535122
7 0.406254 0.295206 2.15156 535156
7 0.395482 0.286719 2.15085 535190
7 0.385804 0.279405 2.15431 535222
7 0.372913 0.268931 2.15855 535256
7 0.357749 0.261982 2.15684 535291
7 0.344984 0.256348 2.16372 535325
7 0.333697 0.254197 2.1675 535360
7 0.324105 0.252197 2.17227 535393
7 0.312074 0.251168 2.17756 535427
7 0.306922 0.252577 2.17755 535461
7 0.300753 0.253084 2.18063 535495
7 0.293178 0.254738 2.18146 535530
7 0.287335 0.257089 2.18439 535563
7 0.280169 0.260763 2.18335 535596
7 0.27525 0.262412 2.18072 535630
7 0.272217 0.262576 2.18184 535663
7 0.2682 0.264486 2.19211 535697

8 0.577542 0.498428 2.24176 537382
8 0.573491 0.49877 2.23948 537432
8 0.571116 0.493562 2.23694 537465
8 0.569292 0.492622 2.23676 537497
8 0.565066 0.490238 2.23455 537529
8 0.561477 0.484107 2.22464 537563
8 0.558018 0.475808 2.21029 537596
8 0.551307 0.471592 2.2144 537630
8 0.544951 0.461922 2.20389 537664
8 0.541686 0.44561 2.18711 537697
8 0.539562 0.428582 2.17261 537731
8 0.538393 0.413098 2.16076 537765
8 0.539721 0.395655 2.15476 537798
8 0.541219 0.378327 2.14773 537831
8 0.545852 0.366065 2.14407 537864
8 0.55047 0.354546 2.14573 537898
8 0.556248 0.34573 2.14755 537930
8 0.562405 0.339786 2.15276 537963
8 0.569706 0.336401 2.15159 537998
8 0.577461 0.336288 2.14899 538032
8 0.582538 0.341126 2.15536 538064
8 0.587996 0.349644 2.16057 538097
8 0.59127 0.35928 2.16822 538130
8 0.594291 0.372019 2.16972 538164
8 0.594746 0.381037 2.17468 538197
8 0.594512 0.393331 2.17645 538230
8 0.587745 0.407327 2.17953 538265
8 0.587467 0.418277 2.18729 538297
8 0.584477 0.435515 2.18988 538331
8 0.578842 0.442342 2.20201 538365
8 0.573405 0.453811 2.21313 538400
8 0.566454 0.469025 2.2288 538434
8 0.563982 0.482015 2.23607 538450
8 0.558747 0.492268 2.24379 538501
8 0.555679 0.501374 2.24946 538534
8 0.556454 0.50588 2.25158 538551
8 0.55685 0.516279 2.27493 538600
8 0.559897 0.525435 2.29231 538634
8 0.563121 0.534599 2.30273 538650
8 0.568042 0.542213 2.31678 538701
8 0.573454 0.549963 2.32761 538734
8 0.579627 0.555469 2.33904 538767
8 0.585211 0.561014 2.3514 538800
8 0.593896 0.562479 2.36041 538832
8 0.605478 0.559072 2.37421 538866
8 0.613103 0.56022 2.37387 538900
8 0.620601 0.558786 2.36495 538933
8 0.62482 0.55675 2.36316 538965
8 0.633037 0.544019 2.35448 538997
8 0.636994 0.539698 2.34758 539031
8 0.639533 0.534229 2.34625 539066
8 0.637854 0.525945 2.33459 539100
8 0.63708 0.521895 2.32831 539133
8 0.635567 0.51443 2.30621 539167
8 0.631627 0.5133 2.31282 539199
8 0.62769 0.514171 2.31223 539232
8 0.625432 0.514128 2.31183 539267
8 0.623381 0.513268 2.30651 539299
8 0.622104 0.513677 2.30572 539332
8 0.619915 0.51505 2.30687 539365
8 0.618699 0.515233 2.30334 539398
8 0.614978 0.515582 2.30305 539432
8 0.611753 0.513401 2.29826 539465
8 0.609914 0.513041 2.30129 539498
8 0.607845 0.512036 2.29739 539532
8 0.606068 0.511728 2.29784 539565
8 0.604327 0.510503 2.2935 539597
8 0.602565 0.510356 2.29066 539631
8 0.600622 0.511314 2.27668 539664
8 0.599864 0.509046 2.26985 539698
8 0.598825 0.507731 2.27534 539732
8 0.595353 0.506804 2.27661 539765
8 0.592184 0.507065 2.26643 539798
8 0.590152 0.502786 2.26112 539832
8 0.588229 0.502172 2.25331 539865
8 0.584655 0.501618 2.25449 539898
8 0.583625 0.50013 2.24912 539932
8 0.582779 0.500023 2.2479 539966
8 0.580981 0.498005 2.24202 539999
8 0.58071 0.496862 2.23846 540032
8 0.581907 0.494632 2.24278 540065

9 0.778354 0.54809 2.31301 542526
9 0.77765 0.548759 2.30964 542559
9 0.777134 0.546204 2.30893 542593
9 0.775308 0.540186 2.30548 542626
9 0.775376 0.538516 2.29808 542660
9 0.774689 0.532675 2.28936 542695
9 0.773042 0.5244 2.27046 542729
9 0.773226 0.512662 2.25061 542762
9 0.773124 0.501766 2.24093 542795
9 0.772815 0.491447 2.22989 542829
9 0.772634 0.480828 2.22853 542863
9 0.777015 0.466931 2.21476 542896
9 0.782491 0.453461 2.21783 542930
9 0.788736 0.445436 2.21902 542964
9 0.794088 0.437452 2.2223 542997
9 0.797932 0.432845 2.22386 543030
9 0.801858 0.426261 2.22679 543064
9 0.805705 0.421613 2.24122 543097
9 0.81272 0.42372 2.24923 543131
9 0.819276 0.424808 2.2592 543164
9 0.822883 0.42678 2.27067 543197
9 0.825929 0.430364 2.27628 543230
9 0.832894 0.435706 2.29282 543263
9 0.8334 0.444782 2.30437 543296
9 0.832235 0.45566 2.30782 543329
9 0.832854 0.462995 2.32173 543362
9 0.825977 0.475791 2.32378 543396
9 0.820756 0.484144 2.32308 543428
9 0.816479 0.49228 2.32514 543461
9 0.809701 0.50113 2.32382 543494
9 0.803051 0.506397 2.32879 543526
9 0.79821 0.514645 2.33222 543558
9 0.790242 0.522912 2.3329 543592
9 0.784444 0.525515 2.32716 543625
9 0.776419 0.531101 2.32064 543659
9 0.764245 0.533872 2.31734 543693
9 0.756589 0.539713 2.31405 543726
9 0.74809 0.546338 2.3177 543760
9 0.742158 0.551902 2.32534 543793
9 0.731727 0.558027 2.33855 543826
9 0.724455 0.566152 2.36234 543858
9 0.715724 0.575076 2.37242 543891
9 0.71123 0.583001 2.38164 543940
9 0.708037 0.588628 2.38654 543957
9 0.703901 0.594876 2.39424 543990
9 0.700027 0.601173 2.41511 544040
9 0.698566 0.611297 2.43118 544057
9 0.702826 0.616685 2.45279 544091
9 0.704594 0.620041 2.4561 544142
9 0.708483 0.621473 2.47262 544158
9 0.712467 0.625443 2.4738 544191
9 0.715288 0.627971 2.48779 544242
9 0.719727 0.635801 2.495 544258
9 0.727922 0.636253 2.51127 544292
9 0.731307 0.631446 2.51896 544325
9 0.740899 0.622782 2.52765 544357
9 0.747306 0.618658 2.53464 544390
9 0.751952 0.613103 2.52924 544439
9 0.754943 0.611013 2.53594 544472
9 0.756062 0.60937 2.53373 544489
9 0.762754 0.608009 2.52995 544537
9 0.766242 0.606384 2.50754 544569
9 0.767902 0.599264 2.49826 544603
9 0.773106 0.593033 2.48255 544636
9 0.7752 0.590104 2.4715 544669
9 0.777203 0.583438 2.47403 544704
9 0.779442 0.581915 2.46412 544735
9 0.780084 0.581179 2.4489 544769
9 0.779705 0.577431 2.45128 544802
9 0.780395 0.577252 2.43878 544834
9 0.78203 0.572644 2.4368 544867
9 0.780642 0.56763 2.42601 544900
9 0.783778 0.562801 2.41645 544934
9 0.786491 0.559462 2.41123 544968
9 0.787218 0.555679 2.40122 545002
9 0.788998 0.553877 2.40402 545035
9 0.790128 0.555088 2.40079 545069
9 0.790387 0.555679 2.39257 545102
9 0.789063 0.552963 2.38695 545135
9 0.788932 0.551616 2.38918 545169
9 0.788219 0.551603 2.39241 545203
9 0.789671 0.543715 2.39156 545237

