Gesto: 8
0 0.405524 0.363432 2.15476 564493
0 0.404352 0.366327 2.15753 564527
0 0.403356 0.367049 2.15493 564561
0 0.406773 0.226537 2.17792 565160
0 0.409188 0.226124 2.176 565192
0 0.412077 0.226212 2.17903 565226
0 0.412149 0.22692 2.17685 565259
0 0.413858 0.228385 2.17529 565293
0 0.403112 0.288481 2.17201 566289
0 0.404875 0.298569 2.17261 566323
0 0.410326 0.312462 2.1723 566357
0 0.413887 0.323891 2.17308 566390
0 0.422242 0.343092 2.16288 566422
0 0.389553 0.228822 2.15516 568638
0 0.39012 0.231382 2.1545 568671
0 0.389235 0.231523 2.15133 568688
0 0.388696 0.230868 2.14938 568739
0 0.388608 0.230578 2.14581 568755
0 0.389818 0.230768 2.14822 568789
0 0.381038 0.241499 2.15339 572368
0 0.381093 0.240309 2.14902 572402
0 0.383047 0.237325 2.14794 572437
0 0.385038 0.236069 2.14095 572470
0 0.388058 0.230096 2.13027 572504
0 0.390208 0.224869 2.12461 572537
0 0.390553 0.219729 2.13005 572570
0 0.395807 0.217543 2.13247 572603
0 0.398527 0.211169 2.13184 572637
0 0.404837 0.206437 2.12901 572671
0 0.410652 0.201553 2.12985 572705
0 0.417621 0.197697 2.13109 572739
0 0.424822 0.197143 2.12839 572773
0 0.432771 0.196067 2.12761 572807
0 0.439569 0.195904 2.12501 572840
0 0.449302 0.196725 2.12139 572874
0 0.455975 0.196985 2.12254 572909
0 0.46365 0.200445 2.11807 572942
0 0.470799 0.206843 2.12025 572959
0 0.478491 0.214076 2.12314 573009
0 0.48092 0.224446 2.12381 573043
0 0.485686 0.238121 2.12292 573061
0 0.492001 0.251563 2.1162 573110
0 0.495971 0.264938 2.11439 573127
0 0.500821 0.278867 2.10859 573161
0 0.502347 0.290038 2.10721 573195
0 0.504265 0.301897 2.10678 573228
0 0.5061 0.317161 2.09856 573262
0 0.505043 0.327158 2.10406 573295
0 0.498405 0.335104 2.11076 573329
0 0.495173 0.343458 2.10925 573363
0 0.491423 0.35093 2.10967 573396
0 0.484486 0.357504 2.11091 573431
0 0.478864 0.3679 2.10998 573465
0 0.472532 0.373942 2.10773 573498
0 0.46632 0.378452 2.10892 573532
0 0.458048 0.383879 2.11002 573566
0 0.452695 0.388352 2.11074 573600
0 0.444874 0.389803 2.10857 573633
0 0.436975 0.3929 2.11355 573668
0 0.427586 0.395854 2.12212 573700
0 0.421478 0.402634 2.12062 573734
0 0.414769 0.407039 2.12214 573766
0 0.410696 0.410045 2.12628 573799
0 0.407711 0.414267 2.12961 573832
0 0.402416 0.415458 2.1403 573863
0 0.397113 0.420183 2.14669 573896
0 0.390896 0.423874 2.14151 573929
0 0.390408 0.428663 2.14735 573978
0 0.389834 0.430552 2.15615 573995
0 0.386378 0.437132 2.16646 574028
0 0.386633 0.442199 2.17135 574062
0 0.387523 0.446433 2.1674 574095
0 0.387277 0.450113 2.17581 574129
0 0.387926 0.45984 2.17586 574177
0 0.390907 0.466699 2.17677 574194
0 0.391962 0.473506 2.18124 574229
0 0.394223 0.480618 2.18339 574263
0 0.397905 0.486305 2.1829 574297
0 0.399308 0.493501 2.18373 574329
0 0.403559 0.501456 2.18362 574363
0 0.408985 0.506213 2.18828 574396
0 0.412961 0.508667 2.18765 574429
0 0.418704 0.508044 2.19107 574461
0 0.424221 0.509156 2.1926 574495
0 0.430976 0.510975 2.19529 574527
0 0.436638 0.511853 2.19472 574577
0 0.441659 0.511432 2.19176 574609
0 0.450092 0.509987 2.19223 574643
0 0.457166 0.509082 2.19855 574675
0 0.464758 0.502068 2.19822 574710
0 0.470734 0.496542 2.19348 574726
0 0.473882 0.493298 2.19304 574777
0 0.480262 0.485591 2.19153 574794
0 0.485371 0.478571 2.18948 574845
0 0.487934 0.472089 2.18631 574878
0 0.493324 0.463134 2.18301 574894
0 0.496885 0.45825 2.18082 574944
0 0.499274 0.44693 2.1733 574978
0 0.500561 0.439889 2.17278 574995
0 0.500468 0.428506 2.16649 575030
0 0.50103 0.421224 2.16006 575063
0 0.501144 0.410724 2.14741 575097
0 0.497639 0.401445 2.14728 575131
0 0.494567 0.393823 2.14485 575163
0 0.490461 0.384225 2.13348 575196
0 0.489509 0.376318 2.1231 575246
0 0.482501 0.367224 2.12221 575263
0 0.480279 0.360046 2.12267 575298
0 0.47631 0.354057 2.11897 575332
0 0.469359 0.350428 2.1189 575365
0 0.465628 0.342196 2.11703 575399
0 0.460678 0.339422 2.11059 575432
0 0.453561 0.335195 2.11431 575467
0 0.448187 0.328296 2.11934 575499
0 0.441025 0.322023 2.11822 575533
0 0.435722 0.316721 2.11878 575567
0 0.430318 0.312266 2.12477 575600
0 0.424221 0.30509 2.12731 575634
0 0.419508 0.29899 2.12087 575669
0 0.416642 0.294175 2.12167 575701

1 0.48606 0.268321 2.18238 577612
1 0.488434 0.267334 2.18015 577646
1 0.489948 0.266402 2.18173 577679
1 0.487851 0.259784 2.18131 577713
1 0.488324 0.25353 2.18446 577729
1 0.487167 0.244981 2.18051 577777
1 0.481768 0.235136 2.18279 577811
1 0.477677 0.23051 2.17966 577845
1 0.46986 0.227235 2.17987 577877
1 0.462291 0.224919 2.17982 577912
1 0.453638 0.22475 2.17648 577945
1 0.443642 0.226168 2.17374 577978
1 0.436091 0.230632 2.17029 578012
1 0.429703 0.239459 2.1677 578029
1 0.428236 0.247645 2.16945 578080
1 0.425775 0.258059 2.16968 578098
1 0.42665 0.267582 2.16679 578131
1 0.431753 0.279879 2.16021 578182
1 0.439403 0.287382 2.14577 578198
1 0.449755 0.29772 2.14398 578232
1 0.459028 0.306984 2.1427 578265
1 0.467508 0.318505 2.14636 578298
1 0.479091 0.325945 2.14338 578331
1 0.490836 0.335824 2.14407 578379
1 0.497876 0.346202 2.1415 578411
1 0.506143 0.358959 2.15148 578445
1 0.511074 0.3701 2.15434 578478
1 0.513712 0.381614 2.15827 578512
1 0.517217 0.394687 2.16744 578543
1 0.51746 0.404021 2.17327 578576
1 0.515275 0.415362 2.17866 578610
1 0.510542 0.426197 2.17892 578643
1 0.502954 0.436898 2.17602 578676
1 0.495092 0.444792 2.17573 578709
1 0.484741 0.448362 2.17457 578742
1 0.473973 0.449484 2.17031 578775
1 0.461956 0.447932 2.16398 578810
1 0.449443 0.444222 2.15999 578843
1 0.440547 0.442406 2.14345 578876
1 0.432241 0.436489 2.13695 578910
1 0.426182 0.428136 2.13411 578944
1 0.420854 0.420652 2.13031 578978
1 0.416575 0.4099 2.13015 579012
1 0.415394 0.399953 2.13335 579046
1 0.41361 0.387948 2.12501 579080
1 0.417576 0.379668 2.11732 579096
1 0.42388 0.369914 2.11024 579146
1 0.428109 0.360476 2.10784 579180
1 0.436068 0.35143 2.10656 579197
1 0.442046 0.342999 2.11049 579248
1 0.450933 0.338177 2.10944 579281
1 0.455493 0.332061 2.11549 579299
1 0.464176 0.32421 2.11495 579347
1 0.471026 0.319986 2.11868 579381
1 0.480071 0.31717 2.11654 579398
1 0.485909 0.31431 2.11634 579446
1 0.493071 0.308447 2.11309 579479
1 0.49655 0.303482 2.10836 579514
1 0.500879 0.298329 2.10719 579548
1 0.501908 0.293136 2.10799 579581
1 0.499355 0.286065 2.11113 579615
1 0.496509 0.2797 2.11204 579633
1 0.49386 0.275536 2.11641 579666
1 0.491453 0.271716 2.11425 579700
1 0.484518 0.265501 2.12624 579735

2 0.588651 0.310985 2.13667 582111
2 0.591435 0.308026 2.13739 582143
2 0.596514 0.305934 2.1376 582177
2 0.59976 0.30156 2.13361 582210
2 0.603774 0.296965 2.13128 582243
2 0.606074 0.291691 2.13343 582276
2 0.610147 0.284331 2.13119 582309
2 0.613824 0.273983 2.1261 582343
2 0.611578 0.264048 2.12304 582376
2 0.613979 0.257387 2.11868 582409
2 0.610497 0.249792 2.11613 582442
2 0.602577 0.241098 2.1209 582476
2 0.597538 0.236498 2.12432 582509
2 0.589826 0.234111 2.12496 582543
2 0.583649 0.234378 2.11743 582577
2 0.57532 0.233676 2.11776 582611
2 0.566458 0.234105 2.12611 582645
2 0.558678 0.241621 2.12615 582679
2 0.552723 0.245234 2.12248 582713
2 0.545254 0.248518 2.12701 582745
2 0.542036 0.253344 2.13543 582779
2 0.538712 0.261306 2.13739 582813
2 0.536128 0.270659 2.1399 582847
2 0.536467 0.281681 2.1369 582880
2 0.538108 0.290419 2.12966 582914
2 0.540668 0.301939 2.12763 582947
2 0.547462 0.311901 2.1327 582981
2 0.55247 0.323997 2.13089 583016
2 0.556215 0.332697 2.12798 583048
2 0.562053 0.341549 2.13373 583081
2 0.571273 0.348056 2.13277 583114
2 0.581088 0.354685 2.13158 583147
2 0.591673 0.363724 2.13932 583181
2 0.60021 0.367579 2.13065 583214
2 0.609767 0.373296 2.139 583248
2 0.617487 0.38073 2.14718 583282
2 0.62231 0.385627 2.14952 583316
2 0.624117 0.394102 2.15359 583349
2 0.630066 0.40301 2.16414 583383
2 0.628225 0.410198 2.16818 583417
2 0.627829 0.418103 2.17347 583452
2 0.625976 0.425888 2.17342 583468
2 0.626648 0.436118 2.18078 583518
2 0.625262 0.444767 2.18535 583552
2 0.62001 0.453898 2.18658 583569
2 0.615427 0.460322 2.1943 583619
2 0.607438 0.466001 2.18644 583636
2 0.599285 0.469357 2.18442 583670
2 0.589999 0.473458 2.18126 583704
2 0.578459 0.471949 2.17549 583738
2 0.56732 0.472491 2.17004 583771
2 0.559241 0.472532 2.16521 583805
2 0.549531 0.472143 2.15842 583839
2 0.542614 0.470213 2.15338 583873
2 0.534115 0.462507 2.15082 583906
2 0.528742 0.45683 2.14206 583940
2 0.525657 0.447683 2.13673 583973
2 0.521505 0.439719 2.13144 584006
2 0.518819 0.428998 2.12776 584040
2 0.519051 0.420554 2.11876 584074
2 0.519013 0.412824 2.11399 584108
2 0.520597 0.403598 2.10759 584142
2 0.520028 0.391844 2.10991 584176
2 0.524706 0.384384 2.10542 584209
2 0.529815 0.377549 2.1031 584241
2 0.532795 0.367068 2.10016 584273
2 0.538716 0.359924 2.09769 584305
2 0.545198 0.350374 2.09502 584338
2 0.550951 0.344619 2.09727 584372
2 0.55726 0.340251 2.09605 584405
2 0.566245 0.336944 2.09538 584438
2 0.571313 0.331893 2.09538 584473
2 0.578047 0.328167 2.09433 584506
2 0.587692 0.323925 2.09009 584540
2 0.59618 0.320118 2.08817 584574

3 0.655307 0.321601 2.17718 586306
3 0.658674 0.318736 2.17829 586340
3 0.661836 0.315151 2.17288 586374
3 0.664299 0.313329 2.17112 586408
3 0.666466 0.309769 2.16501 586441
3 0.667163 0.300976 2.16615 586475
3 0.665935 0.290568 2.16626 586509
3 0.665066 0.281923 2.163 586543
3 0.660882 0.272136 2.16206 586577
3 0.658067 0.261853 2.16035 586612
3 0.655334 0.253361 2.15802 586644
3 0.648782 0.241136 2.16124 586677
3 0.645029 0.234271 2.1622 586709
3 0.638153 0.225197 2.16102 586741
3 0.630698 0.220836 2.15705 586776
3 0.621983 0.215424 2.15431 586809
3 0.612212 0.213689 2.15781 586844
3 0.604401 0.213069 2.14746 586877
3 0.594703 0.215597 2.1289 586910
3 0.588446 0.22172 2.13021 586944
3 0.578994 0.226957 2.13201 586978
3 0.574189 0.232354 2.13236 587012
3 0.569717 0.240886 2.13072 587045
3 0.566142 0.253074 2.12818 587078
3 0.564979 0.262238 2.12091 587111
3 0.563318 0.26968 2.12318 587144
3 0.56356 0.281097 2.11706 587177
3 0.562365 0.289626 2.11314 587211
3 0.564613 0.30049 2.1158 587244
3 0.569381 0.310143 2.10946 587278
3 0.574667 0.320936 2.10814 587311
3 0.580917 0.331639 2.11059 587345
3 0.587391 0.341279 2.11254 587379
3 0.596207 0.35025 2.11273 587413
3 0.602086 0.358111 2.11555 587446
3 0.612315 0.364983 2.11841 587480
3 0.621813 0.36991 2.12131 587514
3 0.628993 0.375196 2.12694 587547
3 0.636677 0.383022 2.1245 587581
3 0.646767 0.387388 2.13662 587615
3 0.655306 0.397791 2.14452 587649
3 0.660149 0.403618 2.15057 587682
3 0.664003 0.408396 2.15903 587715
3 0.667838 0.417305 2.16795 587750
3 0.6693 0.425003 2.17937 587784
3 0.670095 0.437614 2.19284 587818
3 0.666516 0.443602 2.19767 587852
3 0.664042 0.453724 2.20964 587886
3 0.661454 0.463799 2.21756 587919
3 0.655464 0.473083 2.21773 587954
3 0.644533 0.476386 2.2137 587987
3 0.636824 0.481724 2.20988 588021
3 0.626705 0.486191 2.19707 588038
3 0.617546 0.488809 2.19317 588089
3 0.607211 0.489012 2.18546 588107
3 0.595705 0.489902 2.17769 588140
3 0.584951 0.488516 2.17297 588191
3 0.574298 0.487197 2.16782 588207
3 0.563763 0.481308 2.16257 588240
3 0.555286 0.477878 2.1573 588274
3 0.546423 0.474842 2.14663 588307
3 0.541162 0.472663 2.13869 588341
3 0.5375 0.462867 2.13565 588376
3 0.534657 0.45621 2.1317 588410
3 0.532345 0.446293 2.12086 588443
3 0.532278 0.439969 2.11175 588477
3 0.531642 0.428219 2.10597 588511
3 0.533436 0.417817 2.10238 588545
3 0.534895 0.405507 2.09798 588579
3 0.537211 0.392399 2.09488 588612
3 0.543365 0.383286 2.09231 588645
3 0.545342 0.37434 2.09195 588679
3 0.552723 0.365185 2.09067 588712
3 0.556646 0.356593 2.09103 588745
3 0.564983 0.350002 2.09227 588778
3 0.574503 0.344488 2.09121 588812
3 0.582369 0.339902 2.09005 588846
3 0.59243 0.336706 2.08992 588879
3 0.60233 0.331935 2.09252 588912
3 0.60811 0.326854 2.09251 588946
3 0.612812 0.324692 2.09531 588980
3 0.620621 0.324593 2.09428 589013
3 0.631558 0.324218 2.09488 589047
3 0.640953 0.328586 2.09595 589081
3 0.64589 0.32823 2.09922 589115
3 0.654392 0.330138 2.10308 589149
3 0.659864 0.331204 2.10451 589183

4 0.300807 0.340271 2.0718 591925
4 0.305655 0.340725 2.06685 591943
4 0.313071 0.339674 2.06388 591994
4 0.320658 0.33978 2.06317 592010
4 0.327328 0.337792 2.06065 592043
4 0.334151 0.330322 2.06782 592077
4 0.343683 0.320378 2.0695 592110
4 0.351071 0.310045 2.06974 592144
4 0.356472 0.297129 2.07184 592177
4 0.362682 0.285951 2.07265 592211
4 0.362717 0.272685 2.07451 592244
4 0.36226 0.25894 2.07624 592293
4 0.361014 0.249144 2.07457 592310
4 0.357931 0.239361 2.07691 592344
4 0.35241 0.23156 2.07634 592377
4 0.34844 0.225775 2.07481 592412
4 0.340188 0.221711 2.07783 592445
4 0.329429 0.221136 2.07279 592478
4 0.318664 0.221388 2.06881 592512
4 0.310615 0.225016 2.07024 592545
4 0.301512 0.231675 2.07074 592578
4 0.291216 0.237854 2.07071 592612
4 0.283674 0.247594 2.073 592645
4 0.277507 0.260446 2.07281 592678
4 0.273218 0.271967 2.07489 592711
4 0.268404 0.284031 2.07247 592745
4 0.268119 0.300182 2.07151 592779
4 0.270058 0.316489 2.07054 592813
4 0.272861 0.329917 2.07173 592846
4 0.27986 0.342265 2.07171 592879
4 0.288291 0.35278 2.06699 592914
4 0.297583 0.363268 2.06568 592946
4 0.309496 0.369658 2.06158 592980
4 0.321722 0.379128 2.06177 593014
4 0.333606 0.385866 2.06859 593048
4 0.345035 0.392119 2.07264 593080
4 0.355632 0.398096 2.08481 593115
4 0.36457 0.405162 2.09176 593148
4 0.372416 0.410407 2.10137 593180
4 0.379669 0.420863 2.11161 593214
4 0.382097 0.428718 2.11307 593248
4 0.384645 0.439515 2.12039 593281
4 0.384496 0.44907 2.13006 593315
4 0.383228 0.460427 2.14753 593348
4 0.379339 0.470846 2.1576 593382
4 0.374398 0.478077 2.15696 593416
4 0.368245 0.484402 2.1522 593450
4 0.359995 0.486214 2.14874 593483
4 0.349637 0.488999 2.14119 593515
4 0.33925 0.49023 2.13176 593548
4 0.328259 0.48962 2.12541 593581
4 0.318337 0.487745 2.12047 593615
4 0.310522 0.484677 2.11572 593650
4 0.303843 0.476752 2.11248 593683
4 0.296238 0.469002 2.10939 593715
4 0.289543 0.459656 2.10374 593747
4 0.285563 0.447189 2.09085 593780
4 0.282804 0.432101 2.08095 593814
4 0.280947 0.416391 2.07722 593847
4 0.282694 0.40599 2.06989 593882
4 0.285426 0.390929 2.06851 593915
4 0.287631 0.377164 2.07049 593948
4 0.295266 0.366193 2.06441 593981
4 0.301318 0.353618 2.05766 594015
4 0.310121 0.344801 2.05413 594049
4 0.315169 0.334193 2.05873 594084
4 0.324369 0.32749 2.05753 594117
4 0.333173 0.322108 2.0599 594151
4 0.339281 0.318666 2.06438 594185
4 0.346723 0.315748 2.06796 594219
4 0.353619 0.315078 2.06968 594252
4 0.356963 0.314661 2.07527 594286
4 0.359168 0.314986 2.08335 594319

5 0.317031 0.362047 2.0902 595448
5 0.321601 0.361461 2.08839 595482
5 0.325821 0.358438 2.08928 595514
5 0.334793 0.356235 2.08917 595548
5 0.343718 0.349449 2.09087 595581
5 0.350617 0.339813 2.08992 595615
5 0.360509 0.329377 2.09125 595648
5 0.369021 0.318292 2.09204 595681
5 0.375768 0.304497 2.0857 595715
5 0.379604 0.286592 2.08769 595748
5 0.37752 0.272431 2.08169 595782
5 0.375507 0.256933 2.0767 595815
5 0.37297 0.24335 2.0714 595849
5 0.366085 0.234641 2.07039 595882
5 0.35777 0.228927 2.07075 595915
5 0.349726 0.226992 2.06511 595948
5 0.339436 0.226135 2.06508 595981
5 0.328012 0.231214 2.06715 596015
5 0.317323 0.243084 2.0657 596049
5 0.309701 0.25423 2.0662 596083
5 0.308182 0.26608 2.06554 596116
5 0.310369 0.275308 2.06698 596149
5 0.318154 0.28795 2.06345 596182
5 0.325405 0.294764 2.06618 596215
5 0.335543 0.304847 2.0692 596248
5 0.347721 0.311547 2.06506 596281
5 0.3613 0.31572 2.06166 596314
5 0.373808 0.323616 2.06243 596365
5 0.38325 0.330144 2.06819 596382
5 0.392366 0.33977 2.07539 596416
5 0.399424 0.347779 2.07617 596449
5 0.402306 0.359768 2.08279 596483
5 0.403723 0.375008 2.09402 596516
5 0.4029 0.389906 2.10458 596549
5 0.400777 0.404825 2.11457 596582
5 0.395838 0.417869 2.11165 596615
5 0.386283 0.429673 2.10999 596648
5 0.374906 0.436682 2.11143 596681
5 0.361548 0.441214 2.10808 596714
5 0.348182 0.442659 2.10249 596748
5 0.336009 0.442249 2.1014 596781
5 0.326786 0.43997 2.08904 596814
5 0.317284 0.435293 2.07981 596864
5 0.308454 0.42784 2.07903 596881
5 0.300432 0.416495 2.07774 596913
5 0.293525 0.401756 2.07338 596964
5 0.291286 0.390207 2.06766 596980
5 0.29081 0.376559 2.06411 597014
5 0.292255 0.36616 2.06066 597064
5 0.296313 0.354122 2.05715 597081
5 0.301379 0.340219 2.05584 597114
5 0.310657 0.330568 2.04768 597148
5 0.319109 0.321065 2.04407 597180
5 0.326198 0.311738 2.04729 597215
5 0.335574 0.305953 2.05043 597248
5 0.347856 0.302737 2.05395 597283
5 0.35471 0.299877 2.05906 597316

6 0.635133 0.338843 1.96164 603059
6 0.636938 0.341285 1.95799 603092
6 0.637221 0.339296 1.96171 603125
6 0.637683 0.339849 1.96021 603158
6 0.643342 0.339064 1.96102 603192
6 0.652992 0.338341 1.96391 603224
6 0.662608 0.336087 1.96402 603257
6 0.672713 0.331723 1.96327 603291
6 0.685117 0.322746 1.96368 603324
6 0.69858 0.310444 1.96795 603357
6 0.708504 0.298783 1.96736 603390
6 0.715516 0.288975 1.96639 603422
6 0.719352 0.27499 1.96871 603456
6 0.721119 0.258507 1.97016 603490
6 0.720911 0.242422 1.97473 603523
6 0.716076 0.229559 1.97486 603558
6 0.710088 0.217484 1.97464 603590
6 0.702449 0.207853 1.9737 603625
6 0.692798 0.201903 1.97511 603658
6 0.682082 0.192512 1.97727 603692
6 0.669311 0.185987 1.97895 603726
6 0.661193 0.182789 1.97611 603760
6 0.650563 0.183522 1.97368 603793
6 0.641053 0.189205 1.97511 603828
6 0.628737 0.200584 1.97214 603860
6 0.616058 0.209123 1.96858 603894
6 0.6081 0.221137 1.96685 603927
6 0.602955 0.232338 1.9668 603961
6 0.598921 0.244969 1.97002 603996
6 0.599661 0.258792 1.96808 604030
6 0.603463 0.270717 1.95961 604063
6 0.609217 0.282398 1.95787 604096
6 0.616301 0.296536 1.95085 604128
6 0.62557 0.310232 1.94771 604162
6 0.635912 0.322401 1.94375 604195
6 0.647369 0.332885 1.94172 604229
6 0.659762 0.341143 1.94566 604263
6 0.668702 0.350989 1.94915 604297
6 0.678905 0.3599 1.95204 604330
6 0.691392 0.368709 1.95976 604363
6 0.700457 0.3748 1.96704 604397
6 0.709053 0.38634 1.97566 604429
6 0.715415 0.396454 1.9861 604462
6 0.72028 0.407765 1.99975 604496
6 0.722106 0.421381 2.00644 604529
6 0.721561 0.430509 2.02031 604563
6 0.718436 0.441073 2.02758 604596
6 0.712192 0.454231 2.0312 604631
6 0.70411 0.464771 2.03604 604665
6 0.69763 0.475765 2.03842 604698
6 0.691747 0.484702 2.04426 604731
6 0.681842 0.490868 2.04703 604765
6 0.667701 0.494909 2.04584 604800
6 0.655312 0.500147 2.04081 604833
6 0.641151 0.502573 2.03217 604866
6 0.627422 0.503921 2.02554 604901
6 0.61341 0.502836 2.00993 604934
6 0.59979 0.496499 1.99592 604968
6 0.590635 0.491336 1.9838 605003
6 0.582459 0.483653 1.97675 605036
6 0.577463 0.473289 1.97164 605053
6 0.56926 0.458443 1.96587 605086
6 0.564012 0.44294 1.96124 605137
6 0.561153 0.429806 1.95623 605169
6 0.559932 0.414993 1.95003 605201
6 0.558853 0.399144 1.94699 605235
6 0.56534 0.38549 1.93922 605268
6 0.572797 0.370962 1.93459 605303
6 0.578601 0.358792 1.92931 605336
6 0.586616 0.345485 1.92777 605370
6 0.597832 0.333319 1.92841 605387
6 0.608657 0.323721 1.92883 605438
6 0.620436 0.314678 1.92926 605455
6 0.633771 0.307959 1.92719 605489
6 0.644546 0.303795 1.93064 605523
6 0.657911 0.299683 1.93075 605556

7 0.185297 0.34442 1.89453 610836
7 0.186321 0.34184 1.89649 610869
7 0.191655 0.342699 1.89317 610902
7 0.195971 0.338784 1.89234 610935
7 0.202611 0.335438 1.89302 610969
7 0.208183 0.328698 1.89073 611002
7 0.21322 0.322266 1.88881 611036
7 0.216828 0.313991 1.88964 611069
7 0.219933 0.303031 1.8875 611102
7 0.220682 0.294874 1.88866 611136
7 0.217798 0.282884 1.88562 611170
7 0.214011 0.272816 1.88505 611205
7 0.213137 0.266511 1.88137 611238
7 0.208092 0.260813 1.87729 611271
7 0.19949 0.255201 1.87932 611305
7 0.193657 0.254213 1.8711 611338
7 0.186497 0.254862 1.87257 611372
7 0.177905 0.259655 1.87264 611405
7 0.169881 0.264925 1.87567 611438
7 0.168784 0.2735 1.86789 611471
7 0.160942 0.28161 1.87662 611505
7 0.156956 0.291697 1.87919 611538
7 0.153207 0.299828 1.88196 611571
7 0.157847 0.309225 1.88214 611603
7 0.161194 0.321663 1.87903 611637
7 0.163404 0.331172 1.88025 611670
7 0.169776 0.342313 1.87728 611704
7 0.18012 0.353668 1.87612 611736
7 0.191637 0.361034 1.87727 611771
7 0.198931 0.366929 1.8853 611803
7 0.207815 0.375354 1.8895 611837
7 0.214813 0.382895 1.89616 611871
7 0.223718 0.391823 1.90993 611905
7 0.229658 0.398079 1.92374 611938
7 0.236711 0.408581 1.93673 611971
7 0.241008 0.418484 1.94831 612005
7 0.242613 0.425752 1.95498 612038
7 0.242692 0.436334 1.96322 612073
7 0.24218 0.448074 1.97089 612104
7 0.240257 0.458596 1.97285 612139
7 0.234917 0.463812 1.97242 612172
7 0.224023 0.469783 1.96483 612205
7 0.2131 0.473423 1.96734 612238
7 0.201803 0.475989 1.96603 612271
7 0.19542 0.476546 1.95826 612304
7 0.188075 0.478252 1.94458 612337
7 0.179721 0.478573 1.93243 612371
7 0.170263 0.47537 1.91995 612405
7 0.164331 0.47352 1.91005 612438
7 0.158035 0.468062 1.90138 612471
7 0.152036 0.459619 1.89729 612504
7 0.148669 0.451469 1.89152 612538
7 0.146103 0.441074 1.88458 612570
7 0.144007 0.43065 1.87804 612604
7 0.142596 0.417993 1.87268 612637
7 0.146746 0.409779 1.86504 612671
7 0.150784 0.399282 1.85937 612706
7 0.155271 0.388825 1.85289 612739
7 0.162929 0.380262 1.84552 612773
7 0.167206 0.369146 1.844 612807
7 0.173028 0.359463 1.84511 612841
7 0.179796 0.350882 1.8467 612874
7 0.186874 0.343984 1.84346 612907
7 0.196833 0.33577 1.84393 612941
7 0.20503 0.329801 1.8433 612975

8 0.268217 0.369691 1.92337 616579
8 0.270593 0.368386 1.9266 616612
8 0.273337 0.367709 1.92406 616645
8 0.27685 0.366058 1.92159 616662
8 0.281184 0.362973 1.92166 616712
8 0.285205 0.36115 1.91843 616747
8 0.292446 0.359688 1.91763 616763
8 0.302218 0.358999 1.91803 616815
8 0.311913 0.35557 1.91532 616831
8 0.319634 0.348573 1.91355 616864
8 0.324932 0.341198 1.90928 616914
8 0.332156 0.334964 1.90413 616931
8 0.337977 0.325303 1.89843 616964
8 0.339283 0.314321 1.89754 617015
8 0.33559 0.305668 1.89584 617032
8 0.332169 0.299059 1.89612 617066
8 0.327024 0.292312 1.89339 617101
8 0.3227 0.286948 1.89042 617133
8 0.315396 0.283479 1.88998 617167
8 0.30847 0.284015 1.88927 617202
8 0.301019 0.286879 1.88512 617235
8 0.292193 0.291745 1.88752 617268
8 0.286203 0.296198 1.88948 617301
8 0.279022 0.305145 1.89083 617334
8 0.27317 0.312301 1.8883 617367
8 0.269257 0.321447 1.89417 617400
8 0.26613 0.329722 1.89707 617434
8 0.265061 0.337872 1.90217 617467
8 0.265971 0.345464 1.90524 617500
8 0.267215 0.355669 1.90276 617533
8 0.271882 0.362657 1.90936 617567
8 0.280874 0.372979 1.90692 617599
8 0.287739 0.379559 1.91256 617633
8 0.294404 0.383274 1.92049 617665
8 0.303919 0.389413 1.92691 617714
8 0.316217 0.395475 1.9303 617731
8 0.326503 0.400441 1.93362 617782
8 0.334034 0.409175 1.93705 617799
8 0.341718 0.415348 1.94425 617833
8 0.347188 0.423599 1.95787 617868
8 0.352879 0.430814 1.97008 617900
8 0.357276 0.441263 1.98601 617934
8 0.352186 0.45315 1.99813 617968
8 0.351738 0.460778 1.99484 618003
8 0.349562 0.467739 2.0004 618036
8 0.348558 0.477262 2.00471 618069
8 0.346454 0.487393 2.00761 618102
8 0.338075 0.493571 2.00814 618135
8 0.332348 0.499242 2.00719 618169
8 0.325866 0.506723 2.00558 618202
8 0.330048 0.514991 2.00823 618236
8 0.327951 0.519734 2.00452 618269
8 0.31858 0.521048 1.99852 618303
8 0.298156 0.516328 1.97784 618337
8 0.280641 0.509294 1.95938 618370
8 0.265516 0.498679 1.94817 618404
8 0.257645 0.491711 1.93866 618438
8 0.252655 0.483795 1.9275 618471
8 0.246941 0.473759 1.91549 618505
8 0.244615 0.460412 1.91061 618539
8 0.244954 0.449159 1.90402 618572
8 0.247468 0.438013 1.89839 618605
8 0.250806 0.423671 1.8936 618640
8 0.252552 0.40923 1.88818 618673
8 0.256931 0.399677 1.88395 618707
8 0.262846 0.388359 1.87775 618740
8 0.268519 0.376758 1.8771 618773
8 0.275131 0.367934 1.87245 618806
8 0.285666 0.362946 1.87034 618839
8 0.29346 0.359039 1.86892 618874
8 0.304403 0.3549 1.86687 618907
8 0.313044 0.351377 1.86693 618940
8 0.321127 0.346873 1.86406 618973

9 0.393902 0.414832 1.95958 620633
9 0.39349 0.416136 1.95951 620668
9 0.394471 0.414335 1.95224 620701
9 0.395572 0.414916 1.95568 620735
9 0.396767 0.413913 1.95504 620767
9 0.401405 0.415433 1.95075 620817
9 0.409175 0.415499 1.94697 620835
9 0.416796 0.413376 1.94623 620868
9 0.426879 0.409852 1.94053 620901
9 0.437065 0.402941 1.93791 620935
9 0.446163 0.393219 1.93329 620970
9 0.451809 0.383047 1.93007 621003
9 0.461176 0.370538 1.92222 621037
9 0.467797 0.356655 1.92101 621071
9 0.47214 0.339432 1.91824 621106
9 0.475728 0.320673 1.90829 621139
9 0.478476 0.304739 1.90568 621172
9 0.477329 0.285223 1.90069 621205
9 0.473007 0.267189 1.90199 621238
9 0.465185 0.249833 1.90107 621271
9 0.455796 0.23755 1.89831 621305
9 0.446353 0.22496 1.89481 621339
9 0.434649 0.216378 1.89673 621373
9 0.421748 0.210801 1.90053 621407
9 0.408602 0.20816 1.90376 621441
9 0.396348 0.207376 1.90222 621476
9 0.384827 0.207332 1.90729 621509
9 0.371814 0.209269 1.91536 621543
9 0.359215 0.216402 1.91701 621577
9 0.349814 0.227434 1.92042 621610
9 0.341862 0.237225 1.92071 621643
9 0.336559 0.248956 1.92043 621678
9 0.3344 0.263178 1.92023 621711
9 0.336007 0.280218 1.9233 621745
9 0.340299 0.297341 1.92149 621779
9 0.343615 0.31516 1.92306 621813
9 0.350309 0.329106 1.92148 621846
9 0.362295 0.342159 1.91716 621878
9 0.374498 0.356247 1.91671 621911
9 0.386138 0.37002 1.91436 621944
9 0.40169 0.380994 1.9169 621979
9 0.418277 0.391412 1.91896 622012
9 0.433408 0.402492 1.92293 622046
9 0.447525 0.411631 1.93364 622080
9 0.463755 0.424313 1.94258 622113
9 0.477869 0.433192 1.95535 622146
9 0.491784 0.44617 1.97011 622179
9 0.498233 0.457197 1.98637 622213
9 0.507459 0.469592 2.0054 622246
9 0.511969 0.482037 2.0232 622278
9 0.510117 0.494065 2.04067 622312
9 0.506695 0.502718 2.0485 622347
9 0.50033 0.51482 2.06375 622380
9 0.492221 0.528115 2.07713 622413
9 0.483392 0.537617 2.07753 622446
9 0.477099 0.548118 2.07934 622479
9 0.471135 0.561157 2.0792 622513
9 0.462329 0.570649 2.07759 622546
9 0.452536 0.578904 2.07848 622578
9 0.438634 0.583957 2.07912 622611
9 0.426814 0.584311 2.08427 622646
9 0.405909 0.586515 2.07714 622679
9 0.38485 0.590057 2.06422 622712
9 0.366831 0.586898 2.05256 622746
9 0.350734 0.584012 2.04109 622779
9 0.337714 0.575532 2.03603 622814
9 0.326025 0.565118 2.02927 622848
9 0.316369 0.55456 2.01952 622880
9 0.306174 0.539137 2.01347 622913
9 0.298379 0.525101 2.00455 622946
9 0.29597 0.510985 1.98667 622980
9 0.295682 0.495011 1.96872 623015
9 0.297059 0.478931 1.95734 623046
9 0.299547 0.461502 1.94853 623079
9 0.306138 0.444808 1.94115 623114
9 0.314299 0.430964 1.92603 623148
9 0.324185 0.417043 1.91312 623181
9 0.335602 0.406918 1.90403 623216
9 0.347676 0.398318 1.89686 623249
9 0.360514 0.390167 1.8893 623281
9 0.373127 0.382982 1.88383 623315
9 0.384524 0.377297 1.88025 623349
9 0.395845 0.371993 1.87536 623382
9 0.409041 0.369256 1.87465 623416
9 0.42205 0.367756 1.87565 623450
9 0.434911 0.365585 1.87722 623483

10 0.678544 0.404514 1.99617 627142
10 0.679752 0.404918 1.99259 627174
10 0.681696 0.402319 1.99048 627208
10 0.686301 0.402139 1.98712 627242
10 0.691286 0.400365 1.97862 627277
10 0.699071 0.394976 1.97932 627310
10 0.703939 0.388056 1.97256 627343
10 0.711586 0.380902 1.96933 627378
10 0.716108 0.369161 1.96921 627412
10 0.721673 0.357274 1.96942 627444
10 0.727132 0.3394 1.97143 627477
10 0.729537 0.321052 1.97138 627512
10 0.731229 0.306886 1.97146 627546
10 0.733065 0.292491 1.9723 627581
10 0.731101 0.276399 1.97326 627614
10 0.726325 0.26515 1.97194 627646
10 0.721039 0.253973 1.96987 627680
10 0.713041 0.242856 1.96962 627714
10 0.702767 0.233162 1.96907 627748
10 0.693016 0.225327 1.97031 627782
10 0.6822 0.221981 1.97367 627816
10 0.670961 0.220246 1.98258 627850
10 0.660477 0.220601 1.98091 627883
10 0.650427 0.226247 1.97747 627916
10 0.639738 0.229972 1.97817 627950
10 0.628746 0.239193 1.98161 627984
10 0.622267 0.246141 1.98034 628018
10 0.617005 0.255907 1.98165 628051
10 0.612488 0.265473 1.9834 628085
10 0.609921 0.277285 1.99254 628120
10 0.609634 0.292887 1.98956 628153
10 0.61223 0.307932 1.98524 628185
10 0.615508 0.318921 1.98578 628220
10 0.621718 0.330916 1.98221 628253
10 0.631562 0.346053 1.97424 628286
10 0.637822 0.355862 1.97578 628318
10 0.646518 0.367984 1.9748 628352
10 0.658208 0.375047 1.97326 628385
10 0.670268 0.379436 1.9673 628417
10 0.680908 0.385136 1.96451 628451
10 0.693937 0.390306 1.96764 628486
10 0.707355 0.394857 1.97021 628520
10 0.721855 0.397936 1.9767 628553
10 0.735831 0.403848 1.98792 628586
10 0.748298 0.409498 1.99923 628619
10 0.759107 0.412482 2.01548 628654
10 0.766462 0.420747 2.02978 628687
10 0.77587 0.428553 2.04524 628721
10 0.778321 0.438181 2.05759 628756
10 0.78051 0.450842 2.07247 628789
10 0.779664 0.460649 2.07914 628823
10 0.775721 0.472411 2.0848 628840
10 0.771599 0.488018 2.09468 628891
10 0.772048 0.509593 2.10034 628908
10 0.772787 0.525141 2.08986 628941
10 0.769598 0.536756 2.07818 628976
10 0.758302 0.543137 2.0851 629008
10 0.746569 0.549844 2.0915 629042
10 0.734669 0.55358 2.10037 629093
10 0.723155 0.555406 2.1079 629109
10 0.709475 0.559215 2.11143 629143
10 0.692818 0.568168 2.10545 629177
10 0.672127 0.570046 2.09749 629211
10 0.654075 0.568491 2.0972 629245
10 0.642898 0.5669 2.09784 629279
10 0.632684 0.563255 2.08956 629313
10 0.624078 0.555359 2.08425 629346
10 0.617149 0.55059 2.07609 629380
10 0.608212 0.541716 2.07271 629415
10 0.600489 0.532495 2.05784 629447
10 0.595522 0.524233 2.04644 629479
10 0.591764 0.510326 2.03976 629512
10 0.589842 0.497186 2.03103 629545
10 0.589208 0.481295 2.02396 629578
10 0.592229 0.464921 2.012 629611
10 0.597277 0.454283 1.99237 629645
10 0.603904 0.438301 1.98621 629679
10 0.609881 0.423848 1.98224 629711
10 0.617539 0.410565 1.97334 629744
10 0.628154 0.402432 1.9621 629776
10 0.638359 0.391896 1.95231 629809
10 0.649554 0.382755 1.94647 629859
10 0.658059 0.373907 1.95124 629877
10 0.668928 0.367903 1.9529 629911
10 0.67943 0.363324 1.94918 629944

