Gesto: 8
0 0.194441 0.205538 2.05481 459356
0 0.195729 0.207399 2.05969 459389
0 0.195667 0.207486 2.05612 459423
0 0.198252 0.210555 2.04668 459457
0 0.199517 0.215755 2.04215 459489
0 0.204608 0.22073 2.03824 459523
0 0.206255 0.225732 2.03092 459556
0 0.212075 0.230293 2.02047 459589
0 0.219035 0.237971 2.01766 459623
0 0.225901 0.246052 2.01134 459655
0 0.230935 0.252 1.99984 459689
0 0.236399 0.255057 1.98929 459721
0 0.240328 0.266608 1.98853 459756
0 0.244237 0.279171 1.99076 459789
0 0.246959 0.289659 1.99247 459823
0 0.247314 0.303751 1.98065 459858
0 0.245989 0.314108 1.98392 459891
0 0.242444 0.324458 1.97985 459925
0 0.241442 0.332151 1.99064 459957
0 0.237528 0.337804 1.98541 459991
0 0.229878 0.342767 1.98156 460025
0 0.224762 0.341087 1.97989 460058
0 0.217802 0.337647 1.98244 460090
0 0.213613 0.332195 1.98953 460124
0 0.211836 0.322791 1.99261 460157
0 0.21378 0.315427 1.99395 460191
0 0.217489 0.305555 1.99159 460225
0 0.219234 0.293518 1.98796 460258
0 0.221742 0.282403 1.99021 460291
0 0.228338 0.26977 1.99395 460325
0 0.236945 0.259151 1.99887 460359
0 0.244696 0.249196 1.99306 460392
0 0.252883 0.240482 1.9924 460425
0 0.258133 0.233301 1.99352 460459
0 0.266272 0.223959 1.99561 460492
0 0.270524 0.217119 2.00126 460525
0 0.275766 0.210815 1.99949 460559
0 0.280181 0.20207 2.00275 460592
0 0.283505 0.191224 1.9972 460625
0 0.283609 0.182877 2.00129 460659
0 0.28311 0.17656 2.01419 460693
0 0.282939 0.168442 2.02334 460726
0 0.277142 0.160237 2.03066 460760
0 0.272179 0.156115 2.03738 460793
0 0.266481 0.153824 2.04462 460827
0 0.259858 0.152022 2.04625 460861
0 0.250996 0.150242 2.0482 460894
0 0.244743 0.149724 2.04823 460927
0 0.237737 0.150439 2.05288 460961
0 0.232386 0.154173 2.05216 460996
0 0.227152 0.159524 2.06075 461029
0 0.223144 0.163668 2.06375 461062
0 0.217329 0.174246 2.05761 461094
0 0.213399 0.180912 2.05159 461127
0 0.210686 0.190675 2.05684 461161
0 0.208724 0.198734 2.05775 461195
0 0.208628 0.20838 2.05544 461230
0 0.211068 0.219672 2.04736 461263
0 0.211743 0.231649 2.0398 461296

1 0.381406 0.322151 1.97953 462757
1 0.385231 0.326424 1.97743 462792
1 0.390952 0.326998 1.97545 462825
1 0.395942 0.330508 1.96974 462858
1 0.401254 0.338175 1.96265 462891
1 0.408075 0.344191 1.96368 462924
1 0.41397 0.353767 1.96399 462957
1 0.419111 0.366706 1.96165 462989
1 0.419971 0.382608 1.97246 463022
1 0.416366 0.399757 1.97469 463056
1 0.412608 0.414528 1.9745 463090
1 0.405895 0.425904 1.97356 463123
1 0.4017 0.434715 1.97579 463156
1 0.39412 0.442257 1.97482 463190
1 0.383542 0.44628 1.97621 463224
1 0.373706 0.449603 1.97999 463256
1 0.366368 0.449559 1.98156 463291
1 0.356623 0.444288 1.98557 463323
1 0.350551 0.438213 1.98635 463357
1 0.343531 0.429037 1.97986 463390
1 0.337902 0.417061 1.9843 463422
1 0.335536 0.406089 1.98533 463455
1 0.332698 0.393014 1.97907 463487
1 0.333254 0.379572 1.97432 463537
1 0.33416 0.366913 1.96727 463570
1 0.33435 0.357397 1.96598 463586
1 0.335982 0.345067 1.96475 463637
1 0.339852 0.335696 1.96843 463669
1 0.349473 0.32826 1.97141 463703
1 0.361975 0.320274 1.97391 463736
1 0.371409 0.315598 1.97251 463769
1 0.379337 0.306934 1.96434 463803
1 0.384433 0.30035 1.96449 463835
1 0.390085 0.293838 1.96794 463868
1 0.396177 0.28628 1.97481 463901
1 0.399987 0.281665 1.9767 463935
1 0.400983 0.274695 1.97769 463968
1 0.402975 0.265087 1.98146 464002
1 0.400914 0.257811 1.97966 464037
1 0.400177 0.247945 1.98604 464070
1 0.397776 0.239963 1.98946 464086
1 0.392332 0.233892 1.99836 464136
1 0.389204 0.231754 2.00073 464168
1 0.385197 0.230802 2.00094 464201
1 0.381026 0.233371 2.00631 464234
1 0.378342 0.241259 2.01017 464266
1 0.374274 0.249974 2.00894 464300
1 0.372198 0.261956 2.00654 464334
1 0.371768 0.275148 2.00513 464367
1 0.369687 0.289568 2.00079 464401
1 0.368393 0.304845 1.99976 464435
1 0.370757 0.317029 1.99845 464469
1 0.375136 0.329456 2.00211 464486
1 0.379805 0.338721 2.00012 464537
1 0.381987 0.352146 1.99771 464555
1 0.388406 0.3582 1.99575 464588
1 0.394487 0.36282 1.994 464638
1 0.401228 0.369776 1.99787 464655
1 0.407542 0.376412 1.99695 464706
1 0.413106 0.377564 1.99949 464723

2 0.515803 0.347443 1.9701 469067
2 0.518031 0.352907 1.97189 469101
2 0.518663 0.357907 1.96737 469136
2 0.520909 0.364084 1.96083 469169
2 0.523467 0.367586 1.96195 469203
2 0.526239 0.373099 1.96302 469237
2 0.531435 0.378383 1.96179 469271
2 0.534692 0.388623 1.9619 469305
2 0.539116 0.395628 1.96224 469339
2 0.543628 0.403764 1.96598 469373
2 0.54576 0.411379 1.9681 469408
2 0.550043 0.417275 1.96466 469441
2 0.549447 0.425721 1.96883 469474
2 0.548662 0.431483 1.96961 469506
2 0.548366 0.442496 1.97667 469540
2 0.546371 0.449698 1.9741 469574
2 0.541944 0.453374 1.97271 469608
2 0.540361 0.455901 1.97053 469641
2 0.534276 0.460751 1.96937 469674
2 0.528461 0.46477 1.96349 469706
2 0.52436 0.460877 1.96276 469739
2 0.517827 0.460291 1.95313 469772
2 0.514261 0.458497 1.95023 469806
2 0.512788 0.452816 1.94581 469838
2 0.51162 0.448144 1.94096 469871
2 0.509513 0.443296 1.93766 469903
2 0.510058 0.436057 1.93821 469936
2 0.509979 0.429274 1.9334 469968
2 0.512878 0.424385 1.93237 470000
2 0.511977 0.416847 1.93603 470034
2 0.516337 0.409033 1.93217 470067
2 0.519404 0.400389 1.92932 470100
2 0.520373 0.392873 1.92853 470134
2 0.523805 0.388057 1.93002 470166
2 0.528165 0.379267 1.92987 470200
2 0.531642 0.372999 1.92759 470233
2 0.53332 0.368372 1.92617 470266
2 0.538335 0.359909 1.92386 470298
2 0.54083 0.354869 1.93035 470331
2 0.542108 0.34678 1.93598 470364
2 0.540703 0.341332 1.93277 470396
2 0.538615 0.330933 1.92649 470429
2 0.538985 0.324858 1.92744 470462
2 0.536328 0.318607 1.93174 470495
2 0.531685 0.313346 1.93689 470528
2 0.527081 0.307578 1.93614 470562
2 0.523189 0.301316 1.93359 470596
2 0.518278 0.298906 1.93252 470630
2 0.514797 0.298213 1.93203 470663
2 0.511711 0.297514 1.93977 470697
2 0.50792 0.302403 1.95165 470730
2 0.505675 0.305387 1.95635 470763
2 0.505111 0.3078 1.95801 470795
2 0.503536 0.3101 1.95422 470829
2 0.504914 0.316752 1.95838 470862
2 0.50646 0.321642 1.95926 470896
2 0.507561 0.32704 1.95861 470928
2 0.507967 0.331244 1.95722 470962
2 0.509633 0.336675 1.95773 470994
2 0.512977 0.341307 1.95841 471042
2 0.516261 0.344239 1.95581 471077
2 0.518595 0.344856 1.95883 471093
2 0.523351 0.346365 1.96346 471141
2 0.52552 0.351586 1.96236 471174

3 0.465148 0.625655 2.08411 477739
3 0.466866 0.633768 2.0787 477772
3 0.46946 0.643734 2.08567 477805
3 0.472347 0.652881 2.09379 477838
3 0.475694 0.659094 2.10111 477871
3 0.481168 0.668236 2.10466 477905
3 0.486868 0.678219 2.1076 477939
3 0.4953 0.684384 2.11344 477972
3 0.498398 0.689952 2.12747 478004
3 0.502327 0.698685 2.13182 478038
3 0.50448 0.701805 2.1427 478071
3 0.501634 0.705622 2.15301 478105
3 0.49617 0.709139 2.16986 478138
3 0.489292 0.717045 2.17478 478171
3 0.481104 0.722073 2.17642 478205
3 0.473205 0.725562 2.17605 478237
3 0.463702 0.724819 2.17447 478270
3 0.454991 0.726054 2.17153 478303
3 0.449355 0.724153 2.16245 478336
3 0.444652 0.715907 2.15061 478369
3 0.442077 0.709019 2.14125 478403
3 0.443134 0.703382 2.13249 478437
3 0.445863 0.695673 2.12036 478470
3 0.447274 0.689541 2.10954 478503
3 0.453148 0.683361 2.10793 478536
3 0.458106 0.67539 2.10325 478570
3 0.4626 0.669357 2.09511 478604
3 0.468347 0.66427 2.09676 478638
3 0.472583 0.656644 2.08758 478672
3 0.478655 0.649798 2.09269 478706
3 0.482688 0.645004 2.08803 478739
3 0.485715 0.637964 2.09299 478774
3 0.487542 0.633224 2.0926 478807
3 0.49002 0.628103 2.08628 478840
3 0.488014 0.620229 2.08714 478874
3 0.48451 0.614006 2.0854 478909
3 0.482542 0.607477 2.07858 478942
3 0.478975 0.599667 2.07754 478977
3 0.47592 0.592521 2.07751 479010
3 0.471183 0.582643 2.0765 479044
3 0.467556 0.579846 2.07741 479079
3 0.460026 0.577105 2.07415 479112
3 0.455547 0.574955 2.07093 479145
3 0.452465 0.574569 2.06805 479178
3 0.45019 0.574107 2.0676 479213
3 0.448672 0.57772 2.08219 479246
3 0.448292 0.58245 2.08229 479279
3 0.447737 0.586117 2.08461 479312
3 0.449074 0.592751 2.08959 479345
3 0.451356 0.596983 2.09901 479379
3 0.452802 0.600654 2.10724 479412
3 0.454858 0.60313 2.10885 479446
3 0.457988 0.607628 2.11347 479480
3 0.459683 0.608351 2.11903 479514
3 0.46048 0.609988 2.12475 479547
3 0.462846 0.612007 2.12353 479581
3 0.463136 0.612671 2.11944 479615
3 0.462961 0.612817 2.11772 479649

4 0.179258 0.595626 1.9852 481852
4 0.184737 0.606843 1.98356 481885
4 0.189909 0.620387 1.97992 481902
4 0.19685 0.629286 1.98515 481953
4 0.202851 0.641807 1.98785 481969
4 0.20832 0.654351 1.99048 482017
4 0.212234 0.664311 1.99537 482050
4 0.218464 0.670598 2.00575 482082
4 0.221398 0.68035 2.00858 482115
4 0.221225 0.688155 2.01673 482150
4 0.217252 0.693873 2.02597 482183
4 0.213208 0.694235 2.03627 482216
4 0.206205 0.695612 2.04417 482250
4 0.201104 0.695918 2.05316 482285
4 0.19324 0.695687 2.05603 482302
4 0.186159 0.692954 2.06165 482351
4 0.180647 0.687401 2.05423 482383
4 0.175673 0.681077 2.0448 482418
4 0.173062 0.676513 2.03424 482451
4 0.173336 0.6678 2.02766 482484
4 0.173869 0.66135 2.0191 482502
4 0.175083 0.657376 2.0083 482553
4 0.177797 0.649047 1.99588 482585
4 0.181142 0.643275 1.9852 482618
4 0.186674 0.638374 1.97661 482651
4 0.194107 0.62963 1.96798 482685
4 0.20375 0.624009 1.96481 482719
4 0.210759 0.620252 1.95909 482754
4 0.217172 0.616135 1.95379 482770
4 0.22369 0.612216 1.948 482820
4 0.227022 0.607118 1.94331 482837
4 0.227865 0.602522 1.93749 482871
4 0.228557 0.593908 1.93334 482905
4 0.229093 0.589451 1.92906 482940
4 0.228483 0.582853 1.92518 482973
4 0.224821 0.574227 1.92012 483008
4 0.22174 0.567498 1.91685 483041
4 0.218044 0.562757 1.91692 483076
4 0.211959 0.555688 1.91775 483109
4 0.20836 0.550717 1.92163 483142
4 0.204962 0.547608 1.92299 483176
4 0.199438 0.548568 1.92134 483209
4 0.194196 0.548922 1.92509 483242
4 0.190538 0.54895 1.93424 483275
4 0.188636 0.549367 1.94295 483309
4 0.186957 0.555719 1.94958 483343
4 0.186847 0.561113 1.95695 483376
4 0.186418 0.563932 1.96485 483410
4 0.188679 0.571136 1.96632 483443
4 0.187875 0.577688 1.97072 483477
4 0.190517 0.580872 1.97943 483510
4 0.191771 0.584461 1.98611 483545
4 0.194962 0.592495 1.98962 483579

5 0.681793 0.533024 1.95219 492223
5 0.6834 0.538884 1.95678 492257
5 0.685524 0.543743 1.9579 492291
5 0.686059 0.551686 1.96136 492323
5 0.689397 0.556391 1.96216 492357
5 0.692793 0.561589 1.96871 492390
5 0.694323 0.569287 1.96575 492424
5 0.694699 0.576754 1.96686 492457
5 0.695589 0.586531 1.96813 492490
5 0.696391 0.593373 1.97522 492522
5 0.695832 0.601449 1.98051 492556
5 0.69152 0.609658 1.98535 492589
5 0.68689 0.618443 1.98936 492623
5 0.680536 0.628136 1.98631 492655
5 0.674385 0.633964 1.98673 492687
5 0.670154 0.639548 1.99296 492721
5 0.663923 0.644568 1.99316 492755
5 0.655063 0.649926 1.99721 492787
5 0.647508 0.650595 2.00302 492820
5 0.639862 0.651766 1.99637 492853
5 0.634861 0.646174 1.99448 492887
5 0.630345 0.640467 1.98869 492920
5 0.62696 0.633835 1.98661 492954
5 0.626528 0.624058 1.98144 492987
5 0.627393 0.611806 1.97286 493021
5 0.627314 0.603417 1.96358 493053
5 0.630287 0.594255 1.95793 493085
5 0.631868 0.584751 1.94969 493117
5 0.634685 0.574635 1.94495 493151
5 0.639733 0.567007 1.94333 493186
5 0.644383 0.558653 1.93848 493220
5 0.649243 0.552856 1.93399 493253
5 0.654255 0.547458 1.93356 493285
5 0.66104 0.54469 1.93256 493319
5 0.666893 0.540637 1.93696 493351
5 0.673926 0.53567 1.93393 493383
5 0.677686 0.533207 1.93277 493416
5 0.684153 0.532738 1.93897 493449
5 0.688502 0.530693 1.94049 493483
5 0.690812 0.526764 1.94368 493516
5 0.69379 0.522418 1.94469 493550
5 0.694097 0.515603 1.94907 493584
5 0.694191 0.510674 1.95233 493619
5 0.694242 0.504365 1.94839 493652
5 0.694213 0.497324 1.94542 493686
5 0.693118 0.492093 1.93852 493719
5 0.690808 0.482821 1.9414 493752
5 0.687373 0.473884 1.94117 493786
5 0.683572 0.466436 1.94362 493820
5 0.678301 0.462267 1.94042 493853
5 0.673775 0.45779 1.94005 493887
5 0.667544 0.452087 1.94165 493921
5 0.663187 0.452381 1.94513 493955
5 0.659376 0.452645 1.94424 493990
5 0.655068 0.453736 1.94476 494023
5 0.652255 0.457513 1.94224 494056
5 0.649665 0.45796 1.952 494090
5 0.647768 0.460631 1.95473 494123
5 0.646401 0.465353 1.95473 494156
5 0.645607 0.469418 1.95943 494189
5 0.644137 0.472398 1.95887 494222
5 0.64471 0.475243 1.95186 494256
5 0.645131 0.484246 1.9576 494290
5 0.647345 0.490128 1.95647 494324
5 0.650715 0.497927 1.95656 494359
5 0.651451 0.502041 1.95884 494393
5 0.651023 0.505371 1.95758 494428
5 0.653932 0.509754 1.96076 494461
5 0.656002 0.513736 1.96269 494495
5 0.657951 0.518739 1.96773 494529
5 0.659784 0.525215 1.96659 494562
5 0.662253 0.528919 1.97105 494595
5 0.663724 0.533732 1.97208 494630
5 0.666031 0.53893 1.96893 494646
5 0.667921 0.54242 1.96946 494697
5 0.668847 0.54462 1.96624 494715
5 0.670547 0.545733 1.97384 494748
5 0.671014 0.547899 1.97369 494783
5 0.671615 0.549532 1.97594 494815
5 0.671785 0.550105 1.98086 494849
5 0.671494 0.549859 1.9798 494883

6 0.768797 0.226009 2.06398 498791
6 0.772731 0.228226 2.05568 498826
6 0.773239 0.233625 2.05194 498858
6 0.774867 0.238028 2.0575 498891
6 0.775775 0.241362 2.05217 498924
6 0.781123 0.250413 2.04117 498958
6 0.785567 0.257315 2.04076 498991
6 0.78865 0.263272 2.03898 499024
6 0.795931 0.27423 2.03394 499057
6 0.801107 0.283792 2.03344 499091
6 0.80683 0.298958 2.02955 499124
6 0.81082 0.312134 2.0276 499157
6 0.815073 0.324878 2.01974 499190
6 0.821068 0.335954 2.0221 499223
6 0.825013 0.349531 2.02364 499257
6 0.82774 0.365811 2.0277 499290
6 0.830101 0.385916 2.02856 499324
6 0.830712 0.404185 2.02968 499358
6 0.833368 0.419458 2.03037 499392
6 0.833296 0.441582 2.03256 499425
6 0.832624 0.462984 2.03711 499459
6 0.830105 0.479656 2.04183 499492
6 0.827058 0.496371 2.04262 499524
6 0.822492 0.51255 2.04605 499557
6 0.813386 0.528553 2.04264 499592
6 0.806894 0.540357 2.04603 499625
6 0.794919 0.548643 2.04226 499658
6 0.78341 0.553655 2.03926 499690
6 0.772296 0.558261 2.03316 499723
6 0.761848 0.55782 2.02646 499756
6 0.75019 0.557485 2.01791 499789
6 0.740214 0.550427 2.00865 499823
6 0.729624 0.544367 1.99771 499856
6 0.722138 0.53423 1.98778 499889
6 0.714435 0.523796 1.9786 499921
6 0.709496 0.510186 1.97222 499955
6 0.704487 0.495979 1.96527 499989
6 0.701797 0.482515 1.9593 500021
6 0.700417 0.467585 1.95504 500055
6 0.698138 0.452358 1.94782 500087
6 0.698557 0.437283 1.94353 500122
6 0.702958 0.424737 1.94694 500155
6 0.704721 0.413256 1.94025 500187
6 0.706183 0.40052 1.93509 500221
6 0.713694 0.387964 1.93697 500255
6 0.720537 0.374232 1.94547 500287
6 0.728369 0.362548 1.95017 500319
6 0.737327 0.353227 1.95461 500352
6 0.747433 0.342928 1.95635 500385
6 0.759875 0.334149 1.95747 500420
6 0.767743 0.3284 1.96188 500453
6 0.779749 0.319211 1.97464 500486
6 0.791752 0.311943 1.97758 500520
6 0.801489 0.30258 1.98287 500554
6 0.810325 0.293135 1.99072 500589
6 0.817902 0.281395 1.99722 500621
6 0.822722 0.272733 2.00515 500655
6 0.829946 0.261238 2.0142 500688
6 0.832727 0.248075 2.01895 500721
6 0.834663 0.230976 2.03012 500754
6 0.833337 0.214772 2.02975 500787
6 0.83015 0.202964 2.0278 500820
6 0.829194 0.182672 2.04399 500854
6 0.823509 0.164166 2.05589 500889
6 0.814431 0.152986 2.06537 500921
6 0.805407 0.138759 2.07734 500955
6 0.794045 0.122622 2.08344 500989
6 0.785966 0.110887 2.09376 501022
6 0.775256 0.104983 2.09892 501057
6 0.764363 0.102599 2.10294 501090
6 0.754019 0.101846 2.1055 501125
6 0.744327 0.100972 2.10461 501159
6 0.735912 0.102315 2.09901 501191
6 0.729098 0.104675 2.08724 501225
6 0.724844 0.107763 2.07173 501258
6 0.721378 0.116484 2.06595 501292
6 0.717515 0.128526 2.06831 501324
6 0.716886 0.139051 2.05676 501358
6 0.719047 0.144623 2.04975 501392
6 0.724578 0.155425 2.04392 501426
6 0.727154 0.165608 2.03542 501460
6 0.730606 0.171904 2.02928 501494
6 0.734216 0.181369 2.02006 501528
6 0.739814 0.192035 2.02329 501562
6 0.747284 0.20077 2.02568 501596
6 0.753238 0.211121 2.03098 501630
6 0.761369 0.217591 2.0331 501663
6 0.767457 0.222906 2.03089 501696
6 0.771303 0.228708 2.03667 501729
6 0.777471 0.235739 2.03319 501763
6 0.781773 0.239317 2.03414 501797
6 0.785268 0.242748 2.03587 501830
6 0.788056 0.246332 2.03792 501864
6 0.790618 0.248336 2.03937 501897
6 0.791242 0.248726 2.03759 501930

7 0.757203 0.700252 2.14879 504595
7 0.755882 0.701239 2.14943 504630
7 0.756728 0.701265 2.14641 504663
7 0.758126 0.702149 2.14467 504697
7 0.75974 0.706079 2.14827 504731
7 0.762104 0.712628 2.14577 504764
7 0.765481 0.719893 2.14762 504798
7 0.771567 0.731814 2.14917 504832
7 0.775196 0.74099 2.15734 504865
7 0.778321 0.754229 2.1587 504899
7 0.780435 0.76251 2.16115 504933
7 0.782207 0.775005 2.16516 504966
7 0.783809 0.783957 2.17351 505000
7 0.786405 0.794346 2.17786 505033
7 0.783043 0.804573 2.18121 505067
7 0.784024 0.816437 2.19157 505101
7 0.781585 0.822824 2.20434 505135
7 0.776224 0.829645 2.2056 505169
7 0.77109 0.839513 2.21203 505201
7 0.764609 0.848533 2.21705 505234
7 0.753353 0.85183 2.21356 505268
7 0.742932 0.853624 2.21314 505302
7 0.73176 0.852551 2.20155 505334
7 0.725018 0.851674 2.19335 505367
7 0.712833 0.849753 2.17674 505400
7 0.704984 0.844893 2.1595 505433
7 0.700919 0.833558 2.14635 505467
7 0.696994 0.824024 2.13636 505501
7 0.695926 0.812834 2.11692 505534
7 0.693438 0.802969 2.09599 505568
7 0.696917 0.792525 2.08694 505602
7 0.701241 0.78477 2.07604 505636
7 0.703725 0.773903 2.0609 505670
7 0.713441 0.770052 2.06645 505705
7 0.723473 0.762883 2.07136 505738
7 0.735205 0.759402 2.07277 505755
7 0.747724 0.756745 2.07341 505806
7 0.758271 0.751104 2.08234 505840
7 0.769607 0.746354 2.08833 505856
7 0.780344 0.740826 2.09344 505907
7 0.789915 0.736192 2.0963 505925
7 0.797888 0.727076 2.10061 505958
7 0.804881 0.715784 2.09677 505992
7 0.80828 0.70118 2.09387 506026
7 0.808242 0.689626 2.08224 506060
7 0.808502 0.678401 2.07364 506093
7 0.809306 0.664833 2.06922 506127
7 0.806669 0.649845 2.06932 506161
7 0.803625 0.635004 2.06364 506195
7 0.797468 0.624648 2.06409 506229
7 0.792291 0.613204 2.06337 506263
7 0.784441 0.607281 2.05815 506297
7 0.778197 0.600069 2.05601 506331
7 0.769695 0.597699 2.05703 506365
7 0.763058 0.598181 2.04924 506398
7 0.756008 0.599988 2.04954 506432
7 0.748349 0.601504 2.04546 506465
7 0.745868 0.60688 2.04277 506498
7 0.74273 0.615854 2.04297 506533
7 0.743587 0.621359 2.04288 506566
7 0.741461 0.634398 2.04728 506599
7 0.742031 0.64499 2.04904 506631
7 0.740516 0.652334 2.05381 506664
7 0.741768 0.663504 2.05871 506697
7 0.743527 0.670561 2.06642 506730
7 0.745769 0.677824 2.06974 506763
7 0.748171 0.685 2.07636 506795
7 0.749515 0.693575 2.07862 506828
7 0.750402 0.697994 2.08095 506861
7 0.753482 0.69893 2.08888 506894
7 0.755246 0.700121 2.0898 506927
7 0.754085 0.703595 2.08793 506959
7 0.755118 0.709062 2.09106 506992
7 0.753768 0.707983 2.09044 507025

8 0.319684 0.619006 1.92899 515209
8 0.322189 0.631731 1.9276 515242
8 0.326384 0.647406 1.92668 515275
8 0.32951 0.658763 1.9342 515309
8 0.334556 0.670701 1.93766 515341
8 0.341218 0.687588 1.94176 515374
8 0.352013 0.702505 1.94168 515407
8 0.361757 0.715221 1.94942 515441
8 0.372149 0.729482 1.95978 515473
8 0.380613 0.743486 1.97305 515507
8 0.388909 0.754699 1.98682 515541
8 0.391911 0.770497 2.00065 515575
8 0.392923 0.782038 2.01836 515608
8 0.39399 0.793661 2.0396 515642
8 0.391519 0.802562 2.05172 515676
8 0.386711 0.809119 2.06378 515710
8 0.378817 0.818172 2.07781 515744
8 0.368062 0.824653 2.09037 515778
8 0.352363 0.830583 2.0993 515810
8 0.336387 0.833445 2.1007 515845
8 0.321029 0.833307 2.09606 515878
8 0.308448 0.833022 2.08615 515911
8 0.295889 0.827571 2.07315 515943
8 0.286569 0.824405 2.06812 515976
8 0.279458 0.815014 2.05678 516009
8 0.275959 0.801077 2.03623 516043
8 0.271305 0.786035 2.01939 516077
8 0.266733 0.774751 2.00574 516110
8 0.267283 0.761389 1.98831 516144
8 0.271282 0.749092 1.9706 516179
8 0.276001 0.736517 1.95782 516212
8 0.283316 0.726744 1.94718 516247
8 0.293798 0.718956 1.93474 516280
8 0.303081 0.712482 1.92667 516315
8 0.312122 0.707284 1.92086 516348
8 0.322949 0.698626 1.92271 516365
8 0.336173 0.691779 1.92483 516416
8 0.350032 0.681227 1.92893 516432
8 0.362427 0.673411 1.92499 516466
8 0.373643 0.662565 1.92489 516516
8 0.382664 0.652272 1.92573 516533
8 0.389212 0.641631 1.92331 516567
8 0.39342 0.628356 1.91702 516601
8 0.396398 0.614328 1.91499 516635
8 0.397928 0.599813 1.91673 516667
8 0.396522 0.58477 1.91592 516701
8 0.39223 0.56626 1.91123 516733
8 0.389489 0.552677 1.91126 516767
8 0.381615 0.540412 1.90741 516801
8 0.374327 0.530061 1.90996 516833
8 0.367439 0.522649 1.91493 516867
8 0.359849 0.518268 1.91677 516901
8 0.352275 0.515291 1.91753 516934
8 0.345237 0.516495 1.9144 516967
8 0.33977 0.521446 1.90538 517001
8 0.331124 0.527512 1.90703 517033
8 0.326116 0.537679 1.91258 517066
8 0.322711 0.549831 1.91638 517100
8 0.320148 0.557539 1.92541 517134
8 0.318722 0.570483 1.93115 517168
8 0.318305 0.584542 1.93743 517203
8 0.31634 0.598051 1.94351 517236
8 0.317219 0.608792 1.94828 517269
8 0.319711 0.619277 1.95477 517303
8 0.322894 0.626007 1.9636 517336
8 0.3257 0.632398 1.97229 517371
8 0.326979 0.636095 1.97706 517404
8 0.328076 0.637444 1.97985 517437

9 0.583924 0.18011 1.9593 525447
9 0.588311 0.183786 1.9634 525481
9 0.592257 0.186027 1.9551 525514
9 0.599735 0.187779 1.95559 525548
9 0.606994 0.194948 1.96052 525581
9 0.615525 0.201049 1.95577 525615
9 0.624102 0.207566 1.94942 525649
9 0.631341 0.216903 1.93844 525681
9 0.638292 0.226775 1.92904 525714
9 0.644529 0.236705 1.9204 525746
9 0.648371 0.249448 1.91548 525778
9 0.653007 0.261462 1.91453 525810
9 0.655956 0.276068 1.90878 525842
9 0.654881 0.28995 1.90733 525876
9 0.653092 0.303753 1.90141 525909
9 0.649875 0.31974 1.89507 525943
9 0.644644 0.32993 1.88894 525976
9 0.640768 0.338405 1.88034 526008
9 0.632523 0.348069 1.87859 526042
9 0.62368 0.351993 1.87886 526078
9 0.612318 0.354101 1.87844 526113
9 0.600891 0.354458 1.87264 526146
9 0.591391 0.354582 1.87292 526179
9 0.582083 0.353507 1.86708 526211
9 0.573943 0.346702 1.86485 526244
9 0.566198 0.341825 1.86249 526278
9 0.560299 0.33505 1.86376 526312
9 0.553516 0.328112 1.85914 526345
9 0.549961 0.316248 1.86668 526377
9 0.544326 0.31106 1.86017 526411
9 0.54156 0.299311 1.86239 526446
9 0.540248 0.286899 1.86528 526480
9 0.540004 0.277913 1.86641 526513
9 0.537856 0.268407 1.86391 526546
9 0.539229 0.260346 1.86728 526580
9 0.545393 0.250725 1.86823 526613
9 0.549406 0.242237 1.87215 526646
9 0.557078 0.236711 1.87968 526680
9 0.564152 0.228676 1.87877 526713
9 0.571174 0.222729 1.88087 526747
9 0.577061 0.219365 1.88541 526779
9 0.585 0.214981 1.88975 526814
9 0.592299 0.210635 1.89705 526846
9 0.605451 0.203739 1.908 526879
9 0.613604 0.197896 1.91657 526913
9 0.618428 0.19386 1.91581 526947
9 0.625564 0.185586 1.92178 526981
9 0.63173 0.177718 1.92678 527014
9 0.636875 0.169382 1.92755 527047
9 0.63848 0.16017 1.93178 527081
9 0.63993 0.148582 1.94662 527114
9 0.638129 0.139685 1.94633 527148
9 0.635624 0.127721 1.95481 527180
9 0.631274 0.118416 1.96224 527213
9 0.626335 0.107479 1.97349 527245
9 0.619967 0.0985123 1.98209 527278
9 0.613766 0.0886775 1.98624 527310
9 0.605009 0.0823329 1.98774 527344
9 0.597404 0.0766915 1.98634 527377
9 0.591742 0.0731566 1.99128 527412
9 0.586511 0.0744855 1.98735 527445
9 0.582756 0.0753761 1.98726 527478
9 0.579113 0.081441 1.9888 527512
9 0.577325 0.0864578 1.98635 527546
9 0.574246 0.0918064 1.97958 527580
9 0.573495 0.10134 1.96856 527613
9 0.575248 0.110199 1.95781 527648
9 0.574983 0.119924 1.94904 527681
9 0.574946 0.131467 1.94241 527715
9 0.579856 0.139223 1.94164 527749
9 0.582927 0.150837 1.94548 527784
9 0.586266 0.159749 1.94047 527817
9 0.588396 0.168395 1.93225 527851
9 0.589442 0.174479 1.9165 527885
9 0.594354 0.178711 1.92131 527918
9 0.601272 0.18416 1.92249 527951
9 0.607819 0.185981 1.92145 527985
9 0.613825 0.18855 1.92577 528018
9 0.6187 0.19048 1.93332 528052

