Gesto: 8
0 0.614033 0.431766 1.6355 439360
0 0.616064 0.434772 1.64043 439394
0 0.619515 0.436734 1.6449 439426
0 0.623804 0.43796 1.64433 439460
0 0.630147 0.435611 1.64139 439492
0 0.63754 0.430043 1.63422 439526
0 0.643584 0.419641 1.62706 439559
0 0.649418 0.403803 1.6179 439593
0 0.655209 0.381388 1.60681 439627
0 0.658951 0.357603 1.59421 439662
0 0.660692 0.331231 1.58733 439694
0 0.660851 0.305411 1.5815 439728
0 0.657761 0.28115 1.57807 439761
0 0.652975 0.25753 1.57576 439795
0 0.644661 0.234639 1.57708 439828
0 0.6355 0.216511 1.57938 439862
0 0.625085 0.200335 1.58195 439896
0 0.613157 0.189354 1.58314 439930
0 0.6007 0.183024 1.58496 439964
0 0.591112 0.180424 1.58688 439998
0 0.580885 0.183145 1.58815 440031
0 0.572726 0.189398 1.58812 440065
0 0.565968 0.19817 1.58436 440099
0 0.557615 0.210724 1.58278 440116
0 0.555601 0.224852 1.58522 440166
0 0.555048 0.241409 1.58414 440200
0 0.55531 0.256908 1.58633 440218
0 0.558369 0.273356 1.58642 440268
0 0.562268 0.290331 1.58595 440285
0 0.571276 0.306481 1.59373 440319
0 0.580226 0.322551 1.60117 440354
0 0.588431 0.335568 1.60489 440388
0 0.597747 0.35091 1.6117 440422
0 0.60856 0.361584 1.62668 440455
0 0.621599 0.375936 1.63927 440488
0 0.633895 0.390331 1.64961 440520
0 0.643184 0.402629 1.66245 440555
0 0.649286 0.415768 1.67723 440587
0 0.650427 0.433111 1.69256 440621
0 0.64839 0.4486 1.7026 440654
0 0.642451 0.464674 1.71343 440686
0 0.634294 0.477402 1.72141 440720
0 0.62334 0.488536 1.72823 440753
0 0.612104 0.496424 1.73386 440785
0 0.599899 0.500089 1.7336 440837
0 0.587487 0.501766 1.73088 440853
0 0.575416 0.500214 1.72587 440887
0 0.564252 0.493208 1.72572 440920
0 0.554777 0.488251 1.72059 440953
0 0.548289 0.478568 1.70843 440987
0 0.542371 0.464946 1.68143 441020
0 0.5384 0.450163 1.65457 441051
0 0.540333 0.434749 1.64101 441085
0 0.542441 0.419372 1.62438 441135
0 0.547278 0.406902 1.61045 441152
0 0.553816 0.394171 1.602 441185
0 0.564702 0.384621 1.59574 441219
0 0.576149 0.375485 1.59339 441253
0 0.587433 0.367019 1.58791 441285
0 0.599374 0.36181 1.58834 441320
0 0.611624 0.356454 1.58694 441353
0 0.621559 0.350423 1.5851 441386

1 0.563712 0.332777 1.60083 442391
1 0.564172 0.332779 1.59945 442425
1 0.562059 0.333917 1.59721 442457
1 0.559041 0.332954 1.59227 442491
1 0.557226 0.326574 1.59041 442524
1 0.55584 0.317992 1.58553 442556
1 0.553072 0.307213 1.58163 442589
1 0.550623 0.294689 1.57768 442621
1 0.548903 0.27748 1.57523 442654
1 0.548716 0.262675 1.57347 442687
1 0.550476 0.24918 1.57305 442720
1 0.55376 0.232147 1.572 442770
1 0.559913 0.216764 1.57233 442787
1 0.568104 0.204069 1.5758 442821
1 0.576968 0.193053 1.5795 442870
1 0.586735 0.184296 1.58468 442887
1 0.599595 0.179598 1.59043 442921
1 0.612395 0.176545 1.59619 442971
1 0.625851 0.180532 1.59948 442988
1 0.636498 0.187273 1.60759 443022
1 0.646033 0.198287 1.61513 443055
1 0.656412 0.211824 1.62141 443089
1 0.664434 0.230159 1.62763 443124
1 0.668809 0.247975 1.63308 443156
1 0.668209 0.266083 1.63687 443190
1 0.663601 0.284745 1.63686 443224
1 0.658724 0.301531 1.63561 443257
1 0.652113 0.317562 1.63276 443290
1 0.643118 0.333035 1.63269 443323
1 0.634315 0.346801 1.63386 443357
1 0.623698 0.361015 1.63516 443390
1 0.612542 0.375917 1.63724 443423
1 0.602995 0.386914 1.64199 443457
1 0.592985 0.398185 1.64306 443490
1 0.585194 0.406952 1.64367 443525
1 0.577955 0.417261 1.64365 443557
1 0.572736 0.428494 1.64721 443590
1 0.571355 0.438394 1.6565 443623
1 0.571999 0.449995 1.66586 443656
1 0.575881 0.460183 1.67549 443690
1 0.582064 0.466886 1.68288 443724
1 0.58993 0.473551 1.69307 443757
1 0.598299 0.479338 1.70228 443789
1 0.609528 0.482873 1.71167 443823
1 0.61968 0.486351 1.7169 443856
1 0.629398 0.486286 1.7185 443888
1 0.6373 0.483623 1.71729 443923
1 0.647321 0.477675 1.716 443956
1 0.655163 0.468934 1.71042 443989
1 0.662515 0.455798 1.70367 444023
1 0.666714 0.443455 1.69148 444057
1 0.666371 0.428995 1.67716 444091
1 0.66557 0.412373 1.66316 444125
1 0.661029 0.397967 1.64652 444159
1 0.654141 0.383269 1.62901 444192
1 0.645246 0.369429 1.61431 444225
1 0.63511 0.356569 1.59962 444259
1 0.62357 0.346468 1.58738 444293
1 0.611582 0.337279 1.57421 444325
1 0.600195 0.331049 1.56284 444359
1 0.58946 0.322481 1.55214 444393
1 0.579538 0.314324 1.54452 444426
1 0.571272 0.303941 1.5353 444460
1 0.563838 0.293841 1.52447 444494
1 0.559924 0.284739 1.51861 444528
1 0.556876 0.272991 1.51428 444562
1 0.556439 0.263173 1.5122 444596
1 0.56001 0.250334 1.50859 444628
1 0.563082 0.237833 1.50691 444662

2 0.560525 0.299724 1.56954 445399
2 0.558959 0.300734 1.56596 445433
2 0.557486 0.29991 1.55973 445466
2 0.556681 0.297418 1.55697 445499
2 0.555312 0.291902 1.55242 445533
2 0.555014 0.286886 1.54682 445566
2 0.556396 0.27897 1.54212 445598
2 0.557531 0.268744 1.53813 445632
2 0.560425 0.257561 1.53583 445665
2 0.56429 0.246635 1.53517 445699
2 0.56903 0.235279 1.53262 445733
2 0.573842 0.225986 1.53479 445767
2 0.580886 0.218546 1.53777 445802
2 0.589754 0.213158 1.54448 445834
2 0.599696 0.210276 1.55155 445868
2 0.60915 0.209964 1.55582 445903
2 0.619781 0.214228 1.56112 445937
2 0.627946 0.222205 1.57026 445954
2 0.636369 0.231941 1.5804 446004
2 0.645187 0.245914 1.58455 446039
2 0.650906 0.259918 1.58915 446055
2 0.653932 0.275765 1.59829 446105
2 0.656068 0.295332 1.60348 446122
2 0.655645 0.315089 1.6092 446155
2 0.651547 0.33135 1.61175 446205
2 0.646865 0.347499 1.61469 446238
2 0.638063 0.360782 1.61692 446255
2 0.628936 0.373614 1.61752 446305
2 0.61776 0.385327 1.62059 446322
2 0.60568 0.395155 1.62243 446372
2 0.594113 0.404391 1.62449 446406
2 0.581873 0.413056 1.62627 446422
2 0.573826 0.420385 1.63009 446472
2 0.567606 0.427937 1.63659 446490
2 0.56238 0.436626 1.63957 446523
2 0.56384 0.447112 1.6462 446575
2 0.567452 0.457063 1.65494 446591
2 0.572016 0.46424 1.66413 446624
2 0.579245 0.472961 1.67277 446675
2 0.588739 0.479989 1.68088 446692
2 0.59868 0.484955 1.68956 446724
2 0.608806 0.488549 1.69623 446774
2 0.620461 0.489263 1.70013 446806
2 0.629859 0.488201 1.69737 446823
2 0.64089 0.482362 1.69494 446872
2 0.650341 0.474121 1.69209 446905
2 0.658098 0.463996 1.68536 446922
2 0.665253 0.449318 1.67706 446973
2 0.668374 0.43323 1.66773 446990
2 0.667147 0.418871 1.65285 447024
2 0.664531 0.40474 1.63946 447074
2 0.659734 0.391041 1.62437 447091
2 0.651613 0.377648 1.609 447126
2 0.642685 0.366263 1.59468 447158
2 0.631499 0.355769 1.58506 447192
2 0.620772 0.349915 1.57517 447225
2 0.609287 0.343309 1.5673 447258
2 0.600235 0.338814 1.55796 447292
2 0.588903 0.334825 1.54887 447326
2 0.578959 0.331303 1.542 447361
2 0.570768 0.324758 1.53624 447394
2 0.562584 0.31943 1.53046 447427
2 0.558264 0.312607 1.52343 447461
2 0.554728 0.303109 1.5173 447495
2 0.553937 0.295393 1.51256 447530
2 0.553775 0.283536 1.50624 447563
2 0.553344 0.272921 1.50205 447595
2 0.556509 0.263093 1.50003 447629
2 0.560794 0.252222 1.49754 447663
2 0.565682 0.239914 1.49307 447698
2 0.570374 0.229992 1.4935 447732
2 0.576984 0.219079 1.49636 447765
2 0.582751 0.209113 1.49883 447798
2 0.58799 0.201059 1.50549 447830

3 0.553179 0.254793 1.53595 448533
3 0.557674 0.2507 1.53343 448568
3 0.561237 0.246789 1.53101 448602
3 0.566092 0.240012 1.52922 448635
3 0.571005 0.234884 1.527 448668
3 0.577149 0.228162 1.52124 448702
3 0.583813 0.222978 1.51889 448735
3 0.590435 0.21947 1.51882 448768
3 0.600102 0.215891 1.52341 448802
3 0.609895 0.214671 1.52671 448836
3 0.618202 0.214006 1.53271 448869
3 0.628127 0.218172 1.54 448902
3 0.637415 0.221961 1.5463 448935
3 0.645287 0.228345 1.55325 448968
3 0.651576 0.238993 1.56008 449002
3 0.657438 0.251158 1.57177 449036
3 0.662006 0.264633 1.57863 449070
3 0.663735 0.282518 1.58627 449104
3 0.661283 0.295811 1.59244 449137
3 0.658573 0.314226 1.59376 449170
3 0.653053 0.33121 1.5954 449204
3 0.646439 0.344492 1.59599 449238
3 0.638559 0.356253 1.59551 449271
3 0.631831 0.366525 1.59493 449304
3 0.625193 0.374996 1.59853 449337
3 0.618436 0.383118 1.59682 449370
3 0.612464 0.390335 1.60092 449403
3 0.606472 0.397605 1.60294 449436
3 0.601081 0.406239 1.60604 449470
3 0.594452 0.414902 1.61023 449504
3 0.588599 0.424321 1.61646 449538
3 0.584068 0.435251 1.62517 449571
3 0.582114 0.445311 1.63658 449604
3 0.584032 0.457068 1.64703 449638
3 0.588507 0.465926 1.65774 449672
3 0.59659 0.472882 1.66719 449705
3 0.605845 0.47567 1.67703 449739
3 0.617059 0.475414 1.68461 449773
3 0.628155 0.475527 1.68372 449806
3 0.63811 0.473299 1.68176 449839
3 0.650393 0.46649 1.68108 449873
3 0.658966 0.457999 1.6803 449906
3 0.667574 0.446474 1.67961 449941
3 0.674962 0.434732 1.67666 449975
3 0.679475 0.423235 1.66849 450009
3 0.681964 0.409069 1.65993 450026
3 0.682732 0.394595 1.65056 450074
3 0.680568 0.382048 1.63589 450109
3 0.674456 0.369928 1.62355 450141
3 0.666995 0.36021 1.61081 450174
3 0.658253 0.351088 1.59808 450208
3 0.648671 0.344504 1.58546 450241
3 0.636899 0.338029 1.57681 450274
3 0.624656 0.333144 1.56962 450307
3 0.612859 0.330875 1.56158 450340
3 0.601556 0.329034 1.55408 450372
3 0.590132 0.329311 1.54589 450405
3 0.580105 0.325062 1.53515 450438
3 0.572011 0.322693 1.52722 450470
3 0.56651 0.31904 1.51946 450504
3 0.561399 0.31307 1.51262 450537
3 0.559281 0.304667 1.50452 450571
3 0.559887 0.297164 1.49915 450603
3 0.561213 0.286024 1.49065 450637
3 0.563866 0.276236 1.48305 450670
3 0.567781 0.265247 1.47978 450703
3 0.571478 0.254962 1.47643 450737
3 0.578096 0.245909 1.47566 450771
3 0.585117 0.23592 1.4771 450804
3 0.592013 0.230004 1.47932 450837
3 0.600288 0.224747 1.48509 450870
3 0.607772 0.222188 1.49051 450904
3 0.615652 0.220133 1.49985 450938
3 0.623067 0.220834 1.50663 450971
3 0.629885 0.224145 1.51488 451004
3 0.637599 0.228201 1.52005 451037
3 0.64309 0.233771 1.52589 451070
3 0.646984 0.242623 1.53389 451104
3 0.649386 0.253835 1.53992 451139
3 0.651689 0.262202 1.54654 451173
3 0.650804 0.273408 1.55044 451208
3 0.647705 0.285239 1.55394 451241
3 0.644805 0.297861 1.55519 451275
3 0.640294 0.311444 1.55682 451309
3 0.636036 0.326207 1.55973 451343
3 0.630594 0.339292 1.56242 451377

4 0.609942 0.338042 1.56226 452164
4 0.609452 0.338497 1.56315 452198
4 0.607121 0.340081 1.56297 452231
4 0.606331 0.343036 1.56263 452265
4 0.603333 0.347092 1.56246 452299
4 0.599731 0.349634 1.56063 452332
4 0.595335 0.351064 1.55907 452364
4 0.588271 0.350349 1.55115 452413
4 0.58199 0.3471 1.54613 452429
4 0.576217 0.344389 1.54092 452463
4 0.569697 0.337406 1.53389 452512
4 0.566211 0.33018 1.52744 452529
4 0.561604 0.320598 1.5187 452563
4 0.557979 0.310669 1.512 452596
4 0.557268 0.298845 1.50354 452628
4 0.557267 0.287709 1.50137 452661
4 0.558805 0.276828 1.49694 452710
4 0.561697 0.265528 1.49308 452743
4 0.564062 0.254271 1.48926 452776
4 0.568516 0.242567 1.48771 452809
4 0.57169 0.232873 1.48735 452844
4 0.578328 0.225813 1.48952 452861
4 0.586097 0.219714 1.49235 452911
4 0.592454 0.214985 1.49672 452929
4 0.601809 0.212298 1.50353 452961
4 0.612065 0.210874 1.50829 453011
4 0.620934 0.211736 1.51745 453046
4 0.628846 0.213718 1.51967 453063
4 0.637095 0.220123 1.5261 453114
4 0.643792 0.228005 1.53526 453131
4 0.650523 0.234743 1.54584 453165
4 0.655946 0.245078 1.55265 453197
4 0.658982 0.256763 1.56043 453230
4 0.660064 0.269817 1.56597 453264
4 0.658141 0.287502 1.56754 453297
4 0.655857 0.30125 1.56611 453331
4 0.649947 0.316691 1.56348 453365
4 0.642613 0.329709 1.5627 453399
4 0.634145 0.342671 1.56418 453433
4 0.624566 0.356556 1.57014 453465
4 0.615013 0.369258 1.57462 453499
4 0.60529 0.380824 1.57683 453531
4 0.599198 0.392923 1.57881 453565
4 0.594002 0.401968 1.58481 453597
4 0.590215 0.411149 1.59103 453630
4 0.586967 0.420873 1.59719 453679
4 0.585061 0.430961 1.60595 453696
4 0.585714 0.439894 1.61706 453731
4 0.589967 0.448637 1.62679 453780
4 0.594401 0.456652 1.63619 453796
4 0.599098 0.464536 1.64554 453828
4 0.605931 0.470002 1.65756 453877
4 0.614641 0.477373 1.66688 453910
4 0.622436 0.482789 1.67146 453943
4 0.630324 0.48543 1.67498 453976
4 0.639175 0.486115 1.67704 454009
4 0.646502 0.484628 1.67967 454043
4 0.655899 0.478686 1.67986 454076
4 0.66347 0.472635 1.6756 454109
4 0.670544 0.463374 1.67378 454144
4 0.674852 0.449711 1.67144 454177
4 0.676473 0.436313 1.66758 454210
4 0.675873 0.422953 1.65852 454245
4 0.67435 0.4091 1.64809 454278
4 0.671351 0.396198 1.63678 454312
4 0.666737 0.3846 1.62515 454329
4 0.660535 0.374063 1.61353 454364
4 0.651672 0.365015 1.60214 454397
4 0.643491 0.357535 1.59252 454430
4 0.633343 0.35115 1.58412 454464
4 0.624618 0.346619 1.57799 454497
4 0.61556 0.343097 1.57222 454531
4 0.608254 0.342771 1.56789 454564
4 0.601375 0.342182 1.56038 454598
4 0.595321 0.341045 1.55589 454632
4 0.588646 0.341733 1.55042 454666
4 0.584034 0.339252 1.54442 454700
4 0.582055 0.33606 1.53854 454734
4 0.580038 0.332812 1.53439 454768
4 0.579714 0.326445 1.52778 454802
4 0.579798 0.317435 1.52067 454835
4 0.579662 0.310166 1.5159 454869
4 0.580097 0.301379 1.51163 454903
4 0.580508 0.294173 1.50807 454937

5 0.561461 0.312672 1.50775 455677
5 0.561088 0.311688 1.50302 455711
5 0.561581 0.309687 1.5006 455744
5 0.561786 0.306628 1.49776 455777
5 0.561598 0.302912 1.49299 455811
5 0.562024 0.297019 1.49157 455844
5 0.562953 0.290583 1.48908 455877
5 0.565463 0.283801 1.48721 455910
5 0.568695 0.274615 1.48321 455944
5 0.57165 0.264991 1.48317 455977
5 0.576164 0.254983 1.48228 456012
5 0.580016 0.245459 1.48638 456045
5 0.585103 0.235972 1.48969 456079
5 0.591414 0.228548 1.496 456112
5 0.598697 0.223254 1.5018 456146
5 0.607273 0.220229 1.50877 456180
5 0.61485 0.217125 1.51518 456215
5 0.622373 0.21535 1.52226 456232
5 0.630856 0.215118 1.52766 456266
5 0.63993 0.219623 1.53308 456299
5 0.648666 0.225638 1.54219 456333
5 0.654456 0.233334 1.54871 456366
5 0.661039 0.24365 1.55521 456399
5 0.666498 0.255969 1.5619 456432
5 0.669632 0.269128 1.56555 456465
5 0.669235 0.282265 1.57041 456517
5 0.667898 0.295497 1.57397 456533
5 0.664791 0.310129 1.57491 456567
5 0.659287 0.32362 1.57223 456600
5 0.651238 0.331887 1.56806 456633
5 0.644554 0.340703 1.56626 456667
5 0.6367 0.346443 1.5675 456701
5 0.629349 0.351061 1.56491 456735
5 0.622059 0.354657 1.56539 456768
5 0.618352 0.362254 1.56604 456800
5 0.613239 0.369866 1.56704 456833
5 0.608819 0.375576 1.57173 456867
5 0.605111 0.384183 1.57627 456900
5 0.60214 0.392616 1.58097 456934
5 0.601082 0.401765 1.58772 456967
5 0.600475 0.410619 1.59666 457000
5 0.598745 0.420383 1.60542 457033
5 0.599091 0.432726 1.6113 457083
5 0.601768 0.442665 1.62316 457099
5 0.605134 0.452985 1.63528 457133
5 0.609757 0.460492 1.64779 457182
5 0.615331 0.466971 1.65509 457199
5 0.622904 0.470762 1.66127 457233
5 0.630405 0.473132 1.66496 457282
5 0.63735 0.473119 1.66711 457299
5 0.644244 0.472195 1.66719 457332
5 0.652333 0.466036 1.6678 457383
5 0.657895 0.461006 1.66073 457400
5 0.662886 0.45089 1.65433 457433
5 0.66715 0.440289 1.6484 457467
5 0.669162 0.428667 1.63826 457500
5 0.66916 0.416198 1.63015 457534
5 0.668274 0.405903 1.62233 457567
5 0.666799 0.395215 1.61281 457600
5 0.662682 0.387465 1.60385 457634
5 0.656996 0.376185 1.59243 457667
5 0.649684 0.365752 1.57959 457701
5 0.643265 0.358584 1.57052 457735
5 0.634651 0.350953 1.56245 457769
5 0.626598 0.345382 1.55627 457802
5 0.618179 0.341816 1.54949 457837
5 0.610632 0.337339 1.54507 457870
5 0.60333 0.33445 1.53814 457903
5 0.596771 0.331722 1.53696 457936
5 0.590664 0.329926 1.53212 457969
5 0.586103 0.329142 1.52471 458003
5 0.580166 0.326496 1.51955 458037
5 0.576651 0.323029 1.51407 458071
5 0.574225 0.315785 1.50795 458106
5 0.574746 0.307195 1.50231 458139
5 0.574303 0.299446 1.49635 458172
5 0.575657 0.290206 1.48927 458205
5 0.576718 0.281607 1.48421 458238
5 0.580129 0.270743 1.48019 458272
5 0.58259 0.261161 1.4761 458306
5 0.585034 0.251032 1.47361 458339
5 0.588734 0.244245 1.47283 458372

6 0.561104 0.243096 1.49936 459012
6 0.562804 0.240538 1.49975 459045
6 0.566605 0.238144 1.49831 459079
6 0.569299 0.236593 1.49565 459112
6 0.572351 0.233894 1.4929 459146
6 0.576911 0.22975 1.48951 459180
6 0.58317 0.226528 1.49056 459213
6 0.589104 0.224582 1.4922 459246
6 0.599064 0.221867 1.49511 459279
6 0.607519 0.22143 1.49813 459313
6 0.616207 0.222448 1.50363 459345
6 0.624781 0.226137 1.50594 459379
6 0.631173 0.231154 1.51244 459413
6 0.637072 0.237625 1.51675 459447
6 0.642786 0.24589 1.52268 459480
6 0.645556 0.255081 1.52939 459515
6 0.647951 0.264098 1.53104 459547
6 0.647692 0.274718 1.53408 459582
6 0.645921 0.286579 1.53616 459614
6 0.643635 0.298712 1.5384 459647
6 0.64014 0.307881 1.54162 459681
6 0.635308 0.317685 1.5447 459715
6 0.630111 0.329815 1.5463 459749
6 0.62404 0.33875 1.54681 459766
6 0.617703 0.349139 1.54828 459817
6 0.611705 0.359433 1.55158 459850
6 0.605369 0.369886 1.55526 459866
6 0.601306 0.380212 1.56117 459917
6 0.596444 0.392299 1.5671 459934
6 0.592789 0.402602 1.57571 459968
6 0.589858 0.412638 1.58677 460017
6 0.58781 0.421985 1.59762 460050
6 0.58696 0.433414 1.60792 460067
6 0.588236 0.442329 1.6225 460119
6 0.591103 0.450895 1.63149 460135
6 0.595729 0.457478 1.64524 460168
6 0.601483 0.463749 1.65564 460217
6 0.608719 0.468943 1.6668 460250
6 0.614722 0.471073 1.67372 460266
6 0.622828 0.471621 1.67816 460317
6 0.630673 0.470472 1.67928 460350
6 0.637328 0.465036 1.67661 460367
6 0.644445 0.458158 1.67377 460418
6 0.65219 0.447923 1.66903 460435
6 0.65776 0.436517 1.66267 460470
6 0.658933 0.426211 1.653 460503
6 0.659239 0.412852 1.64428 460537
6 0.65831 0.399324 1.63412 460571
6 0.656327 0.387064 1.62679 460605
6 0.653196 0.378002 1.61166 460638
6 0.647942 0.367105 1.60109 460671
6 0.640651 0.359526 1.59125 460703
6 0.633279 0.353159 1.58299 460737
6 0.62444 0.349375 1.5753 460771
6 0.615484 0.347634 1.56921 460806
6 0.607984 0.348973 1.56613 460839
6 0.599574 0.351234 1.56097 460871
6 0.591094 0.353598 1.55492 460905
6 0.585152 0.353982 1.55119 460939
6 0.579761 0.353507 1.54465 460973
6 0.57489 0.349481 1.5377 461007
6 0.569968 0.344715 1.52953 461040
6 0.566791 0.335364 1.52341 461073
6 0.564835 0.326007 1.51583 461107
6 0.564589 0.314133 1.50848 461141
6 0.563694 0.302786 1.50215 461174
6 0.564054 0.288211 1.49449 461207
6 0.564062 0.275862 1.48759 461239
6 0.564357 0.265151 1.48632 461273
6 0.566781 0.254195 1.48508 461306
6 0.569684 0.242484 1.48434 461338
6 0.572061 0.233518 1.48513 461373
6 0.574318 0.226435 1.48772 461406
6 0.578594 0.220374 1.48899 461439
6 0.582318 0.215423 1.49161 461473

7 0.574573 0.231611 1.49855 462175
7 0.577259 0.227038 1.49986 462209
7 0.579718 0.224184 1.50022 462243
7 0.581902 0.221946 1.50023 462275
7 0.586686 0.218332 1.50217 462308
7 0.591821 0.216894 1.50512 462340
7 0.598503 0.214374 1.5057 462374
7 0.605644 0.21127 1.50736 462408
7 0.614399 0.209907 1.51284 462441
7 0.623923 0.211287 1.51735 462476
7 0.633074 0.212785 1.52246 462509
7 0.641582 0.218626 1.52889 462542
7 0.650423 0.226951 1.53848 462577
7 0.656849 0.236163 1.54613 462610
7 0.66061 0.249433 1.55248 462643
7 0.663305 0.262126 1.56104 462677
7 0.662782 0.278395 1.56557 462710
7 0.661661 0.294685 1.56952 462744
7 0.656957 0.311404 1.57047 462777
7 0.651446 0.327872 1.56948 462811
7 0.644626 0.345587 1.57037 462844
7 0.636678 0.361461 1.57215 462879
7 0.626647 0.374685 1.57379 462913
7 0.618151 0.38737 1.57961 462946
7 0.609264 0.400272 1.5878 462980
7 0.602978 0.412151 1.59609 463014
7 0.597436 0.425949 1.60185 463047
7 0.591574 0.437573 1.60925 463080
7 0.588856 0.451559 1.62059 463113
7 0.58595 0.465852 1.63085 463148
7 0.586039 0.4765 1.64404 463182
7 0.587529 0.486648 1.65893 463216
7 0.591118 0.496268 1.67162 463249
7 0.5978 0.502051 1.6851 463282
7 0.602898 0.508588 1.69373 463316
7 0.611859 0.508464 1.70356 463350
7 0.622004 0.507519 1.7088 463383
7 0.630507 0.504789 1.7078 463417
7 0.639415 0.497366 1.70501 463451
7 0.647492 0.48613 1.70417 463485
7 0.654862 0.477138 1.70024 463518
7 0.659559 0.464425 1.69267 463551
7 0.661882 0.454108 1.68704 463585
7 0.662042 0.443476 1.67871 463618
7 0.659952 0.432884 1.66701 463653
7 0.655615 0.421684 1.65611 463670
7 0.651436 0.410727 1.64266 463720
7 0.644568 0.402601 1.62972 463752
7 0.636745 0.39448 1.61779 463784
7 0.627874 0.388011 1.60995 463817
7 0.617564 0.38406 1.60268 463850
7 0.608853 0.379241 1.59765 463883
7 0.59935 0.377967 1.58814 463916
7 0.590771 0.375449 1.58289 463948
7 0.583308 0.372648 1.57495 463982
7 0.577278 0.370275 1.56581 464017
7 0.574244 0.367155 1.55934 464051
7 0.57103 0.362418 1.55341 464084
7 0.569591 0.355284 1.54331 464117
7 0.57096 0.345618 1.53463 464152
7 0.572058 0.33377 1.52674 464185
7 0.574064 0.323868 1.51876 464218
7 0.576512 0.310225 1.511 464252
7 0.579174 0.297892 1.50458 464285
7 0.581623 0.286539 1.50158 464317
7 0.584911 0.275134 1.49882 464351
7 0.58876 0.262433 1.49732 464384
7 0.590003 0.250925 1.49255 464417
7 0.593451 0.241231 1.49548 464451
7 0.596334 0.233092 1.49784 464485
7 0.602363 0.224622 1.50349 464519
7 0.607882 0.21832 1.50921 464551
7 0.610273 0.213273 1.50931 464584
7 0.615598 0.208721 1.51241 464617
7 0.620416 0.204711 1.51647 464650
7 0.626504 0.201732 1.52074 464683

8 0.602459 0.209801 1.52793 465284
8 0.60241 0.207697 1.52435 465318
8 0.604951 0.206222 1.52249 465352
8 0.607436 0.206259 1.51888 465385
8 0.612282 0.206427 1.51754 465417
8 0.61774 0.207508 1.51683 465449
8 0.623599 0.211324 1.51553 465483
8 0.629616 0.214046 1.51618 465518
8 0.636619 0.216598 1.51776 465551
8 0.643375 0.222878 1.52123 465585
8 0.650431 0.229404 1.52493 465619
8 0.654424 0.236772 1.53066 465652
8 0.658602 0.245857 1.53481 465685
8 0.662312 0.256899 1.53928 465719
8 0.663827 0.269711 1.54459 465751
8 0.663913 0.282666 1.54848 465785
8 0.662711 0.296107 1.55203 465818
8 0.65838 0.310622 1.55271 465852
8 0.654251 0.324245 1.55331 465886
8 0.646644 0.336342 1.55264 465919
8 0.638198 0.346228 1.55159 465953
8 0.63018 0.357674 1.55455 465986
8 0.620969 0.368971 1.55401 466019
8 0.612623 0.378353 1.5579 466053
8 0.606169 0.386681 1.5621 466087
8 0.59959 0.395108 1.56661 466122
8 0.594729 0.403368 1.57466 466154
8 0.590556 0.410483 1.58486 466187
8 0.587362 0.420996 1.59386 466220
8 0.584879 0.432914 1.60237 466253
8 0.58379 0.445398 1.61563 466287
8 0.585039 0.457611 1.62758 466321
8 0.587818 0.469591 1.63869 466355
8 0.59137 0.479721 1.6534 466389
8 0.597741 0.488324 1.6654 466406
8 0.606454 0.495945 1.67556 466455
8 0.615277 0.49917 1.68179 466487
8 0.621345 0.50085 1.68622 466505
8 0.630851 0.499176 1.68844 466554
8 0.638839 0.493669 1.69017 466587
8 0.645794 0.488103 1.68756 466621
8 0.654189 0.478559 1.68444 466654
8 0.66036 0.467436 1.67949 466687
8 0.665878 0.456225 1.67655 466720
8 0.669751 0.440715 1.66738 466755
8 0.670911 0.427258 1.65675 466788
8 0.670343 0.413403 1.64528 466823
8 0.668222 0.397419 1.62691 466856
8 0.663012 0.384781 1.61745 466873
8 0.655475 0.372664 1.6053 466923
8 0.647619 0.363485 1.59599 466958
8 0.638723 0.356082 1.58808 466975
8 0.628164 0.349053 1.57947 467024
8 0.618979 0.344553 1.57144 467041
8 0.609406 0.34094 1.56453 467074
8 0.601935 0.3356 1.56023 467123
8 0.594916 0.330851 1.5531 467157
8 0.58834 0.326546 1.54497 467173
8 0.581444 0.321193 1.53708 467225
8 0.576158 0.316857 1.52971 467242
8 0.570979 0.309324 1.52203 467275
8 0.568167 0.301576 1.51433 467309
8 0.565772 0.294631 1.50991 467343
8 0.564429 0.28581 1.50407 467377
8 0.564681 0.276078 1.49941 467411
8 0.56494 0.264978 1.49475 467445
8 0.566586 0.254743 1.49306 467480
8 0.568744 0.245456 1.49227 467513
8 0.57086 0.234516 1.4906 467546
8 0.573653 0.224906 1.49324 467580
8 0.578898 0.215538 1.49849 467613
8 0.583106 0.206648 1.50008 467647
8 0.587454 0.200347 1.50348 467680
8 0.592534 0.195815 1.50835 467714
8 0.598323 0.19486 1.51264 467747
8 0.605663 0.197262 1.51602 467781
8 0.61124 0.198613 1.51848 467813
8 0.618047 0.2018 1.52436 467847

9 0.60132 0.210294 1.52586 468547
9 0.602378 0.207386 1.52315 468580
9 0.606248 0.206122 1.52198 468615
9 0.610298 0.205539 1.52142 468648
9 0.615468 0.205644 1.51813 468682
9 0.619967 0.206393 1.52042 468715
9 0.626785 0.209739 1.52019 468749
9 0.632483 0.212572 1.52161 468783
9 0.640149 0.219546 1.52385 468818
9 0.647445 0.22947 1.5307 468852
9 0.65377 0.238458 1.5379 468886
9 0.658784 0.251303 1.54527 468919
9 0.663732 0.265158 1.55333 468952
9 0.666418 0.279025 1.56145 468985
9 0.668657 0.294381 1.56626 469018
9 0.669043 0.309128 1.56915 469052
9 0.665136 0.325551 1.57221 469085
9 0.658971 0.341556 1.57661 469118
9 0.651372 0.355924 1.57742 469151
9 0.642758 0.369252 1.57915 469184
9 0.632672 0.381886 1.58401 469218
9 0.621844 0.392986 1.58546 469252
9 0.612391 0.403579 1.59071 469285
9 0.605099 0.413089 1.59703 469318
9 0.598339 0.42282 1.60244 469350
9 0.593021 0.434103 1.60882 469384
9 0.59097 0.445437 1.61862 469417
9 0.590931 0.458613 1.62805 469450
9 0.593567 0.47042 1.63869 469484
9 0.597557 0.480145 1.65213 469517
9 0.602805 0.490383 1.66438 469552
9 0.609821 0.497809 1.6765 469585
9 0.614866 0.502175 1.68587 469620
9 0.623132 0.503965 1.69482 469652
9 0.630545 0.503395 1.70117 469685
9 0.638899 0.501958 1.70059 469719
9 0.645814 0.49679 1.69462 469752
9 0.653106 0.485372 1.69123 469786
9 0.65871 0.47174 1.68323 469820
9 0.66177 0.461061 1.67316 469853
9 0.662021 0.445775 1.66153 469886
9 0.660293 0.431069 1.64902 469920
9 0.655803 0.417595 1.63311 469954
9 0.650616 0.403776 1.62083 469987
9 0.643844 0.391882 1.60641 470021
9 0.634523 0.379929 1.5931 470055
9 0.623682 0.370401 1.58283 470089
9 0.615695 0.360632 1.57234 470122
9 0.605338 0.356863 1.56341 470156
9 0.594465 0.352344 1.55439 470190
9 0.584512 0.348034 1.54537 470224
9 0.57453 0.344268 1.53853 470258
9 0.566666 0.340457 1.52909 470276
9 0.559353 0.336258 1.52454 470327
9 0.553103 0.332957 1.51656 470360
9 0.548429 0.327442 1.51155 470377
9 0.546167 0.319559 1.50444 470427
9 0.54356 0.311226 1.50073 470444
9 0.542444 0.301646 1.49744 470478
9 0.542174 0.290832 1.49464 470511
9 0.542665 0.281182 1.49112 470546
9 0.543043 0.271553 1.48851 470579
9 0.546443 0.259201 1.48458 470613
9 0.548993 0.248358 1.48277 470646
9 0.55271 0.236775 1.48512 470680
9 0.557292 0.228661 1.48824 470714
9 0.56154 0.220433 1.48728 470749
9 0.566562 0.213589 1.48965 470782
9 0.571895 0.207234 1.49488 470814
9 0.57894 0.202133 1.49839 470848
9 0.583526 0.198436 1.50327 470883
9 0.589611 0.195901 1.50736 470916
9 0.595963 0.19807 1.5117 470950
9 0.600042 0.200166 1.5146 470983

