Gesto: 8
0 0.279389 0.209109 2.0592 511206
0 0.278761 0.209261 2.06151 511239
0 0.278927 0.209957 2.05804 511271
0 0.278868 0.210289 2.05738 511306
0 0.279153 0.212328 2.05263 511338
0 0.275364 0.212296 2.04699 511371
0 0.271392 0.211449 2.04644 511404
0 0.268486 0.208817 2.03756 511437
0 0.263925 0.204551 2.03742 511470
0 0.2606 0.198166 2.04015 511502
0 0.256558 0.18743 2.04688 511552
0 0.255071 0.180421 2.04752 511584
0 0.253468 0.168364 2.05303 511601
0 0.252444 0.154837 2.05606 511651
0 0.253374 0.142709 2.05658 511685
0 0.255964 0.12947 2.05888 511702
0 0.260438 0.11916 2.06542 511736
0 0.268469 0.113756 2.06684 511786
0 0.27596 0.105576 2.07095 511803
0 0.283462 0.0977728 2.07606 511852
0 0.293638 0.0912006 2.08421 511869
0 0.30271 0.0914825 2.08534 511902
0 0.312011 0.0948331 2.09114 511950
0 0.319255 0.0998717 2.09165 511983
0 0.326465 0.101755 2.09277 512016
0 0.334417 0.106366 2.08553 512050
0 0.336674 0.116947 2.08432 512083
0 0.341391 0.129626 2.08075 512117
0 0.339322 0.139653 2.07296 512150
0 0.335205 0.153771 2.06737 512183
0 0.329036 0.162386 2.06317 512216
0 0.324916 0.17345 2.06227 512250
0 0.318303 0.185105 2.05715 512283
0 0.309634 0.198954 2.0501 512317
0 0.302275 0.211607 2.05412 512350
0 0.293446 0.22091 2.04618 512384
0 0.285673 0.23283 2.05032 512401
0 0.278409 0.242583 2.05208 512451
0 0.274936 0.254298 2.05487 512484
0 0.270978 0.261851 2.05007 512501
0 0.273889 0.271501 2.04918 512552
0 0.277574 0.278814 2.04059 512569
0 0.284898 0.289202 2.04128 512619
0 0.291414 0.299315 2.03971 512636
0 0.29998 0.302682 2.03923 512669
0 0.311143 0.30367 2.03545 512719
0 0.322058 0.305319 2.03302 512752
0 0.331585 0.308538 2.03327 512769
0 0.344229 0.306655 2.03619 512819
0 0.352595 0.305196 2.03918 512852
0 0.359255 0.298495 2.03913 512870
0 0.361735 0.293981 2.03923 512919
0 0.3618 0.283417 2.03624 512953
0 0.359053 0.27514 2.03903 512969
0 0.352741 0.267761 2.04062 513020
0 0.343203 0.260962 2.04087 513037
0 0.333939 0.249193 2.04642 513071
0 0.323772 0.244158 2.04205 513106
0 0.314627 0.236099 2.03012 513140
0 0.305174 0.225399 2.03409 513173
0 0.294754 0.21248 2.03208 513207
0 0.287453 0.202619 2.04069 513241
0 0.280759 0.18943 2.04165 513275
0 0.276188 0.172648 2.04656 513309
0 0.273449 0.161916 2.04827 513343
0 0.273693 0.149614 2.05099 513376
0 0.273012 0.141362 2.05829 513410

1 0.42196 0.212792 2.04394 516577
1 0.421981 0.212494 2.04214 516611
1 0.421554 0.212855 2.04354 516645
1 0.421676 0.213647 2.04198 516679
1 0.418128 0.216829 2.0345 516714
1 0.41373 0.217717 2.02522 516747
1 0.411041 0.216525 2.02488 516781
1 0.406593 0.214 2.02241 516815
1 0.401509 0.207465 2.01956 516848
1 0.398438 0.203636 2.01651 516882
1 0.392389 0.194231 2.01271 516916
1 0.387037 0.180238 2.01282 516950
1 0.382066 0.171062 2.01566 516983
1 0.380518 0.161422 2.01344 517016
1 0.382104 0.148028 2.01736 517050
1 0.382075 0.135717 2.02215 517085
1 0.383378 0.126209 2.02691 517118
1 0.389819 0.117009 2.03214 517151
1 0.396532 0.108302 2.03713 517184
1 0.40547 0.1034 2.04139 517218
1 0.414723 0.0973247 2.05162 517252
1 0.425089 0.0940545 2.0558 517284
1 0.436724 0.0919812 2.05927 517318
1 0.447139 0.0918459 2.06451 517350
1 0.455587 0.0987741 2.06225 517384
1 0.462723 0.100556 2.06595 517418
1 0.46763 0.10761 2.0612 517452
1 0.468217 0.120788 2.05623 517486
1 0.468592 0.134769 2.04794 517518
1 0.465068 0.144272 2.04995 517551
1 0.459458 0.155638 2.05183 517585
1 0.451558 0.166495 2.04836 517619
1 0.443831 0.178814 2.04521 517654
1 0.434236 0.193588 2.04325 517686
1 0.428193 0.203277 2.04231 517720
1 0.42098 0.217134 2.04353 517754
1 0.414422 0.232366 2.04424 517786
1 0.411367 0.241798 2.03984 517819
1 0.409315 0.254057 2.03686 517853
1 0.41344 0.262269 2.03777 517887
1 0.417686 0.274011 2.03484 517921
1 0.423807 0.284279 2.03172 517954
1 0.431721 0.292587 2.0289 517987
1 0.44093 0.298791 2.02824 518020
1 0.452205 0.302037 2.02942 518054
1 0.460252 0.300212 2.03101 518087
1 0.469607 0.294111 2.03216 518121
1 0.475028 0.291274 2.03479 518154
1 0.480408 0.28613 2.03793 518188
1 0.481563 0.278181 2.03872 518222
1 0.48148 0.267289 2.03694 518255
1 0.477994 0.26018 2.0364 518290
1 0.473579 0.251158 2.03945 518307
1 0.464321 0.242502 2.03491 518341
1 0.454589 0.234095 2.03685 518390
1 0.44617 0.226424 2.03452 518407
1 0.436393 0.217142 2.0357 518439
1 0.426088 0.208694 2.03659 518489
1 0.417916 0.202087 2.03769 518506
1 0.408723 0.194486 2.03692 518555
1 0.398405 0.184578 2.04105 518589
1 0.390096 0.172677 2.04041 518622
1 0.384134 0.165216 2.04155 518654
1 0.377166 0.158286 2.04955 518687
1 0.373791 0.1533 2.05092 518719
1 0.372025 0.146155 2.05388 518751

2 0.594794 0.215464 2.09698 520826
2 0.59449 0.220262 2.08759 520842
2 0.594118 0.222509 2.08224 520877
2 0.592417 0.224586 2.07709 520910
2 0.593104 0.224799 2.08061 520943
2 0.594708 0.225591 2.08226 520993
2 0.589926 0.222892 2.07861 521010
2 0.584421 0.224751 2.07141 521044
2 0.578325 0.221728 2.06393 521093
2 0.571317 0.217813 2.05942 521110
2 0.562339 0.215399 2.05142 521144
2 0.554457 0.209141 2.04183 521195
2 0.545901 0.202652 2.04043 521212
2 0.539958 0.194279 2.03637 521245
2 0.531943 0.187092 2.03229 521279
2 0.527395 0.174779 2.02926 521312
2 0.525002 0.166849 2.02786 521347
2 0.524845 0.157921 2.03118 521381
2 0.526537 0.1507 2.02949 521415
2 0.531074 0.144699 2.03098 521447
2 0.5342 0.13283 2.03603 521481
2 0.540048 0.125615 2.03924 521513
2 0.546829 0.120078 2.04104 521547
2 0.555793 0.117518 2.0439 521581
2 0.562371 0.115794 2.04567 521615
2 0.571089 0.113548 2.05048 521649
2 0.581796 0.111973 2.05415 521682
2 0.58981 0.118278 2.05566 521715
2 0.596626 0.123881 2.05914 521748
2 0.601385 0.126831 2.06012 521781
2 0.603626 0.136226 2.057 521814
2 0.602961 0.151793 2.05242 521847
2 0.601986 0.163434 2.04436 521880
2 0.594403 0.177 2.03926 521913
2 0.587833 0.189028 2.03418 521946
2 0.579574 0.201435 2.03178 521980
2 0.570285 0.210466 2.03427 522014
2 0.560261 0.22199 2.02859 522047
2 0.551614 0.237071 2.02766 522081
2 0.545442 0.249202 2.02742 522114
2 0.541596 0.260278 2.02158 522148
2 0.5403 0.272652 2.02088 522182
2 0.541162 0.279417 2.01575 522215
2 0.546694 0.287173 2.00694 522249
2 0.553665 0.294533 2.00601 522282
2 0.55977 0.297048 2.00332 522315
2 0.571112 0.300212 2.00322 522350
2 0.581393 0.302353 2.01089 522383
2 0.588036 0.304004 2.00892 522416
2 0.595394 0.30397 2.01587 522449
2 0.601906 0.300321 2.02342 522482
2 0.606526 0.2913 2.02463 522516
2 0.606075 0.282043 2.02747 522549
2 0.601762 0.276515 2.02633 522580
2 0.598085 0.268021 2.02648 522613
2 0.595245 0.255468 2.02683 522646
2 0.588338 0.245954 2.02068 522678
2 0.580012 0.237524 2.01741 522711
2 0.573665 0.228865 2.01194 522761
2 0.563766 0.220046 2.00881 522778
2 0.553738 0.212521 2.00526 522812
2 0.542788 0.204301 2.00002 522861
2 0.532871 0.195294 1.99452 522878
2 0.525166 0.189751 1.99351 522911
2 0.518727 0.181572 1.99302 522961
2 0.513421 0.175118 1.99243 522977
2 0.510312 0.1698 1.99618 523012
2 0.508941 0.167158 1.99592 523046

3 0.686848 0.227919 2.08392 525518
3 0.686794 0.230547 2.0833 525551
3 0.68763 0.230105 2.07748 525584
3 0.685893 0.232637 2.07101 525617
3 0.686771 0.23191 2.07215 525650
3 0.684372 0.230907 2.07027 525683
3 0.681553 0.230816 2.06531 525715
3 0.676227 0.232297 2.05615 525749
3 0.669852 0.233624 2.04416 525784
3 0.662379 0.229187 2.03457 525817
3 0.657721 0.226484 2.02965 525851
3 0.653629 0.22262 2.02905 525885
3 0.646512 0.215029 2.02435 525918
3 0.642422 0.205972 2.02138 525951
3 0.638866 0.195382 2.01729 525984
3 0.63636 0.188227 2.01503 526017
3 0.636061 0.176785 2.01841 526050
3 0.636667 0.168114 2.02056 526083
3 0.638241 0.1584 2.01642 526116
3 0.643585 0.150176 2.01659 526149
3 0.646866 0.137863 2.02169 526182
3 0.654004 0.129363 2.02245 526216
3 0.660528 0.123592 2.02552 526251
3 0.66857 0.120964 2.03291 526285
3 0.679165 0.117567 2.04343 526318
3 0.687365 0.115811 2.04979 526351
3 0.697441 0.119658 2.06094 526383
3 0.708329 0.124093 2.06837 526416
3 0.715679 0.133181 2.07161 526465
3 0.719741 0.138932 2.0763 526483
3 0.724986 0.15227 2.07765 526516
3 0.724706 0.168145 2.06966 526550
3 0.725064 0.178863 2.06951 526584
3 0.72277 0.191416 2.06786 526618
3 0.716158 0.208881 2.05852 526651
3 0.707976 0.22156 2.04748 526684
3 0.698763 0.236254 2.03504 526717
3 0.69023 0.248222 2.02913 526750
3 0.680974 0.256104 2.01292 526783
3 0.672153 0.264321 2.01289 526817
3 0.664799 0.276584 2.01005 526851
3 0.659072 0.28689 2.00835 526883
3 0.655621 0.299979 2.01071 526916
3 0.652809 0.313803 2.00847 526950
3 0.65276 0.327296 2.0095 526983
3 0.654113 0.336338 2.01083 527017
3 0.65977 0.347354 2.01235 527050
3 0.66548 0.354579 2.01729 527084
3 0.673353 0.358185 2.02188 527118
3 0.681838 0.355307 2.02361 527152
3 0.691093 0.350953 2.02732 527186
3 0.697454 0.348167 2.03241 527219
3 0.70396 0.341737 2.03521 527253
3 0.709443 0.333706 2.03997 527286
3 0.714093 0.3222 2.0453 527319
3 0.718803 0.310419 2.04101 527353
3 0.718223 0.299652 2.04496 527387
3 0.716705 0.288072 2.04496 527420
3 0.714519 0.278499 2.03872 527454
3 0.711484 0.269621 2.03762 527488
3 0.703951 0.261458 2.0318 527521
3 0.698781 0.253123 2.03083 527555
3 0.692442 0.246407 2.03121 527587
3 0.684519 0.242086 2.02622 527621
3 0.675065 0.235266 2.01963 527656
3 0.668818 0.227824 2.01628 527688
3 0.66138 0.22274 2.01441 527721
3 0.655143 0.220273 2.01227 527754
3 0.652454 0.219052 2.01131 527787

4 0.803789 0.243409 2.14229 529516
4 0.805129 0.242087 2.14113 529566
4 0.807213 0.244236 2.1379 529600
4 0.808225 0.246294 2.13362 529617
4 0.808521 0.246153 2.13381 529667
4 0.804741 0.243459 2.1245 529684
4 0.800808 0.241724 2.12098 529716
4 0.796606 0.239642 2.11598 529766
4 0.792048 0.241419 2.10702 529783
4 0.783302 0.240094 2.09675 529817
4 0.776493 0.235311 2.0873 529866
4 0.766637 0.226948 2.07308 529899
4 0.75854 0.220299 2.06232 529915
4 0.749466 0.212122 2.04925 529966
4 0.74183 0.205361 2.03721 529999
4 0.736948 0.19406 2.03196 530016
4 0.733708 0.187516 2.02407 530065
4 0.732825 0.176421 2.02346 530098
4 0.732973 0.168989 2.02278 530132
4 0.736129 0.15825 2.02553 530166
4 0.739127 0.150049 2.03022 530198
4 0.74335 0.143535 2.03711 530231
4 0.749503 0.133951 2.03524 530265
4 0.756349 0.124546 2.04263 530297
4 0.76325 0.120883 2.05162 530330
4 0.77167 0.116625 2.05987 530362
4 0.77974 0.116186 2.06702 530396
4 0.791133 0.119902 2.07332 530430
4 0.799709 0.124512 2.07789 530464
4 0.808212 0.127833 2.08361 530496
4 0.817207 0.134368 2.09384 530529
4 0.823196 0.139442 2.0989 530564
4 0.828693 0.148538 2.09878 530597
4 0.835494 0.154145 2.10822 530630
4 0.839141 0.165434 2.10908 530664
4 0.838841 0.175597 2.1096 530698
4 0.838296 0.18553 2.11154 530731
4 0.836634 0.196122 2.10398 530764
4 0.831085 0.208412 2.093 530796
4 0.826318 0.216829 2.08495 530829
4 0.820878 0.224943 2.08147 530862
4 0.814222 0.233883 2.07756 530897
4 0.805691 0.240157 2.07675 530930
4 0.798541 0.244099 2.076 530963
4 0.789936 0.25283 2.07507 530996
4 0.784559 0.259078 2.06979 531031
4 0.781342 0.26363 2.07037 531064
4 0.778542 0.274023 2.06501 531098
4 0.773209 0.281198 2.06078 531132
4 0.77001 0.286377 2.05931 531166
4 0.768215 0.290082 2.05197 531199
4 0.768077 0.299969 2.046 531233
4 0.77026 0.305581 2.05454 531267
4 0.771193 0.313182 2.0529 531284
4 0.770972 0.318618 2.04834 531335
4 0.770705 0.321433 2.04614 531351
4 0.775042 0.325263 2.054 531386
4 0.782769 0.332438 2.06439 531435
4 0.788529 0.333509 2.0705 531452
4 0.794833 0.332768 2.07042 531486
4 0.801285 0.329974 2.07235 531534
4 0.806053 0.326949 2.07372 531567
4 0.810356 0.322985 2.07991 531584
4 0.81101 0.322032 2.08295 531634
4 0.815356 0.31734 2.0835 531667
4 0.819076 0.313029 2.09051 531701
4 0.822303 0.309028 2.09249 531734
4 0.823756 0.306381 2.09498 531767
4 0.824424 0.296838 2.09733 531802
4 0.824106 0.291414 2.09026 531836
4 0.822446 0.287303 2.08403 531852
4 0.817832 0.28566 2.08226 531903
4 0.813606 0.277191 2.08224 531921
4 0.811232 0.271868 2.08287 531954
4 0.809447 0.268304 2.08221 531987
4 0.806652 0.262595 2.07776 532020
4 0.803357 0.256719 2.07497 532054
4 0.801505 0.252801 2.07059 532087
4 0.798598 0.246467 2.06994 532122
4 0.793488 0.239155 2.06668 532155
4 0.791345 0.234996 2.06594 532189
4 0.788365 0.231726 2.06046 532222

5 0.488178 0.34234 2.16289 542294
5 0.488652 0.341639 2.16017 542329
5 0.488957 0.34132 2.15871 542361
5 0.488798 0.341132 2.15325 542412
5 0.488402 0.339954 2.15066 542429
5 0.486918 0.340793 2.14356 542463
5 0.483684 0.344882 2.14533 542496
5 0.481119 0.342854 2.14025 542530
5 0.472834 0.344421 2.13383 542564
5 0.466969 0.339866 2.13609 542599
5 0.46314 0.332538 2.12938 542633
5 0.456191 0.325474 2.12529 542667
5 0.451865 0.313354 2.12499 542701
5 0.449572 0.297934 2.12321 542733
5 0.448432 0.281161 2.12071 542767
5 0.448911 0.263645 2.12297 542801
5 0.448562 0.247199 2.12261 542834
5 0.453415 0.235452 2.1232 542867
5 0.459572 0.225722 2.128 542900
5 0.466842 0.214663 2.13088 542933
5 0.475738 0.20807 2.13167 542967
5 0.486548 0.204445 2.13793 543000
5 0.497022 0.202014 2.13618 543033
5 0.505725 0.202415 2.13831 543067
5 0.514419 0.206954 2.14272 543101
5 0.524674 0.219011 2.14547 543134
5 0.530724 0.225969 2.14907 543169
5 0.537561 0.240375 2.14819 543202
5 0.540846 0.254697 2.14756 543235
5 0.541341 0.266635 2.14881 543268
5 0.537307 0.279437 2.15228 543301
5 0.533817 0.288372 2.15148 543334
5 0.523813 0.298531 2.14792 543368
5 0.512982 0.307933 2.14192 543401
5 0.504968 0.318323 2.13947 543435
5 0.49465 0.325146 2.13714 543468
5 0.481964 0.331631 2.13407 543502
5 0.471474 0.341255 2.12607 543536
5 0.465954 0.355062 2.13352 543570
5 0.459299 0.367611 2.13104 543603
5 0.455785 0.382384 2.13127 543637
5 0.457114 0.395785 2.13255 543670
5 0.458287 0.406679 2.13703 543703
5 0.462097 0.418837 2.13875 543736
5 0.467278 0.426585 2.14515 543769
5 0.478537 0.437868 2.15922 543803
5 0.48846 0.443931 2.16533 543836
5 0.500034 0.44699 2.16653 543869
5 0.509899 0.446614 2.17462 543901
5 0.521018 0.440635 2.17967 543935
5 0.527782 0.436352 2.18553 543967
5 0.533426 0.426157 2.1834 544000
5 0.535967 0.412947 2.17812 544034
5 0.535129 0.398565 2.16606 544067
5 0.532765 0.38336 2.1576 544101
5 0.530119 0.371471 2.15149 544134
5 0.521808 0.358609 2.14415 544167
5 0.512306 0.343293 2.13627 544200
5 0.503481 0.330856 2.13236 544233
5 0.492095 0.316536 2.13328 544267
5 0.483237 0.302188 2.12644 544300
5 0.475091 0.293069 2.12951 544333
5 0.469319 0.285854 2.12894 544366
5 0.465313 0.282322 2.12815 544399

6 0.632882 0.390658 2.26555 546347
6 0.631174 0.387534 2.25657 546364
6 0.630278 0.385841 2.25768 546413
6 0.62966 0.385764 2.25941 546447
6 0.629416 0.386867 2.25941 546463
6 0.630127 0.387774 2.25777 546515
6 0.625585 0.389594 2.25426 546531
6 0.625856 0.391182 2.2518 546565
6 0.620485 0.389681 2.24585 546599
6 0.616114 0.389174 2.24734 546633
6 0.61023 0.384605 2.24146 546666
6 0.604635 0.377672 2.23762 546700
6 0.599236 0.368359 2.23108 546734
6 0.594398 0.353752 2.22188 546768
6 0.590946 0.337798 2.21374 546802
6 0.591077 0.319658 2.20422 546836
6 0.593316 0.300051 2.19945 546869
6 0.595758 0.285835 2.19525 546903
6 0.602738 0.270247 2.20267 546937
6 0.610558 0.258912 2.20965 546971
6 0.621831 0.247669 2.21892 547004
6 0.631024 0.241335 2.22428 547037
6 0.64113 0.241906 2.22236 547071
6 0.651747 0.244448 2.22202 547105
6 0.660637 0.249088 2.21279 547139
6 0.666891 0.25667 2.20852 547173
6 0.675932 0.270244 2.21777 547207
6 0.68147 0.283062 2.21972 547241
6 0.683415 0.297622 2.21627 547274
6 0.682702 0.314635 2.21853 547306
6 0.678898 0.331315 2.2154 547340
6 0.674431 0.343488 2.21195 547373
6 0.667694 0.355978 2.21224 547407
6 0.655088 0.361096 2.21071 547440
6 0.641529 0.371218 2.21314 547473
6 0.63125 0.38213 2.21723 547506
6 0.621506 0.395617 2.2224 547540
6 0.610752 0.40523 2.22824 547574
6 0.604515 0.4174 2.23031 547608
6 0.600428 0.431827 2.2323 547641
6 0.598005 0.444179 2.23564 547675
6 0.597667 0.456163 2.23672 547708
6 0.597856 0.464856 2.24213 547741
6 0.605585 0.475232 2.24832 547776
6 0.615739 0.490295 2.26988 547809
6 0.625742 0.495128 2.27777 547841
6 0.638586 0.497781 2.28471 547874
6 0.650795 0.496655 2.28755 547906
6 0.658658 0.492666 2.28932 547939
6 0.666622 0.483582 2.27824 547973
6 0.672814 0.477621 2.27006 548007
6 0.676051 0.465772 2.26463 548039
6 0.677907 0.451051 2.25616 548072
6 0.676568 0.437226 2.24706 548105
6 0.670993 0.424547 2.24191 548139
6 0.665531 0.410409 2.23572 548171
6 0.658807 0.395225 2.22976 548205
6 0.651267 0.383663 2.22543 548237
6 0.642031 0.369847 2.22028 548271
6 0.630734 0.359791 2.21956 548304
6 0.621692 0.346977 2.21142 548338
6 0.613847 0.341583 2.21156 548371
6 0.605525 0.336108 2.19886 548404

7 0.691673 0.405642 2.30088 550149
7 0.691256 0.405654 2.29918 550182
7 0.692354 0.405996 2.29994 550216
7 0.6914 0.406503 2.30111 550251
7 0.689961 0.40674 2.30055 550267
7 0.688857 0.408554 2.29625 550318
7 0.687133 0.407904 2.2899 550334
7 0.683866 0.407561 2.28172 550367
7 0.681325 0.40071 2.27249 550418
7 0.678051 0.394977 2.26104 550434
7 0.672969 0.385193 2.25182 550468
7 0.668887 0.369903 2.24731 550503
7 0.665176 0.355524 2.24328 550535
7 0.664238 0.343497 2.23836 550569
7 0.666075 0.331793 2.23085 550602
7 0.67068 0.31759 2.23225 550636
7 0.67734 0.30603 2.23423 550670
7 0.685681 0.296342 2.2418 550718
7 0.693433 0.289599 2.25167 550734
7 0.702627 0.285373 2.26318 550785
7 0.713056 0.284695 2.271 550818
7 0.721581 0.29144 2.27727 550834
7 0.73273 0.297405 2.28596 550883
7 0.739376 0.309206 2.29043 550916
7 0.74273 0.316467 2.29354 550951
7 0.744443 0.329829 2.29682 550984
7 0.738108 0.345999 2.29579 551002
7 0.734364 0.36189 2.2926 551035
7 0.73001 0.372844 2.28986 551086
7 0.720704 0.380711 2.28197 551103
7 0.71004 0.392152 2.27765 551136
7 0.695236 0.401835 2.26294 551186
7 0.686395 0.413004 2.25903 551203
7 0.675535 0.420122 2.25864 551236
7 0.665522 0.429155 2.25429 551270
7 0.657238 0.435494 2.25384 551303
7 0.654553 0.449844 2.27024 551336
7 0.653271 0.468856 2.28125 551369
7 0.658704 0.483472 2.28088 551403
7 0.662349 0.49791 2.28284 551436
7 0.671828 0.503882 2.28431 551470
7 0.678168 0.507874 2.29295 551503
7 0.686232 0.511142 2.30073 551536
7 0.695696 0.510181 2.30304 551586
7 0.704065 0.505598 2.31454 551603
7 0.714342 0.498925 2.3115 551637
7 0.718089 0.498288 2.32174 551670
7 0.719635 0.490302 2.3252 551704
7 0.722145 0.478729 2.31156 551736
7 0.718991 0.466241 2.30349 551784
7 0.713971 0.455631 2.29872 551818
7 0.70756 0.445182 2.28701 551834
7 0.699908 0.432146 2.27208 551882
7 0.693236 0.419983 2.25228 551914
7 0.684261 0.406633 2.24038 551947
7 0.675883 0.397043 2.23089 551981
7 0.669619 0.393057 2.23051 552014
7 0.663957 0.391443 2.22516 552047
7 0.661145 0.386789 2.22129 552081

8 0.270386 0.340975 2.12823 555152
8 0.26955 0.341584 2.12623 555186
8 0.269589 0.341717 2.12318 555218
8 0.269433 0.34711 2.12269 555252
8 0.269799 0.351108 2.12555 555285
8 0.270267 0.353696 2.12312 555318
8 0.270623 0.354645 2.12324 555352
8 0.270077 0.350195 2.11301 555385
8 0.269134 0.346739 2.11473 555419
8 0.266135 0.341493 2.11789 555452
8 0.265378 0.333182 2.1187 555486
8 0.262808 0.318526 2.11861 555519
8 0.262064 0.301384 2.11051 555553
8 0.266451 0.283367 2.10558 555588
8 0.268878 0.272304 2.11077 555620
8 0.272234 0.261526 2.11291 555653
8 0.27992 0.250445 2.11478 555686
8 0.28925 0.236894 2.11789 555720
8 0.29804 0.229701 2.11841 555753
8 0.306045 0.224438 2.12163 555785
8 0.314969 0.222024 2.12471 555818
8 0.321826 0.227837 2.12342 555851
8 0.330014 0.240075 2.12592 555884
8 0.334508 0.249235 2.12424 555917
8 0.338565 0.260525 2.12611 555950
8 0.339105 0.270528 2.12497 555985
8 0.338795 0.298348 2.13423 556018
8 0.335878 0.30385 2.12751 556051
8 0.329426 0.3117 2.12306 556085
8 0.321074 0.322538 2.12185 556117
8 0.30981 0.337917 2.12604 556151
8 0.299994 0.349857 2.12744 556185
8 0.291374 0.362397 2.12752 556217
8 0.282848 0.372981 2.13022 556250
8 0.275342 0.382652 2.13143 556283
8 0.270059 0.390742 2.13105 556317
8 0.26329 0.399855 2.13272 556349
8 0.262044 0.408663 2.14061 556381
8 0.262776 0.420366 2.14416 556413
8 0.263759 0.430003 2.15101 556447
8 0.268447 0.441231 2.16156 556480
8 0.274977 0.451604 2.17334 556514
8 0.284201 0.461224 2.17734 556547
8 0.294756 0.469348 2.17886 556579
8 0.307057 0.475938 2.18234 556613
8 0.32027 0.477353 2.18279 556646
8 0.331966 0.477163 2.1769 556680
8 0.342592 0.47438 2.17068 556713
8 0.349561 0.467641 2.15737 556748
8 0.358289 0.461398 2.15799 556781
8 0.363836 0.451616 2.1483 556815
8 0.367808 0.4426 2.13929 556849
8 0.368542 0.432455 2.13029 556884
8 0.367957 0.426141 2.12936 556917
8 0.364632 0.419913 2.12818 556951
8 0.362065 0.411012 2.12148 556985
8 0.354713 0.40535 2.12386 557019
8 0.349013 0.395655 2.11365 557054
8 0.340507 0.386128 2.10668 557087
8 0.334863 0.380662 2.1117 557122
8 0.324889 0.373031 2.10607 557156
8 0.316701 0.367741 2.10973 557173
8 0.309664 0.363044 2.10672 557224
8 0.300201 0.359157 2.10731 557241
8 0.294708 0.357176 2.10605 557274
8 0.290607 0.352138 2.10239 557324
8 0.286134 0.345188 2.10147 557342
8 0.282238 0.341218 2.09731 557375
8 0.279097 0.333271 2.09159 557408
8 0.276045 0.327986 2.09468 557442
8 0.274552 0.324034 2.10008 557475
8 0.274375 0.322013 2.09903 557509
8 0.274321 0.321277 2.09794 557543

9 0.37539 0.369952 2.17921 558476
9 0.374918 0.368508 2.17658 558510
9 0.374785 0.370267 2.1757 558544
9 0.373381 0.371692 2.17557 558577
9 0.372035 0.368831 2.16749 558611
9 0.369966 0.362682 2.15827 558644
9 0.368081 0.354796 2.14901 558677
9 0.363585 0.346728 2.14479 558711
9 0.359542 0.336848 2.13308 558744
9 0.358737 0.32718 2.12811 558778
9 0.357136 0.316661 2.12714 558812
9 0.358729 0.308428 2.12531 558846
9 0.359513 0.296595 2.12292 558878
9 0.361285 0.28767 2.12289 558912
9 0.366974 0.277295 2.1298 558946
9 0.372437 0.271458 2.12793 558979
9 0.37628 0.264832 2.13402 559012
9 0.382619 0.260892 2.13846 559045
9 0.389121 0.257836 2.1506 559078
9 0.393011 0.257142 2.14855 559112
9 0.401969 0.262968 2.16055 559146
9 0.408286 0.266596 2.16972 559180
9 0.41343 0.271599 2.17225 559214
9 0.417945 0.282437 2.17838 559248
9 0.421715 0.290849 2.18623 559283
9 0.422015 0.303358 2.18714 559316
9 0.421976 0.318079 2.18134 559349
9 0.417488 0.330009 2.18163 559382
9 0.414909 0.341327 2.17996 559416
9 0.411934 0.350175 2.17413 559450
9 0.406012 0.35911 2.17265 559483
9 0.397704 0.366754 2.17037 559516
9 0.389271 0.374562 2.16491 559548
9 0.383111 0.380935 2.15193 559582
9 0.37635 0.38609 2.15019 559616
9 0.36978 0.390856 2.14413 559650
9 0.36375 0.398714 2.14479 559684
9 0.355905 0.406628 2.14692 559717
9 0.349411 0.4104 2.14394 559751
9 0.348344 0.420117 2.15115 559783
9 0.344137 0.426587 2.15324 559818
9 0.342177 0.432195 2.1557 559852
9 0.34464 0.442235 2.15508 559885
9 0.347606 0.450625 2.16416 559917
9 0.349728 0.454542 2.16668 559952
9 0.353472 0.461616 2.16892 559986
9 0.358742 0.463811 2.17696 560019
9 0.364966 0.46635 2.17902 560053
9 0.374873 0.468713 2.18213 560088
9 0.381233 0.4687 2.19001 560121
9 0.387874 0.470394 2.20037 560156
9 0.39438 0.472509 2.2071 560189
9 0.401952 0.468623 2.21181 560221
9 0.404855 0.466135 2.22319 560256
9 0.408993 0.462964 2.2242 560290
9 0.412552 0.458589 2.22279 560323
9 0.414057 0.449246 2.21748 560357
9 0.41824 0.439246 2.2086 560390
9 0.416868 0.43338 2.20267 560424
9 0.415638 0.427035 2.197 560457
9 0.4157 0.421165 2.19339 560492
9 0.414127 0.416982 2.1887 560524
9 0.41104 0.410438 2.18411 560557
9 0.408184 0.403677 2.17453 560590
9 0.404154 0.39694 2.17047 560622
9 0.400653 0.395306 2.16882 560657
9 0.39688 0.390102 2.16121 560689
9 0.391792 0.383671 2.14654 560722
9 0.386303 0.380187 2.13554 560756
9 0.382467 0.37861 2.13625 560792
9 0.377684 0.369618 2.12872 560825
9 0.375861 0.364063 2.12474 560858
9 0.372561 0.360215 2.12722 560875
9 0.368516 0.361474 2.12677 560925
9 0.366966 0.362729 2.12572 560957

