Gesto: 8
0 0.591571 0.302577 1.7587 892138
0 0.590969 0.302208 1.75933 892172
0 0.590577 0.302082 1.75825 892206
0 0.591035 0.304376 1.76126 892240
0 0.586349 0.310881 1.7575 892274
0 0.582951 0.311948 1.74725 892308
0 0.580684 0.311482 1.73687 892341
0 0.576107 0.310426 1.73348 892374
0 0.572667 0.308541 1.72976 892407
0 0.569968 0.307531 1.72843 892441
0 0.564585 0.306212 1.72719 892474
0 0.560643 0.30317 1.72433 892507
0 0.556065 0.299354 1.71631 892539
0 0.551545 0.295338 1.71313 892574
0 0.548377 0.290315 1.71189 892608
0 0.546392 0.285006 1.70706 892641
0 0.545327 0.278588 1.70399 892673
0 0.543531 0.272368 1.70143 892706
0 0.543424 0.268227 1.69668 892740
0 0.543064 0.259758 1.69738 892773
0 0.543862 0.254481 1.69585 892806
0 0.545063 0.246735 1.69621 892839
0 0.547713 0.242489 1.6973 892871
0 0.551815 0.237463 1.6969 892906
0 0.556686 0.235898 1.69916 892939
0 0.561749 0.233478 1.70146 892973
0 0.568479 0.231472 1.70563 893006
0 0.572869 0.23101 1.70522 893039
0 0.57786 0.231952 1.70596 893073
0 0.583765 0.236543 1.71038 893107
0 0.588406 0.242381 1.71128 893140
0 0.593698 0.249129 1.71633 893174
0 0.596268 0.256445 1.71627 893208
0 0.597461 0.264197 1.71636 893242
0 0.599988 0.271024 1.7179 893275
0 0.599191 0.281287 1.71537 893308
0 0.599348 0.291817 1.71904 893340
0 0.597124 0.300157 1.71921 893374
0 0.594561 0.309967 1.71753 893406
0 0.590327 0.317429 1.7193 893438
0 0.587032 0.328021 1.72088 893470
0 0.581649 0.339289 1.71805 893504
0 0.578216 0.345462 1.71786 893537
0 0.573681 0.351137 1.71306 893570
0 0.569217 0.357697 1.71547 893603
0 0.567527 0.362778 1.72114 893637
0 0.56361 0.368149 1.72378 893671
0 0.560858 0.375764 1.72506 893703
0 0.55877 0.384552 1.72984 893735
0 0.556639 0.390466 1.73158 893768
0 0.554547 0.396259 1.73475 893801
0 0.555767 0.403353 1.74023 893834
0 0.55879 0.409709 1.74498 893868
0 0.562118 0.417688 1.75375 893900
0 0.566697 0.424584 1.76415 893933
0 0.571917 0.428386 1.77028 893966
0 0.576097 0.431659 1.77669 894000
0 0.581858 0.436357 1.78301 894033
0 0.586196 0.439425 1.78728 894068
0 0.590862 0.440903 1.79212 894101
0 0.595679 0.43774 1.79203 894135
0 0.598564 0.436132 1.79578 894170
0 0.600753 0.433546 1.79622 894203
0 0.601723 0.431781 1.79577 894236
0 0.603911 0.426566 1.79356 894270
0 0.60356 0.422175 1.79449 894304
0 0.604375 0.417458 1.78779 894338
0 0.605327 0.414513 1.78289 894371
0 0.60472 0.407998 1.77828 894405
0 0.603947 0.403141 1.77706 894439
0 0.602676 0.398123 1.77312 894473
0 0.603294 0.389966 1.7662 894506
0 0.602033 0.380824 1.76016 894539
0 0.601241 0.374217 1.75233 894573
0 0.599287 0.366799 1.74907 894606
0 0.598069 0.359163 1.74316 894640
0 0.596831 0.351393 1.73672 894673
0 0.593119 0.34447 1.73323 894706
0 0.59014 0.34091 1.72977 894739
0 0.588033 0.335458 1.7253 894772
0 0.585604 0.332184 1.72236 894805
0 0.583057 0.329016 1.71856 894838
0 0.580422 0.32691 1.71569 894872
0 0.579606 0.322702 1.71086 894905
0 0.577473 0.316569 1.70609 894939
0 0.574324 0.314475 1.7043 894973

1 0.669603 0.291352 1.83337 896499
1 0.668603 0.29154 1.82958 896532
1 0.667848 0.292252 1.82308 896565
1 0.664329 0.293779 1.81976 896615
1 0.661531 0.293542 1.81947 896632
1 0.659349 0.293992 1.81456 896681
1 0.658053 0.290865 1.80788 896714
1 0.656108 0.286202 1.80488 896731
1 0.654984 0.283268 1.80405 896782
1 0.652801 0.283362 1.80119 896799
1 0.6502 0.279099 1.79741 896833
1 0.646802 0.274111 1.79118 896883
1 0.644961 0.270576 1.78859 896899
1 0.643634 0.265263 1.78459 896933
1 0.642383 0.258606 1.78397 896982
1 0.642495 0.250658 1.77777 897015
1 0.64316 0.243711 1.77728 897031
1 0.644112 0.240953 1.78003 897081
1 0.644552 0.238511 1.77937 897115
1 0.646585 0.233024 1.77915 897132
1 0.6501 0.226205 1.78212 897183
1 0.652939 0.222286 1.78327 897200
1 0.658402 0.219206 1.78784 897235
1 0.66227 0.21702 1.79216 897267
1 0.665051 0.215761 1.79359 897301
1 0.667765 0.215408 1.79408 897334
1 0.67138 0.216703 1.80082 897367
1 0.676189 0.221213 1.80635 897401
1 0.679868 0.223797 1.81347 897435
1 0.682779 0.226672 1.81872 897468
1 0.683237 0.232784 1.82279 897501
1 0.683284 0.237737 1.82076 897535
1 0.683234 0.246508 1.82309 897569
1 0.681357 0.251077 1.82333 897603
1 0.678185 0.257497 1.8194 897637
1 0.673917 0.265381 1.81875 897671
1 0.673233 0.272321 1.82173 897704
1 0.67261 0.277074 1.82177 897738
1 0.670808 0.284449 1.81843 897771
1 0.669276 0.288337 1.81999 897805
1 0.666561 0.297167 1.82487 897839
1 0.664177 0.306287 1.82157 897871
1 0.661739 0.310886 1.81941 897905
1 0.659119 0.317819 1.81906 897939
1 0.6573 0.322646 1.81725 897972
1 0.653513 0.32766 1.81572 898006
1 0.649351 0.334618 1.81457 898040
1 0.647488 0.340898 1.81427 898074
1 0.646177 0.348439 1.81816 898107
1 0.645371 0.353626 1.81877 898140
1 0.645538 0.35813 1.81927 898174
1 0.646205 0.364965 1.82511 898208
1 0.650198 0.368676 1.83413 898241
1 0.65277 0.373293 1.84032 898275
1 0.654006 0.379752 1.84484 898308
1 0.65607 0.383927 1.85135 898341
1 0.658 0.386527 1.85424 898374
1 0.659729 0.387471 1.86055 898409
1 0.664356 0.387963 1.86194 898442
1 0.667754 0.384735 1.86488 898474
1 0.671525 0.381818 1.86782 898508
1 0.673518 0.378264 1.87216 898542
1 0.676647 0.376364 1.87731 898576
1 0.676608 0.374571 1.87913 898609
1 0.676786 0.368926 1.87673 898643
1 0.679135 0.36167 1.87618 898677
1 0.680412 0.357238 1.87522 898711
1 0.681092 0.351839 1.87555 898745
1 0.680827 0.344498 1.87066 898777
1 0.6827 0.335792 1.86569 898811
1 0.683652 0.329008 1.8636 898844
1 0.682829 0.324841 1.85766 898878
1 0.681925 0.316472 1.85562 898912
1 0.677815 0.311646 1.85126 898946
1 0.676415 0.310112 1.8467 898980
1 0.673986 0.304821 1.8433 899013
1 0.674206 0.297565 1.83885 899046
1 0.671948 0.294973 1.83089 899079
1 0.670346 0.294138 1.82377 899110
1 0.669947 0.293115 1.82663 899144
1 0.666945 0.290766 1.82173 899177
1 0.662528 0.28776 1.81442 899210
1 0.660304 0.285921 1.80963 899243
1 0.659144 0.284944 1.80677 899276

2 0.603829 0.555238 1.58745 913158
2 0.603205 0.556348 1.58766 913192
2 0.602226 0.556464 1.59011 913226
2 0.59989 0.557747 1.59097 913260
2 0.597205 0.559386 1.59249 913295
2 0.593517 0.559098 1.59145 913311
2 0.591436 0.556845 1.59228 913362
2 0.58868 0.554713 1.59072 913378
2 0.584767 0.551689 1.58984 913429
2 0.580828 0.549319 1.58916 913446
2 0.578568 0.547601 1.59089 913480
2 0.576877 0.546753 1.59253 913530
2 0.576101 0.54065 1.5928 913547
2 0.575674 0.53591 1.59243 913581
2 0.575552 0.533135 1.59332 913615
2 0.576378 0.52799 1.59438 913648
2 0.575889 0.522466 1.59455 913682
2 0.577639 0.519298 1.59688 913716
2 0.582264 0.516411 1.59584 913750
2 0.585758 0.514539 1.59963 913784
2 0.587361 0.51349 1.60067 913818
2 0.590109 0.510948 1.60241 913852
2 0.593002 0.509979 1.60458 913885
2 0.596508 0.510842 1.60764 913919
2 0.598682 0.511356 1.61046 913953
2 0.601187 0.512772 1.61054 913987
2 0.603346 0.514154 1.61092 914019
2 0.605583 0.517884 1.61306 914053
2 0.606223 0.522844 1.6115 914087
2 0.60664 0.526353 1.61158 914120
2 0.608079 0.530861 1.61089 914153
2 0.608111 0.53731 1.61081 914187
2 0.606524 0.540566 1.60922 914220
2 0.604499 0.5449 1.60611 914253
2 0.602701 0.549812 1.60452 914285
2 0.601771 0.553043 1.60422 914318
2 0.599804 0.558004 1.60478 914351
2 0.596138 0.564475 1.6055 914383
2 0.594198 0.569577 1.60511 914417
2 0.59191 0.57393 1.60423 914449
2 0.590673 0.576569 1.60441 914484
2 0.589672 0.580582 1.60419 914517
2 0.588876 0.582713 1.60379 914551
2 0.58689 0.584901 1.60338 914583
2 0.587164 0.588374 1.60475 914616
2 0.588643 0.59338 1.60638 914648
2 0.589188 0.596848 1.60762 914697
2 0.59205 0.599855 1.61153 914729
2 0.594487 0.601718 1.61328 914746
2 0.595964 0.602265 1.6131 914797
2 0.599951 0.602455 1.61516 914829
2 0.602373 0.603887 1.61604 914862
2 0.604556 0.603787 1.61712 914896
2 0.606557 0.60444 1.61895 914929
2 0.610577 0.604172 1.62122 914961
2 0.613398 0.60408 1.62331 914994
2 0.615787 0.603799 1.62477 915028
2 0.616753 0.603331 1.62615 915061
2 0.61711 0.603498 1.62647 915094
2 0.61603 0.600838 1.62642 915128
2 0.614984 0.59712 1.61936 915160
2 0.616455 0.593953 1.62119 915195
2 0.616641 0.592075 1.62068 915228
2 0.616005 0.590204 1.62033 915260
2 0.616417 0.589931 1.62088 915294
2 0.615271 0.588501 1.62031 915326
2 0.614355 0.5902 1.62132 915360
2 0.613709 0.58957 1.62049 915394
2 0.61305 0.585566 1.6175 915427
2 0.61127 0.582313 1.6129 915460
2 0.61098 0.580532 1.61308 915493
2 0.610542 0.578621 1.61075 915525
2 0.609047 0.577396 1.60943 915559
2 0.607625 0.57622 1.60854 915591
2 0.606262 0.574794 1.60675 915625
2 0.604889 0.573762 1.60526 915659
2 0.603731 0.573474 1.60421 915693
2 0.602328 0.575061 1.60427 915725
2 0.601596 0.573328 1.60567 915759
2 0.600933 0.571682 1.60484 915792
2 0.59998 0.571253 1.60411 915825
2 0.598348 0.572434 1.60386 915858
2 0.59793 0.570332 1.60334 915890
2 0.597647 0.568773 1.60284 915924
2 0.595962 0.566171 1.60059 915957
2 0.59532 0.564265 1.5986 915990

3 0.654511 0.552952 1.68976 917188
3 0.653813 0.552072 1.68717 917222
3 0.653223 0.551031 1.68598 917256
3 0.653342 0.551788 1.68108 917290
3 0.651356 0.551505 1.67876 917323
3 0.646309 0.551019 1.67829 917356
3 0.644266 0.548953 1.67522 917389
3 0.639552 0.548482 1.67347 917422
3 0.636146 0.54782 1.67233 917455
3 0.633042 0.541043 1.67023 917489
3 0.629341 0.536131 1.6677 917522
3 0.628377 0.531927 1.66524 917557
3 0.626579 0.527296 1.66508 917590
3 0.624547 0.52244 1.6636 917623
3 0.624317 0.518714 1.662 917657
3 0.624304 0.513525 1.66099 917690
3 0.625825 0.509294 1.66036 917723
3 0.626737 0.503961 1.65912 917757
3 0.628089 0.501336 1.65909 917792
3 0.631894 0.497422 1.65764 917827
3 0.635129 0.494377 1.65864 917861
3 0.640352 0.492766 1.66207 917894
3 0.645875 0.491559 1.66447 917928
3 0.649813 0.494444 1.66752 917962
3 0.653163 0.497459 1.67047 917995
3 0.656722 0.501764 1.67006 918027
3 0.659397 0.506256 1.67171 918060
3 0.661868 0.512287 1.67452 918093
3 0.663426 0.519326 1.67681 918127
3 0.663469 0.526581 1.67481 918160
3 0.66108 0.534864 1.67399 918193
3 0.65978 0.542312 1.67364 918225
3 0.657068 0.549974 1.67067 918258
3 0.657498 0.558721 1.66612 918292
3 0.6556 0.571732 1.66975 918325
3 0.653183 0.583241 1.67002 918357
3 0.652167 0.592939 1.66821 918390
3 0.647901 0.598684 1.66573 918422
3 0.645738 0.608154 1.66874 918453
3 0.6445 0.61437 1.6689 918487
3 0.643019 0.619779 1.66982 918520
3 0.643647 0.626397 1.67101 918552
3 0.643205 0.63659 1.6748 918584
3 0.64377 0.643344 1.67846 918618
3 0.64678 0.6535 1.6869 918650
3 0.650215 0.657985 1.69083 918700
3 0.653416 0.664021 1.70031 918733
3 0.65687 0.667176 1.70471 918750
3 0.660122 0.670405 1.70867 918801
3 0.665009 0.671566 1.7106 918817
3 0.667643 0.671271 1.71469 918851
3 0.671635 0.671324 1.71916 918901
3 0.675622 0.66397 1.71818 918918
3 0.679526 0.65981 1.71948 918951
3 0.681693 0.652112 1.71862 919001
3 0.682491 0.646446 1.71727 919018
3 0.684921 0.641621 1.71465 919051
3 0.684257 0.634131 1.71498 919101
3 0.685211 0.628478 1.71385 919117
3 0.686582 0.622678 1.71174 919149
3 0.686462 0.613806 1.70229 919199
3 0.686203 0.608348 1.69876 919232
3 0.684714 0.601668 1.69615 919249
3 0.682212 0.596306 1.69134 919299
3 0.680908 0.589082 1.68505 919331
3 0.679515 0.582381 1.6808 919365
3 0.678821 0.578641 1.67891 919398
3 0.676832 0.572527 1.67515 919432
3 0.675332 0.568921 1.67422 919466
3 0.672696 0.566395 1.67089 919499
3 0.669509 0.56349 1.66882 919531
3 0.667462 0.56179 1.66651 919563
3 0.66537 0.559799 1.66667 919596
3 0.663096 0.560213 1.66501 919630
3 0.662327 0.556999 1.66117 919664
3 0.657714 0.551918 1.6573 919697
3 0.655477 0.548343 1.65269 919731
3 0.653938 0.546037 1.65032 919765
3 0.651896 0.543759 1.64737 919798

4 0.467846 0.483898 1.64084 921162
4 0.466087 0.482994 1.63821 921195
4 0.46231 0.482004 1.63542 921228
4 0.458402 0.482337 1.63355 921261
4 0.454548 0.479546 1.63279 921294
4 0.449248 0.474012 1.63376 921327
4 0.444657 0.471642 1.6351 921359
4 0.439958 0.466344 1.6391 921393
4 0.436095 0.459432 1.63936 921426
4 0.434097 0.454963 1.64021 921459
4 0.435038 0.447612 1.64261 921491
4 0.436523 0.442545 1.64691 921524
4 0.438287 0.434659 1.6473 921557
4 0.440537 0.42814 1.64862 921591
4 0.446073 0.424233 1.64884 921623
4 0.451138 0.41737 1.65002 921657
4 0.456291 0.412267 1.65263 921691
4 0.460468 0.411847 1.65379 921725
4 0.465319 0.411939 1.65371 921759
4 0.470556 0.411972 1.65278 921792
4 0.473801 0.415423 1.64903 921825
4 0.478321 0.417983 1.65085 921858
4 0.481249 0.425671 1.64833 921891
4 0.48329 0.431671 1.64786 921924
4 0.484136 0.435014 1.64542 921957
4 0.485316 0.441714 1.64615 921990
4 0.484944 0.447197 1.64579 922023
4 0.482905 0.456524 1.64482 922056
4 0.482086 0.462346 1.64679 922088
4 0.47958 0.467889 1.64788 922121
4 0.480096 0.474769 1.64889 922155
4 0.479123 0.480647 1.64891 922188
4 0.477975 0.487254 1.64992 922220
4 0.478576 0.492325 1.6494 922253
4 0.478116 0.496707 1.64895 922302
4 0.481168 0.503204 1.65395 922335
4 0.483261 0.507866 1.65741 922366
4 0.484762 0.516262 1.65822 922400
4 0.485639 0.521976 1.65946 922434
4 0.486624 0.528078 1.66208 922468
4 0.488414 0.533241 1.6603 922501
4 0.492107 0.537676 1.65983 922534
4 0.494337 0.540728 1.65794 922568
4 0.500043 0.547423 1.6557 922600
4 0.504697 0.55187 1.65296 922632
4 0.507961 0.553527 1.65099 922665
4 0.51301 0.555372 1.65063 922699
4 0.517436 0.556267 1.64878 922731
4 0.52355 0.556749 1.64721 922764
4 0.528525 0.556803 1.64616 922798
4 0.53198 0.55356 1.64682 922830
4 0.535828 0.550194 1.64394 922865
4 0.537053 0.544331 1.64079 922897
4 0.536694 0.538889 1.63328 922931
4 0.537372 0.534083 1.63022 922964
4 0.540516 0.530388 1.63005 922997
4 0.540272 0.523753 1.62989 923030
4 0.54022 0.519774 1.62743 923064
4 0.538713 0.517974 1.62475 923097
4 0.53664 0.512779 1.62471 923131
4 0.533965 0.507211 1.62325 923164
4 0.532612 0.503452 1.62271 923198
4 0.530096 0.501084 1.62267 923232
4 0.52733 0.496174 1.62398 923266
4 0.524626 0.496171 1.62252 923298
4 0.52078 0.495412 1.62022 923331
4 0.516755 0.492804 1.6182 923365
4 0.514253 0.490884 1.61512 923398
4 0.509823 0.488681 1.61609 923430
4 0.507005 0.488236 1.61639 923464
4 0.502357 0.48731 1.61518 923497
4 0.497864 0.486552 1.61423 923531
4 0.493505 0.487657 1.61349 923566
4 0.489458 0.487686 1.61372 923598
4 0.485772 0.487751 1.6143 923632
4 0.482472 0.488211 1.61748 923666
4 0.480125 0.48882 1.61606 923699
4 0.47613 0.487623 1.61378 923733
4 0.473004 0.487601 1.61326 923765
4 0.47041 0.488293 1.61271 923799

5 0.282702 0.306436 1.86544 936215
5 0.279431 0.30556 1.86417 936248
5 0.274415 0.303615 1.86113 936264
5 0.270065 0.298763 1.85339 936313
5 0.267028 0.294782 1.85463 936346
5 0.261357 0.292015 1.85346 936379
5 0.257032 0.284954 1.85176 936413
5 0.254757 0.279996 1.85019 936447
5 0.25237 0.273076 1.8495 936481
5 0.252204 0.265796 1.85113 936515
5 0.252192 0.255667 1.84686 936532
5 0.252273 0.248011 1.84869 936564
5 0.253101 0.244448 1.84652 936613
5 0.255266 0.2373 1.85005 936645
5 0.259817 0.231348 1.84893 936677
5 0.265793 0.227364 1.85112 936710
5 0.270568 0.225806 1.84926 936743
5 0.273786 0.224283 1.84819 936778
5 0.278399 0.225613 1.84977 936811
5 0.282021 0.2266 1.854 936845
5 0.285703 0.23029 1.86076 936877
5 0.287335 0.233776 1.85807 936910
5 0.288705 0.23701 1.86364 936943
5 0.288902 0.24441 1.85678 936976
5 0.289705 0.25605 1.85406 937010
5 0.289208 0.264487 1.85068 937044
5 0.28721 0.275755 1.85194 937077
5 0.284632 0.285343 1.84868 937110
5 0.281946 0.295402 1.84425 937144
5 0.277752 0.304572 1.83963 937176
5 0.2742 0.313107 1.8359 937208
5 0.2727 0.321614 1.83033 937240
5 0.269064 0.330336 1.82892 937274
5 0.264524 0.339363 1.82206 937308
5 0.263548 0.344038 1.81773 937341
5 0.262852 0.350743 1.81955 937373
5 0.260485 0.360799 1.81969 937406
5 0.259076 0.370926 1.82388 937439
5 0.260832 0.381164 1.82762 937473
5 0.26066 0.387565 1.83011 937508
5 0.262448 0.396341 1.8356 937541
5 0.265624 0.401574 1.8409 937574
5 0.269047 0.406203 1.83724 937607
5 0.273114 0.4105 1.8451 937640
5 0.276116 0.416506 1.84581 937673
5 0.280958 0.41948 1.84954 937706
5 0.287098 0.417995 1.85228 937740
5 0.290206 0.418962 1.85286 937772
5 0.293717 0.417001 1.85633 937804
5 0.29865 0.413164 1.85948 937838
5 0.302186 0.412089 1.86137 937870
5 0.303044 0.410142 1.85975 937904
5 0.306456 0.403901 1.8586 937937
5 0.308109 0.398047 1.85658 937971
5 0.309593 0.394473 1.85174 938005
5 0.310064 0.388521 1.84777 938038
5 0.310631 0.382765 1.84739 938072
5 0.31131 0.379362 1.84386 938105
5 0.310836 0.373303 1.83526 938138
5 0.309044 0.368032 1.83288 938171
5 0.306724 0.364891 1.82826 938204
5 0.304904 0.363005 1.82867 938238
5 0.302851 0.358552 1.82495 938273
5 0.302121 0.352945 1.82086 938306
5 0.299929 0.348353 1.81992 938340
5 0.299272 0.343023 1.81514 938374
5 0.298198 0.339039 1.81077 938409
5 0.295955 0.337008 1.80557 938443
5 0.295169 0.334292 1.8019 938478
5 0.292449 0.332301 1.7999 938512
5 0.290993 0.331535 1.80033 938546
5 0.290099 0.327234 1.79589 938579
5 0.287683 0.323961 1.79693 938613
5 0.286977 0.322519 1.79406 938646
5 0.285147 0.318602 1.79403 938680
5 0.283642 0.317091 1.79533 938713
5 0.282708 0.31614 1.7953 938747
5 0.280966 0.311576 1.79459 938781
5 0.278838 0.311519 1.794 938814
5 0.277082 0.308988 1.79161 938847

6 0.367817 0.280854 1.97572 941286
6 0.363032 0.279146 1.96859 941302
6 0.359078 0.278992 1.96069 941335
6 0.353227 0.278529 1.95723 941385
6 0.34703 0.278853 1.95626 941402
6 0.34132 0.275292 1.94983 941436
6 0.337365 0.270047 1.94323 941487
6 0.335074 0.266111 1.93772 941504
6 0.330332 0.259295 1.93602 941538
6 0.328105 0.255493 1.93576 941570
6 0.326199 0.252074 1.92391 941604
6 0.325557 0.246206 1.91628 941637
6 0.32739 0.241318 1.91524 941670
6 0.330794 0.236985 1.91237 941705
6 0.333679 0.227727 1.90965 941737
6 0.337515 0.223446 1.90781 941771
6 0.343334 0.218791 1.90919 941804
6 0.349286 0.215604 1.90478 941837
6 0.356266 0.214351 1.90902 941885
6 0.3622 0.216111 1.9092 941917
6 0.368806 0.217183 1.91551 941951
6 0.372266 0.22242 1.91264 941984
6 0.376553 0.228077 1.91379 942017
6 0.379744 0.230954 1.919 942050
6 0.383506 0.236794 1.92528 942083
6 0.387388 0.242756 1.92849 942118
6 0.388838 0.251401 1.93099 942151
6 0.389697 0.258611 1.93226 942184
6 0.387879 0.266735 1.93326 942218
6 0.387145 0.273219 1.92947 942252
6 0.384903 0.27887 1.92965 942285
6 0.382882 0.288779 1.92935 942319
6 0.380353 0.295852 1.9251 942352
6 0.378002 0.299406 1.92727 942386
6 0.375553 0.305947 1.92625 942403
6 0.372758 0.312479 1.92736 942453
6 0.370042 0.317545 1.92552 942487
6 0.365804 0.324047 1.92702 942503
6 0.364156 0.331801 1.92895 942554
6 0.361042 0.339827 1.93381 942571
6 0.358276 0.347331 1.93155 942605
6 0.357296 0.355496 1.9358 942639
6 0.356355 0.361262 1.93949 942672
6 0.357103 0.363975 1.94085 942706
6 0.357019 0.372146 1.94309 942740
6 0.356248 0.377316 1.94399 942773
6 0.354399 0.379122 1.94083 942808
6 0.355459 0.38697 1.94639 942840
6 0.359227 0.396049 1.95997 942873
6 0.361678 0.402415 1.96685 942906
6 0.364662 0.409324 1.97499 942940
6 0.370511 0.413686 1.97934 942975
6 0.375212 0.41548 1.97981 943008
6 0.378798 0.416914 1.98062 943041
6 0.385376 0.417053 1.98091 943073
6 0.388475 0.416064 1.9872 943108
6 0.39179 0.413088 1.98627 943141
6 0.393539 0.409576 1.98515 943175
6 0.396177 0.405535 1.98997 943208
6 0.400406 0.402761 1.98996 943242
6 0.404747 0.39519 1.98054 943275
6 0.407421 0.38942 1.97631 943307
6 0.40993 0.381249 1.96988 943341
6 0.410469 0.374838 1.96405 943375
6 0.41029 0.370909 1.96206 943408
6 0.410053 0.36213 1.95425 943442
6 0.410535 0.356017 1.94582 943476
6 0.40926 0.351398 1.93929 943509
6 0.405955 0.344973 1.93547 943543
6 0.402852 0.34019 1.93281 943577
6 0.401126 0.33702 1.92846 943609
6 0.401125 0.331454 1.9211 943641
6 0.400549 0.324971 1.9185 943675
6 0.39819 0.323599 1.91692 943708
6 0.398379 0.321068 1.91214 943741
6 0.395307 0.315285 1.90687 943776
6 0.393156 0.31129 1.90389 943809
6 0.390356 0.307043 1.89896 943842
6 0.388439 0.304719 1.8984 943875
6 0.386676 0.304445 1.89813 943909
6 0.384447 0.303061 1.89315 943942
6 0.381727 0.298641 1.88782 943975
6 0.378743 0.299624 1.88357 944007
6 0.37724 0.298045 1.88285 944040
6 0.37629 0.293982 1.88118 944073
6 0.37562 0.29054 1.88203 944106
6 0.373377 0.291099 1.87921 944140
6 0.370643 0.290146 1.8745 944173

7 0.429485 0.224237 1.99246 945957
7 0.429436 0.224798 1.98929 945974
7 0.429262 0.224642 1.98983 946007
7 0.429108 0.224269 1.98897 946058
7 0.429157 0.224311 1.98643 946075
7 0.427762 0.222448 1.98372 946109
7 0.425845 0.220691 1.98183 946143
7 0.422289 0.215332 1.97959 946177
7 0.420485 0.211892 1.97745 946210
7 0.419543 0.204688 1.97309 946244
7 0.417947 0.196646 1.97028 946277
7 0.41704 0.187187 1.97173 946311
7 0.418923 0.180863 1.97194 946345
7 0.421964 0.17325 1.97415 946378
7 0.423507 0.168327 1.97575 946412
7 0.426322 0.166928 1.97608 946447
7 0.430864 0.165382 1.98085 946480
7 0.435123 0.164672 1.98519 946514
7 0.439221 0.164064 1.99104 946547
7 0.443166 0.162724 1.99339 946581
7 0.448781 0.162457 1.99916 946615
7 0.454576 0.163816 2.00429 946649
7 0.460348 0.161395 2.0108 946683
7 0.464529 0.161301 2.01376 946717
7 0.465488 0.166107 2.01753 946751
7 0.468519 0.173211 2.02447 946785
7 0.471869 0.184467 2.02798 946819
7 0.473061 0.19281 2.02755 946853
7 0.475831 0.201146 2.03096 946887
7 0.473842 0.20891 2.02691 946921
7 0.472225 0.219073 2.02392 946955
7 0.470491 0.226822 2.01887 946988
7 0.467813 0.237036 2.01494 947021
7 0.465373 0.243251 2.01229 947055
7 0.461568 0.25067 2.0028 947088
7 0.457182 0.259084 2.00008 947121
7 0.454544 0.264949 1.99721 947154
7 0.450761 0.270859 1.99605 947187
7 0.447238 0.273903 1.99528 947220
7 0.44352 0.281303 1.99274 947252
7 0.442166 0.287259 1.9871 947285
7 0.441712 0.291196 1.98358 947319
7 0.439477 0.29861 1.98247 947352
7 0.438173 0.303974 1.98054 947386
7 0.437145 0.306801 1.98 947421
7 0.437201 0.315215 1.98557 947453
7 0.437062 0.321343 1.98766 947486
7 0.438275 0.326375 1.99272 947519
7 0.440422 0.334959 1.99603 947552
7 0.443476 0.342263 1.99915 947586
7 0.446703 0.343911 2.00354 947620
7 0.450419 0.345942 2.00283 947655
7 0.454948 0.351512 2.01485 947689
7 0.457699 0.354976 2.02053 947721
7 0.46049 0.357903 2.02809 947754
7 0.462607 0.360332 2.03018 947787
7 0.467716 0.359869 2.03721 947820
7 0.471344 0.358834 2.03854 947853
7 0.474379 0.352829 2.03934 947888
7 0.477976 0.35023 2.03766 947921
7 0.478437 0.346754 2.04026 947955
7 0.479004 0.343633 2.03668 947987
7 0.480203 0.338043 2.03713 948021
7 0.480875 0.333886 2.03471 948056
7 0.484953 0.328798 2.02879 948089
7 0.483205 0.326093 2.02784 948123
7 0.484938 0.319667 2.02255 948157
7 0.487231 0.312741 2.01542 948190
7 0.486812 0.30621 2.00866 948222
7 0.484744 0.300116 2.00264 948254
7 0.485924 0.292375 1.99757 948288
7 0.484082 0.285596 1.99513 948321
7 0.485878 0.278767 1.99694 948353
7 0.482894 0.275361 1.99388 948385
7 0.480554 0.273135 1.99153 948419
7 0.47897 0.266195 1.98705 948453
7 0.478443 0.261574 1.98287 948485
7 0.472989 0.258298 1.97876 948518
7 0.469955 0.253198 1.97381 948551
7 0.468003 0.24803 1.96909 948584
7 0.465045 0.247562 1.9575 948617
7 0.462955 0.246843 1.95785 948650
7 0.458016 0.245534 1.94851 948684
7 0.45574 0.240507 1.94182 948717
7 0.453559 0.240838 1.94028 948750
7 0.449359 0.23799 1.93424 948783
7 0.444683 0.233762 1.92587 948817
7 0.442619 0.231976 1.91571 948850
7 0.438942 0.232368 1.91474 948883
7 0.435608 0.231737 1.91249 948917
7 0.430484 0.230659 1.90815 948949
7 0.426022 0.226747 1.90277 948982

8 0.159584 0.259281 1.82543 954988
8 0.1569 0.254945 1.82168 955020
8 0.151065 0.250551 1.81762 955053
8 0.148591 0.246449 1.81483 955087
8 0.147077 0.243994 1.81294 955119
8 0.14313 0.239244 1.81303 955152
8 0.139231 0.233872 1.81854 955185
8 0.137321 0.229044 1.81628 955219
8 0.133471 0.222811 1.8175 955251
8 0.132622 0.216691 1.81424 955285
8 0.132725 0.209027 1.81622 955319
8 0.132843 0.202305 1.82049 955351
8 0.133399 0.197292 1.81562 955385
8 0.136798 0.190986 1.81201 955417
8 0.1409 0.191184 1.81108 955450
8 0.1456 0.183026 1.81277 955483
8 0.15131 0.180902 1.80702 955517
8 0.154988 0.175672 1.80959 955551
8 0.160788 0.177136 1.80608 955584
8 0.165037 0.180433 1.80165 955617
8 0.16819 0.186275 1.80199 955650
8 0.170583 0.189828 1.80097 955684
8 0.175571 0.194041 1.79466 955717
8 0.176622 0.201057 1.79025 955750
8 0.176297 0.208415 1.79165 955783
8 0.175085 0.21952 1.78467 955817
8 0.175703 0.228853 1.78171 955851
8 0.174014 0.238157 1.78361 955885
8 0.17084 0.249403 1.78182 955918
8 0.167635 0.256861 1.78279 955950
8 0.164654 0.26729 1.78446 955983
8 0.163195 0.27486 1.78207 956016
8 0.162517 0.284586 1.78301 956050
8 0.161672 0.293789 1.789 956084
8 0.159928 0.303219 1.79194 956116
8 0.160023 0.313904 1.79332 956151
8 0.159874 0.321268 1.79618 956184
8 0.161515 0.330515 1.79495 956218
8 0.164297 0.337724 1.79379 956251
8 0.169079 0.34802 1.7891 956284
8 0.173622 0.353586 1.78353 956318
8 0.17952 0.363559 1.78624 956352
8 0.184827 0.370618 1.77929 956385
8 0.192351 0.375697 1.77411 956417
8 0.200111 0.379034 1.7708 956452
8 0.207573 0.381096 1.76592 956485
8 0.212349 0.381615 1.76392 956519
8 0.216616 0.377945 1.75971 956552
8 0.219721 0.373604 1.75923 956585
8 0.22068 0.364508 1.75471 956618
8 0.220719 0.357834 1.75142 956651
8 0.220071 0.348365 1.74925 956685
8 0.22059 0.338389 1.74629 956717
8 0.216363 0.329095 1.74473 956767
8 0.213691 0.320524 1.74571 956784
8 0.209766 0.314516 1.7477 956817
8 0.205567 0.309754 1.75148 956851
8 0.200782 0.305118 1.75285 956885
8 0.196798 0.298099 1.75203 956919
8 0.191567 0.291089 1.75776 956951
8 0.188529 0.288892 1.759 956985
8 0.185503 0.286512 1.75816 957019
8 0.183403 0.285261 1.75801 957053
8 0.181783 0.284657 1.75943 957087
8 0.176546 0.28168 1.75686 957122
8 0.172966 0.281725 1.75687 957156
8 0.170241 0.277301 1.75678 957190
8 0.168023 0.274315 1.75792 957224
8 0.165359 0.272796 1.75781 957257
8 0.162345 0.270011 1.7575 957291

9 0.797896 0.406539 2.10841 967532
9 0.794914 0.407672 2.09792 967566
9 0.792718 0.408426 2.0894 967599
9 0.787635 0.406597 2.07767 967633
9 0.782034 0.404056 2.06466 967665
9 0.778375 0.402014 2.05121 967698
9 0.77535 0.394027 2.04005 967733
9 0.773248 0.380769 2.03032 967765
9 0.773397 0.368725 2.02349 967797
9 0.773816 0.360737 2.01855 967830
9 0.777728 0.351736 2.01813 967864
9 0.781665 0.340484 2.02076 967897
9 0.785272 0.333098 2.02353 967931
9 0.793149 0.321769 2.02906 967963
9 0.798798 0.313653 2.03697 967997
9 0.804924 0.310316 2.04948 968031
9 0.810417 0.308865 2.05565 968065
9 0.816174 0.311644 2.06361 968099
9 0.818985 0.315368 2.06567 968133
9 0.821603 0.324937 2.06741 968166
9 0.821102 0.332961 2.07318 968200
9 0.816273 0.343667 2.07185 968234
9 0.813431 0.357929 2.07078 968267
9 0.805857 0.36842 2.06478 968301
9 0.799363 0.381109 2.05651 968336
9 0.795364 0.396217 2.05469 968369
9 0.786892 0.408178 2.04149 968404
9 0.778922 0.418858 2.03903 968436
9 0.770262 0.427523 2.03458 968470
9 0.765528 0.439611 2.03006 968503
9 0.758544 0.448281 2.02859 968537
9 0.754357 0.460101 2.03043 968571
9 0.750455 0.469315 2.03153 968605
9 0.753149 0.477006 2.03615 968639
9 0.754271 0.486349 2.04976 968673
9 0.757968 0.492138 2.05704 968707
9 0.761339 0.494738 2.06412 968740
9 0.767086 0.49697 2.06878 968775
9 0.774288 0.496208 2.07262 968791
9 0.777742 0.496628 2.07849 968842
9 0.78308 0.493712 2.08215 968875
9 0.788963 0.486043 2.07672 968892
9 0.792177 0.479714 2.07276 968943
9 0.795354 0.471589 2.07037 968960
9 0.79653 0.461858 2.06159 968995
9 0.796977 0.454451 2.05059 969028
9 0.796163 0.443815 2.03541 969062
9 0.795965 0.435216 2.02612 969095
9 0.794928 0.427028 2.01934 969130
9 0.792241 0.419004 2.00435 969162
9 0.790958 0.412841 1.99381 969195
9 0.790205 0.409076 1.9916 969228
9 0.785026 0.405907 1.98107 969263
9 0.782328 0.399872 1.97494 969295
9 0.780358 0.39602 1.96924 969330
9 0.778239 0.392272 1.96278 969363
9 0.77678 0.389705 1.95668 969396

