Gesto: 9
0 0.460898 0.449773 1.99153 244730
0 0.459572 0.447133 1.99321 244763
0 0.457413 0.4453 1.99579 244796
0 0.460332 0.447279 2.00278 244830
0 0.462194 0.445895 1.99841 244861
0 0.46316 0.446122 1.99591 244911
0 0.460664 0.446054 1.99453 244928
0 0.457463 0.444452 1.99514 244962
0 0.455154 0.443376 1.99613 244995
0 0.454809 0.443115 1.99889 245029
0 0.454179 0.442493 1.998 245062
0 0.453 0.444468 1.99821 245109
0 0.452197 0.444982 1.99739 245144
0 0.452457 0.443742 1.99581 245160
0 0.452763 0.443632 1.99343 245209
0 0.459414 0.445948 2.00396 245242
0 0.465651 0.447231 2.01868 245259
0 0.466189 0.448597 2.02081 245309
0 0.458772 0.44557 2.01045 245342
0 0.455052 0.441065 2.00585 245359
0 0.453525 0.43994 2.00585 245407
0 0.453386 0.43984 2.00623 245441
0 0.452938 0.439365 2.00651 245474
0 0.452823 0.438801 2.0058 245507
0 0.452276 0.438676 2.00201 245542
0 0.451943 0.438078 2.00496 245575
0 0.452045 0.437558 2.00378 245609
0 0.452242 0.437403 1.9996 245643
0 0.452469 0.437167 1.9973 245660
0 0.452439 0.437289 1.99653 245694
0 0.451883 0.437313 1.99744 245728
0 0.452112 0.4369 1.99723 245777
0 0.452186 0.437249 1.99825 245811
0 0.451859 0.437327 1.99877 245827
0 0.451984 0.43707 1.99851 245875
0 0.452346 0.436981 1.99674 245907
0 0.452502 0.43705 1.99577 245940
0 0.452388 0.436747 1.99623 245975
0 0.453102 0.437245 1.99606 246007
0 0.452973 0.437197 1.99549 246040
0 0.451932 0.436954 1.99645 246072
0 0.452121 0.436812 1.9967 246105
0 0.452001 0.436718 2.00088 246139
0 0.451918 0.436686 1.99986 246172
0 0.451292 0.436898 1.99921 246204
0 0.451284 0.436824 1.99859 246237
0 0.450861 0.436202 2.00308 246271
0 0.451458 0.435861 2.00432 246305
0 0.451461 0.435861 2.00539 246338
0 0.451467 0.435862 2.0059 246372
0 0.451463 0.435868 2.00611 246405
0 0.451641 0.435669 2.00542 246437
0 0.45153 0.435789 2.00585 246469
0 0.451483 0.435846 2.00611 246503
0 0.451659 0.43565 2.00548 246535
0 0.451218 0.435968 2.00586 246568
0 0.451641 0.435807 2.00564 246602
0 0.451964 0.435733 2.00558 246636
0 0.451745 0.435788 2.00603 246670
0 0.451605 0.435784 2.0063 246704
0 0.451693 0.435579 2.0055 246738
0 0.452118 0.435826 2.00404 246772
0 0.451758 0.435418 2.0023 246805
0 0.451148 0.435302 2.00107 246837
0 0.451024 0.435088 2.00041 246871
0 0.450978 0.435492 2.00312 246903
0 0.45101 0.435425 2.0024 246937
0 0.451299 0.43595 2.00269 246971
0 0.451101 0.436337 2.00107 247003
0 0.451026 0.436118 2.00352 247035
0 0.451313 0.435781 1.99896 247069
0 0.451354 0.436219 1.99803 247104
0 0.451816 0.436318 1.99485 247137
0 0.452532 0.436391 1.9921 247169
0 0.452884 0.436425 1.99069 247203
0 0.454608 0.435075 1.99221 247237
0 0.45969 0.435297 1.98601 247271
0 0.463308 0.436399 1.97975 247305
0 0.466614 0.433962 1.97916 247339
0 0.470093 0.431958 1.98398 247373
0 0.472873 0.430268 1.99006 247407
0 0.476301 0.428735 1.98882 247439
0 0.478882 0.430488 1.98644 247473
0 0.480393 0.428458 1.98111 247506
0 0.481142 0.426911 1.98079 247540
0 0.481376 0.427946 1.97234 247573
0 0.483837 0.428882 1.97919 247606
0 0.484925 0.428662 1.98041 247640
0 0.485868 0.428516 1.98243 247674
0 0.485963 0.428486 1.98203 247707
0 0.487262 0.427897 1.98251 247741
0 0.488151 0.427541 1.98234 247774
0 0.48743 0.427857 1.98344 247806
0 0.486761 0.427647 1.98432 247839
0 0.485921 0.427538 1.98551 247872
0 0.485952 0.427929 1.98642 247907
0 0.48597 0.427639 1.98544 247940
0 0.485493 0.427906 1.98471 247973
0 0.485181 0.427932 1.98424 248007
0 0.483707 0.425408 1.98256 248040
0 0.485782 0.424406 1.98397 248072

