Gesto: 9
0 0.229367 0.494372 1.45613 361097
0 0.225407 0.499013 1.45839 361131
0 0.228577 0.511041 1.4582 361164
0 0.229692 0.513543 1.4541 361198
0 0.231195 0.514009 1.44881 361215
0 0.237982 0.517741 1.44225 361265
0 0.240092 0.514178 1.43539 361298
0 0.24111 0.512922 1.43039 361315
0 0.241927 0.513613 1.42854 361365
0 0.242126 0.51486 1.43042 361398
0 0.242686 0.51853 1.43743 361415
0 0.242612 0.523241 1.44825 361465
0 0.241536 0.523088 1.46231 361498
0 0.242829 0.52763 1.47597 361516
0 0.241348 0.524339 1.48544 361565
0 0.240811 0.523313 1.49607 361598
0 0.240764 0.520687 1.50497 361633
0 0.241565 0.520002 1.51496 361668
0 0.242878 0.521308 1.52263 361685
0 0.244702 0.518955 1.5322 361735
0 0.246018 0.514389 1.54058 361752
0 0.246067 0.507719 1.55817 361785
0 0.24922 0.504302 1.56934 361834
0 0.252889 0.500854 1.57945 361851
0 0.251381 0.497105 1.57889 361886
0 0.25363 0.501233 1.57623 361919
0 0.253853 0.503438 1.5671 361953
0 0.251685 0.494983 1.55834 361986
0 0.250763 0.484881 1.55333 362020
0 0.245925 0.468543 1.54983 362053
0 0.246022 0.454673 1.54336 362086
0 0.247685 0.451459 1.53571 362120
0 0.249621 0.446764 1.53027 362152
0 0.247688 0.43978 1.52936 362185
0 0.244572 0.433381 1.52864 362218
0 0.242373 0.43094 1.52679 362250
0 0.239806 0.434005 1.52633 362285
0 0.234288 0.437876 1.52708 362335
0 0.230999 0.447263 1.52696 362351
0 0.226071 0.45244 1.52641 362385
0 0.223144 0.454914 1.52319 362420
0 0.219805 0.455732 1.52112 362453
0 0.217469 0.457655 1.51604 362486
0 0.216588 0.458371 1.51487 362519
0 0.215327 0.459749 1.51313 362552
0 0.21487 0.460454 1.51242 362586
0 0.21467 0.46143 1.51021 362620
0 0.214393 0.465224 1.51061 362654
0 0.213736 0.475687 1.51215 362686
0 0.214619 0.486064 1.51424 362720
0 0.21531 0.495708 1.51601 362753
0 0.217495 0.505324 1.51588 362802
0 0.219806 0.510683 1.5136 362818
0 0.222707 0.513053 1.50627 362851
0 0.225468 0.511453 1.50027 362903
0 0.227114 0.509524 1.49577 362920
0 0.22765 0.508079 1.49248 362953
0 0.225529 0.505327 1.49243 362987
0 0.225056 0.503025 1.4904 363020
0 0.223651 0.497643 1.48925 363053
0 0.227662 0.497442 1.4821 363087
0 0.226567 0.494887 1.47932 363121
0 0.22619 0.492019 1.47722 363156
0 0.226501 0.489936 1.47461 363187
0 0.227765 0.492539 1.47131 363222
0 0.229027 0.491861 1.46893 363255
0 0.228628 0.486932 1.46828 363290
0 0.228463 0.485687 1.46901 363322
0 0.227616 0.483238 1.46901 363355
0 0.227338 0.482012 1.47058 363389
0 0.223366 0.470947 1.4752 363422
0 0.22352 0.475604 1.47946 363454
0 0.222705 0.471759 1.48418 363487
0 0.22042 0.463385 1.48929 363522
0 0.222153 0.466404 1.4916 363556
0 0.22385 0.469169 1.49249 363589
0 0.222948 0.463517 1.49314 363624
0 0.226694 0.466838 1.49136 363657
0 0.226872 0.462934 1.4882 363692
0 0.230615 0.468447 1.48237 363725
0 0.23191 0.467732 1.47742 363757
0 0.233719 0.466633 1.47188 363791
0 0.234383 0.468961 1.47232 363824
0 0.236365 0.477779 1.47297 363857

