Gesto: 9
0 0.579399 0.642043 1.91648 224725
0 0.579873 0.641764 1.91733 224759
0 0.58047 0.641903 1.91509 224792
0 0.580755 0.644332 1.91338 224826
0 0.580589 0.643328 1.91387 224859
0 0.581089 0.64344 1.91408 224892
0 0.581294 0.644625 1.91508 224924
0 0.580357 0.646196 1.91487 224957
0 0.580162 0.647211 1.91346 224991
0 0.579982 0.647543 1.91423 225026
0 0.579758 0.645311 1.91434 225059
0 0.580119 0.643675 1.91441 225093
0 0.58022 0.642982 1.91247 225127
0 0.580377 0.64363 1.91403 225161
0 0.579841 0.643568 1.91391 225194
0 0.580151 0.644633 1.91319 225227
0 0.580236 0.646019 1.91276 225261
0 0.579841 0.645609 1.91419 225294
0 0.579686 0.644549 1.91502 225327
0 0.580179 0.644348 1.91485 225360
0 0.579909 0.643349 1.91514 225394
0 0.579986 0.642048 1.91534 225427
0 0.579261 0.642902 1.91384 225459
0 0.579387 0.641982 1.91415 225493
0 0.579512 0.642936 1.91332 225526
0 0.579467 0.645669 1.91242 225559
0 0.579138 0.644151 1.91289 225593
0 0.578814 0.646112 1.91199 225627
0 0.578672 0.646636 1.91246 225660
0 0.578984 0.646752 1.91195 225693
0 0.578683 0.644841 1.91317 225726
0 0.57909 0.645566 1.91226 225759
0 0.579184 0.645654 1.91236 225791
0 0.579357 0.644025 1.91435 225825
0 0.57994 0.643706 1.91365 225858
0 0.580213 0.643468 1.91283 225891
0 0.580291 0.643342 1.91291 225925
0 0.580344 0.643368 1.91352 225959
0 0.580398 0.642715 1.91393 225992
0 0.580365 0.641854 1.91434 226025
0 0.580418 0.645387 1.91327 226060
0 0.580755 0.642862 1.91354 226093
0 0.583735 0.639514 1.91096 226127
0 0.587481 0.639766 1.91089 226161
0 0.591298 0.641159 1.9119 226195
0 0.59504 0.642422 1.91109 226229
0 0.596633 0.641397 1.91141 226263
0 0.598856 0.638821 1.91069 226298
0 0.60468 0.636382 1.90676 226331
0 0.609598 0.634165 1.89999 226365
0 0.614096 0.63281 1.89565 226399
0 0.617522 0.633117 1.89422 226433
0 0.619853 0.631953 1.89612 226467
0 0.622096 0.630644 1.89449 226501
0 0.625886 0.62755 1.8902 226535
0 0.627981 0.623827 1.88604 226568
0 0.62828 0.623626 1.88157 226602
0 0.631005 0.624453 1.87835 226635
0 0.631221 0.623416 1.8788 226669
0 0.631183 0.622237 1.87749 226702
0 0.632112 0.621721 1.87709 226735
0 0.633148 0.623525 1.87963 226768
0 0.632317 0.622734 1.87853 226803
0 0.632755 0.62483 1.88273 226834
0 0.631326 0.629438 1.87772 226868
0 0.630817 0.632493 1.87581 226902
0 0.630987 0.63206 1.88048 226934
0 0.630094 0.625848 1.88067 226968
0 0.629026 0.62521 1.88066 227002
0 0.628056 0.625808 1.87968 227036
0 0.627482 0.626465 1.88106 227068
0 0.627027 0.626722 1.87925 227100
0 0.628046 0.625231 1.8769 227134
0 0.629312 0.627484 1.88291 227168
0 0.627074 0.627817 1.88253 227202
0 0.626806 0.627667 1.8809 227236
0 0.628891 0.628096 1.88351 227269
0 0.628065 0.627898 1.88418 227302
0 0.629371 0.629001 1.88931 227335
0 0.628417 0.628517 1.88759 227370
0 0.627759 0.628309 1.88721 227403
0 0.627564 0.628026 1.88678 227436
0 0.627609 0.627964 1.8886 227470
0 0.62745 0.627899 1.88638 227504
0 0.627335 0.628052 1.88734 227537
0 0.627304 0.628081 1.88656 227571
0 0.62734 0.628159 1.88773 227603
0 0.627404 0.628287 1.88724 227637
0 0.627547 0.628139 1.8878 227671
0 0.626042 0.628519 1.88457 227704
0 0.625169 0.628661 1.88402 227738
0 0.624814 0.628889 1.88309 227772
0 0.624645 0.629021 1.88207 227789
0 0.624547 0.629056 1.88114 227839
0 0.624413 0.62888 1.88017 227873
0 0.624362 0.62879 1.87969 227889
0 0.625938 0.628492 1.88256 227941
0 0.625215 0.628748 1.88419 227957
0 0.624824 0.628899 1.88495 227989
0 0.626048 0.625322 1.88812 228037
0 0.626734 0.621797 1.89179 228070

