Gesto: 9
0 0.572694 0.638078 1.79685 331760
0 0.577904 0.640399 1.81675 331793
0 0.580804 0.644606 1.83191 331826
0 0.545421 0.647681 1.96294 350986
0 0.545165 0.648056 1.96479 351019
0 0.545173 0.648654 1.96785 351052
0 0.54462 0.649735 1.96998 351084
0 0.544668 0.648905 1.9764 351118
0 0.544837 0.64952 1.97713 351150
0 0.54532 0.648129 1.97965 351183
0 0.544978 0.648774 1.98028 351217
0 0.545051 0.650405 1.98029 351251
0 0.544481 0.652992 1.98048 351285
0 0.544058 0.653143 1.98167 351318
0 0.544369 0.652984 1.97659 351351
0 0.544281 0.652578 1.97869 351384
0 0.544435 0.652277 1.97738 351418
0 0.544513 0.651771 1.98191 351452
0 0.544997 0.653071 1.98044 351486
0 0.545087 0.653532 1.97893 351520
0 0.556563 0.658354 1.95482 351553
0 0.565594 0.649873 1.94124 351586
0 0.574208 0.649224 1.92568 351620
0 0.580236 0.645842 1.91848 351653
0 0.597748 0.635107 1.91269 351686
0 0.600867 0.633241 1.91765 351721
0 0.602479 0.632149 1.92026 351755
0 0.601739 0.632592 1.92371 351788
0 0.601403 0.633089 1.92598 351821
0 0.599952 0.637625 1.9251 351854
0 0.596828 0.640074 1.92138 351887
0 0.591732 0.640963 1.92053 351921
0 0.587473 0.642132 1.91907 351955
0 0.58097 0.633833 1.91978 351988
0 0.576494 0.635435 1.916 352006
0 0.572735 0.646664 1.90478 352056
0 0.569266 0.653187 1.89687 352090
0 0.565737 0.650195 1.89492 352106
0 0.565938 0.645628 1.8972 352155
0 0.566095 0.644588 1.90022 352189
0 0.56605 0.647917 1.89853 352206
0 0.56473 0.643581 1.89867 352257
0 0.566783 0.646022 1.90084 352273
0 0.566498 0.641683 1.90115 352307
0 0.566375 0.642555 1.9025 352357
0 0.564779 0.644988 1.89966 352374
0 0.56544 0.645694 1.89962 352408
0 0.56566 0.647714 1.89797 352457
0 0.565903 0.64745 1.89881 352473
0 0.565853 0.645788 1.89562 352507
0 0.566012 0.646285 1.89916 352541
0 0.565967 0.644953 1.8984 352576
0 0.566109 0.644702 1.90223 352610
0 0.566105 0.644909 1.90139 352643
0 0.565994 0.642869 1.89584 352677
0 0.566105 0.644502 1.89947 352711
0 0.565972 0.646947 1.8969 352745
0 0.566094 0.645857 1.90022 352778
0 0.567927 0.649213 1.90047 352812
0 0.56709 0.648818 1.90192 352845
0 0.563767 0.647287 1.89816 352879
0 0.563046 0.64681 1.89486 352913
0 0.564644 0.647246 1.8987 352947
0 0.565563 0.648152 1.90419 352981
0 0.565867 0.644693 1.90305 353015
0 0.564747 0.638277 1.90293 353050
0 0.56544 0.637061 1.9019 353083
0 0.565931 0.639361 1.90533 353116
0 0.566105 0.638283 1.90623 353150
0 0.566187 0.633784 1.90533 353184
0 0.565665 0.645745 1.89021 353217
0 0.564904 0.634331 1.89861 353251
0 0.565692 0.639295 1.90183 353285
0 0.566002 0.643033 1.90223 353318
0 0.564518 0.647306 1.90409 353351
0 0.565257 0.647656 1.89985 353383
0 0.562847 0.64745 1.89789 353417
0 0.558078 0.678426 1.88123 353450
0 0.555759 0.697604 1.8749 353484
0 0.545227 0.636895 1.90308 353517
0 0.544141 0.638229 1.91199 353551
0 0.542748 0.640716 1.91991 353584
0 0.541478 0.642447 1.92438 353616
0 0.540895 0.643529 1.92836 353647
0 0.539974 0.643788 1.93658 353679
0 0.53937 0.643568 1.94899 353714
0 0.539156 0.643982 1.9502 353747
0 0.538718 0.643693 1.94968 353779
0 0.538283 0.643391 1.94991 353812
0 0.537876 0.642682 1.95725 353843
0 0.537669 0.642346 1.95975 353893
0 0.537435 0.643147 1.96333 353910
0 0.537457 0.643368 1.96741 353943
0 0.537436 0.643715 1.96946 353991
0 0.536697 0.644984 1.96488 354024
0 0.536955 0.645662 1.96775 354056
0 0.537023 0.646253 1.97382 354088
0 0.537098 0.646371 1.97357 354120
0 0.537415 0.64499 1.97663 354153
0 0.537152 0.644721 1.97976 354186
0 0.53696 0.644994 1.9811 354219
0 0.536839 0.644307 1.98331 354251
0 0.536832 0.643192 1.98403 354284
0 0.536919 0.642994 1.98467 354319

