Gesto: 9
0 0.57972 0.561944 1.77972 103079
0 0.576869 0.560979 1.76872 103113
0 0.575229 0.558562 1.76034 103147
0 0.573795 0.557843 1.75168 103181
0 0.573334 0.553996 1.74687 103215
0 0.572391 0.554719 1.73881 103247
0 0.571055 0.55572 1.73405 103280
0 0.570099 0.555976 1.72843 103314
0 0.570101 0.553873 1.72798 103347
0 0.568337 0.552813 1.72429 103380
0 0.568587 0.553478 1.72782 103414
0 0.568667 0.552934 1.72854 103447
0 0.567742 0.553111 1.73047 103480
0 0.569636 0.553966 1.73353 103514
0 0.571532 0.553153 1.74075 103548
0 0.572992 0.553821 1.74858 103581
0 0.575279 0.554472 1.75491 103615
0 0.576326 0.555279 1.75984 103649
0 0.576999 0.557905 1.76359 103683
0 0.57824 0.559919 1.76664 103716
0 0.578054 0.561538 1.76922 103749
0 0.57921 0.562675 1.77177 103782
0 0.579941 0.561063 1.77379 103815
0 0.580804 0.559684 1.77557 103848
0 0.580684 0.560305 1.77466 103881
0 0.579801 0.560079 1.77344 103913
0 0.579872 0.5607 1.77278 103948
0 0.579164 0.561184 1.76857 103981
0 0.578532 0.561462 1.76514 104013
0 0.57819 0.560342 1.76325 104047
0 0.577882 0.560361 1.75989 104081
0 0.577727 0.558504 1.75879 104115
0 0.577297 0.557482 1.75819 104149
0 0.577086 0.560247 1.75576 104183
0 0.577025 0.557784 1.75634 104215
0 0.577304 0.557946 1.75852 104248
0 0.577151 0.558908 1.7581 104282
0 0.577128 0.559007 1.76003 104315
0 0.577352 0.559897 1.75978 104350
0 0.577573 0.559497 1.76184 104383
0 0.577687 0.55979 1.76333 104416
0 0.577731 0.560711 1.76323 104449
0 0.577857 0.559901 1.76533 104482
0 0.577887 0.559441 1.76592 104516
0 0.577798 0.560032 1.76433 104549
0 0.577878 0.559536 1.76511 104582
0 0.57784 0.561338 1.76393 104615
0 0.577834 0.55753 1.7649 104648
0 0.577735 0.558855 1.76232 104682
0 0.577694 0.557361 1.76302 104715
0 0.5766 0.560717 1.75926 104748
0 0.575958 0.563562 1.75511 104781
0 0.576585 0.561944 1.75762 104814
0 0.576012 0.563647 1.75454 104846
0 0.574549 0.56352 1.75287 104880
0 0.574734 0.561596 1.75753 104914
0 0.575294 0.558229 1.76038 104946
0 0.575413 0.558071 1.75967 104980
0 0.575403 0.55985 1.75892 105014
0 0.575475 0.562923 1.75728 105048
0 0.575392 0.564993 1.75443 105080
0 0.576002 0.562493 1.75721 105113
0 0.575917 0.561673 1.75767 105146
0 0.575679 0.563735 1.75548 105179
0 0.575149 0.562331 1.75733 105212
0 0.574946 0.560319 1.75976 105244
0 0.574217 0.559506 1.7597 105278
0 0.57332 0.560716 1.75919 105310
0 0.573019 0.560813 1.75858 105344
0 0.57327 0.560085 1.7591 105377
0 0.573646 0.556582 1.76105 105411
0 0.573556 0.557829 1.75763 105445
0 0.573558 0.557622 1.75904 105478
0 0.574292 0.561368 1.75269 105511
0 0.573427 0.560205 1.75524 105545
0 0.573082 0.562541 1.7567 105577
0 0.573465 0.564469 1.75894 105611
0 0.573801 0.564076 1.75995 105645
0 0.573451 0.564213 1.76097 105679
0 0.573533 0.566148 1.75984 105712
0 0.573303 0.565138 1.76111 105744
0 0.57377 0.565578 1.76125 105779
0 0.57342 0.56455 1.76363 105810
0 0.572269 0.565609 1.76141 105844
0 0.571095 0.567209 1.76013 105878
0 0.571529 0.565894 1.76288 105911
0 0.570783 0.566918 1.76126 105945
0 0.571836 0.566331 1.76384 105978
0 0.572106 0.566048 1.76501 106011
0 0.572858 0.56474 1.76576 106044
0 0.5732 0.564897 1.76577 106077
0 0.57155 0.566534 1.76399 106111
0 0.571935 0.565224 1.76449 106145
0 0.570995 0.566616 1.76364 106178
0 0.570317 0.567622 1.76225 106212
0 0.571584 0.56677 1.76538 106246
0 0.570722 0.567474 1.76432 106279
0 0.571752 0.566384 1.76501 106313
0 0.572307 0.56413 1.76755 106346
0 0.571134 0.565991 1.76587 106377
0 0.570442 0.567433 1.76481 106411

