Gesto: 9
0 0.342926 0.20204 2.10659 144166
0 0.340855 0.204401 2.10645 144217
0 0.339909 0.206815 2.10537 144234
0 0.33936 0.208309 2.10267 144268
0 0.338599 0.208465 2.10258 144317
0 0.334354 0.20914 2.10217 144334
0 0.331614 0.214294 2.10389 144368
0 0.328986 0.222002 2.09927 144403
0 0.31696 0.63076 2.25017 146348
0 0.319913 0.630695 2.25221 146381
0 0.32462 0.632866 2.26035 146415
0 0.327614 0.633861 2.26464 146449
0 0.331387 0.635551 2.2658 146483
0 0.335532 0.638588 2.27715 146517
0 0.310917 0.608648 2.17248 158488
0 0.311095 0.609036 2.17134 158522
0 0.310808 0.609518 2.17334 158555
0 0.310664 0.609645 2.17438 158587
0 0.310238 0.609436 2.17632 158621
0 0.310055 0.609251 2.1766 158654
0 0.309421 0.610431 2.17662 158686
0 0.309105 0.611244 2.17658 158719
0 0.309592 0.611897 2.17394 158753
0 0.309844 0.61248 2.17253 158787
0 0.309943 0.612757 2.17182 158821
0 0.310696 0.611911 2.17133 158854
0 0.309764 0.612532 2.17556 158888
0 0.309143 0.612745 2.17618 158922
0 0.308871 0.613047 2.17649 158954
0 0.308752 0.613667 2.17834 158986
0 0.308857 0.613459 2.17915 159020
0 0.308906 0.613307 2.17952 159053
0 0.308717 0.613024 2.17924 159085
0 0.308811 0.6126 2.17798 159117
0 0.308846 0.612429 2.17736 159151
0 0.308734 0.613255 2.17878 159184
0 0.308651 0.613064 2.17881 159218
0 0.308638 0.613594 2.17953 159251
0 0.308606 0.612896 2.17763 159284
0 0.308616 0.613077 2.17723 159316
0 0.308631 0.613665 2.17874 159350
0 0.308637 0.613975 2.17949 159384
0 0.308072 0.613946 2.18213 159416
0 0.308349 0.613856 2.18124 159450
0 0.308499 0.613958 2.18075 159484
0 0.308567 0.614031 2.1805 159516
0 0.30686 0.611829 2.18096 159550
0 0.30765 0.612445 2.18078 159582
0 0.308097 0.613119 2.18055 159616
0 0.305663 0.611279 2.18409 159650
0 0.304939 0.608738 2.18548 159683
0 0.302861 0.606224 2.18188 159717
0 0.301522 0.604854 2.18106 159749
0 0.300107 0.605233 2.17882 159783
0 0.29941 0.605518 2.17916 159816
0 0.298376 0.604837 2.18067 159849
0 0.297825 0.60419 2.18145 159883
0 0.297448 0.60407 2.18177 159916
0 0.296594 0.603549 2.18575 159951
0 0.296425 0.602582 2.1853 159984
0 0.2962 0.602821 2.18654 160016
0 0.296199 0.603561 2.18625 160050
0 0.296292 0.604049 2.18594 160083
0 0.295728 0.603927 2.19157 160115
0 0.295768 0.603196 2.18998 160149
0 0.295649 0.603985 2.19485 160183
0 0.295681 0.604438 2.1973 160216
0 0.295862 0.604325 2.19909 160249
0 0.295786 0.604421 2.19966 160283
0 0.295622 0.604497 2.20131 160316
0 0.295164 0.604841 2.20225 160351
0 0.29502 0.605686 2.20557 160384
0 0.293865 0.60841 2.19843 160417
0 0.294097 0.608046 2.20049 160449
0 0.294809 0.606721 2.20073 160482
0 0.294683 0.604588 2.20123 160515
0 0.295637 0.604089 2.19897 160549
0 0.294474 0.60665 2.19411 160583
0 0.293744 0.609031 2.19103 160618
0 0.293913 0.607364 2.19777 160651
0 0.294297 0.605011 2.19745 160684
0 0.294898 0.604664 2.19868 160718
0 0.294126 0.607448 2.19407 160752
0 0.294307 0.606095 2.1991 160786
0 0.295458 0.604896 2.19579 160820
0 0.295056 0.60561 2.19923 160853
0 0.295372 0.605209 2.19962 160887
0 0.295159 0.604484 2.19975 160920
0 0.295086 0.604099 2.19991 160953
0 0.293961 0.606797 2.19643 160985
0 0.294625 0.605559 2.19684 161017
0 0.294859 0.605296 2.19955 161051
0 0.295006 0.605053 2.20103 161083
0 0.295232 0.60467 2.20202 161116
0 0.295305 0.604951 2.20161 161149
0 0.293988 0.606844 2.19617 161183
0 0.293075 0.609121 2.19338 161216
0 0.29253 0.610506 2.19161 161250
0 0.291291 0.611508 2.19819 161283
0 0.291308 0.611468 2.19921 161315
0 0.291462 0.611007 2.19952 161364
0 0.291324 0.610848 2.20335 161381
0 0.291435 0.6101 2.19817 161415
0 0.292993 0.607257 2.20113 161465
0 0.2931 0.607893 2.19669 161481
0 0.292856 0.609123 2.19551 161514
0 0.29412 0.606726 2.19652 161565
0 0.294465 0.607781 2.18613 161581
0 0.293805 0.609864 2.18916 161615
0 0.293507 0.610108 2.19045 161663
0 0.294689 0.607584 2.19211 161696
0 0.293898 0.608161 2.18991 161713
0 0.293145 0.608229 2.18877 161763
0 0.292675 0.609051 2.18889 161797
0 0.293466 0.606144 2.19522 161814

