Gesto: 9
0 0.603361 0.588287 2.12034 142032
0 0.60358 0.590171 2.1196 142065
0 0.603366 0.587614 2.11774 142099
0 0.603357 0.585262 2.11965 142132
0 0.603298 0.586043 2.1186 142166
0 0.603428 0.588216 2.11725 142201
0 0.603237 0.585952 2.11777 142234
0 0.603201 0.586084 2.11658 142269
0 0.603263 0.58728 2.11613 142304
0 0.603436 0.588062 2.11636 142336
0 0.603253 0.587273 2.11774 142370
0 0.603222 0.586509 2.11715 142403
0 0.603195 0.587257 2.11659 142436
0 0.603417 0.589604 2.11705 142470
0 0.60346 0.588121 2.1166 142504
0 0.603558 0.587594 2.11754 142536
0 0.60353 0.590513 2.11737 142570
0 0.603557 0.591083 2.11741 142602
0 0.603638 0.592535 2.11806 142636
0 0.603788 0.592703 2.11972 142668
0 0.603786 0.591901 2.12035 142702
0 0.603752 0.590953 2.12108 142736
0 0.603732 0.589643 2.12002 142770
0 0.603781 0.589976 2.11939 142803
0 0.603774 0.590021 2.11868 142836
0 0.603842 0.589213 2.1194 142870
0 0.603666 0.589585 2.11875 142902
0 0.604529 0.590956 2.11697 142936
0 0.604066 0.591763 2.11723 142970
0 0.60382 0.5915 2.11727 143003
0 0.603731 0.591459 2.11668 143036
0 0.60363 0.591041 2.11653 143069
0 0.603641 0.589363 2.11685 143103
0 0.603589 0.590283 2.11649 143137
0 0.603493 0.589658 2.11577 143171
0 0.603489 0.588738 2.11606 143205
0 0.603541 0.589951 2.1162 143240
0 0.603488 0.592484 2.11457 143273
0 0.603384 0.592478 2.11445 143307
0 0.603378 0.593409 2.11423 143341
0 0.60345 0.59323 2.11522 143374
0 0.603506 0.592708 2.11533 143408
0 0.60352 0.591224 2.1158 143442
0 0.603457 0.592526 2.11446 143475
0 0.603403 0.593411 2.11403 143491
0 0.603526 0.590519 2.11554 143541
0 0.603901 0.591814 2.11372 143574
0 0.603785 0.591987 2.11483 143607
0 0.603647 0.593588 2.11361 143641
0 0.603557 0.593302 2.11348 143676
0 0.603624 0.59126 2.1148 143691
0 0.603645 0.592421 2.11568 143741
0 0.603508 0.591662 2.11372 143775
0 0.603472 0.592744 2.11313 143792
0 0.603449 0.596034 2.11259 143843
0 0.603328 0.59459 2.11244 143860
0 0.603248 0.593107 2.11207 143893
0 0.603304 0.593265 2.11208 143943
0 0.603291 0.594052 2.11149 143975
0 0.603023 0.593421 2.11059 144008
0 0.603215 0.593452 2.11176 144041
0 0.603274 0.594321 2.11137 144075
0 0.603002 0.594227 2.11164 144108
0 0.603014 0.595065 2.10957 144141
0 0.602846 0.594092 2.10882 144174
0 0.603093 0.592841 2.10978 144207
0 0.602981 0.592122 2.11052 144240
0 0.602796 0.590572 2.10968 144273
0 0.602839 0.588663 2.11076 144306
0 0.603046 0.590067 2.11046 144340
0 0.604122 0.590429 2.11117 144372
0 0.603567 0.590246 2.11066 144407
0 0.603304 0.589631 2.11153 144440
0 0.603142 0.587709 2.11381 144473
0 0.603291 0.58778 2.11388 144506
0 0.604079 0.589783 2.11397 144539
0 0.603789 0.588893 2.11085 144573
0 0.603301 0.589462 2.11265 144607
0 0.603079 0.589425 2.11129 144641
0 0.602982 0.589675 2.11021 144675
0 0.603872 0.589673 2.10889 144709
0 0.604316 0.588254 2.11034 144742
0 0.603743 0.589186 2.10858 144775
0 0.603099 0.587694 2.10868 144809
0 0.602825 0.586725 2.10972 144841
0 0.602675 0.58948 2.10869 144873
0 0.602968 0.590652 2.10873 144906
0 0.603963 0.59275 2.10472 144941
0 0.604502 0.590708 2.10488 144974
0 0.603803 0.591447 2.10493 145007
0 0.603366 0.58797 2.10672 145039
0 0.603974 0.588133 2.10758 145071
0 0.604596 0.589145 2.10816 145103
0 0.603779 0.589136 2.10822 145137
0 0.603339 0.589207 2.10537 145171
0 0.604135 0.590933 2.10402 145205
0 0.604607 0.591279 2.10296 145239
0 0.603922 0.591306 2.10433 145272
0 0.603528 0.591305 2.10442 145305
0 0.604262 0.592058 2.10361 145339
0 0.605073 0.591848 2.10406 145374

