Gesto: 9
0 0.570383 0.628258 1.93043 134145
0 0.571074 0.628294 1.93347 134178
0 0.569189 0.632522 1.93116 134212
0 0.570953 0.631533 1.93441 134246
0 0.571554 0.63043 1.9363 134280
0 0.569344 0.633496 1.93509 134313
0 0.567231 0.635579 1.93363 134347
0 0.569477 0.632635 1.93605 134380
0 0.570692 0.630503 1.93509 134414
0 0.571291 0.629425 1.93275 134448
0 0.571375 0.628685 1.92892 134482
0 0.571643 0.628699 1.93325 134514
0 0.571496 0.628186 1.92985 134548
0 0.571447 0.628047 1.92869 134582
0 0.570868 0.627326 1.9265 134616
0 0.570998 0.627536 1.92601 134648
0 0.570719 0.627246 1.92675 134682
0 0.571091 0.627588 1.92821 134714
0 0.571597 0.628017 1.9273 134748
0 0.571795 0.628232 1.92809 134781
0 0.573122 0.628478 1.92795 134813
0 0.572863 0.629011 1.92679 134846
0 0.572652 0.629188 1.92617 134880
0 0.5726 0.629305 1.9258 134913
0 0.574653 0.629937 1.92964 134946
0 0.573853 0.629934 1.92757 134978
0 0.575232 0.630252 1.92686 135012
0 0.574329 0.630363 1.92647 135045
0 0.575535 0.630578 1.92631 135079
0 0.576392 0.630935 1.92788 135113
0 0.573447 0.630847 1.92935 135147
0 0.571343 0.629983 1.9258 135181
0 0.570171 0.629343 1.92396 135214
0 0.57109 0.62792 1.92386 135247
0 0.57112 0.627747 1.923 135280
0 0.571637 0.62715 1.92346 135313
0 0.571103 0.628257 1.91994 135345
0 0.567618 0.631284 1.9175 135378
0 0.568951 0.630004 1.92385 135411
0 0.57012 0.628733 1.92378 135444
0 0.569546 0.628512 1.92295 135478
0 0.569669 0.629755 1.9208 135509
0 0.569916 0.630735 1.91807 135541
0 0.569196 0.631835 1.91563 135575
0 0.570707 0.630524 1.91869 135607
0 0.570605 0.631206 1.91859 135639
0 0.571255 0.630057 1.92055 135672
0 0.570345 0.629645 1.92275 135706
0 0.570784 0.628739 1.92245 135740
0 0.568141 0.630029 1.92176 135773
0 0.5691 0.628681 1.92654 135807
0 0.570092 0.628127 1.926 135840
0 0.570776 0.628095 1.92539 135872
0 0.571169 0.628026 1.92468 135905
0 0.569798 0.630145 1.92004 135939
0 0.568982 0.632237 1.91731 135972
0 0.569462 0.631478 1.92314 136006
0 0.5706 0.629899 1.92387 136039
0 0.569967 0.629329 1.92412 136071
0 0.570794 0.628706 1.92442 136105
0 0.571222 0.628352 1.92399 136138
0 0.570678 0.629999 1.92383 136171
0 0.569675 0.631771 1.92268 136204
0 0.570031 0.63234 1.92625 136237
0 0.567182 0.632106 1.92586 136269
0 0.564489 0.631972 1.92345 136303
0 0.563938 0.630651 1.92342 136353
0 0.563542 0.629497 1.92247 136369
0 0.564808 0.628377 1.92174 136403
0 0.564736 0.631702 1.92139 136437
0 0.564438 0.631975 1.92101 136472
0 0.564218 0.634139 1.92236 136505
0 0.563171 0.634814 1.92126 136538
0 0.564749 0.63595 1.92405 136571
0 0.563847 0.632708 1.92076 136604
0 0.562326 0.633681 1.91708 136638
0 0.562696 0.63157 1.91651 136671
0 0.561811 0.633618 1.91639 136704
0 0.562499 0.631624 1.91913 136737
0 0.56281 0.630184 1.92107 136771
0 0.562739 0.629046 1.92012 136804
0 0.565107 0.630589 1.9254 136837
0 0.561504 0.630336 1.92113 136870
0 0.55972 0.630539 1.91937 136905
0 0.558182 0.632369 1.92022 136940
0 0.560107 0.630252 1.92028 136972
0 0.56135 0.629031 1.91974 137006
0 0.561977 0.628428 1.91947 137039
0 0.562372 0.628309 1.9198 137072
0 0.562518 0.627937 1.91888 137105
0 0.562658 0.628077 1.91951 137139
0 0.562775 0.628168 1.91983 137172
0 0.562703 0.628034 1.91952 137206
0 0.562654 0.627914 1.91934 137239
0 0.562743 0.629494 1.92308 137272
0 0.562926 0.629129 1.92304 137305
0 0.562945 0.628794 1.92028 137338
0 0.562884 0.62842 1.91692 137372
0 0.562942 0.628626 1.91714 137406
0 0.565247 0.630671 1.92415 137440
0 0.564142 0.629816 1.91756 137474

