Gesto: 8
0 0.291104 0.0986013 1.79636 95433
0 0.265716 0.0564468 1.82693 96534
0 0.265946 0.0568339 1.82556 96567
0 0.265466 0.057765 1.82283 96617
0 0.264935 0.0623925 1.82717 96634
0 0.266689 0.0699251 1.82492 96667
0 0.26578 0.0776225 1.8271 96701
0 0.265527 0.090018 1.82361 96735
0 0.266349 0.105803 1.81467 96769
0 0.268561 0.122229 1.80953 96816
0 0.267946 0.139279 1.80659 96833
0 0.268639 0.150492 1.8017 96867
0 0.272442 0.16033 1.79544 96901
0 0.272981 0.172409 1.79229 96935
0 0.272094 0.175759 1.79439 96968
0 0.273518 0.176109 1.78981 97002

1 0.268404 0.13108 1.80015 97615
1 0.269655 0.129693 1.80021 97649
1 0.26935 0.124679 1.80316 97666
1 0.275571 0.126565 1.79573 97716
1 0.279737 0.123041 1.79311 97749
1 0.284558 0.121902 1.7912 97766
1 0.290349 0.119347 1.78825 97817
1 0.2928 0.117796 1.7899 97834
1 0.297819 0.113328 1.78453 97886
1 0.303347 0.114197 1.78104 97902
1 0.30661 0.116248 1.77732 97935

2 0.297127 0.0699855 1.78613 98641
2 0.298116 0.0782119 1.7834 98674
2 0.298241 0.0870237 1.78205 98708
2 0.298401 0.0918832 1.78324 98742
2 0.298751 0.0986498 1.78098 98775
2 0.301576 0.103409 1.77724 98809
2 0.300309 0.111975 1.77978 98842
2 0.303223 0.123332 1.7733 98877
2 0.303473 0.131367 1.77573 98909
2 0.3034 0.139768 1.77847 98943
2 0.304501 0.145905 1.77883 98977
2 0.306503 0.148707 1.77754 99010
2 0.305861 0.156866 1.77763 99045
2 0.307234 0.161397 1.78046 99077
2 0.308063 0.164135 1.7819 99110
2 0.309655 0.164735 1.7826 99141
2 0.310654 0.165255 1.78224 99174
2 0.310013 0.166508 1.78194 99207

3 0.329357 0.0878776 1.77193 100145
3 0.326831 0.0861532 1.77444 100179
3 0.324382 0.0853702 1.77747 100212
3 0.323127 0.0847994 1.77924 100245
3 0.322069 0.0905712 1.78041 100279
3 0.321781 0.0946116 1.78301 100313
3 0.319669 0.096105 1.79053 100347
3 0.31676 0.100729 1.78915 100381
3 0.312863 0.101845 1.78927 100416
3 0.313088 0.107442 1.79233 100449
3 0.312843 0.112197 1.79718 100482
3 0.315105 0.121595 1.79151 100515
3 0.315898 0.126907 1.79204 100549
3 0.316174 0.13686 1.78842 100580
3 0.316373 0.142245 1.79216 100614
3 0.318109 0.144559 1.79472 100648
3 0.319865 0.150813 1.79767 100681
3 0.320593 0.155467 1.79996 100714
3 0.322166 0.158181 1.79941 100748
3 0.325536 0.16176 1.79593 100781
3 0.328088 0.16375 1.7966 100814
3 0.331707 0.166812 1.79562 100848
3 0.33364 0.169111 1.79499 100881
3 0.337092 0.170828 1.79073 100915
3 0.34202 0.16988 1.78545 100949
3 0.344679 0.169314 1.78162 100982
3 0.346367 0.16945 1.77875 101016
3 0.348704 0.166521 1.77389 101049
3 0.351226 0.162315 1.77217 101083
3 0.351525 0.154921 1.77097 101116
3 0.352819 0.147256 1.77242 101150
3 0.354213 0.138753 1.77192 101184
3 0.354778 0.131904 1.77111 101217
3 0.354203 0.127922 1.7709 101252
3 0.352782 0.121294 1.77063 101268
3 0.350589 0.114015 1.77177 101319
3 0.349666 0.109909 1.7702 101335
3 0.34955 0.10417 1.7677 101385
3 0.348079 0.0971091 1.76967 101418
3 0.34669 0.0943748 1.76597 101452
3 0.343824 0.0913724 1.77046 101485
3 0.339153 0.0886416 1.77502 101518
3 0.337571 0.085729 1.77806 101551
3 0.335734 0.0847733 1.78023 101584
3 0.333123 0.0845699 1.78197 101618
3 0.331309 0.0857354 1.78334 101636
3 0.32894 0.0849405 1.78716 101685
3 0.325967 0.0863707 1.78835 101719
3 0.324444 0.0871407 1.79006 101736
3 0.323838 0.0876275 1.79102 101784

4 0.364083 0.0845842 1.75637 102846
4 0.364751 0.0807631 1.76303 102880
4 0.364985 0.0833177 1.75624 102914
4 0.365808 0.0839758 1.75633 102948
4 0.366879 0.0807739 1.75848 102981
4 0.370901 0.0840432 1.75249 103016
4 0.373725 0.0843976 1.74959 103048
4 0.376682 0.0824612 1.7487 103082
4 0.378844 0.0829381 1.74607 103116
4 0.383297 0.08892 1.73466 103150
4 0.385981 0.0860294 1.73673 103183
4 0.38803 0.0855948 1.73772 103216
4 0.391878 0.0852401 1.73789 103250
4 0.397128 0.0881613 1.72981 103283
4 0.399041 0.0854871 1.73342 103317
4 0.401809 0.0835285 1.73626 103351
4 0.405387 0.0860207 1.72863 103385
4 0.407662 0.0869163 1.72364 103420
4 0.410756 0.0862843 1.72956 103451
4 0.411424 0.0900936 1.72768 103484
4 0.41154 0.086208 1.73442 103516
4 0.410945 0.0887601 1.73827 103549
4 0.408384 0.0887569 1.74418 103582
4 0.407683 0.090017 1.74668 103616
4 0.405872 0.0934496 1.74434 103649
4 0.40801 0.100254 1.74155 103682
4 0.409491 0.105123 1.74154 103715
4 0.410551 0.109176 1.73674 103748
4 0.407872 0.112325 1.73726 103782
4 0.406009 0.116451 1.73858 103816
4 0.405513 0.120441 1.74424 103850
4 0.4033 0.125198 1.74806 103883
4 0.400653 0.131588 1.75275 103917
4 0.399175 0.135034 1.75775 103951
4 0.396924 0.136991 1.76118 103985
4 0.393094 0.144168 1.76054 104020
4 0.39038 0.148396 1.76426 104053
4 0.387715 0.151411 1.76615 104087
4 0.386233 0.152461 1.7696 104121
4 0.381014 0.152038 1.77347 104154
4 0.376488 0.152141 1.77719 104171
4 0.374177 0.152128 1.77838 104223
4 0.371668 0.152666 1.77691 104239
4 0.366083 0.152959 1.77993 104273
4 0.36281 0.152533 1.78306 104307
4 0.360647 0.151432 1.78719 104341
4 0.356125 0.148896 1.79139 104376
4 0.353111 0.143672 1.79597 104407
4 0.352263 0.138927 1.79735 104441
4 0.351067 0.135788 1.79208 104475
4 0.352241 0.130232 1.79222 104508
4 0.351672 0.130415 1.7964 104540
4 0.353656 0.13157 1.79644 104573
4 0.355788 0.126481 1.79261 104607
4 0.355599 0.123273 1.79465 104641
4 0.355553 0.12189 1.79335 104676

5 0.428643 0.0847146 1.77939 105580
5 0.428926 0.0842515 1.78045 105613
5 0.429107 0.084248 1.77972 105646
5 0.428328 0.0867905 1.77607 105680
5 0.427514 0.0882439 1.77381 105713
5 0.426984 0.0913113 1.77625 105746
5 0.430205 0.0954484 1.77612 105780
5 0.432187 0.0976476 1.77994 105814
5 0.43161 0.101876 1.77665 105848
5 0.431669 0.107639 1.77899 105881
5 0.430853 0.112975 1.78338 105915
5 0.431929 0.121149 1.78398 105948
5 0.43403 0.127896 1.78911 105982
5 0.433561 0.136228 1.79231 106014
5 0.434789 0.140931 1.793 106048
5 0.4355 0.149883 1.79277 106081
5 0.435868 0.155919 1.79276 106114
5 0.434855 0.160189 1.79346 106147
5 0.435658 0.161537 1.79531 106181
5 0.435149 0.162951 1.79735 106215
5 0.435909 0.162133 1.80036 106248
5 0.439701 0.159314 1.80582 106282
5 0.444209 0.156093 1.80613 106314
5 0.446671 0.15453 1.80523 106346
5 0.451478 0.151473 1.80502 106379
5 0.45516 0.148688 1.80696 106411
5 0.458439 0.146088 1.80797 106444
5 0.461922 0.145428 1.81256 106477
5 0.46387 0.146162 1.80991 106511
5 0.467616 0.145275 1.81204 106545
5 0.469667 0.144806 1.81281 106578
5 0.469001 0.145109 1.81311 106612

6 0.434974 0.131138 1.79821 107420
6 0.434773 0.13118 1.79962 107453
6 0.435852 0.130768 1.79689 107488
6 0.438055 0.129797 1.79653 107521
6 0.438991 0.125786 1.79871 107554
6 0.442298 0.123405 1.80047 107588
6 0.444698 0.120113 1.79875 107621
6 0.445597 0.117026 1.80072 107654
6 0.45131 0.116431 1.79682 107688
6 0.455274 0.115735 1.7955 107722
6 0.457136 0.114891 1.7969 107756
6 0.45859 0.115097 1.79619 107791
6 0.461986 0.116194 1.79368 107823
6 0.464768 0.116683 1.79416 107857

7 0.432369 0.0852242 1.77855 109317
7 0.431714 0.0848776 1.78074 109350
7 0.431903 0.0839675 1.7823 109383
7 0.432855 0.0835864 1.78271 109415
7 0.433502 0.0843332 1.77971 109449
7 0.434287 0.0851135 1.77909 109482
7 0.434756 0.0854305 1.77956 109516
7 0.434987 0.0865267 1.77632 109548
7 0.437523 0.0854399 1.77352 109580
7 0.440408 0.0851996 1.77538 109613
7 0.444942 0.0844594 1.77595 109647
7 0.448277 0.0842768 1.77513 109682
7 0.452773 0.0816346 1.77432 109716
7 0.457487 0.0793878 1.77311 109749
7 0.460364 0.0779396 1.77357 109782
7 0.46222 0.0771756 1.77157 109816
7 0.463107 0.0768622 1.7704 109850
7 0.462995 0.0766694 1.76831 109884
7 0.463281 0.0766887 1.76743 109918
7 0.463349 0.0768385 1.76735 109953

8 0.519946 0.0863701 1.77429 111313
8 0.52061 0.0869366 1.77136 111347
8 0.52096 0.0873982 1.76924 111381
8 0.521169 0.0889458 1.76328 111413
8 0.521377 0.0891363 1.76381 111446
8 0.521452 0.0891532 1.76421 111480
8 0.520927 0.0943989 1.76672 111513
8 0.52092 0.0989098 1.76667 111545
8 0.521007 0.100557 1.77101 111580
8 0.521311 0.104434 1.76853 111614
8 0.520956 0.110335 1.77028 111647
8 0.520152 0.113612 1.77377 111681
8 0.52038 0.121702 1.77562 111713
8 0.521077 0.129318 1.77739 111747
8 0.521016 0.138053 1.77966 111781
8 0.52016 0.144805 1.77511 111815
8 0.520277 0.154363 1.77475 111847
8 0.520689 0.161162 1.77355 111882
8 0.521011 0.165516 1.77056 111915
8 0.521204 0.16748 1.77098 111950
8 0.520361 0.168011 1.77336 111984
8 0.519093 0.171223 1.76874 112018

9 0.521538 0.0996222 1.784 112985
9 0.521425 0.100283 1.78307 113019
9 0.51842 0.0993559 1.78151 113054
9 0.518757 0.0990629 1.78344 113087
9 0.520013 0.099833 1.78265 113121
9 0.520689 0.099678 1.78506 113155
9 0.520907 0.100335 1.7833 113190
9 0.522829 0.0987536 1.78732 113224
9 0.524006 0.0985672 1.78528 113259
9 0.528824 0.0983921 1.78733 113293
9 0.532065 0.0987919 1.78965 113325
9 0.535064 0.0977527 1.79094 113359
9 0.541291 0.0928399 1.79606 113392
9 0.545343 0.0929692 1.79555 113424
9 0.548094 0.0894681 1.80134 113457
9 0.550888 0.0859205 1.80175 113491
9 0.552199 0.0839107 1.80004 113524
9 0.554071 0.0822033 1.80119 113555

10 0.521657 0.115786 1.78708 114313
10 0.522799 0.115708 1.78367 114364
10 0.522214 0.116732 1.78158 114381
10 0.523173 0.118626 1.78426 114415
10 0.525989 0.118597 1.78344 114464
10 0.528748 0.118597 1.78168 114481
10 0.531548 0.11866 1.78033 114532
10 0.534289 0.123368 1.78199 114549
10 0.536554 0.12437 1.78277 114583
10 0.541202 0.12802 1.78173 114616
10 0.545401 0.126299 1.78421 114649
10 0.547834 0.128554 1.78255 114682
10 0.551597 0.13171 1.78183 114716
10 0.554762 0.133855 1.78146 114750
10 0.556419 0.134793 1.78237 114784

11 0.522654 0.164947 1.78465 116055
11 0.523259 0.165277 1.78067 116089
11 0.523554 0.165849 1.7818 116123
11 0.525545 0.16794 1.78728 116156
11 0.528059 0.170058 1.78951 116190
11 0.531489 0.170386 1.79247 116223
11 0.53284 0.174628 1.79327 116256
11 0.534066 0.173765 1.79516 116290
11 0.537134 0.172607 1.79687 116324
11 0.539565 0.172349 1.78992 116358
11 0.541921 0.174771 1.79313 116392
11 0.544735 0.179046 1.79633 116426
11 0.548005 0.180635 1.7972 116459
11 0.551887 0.182616 1.79303 116492
11 0.553976 0.183743 1.79106 116526

12 0.531408 0.0975719 1.74549 117685
12 0.531608 0.0992846 1.74621 117718
12 0.528374 0.0916845 1.74619 117768
12 0.529899 0.0933526 1.74539 117785
12 0.531695 0.093958 1.7431 117818
12 0.532456 0.0942754 1.73977 117851
12 0.53479 0.0902288 1.74238 117885
12 0.535519 0.0869567 1.74002 117918
12 0.539209 0.0821163 1.73538 117968
12 0.54241 0.0756687 1.73395 117983
12 0.545646 0.0703407 1.73404 118016
12 0.550351 0.0629639 1.73556 118065
12 0.553894 0.0558393 1.73736 118098
12 0.557068 0.0483981 1.74155 118132
12 0.5599 0.0426898 1.74291 118165
12 0.562078 0.0384046 1.74707 118199
12 0.564124 0.0358248 1.75267 118233
12 0.564476 0.0342201 1.75421 118266

13 0.615591 0.0960498 1.82307 119134
13 0.615062 0.09358 1.82122 119151
13 0.615708 0.094912 1.81997 119185
13 0.616646 0.100252 1.81939 119235
13 0.615441 0.109791 1.81805 119251
13 0.615325 0.117535 1.82542 119302
13 0.61503 0.128443 1.82906 119319
13 0.615178 0.143639 1.82441 119353
13 0.616039 0.158987 1.82298 119387
13 0.615631 0.174853 1.82337 119420
13 0.618688 0.189239 1.82598 119451
13 0.620576 0.206266 1.82257 119502
13 0.624141 0.215462 1.82277 119519

14 0.608125 0.102466 1.81822 120389
14 0.607401 0.105946 1.81427 120421
14 0.608187 0.105115 1.81177 120471
14 0.610756 0.102503 1.81306 120488
14 0.613639 0.0981579 1.81669 120521
14 0.615605 0.0963828 1.8165 120555
14 0.617915 0.0953757 1.81573 120588
14 0.623888 0.0934646 1.81983 120621
14 0.627047 0.0929696 1.8207 120655
14 0.630434 0.0927093 1.82282 120689
14 0.635462 0.0970445 1.82536 120723
14 0.640445 0.101167 1.82978 120756
14 0.642533 0.103408 1.83413 120789
14 0.645689 0.109622 1.83988 120822
14 0.647546 0.114144 1.84557 120856
14 0.646299 0.119416 1.84598 120889
14 0.645938 0.126231 1.84729 120921
14 0.643789 0.133962 1.84374 120955
14 0.642891 0.14151 1.8446 120987
14 0.641944 0.149785 1.84393 121021
14 0.640014 0.155519 1.84403 121055
14 0.636435 0.16162 1.8458 121087
14 0.632525 0.169018 1.84034 121121
14 0.628812 0.178874 1.83473 121155
14 0.624613 0.1854 1.8341 121188
14 0.620079 0.190611 1.83254 121222
14 0.615894 0.199057 1.82621 121255
14 0.611438 0.204612 1.8263 121289
14 0.606749 0.206276 1.82413 121323
14 0.602914 0.208512 1.82114 121357
14 0.599759 0.20954 1.81985 121391
14 0.597817 0.21083 1.81833 121424
14 0.595893 0.211398 1.81585 121458
14 0.595077 0.211496 1.81636 121492
14 0.595286 0.212495 1.81543 121525

15 0.671977 0.116539 1.86467 122634
15 0.671177 0.116503 1.86342 122668
15 0.671343 0.116918 1.86183 122701
15 0.672801 0.121404 1.86914 122735
15 0.67321 0.125498 1.87125 122769
15 0.671698 0.130188 1.87217 122786
15 0.670994 0.137125 1.871 122837
15 0.671048 0.143693 1.87643 122870
15 0.672386 0.153014 1.87533 122902
15 0.672805 0.159123 1.87427 122936
15 0.673741 0.168501 1.87621 122969
15 0.672695 0.176493 1.88019 123002
15 0.673079 0.187342 1.87392 123036
15 0.671927 0.195993 1.87304 123069
15 0.673981 0.206267 1.87431 123102
15 0.678529 0.212629 1.87103 123135
15 0.680259 0.215157 1.86983 123169

16 0.654664 0.117423 1.86145 124199
16 0.654679 0.117965 1.86076 124233
16 0.65741 0.119133 1.85901 124266
16 0.658458 0.121173 1.86093 124300
16 0.659525 0.120196 1.86096 124333
16 0.660271 0.119237 1.86321 124366
16 0.661922 0.119131 1.86067 124399
16 0.663715 0.119194 1.85804 124433
16 0.666425 0.116987 1.86044 124468
16 0.671456 0.117295 1.86348 124500
16 0.676627 0.116364 1.86405 124533
16 0.68168 0.117278 1.86378 124566
16 0.69003 0.116708 1.86615 124598
16 0.69798 0.11593 1.86849 124632
16 0.70177 0.117636 1.8665 124665
16 0.707464 0.116548 1.87111 124699
16 0.710165 0.116227 1.86942 124732

17 0.66484 0.213844 1.85448 126042
17 0.664533 0.212284 1.85378 126058
17 0.666635 0.211682 1.85439 126092
17 0.668036 0.211162 1.85596 126127
17 0.668839 0.210731 1.85761 126159
17 0.670322 0.208496 1.85704 126192
17 0.67438 0.208108 1.85533 126225
17 0.679469 0.207269 1.85433 126258
17 0.687423 0.205636 1.85539 126292
17 0.692976 0.205022 1.85736 126341
17 0.700683 0.204642 1.85863 126357
17 0.707729 0.205385 1.8621 126392
17 0.710195 0.205066 1.86293 126440
17 0.71133 0.204519 1.86362 126457

18 0.732765 0.116389 1.85072 127632
18 0.732587 0.117559 1.84759 127666
18 0.7297 0.118909 1.8493 127699
18 0.729546 0.120336 1.85006 127732
18 0.727561 0.122142 1.8469 127765
18 0.725759 0.121318 1.8492 127798
18 0.72315 0.123136 1.84924 127832
18 0.721986 0.127994 1.85076 127866
18 0.720678 0.131405 1.84879 127899
18 0.720109 0.134696 1.84754 127933
18 0.715547 0.142223 1.84869 127967
18 0.713073 0.147875 1.84811 128001
18 0.712189 0.150117 1.85243 128033
18 0.711856 0.158427 1.85042 128067
18 0.710242 0.166485 1.85061 128101
18 0.709277 0.17546 1.8481 128135
18 0.706656 0.183967 1.84641 128168
18 0.704444 0.190994 1.84762 128203
18 0.701421 0.197362 1.84775 128236
18 0.699773 0.201182 1.84961 128270
18 0.700266 0.205515 1.84778 128303
18 0.699851 0.212063 1.85107 128336
18 0.699143 0.216986 1.85143 128369
18 0.698545 0.220137 1.84994 128401
18 0.69866 0.221206 1.85338 128435
18 0.698966 0.22138 1.85725 128468
18 0.699323 0.223742 1.85533 128502
18 0.69893 0.223482 1.85526 128536

19 0.732357 0.121632 1.83496 129697
19 0.732474 0.121323 1.83648 129730
19 0.732369 0.121629 1.83488 129763
19 0.732255 0.121939 1.83361 129798
19 0.732184 0.119355 1.83338 129831
19 0.732452 0.119575 1.83445 129865
19 0.732362 0.12072 1.83264 129899
19 0.731788 0.12226 1.82922 129933
19 0.731769 0.12279 1.82949 129968
19 0.736009 0.121083 1.83355 130001
19 0.736389 0.122967 1.832 130033
19 0.740869 0.122704 1.83641 130066
19 0.744104 0.122961 1.83671 130099
19 0.744674 0.125329 1.83755 130133
19 0.744732 0.131355 1.83612 130166
19 0.745387 0.134318 1.83883 130199
19 0.748877 0.138127 1.84186 130232
19 0.751722 0.144252 1.84347 130266
19 0.755383 0.148677 1.84308 130301
19 0.757116 0.155136 1.84293 130334
19 0.758204 0.162551 1.84126 130367
19 0.76027 0.167929 1.84354 130401
19 0.760706 0.176445 1.84467 130436
19 0.760383 0.181341 1.84598 130469
19 0.761666 0.186107 1.84704 130502
19 0.762697 0.190208 1.847 130536
19 0.762132 0.196678 1.84816 130569
19 0.761391 0.201193 1.8472 130602
19 0.761875 0.204527 1.84635 130635
19 0.761465 0.212037 1.84567 130668
19 0.761005 0.216872 1.84616 130702
19 0.760283 0.219994 1.84306 130735
19 0.762825 0.219697 1.8443 130766

20 0.725096 0.193842 1.81042 131969
20 0.728147 0.1945 1.80824 132002
20 0.730236 0.196089 1.8076 132035
20 0.734176 0.196306 1.80513 132069
20 0.738195 0.192508 1.80392 132103
20 0.741074 0.19018 1.80366 132136
20 0.745189 0.18905 1.80198 132170
20 0.749995 0.187903 1.80146 132202
20 0.755099 0.184949 1.80116 132236
20 0.759753 0.182026 1.80337 132271
20 0.76369 0.180886 1.80473 132305
20 0.768618 0.180197 1.80501 132338
20 0.774166 0.180227 1.80676 132371
20 0.777461 0.179846 1.80792 132403
20 0.77853 0.180207 1.80463 132437
20 0.779343 0.180002 1.80507 132471
20 0.780604 0.180789 1.80488 132504

21 0.703967 0.19397 1.81242 136512
21 0.704683 0.193841 1.8127 136547
21 0.704375 0.193979 1.81193 136580
21 0.70403 0.194235 1.81078 136614
21 0.704812 0.195361 1.80962 136647
21 0.706809 0.193372 1.81176 136681
21 0.71019 0.192734 1.81619 136698
21 0.711938 0.19249 1.81706 136749
21 0.714154 0.192665 1.81643 136766
21 0.716045 0.192617 1.81997 136799
21 0.717946 0.193744 1.82086 136849
21 0.720792 0.194575 1.82587 136866
21 0.723673 0.193937 1.82425 136899
21 0.724996 0.19158 1.82536 136950
21 0.726387 0.191272 1.8253 136968
21 0.726988 0.191335 1.82423 137001
21 0.727246 0.191413 1.82348 137035

22 0.389258 0.336505 1.92562 142242
22 0.389095 0.336329 1.92485 142276
22 0.389298 0.33619 1.92303 142310
22 0.392625 0.336245 1.91983 142344
22 0.392876 0.335172 1.91751 142378
22 0.392947 0.334329 1.91714 142412
22 0.394735 0.335059 1.91831 142446
22 0.395398 0.335453 1.92095 142477
22 0.39731 0.332063 1.92081 142511
22 0.399197 0.327452 1.91717 142543
22 0.40081 0.323879 1.91718 142577
22 0.402719 0.320716 1.91736 142610
22 0.40429 0.315557 1.9142 142643
22 0.404285 0.309702 1.91063 142677
22 0.405422 0.304346 1.90816 142711
22 0.406883 0.301019 1.90616 142745
22 0.407719 0.299261 1.90454 142778
22 0.411397 0.299566 1.9075 142811
22 0.41089 0.295493 1.9096 142845
22 0.411626 0.292823 1.90958 142879
22 0.413268 0.288942 1.90828 142912
22 0.414101 0.286471 1.90632 142946
22 0.415088 0.285281 1.90515 142980
22 0.414609 0.286654 1.9099 143014
22 0.414888 0.292707 1.90955 143048
22 0.412577 0.292818 1.90299 143081
22 0.413384 0.29557 1.90578 143113
22 0.41428 0.298573 1.90469 143146
22 0.413551 0.302417 1.90434 143179
22 0.414415 0.309855 1.90373 143213
22 0.412807 0.315926 1.90564 143247
22 0.413503 0.325005 1.9089 143280
22 0.41469 0.3309 1.91245 143314
22 0.41618 0.340569 1.91537 143346
22 0.416204 0.347106 1.91309 143380
22 0.415927 0.350496 1.91582 143413
22 0.414655 0.352115 1.9121 143446
22 0.416135 0.354546 1.91876 143480
22 0.417091 0.360429 1.91974 143514
22 0.417369 0.364048 1.92082 143549
22 0.416442 0.366448 1.92229 143583
22 0.415764 0.367926 1.92315 143616
22 0.415998 0.369492 1.92273 143649
22 0.415865 0.370301 1.92015 143682
22 0.415163 0.370081 1.91847 143716
22 0.414886 0.369292 1.91003 143750
22 0.414727 0.3685 1.91065 143783
22 0.414659 0.368741 1.91053 143815
22 0.414867 0.368518 1.90986 143849
22 0.414776 0.368629 1.90828 143880
22 0.414842 0.36841 1.90717 143914
22 0.414614 0.368383 1.90317 143947
22 0.414601 0.367825 1.90437 143981
22 0.414666 0.36791 1.90344 144014
22 0.416865 0.368798 1.90434 144047
22 0.416881 0.37476 1.91525 144080
22 0.416885 0.378592 1.92423 144114

23 0.399389 0.384769 1.92327 145089
23 0.39998 0.386605 1.92342 145122
23 0.400371 0.387565 1.92552 145155
23 0.400644 0.387475 1.9247 145187
23 0.401321 0.388546 1.92482 145219
23 0.401675 0.389156 1.92325 145252
23 0.403532 0.387699 1.91991 145285
23 0.405682 0.383739 1.916 145318
23 0.408542 0.380461 1.91407 145351
23 0.411909 0.376365 1.9104 145382
23 0.413935 0.374291 1.90495 145415
23 0.415648 0.372567 1.90455 145448
23 0.419779 0.372474 1.90504 145481
23 0.424302 0.37312 1.90369 145515
23 0.426421 0.374021 1.90646 145548
23 0.427451 0.373506 1.90747 145579
23 0.427779 0.372523 1.90799 145613
23 0.427733 0.373384 1.90559 145647
23 0.427533 0.373961 1.90428 145680
23 0.42761 0.374082 1.90362 145713
23 0.427867 0.374099 1.90303 145747
23 0.428207 0.375295 1.90246 145780
23 0.428279 0.375855 1.9022 145814
23 0.428328 0.376681 1.90214 145847
23 0.428442 0.376859 1.90017 145881
23 0.427973 0.377108 1.89937 145915

24 0.457324 0.290965 1.84677 147543
24 0.457228 0.290614 1.84781 147577
24 0.457136 0.290428 1.84983 147611
24 0.45723 0.290919 1.84897 147646
24 0.45725 0.291357 1.84551 147679
24 0.456155 0.290893 1.84594 147712
24 0.455858 0.292426 1.84931 147746
24 0.454829 0.293564 1.85136 147780
24 0.457141 0.297513 1.85655 147814
24 0.457318 0.301766 1.85896 147848
24 0.457145 0.304318 1.86021 147883
24 0.457267 0.305343 1.86245 147916
24 0.458746 0.308054 1.86164 147950
24 0.457788 0.31392 1.86627 147984
24 0.457179 0.318312 1.86898 148018
24 0.457108 0.321 1.87022 148051
24 0.455668 0.324334 1.87294 148085
24 0.456205 0.331254 1.87357 148119
24 0.458527 0.333904 1.87329 148153
24 0.456636 0.336097 1.87487 148187
24 0.45578 0.337989 1.87458 148221
24 0.457411 0.340664 1.87874 148253
24 0.458432 0.342806 1.88059 148287
24 0.458401 0.344059 1.88202 148321
24 0.459352 0.344242 1.88209 148354
24 0.459583 0.343834 1.88172 148388
24 0.459779 0.344214 1.88143 148422
24 0.461553 0.344512 1.88003 148456
24 0.462141 0.344953 1.87997 148490
24 0.462766 0.344911 1.87954 148523
24 0.464827 0.344507 1.87986 148555
24 0.467693 0.343212 1.87916 148588
24 0.470383 0.343528 1.8784 148620
24 0.472018 0.347274 1.87786 148652
24 0.474307 0.350954 1.87828 148684
24 0.474029 0.354898 1.88047 148718
24 0.473632 0.357217 1.883 148752
24 0.472603 0.359038 1.88376 148785
24 0.473065 0.360194 1.88358 148818
24 0.472536 0.363196 1.88938 148851
24 0.471637 0.367207 1.89323 148885
24 0.469976 0.369382 1.8924 148920
24 0.467871 0.37098 1.89194 148953
24 0.465188 0.373171 1.89063 148987
24 0.462965 0.374988 1.88922 149020
24 0.45973 0.373769 1.8856 149053
24 0.457845 0.373252 1.88777 149087
24 0.456461 0.373624 1.88888 149122
24 0.455773 0.373154 1.88727 149153
24 0.455049 0.372508 1.88815 149187
24 0.455074 0.371187 1.88639 149220
24 0.454755 0.370129 1.88418 149253
24 0.453799 0.370874 1.88443 149286
24 0.452391 0.371571 1.88483 149320
24 0.451391 0.372062 1.88593 149355
24 0.448575 0.371188 1.88121 149387

25 0.459052 0.293613 1.82789 151226
25 0.460017 0.293266 1.82791 151259
25 0.459549 0.293973 1.82684 151292
25 0.459052 0.294141 1.82524 151326
25 0.459947 0.293214 1.82587 151359
25 0.460252 0.292393 1.8285 151393
25 0.46086 0.292627 1.82858 151411
25 0.461062 0.292707 1.82507 151460
25 0.462108 0.291689 1.82509 151494
25 0.462156 0.291653 1.82741 151528
25 0.463045 0.289724 1.82756 151562
25 0.466685 0.289308 1.82822 151579
25 0.468462 0.285517 1.82556 151630
25 0.471118 0.283987 1.8256 151647
25 0.472857 0.283743 1.82469 151680
25 0.473877 0.283904 1.82387 151730
25 0.475743 0.284118 1.82464 151747
25 0.477645 0.282277 1.82402 151781
25 0.479022 0.281966 1.82369 151815
25 0.479719 0.281582 1.82467 151848
25 0.480029 0.281264 1.82455 151882
25 0.480561 0.281251 1.82373 151917
25 0.479587 0.283142 1.82286 151950
25 0.479978 0.284362 1.81974 151983
25 0.480135 0.284422 1.82102 152017
25 0.480881 0.285014 1.82102 152050
25 0.48239 0.285572 1.81873 152084
25 0.481485 0.285664 1.81887 152118
25 0.479164 0.285313 1.8196 152151

26 0.526241 0.284928 1.86768 157987
26 0.527726 0.286337 1.87213 158020
26 0.529819 0.287622 1.87236 158054
26 0.527962 0.287012 1.87157 158088
26 0.528626 0.287523 1.87327 158122
26 0.527706 0.289294 1.87921 158156
26 0.527171 0.291162 1.87928 158191
26 0.526994 0.29219 1.88086 158224
26 0.526767 0.295663 1.88276 158258
26 0.526717 0.300591 1.88791 158292
26 0.526408 0.304415 1.89293 158325
26 0.526127 0.309691 1.89524 158359
26 0.525112 0.313351 1.89671 158393
26 0.527082 0.31815 1.90083 158427
26 0.528599 0.32642 1.90492 158461
26 0.529173 0.333823 1.90812 158495
26 0.529194 0.33879 1.91062 158529
26 0.528304 0.344341 1.91422 158562
26 0.530444 0.348764 1.91677 158595
26 0.529568 0.353366 1.91872 158628
26 0.528608 0.356421 1.91843 158662
26 0.526667 0.356009 1.91898 158696
26 0.528559 0.356971 1.91936 158731

27 0.523626 0.290559 1.85266 159767
27 0.522974 0.291045 1.84994 159783
27 0.524129 0.28992 1.85151 159834
27 0.524602 0.290015 1.84776 159867
27 0.527228 0.28967 1.85143 159901
27 0.531135 0.291751 1.84906 159935
27 0.533765 0.292096 1.85014 159967
27 0.535027 0.291872 1.8494 160000
27 0.536828 0.290867 1.84809 160034
27 0.537718 0.290041 1.84776 160067
27 0.542667 0.290658 1.84898 160101
27 0.545565 0.291181 1.84942 160135
27 0.547376 0.291663 1.8545 160152
27 0.54988 0.296996 1.85667 160204
27 0.551043 0.300311 1.85861 160220
27 0.551027 0.302627 1.85642 160255
27 0.549565 0.304077 1.85876 160288
27 0.5496 0.305533 1.86203 160321
27 0.548183 0.312507 1.86642 160354
27 0.545371 0.317208 1.86815 160388
27 0.542222 0.31875 1.86843 160420
27 0.538863 0.319854 1.87018 160453
27 0.537458 0.321164 1.87452 160487
27 0.533235 0.32392 1.87562 160521
27 0.531879 0.329619 1.87858 160555
27 0.528767 0.332652 1.88026 160587
27 0.526257 0.334959 1.88437 160621
27 0.524836 0.336224 1.88909 160656
27 0.522567 0.337038 1.89128 160689
27 0.519832 0.339376 1.89239 160723
27 0.518191 0.341486 1.89699 160756
27 0.516097 0.342383 1.89726 160791
27 0.515624 0.345432 1.90123 160824
27 0.515142 0.344665 1.90127 160858
27 0.51512 0.346489 1.90641 160892

28 0.562476 0.294773 1.84413 162590
28 0.562833 0.296217 1.84442 162625
28 0.562415 0.300651 1.85 162658
28 0.561599 0.304691 1.8478 162692
28 0.561649 0.306551 1.85044 162725
28 0.562627 0.306501 1.85368 162759
28 0.562096 0.307231 1.85529 162793
28 0.563529 0.309546 1.85966 162826
28 0.564796 0.314368 1.85355 162858
28 0.562685 0.318069 1.859 162892
28 0.561325 0.3224 1.86657 162925
28 0.559744 0.329033 1.87153 162958
28 0.558096 0.329375 1.8715 162993
28 0.558796 0.331976 1.87878 163026
28 0.558208 0.336765 1.88233 163059
28 0.558243 0.343931 1.8882 163093
28 0.559299 0.350312 1.89525 163126
28 0.557968 0.356492 1.90079 163159
28 0.560047 0.36037 1.90193 163192
28 0.56019 0.364735 1.90889 163224
28 0.561373 0.364968 1.91044 163259
28 0.562212 0.362538 1.90826 163292
28 0.562734 0.360591 1.90786 163325
28 0.563417 0.359651 1.91 163358
28 0.564269 0.358658 1.91134 163392
28 0.566393 0.357081 1.91082 163425
28 0.568909 0.356329 1.9105 163459
28 0.57123 0.356538 1.91288 163491
28 0.573858 0.355719 1.91201 163524
28 0.575231 0.355032 1.91256 163557
28 0.576691 0.35513 1.91149 163607
28 0.576815 0.354836 1.91236 163623
28 0.577098 0.354685 1.91006 163657

29 0.56316 0.336572 1.87373 164392
29 0.562156 0.338657 1.87103 164426
29 0.561465 0.336268 1.86972 164460
29 0.561222 0.331772 1.86678 164494
29 0.561749 0.330638 1.86178 164527
29 0.563527 0.329615 1.86442 164560
29 0.564461 0.329643 1.86483 164593
29 0.56507 0.329947 1.86496 164627
29 0.565354 0.329985 1.85991 164661
29 0.56645 0.329767 1.86193 164695
29 0.56918 0.328517 1.86254 164729
29 0.571114 0.328242 1.86224 164764
29 0.573923 0.327554 1.86327 164798
29 0.576328 0.325482 1.86429 164831
29 0.576173 0.325304 1.86495 164864
29 0.577869 0.327406 1.86397 164897
29 0.579414 0.328571 1.86534 164931
29 0.579427 0.32906 1.86504 164965
29 0.579527 0.329217 1.86668 164998
29 0.579107 0.329464 1.86488 165031

30 0.561115 0.293953 1.836 166190
30 0.560716 0.293934 1.83546 166241
30 0.56061 0.293987 1.83365 166274
30 0.560738 0.293858 1.83205 166291
30 0.560879 0.293694 1.82847 166340
30 0.562543 0.294938 1.83005 166373
30 0.564402 0.296753 1.83282 166391
30 0.567039 0.296368 1.83095 166440
30 0.569378 0.295928 1.83165 166475
30 0.571441 0.295989 1.83052 166491
30 0.573843 0.293825 1.83206 166541
30 0.576347 0.293783 1.83285 166558
30 0.579982 0.294454 1.8344 166592
30 0.584896 0.293659 1.83389 166641
30 0.585812 0.294059 1.83275 166673
30 0.588946 0.294005 1.83114 166690
30 0.589107 0.292781 1.83065 166739
30 0.590853 0.293625 1.82758 166774
30 0.59264 0.293912 1.82715 166790
30 0.594034 0.295268 1.82497 166841

31 0.545459 0.31769 1.77291 171832
31 0.54595 0.317411 1.77449 171866
31 0.545899 0.317046 1.77441 171899
31 0.545942 0.316693 1.77472 171932
31 0.54569 0.316652 1.7738 171965
31 0.544714 0.316779 1.77184 171999
31 0.545147 0.316969 1.77061 172032
31 0.543196 0.317403 1.77025 172065
31 0.542601 0.318627 1.77324 172099
31 0.545683 0.322465 1.77479 172133
31 0.545438 0.326218 1.77582 172166
31 0.54349 0.327467 1.77669 172198
31 0.544321 0.328878 1.77887 172231
31 0.544261 0.33017 1.77783 172264
31 0.542675 0.332054 1.77767 172298
31 0.541866 0.33332 1.78011 172332
31 0.542508 0.337963 1.78202 172365
31 0.543234 0.340875 1.78478 172398
31 0.542754 0.34286 1.78493 172431
31 0.541192 0.345822 1.78685 172464
31 0.541078 0.352971 1.79827 172498
31 0.539777 0.357031 1.80343 172531
31 0.538756 0.358964 1.80727 172564
31 0.536332 0.356218 1.80485 172598
31 0.537682 0.357545 1.79968 172633
31 0.536116 0.358933 1.80743 172666
31 0.535456 0.360418 1.80949 172699
31 0.533762 0.360611 1.81028 172732
31 0.533417 0.361169 1.80924 172766
31 0.532569 0.360978 1.80916 172799
31 0.532275 0.361664 1.81051 172833
31 0.530661 0.361591 1.81207 172867
31 0.529089 0.36223 1.81339 172900
31 0.528628 0.363084 1.81518 172935
31 0.52784 0.363694 1.81537 172968
31 0.527777 0.363458 1.81522 173002
31 0.528176 0.364387 1.81544 173036
31 0.528872 0.364291 1.81577 173069
31 0.530028 0.363926 1.81485 173103
31 0.530351 0.363388 1.81531 173137

