Gesto: 1
0 0.652964 0.346539 1.46696 503121
0 0.649796 0.358622 1.46571 503170
0 0.646733 0.374005 1.4606 503237
0 0.643346 0.385258 1.45848 503287
0 0.642451 0.394289 1.45849 503339
0 0.639967 0.400925 1.4594 503404
0 0.635965 0.403771 1.46071 503455
0 0.633724 0.41089 1.45452 503505
0 0.631914 0.413256 1.45026 503572
0 0.62923 0.412629 1.44581 503622
0 0.624939 0.409159 1.44524 503672
0 0.624203 0.408203 1.44024 503738
0 0.622431 0.404932 1.43499 503789
0 0.621298 0.402308 1.43171 503839
0 0.617381 0.392895 1.43918 503905
0 0.61271 0.388217 1.44803 503953
0 0.610157 0.386112 1.44783 504020
0 0.608796 0.381621 1.45175 504069
0 0.608294 0.378308 1.45325 504134
0 0.607061 0.376506 1.44784 504183
0 0.605797 0.374649 1.44498 504233
0 0.605661 0.373676 1.44273 504297
0 0.603505 0.371777 1.44379 504346
0 0.603028 0.37079 1.44055 504410
0 0.602446 0.370342 1.43522 504461
0 0.60013 0.369981 1.44739 504513
0 0.599841 0.368246 1.44416 504579
0 0.595838 0.366792 1.45242 504629
0 0.596114 0.367091 1.45418 504679
0 0.59616 0.367134 1.45469 504744
0 0.593585 0.367148 1.45555 504793
0 0.593137 0.366881 1.45591 504858
0 0.592538 0.36719 1.45571 504907
0 0.592364 0.366885 1.45571 504958
0 0.591506 0.366882 1.45416 505025
0 0.591437 0.366652 1.45614 505075
0 0.591912 0.366966 1.45832 505127
0 0.594348 0.367615 1.45214 505193
0 0.595549 0.367015 1.44607 505243
0 0.595958 0.36653 1.43775 505295
0 0.59675 0.3668 1.43324 505364
0 0.597744 0.3694 1.43106 505413
0 0.599478 0.369598 1.42626 505463
0 0.60039 0.36993 1.41945 505529
0 0.602474 0.370006 1.41742 505580
0 0.60283 0.370157 1.41803 505631
0 0.601768 0.36994 1.41908 505697
0 0.599957 0.370526 1.42185 505748
0 0.598611 0.372924 1.42133 505798
0 0.597976 0.374825 1.42295 505866
0 0.598023 0.376373 1.424 505916
0 0.595726 0.379459 1.43151 505967
0 0.592503 0.386449 1.44096 506035
0 0.586279 0.388623 1.45793 506085
0 0.582732 0.389823 1.48045 506134
0 0.579007 0.392871 1.50538 506202
0 0.575298 0.39445 1.52873 506253
0 0.570472 0.396284 1.55522 506303
0 0.56844 0.396343 1.58099 506371
0 0.568067 0.396212 1.60381 506421
0 0.566592 0.39823 1.62637 506472
0 0.566276 0.398782 1.64982 506539
0 0.566001 0.398612 1.66989 506589
0 0.564504 0.398689 1.68399 506640
0 0.563409 0.398021 1.69933 506707
0 0.563904 0.395286 1.70803 506757

